time,gravity,q1,q2,q1_dot,q2_dot,q1_ddot,q2_ddot,weight_x,weight_y,weight_z,weight_vx,weight_vy,weight_vz,weight_ax,weight_ay,weight_az,kinetic energy,potential energy,total energy
0.002,7.23,1.5707812373270533,1.570811416100339,-0.015089437851745647,0.015089134256663783,-7.544673940041585,7.544250356983744,0.0,1.0000000000697618,2.9999849105621514,0.0,7.59039901401785e-08,-0.015089437849820102,0.0,-4.581079766789009e-09,-2.3044081357468844e-14,0.0003818359479150222,75.91461816177525,75.91499999772317
0.004,7.23,1.5707359691634333,1.5708566821672547,-0.03017869579511259,0.030176521520840355,-7.544584020289296,7.543016942458378,0.0,1.0000000006987697,2.9999396423985614,0.0,3.5275911949893605e-07,-0.03017869573795608,0.0,-6.561671764777834e-08,-7.669945627480673e-13,0.0015273255774568343,75.91347265089561,75.91499997647307
0.006,7.23,1.570660522663674,1.570932120062038,-0.04526777405009251,0.04526072222543763,-7.54449427858481,7.5410638305942,0.0,1.0000000021438544,2.9998641958991454,0.0,9.042721820025937e-07,-0.04526777362586855,0.0,-3.192202608339301e-07,-6.3767660452993295e-12,0.00343644157032487,75.91156347722787,75.9149999187982
0.008,7.23,1.5705548981866762,1.5710377219723206,-0.060356673159827685,0.06034029719969609,-7.544404914697067,7.538391258163212,0.0,1.0000000050280222,2.999758571423982,0.0,1.8041295438319875e-06,-0.06035667138710484,0.0,-9.883981463268363e-07,-2.9544344574939506e-11,0.006109156612118566,75.90889064988386,75.91499980649597
0.01,7.23,1.570419096089803,1.5711734772079167,-0.07544539414328677,0.07541380782343222,-7.5443162046531285,7.534999538915313,0.0,1.0000000101216298,2.9996227693335316,0.0,3.1259966474923773e-06,-0.07544538875346271,0.0,-2.3830416600054035e-06,-9.873870839680254e-11,0.009545443389963666,75.90545417798504,75.914999621375
0.012,7.23,1.5702531167277773,1.5713393722020792,-0.0905339386475853,0.0904798161806406,-7.544228500533378,7.5308890632080585,0.0,1.000000018342344,2.9994567899889804,0.0,4.9435161478594585e-06,-0.09053392526218715,0.0,-4.899918561862696e-06,-2.6755524477277423e-10,0.013745274587446432,75.90125407067126,75.9149993452587
0.014,7.23,1.570056960451273,1.5715353905130605,-0.10562230909984247,0.10553688521225672,-7.544142230212637,7.526060297537794,0.0,1.000000030755091,2.9992606337526775,0.0,7.330306071863071e-06,-0.10562228020331253,0.0,-9.022664602920331e-06,-6.261831594229932e-10,0.01870862287685265,75.89629033711184,75.9149989599887
0.016,7.23,1.5698306276052036,1.5717615128259783,-0.12071050885846601,0.12058357886788369,-7.5440578970472245,7.520513783972451,0.0,1.000000048572009,2.999034300988681,0.0,1.035995800527894e-05,-0.12071045256718702,0.0,-1.532177496575694e-05,-1.3149892311374268e-09,0.024435460908708313,75.89056298651954,75.91499844742825
0.018000000000000002,7.23,1.569574118526709,1.5720177169549838,-0.13579854236375744,0.13561846225628688,-7.543976079508197,7.514250139486787,0.0,1.0000000731523897,2.998777792063416,0.0,1.4106035313115987e-05,-0.135798440992214,0.0,-2.4454595667065006e-05,-2.5402161286032022e-09,0.03092576129861825,75.88407202816718,75.9149977894658
0.020000000000000004,7.23,1.569287433542841,1.572303977845729,-0.15088641528772995,0.15064010179446172,-7.543897430760854,7.507270055200475,0.0,1.0000001060026225,2.998491107346422,0.0,1.8642071396201196e-05,-0.15088624371284734,0.0,-3.716531496697254e-05,-4.59179338041679e-09,0.038179496611399265,75.87681747140681,75.91499696801822
0.022000000000000006,7.23,1.5689705729679528,1.5726202675781316,-0.16597413468303188,0.16564706535508159,-7.543822678190851,7.499574295520088,0.0,1.000000148776132,2.9981742472112183,0.0,2.404156799043551e-05,-0.16597385850787555,0.0,-5.428495483608995e-05,-7.863258975133424e-09,0.046196639342503114,75.86879932569178,75.91499596503428
0.024000000000000007,7.23,1.568623537100787,1.5729665553694312,-0.18106170913086908,0.18063792241213375,-7.543752622876981,7.491163697185583,0.0,1.0000002032733144,2.9978272120362663,0.0,3.0377993512358914e-05,-0.18106128264903024,0.0,-7.673136253728343e-05,-1.2873789466466815e-08,0.05497716189672577,75.86001760060148,75.91499476249821
0.02600000000000001,7.23,1.5682463262212738,1.5733428075775373,-0.1961491488878199,0.19561124418455406,-7.543688139011028,7.482039168222398,0.0,1.0000002714414662,2.9974500022060324,0.0,3.772478145601065e-05,-0.19614851284995383,0.0,-0.00010550920238532094,-2.0292336371823616e-08,0.0645210365641973,75.85047230586852,75.91499334243272
0.02800000000000001,7.23,1.5678389405870325,1.5737489877046595,-0.21123646603143686,0.21056560377767178,-7.543630173264804,7.472201686800016,0.0,1.0000003553747163,2.9970426181121566,0.0,4.6155328846053396e-05,-0.21123554521556268,0.0,-0.00014170994775317619,-3.096386658140437e-08,0.07482823549364884,75.84016345140896,75.91499168690261
0.030000000000000013,7.23,1.5674013804295868,1.5741850564012214,-0.22632367460453023,0.2254995763222795,-7.543579744104824,7.461652299998355,0.0,1.0000004573139498,2.9966050601547205,0.0,5.574299475173114e-05,-0.22632237519183823,0.0,-0.00018651187339950324,-4.593770444142539e-08,0.08589873066294951,75.82909104735506,75.91498977801801
0.032000000000000015,7.23,1.5669336459502898,1.574650971470047,-0.24141079075802843,0.24041173911114405,-7.5435379410547805,7.450392122482943,0.0,1.0000005796467297,2.996137328743613,0.0,6.656109886625592e-05,-0.2414089975160824,0.0,-0.0002411800481973323,-6.649797314021635e-08,0.09773249384690956,75.81725510409079,75.9149875979377
0.034000000000000016,7.23,1.566435737315967,1.5751466878708196,-0.25649783289231176,0.2553006717327782,-7.543505923906223,7.438422335090334,0.0,1.0000007249072194,2.995639424299999,0.0,7.868292015756695e-05,-0.2564954061676706,0.0,-0.00030706632834926194,-9.419613301295656e-08,0.1103294965823429,75.80465563228996,75.9149851288723
0.03600000000000002,7.23,1.565907654654277,1.5756721577248047,-0.2715848217969159,0.2701649562022942,-7.543484921877789,7.425744183325087,0.0,1.000000895776097,2.995111347257884,0.0,9.218169559331612e-05,-0.2715815943193359,0.0,-0.0003856093511794346,-1.3088561438579045e-07,0.1236897101303822,75.79129264295725,75.91498235308762
0.03800000000000002,7.23,1.565349398048795,1.5762273303198315,-0.2866717807885027,0.28500317708916406,-7.5434762327233065,7.412358975769754,0.0,1.0000010950804736,2.994553098065774,0.0,0.00010713061894695357,-0.28666755428901847,0.0,-0.0004783345295975803,-1.7875854261422324e-07,0.1378131054360415,75.77716614747173,75.91497925290777
0.04000000000000002,7.23,1.5647609675338223,1.5768121521155265,-0.30175873584699614,0.29981392164171433,-7.543481221789148,7.398268082409422,0.0,1.0000013257938023,2.9939646771884365,0.0,0.00012360283968950174,-0.30175327749231284,0.0,-0.0005868540473349994,-2.4038455302521467e-07,0.15269965308501737,75.76227615763344,75.91497581071846
0.04200000000000002,7.23,1.564142363088925,1.5774265667487926,-0.3168457157497831,0.3145957799081855,-7.543501321021249,7.3834729328724125,0.0,1.0000015910357896,2.9933460851087452,0.0,0.0001416714619697357,-0.3168387543955457,0.0,-0.0007128668550564122,-3.187516935492327e-07,0.16834932325772364,75.74662268571221,75.91497200896994
0.044000000000000025,7.23,1.5634935846332068,1.5780705150395273,-0.3319327522038775,0.32934734485419076,-7.543538027922165,7.367975014588847,0.0,1.000001894072306,2.9926973223296325,0.0,0.00016140954369233242,-0.33192397446951766,0.0,-0.0008581586674564883,-4.1730941294959816e-07,0.18476208568054864,75.73020574449981,75.91496783018036
0.04600000000000003,7.23,1.5628146320193188,1.578743934996572,-0.3470198799759497,0.34406721247641087,-7.5435929044585865,7.351775870868817,0.0,1.0000022383152896,2.992018389376123,0.0,0.00018289009569422187,-0.3470089261439393,0.0,-0.0010246019614524307,-5.400136326775447e-07,0.20193790957433008,75.71302534736435,75.91496325693868
0.04800000000000003,7.23,1.562105505027213,1.5794467618238843,-0.3621071370201208,0.3587539819123666,-7.543667575919704,7.334877098901956,0.0,1.000002627322653,2.991309286797459,0.0,0.00020618608102713609,-0.36209359676259484,0.0,-0.0012141559755890576,-6.913739005622976e-07,0.21987676360003638,75.69508150830771,75.91495827190775
0.05000000000000003,7.23,1.5613662033576405,1.580178927926926,-0.3771945646034258,0.37340625554611345,-7.543763729726874,7.31728034768036,0.0,1.0000030647981868,2.9905700151693204,0.0,0.00023137041435121507,-0.3771779725392633,0.0,-0.0014288667107744634,-8.765026247393888e-07,0.23857861580164702,75.67637424202564,75.91495285782729
0.05200000000000003,7.23,1.5605967266254028,1.5809403629192587,-0.39228220742884706,0.3880226391097069,-7.54388311419501,7.298987315846791,0.0,1.0000035545914618,2.9898005750961234,0.0,0.0002585159614432711,-0.3922620385144284,0.0,-0.0016708669324686988,-1.101166386446102e-06,0.25804343354621934,75.65690356397064,75.91494699751686
0.054000000000000034,7.23,1.5597970743523588,1.5817309936293371,-0.407370113755823,0.40260174178029123,-7.54402753724608,7.2799997494701385,0.0,1.0000041006977323,2.989000967213416,0.0,0.0002876955388274808,-0.4073457785128086,0.0,-0.0019423761744491975,-1.3718393305903658e-06,0.27827118346113694,75.63666949041766,75.9149406738788
0.056000000000000036,7.23,1.5589672459601938,1.5825507441074929,-0.4224583355181361,0.41714217627266814,-7.544198865075218,7.26031943975025,0.0,1.0000047072578353,2.988171192190343,0.0,0.00031898191353067025,-0.4224291751017358,0.0,-0.002245700744280119,-1.6957586332790661e-06,0.29926183136852275,75.61567203853247,75.91493386990099
0.05800000000000004,7.23,1.5581072407629546,1.5833995356330988,-0.43754692843908627,0.4316425589272064,-7.544399020769844,7.2399482206543375,0.0,1.000005378558092,2.98731125073221,0.0,0.00035244780297186617,-0.4375122095504123,0.0,-0.0025832337306133965,-2.080982045856716e-06,0.32101534221680883,75.593911226443,75.91492656865981
0.06000000000000004,7.23,1.5572170579593585,1.5842772867219033,-0.4526359521438555,0.44610150979295704,-7.544629982882169,7.218887966486906,0.0,1.00000611903021,2.986421143583115,0.0,0.0003881658749849545,-0.4525948617900779,0.0,-0.00295745501245193,-2.5364475153266304e-06,0.3435316800094521,75.57138707331337,75.91491875332282
0.06200000000000004,7.23,1.5562966966248788,1.5851839131335275,-0.4677254702689716,0.4605176527058448,-7.544893783955614,7.197140589395741,0.0,1.0000069332511832,2.9855008715286653,0.0,0.00042620874798775113,-0.4676771103751112,0.0,-0.0033709312705057855,-3.072034881507618e-06,0.36681080773077995,75.54809959942078,75.91491040715157
0.06400000000000004,7.23,1.5553461557036155,1.5861193278791124,-0.4828155505687789,0.4748896153618086,-7.545192509005474,7.174708036815969,0.0,1.0000078259431915,2.9845504353987646,0.0,0.0004666489912952647,-0.4827589324450982,0.0,-0.0038263160007729045,-3.6986296516443402e-06,0.39085268726895567,75.52404882623514,75.9149015135041
0.06600000000000004,7.23,1.5543654339999555,1.587083441229108,-0.49790626501882473,0.4892160293847706,-7.54552829395427,7.151592288854668,0.0,1.0000088019735065,2.983569836070488,0.0,0.0005095591255889586,-0.49784030368789345,0.0,-0.004326349530477086,-4.428188853757756e-06,0.41565727933604857,75.49923477650177,75.91489205583781
0.06800000000000005,7.23,1.55335453017003,1.5880761607211928,-0.512997689916072,0.5034955303893168,-7.5459033240221896,7.1277953556183355,0.0,1.0000098663543933,2.982559074471015,0.0,0.0005550116235427532,-0.5129211983037019,0.0,-0.004873859036494362,-5.2738089704796895e-06,0.44122454338519423,75.4736574743267,75.91488201771189
0.07000000000000005,7.23,1.5523134427129732,1.5890973911683135,-0.5280899059758476,0.5177267580379777,-7.546319832072974,7.103319274485562,0.0,1.0000110242430145,2.9815181515806426,0.0,0.000603078910613784,-0.5280015889702087,0.0,-0.005471758566400014,-6.249795955732154e-06,0.4675544375248316,75.44731694526506,75.91487138278988
0.07200000000000005,7.23,1.5512421699619927,1.5901470346668334,-0.5431829984254388,0.5319083560930011,-7.5467800969157075,7.0781661073275,0.0,1.0000122809413368,2.9804470684358635,0.0,0.0006538333660037242,-0.5430814468087842,0.0,-0.006123049062266436,-7.371737337212339e-06,0.4946469184299945,75.42021321641212,75.91486013484212
0.07400000000000005,7.23,1.5501407100752536,1.5912249906047786,-0.5582770570942489,0.546038972462516,-7.547286441562697,7.052337937678316,0.0,1.0000136418960401,2.979345826132511,0.0,0.000707347323794111,-0.558160741351791,0.0,-0.006830818387340842,-8.656576408271331e-06,0.522501941250654,75.39234631649747,75.91484825774812
0.07600000000000005,7.23,1.5490090610265879,1.5923311556701718,-0.5733721765004255,0.5601172592409892,-7.547841231443997,7.025836867858443,0.0,1.00001511269843,2.9782144258289716,0.0,0.0007636930742626388,-0.5732394405110169,0.0,-0.00759824135573013,-1.0122688513501789e-05,0.5511194595170775,75.36371627598203,75.91483573549911
0.07800000000000006,7.23,1.5478472205960327,1.5934654238594406,-0.5884684559338745,0.5741418727438841,-7.548446872578681,6.99866501605284,0.0,1.0000166990843489,2.9770528687494515,0.0,0.0008229428653862524,-0.5883175105472629,0.0,-0.008428579765217959,-1.1789959433083753e-05,0.5804994250422005,75.33432312715786,75.91482255220006
0.08000000000000006,7.23,1.5466551863602078,1.5946276864858884,-0.6035659995355739,0.5881114735364317,-7.549105809703344,6.970824513347058,0.0,1.000018406934094,2.975861156187314,0.0,0.0008851689045361929,-0.6033949160411092,0.0,-0.00932518243333612,-1.3679865871713634e-05,0.6106417878209826,75.30416690425125,75.91480869207223
0.08200000000000006,7.23,1.545432955682536,1.5958178321882188,-0.6186649163731012,0.6020247264564351,-7.549820524357933,6.942317500723465,0.0,1.0000202422723394,2.9746392895084655,0.0,0.0009504433603713877,-0.6184716198648863,0.0,-0.010291485236808803,-1.5815558058786892e-05,0.6415464959267352,75.27324764352839,75.91479413945513
0.08400000000000006,7.23,1.5441805257033185,1.5970357469390979,-0.6337653205122913,0.6158803006310278,-7.550593532929286,6.913146126020307,0.0,1.0000222112680588,2.973387270154797,0.0,0.0010188383649316155,-0.6335475831558754,0.0,-0.011331011154484868,-1.8221944467298058e-05,0.6732134954043896,75.24156538340434,75.91477887880872
0.08600000000000006,7.23,1.5428978933296704,1.5982813140537446,-0.6488673310849384,0.6296768694873155,-7.551427384652488,6.883312540856173,0.0,1.0000243202344556,2.9721050996476834,0.0,0.0010904260159438914,-0.6486227652907616,0.0,-0.012447370313868694,-2.092577866002852e-05,0.705642730160699,75.20912016455483,75.91476289471554
0.08800000000000006,7.23,1.541585055225323,1.5995544141985367,-0.663971072352459,0.6434131107568343,-7.55232465957029,6.852818897522436,0.0,1.000026575628897,2.970792779591527,0.0,0.001165278379339569,-0.6636971238613673,0.0,-0.013644260041355952,-2.3955748272309756e-05,0.7388341418513344,75.17591203003133,75.91474617188265
0.09000000000000007,7.23,1.5402420078003056,1.600854925399618,-0.6790766737654316,0.6570877064737641,-7.553287966450712,6.821667345846311,0.0,1.0000289840528518,2.9694503116773525,0.0,0.0012434674919924137,-0.6787706146516891,0.0,-0.01492546491627414,-2.7342566141853206e-05,0.7727876697648656,75.14194102537874,75.91472869514361
0.09200000000000007,7.23,1.5388687472005107,1.6021827230514976,-0.6941842700189301,0.670699342966841,-7.554319940662957,6.789860030027145,0.0,1.000031552251836,2.9680776976864425,0.0,0.0013250653646826559,-0.6938431916162606,0.0,-0.016294856828822594,-3.1119063597120495e-05,0.8075032507035914,75.10720719875681,75.9147104494604
0.09400000000000007,7.23,1.5374652692971533,1.6035376799256245,-0.7092940011035678,0.6842467108449167,-7.555423242011644,6.757399085448413,0.0,1.0000342871153647,2.9666749394940153,0.0,0.0014101439852879493,-0.7089148068598676,0.0,-0.017756395042001036,-3.53202859167026e-05,0.8429808188612025,75.07171060106394,75.91469141992515
0.09600000000000007,7.23,1.5360315696761322,1.6049196661789291,-0.7244060123521673,0.6977285049761215,-7.556600552529543,6.7242866354683315,0.0,1.0000371956769072,2.96524203907295,0.0,0.0014987753222170126,-0.7239854106186405,0.0,-0.019314126257607065,-3.9983589973656544e-05,0.8792203056972431,75.0354512860648,75.91467159176204
0.09800000000000007,7.23,1.534567643627303,1.6063285493623154,-0.7395204544819751,0.7111434244605873,-7.557854574228612,6.690524788191326,0.0,1.0000402851138555,2.9637789984975336,0.0,0.001591031328076158,-0.739054951242545,0.0,-0.020972184686376516,-4.5148744079347204e-05,0.9162216398083477,74.99842931052056,75.9146509503289
0.10000000000000007,7.23,1.5330734861336703,1.6077641944290915,-0.7546374836323364,0.7244901725966988,-7.559188026809458,6.65611563322331,0.0,1.0000435627474917,2.9622858199472573,0.0,0.0016869839435901379,-0.7541233751792973,0.0,-0.02273479212233217,-5.085803004331382e-05,0.9539847467962221,74.96064473432276,75.91462948111898
0.10200000000000008,7.23,1.5315490918605104,1.6092264637433278,-0.769757261397747,0.737767456840839,-7.560603645329012,6.621061238413094,0.0,1.0000470360429732,2.960762505710628,0.0,0.0017867051017671567,-0.7691906269597281,0.0,-0.024606258021398313,-5.715634746617003e-05,0.992509549132343,74.92209762062998,75.91460716976232
0.10400000000000008,7.23,1.529994455144431,1.6107152170881271,-0.7848799548561988,0.7509739887606076,-7.562104177826353,6.585363646582743,0.0,1.0000507126093183,2.9592090581890225,0.0,0.0018902667323271467,-0.7842566491846192,0.0,-0.026590979584329117,-6.409132028463705e-05,1.0317959660193343,74.88278803600812,75.91458400202745
0.10600000000000008,7.23,1.528409569982381,1.6122303116737948,-0.8000057365927348,0.7641084839814901,-7.563692382906421,6.54902487224931,0.0,1.0000546001994046,2.957625479900556,0.0,0.0019977407663870003,-0.7993213825130363,0.0,-0.02869344184398686,-7.171340558846148e-05,1.0718439132490074,74.84271605057387,75.91455996382288
0.10800000000000008,7.23,1.526794430020615,1.6137716021458954,-0.8151347847181293,0.7771696621269646,-7.565371027281428,6.51204689834057,0.0,1.000058706709979,2.9560117734839757,0.0,0.002109199141413845,-0.8143847656521847,0.0,-0.03091821775700106,-8.007600473087018e-05,1.1126533030570074,74.80188173814125,75.91453504119825
0.11000000000000008,7.23,1.5251490285436298,1.6153389405931837,-0.8302672828826085,0.7901562467520353,-7.567142883269674,6.474431672907364,0.0,1.0000630401816737,2.954367941702575,0.0,0.0022247138064487634,-0.82944673534881,0.0,-0.03326996829982091,-8.923557675538744e-05,1.1542240439740543,74.76028517637188,75.91450922034593
0.11200000000000009,7.23,1.5234733584630735,1.616932176555396,-0.845403420284526,0.803066965270191,-7.569010726251372,6.436181105835005,0.0,1.0000676087990346,2.952693987448121,0.0,0.002344356727606224,-0.8445072263821715,0.0,-0.03575344256916931,-9.925175416341987e-05,1.196556040673726,74.7179264469284,75.91448248760213
0.11400000000000009,7.23,1.5217674123066467,1.6185511570308877,-0.8605433916739055,0.8159005488737852,-7.570977332081111,6.3972970655563275,0.0,1.0000724208905611,2.950989913744795,0.0,0.002468199893853395,-0.859566171558612,0.0,-0.03837347788689002,-0.00011018746104848222,1.23964919381676,74.67480563563137,75.91445482944813
0.11600000000000009,7.23,1.520031182206999,1.6201957264841071,-0.8756873973507664,0.8286557324478487,-7.573045474456532,6.357781375768907,0.0,1.0000774849287601,2.9492557237531427,0.0,0.0025963153230720223,-0.8746235017077516,0.0,-0.04113499990916728,-0.0001221090336244171,1.2835033998918222,74.63092283261963,75.91442623251146
0.11800000000000009,7.23,1.518264659890635,1.6218657268528882,-0.8908356431581415,0.8413312544773413,-7.57521792224261,6.317635812158875,0.0,1.0000828095302075,2.9474914207740293,0.0,0.0027287750684091353,-0.8896791456803279,0.0,-0.044043022740084856,-0.00013508634317669336,1.3281185510527183,74.58627813251422,75.91439668356695
0.12000000000000009,7.23,1.5164678366668412,1.6235609975555525,-0.9059883404696982,0.853925856947859,-7.577497436751029,6.276862099133862,0.0,1.0000884034556252,2.945697008252599,0.0,0.0028656512249196596,-0.9047330303477158,0.0,-0.04710264904947853,-0.00014919292146736617,1.3734945349519943,74.5408716345857,75.91436616953769
0.1220000000000001,7.23,1.5146407034166391,1.625281375497806,-0.9211457061718742,0.8664382852398212,-7.579886768974005,6.235461906567504,0.0,1.0000942756099747,2.9438724897822333,0.0,0.0030070159365022282,-0.9197850806031481,0.0,-0.05031907019501669,-0.00016450608862579933,1.4196312345708955,74.49470344292527,75.91433467749617
0.1240000000000001,7.23,1.5127832505817846,1.6270266950794168,-0.9363079626404328,0.8788672880161572,-7.582388656771804,6.193436846557903,0.0,1.000100435042559,2.9420178691085033,0.0,0.00315294140313431,-0.934835219364669,0.0,-0.053697566348434644,-0.00018110708355916906,1.4665285280456322,74.44777366661927,75.9143021946649
0.12600000000000008,7.23,1.5108954681538163,1.6287967882006635,-0.9514753377113484,0.8912116171035274,-7.5850058220132555,6.150788470202515,0.0,1.0001068909471433,2.940133150133116,0.0,0.003303499888407859,-0.9498833675798447,0.0,-0.057243506625826654,-0.00019908119691820723,1.5141862884899144,74.40008241992757,75.91426870841748
0.12800000000000009,7.23,1.508977345663169,1.6305914842685378,-0.9666480646459237,0.9034700273671126,-7.587740967668335,6.10751826439175,0.0,1.0001136526620904,2.938218336917849,0.0,0.003458763727366816,-0.9649294442322673,0.0,-0.06096234922188878,-0.00021851790665534194,1.5626043838137111,74.35162982246554,75.91423420627925
0.1300000000000001,7.23,1.5070288721683631,1.6324106102026912,-0.9818263820900445,0.9156412765790107,-7.590596774852041,6.06362764862381,0.0,1.0001207296705121,2.936273433688472,0.0,0.003618805334653058,-0.9799733663498745,0.0,-0.06485964154798121,-0.00023951101621441488,1.6117826765381804,74.30241599938981,75.91419867592799
0.1320000000000001,7.23,1.5050500362452814,1.6342539904411115,-0.9970105340274719,0.9277241252802866,-7.593575899818468,6.019117971842893,0.0,1.0001281316004333,2.9342984448386455,0.0,0.0037836972129576645,-0.9950150490151219,0.0,-0.06894102037387029,-0.00026215879539235617,1.6617210236067321,74.2524410815879,75.91416210519463
0.1340000000000001,7.23,1.5030408259765444,1.6361214469455183,-1.0122007697270725,0.9397173366367234,-7.5966809709041225,5.973990509303261,0.0,1.0001358682249821,2.932293374933803,0.0,0.003953511961782483,-1.010054405377038,0.0,-0.07321221197298218,-0.0002865641239153789,1.71241927619217,74.20170520587163,75.9141244820638
0.1360000000000001,7.23,1.5010012289409986,1.6380127992064624,-1.0273973436838837,0.9516196762883301,-7.5999145854193495,5.9282464594613415,0.0,1.0001439494625888,2.9302582287150014,0.0,0.004128322286508352,-1.0250913466651903,0.0,-0.07767903227098735,-0.00031283463777346534,1.763877279499861,74.15020851517448,75.91408579467435
0.1380000000000001,7.23,1.498931232203328,1.6399278642481185,-1.0426005155539082,0.963429912192663,-7.603279306486698,5.881886940898224,0.0,1.0001523853772083,2.928193011102747,0.0,0.004308201007779844,-1.0401257822056096,0.0,-0.08234738699751581,-0.00034108287835961414,1.8160948725668924,74.09795115875298,75.91404603131987
0.1400000000000001,7.23,1.4968308223038023,1.6418664566327597,-1.057810550082532,0.9751468144620246,-7.6067776598249885,5.8349129892747325,0.0,1.0001611861785595,2.9260977272007826,0.0,0.00449322107119279,-1.0551576194386867,0.0,-0.08722327184077569,-0.00037142644446034196,1.869071888057142,74.04493329239187,75.91400518044901
0.1420000000000001,7.23,1.4946999852481762,1.6438283884648972,-1.073027717026455,0.9867691551946063,-7.610412130477734,5.7873255543213045,0.0,1.0001703622223865,2.9239723822998402,0.0,0.004683455557298641,-1.0701867639391023,0.0,-0.09231277260483792,-0.00040398814714772145,1.9228081520522435,73.99115507861373,75.91396323066597
0.1440000000000001,7.23,1.4925387064977493,1.64581346939508,-1.0882522910690209,0.9982957082996492,-7.614185159484569,5.739125496864957,0.0,1.0001799240107365,2.921816981881352,0.0,0.004878977691915622,-1.0852131194378054,0.0,-0.09762206536931482,-0.00043889616762314907,1.9773034838383539,73.93661668689228,75.91392017073063
0.1460000000000001,7.23,1.4903469709596038,1.6478215066233364,-1.1034845517288323,1.0097252493166962,-7.618099140494213,5.690313585895401,0.0,1.0001898821922626,2.9196315316211123,0.0,0.005079860856744854,-1.1002365878460945,0.0,-0.10315741665114973,-0.00047628421806528593,2.032557695688698,73.8813182938703,75.91387598955899
0.1480000000000001,7.23,1.4881247629770304,1.6498523049022487,-1.118724783261533,1.0210565552290174,-7.622156416317417,5.640890495672611,0.0,1.0002002475625469,2.9174160373928926,0.0,0.005286178600294941,-1.1152570692818349,0.0,-0.1089251835682063,-0.0005162917055367629,2.0885705926418243,73.82526008358136,75.91383067622318
0.1500000000000001,7.23,1.4858720663201586,1.6519056665396499,-1.1339732745546327,1.0322884042712952,-7.626359275418339,5.590856802877873,0.0,1.0002110310644432,2.9151705052719983,0.0,0.0054980046491079,-1.130274462097854,0.0,-0.11493181400432274,-0.0005590638990049695,2.1453419722754967,73.76844224767618,75.91378421995168
0.1520000000000001,7.23,1.483588864176804,1.6539813914009291,-1.149230319015253,1.043419575731655,-7.630709948342598,5.540212983810504,0.0,1.0002222437884472,2.9128949415387715,0.0,0.00571541291928479,-1.1452886629125623,0.0,-0.12118384677547336,-0.00060475209953427,2.2028716244762134,73.71086498565319,75.9137366101294
0.1540000000000001,7.23,1.4812751391435472,1.6560792769109365,-1.1644962144506652,1.0544488497481377,-7.6352106040803545,5.488959411632385,0.0,1.0002338969730835,2.910589352682024,0.0,0.0059384775283031,-1.1602995666428366,0.0,-0.12768791179665268,-0.0006535138137078883,2.2611593312042326,73.65252850509347,75.9136878362977
0.1560000000000001,7.23,1.4789308732170594,1.658199118055474,-1.1797712629414852,1.0653750070997112,-7.639863346362519,5.437096353662322,0.0,1.0002460020053265,2.908253745402407,0.0,0.0061672728071254235,-1.1753070665392251,0.0,-0.1344507302490778,-0.0007055129303399107,2.3202048662540906,73.59343302190027,75.91363788815435
0.1580000000000001,7.23,1.476556047785688,1.6603407073823644,-1.1950557707073957,1.0761968289919215,-7.644670209888291,5.384623968722485,0.0,1.0002585704210318,2.90588812661571,0.0,0.0064018733125938004,-1.1903110542235056,0.0,-0.1414791147472699,-0.0007609199005387656,2.3800079950105375,73.53357876054298,75.91358675555352
0.16000000000000011,7.23,1.4741506436213203,1.6625038350020855,-1.2103500479652511,1.0869130968372906,-7.649633156481941,5.331542304538747,0.0,1.000271613905408,2.9034925034560715,0.0,0.006642353840092083,-1.205311419728665,0.0,-0.148779969505557,-0.0008199119211833988,2.4405684741998277,73.47296595430568,75.9135344285055
0.16200000000000012,7.23,1.471714640871536,1.6646882885879606,-1.2256544087794243,1.097522592030571,-7.654754071176973,5.277851295197321,0.0,1.0002851442935021,2.901066883279121,0.0,0.0068887894364884905,-1.2203080515413374,0.0,-0.15636029050350952,-0.000882673121877997,2.5018860516363044,73.41159484554045,75.91348089717675
0.16400000000000012,7.23,1.4692480190520698,1.6668938533758932,-1.2409691709042467,1.1080240957189709,-7.660034758225426,5.223550758659455,0.0,1.0002991735707172,2.8986112736650265,0.0,0.007141255413327399,-1.2353008366467626,0.0,-0.1642271656497903,-0.0009493947554472048,2.563960465964228,73.34946568592531,75.91342615188954
0.16600000000000012,7.23,1.4667507570395948,1.6691203121636389,-1.256294655618391,1.1184163885674698,-7.665476937030263,5.1686403943364745,0.0,1.0003137138733538,2.8961256824214447,0.0,0.007399827360275113,-1.2502896605763194,0.0,-0.1723877749438769,-0.0010202753920388692,2.6267914463947575,73.28657873672692,75.91337018312169
0.16800000000000012,7.23,1.4642228330648466,1.6713674453096015,-1.2716311875510393,1.1286982505193448,-7.671082237998563,5.113119780727103,0.0,1.0003287774891827,2.893610117586386,0.0,0.007664581158804633,-1.2652744074576936,0.0,-0.18084939063508412,-0.0010955211168999419,2.6903787124380716,73.2229342690682,75.91331298150628
0.17000000000000012,7.23,1.4616642247061031,1.6736350307311467,-1.286979094499678,1.138868460552036,-7.676852198313253,5.056988373119168,0.0,1.000344376858039,2.891064587430965,0.0,0.007935592996103281,-1.280254960067732,0.0,-0.18961937737827828,-0.0011753457318914987,2.754721973630501,73.15853256420085,75.91325453783135
0.17200000000000013,7.23,1.459074908883037,1.6759228439024225,-1.3023387072393502,1.1489257964284825,-7.682788257621,5.000245501357767,0.0,1.0003605245724507,2.8884891004620497,0.0,0.008212939379197974,-1.2952311998880617,0.0,-0.19870519238565915,-0.0012599709608109566,2.8198209292566823,73.09337391378276,75.91319484303943
0.17400000000000013,7.23,1.4564548618509592,1.678230657851678,-1.3177103593232005,1.1588690344440609,-7.6888917536339045,4.94289036768191,0.0,1.00037723337829,2.885883665424791,0.0,0.008496697149270954,-1.310203007163519,0.0,-0.20811438557393602,-0.0013496266585866941,2.885675268066603,73.02745862016056,75.91313388822716
0.17600000000000013,7.23,1.4538040591954688,1.6805582431580706,-1.3330943868741334,1.168696949169269,-7.6951639176424695,4.88492204463179,0.0,1.0003945161754582,2.883248291305039,0.0,0.008786943496161381,-1.3251702609634752,0.0,-0.2178545997062126,-0.0014445510244136906,2.9522846679875276,72.96078699665719,75.91307166464472
0.17800000000000013,7.23,1.4511224758275298,1.6829053679479573,-1.3484911283674075,1.1784083131882959,-7.7016058699373575,4.826339473028722,0.0,1.000412386018595,2.880582987331628,0.0,0.009083755973032154,-1.34013283924611,0.0,-0.2279335705278504,-0.001544990818896476,3.0196487958307054,72.89335936786473,75.91300816369544
0.18000000000000013,7.23,1.4484100859789912,1.6852717978906555,-1.3639009244039793,1.1880018968336261,-7.708218615137342,4.767141460029838,0.0,1.0004308561178226,2.8778877629785327,0.0,0.009387212511171902,-1.3550906189257217,0.0,-0.2383591268955499,-0.0016512015852635502,3.087767306992821,72.82517606994236,75.91294337693517
0.18200000000000013,7.23,1.4456668631985707,1.6876572961936724,-1.379324117474408,1.1974764679168295,-7.715003037420815,4.707326677259692,0.0,1.0004499398395166,2.8751626279668843,0.0,0.009697391434927663,-1.3700434759431332,0.0,-0.24913919089886546,-0.0017634478747211284,3.1566398451521276,72.75623745091954,75.91287729607167
0.18400000000000014,7.23,1.4428927803483194,1.69006162359739,-1.3947610517131235,1.206830791455694,-7.721959895658221,4.646893659020934,0.0,1.000469650707105,2.872407592266848,0.0,0.010014371476735728,-1.3849912853392843,0.0,-0.2602817779733284,-0.0018820034760086075,3.2262660419591715,72.68654387100491,75.9128099129641
0.18600000000000014,7.23,1.440087809600587,1.6924845383692022,-1.4102120726428582,1.2160636293978593,-7.729089818442642,4.585840800586142,0.0,1.0004900024019001,2.869622666099345,0.0,0.010338231792224414,-1.3999339213320778,0.0,-0.27179499700431553,-0.0020071516492177516,3.2966455167220823,72.61609570290008,75.91274121962216
0.18800000000000014,7.23,1.4372519224355107,1.6949257962970952,-1.4256775269090363,1.225173740341118,-7.736393299015791,4.524166356573012,0.0,1.0005110087639633,2.8668078599376168,0.0,0.010669051975364885,-1.414871257396575,0.0,-0.2836870504207824,-0.002139185363936571,3.3677778760863637,72.54489333211927,75.91267120820564
0.19000000000000014,7.23,1.4343850896390429,1.6973851506826654,-1.4411577620039078,1.2341598792505526,-7.7438706900866485,4.461868439405196,0.0,1.000532683792991,2.8639631845086297,0.0,0.011006912073648109,-1.4298031663486097,0.0,-0.29596623427793284,-0.0022784075417774455,3.4396627137091063,72.47293715731439,75.9125998710235
0.19200000000000014,7.23,1.4314872813015425,1.6998623523335687,-1.4566531259802102,1.2430207971726805,-7.751522198539893,4.398945017860973,0.0,1.000555041649244,2.8610886507943083,0.0,0.011351892603240571,-1.444729520431925,0.0,-0.30864093832786016,-0.0024251313033416735,3.5122996099275885,72.40022759060567,75.91252720053326
0.19400000000000014,7.23,1.4285584668169486,1.7023571495553953,-1.4721639671541342,1.2517552409467874,-7.75934788003123,4.3353939157119665,0.0,1.0005780966544917,2.858184270032587,0.0,0.011704074564105257,-1.4596501914089106,0.0,-0.3217196460771811,-0.0025796802196767035,3.5856881314222027,72.32676505791791,75.91245318934011
0.19600000000000015,7.23,1.425598614882561,1.704869288142964,-1.4876906337973645,1.260361952913629,-7.767347633466856,4.271212810454414,0.0,1.0006018632930025,2.8552500537182794,0.0,0.012063539455032496,-1.4745650506550423,0.0,-0.3352109348306177,-0.0027423885682704217,3.6598278308736427,72.25254999932253,75.91237783019616
0.19800000000000015,7.23,1.4226076934994452,1.707398511371032,-1.5032334738179625,1.2688396706216905,-7.775521195364014,4.2063992321351185,0.0,1.0006263562125508,2.8522860136037553,0.0,0.012430369288561366,-1.489473969257113,0.0,-0.34912347571947533,-0.002913601593630832,3.7347182466143307,72.1775828693853,75.91230111599964
0.20000000000000015,7.23,1.4195856699734883,1.709944559984415,-1.5187928344298467,1.2771871265311947,-7.7838681340898646,4.140950562274677,0.0,1.0006515902254627,2.849292161699417,0.0,0.012804646605738365,-1.5043768181153638,0.0,-0.36346603371391845,-0.0030936757724880164,3.8103589022739963,72.10186413752,75.91222303979399
0.20200000000000015,7.23,1.4165325109171285,1.7125071721875122,-1.5343690618106285,1.2854030477160552,-7.792387843975671,4.074864032890311,0.0,1.0006775803096855,2.846268510273967,0.0,0.013186454490672336,-1.5192734680496072,0.0,-0.37824746761789985,-0.0032829790836527892,3.886749306419393,72.02539428834763,75.91214359476702
0.20400000000000015,7.23,1.4134481822517786,1.7150860836332351,-1.5499625007475482,1.2934861555639772,-7.801079539303477,4.008136725620871,0.0,1.0007043416098886,2.8432150718544555,0.0,0.013575876584842883,-1.534163789909451,0.0,-0.39347673004558736,-0.003481891282560981,3.963888952188089,71.9481738220619,75.91206277424999
0.20600000000000016,7.23,1.4103326492109718,1.7176810274113328,-1.5655734942712551,1.3014351654749134,-7.80994224816225,3.9407655709565272,0.0,1.0007318894385944,2.8401318592261138,0.0,0.013972997101109302,-1.549047654688739,0.0,-0.4091628673780742,-0.0036908041805235516,4.041777316916305,71.8702032548004,75.91198057171671
0.20800000000000016,7.23,1.4071858763442509,1.7202917340361141,-1.5812023832771667,1.309248786558085,-7.8189748061707425,3.8727473475757783,0.0,1.0007602392773312,2.8370188854319425,0.0,0.014377900837371643,-1.5639249336443026,0.0,-0.4253150196991355,-0.003910121928697223,4.120413861760746,71.7914831190219,75.91189698078266
0.21000000000000016,7.23,1.4040078275218282,1.7229179314335628,-1.5968495061341372,1.316925721327787,-7.828175850064101,3.8040786817924475,0.0,1.0007894067778185,2.8338761637720653,0.0,0.014790673189819664,-1.5787954984191526,0.0,-0.44194242070875717,-0.004140261306778578,4.199798031314411,71.71201396388949,75.9118119952039
0.21200000000000016,7.23,1.4007984659400408,1.7255593449278412,-1.6125151982801624,1.3244646653981988,-7.837543811141411,3.73475604711537,0.0,1.0008194077631776,2.8307037078028303,0.0,0.01521140016572195,-1.5936592211702205,0.0,-0.45905439761312233,-0.004381652016420512,4.279929253216338,71.63179635566,75.91172560887634
0.21400000000000016,7.23,1.3975577541276272,1.7282156972271856,-1.6281997918048365,1.3318643071774312,-7.847076908571462,3.664775763923649,0.0,1.0008502582291632,2.8275015313356486,0.0,0.015640168395681567,-1.608515974700768,0.0,-0.47666037098971226,-0.00463473697935391,4.360806937755254,71.55083087807928,75.91163781583454
0.21600000000000016,7.23,1.3942856539528534,1.7308867084091868,-1.6439036150182769,1.3391233275610392,-7.856773142553846,3.5941339992602215,0.0,1.0008819743454245,2.8242696484355663,0.0,0.016077065145296263,-1.6233656325975923,0.0,-0.49476985462614004,-0.004899972640190173,4.442430477467122,71.46911813278373,75.91154861025086
0.21800000000000017,7.23,1.3909821266315143,1.7335720959054584,-1.659626992006225,1.3462403996252448,-7.866630287332804,3.522826766746793,0.0,1.0009145724567845,2.8210080734195575,0.0,0.01652217832615492,-1.6382080693731447,0.0,-0.5133924553312965,-0.005177829273867486,4.524799246726575,71.38665873970788,75.91145798643446
0.22000000000000017,7.23,1.3876471327358388,1.7362715744856916,-1.6753702421710241,1.3532141883201125,-7.876645884061205,3.4508499266230874,0.0,1.0009480690845434,2.817716820854524,0.0,0.01697559650608607,-1.6530431606126996,0.0,-0.5325378727173692,-0.00546879129768684,4.6079126013321785,71.3034533374981,75.91136593883027
0.22200000000000017,7.23,1.3842806322043282,1.7389848562410963,-1.6911336797581746,1.3600433501629303,-7.886817233512023,3.3781991859134974,0.0,1.000982480927801,2.814395905554999,0.0,0.01743740891858997,-1.6678707831266952,0.0,-0.5522158989512361,-0.005773357587874963,4.691769878085588,71.21950258393242,75.91127246201802
0.22400000000000017,7.23,1.3808825843525545,1.7417116505672285,-1.706917613368156,1.3667265329320548,-7.897141388634975,3.3048700987243564,0.0,1.0010178248647934,2.8110453425805444,0.0,0.017907705471365304,-1.6826908151083855,0.0,-0.5724364184737337,-0.006092041800591008,4.776370394364532,71.13480715634668,75.91117755071122
0.22600000000000017,7.23,1.3774529478849524,1.7444516641462076,-1.7227223454532066,1.3732623753614825,-7.907615146955891,3.2308580666749855,0.0,1.0010541179542545,2.8076651472328154,0.0,0.01838657675383573,-1.6975031362969366,0.0,-0.593209407685229,-0.0064253726972755155,4.861713447689675,71.04936775206647,75.91108119975615
0.22800000000000017,7.23,1.3739916809076314,1.7472046009283229,-1.7385481717987423,1.3796495068364218,-7.918235042816613,3.156158339465931,0.0,1.0010913774367822,2.8042553350523063,0.0,0.018874114043593043,-1.712307628146107,0.0,-0.6145449345959341,-0.006773894474227253,4.947798315285359,70.96318508884553,75.91098340413089
0.23000000000000018,7.23,1.3704987409422402,1.7499701621130324,-1.7543953809890944,1.3858865470901398,-7.928997339453355,3.0807660155877863,0.0,1.0011296207362206,2.8008159218147477,0.0,0.019370409311652986,-1.7271041739986475,0.0,-0.636453158439336,-0.0071381670962680005,5.034624253634219,70.87625990531014,75.91088415894436
0.23200000000000018,7.23,1.3669740849409178,1.7527480461293574,-1.7702642538572402,1.3919721059023709,-7.939898020911487,3.0046760431740327,0.0,1.0011688654610524,2.7973469235271455,0.0,0.01987555522641643,-1.741892659266569,0.0,-0.6589443292471019,-0.007518766634333944,5.122190498025754,70.78859296140939,75.91078345943515
0.23400000000000018,7.23,1.363417669302359,1.7555379486156752,-1.7861550629181984,1.3979047827995785,-7.950932783794988,2.9278832210015904,0.0,1.0012091294057954,2.7938483564234633,0.0,0.020389645156233066,-1.7566729716174216,0.0,-0.6820287873837874,-0.007916285606812394,5.2104962620988164,70.70018503887194,75.91068130097075
0.23600000000000018,7.23,1.359829449889031,1.7583395623989144,-1.8020680717857571,1.4036831667573677,-7.96209702884898,2.8503821996426657,0.0,1.0012504305524035,2.7903202369599134,0.0,0.020912773170441212,-1.7714450011667282,0.0,-0.7057169630396433,-0.008331333324410469,5.299540737378164,70.61103694166829,75.91057767904645
0.23800000000000018,7.23,1.3562093820455743,1.761152577473158,-1.8180035345721985,1.409305835905357,-7.973385852373769,2.7721674827716973,0.0,1.0012927870716701,2.7867625818098682,0.0,0.021445034038775457,-1.786208640676721,0.0,-0.7300193756797924,-0.008764536238324102,5.389323092805021,70.52114949647941,75.91047258928442
0.24000000000000019,7.23,1.3525574206184185,1.7639766809776583,-1.8339616952706816,1.414771357234821,-7.984794037469322,2.693233428631275,0.0,1.0013362173246232,2.7831754078583595,0.0,0.021986523228999688,-1.8009637857615348,0.0,-0.754946633448019,-0.009216538291435587,5.4798424742617735,70.43052355317094,75.91036602743272
0.2420000000000002,7.23,1.3488735199766546,1.7668115571742702,-1.8499427871199439,1.420078286309429,-7.996316045109029,2.6135742516609173,0.0,1.0013807398639232,2.7795587321961666,0.0,0.022537336902640148,-1.8157103350990058,0.0,-0.7805094325233918,-0.009688001272245327,5.571098004090891,70.33915998527345,75.91025798936434
0.2440000000000002,7.23,1.345157634034193,1.7696568874243102,-1.8659470319509792,1.4252251669794052,-8.007946005042097,2.5331840242928414,0.0,1.001426373435238,2.7759125721134694,0.0,0.02309757190867584,-1.8304481906492185,0.0,-0.806718556427909,-0.010179605171205643,5.663088780608091,70.24705969046828,75.91014847107637
0.2460000000000002,7.23,1.3414097162732488,1.772512350164846,-1.8819746395153487,1.4302105310994526,-8.019677706523956,2.452056678918706,0.0,1.0014731369786145,2.772236945093061,0.0,0.023667325775028447,-1.8451772578799734,0.0,-0.833584875283349,-0.010692048539084481,5.75581387760991,70.15422359107914,75.91003746868905
0.2480000000000002,7.23,1.3376297197691862,1.7753776208844279,-1.8980258067947797,1.4350328982507843,-8.031504588874515,2.3701860100316967,0.0,1.0015210496298241,2.768531868803101,0.0,0.02424669669770979,-1.8598974459993063,0.0,-0.8611193450154656,-0.011226048846957928,5.849272343875743,70.06065263456914,75.90992497844488
0.25000000000000017,7.23,1.333817597216766,1.7782523720982661,-1.9141007172917104,1.4396907754676174,-8.043419731864402,2.2875656765481676,0.0,1.0015701307216864,2.7647973610893946,0.0,0.024835783527448863,-1.8746086681952263,0.0,-0.8893330065036724,-0.01178234284737675,5.943463202664512,69.96634779404323,75.90981099670775
0.25200000000000017,7.23,1.3299733009578294,1.7811362733228682,-1.9301995403004328,1.4441826569684937,-8.055415845929423,2.2041892043132396,0.0,1.001620399785362,2.76103343996719,0.0,0.025434685753638997,-1.889310841882821,0.0,-0.9182369846743224,-0.012361686936219331,6.038385451206049,69.87131006875609,75.90969551996214
0.25400000000000017,7.23,1.3260967830104584,1.7840289910501432,-1.9463224301584965,1.4485070238928,-8.067485262214179,2.1200499887948636,0.0,1.0016718765516135,2.757240123612469,0.0,0.026043503485414482,-1.904003888958881,0.0,-0.9478424875356896,-0.012964857514685867,6.134038060187403,69.77554048462493,75.90957854481233
0.25600000000000017,7.23,1.3221879950996565,1.7869301887209843,-1.9624695254780273,1.4526623440428674,-8.079619922445813,2.0351412979708527,0.0,1.001724580952022,2.753417430352723,0.0,0.02666233742967239,-1.9186877360641965,0.0,-0.9781608051527372,-0.013592651350844776,6.230419973234174,69.67904009474746,75.90946006798164
0.2580000000000002,7.23,1.3182468886895835,1.7898395266983418,-1.978640948356626,1.456647071632043,-8.091811368639542,1.949456275413608,0.0,1.0017785331201576,2.749565378657195,0.0,0.027291288865847613,-1.9333623148536703,0.0,-1.0092033085597463,-0.014245885940089699,6.327530106387084,69.58180997992451,75.9093400863116
0.2600000000000002,7.23,1.314273415017392,1.7927566622397986,-1.9948368035675106,1.4604596470391311,-8.10405073263775,1.8629879435771448,0.0,1.0018337533926975,2.7456839871265757,0.0,0.02793045961722454,-1.9480275622744063,0.0,-1.0409814486088742,-0.014925399863800511,6.425367347573995,69.48385124918737,75.90921859676136
0.2620000000000002,7.23,1.3102675251287035,1.795681249469661,-2.0110571777285733,1.4640984965696162,-8.116328725485204,1.775729207291337,0.0,1.0018902623104824,2.7417732744821377,0.0,0.028579952018580962,-1.9626834208519086,0.0,-1.0735067547527017,-0.015632053145452105,6.5239305560775405,69.3851650403295,75.90909559640704
0.2640000000000002,7.23,1.3062291699147668,1.7986129393505794,-2.027302138450026,1.4675620322240845,-8.128635626643135,1.6876728574680868,0.0,1.001948080619501,2.7378332595542796,0.0,0.029239868879927022,-1.9773298389845373,0.0,-1.1067908337588217,-0.016366727603338477,6.623218561998623,69.28575252044234,75.90897108244097
0.2660000000000002,7.23,1.3021583001513453,1.8015513796547133,-2.0435717334603143,1.470848651474275,-8.140961273045635,1.5988115750244658,0.0,1.002007229271805,2.733863961270481,0.0,0.029910313446111225,-1.9919667712463653,0.0,-1.140845368354527,-0.017130327199021234,6.723230165716066,69.18561488645516,75.90884505217122
0.2680000000000002,7.23,1.2980548665393714,1.804496214934456,-2.0598659897099925,1.4739567370471962,-8.153295048002194,1.5091379350277814,0.0,1.0020677294263307,2.7298653986426453,0.0,0.030591389352056547,-2.0065941786985633,0.0,-1.1756821157996455,-0.01792377838054093,6.823964137342586,69.08475336567858,75.90871750302117
0.2700000000000002,7.23,1.2939188197474187,1.8074470864927368,-2.0761849124532503,1.4768846567177618,-8.16562586995094,1.4186444110674934,0.0,1.0021296024496353,2.7258375907538,0.0,0.03128320057334755,-2.021212029209453,0.0,-1.2113129063855927,-0.018748030419335208,6.925419216177475,68.98316921635126,75.90858843252873
0.2720000000000002,7.23,1.2897501104560305,1.8104036323529162,-2.092528484306804,1.4796307631103982,-8.177942181067582,1.3273233798592399,0.0,1.0021928699165183,2.7217805567441604,0.0,0.03198585137193094,-2.0358202977833417,0.0,-1.2477496418586806,-0.01960405573975626,7.027594110156259,68.88086372819,75.90845783834625
0.2740000000000002,7.23,1.2855486894039556,1.8133654872282954,-2.1088966642858633,1.4821933935100986,-8.19023193573581,1.2351671260859396,0.0,1.0022575536105416,2.7176943157965208,0.0,0.03269944623662663,-2.0504189668982735,0.0,-1.2850042937657828,-0.020492850239964274,7.1304874952976105,68.77783822294232,75.90832571823994
0.2760000000000002,7.23,1.281314507436335,1.8163322824912556,-2.125289386816907,1.4845708696833997,-8.2024825888854,1.1421678474810895,0.0,1.0023236755244174,2.713578887120958,0.0,0.03342408981817688,-2.065008026852799,0.0,-1.323088901720428,-0.02141543360290723,7.234098015147998,68.67409405494158,75.90819207008957
0.2780000000000002,7.23,1.2770475155548855,1.8193036461420515,-2.1417065607270076,1.4867614977097716,-8.21468108420527,1.0483176601596318,0.0,1.00239125786026,2.7094342899388413,0.0,0.03415988685853291,-2.0795874761218642,0.0,-1.3620155715874072,-0.02237284959599334,7.338424280224267,68.56963261166405,75.90805689188832
0.2800000000000002,7.23,1.272747664970129,1.8222792027772772,-2.1581480682094654,1.488763567823922,-8.22681384223906,0.9536086042012695,0.0,1.002460323029696,2.705260543466112,0.0,0.034906942114055595,-2.094157321721933,0.0,-1.4017964735840371,-0.02336616635795551,7.443464867454747,68.46445531428773,75.90792018174248
0.2820000000000002,7.23,1.268414907155715,1.8252585735580287,-2.17461376376552,1.4905753542695226,-8.238866748371983,0.8580326494916335,0.0,1.0025308936538087,2.701057666895829,0.0,0.03566536027231795,-2.108717579585413,0.0,-1.4424438402962,-0.024396476671316173,7.549218319619129,68.35856361825225,75.90778193787138
0.2840000000000002,7.23,1.2640491939048817,1.8282413761777851,-2.1911034731219377,1.492195115164881,-8.250825140718119,0.7615817018263291,0.0,1.0026029925629125,2.6968256793799563,0.0,0.036435245862175364,-2.123268274944466,0.0,-1.48396996460732,-0.02546489821874513,7.655683144787697,68.25195901381959,75.90764215860729
0.2860000000000002,7.23,1.2596504773891093,1.8312272248300345,-2.2076169921242794,1.493621092381087,-8.262673797918536,0.664247609283013,0.0,1.0026766427961404,2.6925646000103676,0.0,0.03721670315673492,-2.1378094427242793,0.0,-1.5263871975384755,-0.026572573821471587,7.762857815760327,68.14464302663512,75.90750084239545
0.2880000000000002,7.23,1.2552187102190082,1.8342157301756676,-2.2241540856056874,1.4948515114331766,-8.274396926861204,0.5660221688667164,0.0,1.0027518676008271,2.6882744477990657,0.0,0.03800983606890085,-2.1523411279458324,0.0,-1.5697079459978511,-0.027720671657829765,7.870740769505745,68.0366172182885,75.90735798779424
0.2900000000000002,7.23,1.2507538455074965,1.8372064993101693,-2.240714486231042,1.495884581384862,-8.2859781503347,0.4668971334331884,0.0,1.0028286904316819,2.6839552416575727,0.0,0.03881474803907897,-2.166863386138218,0.0,-1.6139446704377958,-0.028910385459834178,7.979330406601655,67.92788318687356,75.9072135934752
0.2920000000000002,7.23,1.2462558369353123,1.840199135730631,-2.2572978933163714,1.496718494767393,-8.297400494628715,0.3668642188955191,0.0,1.00290713494972,2.6796070003754995,0.0,0.03963154191469026,-2.181376283760529,0.0,-1.6591098824177646,-0.030142934685602744,8.088625090676208,67.81844256754724,75.90706765822344
0.2940000000000002,7.23,1.241724638818913,1.8431932393026182,-2.273903971623418,1.497351427513117,-8.308646377095327,0.2659151117187939,0.0,1.0029872250209515,2.675229742598252,0.0,0.04046031982107329,-2.1958798986333212,0.0,-1.7052161420714607,-0.0314195646652663,8.198623147851446,67.70829703308635,75.9069201809378
0.2960000000000002,7.23,1.2371602061808098,1.8461884062269178,-2.2905323501293045,1.4977815389043212,-8.319697593685907,0.1640414767075118,0.0,1.0030689847148002,2.670823486803873,0.0,0.04130118302337482,-2.2103743203796578,0.0,-1.7522760554765766,-0.03274154671788116,8.309322866189397,67.59744829444207,75.90677116063148
0.2980000000000002,7.23,1.2325624948223886,1.8491842290062006,-2.30718262077126,1.498006971537946,-8.330535306479941,0.06123496509057258,0.0,1.0031524383022377,2.6663882512789825,0.0,0.042154231778991524,-2.2248596508756866,0.0,-1.8003022719255084,-0.034110178236691505,8.420722495141368,67.48589810129096,75.90662059643232
0.3000000000000002,7.23,1.2279314613992653,1.8521802964116287,-2.3238543371664098,1.4980258513067706,-8.341140031222745,-0.04251277709174062,0.0,1.0032376102536114,2.6619240540938183,0.0,0.043019565180146435,-2.23933600471073,0.0,-1.8493074810955419,-0.0355267827399573,8.532820245001227,67.37364824258245,75.90646848758368
0.3020000000000002,7.23,1.2232670634992273,1.855176193449443,-2.3405470133066664,1.4978362873976763,-8.351491624890533,-0.1472101002944326,0.0,1.0033245252361496,2.657430913076338,0.0,0.04389728098612028,-2.2538035096567923,0.0,-1.8993044101169918,-0.03699270988435864,8.645614286363374,67.26070054708151,75.90631483344488
0.3040000000000002,7.23,1.2185692597228095,1.858171501327564,-2.3572601222287926,1.4974363723076085,-8.361569273302463,-0.2528653424637701,0.0,1.0034132081111178,2.6529088457853787,0.0,0.04478747544470152,-2.268262307147415,0.0,-1.950305820537865,-0.03850933543786178,8.759102749586116,67.14705688390612,75.90615963349224
0.3060000000000002,7.23,1.2138380097665553,1.8611657974222429,-2.3739930946597534,1.4968241818778598,-8.371351478800262,-0.3594868197188168,0.0,1.0035036839306075,2.6483578694828482,0.0,0.04569024310236347,-2.2827125527657572,0.0,-2.002324505183686,-0.040078061208721205,8.873283724261308,67.0327191630585,75.90600288731981
0.3080000000000002,7.23,1.2090732745090111,1.8641586552448006,-2.3907453176375126,1.4959977753473068,-8.380816048017705,-0.46708281671462526,0.0,1.0035959779339352,2.643778001104925,0.0,0.046605676602676005,-2.2971544167417592,0.0,-2.0553732849111324,-0.04170031492711654,8.988155258691041,66.91768933594948,75.90584459464051
0.3100000000000002,7.23,1.2042750160995044,1.8671496444084927,-2.4075161331074786,1.4949551954252434,-8.3899400797632,-0.5756615766835607,0.0,1.003690115543625,2.6391692572322665,0.0,0.04753386647246882,-2.311588084458218,0.0,-2.1094650052542216,-0.04337755007575282,9.103715359372305,66.80196939591497,75.90568475528727
0.3120000000000002,7.23,1.1994431980497515,1.8701383305955395,-2.4243048364948483,1.4936944683844544,-8.398699953040389,-0.6852312911516618,0.0,1.0037861223609499,2.6345316540591863,0.0,0.048474900895213946,-2.326013756965589,0.0,-2.164612532961861,-0.04511124566552448,9.21996199049049,66.68556137872372,75.90552336921421
0.3140000000000002,7.23,1.1945777853283468,1.8731242755243633,-2.4411106752531513,1.4922136041751857,-8.407071315232722,-0.795800089327078,0.0,1.003884024161009,2.6298652073617967,0.0,0.049428865471111305,-2.3404316515052628,0.0,-2.2208287524255894,-0.046902905952164516,9.336893073422672,66.56846736307533,75.905360436498
0.3160000000000002,7.23,1.1896787444581762,1.8761070369170756,-2.457932847389351,1.4905105965606658,-8.4150290704799,-0.9073760271578521,0.0,1.0039838468873064,2.625169932465099,0.0,0.050395842963344595,-2.354842002041074,0.0,-2.2781265619964426,-0.048754060089588255,9.454506486251706,66.45068947108781,75.90519595733952
0.3180000000000002,7.23,1.1847460436168045,1.879086168467257,-2.474770499965914,1.4885834232748456,-8.422547368274937,-1.0199670760571378,0.0,1.004085616645816,2.620445844208999,0.0,0.051375913029952314,-2.3692450597987347,0.0,-2.3365188701899204,-0.050666261715416286,9.572800063292128,66.33222986877313,75.90502993206525
0.32000000000000023,7.23,1.1797796527398812,1.8820612198080755,-2.491622727580319,1.486430046203021,-8.429599592312645,-1.1335811112938066,0.0,1.004189359698488,2.615692956913236,0.0,0.05236915194076014,-2.383641093812855,0.0,-2.396018591778092,-0.05264108846395167,9.691771594629003,66.21309076650019,75.90486236112919
0.32200000000000023,7.23,1.1747795436276098,1.8850317364807885,-2.5084885708225433,1.484048411586011,-8.436158349621625,-1.248225900047082,0.0,1.0042951024561768,2.6109112843412143,0.0,0.05337563227881742,-2.398030391481181,0.0,-2.4566386437679486,-0.05468014140166905,9.811418825670648,66.09327441944399,75.90469324511463
0.32400000000000023,7.23,1.1697456900543226,1.8879972599036794,-2.5253670147111205,1.4814364502485624,-8.442195460013387,-1.3639090891243857,0.0,1.004402871470957,2.6061008396627177,0.0,0.05439542262574948,-2.412413259125631,0.0,-2.5183919412651603,-0.056785044380021,9.931739456716677,65.97278312801963,75.9045225847363
0.32600000000000023,7.23,1.1646780678812054,1.890957327341474,-2.542256987108446,1.4785920778526562,-8.44768194588397,-1.4806381923418925,0.0,1.0045126934277908,2.6012616354154905,0.0,0.05542858723044852,-2.426790022559677,0.0,-2.5812913932224753,-0.05895744330015251,10.05273114254226,65.85161923830012,75.90435038084237
0.32800000000000024,7.23,1.1595766551722109,1.8939114718752892,-2.559157357116069,1.4755131951763911,-8.452588022404932,-1.5984205775679392,0.0,1.0046245951355182,2.5963936834656853,0.0,0.05647518566051951,-2.4411610276615514,0.0,-2.645349898072018,-0.06119900528387687,10.174391492000064,65.72978514241676,75.90417663441683
0.33000000000000024,7.23,1.154441432313201,1.8968592223731666,-2.576066933450784,1.4721976884191157,-8.456883088142359,-1.7172634534298492,0.0,1.0047386035171306,2.5914969949671565,0.0,0.057535272435884466,-2.4555266409527463,0.0,-2.710580339240847,-0.06351141774501946,10.296718067640997,65.60728327894095,75.90400134658195
0.33200000000000024,7.23,1.1492723821343562,1.8998001034612422,-2.5929844628024274,1.4686434295334827,-8.460535716143994,-1.8371738556857,0.0,1.004854745599293,2.586571580319589,0.0,0.05860889664393443,-2.4698872501811824,0.0,-2.7769955805491393,-0.06589638735498066,10.419708385355237,65.48411613324568,75.90382451860091
0.33400000000000024,7.23,1.1440694900358857,1.9027336354956075,-2.6099086281743458,1.4648482765850939,-8.463513645536562,-1.9581586332627143,0.0,1.0049730485010815,2.5816174491254573,0.0,0.0596961015356417,-2.484243264908413,0.0,-2.8446084614904543,-0.06835563889615301,10.543359914034747,65.36028623784563,75.90364615188038
0.33600000000000024,7.23,1.1388327441170734,1.9056593345349193,-2.6268380472076087,1.4608100741403987,-8.465783773676813,-2.0802244339649754,0.0,1.0050935394218865,2.5766346101458133,0.0,0.06079692410203186,-2.49859511710013,0.0,-2.9134317923935225,-0.07089091399657022,10.6676700752588,65.23579617271483,75.90346624797363
0.33800000000000024,7.23,1.1335621353086915,1.908576712313813,-2.643771270490114,1.456526653683506,-8.467312148901595,-2.203377689853923,0.0,1.0052162456284546,2.5716230712548818,0.0,0.061911394630393246,-2.5129432617192258,0.0,-2.9834783494651096,-0.07350396973889445,10.792636243003972,65.11064856557948,75.90328480858345
0.34000000000000025,7.23,1.1282576575088095,1.91148527621718,-2.66070677985183,1.4519958340625583,-8.468063963924076,-2.3276246023055815,0.0,1.0053411944410215,2.566582839393469,0.0,0.0630395362396301,-2.5272881773205724,0.0,-3.054760869713461,-0.07619657713663223,10.918255743380016,64.98484609218542,75.90310183556544
0.34200000000000025,7.23,1.1229193077220243,1.9143845292553652,-2.677642986647519,1.4472154219663111,-8.46800354992474,-2.45297112674948,0.0,1.0054684132184901,2.5615139205211888,0.0,0.06418136439418753,-2.541630366646634,0.0,-3.12729204575192,-0.0789705194702506,11.044525854393214,64.85839147653815,75.90291733093136
0.34400000000000025,7.23,1.1175470862021384,1.9172739700403532,-2.6945782300283763,1.4421832124315475,-8.467094371387661,-2.5794229570951357,0.0,1.00559792934262,2.556416319567487,0.0,0.06533688639590524,-2.5559703572229635,0.0,-3.201084520482289,-0.08182759047553287,11.171443805738795,64.73128749111393,75.90273129685272
0.34600000000000025,7.23,1.112140996598303,1.9201530927629957,-2.7115107752041347,1.4368969893819474,-8.465299021734078,-2.7069855098526654,0.0,1.005729770201173,2.551290040381483,0.0,0.06650610085326703,-2.5703087019525563,0.0,-3.276150881657503,-0.08476959237640061,11.299006778624003,64.60353695704046,75.90254373566447
0.34800000000000025,7.23,1.1067010461046451,1.9230213871713526,-2.728438811697273,1.4313545261990148,-8.46257921980719,-2.8356639079551114,0.0,1.0058639631699786,2.5461350856806195,0.0,0.06768899712743981,-2.584645979707991,0.0,-3.3525036563232393,-0.0877983337541001,11.427211905623508,64.47514274424533,75.90235464986884
0.35000000000000026,7.23,1.1012272456133942,1.925878338550204,-2.7453604515910954,1.4255535863256517,-8.458895807263309,-2.9654629642912838,0.0,1.0060005355938655,2.540951456998137,0.0,0.06888555475455971,-2.5989827959201803,0.0,-3.4301553051379767,-0.09091562724449154,11.556056270568831,64.34610777157069,75.90216404213952
0.35200000000000026,7.23,1.0957196098715152,1.9287234277018055,-2.762273727773544,1.4194919239029475,-8.454208746926717,-3.0963871649584522,0.0,1.0061395147664136,2.535739154629368,0.0,0.07009574284370884,-2.6133197831625274,0.0,-3.509118216571104,-0.09412328705493318,11.685536908473546,64.21643500685221,75.90197191532576
0.35400000000000026,7.23,1.0901781576408578,1.931556130927949,-2.779176592178736,1.4131672844407357,-8.44847712216642,-3.228440652245818,0.0,1.0062809279084772,2.5304981775768765,0.0,0.0713195194500747,-2.62765760172915,0.0,-3.5894047009785193,-0.09742312629208914,11.81565080549597,64.08612746696092,75.90177827245688
0.35600000000000026,7.23,1.0846029118618232,1.9343759200133992,-2.7960669140283225,1.406577405522441,-8.44165913735515,-3.3616272073604563,0.0,1.0064248021454292,2.5252285234944427,0.0,0.07255683092276893,-2.6419969402058294,0.0,-3.671026984555224,-0.10081695409175778,11.946394898941264,63.95518821780557,75.90158311674683
0.35800000000000026,7.23,1.0789938998205455,1.9371822622107746,-2.8129424780749037,1.399720017544723,-8.433712119471886,-3.495950232908812,0.0,1.0065711644830764,2.5199301886299135,0.0,0.07380761122683765,-2.656338516032191,0.0,-3.753997203164248,-0.10430657254168466,12.077766077304627,63.82362037429428,75.90138645159891
0.36000000000000026,7.23,1.0733511533195836,1.9399746202269432,-2.82980098284984,1.3925928444923903,-8.424592520910895,-3.631412735147854,0.0,1.006720041782192,2.5146031677669427,0.0,0.07507178123902097,-2.6706830760536002,0.0,-3.8383273960412514,-0.10789377338817072,12.209761180357615,63.69142710025307,75.90118828061068
0.36200000000000027,7.23,1.0676747088521101,1.9427524522110033,-2.8466400389179434,1.385193604749027,-8.414255923561415,-3.768017306021333,0.0,1.0068714607316112,2.509247454165637,0.0,0.07634924801683557,-2.685031397061139,0.0,-3.924029499373962,-0.1115803345171311,12.342376999279322,63.55861160829989,75.90098860757921
0.36400000000000027,7.23,1.061964607779582,1.9455152117439218,-2.863457167141654,1.3775200119437507,-8.402657044223306,-3.9057661049979187,0.0,1.007025447819842,2.5038630395021357,0.0,0.07763990404060533,-2.6993842863179642,0.0,-4.01111533975558,-0.115368016200173,12.475610276834471,63.42517715967176,75.90078743650623
0.36600000000000027,7.23,1.056220896512871,1.9482623478299022,-2.880249796957438,1.3695697758344763,-8.389749741425177,-4.0446608407293,0.0,1.007182029305127,2.4984499138071508,0.0,0.07894362642809921,-2.713742582070248,0.0,-4.099596627511058,-0.11925855709616849,12.609457707600253,63.29112706400334,75.90058477160359
0.36800000000000027,7.23,1.0504436266968273,1.9509933048895562,-2.8970152646672775,1.361340603228027,-8.375487023712362,-4.184702752547559,0.0,1.007341231183914,2.493008065403508,0.0,0.08026027612149689,-2.7281071540408424,0.0,-4.189484949895107,-0.12325366999877117,12.74391593824397,63.15646467905508,75.90038061729905
0.3700000000000003,7.23,1.044632855398242,1.953707522754953,-2.91375081174827,1.3528301989373956,-8.359821059473159,-4.325892591822876,0.0,1.0075030791576651,2.4875374808427093,0.0,0.08158969704640617,-2.7424789039036814,0.0,-4.280791764160521,-0.12735503732023393,12.878981567853376,63.02119341038848,75.90017497824185
0.3720000000000003,7.23,1.0387886452971695,1.9564044366666193,-2.93045358318347,1.3440362667764096,-8.342703188372216,-4.468230603203704,0.0,1.0076675985979626,2.482038144840579,0.0,0.08293171524279325,-2.7568587657369057,0.0,-4.37352839049533,-0.13156430630202418,13.014651148321747,62.88531671098717,75.89996785930892
0.3740000000000003,7.23,1.0329110648815654,1.9590834772725678,-2.947120625817264,1.334956510592016,-8.324083934460797,-4.611716505763279,0.0,1.0078348145098421,2.4765100402120166,0.0,0.08428613796764867,-2.7712477064525287,0.0,-4.467706004826929,-0.13588308394263907,13.150921184789688,62.748838080821116,75.89975926561081
0.3760000000000003,7.23,1.0270001886451845,1.9617440706294265,-2.963748886738703,1.3255886353343438,-8.303913021033843,-4.756349474077776,0.0,1.0080047514933101,2.4709531478049245,0.0,0.08565275276935913,-2.785646726200468,0.0,-4.5633356314912925,-0.1403129316332421,13.287788136145616,62.61176106635256,75.89954920249818
0.3780000000000003,7.23,1.0210560972886829,1.964385638205747,-2.9803352116963526,1.3159303481646578,-8.282139387304118,-4.902128119263001,0.0,1.0081774337029732,2.4653674464333477,0.0,0.08703132653377849,-2.8000568587445915,0.0,-4.660428135764965,-0.1448553594918147,13.42524841558696,62.47408925998116,75.89933767556812
0.3800000000000003,7.23,1.0150788779238546,1.9670075968875662,-2.996876343548367,1.3059793596012563,-8.25871120696374,-5.049050469998001,0.0,1.0083528848057388,2.4597529128098947,0.0,0.08842160450207659,-2.814479171808411,0.0,-4.758994216257384,-0.14951182038671884,13.563298391244075,62.33582629942673,75.8991246906708
0.3820000000000003,7.23,1.0090686242809306,1.9696093589862984,-3.013368920751633,1.29573338470331,-8.233575908703106,-5.1971139535657045,0.0,1.00853112793652,2.454109521477502,0.0,0.08982330926055138,-2.8289147673879214,0.0,-4.8590443971607,-0.15428370364085453,13.701934386868853,62.19697586704746,75.89891025391631
0.3840000000000003,7.23,1.003025436918856,1.9721903322490317,-3.0298094758939675,1.2851901442925755,-8.206680198757079,-5.346315376942315,0.0,1.008712185651892,2.4484372447406,0.0,0.09123613970262456,-2.8433647820290315,0.0,-4.9605890203540435,-0.15917232840781032,13.841152682589929,62.057541689091515,75.89869437168144
0.3860000000000003,7.23,0.9969494234384575,1.974749919871307,-3.04619443427349,1.274347366212856,-8.177970085547468,-5.496650907968599,0.0,1.0088960798816462,2.442736052595772,0.0,0.09265976996340808,-2.8578303870669375,0.0,-5.063638237358814,-0.1641789367118921,13.98094951573649,61.917527534880286,75.89847705061678
0.3880000000000003,7.23,0.9908406986984009,1.9772875205124523,-3.0625201125294366,1.2632027866270055,-8.147390906490065,-5.64811605663827,0.0,1.0090828318781844,2.4370059126619665,0.0,0.09409384832724577,-2.8723127888246998,0.0,-5.168202001141214,-0.16930468614420413,14.121321081732587,61.77693721592124,75.89825829765383
0.3900000000000003,7.23,0.9846993850338316,1.9798025283135492,-3.078782717328807,1.2517541513512112,-8.114887357033265,-5.8007056565400585,0.0,1.0092724621637066,2.4312467901103587,0.0,0.09553799610882346,-2.8868132287682564,0.0,-5.274290057758017,-0.17455064220759905,14.262263535063871,61.63577458494852,75.89803812001239
0.3920000000000003,7.23,0.9785256124775829,1.9822943329181049,-3.094978344113374,1.2399992172262049,-8.080403521994095,-5.954413846491714,0.0,1.0094649904751276,2.425458647593947,0.0,0.09699180650847594,-2.901332983614948,0.0,-5.381911937840973,-0.1799177703037502,14.403772990318398,61.494043534889414,75.89781652520782
0.3940000000000003,7.23,0.9723195189838252,1.9847623194955022,-3.111102975911719,1.227935753524982,-8.043882909255467,-6.109234052406001,0.0,1.009660435706684,2.419641445176984,0.0,0.09845484344252209,-2.91587336539265,0.0,-5.491076947915122,-0.185406927356403,14.545845523303521,61.35174799775502,75.89759352105854
0.3960000000000003,7.23,0.9660812506540231,1.9872058687673029,-3.1271524822210717,1.215561543396522,-8.005268485886676,-6.265158969430487,0.0,1.0098588158501776,2.4137951402643387,0.0,0.09992664034948978,-2.930435721446492,0.0,-5.601794161545734,-0.1910188530654223,14.688477172240505,61.208891943453175,75.89736911569368
0.3980000000000003,7.23,0.9598109619650539,1.989624357036472,-3.1431226179638676,1.2028743853449186,-7.964502716746704,-6.422180544404284,0.0,1.0100601479328057,2.4079196875308977,0.0,0.10140669897331545,-2.9450214343900933,0.0,-5.71407241030826,-0.19675416078724006,14.831663939038473,61.06547937852209,75.89714331756056
0.4000000000000003,7.23,0.953508815999335,1.9920171562195965,-3.1590090225240393,1.1898720947432448,-7.921527605627206,-6.580289958676846,0.0,1.0102644479525391,2.4020150388511277,0.0,0.10289448812468494,-2.9596319219982012,0.0,-5.827920274575274,-0.20261332803811427,14.975401790649393,60.921514344783176,75.89691613543258
0.4020000000000003,7.23,0.9471749846767943,1.9943836338821659,-3.1748072188681804,1.176552505381376,-7.876284738989079,-6.73947761133539,0.0,1.0104717308109954,2.39608114322891,0.0,0.10438944242185627,-2.9742686370375617,0.0,-5.943346074114025,-0.20859668661767095,15.119686660505387,60.77700091791128,75.89668757841667
0.4040000000000003,7.23,0.9408096489885086,1.9967231532769807,-3.190512612756819,1.1629134710469118,-7.8287153323428695,-6.899733102889252,0.0,1.0106820102437843,2.3901179467277807,0.0,0.10589096101243622,-2.988933067032831,0.0,-6.060357858487761,-0.21470441235126192,15.264514450040183,60.6319432059212,75.89645765596138
0.4060000000000003,7.23,0.934412999231826,1.999035073385756,-3.206120492051134,1.1489528671382319,-7.778760279319872,-7.061045219460801,0.0,1.0108952987482702,2.3841253924017005,0.0,0.10739840627775843,-3.003626733964275,0.0,-6.178963397253673,-0.2209365144509136,15.409881030295569,60.48634534756883,75.8962263778644
0.4080000000000003,7.23,0.9279852352467738,2.001318748963982,-3.221626026120539,1.1346685923086177,-7.726360203476091,-7.223401917534377,0.0,1.0111116075087319,2.3781034202265086,0.0,0.10891110252167918,-3.0183511938940173,0.0,-6.2991701699499165,-0.22729282449595814,15.555782243614381,60.34021151066598,75.89599375428037
0.4100000000000003,7.23,0.9215265666535467,2.003573530589103,-3.2370242653566446,1.1200585701402779,-7.671455512866983,-7.386790309315895,0.0,1.0113309463188866,2.372051967032192,0.0,0.1104283346457573,-3.0331080365175627,0.0,-6.420985355863799,-0.23377298503581637,15.702213905421083,60.19354589030759,75.89575979572868
0.4120000000000003,7.23,0.9150372130908552,2.0057987647120736,-3.25231014079916,1.1051207508469962,-7.613986457425864,-7.551196648757299,0.0,1.0115533235017469,2.365970966436131,0.0,0.11194934681297997,-3.047898884637308,0.0,-6.54441582357293,-0.24037643781896736,15.849171806090697,60.04635270701036,75.89552451310105
0.4140000000000003,7.23,0.9085174044549061,2.007993793712346,-3.2674784638793866,1.0898531130040214,-7.5538931891730225,-7.716606318301526,0.0,1.0117787458268033,2.359860348777479,0.0,0.11347334110237295,-3.0627253935548193,0.0,-6.669468120250869,-0.24710241165376717,15.996651712907198,59.898636204761964,75.89528791766917
0.4160000000000003,7.23,0.9019673811387741,2.010157955956346,-3.282523926286975,1.0742536653036985,-7.491115825277192,-7.883003816404653,0.0,1.012007218424505,2.353720041052841,0.0,0.11499947615702011,-3.077589250378599,0.0,-6.796148460728475,-0.25394990990853245,16.144649372111957,59.750400648980246,75.8950500210922
0.4180000000000003,7.23,0.8953873942719102,2.0122905858594824,-3.297441099965672,1.0583204483352306,-7.425594513984492,-8.05037274589316,0.0,1.012238744698029,2.3475499668534248,0.0,0.11652686582821614,-3.092492173244143,0.0,-6.924462716302,-0.26091769766018647,16.293160511042583,59.601650324381545,75.89481083542412
0.4200000000000003,7.23,0.888777705959527,2.014391013951739,-3.312224437243798,1.0420515363868421,-7.357269503422899,-8.218695803215699,0.0,1.0124733262323442,2.341350046303839,0.0,0.11805457781865003,-3.107435910443166,0.0,-7.054416403278913,-0.2680042885026972,16.442180840362912,59.452389532758076,75.89457037312098
0.4220000000000003,7.23,0.8821385895215822,2.0164585669468926,-3.326868271105216,1.025445039268494,-7.286081213283591,-8.38795476864909,0.0,1.0127109627005553,2.3351201960027312,0.0,0.11958163232775987,-3.1224222394588494,0.0,-7.18601467125214,-0.2752079310287293,16.591706056383938,59.302622590663994,75.89432864704793
0.4240000000000003,7.23,0.875470329731075,2.018492567815395,-3.34136681560653,1.0084991041531812,-7.21197030937233,-8.558130497519802,0.0,1.0129516517675483,2.328860328965448,0.0,0.1211070007025481,-3.13745296590414,0.0,-7.319262291093601,-0.28252659500001875,16.74173184347597,59.15235382701001,75.89408567048598
0.4260000000000003,7.23,0.8687732230513572,2.020492335860953,-3.355714166446248,0.9912119174347223,-7.1348777810161526,-8.72920291250261,0.0,1.0131953889909413,2.322570354568921,0.0,0.12262960409741208,-3.1525299223601495,0.0,-7.454163642657881,-0.2899579572244361,16.89225387657171,59.00158758056706,75.89384145713878
0.4280000000000003,7.23,0.8620475778721497,2.022457186800841,-3.369904301691594,0.97358170659982,-7.054745021301979,-8.90115099705882,0.0,1.0134421677193712,2.3162501784989744,0.0,0.12414831214667688,-3.1676549671118615,0.0,-7.590722702187022,-0.29749938715995966,17.043267823759834,58.850328197378914,75.89359602113875
0.4300000000000003,7.23,0.8552937147439423,2.0243864328499708,-3.3839310826686035,0.955606742112056,-6.971513910114597,-9.073952790077096,0.0,1.0136919789881378,2.3098997027002683,0.0,0.12566194165381206,-3.1828299827784545,0.0,-7.728943029407728,-0.3051479322685127,17.194769348968478,58.698580028084685,75.89334937705317
0.43200000000000033,7.23,0.8485119666104459,2.0262793828087324,-3.397788255021061,0.9372853393053464,-6.885126899932065,-9.24758538178002,0.0,1.0139448114122498,2.3035188253290917,0.0,0.1271692553014464,-3.198056874835715,0.0,-7.868827754312584,-0.3129003031450743,17.346754114737944,58.54634742515194,75.89310153988988
0.43400000000000033,7.23,0.8417026790387533,2.0281353421546395,-3.4114694499437426,0.9186158602842672,-6.79552710432659,-9.422024910960253,0.0,1.014200651076912,2.297107440709213,0.0,0.12866896038653586,-3.2133375700281626,0.0,-8.010379563617398,-0.320752858450278,17.49921778508122,58.39363474002133,75.89285252510254
0.43600000000000033,7.23,0.8348662104468543,2.029953613137771,-3.4249681855953154,0.8995967158285241,-6.702658389108581,-9.597246563609414,0.0,1.0144594814255123,2.290665439291029,0.0,0.1301597075852563,-3.2286740146687127,0.0,-8.153600686887367,-0.3287015896775504,17.652156028431293,58.240446320164175,75.89260234859546
0.43800000000000033,7.23,0.828002932328142,2.03173349488003,-3.438277868696109,0.8802263672987185,-6.606465466040678,-9.773224573003722,0.0,1.0147212831451777,2.2841927076142152,0.0,0.13164008975233632,-3.2440681728239125,0.0,-8.298492882325567,-0.3367421057885881,17.80556452067362,58.08678650605445,75.89235102672808
0.44000000000000034,7.23,0.8211132294725335,2.033474283478207,-3.4513917963158156,0.860503328540434,-6.506893989037667,-9.949932221308986,0.0,1.0149860340499552,2.277689128274137,0.0,0.13310864075983708,-3.259522024382966,0.0,-8.445057422218035,-0.3448696177541591,17.95943894826175,57.93265962805704,75.89209857631879
0.44200000000000034,7.23,0.8141975001838215,2.0351752721108536,-3.4643031578559977,0.84042616778354,-6.4038906527561625,-10.12734184276824,0.0,1.0152537089617284,2.271154579892227,0.0,0.13456383438045172,-3.2750375630091075,0.0,-8.593295078031007,-0.3530789230399125,18.113775011414237,57.77807000323416,75.8918450146484
0.44400000000000034,7.23,0.8072561564928623,2.036835751148941,-3.477005037232076,0.8199935095334863,-6.297403293466595,-10.305424828533598,0.0,1.01552427958894,2.2645889370905863,0.0,0.13600408322070945,-3.290616793972041,0.0,-8.743206105156816,-0.36136439008025856,18.268568427390342,57.623021932072575,75.89159035946292
0.44600000000000034,7.23,0.8002896243661964,2.0384550082702964,-3.4894904152592465,0.7992040364512387,-6.187380992087346,-10.484151633203743,0.0,1.0157977144032369,2.2579920704710355,0.0,0.13742773770952144,-3.3062617318605287,0.0,-8.894790227306563,-0.36971994278614667,18.423814933841758,57.467519695133795,75.89133462897556
0.44800000000000034,7.23,0.7932983439096902,2.0400323285777784,-3.5017521722465155,0.7780564912183836,-6.073774179248588,-10.663491783127014,0.0,1.016073978514154,2.2513638465988675,0.0,0.13883308514779225,-3.321974398174529,0.0,-9.0480466205493,-0.37813904513598806,18.579510292237593,57.31156754963074,75.89107784186834
0.45000000000000034,7.23,0.7862827695667777,2.0415669947211703,-3.5137830908027774,0.7565496783838118,-5.956534742240604,-10.843413886528861,0.0,1.016353033541963,2.2447041279915307,0.0,0.14021834882484385,-3.3377568187965654,0.0,-9.202973896999033,-0.38661468590171544,18.735650291359338,57.15516972593346,75.8908200172928
0.45200000000000035,7.23,0.7792433703108751,2.043058287022744,-3.5255758588585393,0.7346824661882749,-5.835616133688193,-11.023885645521005,0.0,1.0166348374888263,2.23801277311249,0.0,0.14158168720763797,-3.3536110213424246,0.0,-9.359570088153143,-0.3951393635653124,18.892230750862065,56.998330424007854,75.89056117486992
0.45400000000000035,7.23,0.772180629831534,2.0445054836064456,-3.5371230729065806,0.712453788362996,-5.71097348177989,-11.20487387004755,0.0,1.0169193446084015,2.231289636370513,0.0,0.14292119320888153,-3.369539032391614,0.0,-9.517832627887767,-0.40370507148410667,19.049247524898245,56.84105380979101,75.89030133468925
0.45600000000000035,7.23,0.7650950467138914,2.04590786053065,-3.548417241464474,0.6898626458984054,-5.582563701866945,-11.386344493821804,0.0,1.0172065052740762,2.2245345681246094,0.0,0.14423489354015906,-3.3855428745984724,0.0,-9.677758335118389,-0.41230328336596206,19.206696505799925,56.68334401150734,75.89004051730726
0.45800000000000035,7.23,0.7579871346109707,2.0472646919244215,-3.559450788761509,0.66690810877897,-5.450345609234244,-11.568262592304787,0.0,1.0174962658459892,2.217747414694867,0.0,0.1455207481563887,-3.401624563685168,0.0,-9.839343396136247,-0.4209249391185576,19.36457362781472,56.525205115929765,75.88977874374449
0.46000000000000035,7.23,0.7508574224083827,2.048575250127205,-3.570216058652156,0.6435893176799821,-5.314280032831076,-11.750592402774487,0.0,1.017788568537045,2.2109280183794215,0.0,0.14677664979793892,-3.4177861053183545,0.0,-10.00258334663436,-0.429560431139647,19.522874870891087,56.36664116459096,75.88951603548205
0.46200000000000035,7.23,0.743706454380972,2.0498388058318695,-3.580705318757764,0.6199054856220811,-5.174329929737181,-11.933297346531585,0.0,1.0180833512781102,2.204076217477785,0.0,0.1480004236367759,-3.4340294918716245,0.0,-10.16747305343972,-0.4381995911177911,19.681596264507448,56.20765614994944,75.88925241445689
0.46400000000000036,7.23,0.7365347903409499,2.0510546282310136,-3.5909107648377323,0.5958558995791904,-5.030460500125238,-12.116340053285182,0.0,1.0183805475826126,2.1971918463207607,0.0,0.14918982703306527,-3.450356699076461,0.0,-10.334006695971933,-0.44683167741562996,19.840733891540015,56.04825401151592,75.88898790305593
0.46600000000000036,7.23,0.7293430057770557,2.0522219851664403,-3.6008245253908884,0.5714399220354696,-4.882639302468372,-12.299682387757972,0.0,1.0186800864107735,2.1902747353071685,0.0,0.15034254940862568,-3.4667696825648546,0.0,-10.502177747451857,-0.45544536310998857,20.0002838921637,55.88843863194555,75.88872252410926
0.46800000000000036,7.23,0.7221316919842842,2.053340143281686,-3.6104386664873145,0.5466569924868058,-4.730836368728082,-12.483285478547579,0.0,1.0189818920337017,2.1833247109475877,0.0,0.1514562122436185,-3.4832703743072373,0.0,-10.67197895588759,-0.46402872476524387,20.160242467779753,55.728213833102096,75.88845630088184
0.47000000000000036,7.23,0.7149014561837197,2.0544083681774987,-3.619745196830296,0.5215066288822987,-4.575024319244988,-12.66710974927679,0.0,1.0192858838976155,2.176341595915327,0.0,0.1525283692027899,-3.4998606789499895,0.0,-10.843402324869425,-0.4725692320181947,20.32060588496424,55.567583372100145,75.88818925706438
0.47200000000000036,7.23,0.7076529216320164,2.0554259245701294,-3.628736073047516,0.49598842900113177,-4.4151784770428835,-12.851114952061376,0.0,1.0195919764884491,2.1693252091048123,0.0,0.15355650639747864,-3.516542470057236,0.0,-11.016439094209172,-0.48105373805419477,20.481370479430566,55.406550937331815,75.88792141676238
0.47400000000000037,7.23,0.7003867277200686,2.056392076452314,-3.6374032052100196,0.4701020717601688,-4.251276981244052,-13.035260203320268,0.0,1.0199000791971256,2.162275365697587,0.0,0.15453804278954342,-3.533317586262276,0.0,-11.191079720464092,-0.48946847105577324,20.642532659999233,55.24512014448504,75.88765280448428
0.47600000000000037,7.23,0.6931035300604164,2.057306087256794,-3.6457384625768627,0.44384731844757125,-4.083300899282878,-13.219504021948072,0.0,1.0202100961857803,2.155191877236094,0.0,0.15547033074312544,-3.550187827334476,0.0,-11.367313857389842,-0.49779902670563975,20.804088912567714,55.0832945325602,75.88738344512791
0.47800000000000037,7.23,0.6858040005629391,2.0581672200222276,-3.653733679562714,0.41722401387769326,-3.91123433759325,-13.40380436986593,0.0,1.0205219262552476,2.1480745517053994,0.0,0.15635065673003146,-3.567154950168127,0.0,-11.545130336372033,-0.5060303618267267,20.966035804073133,54.92107755989251,75.88711336396564
0.48000000000000037,7.23,0.6784888274983935,2.0589747375613285,-3.6613806619250315,0.3902320874624887,-3.7350645504356175,-13.588118694961024,0.0,1.0208354627141087,2.1409231936230153,0.0,0.15717624219428616,-3.584220664700207,0.0,-11.724517146890406,-0.514146789242075,21.12836998643997,54.75847260018786,75.88684258662784
0.4820000000000004,7.23,0.6711587155493604,2.0597279026310584,-3.6686711931667446,0.3628715541946442,-3.5547820465193216,-13.77240397642073,0.0,1.0211505932496403,2.1337376041369516,0.0,0.15794424458114553,-3.6013866297647175,0.0,-11.905461417075179,-0.5221319739371504,21.29108820050525,54.595482938579735,75.88657113908499
0.4840000000000004,7.23,0.6638143858481755,2.0604259781046954,-3.6755970411496848,0.33514251553764823,-3.370380693067901,-13.956616772461668,0.0,1.021467199800981,2.1265175811321124,0.0,0.15865175853552693,-3.6186544488916788,0.0,-12.087949394419724,-0.5299689306063813,21.454187279912677,54.4321117677153,75.88629904762797
0.4860000000000004,7.23,0.6564565760014267,2.0610682271455834,-3.6821499649132883,0.3070451602180115,-3.181857816966264,-14.14071327044887,0.0,1.021785158434876,2.1192629193451458,0.0,0.15929581727453523,-3.636025666059589,0.0,-12.271966426719445,-0.5376400226647614,21.617664154968036,54.26836218387888,75.88602633884692
0.4880000000000004,7.23,0.6490860401006131,2.0616539133823655,-3.6883217216923723,0.27857976491486613,-2.9892143026227047,-14.324649339394128,0.0,1.0221043392243399,2.1119734104878263,0.0,0.15987339413833845,-3.6535017614105767,0.0,-12.457496943311467,-0.5451269628035535,21.78151585644692,54.10423718316113,75.88575303960805
0.4900000000000004,7.23,0.6417035487185762,2.062182301085491,-3.6941040741270363,0.24974669484220247,-2.7924546861721598,-14.508380584817496,0.0,1.0224246061306026,2.1046488433790387,0.0,0.1603814043232571,-3.671084146938138,0.0,-12.644524436695482,-0.5524108151670586,21.945739519346475,53.939739657682594,75.88547917702907
0.4920000000000004,7.23,0.634309888891325,2.0626526553447735,-3.699488797656999,0.22054640421903748,-2.5915872456428626,-14.691862405949502,0.0,1.0227458168887102,2.0972890040854,0.0,0.1608167068004368,-3.688774162157815,0.0,-12.833031444620957,-0.5594719992245764,22.110332386572455,53.77487239188011,75.88520477845256
0.4940000000000004,7.23,0.6269058640848951,2.063064242247773,-3.704467688091912,0.19097943662286102,-2.3866240867049697,-14.875050055245703,0.0,1.0230678228971473,2.0898936760705533,0.0,0.16117610642304114,-3.706573069771707,0.0,-13.022999532731223,-0.5662902954086327,22.275291812552602,53.609638058865045,75.88492987141765
0.4960000000000004,7.23,0.6194922941468984,2.063416329058768,-3.709032569348438,0.16104642522176815,-2.1775812236173726,-15.05789870017946,0.0,1.0233904691118665,2.0824626403531292,0.0,0.16145635622430587,-3.7244820513382364,0.0,-13.214409277860147,-0.5728448525865116,22.44061526676762,53.444039216862215,75.88465448362983
0.4980000000000004,7.23,0.612070015242441,2.0637081843980623,-3.7131753013440925,0.13074809288076136,-1.9644786549885123,-15.24036348727203,0.0,1.0237135939451056,2.0749956756733456,0.0,0.16165415990822318,-3.742502202958994,0.0,-13.407240252081676,-0.5791141974276948,22.606300337190536,53.27807830573815,75.88437864292868
0.5000000000000003,7.23,0.6046398797741044,2.0639390784213782,-3.7168877880371096,0.10008525213779335,-1.7473404339670482,-15.422399608313249,0.0,1.024037029169379,2.06749255866822,0.0,0.16176617453409614,-3.7606345309950013,0.0,-13.601471007617608,-0.5850762457250975,22.772344733625765,53.11175764362817,75.88410237725392
0.5020000000000003,7.23,0.5972027562857116,2.0641082829990665,-3.7201619856007944,0.06905880504522119,-1.5261947324809146,-15.60396236871979,0.0,1.0243605998270358,2.0599530640552945,0.0,0.16178901339540064,-3.7788799478250965,0.0,-13.797079062713237,-0.5907083157218178,22.938746290938678,52.94507942367078,75.88382571460946
0.5040000000000003,7.23,0.5897595293496197,2.06421507189486,-3.7229899107200883,0.037669742872455544,-1.301073899146642,-15.785007257971372,0.0,1.0246841241457654,2.052376964824802,0.0,0.1617192490928635,-3.797239267659508,0.0,-13.994040888594624,-0.5959871434894473,23.105502972166633,52.778045710858535,75.88354868302517
0.5060000000000003,7.23,0.5823110994373076,2.064258720943894,-3.725363648997313,0.005919145665713388,-1.0720145104761243,-15.965490022059347,0.0,1.0250074134604472,2.044764032440134,0.0,0.16155341680085722,-3.8157132024220632,0.0,-14.192331897625333,-0.6008889003968578,23.2726128715028,52.61065843901432,75.88327131051713
0.5080000000000003,7.23,0.5748583827730551,2.0642385082296952,-3.727275363453318,-0.026191818339079798,-0.8390574150151178,-16.145366737875847,0.0,1.0253302721417215,2.0371140370464644,0.0,0.1612880177254714,-3.8343023577147033,0.0,-14.391926432783674,-0.6053892127010004,23.440074217143756,52.44291940790173,75.88299362504549
0.5100000000000003,7.23,0.5674023111705359,2.0641537142598505,-3.728717303109537,-0.058661893454042026,-0.602247770056342,-16.324593889465316,0.0,1.025652497531668,2.029426747687354,0.0,0.16091952275188126,-3.853007228878258,0.0,-14.592797758584604,-0.6094631832834161,23.60788537399221,52.27483028047827,75.88271565447047
0.5120000000000003,7.23,0.5599438318521782,2.064003622140044,-3.7296818116357606,-0.09148973743138333,-0.3616350705803407,-16.503128446054582,0.0,1.0259738798869664,2.02170193252912,0.0,0.16044437627777186,-3.871828197163603,0.0,-14.794918053572994,-0.6130854155474199,23.776044846206347,52.106392580299996,75.88243742650634
0.5140000000000003,7.23,0.5524839072511778,2.063787517746153,-3.7301613360477286,-0.12467392251321845,-0.11727317008963152,-16.68092794177147,0.0,1.0262942023299058,2.0139393590927446,0.0,0.1598590002288195,-3.890765526027449,0.0,-14.998258404516815,-0.6162300394821151,23.944551279587447,51.93760768908585,75.8821589686733
0.5160000000000003,7.23,0.5450235147960789,2.0635046898940868,-3.7301484354380245,-0.15821293664242625,0.13077970698451344,-16.85795055695635,0.0,1.0266132408076036,2.006138794493056,0.0,0.15915979825131454,-3.909819357567083,0.0,-15.202788802430222,-0.6188707398895786,24.113403463797596,51.76847684444985,75.88188030824745
0.5180000000000003,7.23,0.5375636466778748,2.063154430507035,-3.729635789723093,-0.19210518483764188,0.3824609616074621,-17.034155200965717,0.0,1.0269307640597807,1.9983000056848872,0.0,0.15834316007619909,-3.9289897091083956,0.0,-15.408478140557184,-0.6209807867617271,24.282600334399472,51.59900113780903,75.8816014722085
0.5200000000000004,7.23,0.5301053095996131,2.0627360347798036,-3.728616208388638,-0.22634899073525971,0.6377036254863009,-17.209501596361335,0.0,1.0272465335954326,1.9904227597158934,0.0,0.15740546604790107,-3.948276469961484,0.0,-15.615294214446465,-0.622533067782869,24.452140974711007,51.42918151247489,75.8813224871859
0.5220000000000004,7.23,0.5226495245085266,2.062248801339896,-3.72708263921508,-0.2609425983011082,0.8964363757023653,-17.38395036437381,0.0,1.0275603036787166,1.9825068239856827,0.0,0.15634309181046124,-3.967679398357978,0.0,-15.823203724247874,-0.6235001229231169,24.622024617467243,51.259018761935266,75.88104337940251
0.5240000000000004,7.23,0.5151973263107497,2.061692032404999,-3.725028176964259,-0.2958841737142305,1.158583558878405,-17.557463111524797,0.0,1.0278718213243634,1.9745519665108722,0.0,0.15515241314255945,-3.9871981185840655,0.0,-16.03217227935836,-0.6238541810766689,24.79225064628281,51.088513528334,75.88076417461681
0.5260000000000004,7.23,0.5077497635687146,2.0610650339365275,-3.7224460720080708,-0.3311718074249677,1.4240652251043047,-17.730002517287478,0.0,1.0281808263028926,1.966557956195679,0.0,0.15382981093221215,-4.006832118322882,0.0,-16.242164405544052,-0.6235671986877612,24.962818596907933,50.9176663011547,75.88048489806263
0.5280000000000004,7.23,0.5003078981813669,2.060367115788878,-3.7193297388793325,-0.3668035163892994,1.6927971718212858,-17.901532422661607,0.0,1.02848705115592,1.9585245631075985,0.0,0.15237167628094805,-4.026580746219707,0.0,-16.453143554661565,-0.6226109002951228,25.133728158272685,50.746477416114885,75.88020557438757
0.5300000000000004,7.23,0.4928728050473717,2.059597591854033,-3.7156727647247663,-0.40277724648114227,1.9646909978379887,-18.072017919535377,0.0,1.0287902212217857,1.9504515587577238,0.0,0.1507744157265113,-4.046443209682863,0.0,-16.665072117097452,-0.6209568209144523,25.304979173313022,50.57494705427607,75.8799262275891
0.5320000000000004,7.23,0.48544557171153024,2.0587557802011656,-3.7114689176396984,-0.43909087508405076,2.239654167624528,-18.241425440703793,0.0,1.0290900546717388,1.9423387163852148,0.0,0.1490344565722087,-4.066418572932827,0.0,-16.877911437040108,-0.6185763501662745,25.476571639573855,50.40307524137532,75.87964688094917
0.5340000000000004,7.23,0.47802729799466204,2.0578410032108763,-3.706712154863789,-0.47574221386350113,2.5175900860013742,-18.409722850410517,0.0,1.0293862625568784,1.934185811245413,0.0,0.1471482523102563,-4.086505755311488,0.0,-17.091621830692574,-0.615440778044991,25.648505709584256,50.23086184738271,75.87936755696697
0.5360000000000004,7.23,0.4706190956072518,2.0568525877037063,-3.7013966308169146,-0.5127290117206695,2.79839818330946,-18.576879535278294,0.0,1.029678548866022,1.9259926209010638,0.0,0.14511228812563237,-4.106703529862823,0.0,-17.306162607527824,-0.6115213422130108,25.820781691000743,50.05830658628921,75.87908827728995
0.5380000000000004,7.23,0.4632220877472021,2.055789865062561,-3.69551670495418,-0.5500489579283466,3.081974011116335,-18.742866495491622,0.0,1.0299666105946537,1.9177589255161034,0.0,0.1429230864662503,-4.127010522195619,0.0,-17.521492094680873,-0.6067892766925919,25.993400046514914,49.88540901612846,75.87880906264337
0.5400000000000004,7.23,0.45583740868207445,2.0546521713486787,-3.689066949418959,-0.5876996854493551,3.36820934848007,-18.907656436094427,0.0,1.03025013782506,1.9094845081514253,0.0,0.14057721266447798,-4.147425209638012,0.0,-17.73756766456298,-0.601215861816462,26.166361393522237,49.71216853923582,75.87852993275806
0.5420000000000004,7.23,0.448466203316244,2.053438847410779,-3.6820421564728565,-0.6256787744375635,3.6569923187591797,-19.07122385826566,0.0,1.0305288138177575,1.9011691550620413,0.0,0.13807128059439777,-4.167945920692908,0.0,-17.95434576577458,-0.5947724752875337,26.339666503550067,49.53858440274698,75.87825090629704
0.5440000000000004,7.23,0.44110962674343457,2.0521492389870297,-3.6744373456815382,-0.6639837559213143,3.948207516921528,-19.233545150435788,0.0,1.0308023151142485,1.8928126559950185,0.0,0.13540195834854218,-4.188570834802247,0.0,-18.171781957382407,-0.5874306441873626,26.513316301442224,49.364655699338215,75.87797200078043
0.5460000000000004,7.23,0.43376884378514413,2.05078269679946,-3.6662477708355095,-0.7026121156688137,4.241736147270445,-19.394598679108682,0.0,1.031070311651138,1.8844148044875833,0.0,0.1325659739173417,-4.209297982427298,0.0,-18.38983094661604,-0.5791620977633012,26.687311864299403,49.190381368209785,75.87769323250919
0.5480000000000004,7.23,0.4264450285155106,2.0493385766404657,-3.6574689265851172,-0.7415612982347575,4.5374561714697,-19.554364879255125,0.0,1.0313324668856023,1.8759753981647311,0.0,0.1295601208538808,-4.230125245451005,0.0,-18.608446630026624,-0.569938820814322,26.86165442017494,49.015760196312705,75.87741461648764
0.5500000000000004,7.23,0.41913936377321054,2.0478162394510404,-3.64809655476933,-0.7808287111872074,4.83524246671303,-19.712826344146826,0.0,1.031588437932152,1.8674942390357168,0.0,0.1263812639062799,-4.251050357907356,0.0,-18.827582138138123,-0.5597331074874676,27.03634534652526,48.84079081981963,75.87713616634488
0.5520000000000004,7.23,0.4118530406610238,2.0462150513903707,-3.6381266504181857,-0.820411729513468,5.134966993847203,-19.869967914503324,0.0,1.0318378757106168,1.8589711337887458,0.0,0.12302634459948603,-4.272070907041627,0.0,-19.0471898836082,-0.5485176152882131,27.211386168416524,48.665471725838586,75.87685789425511
0.5540000000000004,7.23,0.4045872580337353,2.044534383896445,-3.62755546740923,-0.8603077002034668,5.436498975221204,-20.025776766828177,0.0,1.032080425105225,1.8504058940832198,0.0,0.11949238674808593,-4.293184334704113,0.0,-19.26722161290161,-0.5362654191014589,27.38677855648813,48.48980125436887,75.87657981085701
0.5560000000000004,7.23,0.3973432219750865,2.0427736137373174,-3.6163795237587406,-0.9005139470088975,5.739705081997649,-20.180242500816018,0.0,1.0323157251346244,1.8417983368388546,0.0,0.1157765018814425,-4.314387939078772,0.0,-19.487628461464798,-0.5229500650132515,27.562524324675277,48.31377760049699,75.87630192517227
0.5580000000000004,7.23,0.390122145264525,2.0409321230526802,-3.604595606529116,-0.9410277753761527,6.04444963062694,-20.33335722571774,0.0,1.0325434091326553,1.833148284521008,0.0,0.11187589456235913,-4.335678876746942,0.0,-19.708361012375338,-0.5085456237182725,27.738625427693513,48.13739881683016,75.87602424452368
0.5600000000000004,7.23,0.3829252468345385,2.039009299385399,-3.5922007763344275,-0.981846477550856,6.350594788148843,-20.485115645557684,0.0,1.0327631049396302,1.8244555654215464,0.0,0.10778786758041381,-4.357054165084947,0.0,-19.929369358424317,-0.49302674329390983,27.915083958287862,47.96066281616423,75.8757467744521
0.5620000000000004,7.23,0.37575375121939353,2.0370045357026685,-3.579192371426843,-1.0229673378515978,6.658000785952365,-20.635515143104378,0.0,1.0329744351038683,1.8157200139345813,0.0,0.10350982700110745,-4.378510684993151,0.0,-20.1506031675744,-0.4763687011184846,28.091902144251158,47.78356737438233,75.87546951863348
0.5640000000000004,7.23,0.36860888799613467,2.0349172304064522,-3.565568011347408,-1.0643876381102897,6.966526141590776,-20.784555862504362,0.0,1.0331770170931593,1.8069414708264235,0.0,0.0990392870521346,-4.400045183952631,0.0,-20.372011751720283,-0.45854745470945724,28.26908234521541,47.60611013357959,75.875192478795
0.5660000000000004,7.23,0.36149189121873093,2.0327467873328806,-3.551325600125497,-1.1061046632763805,7.276027888216851,-20.93224079049828,0.0,1.0333704635158305,1.7981197834990972,0.0,0.09437387482822845,-4.421654279404376,0.0,-20.59354413866257,-0.43953969125635467,28.44662704922196,47.42828860540931,75.87491565463127
0.5680000000000004,7.23,0.35440399884628665,2.0304926157402767,-3.536463329012161,-1.1481157071820267,7.58636181117249,-21.078575836148023,0.0,1.0335543823510227,1.7892548062467766,0.0,0.08951133479637985,-4.443334462444479,0.0,-20.815149147189953,-0.41932287562383375,28.624538869075803,47.25010017464445,75.87463904372025
0.5700000000000004,7.23,0.3473464521662639,2.0281541302854933,-3.5209796787335508,-1.190418078465177,7.897382691237765,-21.223569909014657,0.0,1.0337283771877601,1.7803464005045297,0.0,0.08444953308361136,-4.465082101827506,0.0,-21.03677546514887,-0.39787529660193116,28.802820538490213,47.071542102948925,75.87436264143913
0.5720000000000004,7.23,0.34032049521368835,2.0257307509882496,-3.5048734212516144,-1.2330091066474216,8.208944554017558,-21.36723499573907,0.0,1.0338920474723672,1.7713944350887456,0.0,0.07918646152989695,-4.486893448268937,0.0,-21.258371730364697,-0.37517611118316757,28.981474908028872,46.89261153285128,75.87408644088015
0.5740000000000004,7.23,0.3333273741873364,2.023221903183159,-3.4881436210203356,-1.2758861483633737,8.520900924918553,-21.5095862349892,0.0,1.0340449887637426,1.762398786428674,0.0,0.07372024148949385,-4.508764639036212,0.0,-21.479886614262924,-0.3512053866508536,29.160504940852693,46.71330549191417,75.87381043276686
0.5760000000000004,7.23,0.32636833686392336,2.02062701745915,-3.4707896357269044,-1.3190465937382925,8.833105089146573,-21.650641990751467,0.0,1.034186792995971,1.753359338788497,0.0,0.06804912736446145,-4.530691702816674,0.0,-21.701268908024353,-0.3259441402676986,29.33991370827919,46.53362089709131,75.87353460537051
0.5780000000000004,7.23,0.3194446320113322,2.0179455295859863,-3.4528111165083573,-1.3624878729106247,9.145410356133935,-21.790423923958322,0.0,1.0343170487477147,1.744275984479403,0.0,0.062171509855018514,-4.552670564849463,0.0,-21.92246761109438,-0.29937437636112935,29.51970438516231,46.35355455926422,75.87325894442652
0.5800000000000004,7.23,0.3125575088019407,2.0151768804276005,-3.4342080076354424,-1.4062074626961405,9.457670327788867,-21.928957062458792,0.0,1.034435341517823,1.7351486240611438,0.0,0.05608591891208903,-4.574697052307263,0.0,-22.143432021853137,-0.271479120609011,29.699880245102396,46.17310318794978,75.87298343305217
0.5820000000000004,7.23,0.30570821622711924,2.0123205158419584,-3.4149805456566793,-1.4502028933903721,9.76973916994349,-22.0662698693546,0.0,1.034541254006525,1.7259771665325885,0.0,0.04979102637831068,-4.5967668999126,0.0,-22.364111830240496,-0.24224245133860636,29.88044465549431,45.99226339616979,75.87270805166409
0.5840000000000004,7.23,0.2988980025139857,2.0093758865671845,-3.3951292579968526,-1.4944717557061198,10.081471886365486,-22.202394309741344,0.0,1.0346343664015916,1.7167615295108267,0.0,0.04328564830478121,-4.6188757557723825,0.0,-22.58445721211895,-0.21164952766188574,30.06140107242389,45.81103170547305,75.87243277789693
0.5860000000000004,7.23,0.29212811454551224,2.0063424480936805,-3.374654961005456,-1.5390117078428915,10.392724594689062,-22.33736591591153,0.0,1.0347142566687886,1.7075016393983944,0.0,0.03656874693175327,-4.641019187413308,0.0,-22.804418925146255,-0.17968661428097912,30.242753035422208,45.62940455110031,75.87215758652252
0.5880000000000004,7.23,0.28539979728508863,2.003219660521974,-3.353558757451895,-1.5838204826852704,10.703354803615165,-22.471223851094138,0.0,1.034780500845956,1.6981974315382482,0.0,0.029639432322689507,-4.663192687999888,0.0,-23.02394840592104,-0.14634110281020582,30.42450416208792,45.4473782872822,75.87188244937012
0.5900000000000004,7.23,0.2787142932066494,2.0000069884060454,-3.331842033465564,-1.6288958951273749,11.013221690728153,-22.60401097182467,0.0,1.0348326733399886,1.6888488503561336,0.0,0.022496963642117396,-4.685391682715866,0.0,-23.242997868155697,-0.11160152947354361,30.606658142587413,45.26494919265979,75.8716073352472
0.5920000000000004,7.23,0.27207284173147717,1.9967039005818805,-3.309506454920218,-1.6742358495207805,11.32218638027739,-22.73577388905928,0.0,1.0348703472260237,1.6794558494900425,0.0,0.015140750068986852,-4.707611535289216,0.0,-23.461520401625066,-0.07545758905054124,30.789218734044283,45.082113475817536,75.87133220986182
0.5940000000000004,7.23,0.26547667867279195,1.993309869981007,-3.286553963263358,-1.7198383472435244,11.630112220275358,-22.866563028165842,0.0,1.0348930945480692,1.6700183919064964,0.0,0.0075703513384601795,-4.7298475546399406,0.0,-23.679470071632686,-0.03790014495815153,30.97218975482724,44.89886728091797,75.87105703574521
0.5960000000000004,7.23,0.25892703568923553,1.9898243734287733,-3.2629867707926334,-1.7657014943880947,11.936865058272991,-22.996432687947642,0.0,1.034900486620353,1.660536450003427,0.0,-0.00021452209371508602,-4.752095001629613,0.0,-23.896802018733904,0.0010787646291573975,31.155575078748694,44.71520669342762,75.87078177217631
0.5980000000000004,7.23,0.252425139748353,1.9862468914271338,-3.2388073553825483,-1.8118235095666453,12.242313515182621,-23.125441098875164,0.0,1.0348920943286093,1.6510100056994748,0.0,-0.008214009268752598,-4.774349095890782,0.0,-24.113472558451225,0.041485924702783984,31.33937862918343,44.53112774592327,75.8705063751067
0.6000000000000004,7.23,0.24597221260116736,1.9825769079217075,-3.2140184546659842,-1.858202731832045,12.546329256534518,-23.253650480724918,0.0,1.0348674884305515,1.6414390505095677,0.0,-0.016428099327517875,-4.796605022714212,0.0,-24.329439280717494,0.08332694545282258,31.523604373119085,44.34662642396816,75.87023079708725
0.6020000000000004,7.23,0.23956947026893105,1.9788139100528797,-3.1886230596762775,-1.904837628713794,12.848787260570566,-23.38112709984684,0.0,1.0348262398547492,1.6318235856066812,0.0,-0.024856632500288245,-4.8188579399714175,0.0,-24.544661148782282,0.1266062684601577,31.708256315148496,44.16169867204698,75.86995498719548
0.6040000000000004,7.23,0.2332181225431276,1.974957387890718,-3.1626244079567507,-1.9517268043683051,13.149566082600556,-23.507941326305374,0.0,1.0347679199971407,1.6221636218697448,0.0,-0.03349930148408331,-4.84110298504989,0.0,-24.759098597319692,0.1713271770807431,31.89333849141488,43.97634039954967,75.86967889096455
0.6060000000000004,7.23,0.22691937249977984,1.9710068341534728,-3.1360259761457354,-1.9988690078435638,13.448548115071013,-23.634167691163828,0.0,1.0346921010144015,1.6124591799176784,0.0,-0.04235565320690504,-4.863335281778204,0.0,-24.972713629479177,0.21749181103936274,32.07885496352007,43.79054748679297,75.86940245031303
0.6080000000000004,7.23,0.22067441602910523,1.966961743909433,-3.1088314720461767,-2.046263141458742,13.745619842825107,-23.75988494420632,0.0,1.0345983561133985,1.6027102901296058,0.0,-0.051425090976803256,-4.8855499473182125,0.0,-25.18546991262656,0.26510118523326265,32.264809812406234,43.60431579106975,75.869125603476
0.6100000000000004,7.23,0.214484441381539,1.962821614261908,-3.0810448261899435,-2.0939082692999595,14.040672093063838,-23.885176112417753,0.0,1.034486259835969,1.5929169926513422,0.0,-0.060706877012420946,-4.907742099001695,0.0,-25.397332872529592,0.3141552127300643,32.4512071322213,43.41764115271603,75.86884828493733
0.6120000000000004,7.23,0.20835062873112484,1.9585859440171003,-3.052670182907897,-2.141803625834047,14.333600279552536,-24.010128559567807,0.0,1.0343553883382524,1.5830793373882766,0.0,-0.07020013535050035,-4.929906861088833,0.0,-25.60826978575033,0.36465273192904823,32.63805102417738,43.23051940118566,75.86857042536303
0.6140000000000004,7.23,0.20227414975724983,1.9542542333346293,-3.0237118909176526,-2.1899486246428923,14.62430464065554,-24.134834047273202,0.0,1.034205319663841,1.5731973839848359,0.0,-0.07990385512451664,-4.952039371426418,0.0,-25.81824987001755,0.41659153783913055,32.825345590412226,43.04294636112316,75.86829195153538
0.6160000000000004,7.23,0.19625616724567552,1.9498259833604645,-2.9941744934417662,-2.238342867281719,14.912690470821445,-24.259388797939337,0.0,1.034035634010007,1.5632712017907497,0.0,-0.08981689420754635,-4.9741347879838305,0.0,-26.027244372362876,0.4699684174127514,33.01309492786281,42.854917858425665,75.86801278628847
0.6180000000000004,7.23,0.19029783470979117,1.9453006958420136,-2.964062717869778,-2.2869861522654866,15.198668345185217,-24.383893560011877,0.0,1.0338459139862823,1.5533008698143869,0.0,-0.09993798321125541,-4.996188295245457,0.0,-26.23522665481812,0.5247791888603917,33.20130312215911,42.66642972628496,75.86773284844406
0.6200000000000004,7.23,0.18440029603298738,1.9406778727251066,-2.933381464978184,-2.3358784841884805,15.482154336999415,-24.508453675998517,0.0,1.0336357448646973,1.5432864766634613,0.0,-0.11026572983199079,-5.018195110438684,0.0,-26.442172277484822,0.5810187448580919,33.38997424154766,42.47747781120112,75.86745205274877
0.6220000000000004,7.23,0.17856468513301965,1.9359570157326016,-2.9021357977229214,-2.385020082983126,15.763070227654717,-24.633179153751428,0.0,1.0334047148209828,1.5332281204734697,0.0,-0.12079862353381482,-5.040150489577235,0.0,-26.648059078802802,0.6386810995473208,33.579112330851444,42.288057978959955,75.8671703098114
0.6240000000000004,7.23,0.17279212564920202,1.9311376259243291,-2.8703309296193815,-2.4344113933250573,16.041343709101252,-24.758184741533434,0.0,1.0331524151660827,1.5231259088242393,0.0,-0.1315350405575676,-5.0620497333003485,0.0,-26.852867252861124,0.6977594392161803,33.76872140547454,42.09816612056653,75.86688752604107
0.6260000000000004,7.23,0.1670837306532403,1.9262192032380725,-2.837972212725305,-2.4840530941925634,16.31690857853453,-24.88359000742329,0.0,1.0328784405673292,1.5129799586450183,0.0,-0.14247324924410903,-5.083888192489022,0.0,-27.056579423612305,0.7582461765403335,33.9588054454579,41.90779815812782,75.86660360358572
0.6280000000000004,7.23,0.16144060238448393,1.921201246011267,-2.805065125242111,-2.5339461085896735,16.589704925264808,-25.009519423650417,0.0,1.0325823892586667,1.50279039610857,0.0,-0.1536114156592273,-5.105661273641372,0.0,-27.259180715869398,0.8201330082536005,34.14936838959243,41.716950050677966,75.86631844027039
0.6300000000000004,7.23,0.15586383201034332,1.916083250483082,-2.7716152587503284,-2.584091613443358,16.859679309745616,-25.136102456485272,0.0,1.0322638632393413,1.4925573565147747,0.0,-0.1649476095069798,-5.127364443990116,0.0,-27.46065882298532,0.8834109761102273,34.34041412959597,41.52561779994032,75.86603192953629
0.6320000000000005,7.23,0.15035449941258947,1.9108647102765233,-2.7376283050947956,-2.6344910496866154,17.126784934794404,-25.26347366234838,0.0,1.0319224684604769,1.482280984164265,0.0,-0.17647981031775722,-5.148993236345933,0.0,-27.661004071133235,0.9480705309950294,34.531946504358004,41.333797456020754,75.86574396037875
0.6340000000000005,7.23,0.14491367300022034,1.905545115860174,-2.7031100429351484,-2.6851461325405803,17.39098180909942,-25.39177279084197,0.0,1.0315578149990203,1.4719614322226595,0.0,-0.18820591389684488,-5.170543253651638,0.0,-27.86020948012875,1.014101600032461,34.72396929425793,41.141485123027515,75.86545441728543
0.6360000000000005,7.23,0.1395424095495482,1.9001239539891586,-2.6680663239768916,-2.736058862010231,17.652236903166777,-25.521144895448103,0.0,1.0311695172185353,1.461598862575995,0.0,-0.20012373901890254,-5.192010173232885,0.0,-28.05827082075501,1.0814936565423021,34.91648621555971,40.94867696461375,75.86516318017345
0.6380000000000005,7.23,0.13424175407213176,1.8946007071248905,-2.6325030588979574,-2.7872315336098152,17.91052429792483,-25.651740452682322,0.0,1.0307571939163784,1.4511934456779663,0.0,-0.2122310343535701,-5.213389750732314,0.0,-28.25518666857471,1.1502357926879496,35.109500914887136,40.75536920943885,75.86487012432599
0.6400000000000005,7.23,0.12901273971114774,1.888974852833123,-2.596426202985175,-2.8386667493357285,18.165825326265747,-25.78371549053756,0.0,1.030320468456802,1.440745360389624,0.0,-0.22452548560723495,-5.234677823714909,0.0,-28.450958454233955,1.220316794662786,35.30301696378117,40.56155815654603,75.8645751203272
0.6420000000000005,7.23,0.1238563876667679,1.883245863159791,-2.559841741494437,-2.8903674289063037,18.418128707869208,-25.917231727102813,0.0,1.0298589688895674,1.4302547938122059,0.0,-0.23700472286591903,-5.255870314933457,0.0,-28.645590510286148,1.2917252202610567,35.49703785334177,40.36724018065418,75.86427803399596
0.6440000000000005,7.23,0.11877370715108122,1.8774132039840898,-2.522755674747601,-2.9423368212897887,18.667430677718215,-26.052456720293776,0.0,1.0293723280536904,1.4197219411137783,0.0,-0.24966632812439604,-5.2769632352440565,0.0,-28.839090114586337,1.3644494786828538,35.69156698895557,40.17241173736211,75.86397872631768
0.6460000000000005,7.23,0.11376569537307524,1.8714763343481893,-2.48517400297828,-2.99457851654372,18.913735108783413,-26.189564029688803,0.0,1.028860183665949,1.4091470053504074,0.0,-0.2625078429867458,-5.297952686162502,0.0,-29.031467530328367,1.4384779124266591,35.88660768510918,39.977069368264864,75.86367705337405
0.6480000000000005,7.23,0.10883333755416763,1.865434705762938,-2.447102710937647,-3.047096457990945,19.157053629419487,-26.32873339152416,0.0,1.0283221783938312,1.3985301972825848,0.0,-0.2755267765238745,-5.3188348620534756,0.0,-29.222736042820078,1.5137988811289604,36.08216316028804,39.781209705981944,75.86337286626998
0.6500000000000005,7.23,0.10397760697475772,1.8592877614888552,-2.4085477522702328,-3.0998949547597214,19.397405736085375,-26.47015090796709,0.0,1.0277579599126256,1.3878717351876444,0.0,-0.2887206132739126,-5.339606051945374,0.0,-29.41291199311356,1.5904008472178282,36.27823653195992,39.58482947909809,75.86306601105801
0.6520000000000005,7.23,0.09919946505224903,1.853034935791655,-2.369515033668399,-3.1529786947176235,19.634818902069057,-26.61400925185577,0.0,1.0271671809463745,1.3771718446689332,0.0,-0.30208682137190934,-5.360262640964533,0.0,-29.60201480862949,1.6682724632563841,36.4748308116407,39.387925517018274,75.86275632865897
0.6540000000000005,7.23,0.09449986145097805,1.8466756531714807,-2.33001039881274,-3.2063527578314424,19.869328682967705,-26.760507888170263,0.0,1.0265494992924544,1.3664307584624935,0.0,-0.315622860795847,-5.38080111138348,0.0,-29.790067030936054,1.7474026608626283,36.67194890004052,39.190494754738836,75.86244365477936
0.6560000000000005,7.23,0.08987973422447147,1.8402093275649665,-2.290039612104088,-3.2600226299878727,20.100978819745496,-26.909853313580953,0.0,1.025904577829554,1.3556487162420459,0.0,-0.32932619171667765,-5.401218043278632,0.0,-29.977094340863946,1.8277807411040328,36.869593582286,38.99253423753801,75.86212781982401
0.6580000000000005,7.23,0.08534000999044421,1.833635361519164,-2.24960834219109,-3.31399421731256,20.329821340263447,-27.062259315509166,0.0,1.0252320845088596,1.3448259644230405,0.0,-0.34319428294098325,-5.421510114793638,0.0,-30.16312558115983,1.9093964662793963,37.06776752321515,38.79404112558923,75.86180864880438
0.6600000000000005,7.23,0.0808816041389449,1.826953145336301,-2.208722145295451,-3.36827386102805,20.55591666025052,-27.21794725223193,0.0,1.0245316923282735,1.333962755966588,0.0,-0.3572246204356634,-5.441674102005225,0.0,-30.348192776900625,1.992240153015003,37.26647326273964,38.595012698502074,75.86148596124171
0.6620000000000005,7.23,0.07650542107405296,1.820162056188247,-2.167386448334931,-3.422868352894344,20.779333684760466,-27.377146355667293,0.0,1.0238030792895039,1.3230593501840535,0.0,-0.37141471592517344,-5.4617068783889575,0.0,-30.53233115391058,2.0763027666193676,37.46571321126828,38.395446359795784,75.86115957106406
0.6640000000000005,7.23,0.07221235448953352,1.8132614571994772,-2.1256065318420143,-3.4777849512791543,21.000149911237536,-27.540094058591684,0.0,1.0230459283378979,1.312116012543121,0.0,-0.38576211555290524,-5.481605413882903,0.0,-30.715579155442374,2.1615760166587727,37.66548964518569,38.1953396413116,75.86082928649728
0.6660000000000005,7.23,0.0680032876788626,1.8062506964972247,-2.0833875126738444,-3.5330313979085757,21.21845153539477,-27.707036348166078,0.0,1.0222599272848936,1.3011330144761348,0.0,-0.4002644085995328,-5.501366773547527,0.0,-30.897978457401823,2.2480524537356046,37.86580470237834,37.99469020757067,75.86049490994901
0.6680000000000005,7.23,0.06387909388004698,1.7991291062274053,-2.040734326506524,-3.5886159353527862,21.43433356119197,-27.87822814778396,0.0,1.021444768712984,1.2901106331915246,0.0,-0.4149192362524487,-5.520988115820498,0.0,-31.079573982413926,2.335725567472663,38.06666037779994,37.79349586008529,75.86015623788523
0.6700000000000005,7.23,0.05984063665567858,1.791896001534787,-1.9976517101042242,-3.6445473253055503,21.647899916288168,-28.053933729405117,0.0,1.0206001498630932,1.2790491514891302,0.0,-0.42972430042184007,-5.540466690365207,0.0,-31.260413913045074,2.4245898857294588,38.26805851906654,37.59175454163186,75.8598130606984
0.6720000000000005,7.23,0.055888770308686046,1.7845506795057544,-1.9541441833506987,-3.7008348677207983,21.859263574434188,-28.23442715870246,0.0,1.019725772504275,1.2679488575802311,0.0,-0.4446773726004747,-5.5597998355119245,0.0,-31.440549704513387,2.5146410751009234,38.47000082207157,37.38946434049496,75.85946516256652
0.6740000000000005,7.23,0.052024340334273465,1.7770924180718877,-1.9102160310277836,-3.7574884208743886,22.068546686368094,-28.41999277553063,0.0,1.018821342785655,1.2568100449131068,0.0,-0.4597763027658247,-5.5789849752904805,0.0,-31.620036097235953,2.605876042774628,38.672488826610326,37.18662349469277,75.85911232130309
0.6760000000000005,7.23,0.04824818390857031,1.7695204748724305,-1.8658712843222252,-3.814518422424359,22.27588072087689,-28.610925712421988,0.0,1.01788657107052,1.2456330120049373,0.0,-0.4750190283249226,-5.598019616053038,0.0,-31.798931129576765,2.698293039850537,38.87552391200116,36.98323039619473,75.85875430819588
0.6780000000000005,7.23,0.04456113041455757,1.7618340860735746,-1.8211137020387511,-3.8719359115486154,22.48140661779724,-28.807532454034025,0.0,1.0169211717524766,1.2344180622808716,0.0,-0.4904035831040783,-5.616901342685306,0.0,-31.977296151175697,2.7918917662562555,39.07910729269108,36.77928359514365,75.85839088783473
0.6800000000000005,7.23,0.04096400200588261,1.7540324651423214,-1.7759467514936407,-3.9297525522450756,22.685274954843752,-29.010131440712208,0.0,1.0159248630535818,1.2231655039210863,0.0,-0.5059281063875538,-5.635627814403974,0.0,-32.15519583725379,2.8866734774221947,39.283240013831985,36.574781804095146,75.85802181792712
0.6820000000000005,7.23,0.03745761420923073,1.7461148015725045,-1.7303735890591443,-3.9879806578858874,22.887646130277393,-29.219053719594847,0.0,1.0148973668043393,1.2118756497166645,0.0,-0.5215908520112442,-5.6541967601374825,0.0,-32.332698204305366,2.9826410929137883,39.487922946812205,36.36972390228816,75.85764684910036
0.6840000000000005,7.23,0.03404277656598487,1.7380802595603684,-1.6843970403249504,-4.046633217124463,23.088690563561833,-29.434643646978778,0.0,1.0138384082054546,1.2005488169351326,0.0,-0.5373901975195805,-5.672605973486435,0.0,-32.50987462760238,3.079799307253227,39.69315678472819,36.16410893996162,75.85726572468981
0.6860000000000005,7.23,0.030720293313976816,1.7299279766268922,-1.6380195798384558,-4.105723921261844,23.2885889163008,-29.65725964598401,0.0,1.0127477155711957,1.1891853271965016,0.0,-0.5533246533960596,-5.690853307258845,0.0,-32.68679986095136,3.17815470320023,39.89894203777841,35.95793614273332,75.85687818051173
0.6880000000000005,7.23,0.02749096411021449,1.7216570621838265,-1.591243310380851,-4.165267193187309,23.487532335908746,-29.887275023910703,0.0,1.011625020054213,1.177785506360667,0.0,-0.5693928723802024,-5.708936667574269,0.0,-32.863552059158806,3.277715867801281,40.10527902856156,35.75120491605787,75.85648394461944
0.6900000000000005,7.23,0.024355584795560804,1.7132665960401712,-1.5440699417309625,-4.225278218017346,23.68572272464047,-30.125078854072022,0.0,1.0104700553516286,1.1663496844270327,0.0,-0.5855936588862413,-5.726854007529381,0.0,-33.04021280367557,3.37849351155913,40.312167887260244,35.543914849782226,75.85608273704247
0.6920000000000005,7.23,0.02131494820244124,1.7047556268455673,-1.4965007688633478,-4.28577297556706,23.883373036795174,-30.371076927318526,0.0,1.0092825573921662,1.1548781954472591,0.0,-0.6019259785413669,-5.744603320415816,0.0,-33.216867131906994,3.4805005911190463,40.51960854668768,35.33606572281835,75.85567426950603
0.6940000000000005,7.23,0.01836984500676989,1.6961231704667932,-1.4485366495213094,-4.346768274799018,24.0807076071204,-30.62569277894916,0.0,1.008062264004074,1.1433713774520213,0.0,-0.6183889678643579,-5.762182632479288,0.0,-33.39360357069146,3.5837524359178943,40.72760073717692,35.12765750795371,75.85525824513063
0.6960000000000005,7.23,0.01552106462540869,1.6873682082932562,-1.4001779810992103,-4.4082817904064395,24.277962513670843,-30.88936879723166,0.0,1.0068089145635262,1.1318295723927263,0.0,-0.6349819441081441,-5.7795899952066545,0.0,-33.57051417446681,3.688266879292836,40.93614398128738,34.91869037682221,75.8548343581096
0.6980000000000005,7.23,0.012769396160612444,1.6784896854670421,-1.3514246767617193,-4.4703321017006425,24.47538597863243,-31.162567420343407,0.0,1.0055222496231557,1.1202531260991333,0.0,-0.6517044152932163,-5.796823477125208,0.0,-33.74769456866183,3.794064394603742,41.14523758830397,34.70916470505914,75.85440229336311
0.7000000000000005,7.23,0.010115629393064174,1.6694865090327349,-1.3022761407203105,-4.53293873398695,24.673238810903957,-31.445772429193426,0.0,1.0042020105203033,1.1086423882538834,0.0,-0.6685560904619972,-5.8138811550956095,0.0,-33.92524399886868,3.901168236982991,41.354880648501286,34.499081077665835,75.85396172616711
0.7020000000000005,7.23,0.007560555825272495,1.6603575460018294,-1.2527312425794537,-4.596122202628861,24.871794894541402,-31.739490344308663,0.0,1.0028479389645109,1.0969977123849661,0.0,-0.6855368901879857,-5.8307611050767125,0.0,-34.10326538637147,4.009604591392548,41.56507202714377,34.28844029461139,75.85351232175516
0.7040000000000005,7.23,0.005104969777286264,1.6511016213261498,-1.2027882906563774,-4.659904060017462,25.071341727517805,-32.04425193576982,0.0,1.0014597766037099,1.0853194558771992,0.0,-0.7026469573773414,-5.847461392336996,0.0,-34.281865390627594,4.119402727739436,41.77581035819059,34.07724337670047,75.85305373489106
0.7060000000000005,7.23,0.002749669536883145,1.6417175157742274,-1.152445004169005,-4.724306945681903,25.27218101563874,-32.36061385607371,0.0,1.000037264568479,1.073607980003869,0.0,-0.7198866684046582,-5.863980061083332,0.0,-34.46115447932082,4.230595163878062,41.98709403767148,33.8654915717388,75.85258560941028
0.7080000000000005,7.23,0.0004954585666094909,1.632203963704106,-1.1016984841765558,-4.789354639797467,25.47462932688461,-32.68916040679143,0.0,0.9985801429936597,1.061863649979716,0.0,-0.7372566446292536,-5.880315123473397,0.0,-34.64124700662906,4.343217837413243,42.19892121669789,33.6531863610299,75.85210757772779
0.7100000000000005,7.23,-0.0016568532297091773,1.6225596507255011,-1.0505451831462893,-4.855072120370628,25.67901881193235,-33.03050545099703,0.0,0.9970881505165163,1.0500868350365518,0.0,-0.7547577643430939,-5.896464547973045,0.0,-34.82226130037599,4.457310287310655,42.41128979407039,33.440329466239376,75.85161926030977
0.7120000000000005,7.23,-0.003706448178102936,1.612783211243663,-0.9989808730078437,-4.921485624405602,25.885697997146345,-33.38529448467351,0.0,0.995561023750521,1.0382779085228364,0.0,-0.7723911752068345,-5.912426247014441,0.0,-35.004319758763366,4.5729158464242605,42.62419740844061,33.22692285666551,75.85112026510612
0.7140000000000005,7.23,-0.005652499440063219,1.602873225876648,-0.9470006115434415,-4.988622713384702,26.095032656930762,-33.75420688167816,0.0,0.9939984967337283,1.0264372480286967,0.0,-0.7901583072360825,-5.928198063904569,0.0,-35.18754895741106,4.690081846162535,42.837641429982895,33.01296875695856,75.85061018694145
0.7160000000000005,7.23,-0.007494169549127674,1.5928282187370173,-0.8945987069477978,-5.056512343425441,26.307406773006605,-34.1379583283842,0.0,0.9924003003505721,1.0145652355379087,0.0,-0.8080608864064346,-5.943777758926793,0.0,-35.37207976746416,4.808859834641108,43.051618951526905,32.79846965533375,75.85008860686065
0.7180000000000005,7.23,-0.009230608874604244,1.5826466545682163,-0.8417686803756949,-5.125184940511288,26.523223588933224,-34.53730346583473,0.0,0.9907661617257683,1.0026622576085422,0.0,-0.8261009489526522,-5.959162994570404,0.0,-35.5580474855608,4.929305809807414,43.26612677909822,32.58342831232737,75.8495550914256
0.7200000000000005,7.23,-0.01086095400821338,1.5723269357250607,-0.7885032262777235,-5.194672481230496,26.742906769038438,-34.953038759165274,0.0,0.9890958035888606,0.9907287055840754,0.0,-0.8442808564449331,-5.974351319814498,0.0,-35.74559197649242,5.051480469176897,43.48116142181068,32.36784777014893,75.84900919195961
0.7220000000000005,7.23,-0.012384326069009303,1.5618673989868432,-0.7347941703054263,-5.2650085794990735,26.96690167187194,-35.386005616205736,0.0,0.9873889436077593,0.9787649758369568,0.0,-0.8626033117336795,-5.9893401533827175,0.0,-35.93485782942655,5.175449477992196,43.69671908104747,32.151731362687315,75.84845044373478
0.7240000000000005,7.23,-0.013799828921482831,1.5512663121905799,-0.6806324245458069,-5.336228579790155,27.195676749363493,-35.83709377958752,0.0,0.9856452936894383,0.9667714700467542,0.0,-0.8810713758633776,-6.004126765874597,0.0,-36.12599452860554,5.30128375780801,43.9127956388643,31.935082726233553,75.84787836509786
0.7260000000000005,7.23,-0.015106547301245051,1.5405218706708168,-0.6260079398216275,-5.40836965744333,27.42972508406881,-36.30724501939408,0.0,0.9838645592457473,0.9547485955152619,0.0,-0.8996884860664636,-6.018708260666958,0.0,-36.319156639478685,5.4290597977185175,44.129386645541025,31.717905810988725,75.84729245652974
0.7280000000000005,7.23,-0.016303544842138296,1.5296321934912191,-0.5709096547678268,-5.481470926684566,27.669566078236503,-36.797457156440885,0.0,0.9820464384220516,0.9426967655211185,0.0,-0.9184584749595759,-6.033081553465038,0.0,-36.5145040112719,5.558859990685265,44.346487306201304,31.500204893431448,75.84669219963276
0.7300000000000005,7.23,-0.017389861998013175,1.5185953194518358,-0.5153254413654317,-5.5555735570508755,27.915747309954085,-37.30878844970199,0.0,0.9801906212861703,0.9306163997167928,0.0,-0.9373855910772142,-6.047243350367523,0.0,-36.71220199704866,5.690772997692916,44.56409246641304,31.2819845896268,75.84607705603983
0.7320000000000005,7.23,-0.01836451385174143,1.5074092028544797,-0.4592420465821375,-5.630720898984721,28.168846573347942,-37.84236238526423,0.0,0.9782967889747811,0.9185079245710381,0.0,-0.9564745208921712,-6.061190124292044,0.0,-36.91242169236519,5.824894142765165,44.78219659667306,31.06324986956564,75.8454464662387
0.7340000000000005,7.23,-0.019226487803297623,1.4960717090070523,-0.4026450297328817,-5.706958619442161,28.429474121752925,-38.39937290854782,0.0,0.9763646127941666,0.9063717738602843,0.0,-0.975730412487892,-6.0749180895879435,0.0,-37.11534019367559,5.961325842215583,45.00079377567099,30.844006072632784,75.84479984830378
0.7360000000000005,7.23,-0.019974741127929997,1.4845806094458707,-0.34551869513375505,-5.784334848447065,28.69827513496047,-38.98109014645526,0.0,0.9743937532718122,0.8942083892127672,0.0,-0.9951589010659992,-6.088423174640504,0.0,-37.32114087769267,6.100178071897404,45.21987767221639,30.62425892431144,75.84413659652783
0.7380000000000005,7.23,-0.02060819839454377,1.4729335768530878,-0.287846019577953,-5.862900337622451,28.97593243413316,-39.58886667166946,0.0,0.9723838591549827,0.882018220709637,0.0,-1.014766136492112,-6.101700992245292,0.0,-37.53001370296143,6.241568876654515,45.439441525701206,30.404014554242707,75.8434560799439
0.7400000000000005,7.23,-0.021125748733428505,1.4611281796441333,-0.22960857411253863,-5.942708631840656,29.263169470784916,-40.224144367619964,0.0,0.9703345663519864,0.869801727547753,0.0,-1.034558813105884,-6.11474680750217,0.0,-37.742155534949376,6.385624926675435,45.659478124956834,30.183279515771197,75.84275764072802
0.7420000000000005,7.23,-0.021526242941363894,1.4491618761976903,-0.17078643953887782,-6.023816255258029,29.56075361940867,-40.88846195976494,0.0,0.968245496811348,0.8575593787693923,0.0,-1.054544202046707,-6.12755550294532,0.0,-37.95777049600098,6.532482126018629,45.87997978535034,29.96206080712117,75.8420405924715
0.7440000000000005,7.23,-0.021808490410922556,1.4370320086980608,-0.11135811499690614,-6.106282913139058,29.8694998069486,-41.58346328692692,0.0,0.9661162573335805,0.845291654064729,0.0,-1.074730186375427,-6.140121540587611,0.0,-38.17707034153882,6.6822862792229385,46.10093832394685,29.740365894363823,75.84130421831067
0.7460000000000006,7.23,-0.021971255869439665,1.4247357965568057,-0.05130041892297798,-6.190171711031307,30.190274516416345,-42.310906395601876,0.0,0.9639464383096616,0.8329990446535973,0.0,-1.0951252993052534,-6.1524389205142205,0.0,-38.40027486391868,6.835193822653692,46.32234503254697,29.51820273635316,75.84054776890014
0.7480000000000006,7.23,-0.02201325591162116,1.4122703293772534,0.009411618408115337,-6.275549393028591,30.52400020661925,-43.07267355060292,0.0,0.9617356123796511,0.8206820542538561,0.0,-1.11573876589221,-6.164501135610504,0.0,-38.627612325355194,6.991372628076621,46.544190648386916,29.295579811828258,75.83977046021518
0.7500000000000006,7.23,-0.021933155308096114,1.399632559421797,0.07080487163549934,-6.362486601058138,30.87166019527707,-43.87078226727518,0.0,0.9594833330041406,0.8083412001445449,0.0,-1.136580548577813,-6.176301121951642,0.0,-38.85931992132219,7.15100288691574,46.76646532226365,29.072506148902015,75.83897147116566
0.7520000000000006,7.23,-0.02172956307036326,1.3868192935378156,0.13290824733795226,-6.451058157351218,31.234304058853674,-44.70739748404995,0.0,0.9571891329404068,0.7959770143330296,0.0,-1.1576613970249963,-6.187831204315475,0.0,-39.09564427579174,7.314278084757836,46.98915858382164,28.848991357181696,75.83814994100334
0.7540000000000006,7.23,-0.021401028250512613,1.373827184493482,0.19575282242542627,-6.541343372509303,31.61305360932596,-45.58484500953063,0.0,0.9548525226141863,0.7835900448365014,0.0,-1.1789929027432224,-6.199083036203364,0.0,-39.33684196959652,7.4814060769365325,47.21225930370516,28.625045662795948,75.83730496650111
0.7560000000000006,7.23,-0.020946035451792726,1.3606527216696216,0.2593719951168933,-6.633426381863443,32.009109515980306,-46.50562639590517,0.0,0.9524729883769519,0.7711808570894896,0.0,-1.2005875590619812,-6.210047533665399,0.0,-39.58318010307161,7.652610277494552,47.43575565224567,28.40067994663557,75.83643559888124
0.7580000000000006,7.23,-0.020363000023511216,1.347292221048071,0.3238016498700155,-6.72739651314775,32.42375864931139,-47.472435410583934,0.0,0.9500499906373742,0.7587500354905714,0.0,-1.2224588270838943,-6.220714802123416,0.0,-39.83493689393686,7.828130975511147,47.659635054312844,28.17590578615289,75.83554084046574
0.7600000000000006,7.23,-0.019650262910864243,1.3337418144305855,0.38908033779231976,-6.823348688874154,32.85838223436236,-48.488176300937226,0.0,0.9475829618543044,0.746298185103194,0.0,-1.2446212083317232,-6.231074055265562,0.0,-40.0924023111002,8.00822679473618,47.883884139911984,27.950735501107957,75.83461964101994
0.7620000000000006,7.23,-0.01880608512704923,1.3199974378151655,0.45524947424970064,-6.921383867211007,33.3144649125801,-49.55598407328426,0.0,0.945071304377104,0.7338259335274857,0.0,-1.2670903248990453,-6.2411135249466945,0.0,-40.355878744672175,8.19317631473622,48.10848869005742,27.72518220369806,75.83367089375548
0.7640000000000006,7.23,-0.01782864181137655,1.3060548188486032,0.5223535555993308,-7.021609525639768,33.79360482467773,-50.67924703734743,0.0,0.9425143881174108,0.7213339329622686,0.0,-1.289883008024275,-6.2508203608655695,0.0,-40.6256817119473,8.383279874385488,48.33343357739126,27.499259853564617,75.83269343095589
0.7660000000000006,7.23,-0.016716015833006928,1.291909463264976,0.5904403972140372,-7.12414019220008,34.29752484234316,-51.86163190179067,0.0,0.9399115480344653,0.7088228624790818,0.0,-1.313017396134943,-6.260180518598524,0.0,-40.90214059839037,8.578861581593324,48.558702700946746,27.27298331823517,75.83168601918192
0.7680000000000006,7.23,-0.01546619089534024,1.277556640209603,0.6595613952380281,-7.2290980297432,34.82808509418718,-53.10711174583916,0.0,0.9372620814138986,0.6962934305331211,0.0,-1.3365130435561465,-6.269178634344554,0.0,-41.18559943171161,8.78027155672462,48.7842789143759,27.046368439633838,75.83064735400974
0.7700000000000006,7.23,-0.01407704409089788,1.2629913663364531,0.7297718148242454,-7.336613479307789,35.38729695138962,-54.41999723702945,0.0,0.9345652449173073,0.683746377739521,0.0,-1.3603910412477682,-6.277797884471642,0.0,-41.4764176858561,8.987888441336455,49.01014394686795,26.819432107379335,75.82957605424728
0.7720000000000006,7.23,-0.012546337850694662,1.2482083885539972,0.8011311079569347,-7.446825969522475,35.97733866143054,-55.80497151666416,0.0,0.9318202513770376,0.6711824799475532,0.0,-1.3846741511332374,-6.286019827641326,0.0,-41.77497111008519,9.202122208732762,49.23627831587786,26.592192339689806,75.82847065556767
0.7740000000000006,7.23,-0.010871711225495451,1.233202165279807,0.8737032643653675,-7.5598846998402855,36.60057284445138,-57.26712923339831,0.0,0.9290262663072384,0.6586025516501037,0.0,-1.409386955813519,-6.293824226917534,0.0,-42.08165257617816,9.423417318565509,49.46266123066104,26.364668372829552,75.8273296034906
0.7760000000000006,7.23,-0.009050670428891506,1.2179668460475872,0.9475571994928641,-7.67594950643646,37.25956609659045,-58.81202027251348,0.0,0.9261824040983944,0.6460074497714163,0.0,-1.4345560257294183,-6.301188848825278,0.0,-42.3968729339909,9.652256264447596,49.68927048546386,26.13688076016753,75.8261512456314
0.7780000000000006,7.23,-0.00708057856369277,1.20249624929152,1.0227671840070602,-7.795191820770997,37.957110978487826,-60.4456988048149,0.0,0.9232877238581246,0.6333980778826644,0.0,-1.4602101061502033,-6.308089235799802,0.0,-42.72106186198804,9.889163571484193,49.91608234105399,25.908851482074645,75.82493382312865
0.7800000000000006,7.23,-0.004958644443579333,1.1867838381114983,1.099413319931259,-7.917795732149868,38.69625070548235,-62.17477836572016,0.0,0.9203412248559022,0.6207753909026497,0.0,-1.4863803267357212,-6.31449844783964,0.0,-43.05466869468177,10.134710310015825,50.14307139307512,25.680604068070902,75.82367546114602
0.7820000000000006,7.23,-0.0026819104111346454,1.1708226937986645,1.1775820691520325,-8.043959167135744,39.48030689919592,-64.00649377291778,0.0,0.917341841523453,0.6081404003500112,0.0,-1.5131004368524215,-6.320386768425308,0.0,-43.398163202853304,10.389519202982305,50.37021042548264,25.452163732848287,75.82237415833093
0.7840000000000006,7.23,-0.0002472390411221411,1.1546054868732918,1.2573668408250065,-8.173895200383415,40.31291080851907,-65.94877080073879,0.0,0.9142884379557096,0.5954941802241055,0.0,-1.540407070333551,-6.325721368861575,0.0,-43.75203629460366,10.654270417513935,50.59747024704469,25.223557528049255,75.82102777509394
0.7860000000000006,7.23,0.002348701396027776,1.13812444535597,1.33886864506941,-8.307833513431227,41.19803846158789,-68.01030465151605,0.0,0.9111798018492556,0.5828378736044403,0.0,-1.5683400439747206,-6.330465924111614,0.0,-44.116800595158864,10.92970814705795,50.824819508575345,24.994814511978298,75.81963402055365
0.7880000000000006,7.23,0.0051094528512958875,1.1213713199578343,1.4221968213228853,-8.446022020192567,42.14005026899506,-70.2006483985125,0.0,0.9080146378059051,0.5701727000736905,0.0,-1.5969426947657661,-6.334580171872796,0.0,-44.49299085025661,11.216648109071272,51.052224498190725,24.765965939777196,75.81819043796793
0.7900000000000006,7.23,0.008038784953317725,1.1043373458356396,1.5074698508308269,-8.588728680383856,43.14373566153731,-72.53031272026692,0.0,0.9047915599182424,0.5574999640873917,0.0,-1.626262261699573,-6.338019405043847,0.0,-44.881164080980284,11.51598610568465,51.27964891143229,24.537045477012505,75.8166943884448
0.7920000000000006,7.23,0.011140714182551428,1.0870132005122692,1.5948162639766355,-8.736243524917246,44.21436341179427,-75.01087839953865,0.0,0.9015090835413163,0.5448210644349716,0.0,-1.6563503189938467,-6.34073388578478,0.0,-45.281899395905384,11.828707821535112,51.507053592575105,24.30808944012091,75.81514303269601
0.7940000000000006,7.23,0.014419524964884313,1.0693889575121651,1.6843756545241548,-8.888880920388225,45.35773835507114,-77.65512321595332,0.0,0.8981656161398262,0.5321375049627062,0.0,-1.687263268743075,-6.342668166990451,0.0,-45.69579733783707,12.155900065105229,51.73439624280546,24.07913706775066,75.81353331055612
0.7960000000000006,7.23,0.01787979291180839,1.05145403520354,1.7762998143374855,-9.046982103197157,46.580265287123424,-80.4771650104216,0.0,0.8947594470827747,0.5194509067603561,0.0,-1.7190629024220672,-6.343760304080946,0.0,-46.12347860520417,12.498763698536596,51.96163109020467,23.85023082774645,75.81186191795112
0.7980000000000006,7.23,0.02152641046301605,1.033197140274516,1.8707540037507158,-9.210918017531059,47.88902086614546,-83.49262282573866,0.0,0.8912887362370646,0.50676302205092,0.0,-1.7518170423326387,-6.343940936422946,0.0,-46.56558193961042,12.858628547374602,52.18870851557065,23.621416765375706,75.81012528094635
0.8000000000000006,7.23,0.02536461521928947,1.0146062051980036,1.9679183744462647,-9.381092495329062,49.2918343728978,-86.71879810638885,0.0,0.8877515011874123,0.4940757500685974,0.0,-1.7856002760734213,-6.3431322132674035,0.0,-47.0227609075177,13.236970637720251,52.41557462703001,23.392744899418204,75.80831952644822
0.8020000000000006,7.23,0.02940002128898045,0.9956683189599191,2.0679895634010395,-9.55794582033033,50.79737816716289,-90.17487793227713,0.0,0.884145602881479,0.4813911552655894,0.0,-1.8204947994795417,-6.34124653360481,0.0,-47.49567922070364,13.635432175806981,52.64217077508667,23.164269673977092,75.80644044906376
0.8040000000000006,7.23,0.033638654010128596,0.9763696502372561,2.1711824780639697,-9.741958722126373,52.41526859264885,-93.88216210533508,0.0,0.8804687294654924,0.46871148825617215,0.0,-1.856591386294535,-6.338185062526906,0.0,-47.98500413051329,14.055844766467084,52.868432998180694,22.93605047536689,75.80448347354758
0.8060000000000006,7.23,0.03808698845198667,0.9566953621172681,2.2777322942557796,-9.933656849429806,54.15617788290948,-97.86431551217306,0.0,0.8767183780358475,0.4560392099894991,0.0,-1.8939905061811095,-6.333835978194046,0.0,-48.49139728627819,14.500256465096228,53.09429138692086,22.70815222525271,75.80244361217356
0.8080000000000006,7.23,0.04275199214359196,0.9366295173481904,2.3878966890442053,-10.133615773917386,56.0319572424629,-102.14764640946237,0.0,0.8728918339850885,0.44337701974468735,0.0,-1.9328036166377323,-6.328072392895919,0.0,-49.015502256817655,14.970963375774119,53.31966935283699,22.48064606343175,75.80031541626875
0.8100000000000006,7.23,0.04764117252149496,0.9161549730087107,2.501958330595632,-10.342466576046892,58.05577062145123,-106.76140990866183,0.0,0.8689861475650071,0.43072788766761905,0.0,-1.9731546590564557,-6.320749878393625,0.0,-49.55792765971778,15.470546649728597,53.54448278467875,22.253610136356045,75.7980929210348
0.8120000000000006,7.23,0.05276262963115882,0.8952532633833933,2.6202276450437476,-10.560902060698028,60.242237620223854,-111.73813365153218,0.0,0.8649981072237595,0.41809509272471834,0.0,-2.0151817946207973,-6.3117035090212195,0.0,-50.11922450444668,16.001915907094922,53.768639071843246,22.027130510813947,75.79576958265719
0.8140000000000006,7.23,0.0581251146524715,0.8739044697437522,2.7430458756864375,-10.789683641065167,62.60758222846638,-117.11395898297084,0.0,0.8609242091963292,0.40548226714236635,0.0,-2.0590394220670047,-6.300744314991263,0.0,-50.69985590288991,16.568360304478027,53.99203597031169,21.801302236262472,75.79333820657416
0.8160000000000006,7.23,0.0637380948422289,0.8520870756746537,2.870788440710319,-11.02964891045388,65.16978138543381,-122.92898511288668,0.0,0.8567606227365383,0.39289344864142983,0.0,-2.104900526533334,-6.287655011839293,0.0,-51.30015669452935,17.17360870375903,54.21456028132924,21.576230584316182,75.79079086564542
0.8180000000000006,7.23,0.06961182548431014,0.8297778065768228,3.003868579703578,-11.281719888219152,67.94870313747172,-129.22759471462285,0.0,0.8525031502724695,0.38033314207692714,0.0,-2.1529594167137134,-6.272184838521559,0.0,-51.92027971876509,17.821900664087245,54.436086306772154,21.35203250007574,75.78811880684789
0.8200000000000006,7.23,0.07575742939448124,0.8069514520551693,3.1427412527580914,-11.546911870029092,70.96621770565076,-136.05872547898477,0.0,0.8481471816442768,0.3678063924686832,0.0,-2.2034349160375273,-6.254043294590813,0.0,-52.56012436981646,18.518070274296985,54.656474037451375,21.128838307593135,75.7853123450445
0.8220000000000006,7.23,0.08218698441509922,0.7835806701259616,3.2879072134096003,-11.826342721854907,74.24625491740984,-143.47603084172147,0.0,0.8436876414434346,0.35531887187938316,0.0,-2.2565740820012934,-6.2328925140216835,0.0,-53.21924159019543,19.267645152878135,54.8755670212197,20.90679372115151,75.78236074237121
0.8240000000000006,7.23,0.08891361911543902,0.7596357726300196,3.4399171096303895,-12.121242313346293,77.81476648837426,-151.53784069309313,0.0,0.8391189283168243,0.3428769831855837,0.0,-2.3126565348782075,-6.208337947261148,0.0,-53.8967074627087,20.076963235714345,55.09318984635496,20.686062225567845,75.7792520719228
0.8260000000000006,7.23,0.09595161652521532,0.735084492055544,3.5993753629648304,-12.432961562119681,81.69952900394769,-160.3067837737775,0.0,0.8344348449322998,0.33048798452387396,0.0,-2.371999480628299,-6.179916941467214,0.0,-54.59095487059429,20.953310186287,55.309145161952365,20.466827902837096,75.77597306478947
0.8280000000000006,7.23,0.10331652508031329,0.7098917313521229,3.7669434157919532,-12.76298021481079,85.92968934233866,-169.84885935473494,0.0,0.8296285171350948,0.3181601391119112,0.0,-2.4349635090546693,-6.147084709576852,0.0,-55.29954908055448,21.90508028440638,55.52321014069615,20.24929879956578,75.77250894026193
0.8300000000000006,7.23,0.11102527491249693,0.6840193005573202,3.943341692430712,-13.112911962066637,90.53490311056882,-180.23163446333527,0.0,0.8246923006775453,0.3059028962791349,0.0,-2.501959230457552,-6.109197061117889,0.0,-56.01888827686525,22.941963273096118,55.73513227023573,20.033710950171333,75.76884322040706
0.8320000000000006,7.23,0.11909629596157706,0.6574256476102547,4.129349249648231,-13.484504681882283,95.54384034893602,-191.52107665582642,0.0,0.8196176738165105,0.2937271109293358,0.0,-2.573454771043018,-6.065489134298353,0.0,-56.743803701289,24.075158512191926,55.944624337667776,19.820333194902894,75.76495753257066
0.8340000000000006,7.23,0.1275496318201636,0.6300655962660137,4.325799535044458,-13.879632395403696,100.98171992936568,-203.77628622509872,0.0,0.8143951141112877,0.28164531031980244,0.0,-2.6499840605948526,-6.015049229994376,0.0,-57.46702579320552,25.3176152910606,56.15135844816779,19.60947295900233,75.76083140717012
0.8360000000000006,7.23,0.13640703928131928,0.6018901125461757,4.53356984017032,-14.300273709835059,106.86636948942434,-217.04103230262416,0.0,0.8090139580355235,0.26967201896858395,0.0,-2.7321556851011164,-5.956786728629777,0.0,-58.17847235049126,26.68429326484486,56.354958895741035,19.401483188306706,75.75644208404773
0.8380000000000006,7.23,0.14569205758359977,0.572846134115593,4.753560807348392,-14.748468847629734,113.20207273183803,-231.33048343061597,0.0,0.803462242733347,0.25782415460640107,0.0,-2.820661793432012,-5.889393023368848,0.0,-58.86430240518466,28.192428002768345,56.55499368570885,19.196770663717963,75.75176434942682
0.8400000000000006,7.23,0.15543002238972065,0.5428765164334923,4.986660564946754,-15.226243468302016,119.9701418422274,-246.6108135195261,0.0,0.7977265307201409,0.24612151013379213,0.0,-2.9162860642491024,-5.811294531612468,0.0,-59.50566636161934,29.861770834405796,56.75096450311483,18.995805934738016,75.74677043785285
0.8420000000000006,7.23,0.1656479862951867,0.5119201783333017,5.23368553618952,-15.735481962441307,127.11473205803536,-262.7684410515461,0.0,0.791791721060467,0.23458733799528964,0.0,-3.019908940652943,-5.720597346538751,0.0,-60.07707225232636,31.714745267437124,56.94229494322605,18.79913510621236,75.7414300494384
0.8440000000000006,7.23,0.17637448846817932,0.4799125715126605,5.495286519366751,-16.277725354702593,134.5219294856172,-279.56458983510424,0.0,0.7856408553410683,0.22324905317328514,0.0,-3.1325070574989367,-5.6150243111199485,0.0,-60.54428735490688,33.77641786072011,57.12831689440358,18.607393656031007,75.73571055043459
0.8460000000000006,7.23,0.18763908897002257,0.44678665745032814,5.771804250174753,-16.853859334217756,141.989725128511,-296.5699314012007,0.0,0.7792549347767176,0.2121390671320016,0.0,-3.2551417984652886,-5.491847836655538,0.0,-60.86171976719286,36.07411090641562,57.30825512981252,18.421322308444807,75.72957743825734
0.8480000000000006,7.23,0.19947154683960605,0.4124746549720419,6.063053772897072,-17.463647187568085,149.1864984185577,-313.0740662613583,0.0,0.7726127776893568,0.20129575395756427,0.0,-3.3889289880964197,-5.34782660585223,0.0,-60.96930623712612,38.63637782590325,57.48121048491418,18.24178466067599,75.72299514559018
0.8500000000000006,7.23,0.21190047544906493,0.37691092150238514,6.368013134133877,-18.10505394047895,155.59688309481547,-327.96729031270223,0.0,0.7656909664191083,0.19076452573991065,0.0,-3.534977727107182,-5.179162788238707,0.0,-60.78912363313552,41.490914049175224,57.646142564366905,18.069785639160436,75.71592820352734
0.8520000000000006,7.23,0.2249512594653182,0.3400364390836739,6.684393066307486,-18.77331029559388,160.45794872971328,-339.6009040431409,0.0,0.7584639613225332,0.18059894792330056,0.0,-3.6942816691512856,-4.981510204748313,0.0,-60.222323361969046,44.66079885930175,57.80185386398322,17.90648877618365,75.70834264016688
0.8540000000000006,7.23,0.23864298207164414,0.30180545541867154,7.008078448554034,-19.45969542808217,162.6980351642002,-345.652792895469,0.0,0.7509044969411115,0.17086174506044283,0.0,-3.867542199215994,-4.750084019980955,0.0,-59.14765860306316,48.15831986758939,57.94697868342645,17.75322855110096,75.70020723452741
0.8560000000000006,7.23,0.2529841275291358,0.26219479643115867,7.33247304848032,-20.150106132604137,160.90816881059575,-343.06337455971254,0.0,0.7429844162346535,0.161625422007864,0.0,-4.0549041241653425,-4.4799468391769155,0.0,-57.423880237016135,51.975690149357625,58.079982461332875,17.611511509558024,75.6914939708909
0.8580000000000007,7.23,0.2679669631911826,0.22121606635288088,7.647863645411276,-20.823664039840544,153.40169406976185,-328.16316989737425,0.0,0.7346761255190366,0.15297205599296237,0.0,-4.2555987050164426,-4.166563920544133,0.0,-54.899427802590125,56.072566824400305,58.199180413272046,17.482996769406572,75.68217718267861
0.8600000000000007,7.23,0.28356086615491966,0.17893016685668597,7.941056102745404,-21.45191033224974,138.44053851541423,-297.1632166263844,0.0,0.7259548282013333,0.1449916382652252,0.0,-4.467527665876247,-3.8067052595253172,0.0,-51.43336318385362,60.36190282868909,58.30278856966626,17.369443873676506,75.67223244334276
0.8620000000000007,7.23,0.2997055231667272,0.1354621220029102,8.1956899110427,-21.999473952118986,114.6935139445672,-247.1515880654936,0.0,0.7168015621277636,0.13777826799245296,0.0,-4.686892628952164,-3.3996809630715488,0.0,-46.92972463365294,64.69859461915446,58.38902415197926,17.27261618368206,75.66164033566132
0.8640000000000007,7.23,0.3163058282936632,0.09101224153787368,8.393687283099204,-22.42720906152613,81.89225849299397,-177.52202461791458,0.0,0.7072067721950891,0.13142371849345447,0.0,-4.9080606441617,-2.9486920763644657,0.0,-41.38138750193223,68.87879579798296,58.45627039284598,17.194134877228297,75.65040527007427
0.8660000000000007,7.23,0.33323102464350207,0.045858076672896764,8.518035234493063,-22.698237714344778,41.44880725300024,-91.32094044967842,0.0,0.6971737239512503,0.12600860490740695,0.0,-5.123893627299907,-2.461802527429004,0.0,-34.90924597113151,72.65865599387894,58.50330189178425,17.135295094071243,75.63859698585549
0.8680000000000007,7.23,0.3503204168673832,0.0003420932903060239,8.556422124423902,-22.785858696408283,-3.3828098785428846,4.397642986263175,0.0,0.6867206972659401,0.1215925509483401,0.0,-5.326659951446028,-1.9518831200146214,0.0,-27.774196902939774,75.79536951236986,58.529521135802796,17.096879170529412,75.62640030633221
0.8700000000000007,7.23,0.3673961844416483,-0.04515610309000084,8.50444216499958,-22.68052107116889,-48.12382216931319,99.91399867265207,0.0,0.6758809230633505,0.11820586038616898,0.0,-5.509360934817634,-1.4351223427320847,0.0,-20.344194253593383,78.10031642160354,58.53510647070928,17.07901993031041,75.61412640101969
0.8720000000000007,7.23,0.38428087283259,-0.09025772325274636,8.36685923958571,-22.392574796864817,-88.31725628876013,185.5561792764283,0.0,0.6646998547031593,0.11584537146739404,0.0,-5.667003190739449,-0.9283838100426287,0.0,-13.02100485975685,79.48229524111123,58.52098132530638,17.08116281124511,75.60214413655149
0.8740000000000007,7.23,0.400814796961979,-0.13462255806127715,8.15625938791273,-21.94933668385126,-120.76392529883542,254.39043571988068,0.0,0.6532303754946978,0.11447592020318875,0.0,-5.797303177346253,-0.44637578533572553,0.0,-6.15674893588112,79.96074460280572,58.48861606197964,17.10214362585402,75.59075968783367
0.8760000000000007,7.23,0.41686863341859104,-0.17797626888008644,7.889801375875161,-21.38801821983504,-144.1162526223111,303.51186960164864,0.0,0.6415273234016632,0.1140367409487435,0.0,-5.900609438170861,0.0003056491970412356,0.0,0.004125609770303161,79.64559431044904,58.439777344813876,17.140355387066524,75.5801327318804
0.8780000000000007,7.23,0.43234887258840504,-0.22012214303804553,7.5855844518901625,-20.747825764380128,-158.69598410154995,333.6442037375585,0.0,0.629642776007831,0.11445049140496288,0.0,-5.979230139871094,0.4057652614656335,0.0,5.340634685390728,78.69792441468967,58.376332027630454,17.1939498329055,75.57028186053596
0.8800000000000007,7.23,0.4471967446387156,-0.26093866367049884,7.259902117718544,-20.0639960008577,-165.86744969419533,347.77265074899805,0.0,0.6176229495080924,0.115632280332712,0.0,-6.036553948293217,0.7682473203481517,0.0,9.836448598293641,77.29054309789707,58.300127089151246,17.261020807922268,75.56114789707351
0.8820000000000007,7.23,0.46138298347361456,-0.3003680509679393,6.9258355030038885,-19.364751199344894,-167.38275189211305,349.7176801867229,0.0,0.6055068082512651,0.11749691015572739,0.0,-6.076286887812104,1.0890008474811663,0.0,13.545649419786727,75.58052149061636,58.21291570281166,17.339738952429148,75.5526546552408
0.8840000000000007,7.23,0.4749009701629171,-0.33840131051722677,6.592972108340443,-18.670703778607322,-164.9293681638212,343.15135615394655,0.0,0.5933259832201243,0.1199637093283148,0.0,-6.101945469269187,1.3710932233512516,0.0,16.559315021632724,73.69596432216277,58.1163065345597,17.42843195201748,75.54473848657717
0.8860000000000007,7.23,0.4877600562163553,-0.3750637036441621,6.267789649008457,-17.995705224420128,-159.91004305288254,331.12035718786984,0.0,0.5811054612447214,0.12295917278400947,0.0,-6.116598670399469,1.6184565637844908,0.0,18.98073082746517,71.73347468220524,58.011732395269135,17.52562004186177,75.5373524371309
0.8880000000000007,7.23,0.4999799704360513,-0.4104025987367963,5.954300909928309,-17.348258649578312,-153.38758971380895,315.9280858548182,0.0,0.5688646006603144,0.1264179872292046,0.0,-6.122786985197625,1.8352401966132565,0.0,20.91026996812959,69.76151081155315,57.90043904524312,17.63002129191523,75.53046033715835
0.8900000000000007,7.23,0.5115865567921226,-0.4444782333215149,5.654711159091451,-16.732954527827324,-146.11600023356894,299.20424542251396,0.0,0.5566181913259898,0.13028303472585712,0.0,-6.122542720787572,2.0254286734473723,0.0,22.437838064044342,67.82594909916216,57.783490969667504,17.740539627127344,75.52403059679484
0.8920000000000007,7.23,0.5226087373827102,-0.4773571489235058,5.36997540362201,-16.15168525975346,-138.60275544235924,282.0417678379539,0.0,0.5443774155387048,0.13450483698925864,0.0,-6.11745603434556,2.192649813866648,0.0,23.640193137259192,65.95574051361767,57.66178791703861,17.8562448050744,75.518032722113
0.8940000000000007,7.23,0.533076461003824,-0.5091077722401827,5.100226109989166,-15.604575709600528,-131.17298508586586,265.13726148534727,0.0,0.5321506564330664,0.13904074923366372,0.0,-6.108753615906379,2.3401027398964436,0.0,24.580971547191602,64.16773770712457,57.536086187106946,17.976350025239793,75.51243621234674
0.8960000000000007,7.23,0.5430193846019117,-0.5397975893126297,4.84508171403989,-15.090653079631213,-124.02355479062905,248.9091524909631,0.0,0.5199441490914648,0.14385408806256184,0.0,-6.097373402642263,2.470554169467317,0.0,25.311988077925363,62.470454921300956,57.407020487875535,18.100190249489838,75.50721073736537
0.8980000000000007,7.23,0.5524660721030091,-0.5694914419181705,4.603859738730097,-14.608308594485749,-117.26438605494856,233.58778423074304,0.0,0.5077624913528119,0.14891329259098862,0.0,-6.084028671350006,2.586369253486285,0.0,25.874980484916385,60.86683984842999,57.2751240825006,18.227202665904294,75.5023267484049
0.9000000000000007,7.23,0.5614435448843499,-0.598250584762679,4.375719157774501,-14.155605023264028,-110.94825558221913,219.28028860307904,0.0,0.4956090382353708,0.1541911651023371,0.0,-6.069260081579114,2.6895568199853246,0.0,26.303369782588405,59.356244510703135,57.140846295601925,18.35690978200413,75.49775607760606
0.9020000000000007,7.23,0.5699770638595777,-0.6261322421533577,4.159752676802595,-13.730475263217112,-105.09150104656007,206.01558177167652,0.0,0.48348620367735573,0.15966420722651298,0.0,-6.053476605279834,2.7818178881141717,0.0,26.623844492908148,57.93579100524254,57.00456722339951,18.488905138899288,75.4934723622988
0.9040000000000007,7.23,0.5780900595423967,-0.6531894823858447,3.955044661229247,-13.33084633823053,-99.68803618600877,193.77475898559257,0.0,0.47139569022496586,0.1653120515614872,0.0,-6.036987110576783,2.8645918190506787,0.0,26.85770482908149,56.601298933602905,56.86660986428703,18.622841409667913,75.48945127395494
0.9060000000000007,7.23,0.5858041533674959,-0.679471286818818,3.7607060397360943,-12.954713517919867,-94.71864468545856,182.51120153886018,0.0,0.45933866349336566,0.17111698101495276,0.0,-6.02002446565073,2.9390976383636755,0.0,27.0219654896232,55.347903803586625,56.72725002453051,18.758420563414543,75.48567058794505
0.9080000000000007,7.23,0.5931392325999492,-0.7050227321294549,3.5758940705917532,-12.600181732117077,-90.15703073208093,172.16362707766055,0.0,0.44731588463351757,0.17706352519966595,0.0,-6.002763824561809,3.006369784477206,0.0,27.130242584021165,54.170461523338034,56.5867243730635,18.895385769246094,75.4821101423096
0.9100000000000007,7.23,0.6001135542799744,-0.729885232782158,3.399822339932627,-12.265485953643802,-85.97368215307009,162.66438866725193,0.0,0.4353278109934293,0.18313812274388774,0.0,-5.9853364628672,3.0672884077608975,0.0,27.193458633659237,53.06380681376056,56.44523698655597,19.033514741432988,75.47875172798896
0.9120000000000007,7.23,0.6067438625081004,-0.7540968099855669,3.2317645889403677,-11.948998355361532,-82.13827846957673,153.94461944581076,0.0,0.4233746727219536,0.18932883909707499,0.0,-5.967840241797425,3.1226047366510787,0.0,27.220399311570297,52.02291295554902,56.302964675670445,19.172614266670585,75.47557894234103
0.9140000000000007,7.23,0.613045509274202,-0.7776923662013117,3.0710547494162994,-11.649227394563562,-78.62114222760141,145.93730805501062,0.0,0.4114565311673919,0.1956251306167679,0.0,-5.9503475309962175,3.172962162273026,0.0,27.21815172694563,51.04298559006116,56.16006133189889,19.312515695766322,75.47257702766521
0.9160000000000007,7.23,0.6190325729150983,-0.8007039526635784,2.917084744019178,-11.364812186356142,-75.39406844990005,138.57903291431458,0.0,0.39957332347706365,0.20201764704694725,0.0,-5.932911219261841,3.218913698021902,0.0,27.192449171683567,50.11951294905175,56.016661488219185,19.453071220291626,75.4697327085108
0.9180000000000007,7.23,0.624717970809988,-0.8231610228140469,2.769301056793986,-11.094514331280863,-72.43075513779135,131.81083927246542,0.0,0.3877248967126957,0.20849806576157204,0.0,-5.915569286743057,3.2609364157281897,0.0,27.14794249282686,49.2482877109308,55.87288324798181,19.594150787900002,75.46703403588181
0.9200000000000007,7.23,0.6301135645437334,-0.8450906680400097,2.6272007143117384,-10.83720857009386,-69.70698216039476,125.57857827298636,0.0,0.37591103397759873,0.21505895227323513,0.0,-5.898348293253342,3.2994433829243595,0.0,27.088414096257548,48.425410746095956,55.72883070483467,19.735639537813764,75.46447024264843
0.9220000000000007,7.23,0.6352302567911,-0.8665178342916514,2.490327077070738,-10.591873117680324,-67.20063524971347,119.83291712453978,0.0,0.3641314744386653,0.2216936424733591,0.0,-5.881266048008805,3.334793545415735,0.0,27.016947140899514,47.647283640406656,55.58459595123523,19.877435660811656,75.46203161204689
0.9240000000000007,7.23,0.640078079805676,-0.8874655194940435,2.358265683358893,-10.357580188111601,-64.89163812166244,114.52915624375777,0.0,0.35238592866763896,0.22839614288122057,0.0,-5.864333659335513,3.3672999247555793,0.0,26.936059713873338,46.91059458904738,55.44026075310168,20.019448606566108,75.45970935966778
0.9260000000000007,7.23,0.6446662757719771,-0.9079549524573317,2.230640285607427,-10.13348700291627,-62.76183340737611,109.62694078188784,0.0,0.3406740903825587,0.23516104584992914,0.0,-5.847557113180558,3.3972364348318607,0.0,26.84781159318199,46.21230069399421,55.2958979523939,20.161597576085928,75.45749552847982
0.9280000000000007,7.23,0.6490033694887958,-0.9280057544214424,2.107109153671804,-9.918827433981924,-60.794838330991276,105.08992201003258,0.0,0.32899564541242393,0.2419834572277897,0.0,-5.830938492278727,3.4248435663276053,0.0,26.753889501040252,45.54960864301999,55.151572647007285,20.30381024897401,75.4553828959813
0.9300000000000007,7.23,0.6530972339560027,-0.9476360845789727,1.9873616779862373,-9.71290434399794,-58.97589137113891,100.88540308051546,0.0,0.3173502785139628,0.24885893442267004,0.0,-5.814476920294226,3.4503331417459724,0.0,26.65567543075173,44.91995503614784,55.00734318759393,20.44602170477848,75.4533648923724
0.9320000000000007,7.23,0.6569551494751139,-0.9668627709868245,1.8711152798657247,-9.515082632979794,-57.29169979661535,96.9839900038841,0.0,0.3057376785227868,0.25578343318271124,0.0,-5.798169294722063,3.473892305887736,0.0,26.554301610271388,44.32098714704366,54.8632620232103,20.588173505374755,75.45143552858505
0.9340000000000007,7.23,0.6605838568717575,-0.9857014282591079,1.7581126208763331,-9.324782967253167,-55.73029384152138,93.35925981962983,0.0,0.2941575422100354,0.2627532617042032,0.0,-5.782010856977685,3.495686885889361,0.0,26.4506948788689,43.75054458726615,54.719376421588535,20.730212911451456,75.44958933304
0.9360000000000007,7.23,0.6639896054224568,-1.0041665633668655,1.6481190945202877,-9.14147614943473,-54.280890629544125,89.98745225771393,0.0,0.28260957713108587,0.2697650409195217,0.0,-5.765995636584244,3.515864229982742,0.0,26.34561264621725,43.206642129628825,54.57572908497997,20.872092211098447,75.44782129607842
0.9380000000000007,7.23,0.6671781960296779,-1.0222716707773232,1.5409205790817588,-8.964678079225532,-52.933769271278514,86.84718760150855,0.0,0.2710935036882928,0.27681567001521645,0.0,-5.750116797695032,3.5345556139663645,0.0,26.239672134153995,42.68745380845631,54.432358678654644,21.01376814245652,75.44612682111116
0.9400000000000007,7.23,0.6701550201447196,-1.0400293180612514,1.4363214287670931,-8.793945251812673,-51.680157510549044,83.91921125032093,0.0,0.259609056580226,0.28390229639127584,0.0,-5.73436690963633,3.5518782880811623,0.0,26.13337423818306,42.19129832557909,54.28930028604864,21.155201395584527,75.44450168163317
0.9420000000000007,7.23,0.6729250948920196,-1.0574512229906163,1.3341426802094223,-8.628870741118073,-50.51212966514348,81.18616416360798,0.0,0.24815598577177472,0.2910222894042106,0.0,-5.718738158185836,3.567937223815135,0.0,26.027123063874857,41.71662573536684,54.14658580206486,21.296356181285404,75.44294198335027
0.9440000000000007,7.23,0.6754930948033735,-1.0745483230453854,1.234220452313723,-8.469080617585117,-49.42251524790758,78.63237763285169,0.0,0.2367340570900588,0.29817321734453206,0.0,-5.703222510517028,3.5828266095074204,0.0,25.921241973851963,41.26200534894324,54.00424427402918,21.437199856731716,75.4414441307609
0.9460000000000007,7.23,0.6778633805278971,-1.091330838151137,1.1364045188559906,-8.314230753718777,-48.40481746880528,76.24369046155381,0.0,0.225343052528287,0.30535282718793944,0.0,-5.687811843846555,3.5966311349902376,0.0,25.8159868096411,40.826114779452254,53.86230219817841,21.57770259944064,75.44000479761905
0.9480000000000007,7.23,0.6800400248440475,-1.1078083273795156,1.0405570349395847,-8.164003974598984,-47.45314074323437,74.00728650091322,0.0,0.21398277032196916,0.3125590267327074,0.0,-5.6724980456011895,3.6094270984980565,0.0,25.711556818351756,40.407730041743854,53.72078377823609,21.717837122545582,75.43862090078167
0.9500000000000007,7.23,0.6820268362639953,-1.1239897402621295,0.9465514001781853,-8.018107514702585,-46.56212632435774,71.91155049778031,0.0,0.20265302484806008,0.3197898687962828,0.0,-5.657273091210271,3.621283363368807,0.0,25.608103708517667,40.00571661764337,53.579711151552814,21.85757842545671,75.43728957700952
0.9520000000000007,7.23,0.683827380488122,-1.1398834632952028,0.8542712432122266,-7.876270746375539,-45.726895209850305,69.94594030335907,0.0,0.19135364638678615,0.3270435371943192,0.0,-5.642129104306831,3.6322621874071364,0.0,25.505739176085736,39.61902139971316,53.439104587403854,21.996903574945595,75.43600816234945
0.9540000000000007,7.23,0.6854449999382992,-1.1554973621467868,0.7636095138131099,-7.738243149069794,-44.94299752830747,68.10087362760814,0.0,0.18008448077742206,0.33431833426716373,0.0,-5.627058403093981,3.642419943970909,0.0,25.404541175525402,39.246665430522086,53.29898266130786,22.1357915124673,75.43477417377517
0.9560000000000007,7.23,0.686882831572663,-1.170838820020098,0.6744676703548907,-7.603792491935247,-44.2063676761482,66.36762768110904,0.0,0.16884538899260487,0.34161266975367555,0.0,-5.612053535833921,3.651807750716957,0.0,25.304559158569766,38.88773735985671,53.15936240863125,22.274222884177465,75.43358529280871
0.9580000000000007,7.23,0.6881438231615651,-1.1859147725749424,0.5867549518228296,-7.472703205512337,-43.513284544945776,64.73825020815833,0.0,0.15763624665051829,0.3489250508414864,0.0,-5.597107307792048,3.660472019370007,0.0,25.205818461256534,38.54138754833577,53.020259460242144,22.41217989063838,75.43243935088053
0.9600000000000007,7.23,0.6892307481839997,-1.2007317397635544,0.5003877247799439,-7.3447749211045394,-42.86033624734659,63.205480572911654,0.0,0.14645694348011368,0.35625407324732306,0.0,-5.582212801479134,3.668454937755942,0.0,25.108323986449136,38.20682275208219,52.88168816256516,22.549646153654248,75.4313343162194
0.9620000000000007,7.23,0.6901462194857861,-1.2152958548969253,0.4152888968310555,-7.219821158936049,-42.24438881453939,61.762679709376215,0.0,0.13530738275126974,0.3635984132016855,0.0,-5.567363391649373,3.675794893583097,0.0,25.012063302124027,37.88330132917795,52.743661684041015,22.68660659804981,75.43026828209082
0.9640000000000007,7.23,0.690892701824878,-1.229612891222179,0.33138738911716953,-7.097668148439372,-41.66255839826229,60.403767883274355,0.0,0.12418748067917285,0.3709568202296356,0.0,-5.552552756208434,3.6825268479962645,0.0,24.91700925403992,37.5701289144086,52.60619210970555,22.823047346520127,75.42923945622567
0.9660000000000007,7.23,0.6914725234151343,-1.2436882862602736,0.2486176612515989,-6.97815376599516,-41.11218656498878,59.12316933823555,0.0,0.11309716581015583,0.3783281106342352,0.0,-5.537774883945507,3.6886826657129372,0.0,24.82312217388418,37.26665451420116,52.46929052535999,22.95895562594309,75.42824615130309
0.9680000000000007,7.23,0.6918878865675002,-1.2575271641257195,0.16691928288398875,-6.861126577188209,-40.590818319102425,57.915763010367094,0.0,0.10203637839460189,0.38571116160176,0.0,-5.5230240798127195,3.6942914075366238,0.0,24.73035174978267,36.97226697862607,52.33296709259711,23.094319683769143,75.42728677636626
0.9700000000000008,7.23,0.6921408775166159,-1.2711343560257085,0.08623654676014245,-6.746444972174388,-40.09618253571843,56.776838594526154,0.0,0.09100506975121792,0.3931049058585092,0.0,-5.5082949683240345,3.6993795901920814,0.0,24.638638614497857,36.68639181186217,52.19723111577774,23.229128713291217,75.42635982906896
0.9720000000000008,7.23,0.6922334755112175,-1.2845144191145976,0.006518118744642684,-6.633976384097069,-39.62617452266646,55.70205733341405,0.0,0.08000320162597963,0.400508326818212,0.0,-5.493582495524803,3.703971417713365,0.0,24.547915697204193,36.40848828661654,52.06209110190073,23.36337278675825,75.42546388865898
0.9740000000000008,7.23,0.6921675612381668,-1.2976716538607864,-0.07228327920071966,-6.5235965816705574,-39.17884046542424,54.687416977936635,0.0,0.0690307455482424,0.40792045416683975,0.0,-5.478881929887008,3.7080889880142007,0.0,24.458109377005886,36.13804683167554,51.92755481418904,23.497042795431433,75.42459760962046
0.9760000000000008,7.23,0.6919449246424043,-1.310610120066307,-0.15021115662801596,-6.415189028081846,-38.75236353891875,53.72922043515757,0.0,0.05808768218587146,0.41534035983840245,0.0,-5.464188862407828,3.7117524777622832,0.0,24.369140470020852,35.87458666506151,51.793629320104806,23.630130395799252,75.42375971590405
0.9780000000000008,7.23,0.6915672721984432,-1.3233336516646832,-0.22730551594386172,-6.308644299268626,-38.34505149653419,52.82404767964513,0.0,0.047174000700768826,0.42276715434108936,0.0,-5.449499206127388,3.714980308248764,0.0,24.280925076632325,35.6176536482158,51.66032103441641,23.762627961266425,75.42294899568284
0.9800000000000008,7.23,0.6910362336831043,-1.3358458704095386,-0.3036030902641156,-6.203859555426767,-37.95532556979309,51.96873055603318,0.0,0.03628969810578475,0.4301999833981205,0.0,-5.4348091952318125,3.7177892945788393,0.0,24.193375311197837,35.36681833925379,51.52763575786301,23.89452853871735,75.42216429658036
0.9820000000000008,7.23,0.6903533684939449,-1.3481501985548558,-0.37913756025458956,-6.100738060298411,-37.581710532400244,51.16033014608004,0.0,0.025434778623714016,0.43763802487202386,0.0,-5.420115383867618,3.720194780198185,0.0,24.106399932934522,35.121674225671356,51.39557871189387,24.02582580942818,75.42140452132205
0.9840000000000008,7.23,0.6895201715531671,-1.360249870617515,-0.453939752155195,-5.999188743404665,-37.222825800010185,50.396116413221606,0.0,0.014609253048857185,0.4450804859447881,0.0,-5.405414644761319,3.7222107585042905,0.0,24.01990489373422,34.88183611895693,51.26415456990331,24.156514053864527,75.42066862376784
0.9860000000000008,7.23,0.6885380788326466,-1.3721479443036209,-0.5280378189434355,-5.8991258009254794,-36.87737745251125,49.673549872291986,0.0,0.0038131381114649976,0.45252660052962446,0.0,-5.390704167712061,3.7238499830644143,0.0,23.933793816193248,34.64693869540403,51.133367485331846,24.28658811995672,75.41995560528856
0.9880000000000008,7.23,0.687408472532026,-1.3838473106720137,-0.6014574063805158,-5.800468331402987,-36.54415107909802,48.990265062375784,0.0,-0.0069535441547263765,0.4599756268928976,0.0,-5.375981458004061,3.725124067766611,0.0,23.84796841307903,34.41663516905227,51.003221116961136,24.416043394491375,75.41926451145251
0.9900000000000008,7.23,0.6861326859385222,-1.39535070360114,-0.6742218054959057,-5.7031400028616295,-36.22200535817592,48.34405562721688,0.0,-0.017690767041743438,0.46742684546729274,0.0,-5.361244334768699,3.7260435780624497,0.0,23.762328857729965,34.19059608413424,50.873718651692464,24.544875777299634,75.4185944289921
0.9920000000000008,7.23,0.6847120079941559,-1.4066607086190202,-0.7463520929007942,-5.607068748305902,-35.90986629442635,47.73286083073905,0.0,-0.0283984997933161,0.47487955683941174,0.0,-5.346490929312504,3.7266181143151167,0.0,23.676774113434366,33.968508215691536,50.74486282506852,24.673081657956928,75.41794448302545
0.9940000000000008,7.23,0.6831476875934758,-1.4177797711502995,-0.8178672601747069,-5.512186486880793,-35.606722044348835,47.15475335546253,0.0,-0.0390767082274589,0.4823330798969423,0.0,-5.331719683415988,3.7268563881414085,0.0,23.591202228613803,33.75007356816208,50.61665593976642,24.8006578947413,75.41731383450772
0.9960000000000008,7.23,0.6814409376324982,-1.4287102042292412,-0.8887843334402248,-5.418428868266328,-35.31161826945719,46.60792824930913,0.0,-0.0497253553556245,0.48978675012216233,0.0,-5.316929347599742,3.726766292527448,0.0,23.505510603604225,33.535008462755584,50.48909988226947,24.92760179562319,75.41670167789266
0.9980000000000008,7.23,0.6795929388274671,-1.4394541957229061,-0.9591184841261186,-5.325735038130783,-35.023653963182284,46.09069290179589,0.0,-0.06034440199834845,0.49723991802004697,0.0,-5.3021189793467265,3.726354966403563,0.0,23.419596233954152,33.32304270533026,50.3621961379,25.05391110108414,75.41610723898414
1.0000000000000007,7.23,0.6776048433201416,-1.4500138151046573,-1.0288831318174696,-5.234047422691296,-34.74197770355515,45.60145794421963,0.0,-0.07093380739729527,0.5046919476704899,0.0,-5.287287941264345,3.725628854281609,0.0,23.333355934416915,33.113918827284834,50.235945804380634,25.17958396858141,75.41552977296205
1.0020000000000007,7.23,0.6754777780846171,-1.4603910198144159,-1.0980900400008806,-5.1433115306291475,-34.46578428901772,45.13872898036728,0.0,-0.08149352982355162,0.5121422153953208,0.0,-5.272435899165194,3.7245937614860374,0.0,23.246686547179465,32.90739139268921,50.11034960407194,25.30461895849453,75.41496856256647
1.0040000000000007,7.23,0.6732128481491477,-1.4705876612387754,-1.1667494054322973,-5.053475770783275,-34.19431171933176,44.70109906477101,0.0,-0.09202352718198525,0.5195901085317843,0.0,-5.257562820041985,3.72325490544716,0.0,23.15948513732808,32.7032263655092,49.98540789502183,25.429015021405146,75.41442291642697
1.0060000000000007,7.23,0.6708111396450591,-1.4806054903410861,-1.2348699417830453,-4.964491284202073,-33.926838487613296,44.28724185474756,0.0,-0.10252375761142829,0.5270350243050167,0.0,-5.242668969909554,3.721616963469802,0.0,23.07164917808558,32.501200531345326,49.86112068094895,25.552771486575367,75.41389216752432
1.0080000000000007,7.23,0.6682737226935925,-1.4904461629689232,-1.3024589581553745,-4.876311789272829,-33.662681153080015,43.895905370574646,0.0,-0.11299418008039108,0.5344763687928481,0.0,-5.227754911484819,3.719684117341872,0.0,22.983076727952223,32.30110096860729,49.73748762027165,25.675888051502294,75.41337567177395
1.0100000000000007,7.23,0.6656016541404,-1.5001112448639182,-1.3695224330011775,-4.788893438772089,-33.40119216722856,43.52590630530932,0.0,-0.12343475497795453,0.5419135559769412,0.0,-5.212821501674323,3.71746009510452,0.0,22.893666601534857,32.10272456449566,49.614508034283595,25.79836477243724,75.41287280672083
1.0120000000000007,7.23,0.6627959801463924,-1.5096022163967313,-1.4360650839257856,-4.7021946877908505,-33.14175792890885,43.1761248320599,0.0,-0.1338454446994184,0.5493460068748729,0.0,-5.197869888838127,3.714948210267531,0.0,22.803318535545827,31.905877571564364,49.49218091456963,25.92020205576732,75.41238297033695
1.0140000000000007,7.23,0.6598577386427296,-1.518920477047952,-1.502090433812155,-4.616176171587127,-32.88379704618433,42.84549986209379,0.0,-0.14422621422623116,0.5567731487483059,0.0,-5.182901509798503,3.712151398719967,0.0,22.711933351188847,31.710375200997994,49.3705049297465,26.04140065016594,75.41190557991244
1.0160000000000007,7.23,0.6567879616569094,-1.5280673496539103,-1.567600873658708,-4.530800592506679,-32.62675878499821,42.533024712084824,0.0,-0.1545770316996563,0.5641944143828701,0.0,-5.167918086561892,3.7090722535561618,0.0,22.619413113917297,31.516041249062294,49.24947843160775,26.161961639425982,75.41144007103372
1.0180000000000007,7.23,0.6535876775161699,-1.537044084434739,-1.6325977224860517,-4.446032615191645,-32.37012168654648,42.23774314316063,0.0,-0.1648978689875773,0.5716092414357706,0.0,-5.152921622723067,3.7057130580105264,0.0,22.525661291345944,31.322707753478415,49.129099460745635,26.28188643589595,75.41098589664159
1.0200000000000007,7.23,0.6502579129337375,-1.5458518628205475,-1.6970812846332939,-4.3618387693675365,-32.11339233691628,41.958745738267375,0.0,-0.17518870224375915,0.5790170718475303,0.0,-5.137914399521076,3.702075816670725,0.0,22.43058290991589,31.130214676734866,49.00936575171633,26.40117677444577,75.4105425261621
1.0220000000000007,7.23,0.6467996949828514,-1.5544918010902016,-1.7610509047332827,-4.278187359562571,-31.85610427401445,41.69516658778908,0.0,-0.185449512458861,0.5864173513145544,0.0,-5.122898971517734,3.6981622851176814,0.0,22.33408471075283,30.938409613591293,48.89027473781264,26.519834706893413,75.41010944470605
1.0240000000000007,7.23,0.6432140529629374,-1.5629649538359809,-1.8245050206274749,-4.195048381170317,-31.597817018107374,41.446180256392665,0.0,-0.19568028600239928,0.5938095288195201,0.0,-5.10787816187063,3.6939739981216153,0.0,22.236075305014538,30.747147520245008,48.77182355550168,26.63786259682901,75.40968615233069
1.0260000000000007,7.23,0.6395020201618157,-1.5712723172662528,-1.8874412144549446,-4.11239344231796,-31.33811521344129,41.210999006764155,0.0,-0.20588101515483215,0.6011930562168111,0.0,-5.092855057174258,3.689512296506294,0.0,22.136465328896033,30.556290462830415,48.65400904858221,26.755263114776866,75.40927216335908
1.0280000000000007,7.23,0.6356646355173788,-1.5794148323572745,-1.9498562621260267,-4.030195691048702,-31.076607869432586,40.988870258297176,0.0,-0.21605169862887663,0.6085673878704267,0.0,-5.077833001844747,3.6847783527782907,0.0,22.0351675983459,30.365707383103814,48.53682777211349,26.87203923363967,75.40886700575317
1.0300000000000007,7.23,0.6317029451817795,-1.587393387864296,-2.0117461813689896,-3.948429747368552,-30.812927690823603,40.77907426092413,0.0,-0.22619234207911454,0.6159319803419953,0.0,-5.062815592025641,3.6797731956041697,0.0,21.932097263443882,30.175273879333638,48.4202759961626,26.98819422437292,75.40847022053552
1.0320000000000007,7.23,0.62761800399081,-1.5952088232012758,-2.073106278517748,-3.8670716397454106,-30.546730487008713,40.58092196617801,0.0,-0.23630295859892458,0.6232862921266413,0.0,-5.04780666899461,3.674497733206181,0.0,21.827171962298088,29.98487200057232,48.30434970941714,27.103731651840267,75.4080813612574
1.0340000000000007,7.23,0.6234108768408393,-1.6028619311977284,-2.133931194189769,-3.7860987456824753,-30.277694651457765,40.39375307926126,0.0,-0.24638356920370352,0.6306297834346226,0.0,-5.032810312053296,3.668952775735703,0.0,21.72031197423568,29.794390052629712,48.1890446227041,27.21865537080395,75.40769999350806
1.0360000000000007,7.23,0.6190826399753931,-1.610353460740502,-2.194214947985845,-3.7054897360189094,-30.005520702813584,40.21693427740502,0.0,-0.25643420329934596,0.637961916016729,0.0,-5.017830830885337,3.6631390566738276,0.0,21.611440371988,29.603722414204103,48.07435617245682,27.332969522006486,75.40732569446331
1.0380000000000007,7.23,0.6146343821832156,-1.6176841193076155,-2.2539509823271477,-3.625224522638768,-29.72993087982469,40.04985758114542,0.0,-0.2664548991348934,0.6452821530315496,0.0,-5.002872757370406,3.657057253299275,0.0,21.50048317250348,29.412769361753277,47.96027952416647,27.44667852830296,75.40695805246943
1.0400000000000007,7.23,0.610067205909434,-1.6248545754006773,-2.3131322055298438,-3.545284209294714,-29.450668782803827,39.89193886634231,0.0,-0.2764457042382634,0.6525899589527653,0.0,-4.9879408368451665,3.6507080062559316,0.0,21.387369485963713,29.22143690180845,47.84680957585575,27.559787090804925,75.40659666666068
1.0420000000000007,7.23,0.6053822282812641,-1.6318654608818373,-2.3717510342034185,-3.4656510452763034,-29.167499054785548,39.742616505838384,0.0,-0.2864066758339411,0.6598847995147039,0.0,-4.973040018805233,3.6440919382450314,0.0,21.27203166252631,29.02963660954763,47.733940961606905,27.672300184999592,75.4062411466065
1.0440000000000007,7.23,0.6005805820495338,-1.6387173732207108,-2.429799435045651,-3.3863083816738557,-28.880207095996212,39.60135013061178,0.0,-0.29633788124151184,0.667166141694418,0.0,-4.95817544704555,3.6372096718606306,0.0,21.15440543627319,28.837285472553223,47.62166805517719,27.7842230568099,75.40589111198709
1.0460000000000007,7.23,0.5956634164471677,-1.6454108776562353,-2.487268966094823,-3.3072406300083457,-28.588598805658773,39.46761950113386,0.0,-0.3062393982539162,0.6744334537285913,0.0,-4.943352449240073,3.6300618465815004,0.0,21.034430065806003,28.644305738782844,47.50998497373131,27.89556121856291,75.40554619229422
1.0480000000000007,7.23,0.5906318979656692,-1.6519465092779726,-2.5441508174881684,-3.2284332230155486,-28.29250034553112,39.34092348040766,0.0,-0.3161113154943077,0.6816862051635869,0.0,-4.928576525965203,3.6226491349275864,0.0,20.91204847089829,28.450624767881653,47.39888558171992,28.006320444836184,75.4052060265561
1.0500000000000007,7.23,0.585487211050546,-1.6583247750309702,-2.6004358517647264,-3.1498725773890204,-27.99175791993182,39.22077910084954,0.0,-0.32595373275040584,0.6889238669369847,0.0,-4.91385333917499,3.614972257785004,0.0,20.787207364590078,28.256174885060172,47.2883634949296,28.11650676815359,75.40487026308318
1.0520000000000007,7.23,0.5802305587165624,-1.6645461556479169,-2.6561146437406102,-3.071546058301548,-27.686237567340562,39.106720717790544,0.0,-0.33576676128526006,0.6961459114889315,0.0,-4.899188700139915,3.607031998899923,0.0,20.65985738009174,28.06089323685424,47.17841208473013,28.226126474503765,75.40453855923388
1.0540000000000007,7.23,0.574863163083651,-1.6706111075119785,-2.711177519975191,-2.993441945538587,-27.375824958978605,38.99829924292551,0.0,-0.3455505241233706,0.7033518129016514,0.0,-4.8845885568646885,3.598829218538778,0.0,20.52995319185306,27.864721648172484,47.06902448254136,28.33518609865652,75.40421058119787
1.0560000000000007,7.23,0.569386265834294,-1.6765200644533842,-2.765614597837817,-2.9155494010900442,-27.06042520007916,38.895081451532235,0.0,-0.35530515631114,0.7105410470654339,0.0,-4.870058981004393,3.590364866309771,0.0,20.397453630147382,27.667606480123485,46.96019358454183,28.443692419254077,75.4038860037959
1.0580000000000007,7.23,0.5638011285931672,-1.6822734394825356,-2.8194158241764047,-2.8378584380586753,-26.739962629851274,38.79664935772685,0.0,-0.3650308051506702,0.7177130918694252,0.0,-4.855606154301815,3.5816399931387797,0.0,20.26232178852192,27.469498488196766,46.851912056637545,28.55165245365614,75.40356451029368
1.0600000000000007,7.23,0.5581090332298512,-1.6878716264621394,-2.8725710135815348,-2.760359890754408,-26.414380616428176,38.70259965242272,0.0,-0.37472763040598234,0.7248674274155156,0.0,-4.841236354572751,3.572655762391505,0.0,20.124525123472846,27.270352680453108,46.74417233970978,28.659073452519493,75.40324579222927
1.0620000000000007,7.23,0.552311282085428,-1.6933150017206138,-2.925069886232539,-2.6830453858542254,-26.083641343370477,38.61254319901916,0.0,-0.3843958044807775,0.7320035362536105,0.0,-4.82695594126951,3.563413460132792,0.0,19.984035545716928,27.070128175455874,46.63696665515714,28.765962894094834,75.40292954925198
1.0640000000000007,7.23,0.5464091981238213,-1.6986039256087864,-2.976902105305495,-2.605907314516845,-25.747725584570688,38.52610458217168,0.0,-0.3940355125669327,0.739120903636552,0.0,-4.812771340656427,3.553914504513739,0.0,19.840829502451275,26.868788059749136,46.53028701074612,28.872328478225384,75.4026154889715
1.0660000000000007,7.23,0.5404041250087785,-1.7037387440016911,-3.0280573139170035,-2.5289388053504265,-25.40663246467859,38.44292170528998,0.0,-0.4036469527629898,0.7462190177929322,0.0,-4.798689030634663,3.544160454277277,0.0,19.694888050018243,26.666299244759394,46.42412520678251,28.97817812003383,75.40230332681634
1.0680000000000007,7.23,0.5342974271074569,-1.708719789747076,-3.078525171572135,-2.4521336981399866,-25.060379202437787,38.36264543267646,0.0,-0.413230336161978,0.7532973702160239,0.0,-4.784715525256768,3.5341530163734296,0.0,19.546196916423973,26.462632323064593,46.31847284261431,29.08351994328597,75.40199278590029
1.0700000000000007,7.23,0.5280904894216386,-1.713547384062052,-3.1282953900799813,-2.375486518249124,-24.70900083459298,38.284939272460086,0.0,-0.42278588690799046,0.7603554559670576,0.0,-4.770857358974498,3.523894052676373,0.0,19.39474655319577,26.257761424037067,46.2133213234733,29.188362273421887,75.4016835968952
1.0720000000000007,7.23,0.5217847174476815,-1.7182218378791558,-3.177357768895838,-2.2989924516181164,-24.352549918296262,38.20947909670261,0.0,-0.4323138422210304,0.7673927739910138,0.0,-4.757121070666448,3.513385585796734,0.0,19.240532176106242,26.05166406892813,46.108661867663386,29.29271363024683,75.40137549791021
1.0740000000000007,7.23,0.5153815369663957,-1.7227434531429437,-3.2257022298451696,-2.2226473202875026,-23.99109621020889,38.13595289525657,0.0,-0.4418144523897328,0.7744088274431415,0.0,-4.743513187494452,3.502629803984167,0.0,19.083553794338723,25.84432102551558,46.00448551409879,29.39658272027663,75.40106823437542
1.0760000000000007,7.23,0.5088823937641302,-1.727112524058106,-3.273318851181165,-2.1464475583829077,-23.624726320762242,38.06406056014121,0.0,-0.45128798073167065,0.7814031240243633,0.0,-4.73004020864027,3.491629065117257,0.0,18.923816227721055,25.635716162488144,45.900783130195215,29.499978428734345,75.40076155892956
1.0780000000000007,7.23,0.5022887532864542,-1.7313293382899622,-3.3201979009248856,-2.070390188503165,-23.253543342308376,37.99351369737562,0.0,-0.46073470352106066,0.7883751763237478,0.0,-4.71670858897606,3.480385899780038,0.0,18.761329111710673,25.425836303786035,45.79754542011407,29.60290981119683,75.4004552313109
1.0800000000000007,7.23,0.4956021002259175,-1.7353941781180922,-3.366329869434743,-1.9944727984597423,-22.87766645015587,37.924035463368234,0.0,-0.4701549098837887,0.795324502166226,0.0,-4.703524722723961,3.4689030134269134,0.0,18.596106889873965,25.214671083159253,45.6947629333577,29.70538608489235,75.40014901825005
1.0820000000000007,7.23,0.488823938045491,-1.7393073215437587,-3.4117055011502857,-1.9186935183211427,-22.49723047575069,37.85536042311284,0.0,-0.4795489016597944,0.8022506249637253,0.0,-4.690494927161572,3.4571832876405573,0.0,18.42816879366646,25.00221279924126,45.592426073712765,29.80741661965208,75.39984269336485
1.0840000000000007,7.23,0.48195578843939024,-1.7430690433516893,-3.4563158254540673,-1.843050997721287,-22.112385451523025,37.78723442758239,0.0,-0.4889169932329585,0.8091530740679191,0.0,-4.677625426431204,3.4452297804902674,0.0,18.257538809386347,24.788456271467354,45.49052510853493,29.909010928520843,75.39953603705578
1.0860000000000007,7.23,0.4749991907331052,-1.7466796161267077,-3.5001521865946637,-1.76754438339599,-21.723296127179264,37.719414507845954,0.0,-0.49825951132876334,0.8160313851228054,0.0,-4.664922335511538,3.4330457260013842,0.0,18.08424563224252,24.573398697192623,45.38905017836734,30.010178658034413,75.39922883640176
1.0880000000000007,7.23,0.46795570122457053,-1.750139311225641,-3.543206272613717,-1.6921732969164438,-21.330141457472163,37.65166878356166,0.0,-0.5075767947801093,0.8228851004153388,0.0,-4.652391644410724,3.420634532749598,0.0,17.908322607548374,24.357039510385125,45.28799130688315,30.110929578172534,75.39892088505569
1.0900000000000007,7.23,0.46082689246852493,-1.7534483997048675,-3.5854701432202116,-1.6169378125932048,-20.93311406173172,37.583776383621384,0.0,-0.5168691942617886,0.8297137692224001,0.0,-4.640039202639874,3.407999781597292,0.0,17.72980765912382,24.139380242284396,45.18733841113962,30.211273571999655,75.39861198313928
1.0920000000000007,7.23,0.4536143525062217,-1.7566071532038257,-3.6269362565559793,-1.5418384355285042,-20.53241965568144,37.51552737684136,0.0,-0.526137071994237,0.8365169481523895,0.0,-4.627870704025618,3.3951452225924497,0.0,17.54874320505979,23.9204243844251,45.08708131213004,30.311220625006364,75.39830193713641
1.0940000000000007,7.23,0.4463196840427624,-1.7596158447847583,-3.667597494797734,-1.4668760797988025,-20.128276456300473,37.446722710707334,0.0,-0.5353808014172963,0.8432942014798042,0.0,-4.615891671919504,3.3820747710540155,0.0,17.36517606107072,23.70017725442892,44.98720974561757,30.410780814167442,75.39799055978501
1.0960000000000008,7.23,0.43894450357443476,-1.7624747497289421,-3.7074471885426767,-1.3920520467533744,-19.720914560719088,37.377174156295325,0.0,-0.5446007668348443,0.8500451014711923,0.0,-4.604107444860902,3.3687925028710337,0.0,17.17915733173164,23.47864586496628,44.88771337323326,30.509964296733838,75.3976776699671
1.0980000000000008,7.23,0.4314904404685378,-1.7651841462896203,-3.746479139926901,-1.3173680034183592,-19.310575300352134,37.30670425759955,0.0,-0.5537973630312487,0.8567692287009483,0.0,-4.59252316274847,3.355302649046129,0.0,16.990742289965105,23.255838796282,44.78858179381822,30.608781298777906,75.39736309259612
1.1000000000000008,7.23,0.4239591359982779,-1.7677443164018423,-3.7846876444284634,-1.242825960999146,-18.89751057168178,37.23514628360647,0.0,-0.5629709948607197,0.8634661723554633,0.0,-4.581143753573335,3.341609589517184,0.0,16.799990245210765,23.031766072666905,44.68980455498914,30.707242103513096,75.39704665850223
1.1020000000000008,7.23,0.41635224233541207,-1.7701555463494039,-3.822067511309982,-1.1684282534771657,-18.481982145295344,37.16234418156182,0.0,-0.5721220768107295,0.8701355305242331,0.0,-4.569973920764782,3.327717846294112,0.0,16.60696440077438,22.80643904323985,44.59137116490337,30.805357039410893,75.39672820431426
1.1040000000000008,7.23,0.4086714215034014,-1.772418127389074,-3.8586140826590394,-1.0941775163001728,-18.06426095496585,37.088152529983454,0.0,-0.5812510325407845,0.8767769104765823,0.0,-4.559018131196625,3.313632075950661,0.0,16.411731700914594,22.579870267382738,44.49327110419989,30.903136468139344,75.39640757233923
1.1060000000000008,7.23,0.40091834429391804,-1.7745323563322963,-3.8943232509884003,-1.0200766651678865,-17.64462636873015,37.01243649007775,0.0,-0.590358294397904,0.8833899289227691,0.0,-4.5482806038994035,3.2993570615138355,0.0,16.214362668282444,22.352073405144655,44.395493838089365,31.000590772349256,75.39608461043862
1.1080000000000008,7.23,0.3930946891496203,-1.776498536084562,-3.9291914753621224,-0.946128874917434,-17.223365444072385,36.93507175432301,0.0,-0.599444302910267,0.8899742122582972,0.0,-4.537765299520274,3.2848977037961378,0.0,16.014931232381887,22.12306311290114,44.29802882856638,31.097730343335037,75.39575917190142
1.1100000000000008,7.23,0.38520214101617495,-1.7783169761426578,-3.963215796017999,-0.8723375585154154,-16.800772169456835,36.855944491086376,0.0,-0.6085095062605586,0.8965293967903821,0.0,-4.527475910568801,3.270259012218122,0.0,15.81351454976742,21.89285494452019,44.200865546715,31.194565568599103,75.3954311153141
1.1120000000000008,7.23,0.3772423901665593,-1.7799879930500127,-3.9963938474613716,-0.798706346165569,-16.377146694574783,36.774951284245844,0.0,-0.6175543597406281,0.9030551289455875,0.0,-4.517415852483108,3.2554460951707926,0.0,15.61019281673787,21.661465258250566,44.10399348507861,31.29110681934894,75.39510030442756
1.1140000000000008,7.23,0.3692171310007215,-1.781511910810384,-4.028723870010199,-0.72523906454297,-15.952794551772145,36.69199906689084,0.0,-0.6265793251891183,0.9095510654577779,0.0,-4.5075882555466205,3.240464149969071,0.0,15.405049075322108,21.42891112950718,44.00740217006251,31.3873644379579,75.3947666080204
1.1160000000000008,7.23,0.3611280608237126,-1.7828890612601496,-4.060204719776279,-0.6519397161674451,-15.528025871210426,36.607005048278786,0.0,-0.635584870413811,0.9160168735356038,0.0,-4.497995957681505,3.2253184524491214,0.0,15.198169013384518,21.195210269688015,43.9110811743393,31.483348725420555,75.39442989975986
1.1180000000000008,7.23,0.3529768786054285,-1.784119784399497,-4.0908358770727045,-0.5788124589304298,-15.103154592379502,36.519896633325544,0.0,-0.6445714686004458,0.9224522310088803,0.0,-4.488641498140311,3.2100143462633026,0.0,14.989640759702288,20.96038095111249,43.81502012922391,31.57906992883501,75.39409005805892
1.1200000000000008,7.23,0.34476528372511506,-1.785204428682833,-4.120617453242912,-0.505861585790839,-14.678497674630005,36.43061133400983,0.0,-0.6535395977098455,0.9288568264532904,0.0,-4.47952711211288,3.1945572319274658,0.0,14.779554674886327,20.72444193812809,43.71920873698703,31.67453822894427,75.3937469659313
1.1220000000000008,7.23,0.33649497470379375,-1.786143351268768,-4.149550195912064,-0.43309150465665824,-14.254374309422055,36.33909667217025,0.0,-0.6624897398651735,0.9352303592929907,0.0,-4.470654726260798,3.1789525556756235,0.0,14.568003139029269,20.487412424386296,43.62363678307344,31.769763727769707,75.39340051084315
1.1240000000000008,7.23,0.32816764792775704,-1.7869369182300638,-4.1776354926669015,-0.36050671846991145,-13.831105136999037,36.24531007327286,0.0,-0.671422380731199,0.9415725398807746,0.0,-4.462025955187053,3.1632057981772648,0.0,14.355080336970731,20.24931197624506,43.52829414819305,31.86475643636927,75.39305058456232
1.1260000000000008,7.23,0.31978499636626667,-1.787585504723969,-4.20487537317562,-0.2881118055134033,-13.409011470187956,36.14921875082362,0.0,-0.6803380088874421,0.9478830895555802,0.0,-4.4536420988437575,3.1473224631723014,0.0,14.140882042069332,20.010160482210456,43.43317082025221,31.95952626275335,75.39269708300556
1.1280000000000008,7.23,0.3113487082865585,-1.7880894951234079,-4.231272509764712,-0.21591139995819508,-12.988414528002531,36.05079958119468,0.0,-0.6892371151970669,0.954161740677235,0.0,-4.4455041408760545,3.1313080660780486,0.0,13.925505399364296,19.7699781082871,43.33825690609201,32.05408299999102,75.39233990608304
1.1300000000000008,7.23,0.3028604659692184,-1.7884492831095178,-4.2568302164750165,-0.1439101726711383,-12.56963468168313,35.950038968726574,0.0,-0.6981201921733979,0.960408236638429,0.0,-4.437612747895752,3.1151681226218253,0.0,13.709048708997212,19.528785259066137,43.24354264300261,32.14843631453868,75.39197895754128
1.1320000000000008,7.23,0.2943219444269448,-1.788665271726081,-4.281552446624438,-0.0721128123019778,-12.152990715747782,35.846932701058236,0.0,-0.7069877333459036,0.966622331854024,0.0,-4.4299682696735525,3.0989081375514536,0.0,13.491611210745399,19.286602544339452,43.1490184099813,32.24259573482298,75.39161414480428
1.1340000000000008,7.23,0.2857348101296521,-1.788737873396424,-4.305443788909873,-0.0005240066695430118,-11.738799106552941,35.74148579472449,0.0,-0.7158402326274701,0.9728037917279058,0.0,-4.422570740234358,3.0825335934744817,0.0,13.27329287049477,19.04345075099258,43.05467473870409,32.33657064010893,75.39124537881301
1.1360000000000008,7.23,0.2771007197387999,-1.788667509903407,-4.3285094620857825,0.07085157553361736,-11.327373320771537,35.63371233114464,0.0,-0.724678183684756,0.9789523925976842,0.0,-4.415419879835829,3.0660499398750938,0.0,13.054194169450401,18.79935081989448,42.96050232418086,32.43037024968319,75.39087257386404
1.1380000000000008,7.23,0.26842131885375475,-1.7884546123331544,-4.350755308261573,0.1420093026991315,-10.91902313609029,35.52363528320727,0.0,-0.7335020793133635,0.9850679216576486,0.0,-4.408515097806248,3.04946258235555,0.0,12.834415896848823,18.554323827471563,42.86649203506488,32.52400361238186,75.39049564744674
1.1400000000000008,7.23,0.2596982407728985,-1.7880996209832243,-4.372187784864424,0.2129445979046939,-10.514053986309891,35.41128633273386,0.0,-0.742312410819526,0.991150176860461,0.0,-4.4018554962139085,3.03277687214673,0.0,12.614058946897815,18.308390971626345,42.77263492359001,32.61747959649027,75.39011452008029
1.1420000000000008,7.23,0.2509331052721045,-1.7876029852359445,-4.392813955318443,0.2836529561420493,-10.112766332899973,35.2967056791769,0.0,-0.7511096674099375,0.9971989667981833,0.0,-4.395439874336525,3.0159980959296604,0.0,12.393224120626565,18.061573561637175,42.678922235108075,32.71080688004173,75.3897291151498
1.1440000000000008,7.23,0.24212751740309327,-1.7869651633976813,-4.412641478494994,0.3541299611539552,-9.715455064919684,35.17994183997828,0.0,-0.759894335591294,1.003214110563289,0.0,-4.38926673389582,2.9991314660071993,0.0,12.17201193328327,17.81389301165598,42.585345417202454,32.80399394154017,75.38933935874263
1.1460000000000008,7.23,0.23328306631406803,-1.786186622504838,-4.431678596992719,0.424371301863924,-9.32240892906275,35.06105144307912,0.0,-0.7686668985810365,1.009195437590399,0.0,-4.38333428501939,2.9821821108620123,0.0,11.950522427868357,17.56537083740569,42.49189612835417,32.89704905113024,75.38894517948441
1.1480000000000008,7.23,0.22440132409490912,-1.7852678380974143,-4.449934124309127,0.4943727883835895,-8.93390999142624,34.94009901213243,0.0,-0.7774278357307141,1.0151427874795496,0.0,-4.377640452889061,2.9651550661339154,0.0,11.728854995340203,17.31602865566705,42.39856624613904,32.989980262236806,75.38854650837584
1.1500000000000008,7.23,0.21548384464907985,-1.784209293960986,-4.46741743096865,0.564130367583702,-8.550233132435553,34.81715674502666,0.0,-0.7861776219632879,1.0210560098018577,0.0,-4.372182885032532,2.948055266046296,0.0,11.507108201976706,17.06588818613753,42.30534787493564,33.08279540369403,75.38814327862967
1.1520000000000008,7.23,0.20653216259426369,-1.783011481837988,-4.484138429674784,0.633640138216027,-8.17164557618649,34.69230428637947,0.0,-0.7949167272256319,1.0269349638885168,0.0,-4.366958959212894,2.930887535308101,0.0,11.285379624321987,16.814971255241577,42.2122333531264,33.17550207238226,75.38773542550865
1.1540000000000008,7.23,0.19754779219361485,-1.781674901109215,-4.50010755955625,0.7028983655747839,-7.798406455288514,34.56562849470798,0.0,-0.8036456159573675,1.0327795186040847,0.0,-4.36196579186886,2.9136565815143562,0.0,11.063765692091716,16.563299801472702,42.119215259775565,33.26810762638911,75.38732288616467
1.1560000000000008,7.23,0.18853222631936287,-1.780200058446464,-4.515335769579118,0.7719014956877215,-7.430766412114957,34.43722320502264,0.0,-0.8123647465770861,1.0385895521050956,0.0,-4.3572002470569196,2.896366988064739,0.0,10.842361539354812,16.310895881852,42.02628642076961,33.360619178709115,75.38690559947872
1.1580000000000008,7.23,0.17948693545036568,-1.7785874674372761,-4.529834501198468,0.840646169028455,-7.068967237186176,34.307188987629765,0.0,-0.8210745709869198,1.0443649515850357,0.0,-4.352658945845607,2.8790232076162927,0.0,10.621260864253983,16.05778167909664,41.93343991440833,33.453043591494456,75.38648350590279
1.1600000000000008,7.23,0.1704133667050576,-1.7768376481827368,-4.543615670324419,0.9091292337432938,-6.713241545231488,34.175632903958615,0.0,-0.8297755340963102,1.0501056130067727,0.0,-4.348338276111141,2.861629556082874,0.0,10.400555797472407,15.803979509103575,41.84066907643613,33.54538747086684,75.38605654730297
1.1620000000000008,7.23,0.16131294291108778,-1.7749511268693108,-4.556691648678295,0.9773477583874484,-6.363812489297632,34.04266826025639,0.0,-0.8384680733657242,1.0558114408235406,0.0,-4.3442344026832185,2.844190207190473,0.0,10.18033677959991,15.549511828368889,41.747967504505496,33.637657162299135,75.38562466680463
1.1640000000000008,7.23,0.15218706171279262,-1.7729284353157007,-4.569075244615226,1.045299044167214,-6.020893513096291,33.908414360016465,0.0,-0.8471526183709693,1.0614823476895907,0.0,-4.340343277789602,2.826709187594264,0.0,9.960692447499893,15.294401240981607,41.65532906206685,33.72985874657251,75.38518780863936
1.1660000000000008,7.23,0.14303709471749285,-1.7707701104957152,-4.580779683489724,1.1129806366864796,-5.684688141611192,33.772996256022616,0.0,-0.8558295903886572,1.0671182541616504,0.0,-4.336660651748166,2.8091903725599296,0.0,9.741709529727462,15.038670504851288,41.562747881680224,33.82199803631368,75.38474591799391
1.1680000000000008,7.23,0.13386438668145265,-1.7684766940381411,-4.591818587640631,1.1803903371976843,-5.355389809819419,33.63654450290481,0.0,-0.8644994020032494,1.0727190883922988,0.0,-4.333182083855604,2.7916374822086127,0.0,9.523472751000861,14.782342536852422,41.47021836774768,33.91408057311384,75.38429894086153
1.1700000000000008,7.23,0.12467025473618626,-1.766048731704606,-4.602205956071385,1.247526213359152,-5.033181729221165,33.49919491111031,0.0,-0.8731624567360409,1.0782847858164033,0.0,-4.329902953422543,2.7740540783219116,0.0,9.30606474568259,14.52544041659326,41.377735198665505,34.006111625229835,75.38384682389534
1.1720000000000008,7.23,0.11545598765564599,-1.7634867728464183,-4.611956143900785,1.3143866095025405,-4.718236791719232,33.36108830319869,0.0,-0.8818191486963141,1.0838152888317123,0.0,-4.326818470905934,2.7564435617003533,0.0,9.089565980183163,14.26798738854428,41.285293328398964,34.098096185865145,75.38338951426411
1.1740000000000008,7.23,0.10622284516467631,-1.760791369841357,-4.6210838416583835,1.3809701564159598,-4.410717510244668,33.22237027336874,0.0,-0.8904698622548184,1.089310546474717,0.0,-4.323923689090606,2.7388091700661414,0.0,8.874054684160374,14.01000686228893,41.19288798748307,34.19003897202742,75.38292695951048
1.1760000000000008,7.23,0.09697205728897175,-1.7579630775113744,-4.629604054497272,1.4472757806501335,-4.1107759953887415,33.0831909511222,0.0,-0.899114971739619,1.094770514092852,0.0,-4.321213514273444,2.7211539764983703,0.0,8.659606790349695,13.751522410689129,41.10051468345509,34.281944423956396,75.38245910741148
1.1780000000000008,7.23,0.0877048237466324,-1.7550024525221546,-4.637532081395427,1.5133027133567731,-3.818553967174955,32.94370476996223,0.0,-0.9077548411542797,1.1001951530140848,0.0,-4.318682717405161,2.703480888386573,0.0,8.44629588282745,13.492557765787103,41.00816920072645,34.373816705115054,75.3819859058415
1.1800000000000008,7.23,0.0784223133812702,-1.7519100527654559,-4.644883494414932,1.5790504986701246,-3.534182800988292,32.80407024201425,0.0,-0.9163898239182515,1.1055844302149227,0.0,-4.316325945146474,2.6857926468863162,0.0,8.234193153477895,13.233136812295582,40.91584759990273,34.46565970273496,75.38150730263769
1.1820000000000008,7.23,0.06912566363648277,-1.7486864367251342,-4.651674118086327,1.6445190016444113,-3.257783606573084,32.66444973944388,0.0,-0.9250202626292507,1.1109383179878105,0.0,-4.314137730797475,2.6680918268585616,0.0,8.023367366407856,12.973283578558114,40.82354621656316,34.5574770289047,75.38102324546786
1.1840000000000008,7.23,0.059815980071378956,-1.7453321628277263,-4.6579200089830355,1.7097084157616267,-2.9894673389156163,32.525009283531176,0.0,-0.933646488847338,1.1162567936088827,0.0,-4.312112505061003,2.6503808372727997,0.0,7.813884830028798,12.713022224890747,40.73126165951074,34.64927202218974,75.38053368170048
1.1860000000000008,7.23,0.0504943359167132,-1.7418477887784312,-4.6636374355484,1.7746192700258365,-2.729334939744525,32.3859183422428,0.0,-0.9422688229003231,1.1215398390069584,0.0,-4.310244606603116,2.6326619220523866,0.0,7.6058093765054675,12.452377029245369,40.638990808507636,34.74104774976952,75.38003855827716
1.1880000000000008,7.23,0.041161771671063094,-1.7382338708833036,-4.668842858235223,1.8392524356618098,-2.4774775083089935,32.24734963712395,0.0,-0.9508875737100626,1.1267874404346592,0.0,-4.308528292375939,2.614937161339207,0.0,7.399202348253012,12.191372370162737,40.546730811509654,34.8328070100775,75.37953782158715
1.1900000000000008,7.23,0.031819294736367465,-1.7344909633584298,-4.673552910014988,1.9036091324374256,-2.2339765000347525,32.10947896031176,0.0,-0.9595030386391349,1.1319995881424483,0.0,-4.3069577476706415,2.59720847315364,0.0,7.194122591150309,11.930032707010303,40.45447908141657,34.92455233592763,75.37903141734421
1.1920000000000008,7.23,0.022467879092030792,-1.7306196176268156,-4.677784377311057,1.967690934630878,-1.9989039516080773,31.972485002449265,0.0,-0.9681155033573257,1.1371762760563666,0.0,-4.305527095870594,2.5794776154248926,0.0,6.990626454126201,11.668382557525051,40.36223329235468,35.01628599811038,75.37851929046505
1.1940000000000008,7.23,0.01310846500669426,-1.7266203816036785,-4.681554181407237,2.0314997766652447,-1.772322731000397,31.836549192256612,0.0,-0.9767252417272981,1.1423175014601827,0.0,-4.304230407877211,2.5617461883660493,0.0,6.788767794767243,11.4064464727055,40.26999137550961,35.10801000944036,75.37800138494998
1.1960000000000008,7.23,0.0037419587866736933,-1.722493798970782,-4.684879360380069,2.095037958434469,-1.5542868109197554,31.701855548494365,0.0,-0.9853325157087651,1.1474232646826046,0.0,-4.303061711183478,2.544015637167656,0.0,6.588597990590339,11.144249009119312,40.17775151452858,35.19972612923645,75.37747764376503
1.1980000000000008,7.23,-0.005630767440028802,-1.718240408440407,-4.68777705160018,2.158308150346258,-1.3448415641592846,31.568590545029412,0.0,-0.9939375752804347,1.1524935687901883,0.0,-4.302014998572403,2.526287254983287,0.0,6.390165955620833,10.881814698712654,40.08551214051042,35.2914358682152,75.37694800872562
1.2000000000000008,7.23,-0.015008875905320454,-1.7138607430094963,-4.690264474844943,2.221313398108788,-1.1440240793087622,31.436942989693765,0.0,-1.002540658378964,1.1575284192864748,0.0,-4.301084236420251,2.5085621861804444,0.0,6.193518161916742,10.61916801622651,39.99327192660446,35.383140493777155,75.37641242038161
1.2020000000000008,7.23,-0.024391563349482986,-1.7093553292044592,-4.692358916061653,2.284057127289486,-0.951863495300246,31.307103917604362,0.0,-1.011141990854104,1.1625278238178807,0.0,-4.300263372586502,2.490841429830074,0.0,5.998698665681618,10.356333344340591,39.90102978223767,35.47484103566576,75.37587081790343
1.2040000000000008,7.23,-0.03377806113784501,-1.7047246863170629,-4.694077711817362,2.346543147675448,-0.7683813532748724,31.179266499592273,0.0,-1.0197417864392029,1.167491791886777,0.0,-4.299546343874916,2.473125843408171,0.0,5.805749137612823,10.093334936680114,39.8087848469914,35.56653829197789,75.37532313896929
1.2060000000000008,7.23,-0.04316763534706862,-1.6999693256317743,-4.695438234468528,2.408775657466359,-0.5935919642824912,31.053625966372678,0.0,-1.028340246736185,1.1724203345721667,0.0,-4.298927083052183,2.4554161466832745,0.0,5.6147088971382075,9.830196878832762,39.716536484147845,35.65823283550483,75.37476931965267
1.2080000000000009,7.23,-0.052559586822520536,-1.6950897496448576,-4.696457878080674,2.470759247332004,-0.42750279136023717,30.93037954906992,0.0,-1.0369375612141178,1.1773134642582979,0.0,-4.298399525412745,2.4377129257640453,0.0,5.425614950201659,9.566943047532773,39.624284273928055,35.74992502038276,75.37420929431082
1.2100000000000009,7.23,-0.06195325120825556,-1.6900864512754645,-4.697154045125406,2.532498904367687,-0.27011484457883483,30.80972643669973,0.0,-1.0455339072204475,1.182171194371509,0.0,-4.2979576148803895,2.420016637281727,0.0,5.238502030267482,9.303597068177277,39.532028006441884,35.84161498903124,75.37364299547312
1.2120000000000009,7.23,-0.07134799895119213,-1.6849599130688875,-4.697544133979353,2.594000015982069,-0.12142308769559491,30.691867751200036,0.0,-1.0541294500039644,1.1869935391255606,0.0,-4.297595309639031,2.4023276126829307,0.0,5.053402642224021,9.040182270845754,39.43976767437037,35.93330267935893,75.3730703537293
1.2140000000000009,7.23,-0.08074323528110618,-1.679710606392074,-4.6976455272469195,2.6552683737531004,0.01858314488807795,30.577006540594553,0.0,-1.0627243427485578,1.1917805132756307,0.0,-4.2973065872869185,2.3846460626089705,0.0,4.870347108878525,8.776721644997192,39.34750346540232,36.02498783221547,75.37249129761778
1.2160000000000009,7.23,-0.09013840016811056,-1.6743389906214319,-4.697475580926227,2.7163101772888996,0.14991972210255686,30.465347790870812,0.0,-1.0713187266167952,1.1965321318811486,0.0,-4.297085449510055,2.366972081338819,0.0,4.6893636197480095,8.513237793021744,39.25523575444372,36.11666999906912,75.37190575351283
1.2180000000000009,7.23,-0.09953296825932398,-1.668845512322875,-4.697051614435185,2.7771320381315867,0.2726072822848732,30.357098457154624,0.0,-1.079912730802368,1.201248410077549,0.0,-4.296925926272164,2.3493056512736885,0.0,4.51047828186404,8.249752882823698,39.162965095621274,36.20834854988985,75.37131364551112
1.2200000000000009,7.23,-0.10892644879646453,-1.6632306044239862,-4.696390901512394,2.8377409837432532,0.38667079244182334,30.252467514768792,0.0,-1.0885064725904297,1.2059293628570245,0.0,-4.296822079519832,2.331646647442235,0.0,4.33371517232346,7.986288599611174,39.070692214098614,36.30002268121841,75.37071489531702
1.2220000000000009,7.23,-0.11831838551613061,-1.6574946853780934,-4.695510662005496,2.898144461614427,0.49213910170684094,30.15166603077388,0.0,-1.097100057424862,1.2105750048582908,0.0,-4.2967680064026625,2.313994842006392,0.0,4.159096392331302,7.7228660970647525,38.97841799772412,36.3916914244021,75.37010942212622
1.2240000000000009,7.23,-0.12770835653455495,-1.6516381583199706,-4.694428054557634,2.9583503435366145,0.5890444899094354,30.054907256605134,0.0,-1.105693578981494,1.2151853501653467,0.0,-4.2967578420093355,2.296349908748964,0.0,3.986642122497014,7.459505948052969,38.88614348852874,36.48335365397887,75.36949714250761
1.2260000000000009,7.23,-0.13709597421863734,-1.6456614102127944,-4.693160170200961,3.018366930081737,0.6774222120833089,29.96240674244065,0.0,-1.1142871192463124,1.2197604121151768,0.0,-4.2967857616213285,2.2787114275251668,0.0,3.8163706791597787,7.196228095056478,38.79386987409062,36.575008096192015,75.36887797028263
1.2280000000000009,7.23,-0.1464808850450776,-1.639564810985899,-4.691724026864575,3.0782029553325843,0.7573100396438701,29.874382473963518,0.0,-1.1228807485977,1.2243002031143082,0.0,-4.296845982486829,2.2610788886614586,0.0,3.6482985715337777,6.933051800455988,38.701598478783936,36.6666533376184,75.36825181640233
1.2300000000000009,7.23,-0.15586276944944413,-1.6333487126627795,-4.6901365648029,3.137867591909766,0.8287477988655254,29.791055032215525,0.0,-1.1314745258917394,1.2288047344640938,0.0,-4.296932765117921,2.2434516972861154,0.0,3.4824405594790453,6.669995596830853,38.60933075492714,36.75828783389407,75.36761858882122
1.2320000000000009,7.23,-0.1652413416670235,-1.627013448478709,-4.6884146429493505,3.197370456342068,0.8917769071868034,29.71264777728058,0.0,-1.1400684985496465,1.2332740161945817,0.0,-4.297040414114532,2.225829177577149,0.0,3.3188097117182753,6.407077237406251,38.51706827384553,36.84990991852215,75.36697819236768
1.2340000000000009,7.23,-0.17461634956730626,-1.6205593319872282,-4.6865750361992005,3.256721614828661,0.9464399077650828,29.639387056585807,0.0,-1.1486627026463714,1.2377080569067833,0.0,-4.2971632785189735,2.2082105769142863,0.0,3.1574174643344963,6.1443136467774195,38.42481271686255,36.94151781174837,75.36633052861092
1.2360000000000009,7.23,-0.1839875744839702,-1.6139866561546785,-4.684634433624819,3.315931589443224,0.992780002594081,29.57150243866426,0.0,-1.15725716299945,1.2421068636231394,0.0,-4.297295751704905,2.1905950699228214,0.0,2.9982736793986215,5.881720872028746,38.33256586623203,37.03310962949119,75.36567549572322
1.2380000000000009,7.23,-0.1933548310422289,-1.607295692441842,-4.682609437625929,3.375011364831806,1.0308405843856276,29.509226973290772,0.0,-1.1658518932571675,1.246470441645955,0.0,-4.29743227080459,2.172981762398271,0.0,2.8413867035898654,5.619314034355045,38.240329596024075,37.12468339231393,75.36501298833801
1.2400000000000009,7.23,-0.20271796698541744,-1.6004866898716477,-4.68051656401725,3.433972395458146,1.0606647673042655,29.452797478975224,0.0,-1.1744468959851195,1.2507987944235575,0.0,-4.2975673156780925,2.1553696951017907,0.0,2.68676342668537,5.35710728128105,38.14810586297473,37.216237034427664,75.3643428974024
1.2420000000000009,7.23,-0.21207686300269316,-1.593559874081792,-4.678372243055832,3.4928266134522206,1.0822949165258622,29.40245485888464,0.0,-1.1830421627502552,1.2550919234239073,0.0,-4.2976954074276135,2.13775784741735,0.0,2.534409339808383,5.095113739563642,38.0558966973096,37.307768412714715,75.36366511002431
1.2440000000000009,7.23,-0.22143143255973236,-1.5865154463610125,-4.676192821410555,3.5515864371200245,1.0957721764738433,29.35844444635964,0.0,-1.1916376742014985,1.2593498280153768,0.0,-4.297811106459805,2.120145140862655,0.0,2.384328593336949,4.8333454688501725,37.963704193550114,37.39927531576356,75.36297950931367
1.2460000000000009,7.23,-0.23078162173431083,-1.5793535826676293,-4.673994565076691,3.610264780175027,1.101135997464685,29.32101638129889,0.0,-1.2002334001460406,1.2635725053544005,0.0,-4.29790901009802,2.102530442446733,0.0,2.2365240543870035,4.571813416154322,37.871530501309444,37.49075547290706,75.3622859742165
1.2480000000000009,7.23,-0.2401274090586614,-1.5720744326288505,-4.671793663239078,3.668875061754416,1.098423660370695,29.29042601880416,0.0,-1.2088292996204115,1.26775995027968,0.0,-4.297983749745805,2.084912567868052,0.0,2.0909973637954766,4.310527371200077,37.77937781608499,37.58220656325736,75.36158437934235
1.2500000000000009,7.23,-0.24946880537050992,-1.564678118519205,-4.66960623308837,3.7274312172861452,1.0876697987815709,29.266934371610805,0.0,-1.2174253209554307,1.2719121552126218,0.0,-4.298029987601776,2.0672902845478207,0.0,1.9477489925398426,4.049495922672751,37.687248370052004,37.67362622473159,75.3608745947836
1.252000000000001,7.23,-0.25880585367470166,-1.557164734216333,-4.667448325595991,3.785947710276007,1.0689059180155338,29.25080858797682,0.0,-1.2260214018341329,1.2760291100636718,0.0,-4.29804241292495,2.049662314493998,0.0,1.8067782975413147,3.7887264154056557,37.59514442286262,37.76501206306385,75.36015648592647
1.254000000000001,7.23,-0.26813862901734176,-1.549534344132223,-4.665335932254859,3.8444395450874547,1.0421599101977572,29.242322466863946,0.0,-1.234617469341781,1.2801108021442063,0.0,-4.298015737848189,2.0320273369922495,0.0,1.668083576808784,3.5282249085203117,37.50306825245286,37.85636166080036,75.35942991325322
1.256000000000001,7.23,-0.2774672383743904,-1.5417869821178307,-4.663284992794629,3.9029222807907353,1.007455564485418,29.241757012425673,0.0,-1.2432134400070451,1.284157216083628,0.0,-4.297944692735973,2.0143839911208348,0.0,1.5316621238902959,3.2679961345285125,37.41102214585883,37.94767258627543,75.35869473213427
1.258000000000001,7.23,-0.2867918205566714,-1.5339226503388665,-4.66131140388222,3.9614120461621263,0.9648120713764363,29.249401030011754,0.0,-1.2518092198334423,1.2881683337513143,0.0,-4.2978240210809044,1.996730878087006,0.0,1.397510281607884,3.008043459395125,37.31900839004268,38.038942402567514,75.3579507926102
1.260000000000001,7.23,-0.2961125461332781,-1.5259413181203612,-4.659431028820629,4.019925555918698,0.914243519890433,29.26555176611851,0.0,-1.2604047043200974,1.2921441341830562,0.0,-4.297648473931561,1.9790665633831774,0.0,1.2656234950603997,2.748368843552203,37.22702926272674,38.13016867643569,75.35719793916243
1.262000000000001,7.23,-0.30542961737538754,-1.517842920757452,-4.657659708261635,4.078480128279121,0.8557583862565802,29.29051559495012,0.0,-1.268999778470886,1.2960845935116325,0.0,-4.297412803842148,1.9613895787616207,0.0,1.1359963638872115,2.4889728038472185,37.13508702323366,38.221348987238144,75.35643601047181
1.264000000000001,7.23,-0.31474326822252957,-1.509627358289643,-4.656013271950871,4.137093703946611,0.7893590125810334,29.32460875451934,0.0,-1.277594316790991,1.2999896849011454,0.0,-4.297111758332114,1.9436984240269495,0.0,1.0086226937935234,2.229854376401278,37.04318390332905,38.312480935835566,75.35566483916462
1.266000000000001,7.23,-0.32405376427339594,-1.5012944942355901,-4.654507551526983,4.195784866616274,0.7150410737968675,29.368158135503894,0.0,-1.2861881832698732,1.3038593784847614,0.0,-4.2967400728413665,1.9259915686461782,0.0,0.883495547345904,1.9710110803478025,36.951322098060714,38.40356215348365,75.35488425154436
1.268000000000001,7.23,-0.3333614028033226,-1.4928441542852602,-4.653158394400147,4.254572865115812,0.6327930310207357,29.42150212638833,0.0,-1.2947812313496374,1.3076936413054918,0.0,-4.296292463163899,1.9082674531764399,0.0,0.7606072940536017,1.712438882416884,36.8595037565889,38.49459031072017,75.35409406730906
1.270000000000001,7.23,-0.3426665128106324,-1.4842761249460754,-4.651981678739169,4.313477637296015,0.5425955692496625,29.48499151877013,0.0,-1.3033733038777258,1.3114924372596413,0.0,-4.295763617339665,1.8905244905109464,0.0,0.6399496597586414,1.4541321623276542,36.76773097299918,38.58556312625346,75.35329409925265
1.272000000000001,7.23,-0.3519694550940881,-1.4755901521394266,-4.650993329600721,4.372519835795507,0.4444210171302568,29.55899047708549,0.0,-1.3119642330428356,1.3152557270425729,0.0,-4.295148186981117,1.8727610669439745,0.0,0.5215137753642778,1.1960836789483333,36.67600577708875,38.67647837586049,75.35248415294924
1.274000000000001,7.23,-0.3612706223637779,-1.4667859397436707,-4.6502093362390085,4.431720855813236,0.33823274631531397,29.643877577430512,0.0,-1.3205538402929027,1.3189834680964156,0.0,-4.294440778007241,1.854975543056086,0.0,0.4052902249383247,0.93828453718338,36.58433012511525,38.7673339013041,75.35166402641934
1.276000000000001,7.23,-0.3705704393878356,-1.4578631480794586,-4.649645770639383,4.491102865031912,0.22398454769256268,29.740046920607842,0.0,-1.3291419362339347,1.3226756145593739,0.0,-4.2936359407538625,1.8371662544209189,0.0,0.2912690932343205,0.6807241555478388,36.49270589049601,38.85812761928053,75.35083350977655
1.278000000000001,7.23,-0.3798693631774936,-1.4488213923329358,-4.649318807325058,4.5506888358464135,0.10161998151939161,29.847909325033903,0.0,-1.3377283205084134,1.3263321172162619,0.0,-4.292728159424703,1.819331512135234,0.0,0.17944001268014653,0.4233902343919463,36.401134854443555,38.94885753040961,75.34999238485317
1.280000000000001,7.23,-0.38916788321306695,-1.4396602409120463,-4.6492447444923295,4.610502580062959,-0.028928301771315175,29.967893605692304,0.0,-1.3463127816519054,1.3299529234499325,0.0,-4.291711840842725,1.8014696031740256,0.0,0.06979220989020239,0.16626872474374318,36.30961869652176,39.039521728281784,75.34914042480355
1.282000000000001,7.23,-0.39846652171358826,-1.4303792137308176,-4.649440026536407,4.670568786247821,-0.16773927362106286,30.100447945925755,0.0,-1.3548950969264417,1.3335379771932347,0.0,-4.290581302456203,1.7835787905727465,0.0,-0.03768544823611691,-0.09065620225537738,36.21815898510584,39.13011840857753,75.34827739368336
1.284000000000001,7.23,-0.40776583395294175,-1.4209777804161405,-4.649921268037381,4.730913059918611,-0.3149042760960777,30.24604136952594,0.0,-1.3634750321291196,1.3370872188811727,0.0,-4.289330759548004,1.7656573134388809,0.0,-0.14300440876020015,-0.3474021853376677,36.12675716772626,39.22064587827665,75.34740304600291
1.286000000000001,7.23,-0.4170664086254935,-1.4114553584311509,-4.650705279283835,4.791561966786781,-0.4705278115276763,30.405165321313156,0.0,-1.37205234137428,1.340600585402908,0.0,-4.287954311590275,1.747703386795212,0.0,-0.24617638721797572,-0.6039887025215942,36.0354145612764,39.31110256497624,75.34651712625264
1.288000000000001,7.23,-0.4263688682643776,-1.4018113111088881,-4.6518090934203995,4.852543079277187,-0.6347283776100975,30.5783353652043,0.0,-1.3806267668474863,1.3440780100532983,0.0,-4.28644592767964,1.729715201257413,0.0,-0.34721332231821384,-0.8604370999370886,35.944132342060364,39.401487026338785,75.34561936839916
1.290000000000001,7.23,-0.4356738697157802,-1.3920449455894357,-4.65324999531506,4.913885026569412,-0.8076393529359223,30.766093009656043,0.0,-1.389198038529399,1.347519422483607,0.0,-4.284799430980292,1.7116909225486974,0.0,-0.44612733073457067,-1.1167706200310594,35.85291153565618,39.49179795969249,75.34470949534867
1.292000000000001,7.23,-0.444982104672766,-1.3821555106532377,-4.655045552252447,4.9756175484262934,-0.9894099384011276,30.969007671346162,0.0,-1.39776587388747,1.350924748651099,0.0,-4.283008482093659,1.6936286908545297,0.0,-0.542930661892856,-1.3730144290969382,35.76175300656657,39.582034211809685,75.34378721837626
1.294000000000001,7.23,-0.45429430027241363,-1.3721421944427334,-4.657213646570694,5.037771553097884,-1.1802061604087553,31.187678789033573,0.0,-1.4063299775332374,1.3542939107671823,0.0,-4.281066561263905,1.6755266200206587,0.0,-0.6376356526468007,-1.6291956440430937,35.670657447628045,39.67219478888995,75.342852236518
1.296000000000001,7.23,-0.463611219760276,-1.362004122063849,-4.659772510371836,5.100379179614108,-1.3802119423451882,31.422738100723095,0.0,-1.414890040842777,1.357626827243788,0.0,-4.278966949317853,1.6573827965980168,0.0,-0.7302546817269655,-1.8853433582804286,35.57962536914514,39.76227886677758,75.34190423592273
1.298000000000001,7.23,-0.47293366322645347,-1.351740353058234,-4.662740762449251,5.163473864806931,-1.589630251402946,31.67485209856759,0.0,-1.4234457415376809,1.3609234126376928,0.0,-4.276702707226143,1.6391952787384276,0.0,-0.820800123838226,-2.1414886665682302,35.48865708771511,39.85228580144576,75.34094288916087
1.300000000000001,7.23,-0.482262468417869,-1.3413498787364169,-4.666137447590476,5.227090415433138,-1.8086843284845882,31.944724677381522,0.0,-1.431996743223673,1.3641835775924909,0.0,-4.274266654159312,1.6209620949455326,0.0,-0.9092843032714195,-2.3976646886083457,35.39775271470443,39.94221513978228,75.3399678544867
1.302000000000001,7.23,-0.49159851163166884,-1.330831619361282,-4.669982078429868,5.291265085802111,-2.03761900964923,32.23309999422702,0.0,-1.4405426948837197,1.3674072287779202,0.0,-4.271651343897864,1.6026812426859294,0.0,-0.9957194468841917,-2.6539065911196973,35.30691214433561,40.03206663071444,75.33897877505005
1.304000000000001,7.23,-0.5009427086950367,-1.3201844211704192,-4.674294680043332,5.35603566134966,-2.276702148364954,32.54076555828398,0.0,-1.4490832303221803,1.3705942688262789,0.0,-4.268849039438863,1.5843506868662063,0.0,-1.0801176362947693,-2.910251608056566,35.21613504133894,40.12184023671473,75.33797527805368
1.306000000000001,7.23,-0.510296016037114,-1.3094070532249853,-4.6790958374967095,5.421441548639264,-2.5262261487133,32.86855557214466,0.0,-1.4576179675562275,1.3737445962656667,0.0,-4.265851685623402,1.565968358182475,0.0,-1.162490759120231,-3.166739058553069,35.12542082812024,40.21153614573154,75.33695697385178
1.308000000000001,7.23,-0.5196594318591633,-1.298498204071698,-4.684406746580684,5.487523872316475,-2.7865096206657873,33.21735454779822,0.0,-1.4661465081503833,1.3768581054498035,0.0,-4.262650879588494,1.547532151350112,0.0,-1.2428504590777605,-3.42341036208055,35.03476867139102,40.30115478359386,75.33592345498488
1.310000000000001,7.23,-0.5290339974095984,-1.2874564782034958,-4.690249267988333,5.554325579591022,-3.0578991696238775,33.58810122291052,0.0,-1.4746684364895988,1.379934686484195,0.0,-4.259237838823818,1.5290399232227365,0.0,-1.3212080847533525,-3.680309050191939,34.94417746820278,40.39069682694245,75.33487429514523
1.312000000000001,7.23,-0.5384207983710457,-1.2762803923031876,-4.696645985217044,5.6218915528749545,-3.340771333594991,33.98179280557967,0.0,-1.4831833189858554,1.3829742251484312,0.0,-4.255603366587673,1.5104894908111706,0.0,-1.3975746368273658,-3.9374807740940416,34.853645831322574,40.48016321674518,75.33380904806776
1.314000000000001,7.23,-0.5478209663671885,-1.2649683712530995,-4.7036202665044655,5.690268731264276,-3.6355346826754533,34.39948957857878,0.0,-1.4916907032127273,1.385976602814438,0.0,-4.251737814406932,1.4918786292151407,0.0,-1.4719607135302144,-4.194973307131751,34.7631720738801,40.569555172459104,75.3327272463392
1.316000000000001,7.23,-0.557235680597799,-1.2535187438922963,-4.711196331138987,5.7595062416165925,-3.9426320969384334,34.842319897205186,0.0,-1.5001901169617777,1.3889416963605128,0.0,-4.247631041352575,1.4732050694829808,0.0,-1.544376454084342,-4.452836541083091,34.672754193211674,40.65887420690733,75.331628400119
1.318000000000001,7.23,-0.5666661696110742,-1.241929738501371,-4.719399320518918,5.829655540048919,-4.262543240390245,35.311485618262935,0.0,-1.5086810672139972,1.3918693780810216,0.0,-4.243272369744611,1.4544664964176741,0.0,-1.614831479870342,-4.711122474944867,34.58238985381824,40.74812214194546,75.3305119957637
1.320000000000001,7.23,-0.5761137132231778,-1.2301994779930707,-4.728255374371589,5.900770564758502,-4.5957872503726955,35.808268001432815,0.0,-1.5171630390187572,1.3947595155916779,0.0,-4.238650536897507,1.4356605463512955,0.0,-1.6833348330359583,-4.969885194630292,34.492076369348084,40.83730112499893,75.32937749434701
1.322000000000001,7.23,-0.5855796445957544,-1.2183259747851445,-4.737791712584162,5.972907901156007,-4.94292566366075,36.3340341283498,0.0,-1.5256354942719423,1.3976119717303503,0.0,-4.233753642468667,1.416784804914351,0.0,-1.7498949122465193,-5.2291808416938546,34.40181068350512,40.92641364656009,75.32822433006521
1.324000000000001,7.23,-0.595065352483125,-1.2063071253297148,-4.748036723142487,6.04612696039546,-5.3045656025421914,36.890243889130865,0.0,-1.5340978703839723,1.4004266044534406,0.0,-4.228569090917256,1.3978368048321532,0.0,-1.814519405254697,-5.489067568836046,34.31158934977497,41.01546255874314,75.32705190851811
1.326000000000001,7.23,-0.6045722836619197,-1.1941407042712124,-4.759020056723047,6.120490172489503,-5.681363246374813,37.47845759088469,0.0,-1.542549578827396,1.4032032667279029,0.0,-4.223083528517744,1.3788140237868762,0.0,-1.8772152179462351,-5.74960547951097,34.22140850985043,41.10445109500323,75.32585960485366
1.328000000000001,7.23,-0.6141019455570406,-1.1818243582024193,-4.770772728536413,6.1960631953126954,-6.074027616497688,38.10034424789183,0.0,-1.5509900035525517,1.4059418064190974,0.0,-4.217282774300658,1.3597138823921084,0.0,-1.9379883994972742,-6.010856548449543,34.13126387062587,41.19338289113824,75.32464676176411
1.330000000000001,7.23,-0.6236559090791044,-1.1693555989854385,-4.783327228078879,6.272915140920436,-6.483324704925015,38.75769061866498,0.0,-1.5594184992584508,1.4086420661747494,0.0,-4.211151744210908,1.3405337423364814,0.0,-1.9968440632583861,-6.272884519304432,34.041150679617026,41.28226200770186,75.32341268731889
1.332000000000001,7.23,-0.633235811689893,-1.15673179660142,-4.796717637512501,6.351118820747263,-6.910081979959597,39.4524110609494,0.0,-1.5678343895045344,1.411303883305419,0.0,-4.204674367679911,1.3212709047648035,0.0,-2.053786302961607,-6.535754774901324,33.95106369864863,41.37109295397072,75.32215665261936
1.334000000000001,7.23,-0.6428433607138422,-1.1439501714895959,-4.810979759462852,6.430751011396537,-7.355193304709044,40.18655828186263,0.0,-1.5762369646472347,1.41392708966204,0.0,-4.197833495699846,1.3019226089795441,0.0,-2.1088181038304676,-6.799534174720567,33.86099717563466,41.459880713622894,75.32087788925756
1.336000000000001,7.23,-0.6524803369152584,-1.1310077863326002,-4.826151255098709,6.511892742894174,-7.819624307430985,40.962335066707944,0.0,-1.5846254795833354,1.4165115115112634,0.0,-4.190610799364258,1.2824860315629028,0.0,-2.1619412481611255,-7.064290853206608,33.77094481425899,41.5486307723012,75.31957558656019
1.338000000000001,7.23,-0.6621485983627567,-1.1179015372411252,-4.842271793438691,6.594629611452591,-8.30441824561528,41.78210707639826,0.0,-1.5929991512799055,1.419056969409569,0.0,-4.182986657696545,1.2629582860409272,0.0,-2.2131562149372384,-7.330093971275196,33.68089974134368,41.6373491472534,75.31824888859708
1.340000000000001,7.23,-0.6718500846043914,-1.104628144286697,-4.85938321291667,6.679052118977188,-8.810702408645808,42.648416809705964,0.0,-1.6013571560680708,1.4215632780773624,0.0,-4.174940033423184,1.2433364232367738,0.0,-2.262462073044972,-7.597013411918914,33.59085447166712,41.72604241926186,75.31689689092897
1.342000000000001,7.23,-0.6815868211791049,-1.0911841413266874,-4.877529696330212,6.765256041746071,-9.33969510663709,43.56399883241269,0.0,-1.6096986266750082,1.4240302462746195,0.0,-4.166448335158513,1.2236174324914542,0.0,-2.309856367671461,-7.865119409049663,33.50080086997143,41.814717767098664,75.31551863707008
1.344000000000001,7.23,-0.6913609244924662,-1.0775658650606106,-4.8967579603939875,6.8533428309030855,-9.89271329543637,44.5317963804837,0.0,-1.6180226489652751,1.4264576766800188,0.0,-4.157487264248097,1.2037982439684252,0.0,-2.3553349995051014,-8.134482096600484,33.41073010986757,41.90338300476805,75.31411311463563
1.346000000000001,7.23,-0.7011746070872166,-1.0637694432512572,-4.917117461221952,6.943420047622381,-10.471180889558235,45.55497944805845,0.0,-1.626328258358821,1.4288453657759823,0.0,-4.1480306442629225,1.1838757323046145,0.0,-2.3988920964158806,-8.405170962363185,33.32063262931379,41.992046621827285,75.31267925114108
1.348000000000001,7.23,-0.7110301833418882,-1.0497907820382792,-4.938660617166638,7.035601836026285,-11.076637815622366,46.63696447255434,0.0,-1.6346144358887396,1.4311931037426342,0.0,-4.138050230841306,1.163846721926886,0.0,-2.440519877387363,-8.677254187970295,33.23049808230811,42.08071782711036,75.31121590941848
1.350000000000001,7.23,-0.7209300756337286,-1.0356255522654494,-4.961443050548638,7.130009437161687,-11.710749858207315,47.78143572745204,0.0,-1.6428801038568506,1.4335006743643772,0.0,-4.127515499232027,1.1437079944219288,0.0,-2.4802085086106653,-8.950797852726271,33.14031528639206,42.16940659621565,75.3097218826077
1.352000000000001,7.23,-0.7308768210053277,-1.0212691747359928,-4.98552384991083,7.226771747555768,-12.37531934724307,48.99236852689272,0.0,-1.6511241210395564,1.4357678549536597,0.0,-4.116393406492699,1.123456298431787,0.0,-2.5179459518497453,-9.225864974514268,33.05007216551872,42.25812372316084,75.30819588867956
1.354000000000001,7.23,-0.7408730783777105,-1.0067168043031451,-5.010965854524862,7.326025926068301,-13.07229673023315,50.27405433307864,0.0,-1.659345277389834,1.4379944162975349,0.0,-4.104648124831893,1.1030883626505377,0.0,-2.5537178054668925,-9.50251435557957,32.9597556877835,42.34688087665538,75.30663656443889
1.356000000000001,7.23,-0.750921636356194,-0.9919633126954892,-5.037835962954711,7.427918052918933,-13.803793062482322,51.631127834905016,0.0,-1.6675422881736948,1.440180122633913,0.0,-4.092240742040536,1.0826009126243534,0.0,-2.5875071388838147,-9.780799194407486,32.86935179745954,42.43569066149404,75.30504245895358
1.358000000000001,7.23,-0.7610254216789719,-0.977003269968747,-5.066205467533539,7.532603844871594,-14.572093432439578,53.068596030607424,0.0,-1.675713787470698,1.4423247316659256,0.0,-4.079128924323715,1.0619906922129903,0.0,-2.6192943217818616,-10.060765416910467,32.77884534071177,42.524566685634696,75.30341202634646
1.360000000000001,7.23,-0.7711875083621255,-0.9618309244677108,-5.096150416621566,7.640249430573437,-15.379671314976948,54.591869293508736,0.0,-1.6838583209580262,1.4444279946247633,0.0,-4.065266536102711,1.0412544907625545,0.0,-2.6490568500604565,-10.342449670394938,32.68821998428974,42.61352363359134,75.30174361788107
1.362000000000001,7.23,-0.781411127598455,-0.9464401811740882,-5.1277520064649025,7.751032189930194,-16.229203809864032,56.206794321518174,0.0,-1.6919743378858856,1.4464896563936491,0.0,-4.0506032104894,1.020389177276199,0.0,-2.676769171536273,-10.625876911892236,32.59745812641704,42.70257734684863,75.30003547326567
1.364000000000001,7.23,-0.7916996784710527,-0.9308245783085408,-5.161097004341773,7.865141661095308,-17.12358767174037,57.919688758837786,0.0,-1.7000601821384502,1.448509455708486,0.0,-4.035083863119936,0.999391743161925,0.0,-2.7024025156562304,-10.911057507918995,32.506540798999616,42.79174491209008,75.2982857110897
1.366000000000001,7.23,-0.8020567395456775,-0.9149772620485606,-5.196278204427255,7.9827805180777975,-18.065955965980823,59.737377120219996,0.0,-1.7081140822587435,1.4504871254542082,0.0,-4.018648140845767,0.9782593554991281,0.0,-2.7259247332204106,-11.197983744967578,32.415447560173305,42.88104475812678,75.29649231830008
1.368000000000001,7.23,-0.8124860814084619,-0.8988909592186933,-5.233394917381509,8.104165621025903,-19.0596950845055,61.6672274277069,0.0,-1.7161341402975074,1.4524223930802114,0.0,-4.001229795388792,0.9569894232151255,0.0,-2.7473001544047686,-11.48662562826415,32.3241563760927,42.97049676252102,75.29465313861373
1.370000000000001,7.23,-0.8229916802168757,-0.8825579478068711,-5.272553494003068,8.22952913977475,-20.108461716721195,63.717187665007984,0.0,-1.7241183193247278,1.4543149811635363,0.0,-3.982755970440305,0.9355796791217659,0.0,-2.766489476421417,-11.776925819637906,32.23264349073661,43.06012236901742,75.29276585975404
1.372000000000001,7.23,-0.8335777323316247,-0.8659700251614865,-5.313867882298104,8.359119749059499,-21.216199179806367,65.89582073581184,0.0,-1.7320644294175749,1.4561646081550796,0.0,-3.9631463887831337,0.9140282814582006,0.0,-2.7834496961987716,-12.068793532570952,32.14088328236328,43.149944717026074,75.29082799938936
1.374000000000001,7.23,-0.8442486700945137,-0.849118473730018,-5.357460215877062,8.493203890624478,-22.387152251171106,68.21233603936945,0.0,-1.739970111909526,1.457970989352217,0.0,-3.942312423802374,0.8923339394538707,0.0,-2.7981341088255904,-12.36209716223459,32.048848105095296,43.239988784546654,75.28883688964194
1.376000000000001,7.23,-0.8550091788111924,-0.8319940242138114,-5.4034614295374706,8.632067092944315,-23.625879289500507,70.67661499575584,0.0,-1.747832821651627,1.4597338381513336,0.0,-3.920156037179383,0.8704960685098986,0.0,-2.810492399606251,-12.656655378838089,31.956508113947798,43.3302815460798,75.28678966002761
1.378000000000001,7.23,-0.8658642149866936,-0.8145868160381746,-5.452011895004482,8.776015332930157,-24.937259946193755,73.29922679188387,0.0,-1.755649806997539,1.4614528676462455,0.0,-3.896568561593739,0.8485149819530857,0.0,-2.820470866981731,-12.952226351826152,31.863831071440885,43.42085214724087,75.28468321868175
1.380000000000001,7.23,-0.8768190258438143,-0.7968863550765479,-5.503262065780054,8.925376415169465,-26.326496111730435,76.09142918029616,0.0,-1.7634180871783096,1.4631277926540691,0.0,-3.871429303850564,0.8263921280142457,0.0,-2.8280128260240285,-13.248494697841478,31.77078213375493,43.511732097968704,75.28251423172364
1.382000000000001,7.23,-0.8878791701270347,-0.778881468627947,-5.557373114495629,9.080501332061953,-27.799102851865687,79.06514721559066,0.0,-1.7711344266798235,1.4647583322694566,0.0,-3.8446039399809395,0.8041303828089246,0.0,-2.8330592586917818,-13.545055653933712,31.677323614213655,43.60295548640346,75.28027910061712
1.384000000000001,7.23,-0.8990505401542257,-0.7605602577360056,-5.614517538530956,9.241765551485022,-29.36088488684445,82.23292018377832,0.0,-1.7787953061747077,1.466344213072274,0.0,-3.8159426695302887,0.7817344127624486,0.0,-2.8355497988332226,-13.841395865776942,31.583414721711478,43.69455921568458,75.27797393739606
1.386000000000001,7.23,-0.910339385020029,-0.7419100470663547,-5.674879699228219,9.409570155763713,-31.017892546954634,85.60780343612552,0.0,-1.7863968894901725,1.4678851731439104,0.0,-3.78527809149829,0.7592111232562486,0.0,-2.8354241687318016,-14.136870044753923,31.489011271574167,43.786583266079504,75.27559453765367
1.388000000000001,7.23,-0.921752334771972,-0.7229173327410473,-5.7386562458257675,9.58434272461228,-32.776348959542666,89.20320707483116,0.0,-1.7939349860131384,1.4693809670850284,0.0,-3.752422759345375,0.7365702144419151,0.0,-2.8326242220183686,-14.430672583506862,31.3940653662625,43.87907098497558,75.27313635123808
1.390000000000001,7.23,-0.9332964252643349,-0.7035677287834513,-5.806056355967403,9.766537812532778,-34.64253730257883,93.0326470523135,0.0,-1.8014050078436876,1.470831372274522,0.0,-3.7171663673822537,0.7138248703676966,0.0,-2.827096797872089,-14.72180302287736,31.29852504335054,43.972069407322,75.27059445067255
1.392000000000001,7.23,-0.9449791232337535,-0.6838459131802216,-5.877301698600607,9.95663681416158,-36.62263306100975,97.1093757213052,0.0,-1.8088019209076398,1.4722361966680186,0.0,-3.6792725161586937,0.6909926140162006,0.0,-2.818797657241691,-15.009024030839656,31.20233388838693,44.065629609049495,75.26796349743643
1.394000000000001,7.23,-0.9568083509188362,-0.6637355750529194,-5.952625990013867,10.155146934339102,-38.722461044543614,101.44584755436904,0.0,-1.8161201891304553,1.4735952885072314,0.0,-3.6384750009309133,0.6680963688124963,0.0,-2.807696857892248,-15.290810285035842,31.105430610649343,44.15980709575795,75.26523770640729
1.396000000000001,7.23,-0.9687925092428424,-0.6432193650961289,-6.0322739667652385,10.362598876874047,-40.94715010086555,106.0529608347219,0.0,-1.823353710661139,1.4749085484021016,0.0,-3.5944735661671348,0.6451657768874597,0.0,-2.793786036966985,-15.565286348343284,31.007748580569675,44.254662228450776,75.26241080902045
1.398000000000001,7.23,-0.9809404981663018,-0.622278852341503,-6.116499536605596,10.579542728964864,-43.30064955583395,110.9389966653431,0.0,-1.8304957450231245,1.4761759443596956,0.0,-3.546929072348069,0.6222388360962863,0.0,-2.7770882138937423,-15.83015130352722,30.909215328871763,44.350260687171236,75.259476016043
1.400000000000001,7.23,-0.9932617322595523,-0.600894491526205,-6.205562785583507,10.806541336944306,-45.78505996939738,116.10815164149585,0.0,-1.837538829970964,1.477397530471416,0.0,-3.495458032154449,0.5993639316109189,0.0,-2.7576709097935534,-16.082587595434376,30.809752009489443,44.446673971866865,75.2564259813563
1.402000000000001,7.23,-1.0057661487976535,-0.5790456069800191,-6.2997254108213,11.044160231392778,-48.399716399114496,121.55852908240078,0.0,-1.8444746867666564,1.478573470137311,0.0,-3.4396264962910363,0.576602353688568,0.0,-2.7356636083916306,-16.319151269793988,30.709272831402103,44.543979937398404,75.25325276880051
1.404000000000001,7.23,-1.0184642046843222,-0.5567104011239195,-6.399244007816117,11.292952852287458,-51.13994482141321,127.2794154093641,0.0,-1.851294112589037,1.4797040649064963,0.0,-3.37894331187734,0.5540314103289345,0.0,-2.711280861204804,-16.53564069075048,30.60768446909463,44.64226335593723,75.24994782503185
1.406000000000001,7.23,-1.0313668571973924,-0.5338659985470952,-6.50436046249472,11.553439434528993,-53.99539204800567,133.2476239161695,0.0,-1.8579868589029682,1.4807897902471774,0.0,-3.3128528491780993,0.5317482604172579,0.0,-2.684852662483841,-16.726941025728134,30.504885467969267,44.741616494537865,75.24650196250712
1.408000000000001,7.23,-1.0444855218350693,-0.5104885403755932,-6.615288477388873,11.8260774316915,-56.94780795788499,139.4226412408185,0.0,-1.864541494917081,1.481831339825163,0.0,-3.240727410816327,0.5098746064669846,0.0,-2.656864067399561,-16.886842570364877,30.400765670459904,44.8421396877294,75.2429053581893
1.410000000000001,7.23,-1.057831998345112,-0.4865533484488753,-6.7321949991381125,12.111220783319485,-59.968139997539794,145.7402707588163,0.0,-1.8709452558611686,1.4828296801537895,0.0,-3.1618597230626153,0.48856239043442473,0.0,-2.628006350772703,-17.00783276639929,30.295205701745907,44.94394187362303,75.23914757536895
1.412000000000001,7.23,-1.0714183532651536,-0.4620351848393743,-6.8551750234267805,12.409064695702202,-63.01279162464399,152.10444926504422,0.0,-1.877183876879229,1.483786117753267,0.0,-3.0754561903574986,0.4680006212562722,0.0,-2.599242200363701,-17.080865178958042,30.18807657192517,45.04714104614252,75.2352176180677
1.414000000000001,7.23,-1.085256743963378,-0.43690863954541437,-6.984217967964072,12.719571983508533,-66.01891348291451,158.37695108570423,0.0,-1.8832414150896168,1.4847023811694287,0.0,-2.9806320086480076,0.4484234122836961,0.0,-2.571887315539857,-17.095114673638136,30.079239475474473,45.15186455420763,75.2311040296821
1.416000000000001,7.23,-1.0993591653215482,-0.4111486875902031,-7.119163598344416,13.042376572303837,-68.89866411189972,164.3648429917626,0.0,-1.8891000651170735,1.4855807202549571,0.0,-2.876409822221191,0.43011919492176,0.0,-2.547710004035642,-17.037737832445128,29.9685458998733,45.258249149657644,75.22679504953095
1.418000000000001,7.23,-1.1137370961323947,-0.3847314656427221,-7.259645505187346,13.376659795401054,-71.5325366215538,169.80590302265884,0.0,-1.8947399775413223,1.486424024851189,0.0,-2.7617244103201,0.4134408636950728,0.0,-2.5290483943581776,-16.893672829425913,29.855838193979665,45.36644064833172,75.22227884231138
1.420000000000001,7.23,-1.1284010186487543,-0.35763532619842525,-7.405020602957989,13.720996155976435,-73.76215799853908,174.35289561943446,0.0,-1.9001390956762472,1.4872359641773076,0.0,-2.63543691631204,0.39881624644562397,0.0,-2.5189409009549566,-16.645535129397295,29.74095079258446,45.47659302302962,75.21754381561408
1.422000000000001,7.23,-1.1433597827883244,-0.329842231547283,-7.554284424782782,14.073168083996583,-75.38350232028209,177.55876558833486,0.0,-1.9052730342991522,1.4880211464755289,0.0,-2.496363327865548,0.38675772090152316,0.0,-2.5212585210596465,-16.27369531853357,29.623712343775416,45.58886669548386,75.21257903925928
1.424000000000001,7.23,-1.158619788427346,-0.3013395454822328,-7.705974643905411,14.429955035745857,-76.14228556069314,178.86662168880272,0.0,-1.9101150345566607,1.488785295298537,0.0,-2.343323084232752,0.3778689620962128,0.0,-2.5408162520665836,-15.756661630084812,29.503949034085142,45.70342574396742,75.20737477805257
1.426000000000001,7.23,-1.1741839683182944,-0.2721222607213707,-7.858069867175228,14.786912386606174,-75.73443229822321,177.61083638304584,0.0,-1.9146360418200135,1.4895354337173667,0.0,-2.1752143800653014,0.37284569812071133,0.0,-2.583424738699422,-15.071925651173999,29.381489441252068,45.82043370830918,75.20192314956125
1.428000000000001,7.23,-1.1900505748782948,-0.24219565462530415,-8.007897782806511,15.138170967959597,-73.81575247816967,173.03831682462447,0.0,-1.9188049660398563,1.490280060234762,0.0,-1.9911221403529544,0.37246609242961926,0.0,-2.6558232882651,-14.19744953328565,29.25617124672389,45.94004768028361,75.19621892700751
1.430000000000001,7.23,-1.2062118112415363,-0.2115782844369407,-8.15207601299876,15.476308376672925,-70.02582533954708,164.36087802460435,0.0,-1.922589193408058,1.4910292903336737,0.0,-1.7904615300852784,0.37756531632468526,0.0,-2.7654165900577126,-13.113948249685201,29.127850080386036,46.06241045242582,75.19026053281186
1.432000000000001,7.23,-1.2226524036533286,-0.18030510917980905,-8.286518826562919,15.792364627066005,-64.03055255300184,150.84847253558945,0.0,-1.9259554174132023,1.4917949264555836,0.0,-1.5731528002661268,0.3889887386351343,0.0,-2.9197311247999944,-11.808010718047079,28.99641060438606,46.18764070852164,75.1840513129077
1.434000000000001,7.23,-1.2393482858887106,-0.148430364272149,-8.406549050604967,16.076088220572757,-55.58451145037261,131.96573423040107,0.0,-1.9288708377467307,1.492590409664735,0.0,-1.3398113437346417,0.4075200149907694,0.0,-3.1255317168929846,-10.275870375570348,28.861779608624897,46.3158216132548,75.1776012218797
1.436000000000001,7.23,-1.2562656431840218,-0.11602964690057607,-8.507150237986192,16.31648929580859,-44.60701329104208,107.53847433550551,0.0,-1.9313047279375524,1.4934306034215163,0.0,-1.091921051017559,0.4337853215624512,0.0,-3.387614284563634,-8.52727643415726,28.723940312300055,46.44698869633646,75.17092900863652
1.438000000000001,7.23,-1.2733606144657195,-0.08320055810151566,-8.583371860841865,16.502727699897545,-31.255367677721264,77.91399782443959,0.0,-1.9332302934456547,1.494331370395338,0.0,-0.8319440354347939,0.4681433645122124,0.0,-3.7074244607057376,-6.588515187271728,28.582946203864026,46.58111854449929,75.16406474836332
1.440000000000001,7.23,-1.290579937204823,-0.050061279394814064,-8.630857172613922,16.62526939312964,-15.969458292916984,44.058551529859,0.0,-1.9346266409239017,1.4953089324685513,0.0,-0.5633142208594055,0.5105809173101932,0.0,-4.081813519031034,-4.503387267741217,28.438931729008242,46.718120316570406,75.15705204557865
1.442000000000001,7.23,-1.3078627039540043,-0.016746714413273606,-8.64640849208649,16.677124452548032,0.5392741647362925,7.533021746926341,0.0,-1.9354805850836443,1.4963790513699378,0.0,-0.2902759089263087,0.5606411235040007,0.0,-4.502353163938223,-2.331125210368346,28.292116414030552,46.85783220178293,75.14994861581349
1.444000000000001,7.23,-1.3251431817147976,0.016597696796852218,-8.628461777057849,16.65488610013079,17.367772725859524,-29.682274404140724,0.0,-1.9357879751045253,1.4975561218228355,0.0,-0.017564958650537754,0.6174109090394766,0.0,-4.95558650559736,-0.14098337231423125,28.142799384475488,47.000024407445174,75.14282379192066
1.446000000000001,7.23,-1.3423543784671432,0.04982379894340983,-8.57734051702084,16.559286217487628,33.55743448842788,-65.48566479864633,0.0,-1.9355542658027705,1.4988523103930873,0.0,0.25001997271973875,0.6795812468163365,0.0,-5.42434455351581,1.9956325805720931,27.991343322672837,47.14440906857509,75.13575239124792
1.448000000000001,7.23,-1.35943182554713,0.08278901421421914,-8.49521181061852,16.39509853280128,48.247877774106534,-97.99090580585397,0.0,-1.934794195870667,1.5002768804808477,0.0,0.5080677508063391,0.7455727715256351,0.0,-5.8898840688467,4.013639265883709,27.838150260521502,47.29065593569425,75.12880619621575
1.450000000000001,7.23,-1.376316976935746,0.11536379474498923,-8.385757061038,16.170416780696474,60.801167946826965,-125.79924851078479,0.0,-1.933530626482789,1.5018358086374684,0.0,0.7529284834509018,0.8136987609369251,0.0,-6.33429333427054,5.861222976933069,27.683634470810123,47.43841137986087,75.12204585067099
1.452000000000001,7.23,-1.392959739917784,0.14743717144039908,-8.25365351477844,15.895518587029748,70.86344382241559,-148.1344141688314,0.0,-1.9317927680244915,1.5035317309673195,0.0,0.9819399528331181,0.8823278727586712,0.0,-6.742540898897333,7.503752852710218,27.528198252355875,47.58731767103967,75.11551592339555
1.454000000000001,7.23,-1.4093198925590706,0.1789198635250462,-8.104002236939321,15.581612014887067,78.35840322639669,-164.82834900583418,0.0,-1.929614118171603,1.5053641866403025,0.0,1.1934857921760547,0.9500140507570336,0.0,-7.103733540583498,8.924294377893585,27.37221438016875,47.73702980865765,75.10924418882641
1.456000000000001,7.23,-1.4253674077928837,0.2097449920863408,-7.941823281994223,15.239729227046695,83.43111632887297,-176.1981940303654,0.0,-1.9270304296049414,1.5073300740576383,0.0,1.3869115061423247,1.01557617154213,0.0,-7.4114714043337635,10.121402270109185,27.216016004972367,47.887228168427484,75.10324417339984
1.458000000000001,7.23,-1.4410818992676104,0.2398668687247284,-7.771689418916228,14.879923561553257,86.37040076497817,-182.8762873031349,0.0,-1.9240779440864262,1.5094242163674394,0.0,1.5623508322130661,1.0781267132135497,0.0,-7.663465769424424,11.105394176542438,27.059892653793973,48.03762640907995,75.09751906287391
1.460000000000001,7.23,-1.4564514912223374,0.26925852127588906,-7.5975154836084755,14.510807455462114,87.53404847283335,-185.6463852540005,0.0,-1.920792018012016,1.5116399433730245,0.0,1.7205175814985572,1.1370602750221308,0.0,-7.860718308529573,11.894271878216395,26.90409032635727,48.187975041619964,75.09206536797723
1.462000000000001,7.23,-1.4714714068139048,0.2979086014936122,-7.422481919791454,14.139384317588629,87.29074752244735,-185.3164215496992,0.0,-1.9172061643573164,1.5139696236846385,0.0,1.8625050624766182,1.1920171251446146,0.0,-8.006554062140465,12.51009499710015,26.74881400081562,48.33806160728073,75.08687560809635
1.464000000000001,7.23,-1.486142505936526,0.3258181808695732,-7.249053897584315,13.771089833458033,85.98252565952755,-182.63619280784388,0.0,-1.9133514685589512,1.516405110959734,0.0,1.989617208388821,1.2428357529981846,0.0,-8.105715658398626,12.976188785486434,26.594231429679724,48.487708559029066,75.0819399887088
1.466000000000001,7.23,-1.5004699236118706,0.3529977657088823,-7.079056753834172,13.409956752546384,83.9052431758765,-178.25456736207363,0.0,-1.9092563034011651,1.5189380927131042,0.0,2.1032400568933194,1.2895045371699312,0.0,-8.16362678091574,13.315243459966492,26.440477537417404,48.636769828636844,75.07724736605425
1.468000000000001,7.23,-1.5144618886635945,0.3794647063139415,-6.913776478663614,13.058834664996361,81.30216445654649,-172.70534028227286,0.0,-1.9049462617126909,1.5215603463955032,0.0,2.2047521459868555,1.3321184346209023,0.0,-8.18585496839676,13.54818073172751,26.287658978308905,48.78512683158112,75.07278580989002
1.470000000000001,7.23,-1.5281287500740672,0.405241060542083,-6.754064215654023,12.719618692480317,78.36561620530658,-166.41080774503797,0.0,-1.9004442344929409,1.5242639158714706,0.0,2.295467416858777,1.3708432567457955,0.0,-8.177757368228086,13.693597345553655,26.135858554670012,48.93268441824116,75.06854297291117
1.472000000000001,7.23,-1.5414822057041766,0.4303519003157118,-6.600432731684207,12.393460695108041,75.24282275135904,-159.6945010758751,0.0,-1.8957705770140225,1.527041224246924,0.0,2.3766028019760634,1.4058879291976742,0.0,-8.144272920382278,13.76759942286751,25.985139296510372,49.079367074825555,75.06450637133592
1.474000000000001,7.23,-1.5545347109117602,0.4548240120688291,-6.453139325463842,12.080950857604266,72.04329969204588,-152.79734540511157,0.0,-1.8909433209244506,1.5298851384747998,0.0,2.4492632280228754,1.4374839679144977,0.0,-8.08982104216852,13.783876302019115,25.83554808808269,49.225115527297305,75.06066361538
1.476000000000001,7.23,-1.567299038006122,0.4786849276171126,-6.312253747011792,11.782266505506106,68.84626988922551,-145.89387777813843,0.0,-1.8859784037182807,1.5327889990417205,0.0,2.514438122194317,1.4658709315928635,0.0,-8.018271838110232,13.75390421444088,25.687118795847187,49.36988380249731,75.0570025983445
1.478000000000001,7.23,-1.5797879571305051,0.5019622211401075,-6.17771195577258,11.49728994492575,65.70732937738298,-139.1068311463367,0.0,-1.8808898972828298,1.535746625416632,0.0,2.573005004462517,1.491286544340448,0.0,-7.932960658477932,13.687206896576276,25.539874902990867,49.51363674140049,75.05351164439136
1.480000000000001,7.23,-1.5920140120054103,0.5246830141516541,-6.049357571726043,11.225699371779452,62.66406752102759,-132.51943474928333,0.0,-1.875690224716855,1.5387523054216692,0.0,2.625737062697183,1.5139603157254755,0.0,-7.836727534364317,13.591628342899797,25.39383168763954,49.65634792793564,75.05017961557519
1.482000000000001,7.23,-1.6039893680600397,0.5468736392749827,-5.9269731706443105,10.96703755016905,59.740612199458845,-126.18536510939653,0.0,-1.8703903597242926,1.5418007745285522,0.0,2.6733126402095695,1.5341096925445985,0.0,-7.731968406905142,13.473592518404391,25.248997998351996,49.797997983108644,75.04699598146064
1.484000000000001,7.23,-1.6157257147361397,0.5685594229424006,-5.810303485975717,10.720762768663656,56.95120071578899,-120.13656669537086,0.0,-1.8650000062162335,1.544887189360393,0.0,2.7163253212110186,1.5519379895294487,0.0,-7.62068987286798,13.338337618144164,25.10537768576695,49.93857317105257,75.04395085681952
1.486000000000001,7.23,-1.6272342076295847,0.5897645556255895,-5.699072319448672,10.486286015592867,54.302926501028736,-114.38926976540188,0.0,-1.8595277578105096,1.5480070983628573,0.0,2.755293825584224,1.5676335341338064,0.0,-7.504562549430452,13.190120271050164,24.96297074758601,50.0780642662458,75.04103501383182
1.488000000000001,7.23,-1.6385254394301585,0.6105120254099783,-5.592994651346689,10.262997635051057,51.79781784458223,-108.94854668457081,0.0,-1.8539812381099297,1.5511564116364678,0.0,2.7906712755616856,1.5813696135322393,0.0,-7.384970419424068,13.032389546379333,24.821774238635005,50.216465636465216,75.03823987510022
1.490000000000001,7.23,-1.649609431296914,0.6308235965836814,-5.491785141175573,10.05028606926381,49.43439059555701,-103.81171696282672,0.0,-1.8483672232651673,1.5543313712216156,0.0,2.822853622808735,1.5933049304239066,0.0,-7.263054958359557,12.867932942634793,24.68178299077104,50.353774502291174,75.03555749306221
1.492000000000001,7.23,-1.6604956384180847,0.650719819532918,-5.395163946887011,9.847550718996253,47.2087948947531,-98.97086352056985,0.0,-1.842691748595657,1.5575285226343483,0.0,2.8521871640808705,1.603584362896429,0.0,-7.139753718701419,12.698997559690033,24.54299018022463,50.48999034018003,75.03298052040466
1.494000000000001,7.23,-1.6711929651361186,0.6702200618077847,-5.302860573700748,9.65421047888646,45.11565318122142,-94.41467286277789,0.0,-1.8369602010929984,1.560744688110144,0.0,2.878975155858329,1.6123398883416964,0.0,-7.015833545684573,12.527389926721685,24.4053877732852,50.62511440178807,75.03050217507327
1.496000000000001,7.23,-1.6817097862602848,0.6893425529418388,-5.21461629024654,9.469709125472631,43.148666035566826,-90.12976665225693,0.0,-1.8311773995591207,1.5639769417822538,0.0,2.9034835834275357,1.6196915777881156,0.0,-6.8919188578636295,12.35455782850248,24.26896687539129,50.759149327174185,75.02811620256547
1.498000000000001,7.23,-1.6920539721238006,0.7081044376561572,-5.130185514630562,9.293518440062014,41.301044977034245,-86.1016540404857,0.0,-1.825347663995014,1.5672225868688918,0.0,2.9259461615905136,1.6257485997061578,0.0,-6.768515536754215,12.181657150442101,24.133718003743134,50.89209883369581,75.02581683743895
1.500000000000001,7.23,-1.70223291563934,0.7265218336058201,-5.04933646942639,9.125139721857998,39.56581723475548,-82.31540329312377,0.0,-1.819474875691771,1.5704791348461091,0.0,2.946568651705855,1.630610195062527,0.0,-6.646030994094677,12.009606369911083,23.999631299474608,51.02396746589105,75.02359876536565
1.5020000000000011,7.23,-1.7122535601225874,0.7446098909576868,-4.971851326089162,8.96410417492267,37.93603643417513,-78.75610701730625,0.0,-1.8135625293058877,1.5737442865234728,0.0,2.9655325790458344,1.6343666009599631,0.0,-6.524790961257783,11.839130924303406,23.866696692118143,51.154760394490246,75.0214570866084
1.5040000000000011,7.23,-1.7221224270326851,0.7623828519201534,-4.897526000332136,8.809972523454814,36.4049245938324,-75.40919660452123,0.0,-1.8076137780374786,1.5770159149057368,0.0,2.982998429267099,1.6370999106924315,0.0,-6.405053497296668,11.670799318366875,23.734904026439054,51.28448325501737,75.01938728145643
1.5060000000000011,7.23,-1.731845643055353,0.7798541089534593,-4.8261697160191375,8.662334113523125,34.96596432184798,-72.26064726888978,0.0,-1.8016314728796319,1.580292049706888,0.0,2.9991083954724775,1.6388848649864776,0.0,-6.287020654500301,11.505052508722937,23.604243159603968,51.41314201831196,75.01738517791593
1.5080000000000011,7.23,-1.7414289661552862,0.7970362608302901,-4.757604422486438,8.520805687879818,33.61295519475294,-69.29710432303649,0.0,-1.7956181967723077,1.5835708633774066,0.0,3.0139887392912383,1.6397895736773196,0.0,-6.170848181487437,11.342227825714218,23.474704034972035,51.540742886807664,75.0154469217797
1.5100000000000011,7.23,-1.7508778103689246,0.8139411660341469,-4.691664126095489,8.385029967629125,32.340044625613736,-66.50595328819571,0.0,-1.7895762943754372,1.5868506585071347,0.0,3.027751821430159,1.639876169855478,0.0,-6.056653588264689,11.182578459723606,23.34627673747554,51.667292211610885,75.01356894908642
1.5120000000000011,7.23,-1.7601972692116425,0.830579993209596,-4.6281941790782035,8.254674135624448,31.141740788644565,-63.87535043676302,0.0,-1.7835078980726649,1.5901298564720823,0.0,3.040497849680685,1.6392014001594637,0.0,-5.944522847451296,11.02628934632137,23.21895153451208,51.792796426391185,75.01174796090326
1.5140000000000011,7.23,-1.7693921376458484,0.8469632685382587,-4.567050555737576,8.129428287947984,30.012913133073322,-61.39422591011623,0.0,-1.7774149507281596,1.5934069872018473,0.0,3.0523163856117876,1.6378171557621282,0.0,-5.83451596179211,10.873490126560911,23.092718905447978,51.9172619948712,75.00998090031918
1.5160000000000011,7.23,-1.7784669326066282,0.8631009200251858,-4.508099136582666,8.009003899005938,28.94878451286675,-59.05226825503697,0.0,-1.7712992256426479,1.5966806799538593,0.0,3.063287645201277,1.635770948965618,0.0,-5.7266715901254805,10.724265730021385,22.96756956218543,52.04069536932431,75.00826493150974
1.5180000000000011,7.23,-1.7874259121154652,0.87900231875539,-4.451215014092337,7.8931323306465195,27.944917846670517,-56.83989678465808,0.0,-1.7651623440896995,1.5999496549906265,0.0,3.0734836234499694,1.6331063403634545,0.0,-5.621010891724331,10.578665023799845,22.84349446273376,52.16310295798808,75.00659742072185
1.5200000000000011,7.23,-1.796273093034719,0.8946763172296024,-4.396281828834799,7.781563404784264,26.997199402860666,-54.74822637337615,0.0,-1.7590057907578767,1.603212716065921,0.0,3.0829690685321127,1.629863321371786,0.0,-5.517540721785241,10.43670788622528,22.720484819321083,52.28449109970042,75.0049759190215
1.5220000000000011,7.23,-1.8050122675292455,0.9101312849190132,-4.343191141113583,7.6740640511844855,26.101820202277487,-52.76902797410195,0.0,-1.7528309273772131,1.6064687436352192,0.0,3.091802327191099,1.6260786566584238,0.0,-5.416256288143805,10.29839099589395,22.598532102265594,52.40486604438796,75.00339814665355
1.5240000000000011,7.23,-1.8136470183092068,0.9253751411961886,-4.291841840790087,7.570417036504344,25.255256589646674,-50.89468717723453,0.0,-1.7466390047684872,1.6097166887144243,0.0,3.1000360798155566,1.6217861906637592,0.0,-5.317143360406402,10.163692571623967,22.477628040572018,52.52423393829434,75.00186197886636
1.5260000000000011,7.23,-1.8221807327315598,0.9404153858074157,-4.2421395961705235,7.470419776794239,24.454250701980623,-49.11816242213259,0.0,-1.740431173519749,1.6129555673189588,0.0,3.1077179808522724,1.6170171220481917,0.0,-5.220180107019592,10.032576254556592,22.35776462001877,52.64260081304539,75.00036543306416
1.5280000000000011,7.23,-1.8306166158381902,0.9552591270532869,-4.193996341636108,7.373883232985563,23.695791327315103,-47.43294395559907,0.0,-1.7342084934656896,1.6161844554225953,0.0,3.1148912178596833,1.6118002495397026,0.0,-5.125338622828913,9.904994287825721,22.238934079343778,52.75997257781665,74.99890665716043
1.5300000000000011,7.23,-1.8389577024071624,0.9699131078414688,-4.147329802888095,7.28063088709657,22.97709547694347,-45.83301425757322,0.0,-1.7279719421208979,1.6194024843820167,0.0,3.1215950005158706,1.6061621923067413,0.0,-5.032586198957403,9.780890120298881,22.121128905009897,52.876355014004886,74.99748391901478
1.5320000000000011,7.23,-1.8472068680907328,0.9843837297698174,-4.102063058162315,7.190497795732519,22.295590871812355,-44.312810384506065,0.0,-1.7217224221971583,1.6226088367789966,0.0,3.1278649892136183,1.6001275876541876,0.0,-4.9418863779781494,9.660200537514992,22.004341824930755,52.991753771916294,74.99609559684706
1.5340000000000011,7.23,-1.8553668397101506,0.9986770753903924,-4.058124133459036,7.103329716759136,21.64889945631988,-42.86718848814252,0.0,-1.7154607683171517,1.6258027426373944,0.0,3.1337336714541353,1.593719268537674,0.0,-4.8531998300406105,9.54285740401979,21.888565801458626,53.10617436907337,74.994740170532
1.5360000000000011,7.23,-1.8634402047731795,1.0127989287962673,-4.015445629672866,7.018982304657427,21.034821991083078,-41.49139063120893,0.0,-1.7091877530217423,1.6289834759768684,0.0,3.139230693049877,1.5869584231160463,0.0,-4.766485079569072,9.428789085959146,21.773794023870945,53.21962218981606,74.993416213687
1.5380000000000011,7.23,-1.8714294202759676,1.0267547946638709,-3.9739643794498503,6.937320369925651,20.45132373340381,-40.18101392666901,0.0,-1.7029040921550522,1.6321503516693847,0.0,3.144383150130923,1.5798647383128495,0.0,-4.681699107158628,9.31792161033565,21.660019900542842,53.332102485931514,74.99212238647436
1.5400000000000011,7.23,-1.8793368208465568,1.0405499158743234,-3.9336211316125516,6.8582171979099815,19.896521185073624,-38.93198196259919,0.0,-1.6966104497004426,1.6353027225683259,0.0,3.1492158470890064,1.5724565291344477,0.0,-4.598797847164977,9.210179607205193,21.54723705095065,53.443620378096,74.99085742904666
1.5420000000000011,7.23,-1.8871646262830546,1.054189289828103,-3.8943602610551564,6.781553922567094,19.368669868036104,-37.74051843206324,0.0,-1.6903074421309885,1.6384399768832998,0.0,3.1537515248641643,1.5647508552933669,0.0,-4.517736598066905,9.105487072839397,21.435439297620867,53.55418085795206,74.98962015557294
1.5440000000000011,7.23,-1.894914948535386,1.0676776835585597,-3.8561295021026156,6.707218950852292,18.866153076503224,-36.60312286055476,0.0,-1.6839956423298736,1.6415615357766518,0.0,3.1580110633599494,1.5567636265083475,0.0,-4.438470359848666,9.003767985147066,21.324620658111325,53.66378879067604,74.98840944878737
1.5460000000000012,7.23,-1.9025897981756388,1.0810196477414191,-3.818879703438145,6.635107433658769,18.387471547337984,-35.51654830810541,0.0,-1.6776755831291001,1.64466685116027,0.0,3.1620136612470784,1.5485096976957362,0.0,-4.360954110300662,8.904946797144143,21.214775337091908,53.77244891791821,74.98722425501012
1.5480000000000012,7.23,-1.910191090398341,1.0942195296895076,-3.7825646028234603,6.56512077948799,17.93123398737338,-34.477780915735345,0.0,-1.6713477605088447,1.6477554036735798,0.0,3.1657769959675317,1.5400029551280434,0.0,-4.285143030186415,8.808948829755218,21.105897718575026,53.88016586101947,74.9860635795945
1.5500000000000012,7.23,-1.9177206505885869,1.1072814854145652,-3.7471406199597723,6.497166207294468,17.496148395723008,-33.48402116410434,0.0,-1.6650126364945683,1.6508267008256126,0.0,3.169317366369221,1.5312563945129227,0.0,-4.210992685601983,8.71570058153282,20.99798235833312,53.986944124426046,74.98492648275916
1.5520000000000012,7.23,-1.9251802194927388,1.1202094908311555,-3.7125666659605825,6.431156335211016,17.081014120250007,-32.53266671424152,0.0,-1.6586706417844628,1.6538802752858732,0.0,3.1726498200751805,1.522282191837598,0.0,-4.138459174503705,8.625129969843591,20.89102397652992,54.09278809923909,74.98381207576901
1.5540000000000012,7.23,-1.9325714580235045,1.1330073521713555,-3.678803968026921,6.367008802116633,16.684714589604617,-31.621296704782846,0.0,-1.6523221781358883,1.656915683310284,0.0,3.1757882674121802,1.51309176772838,0.0,-4.0674992432546775,8.537166515570515,20.785017450583815,54.19770206684743,74.98271951743124
1.5560000000000012,7.23,-1.9398959517284788,1.1456787156730754,-3.645815908029984,6.304645919254387,16.30621066519793,-30.74765738630291,0.0,-1.6459676205360636,1.659932503289928,0.0,3.1787455834845426,1.5036958459907104,0.0,-3.998070378100717,8.45174148131985,20.67995780827517,54.30169020260236,74.98164801087754
1.5580000000000012,7.23,-1.947155214948759,1.158227076599513,-3.6135678738140937,6.243994349338543,15.944534560839495,-29.909648980408374,0.0,-1.6396073191792992,1.6629303344115478,0.0,3.181533699773564,1.4941045069210186,0.0,-3.9301308757015523,8.368787971420032,20.575840221104706,54.40475657950106,74.98059680060577
1.5600000000000012,7.23,-1.954350694691974,1.1706557876423414,-3.582027122133921,6.184984810807371,15.598784281319475,-29.105313658795577,0.0,-1.6332416012704976,1.6659087954198868,0.0,3.184163686466419,1.4843272359161879,0.0,-3.8636398961857727,8.288241000593132,20.472659997904863,54.50690517185228,74.97956516975714
1.5620000000000012,7.23,-1.961483774241989,1.1829680667567466,-3.5511626522337645,6.127551805080036,15.268118534806671,-28.332824545124033,0.0,-1.6268707726723688,1.668867523472927,0.0,3.1866458265662043,1.4743729678486805,0.0,-3.798557501647628,8.210037537014514,20.370412578704137,54.60813985890314,74.97855243760728
1.5640000000000012,7.23,-1.9685557765256478,1.1951670044723404,-3.5209450891633973,6.0716333648627066,14.951752077462974,-27.590475650097115,0.0,-1.6204951194118846,1.6718061730820155,0.0,3.1889896827035735,1.4642501276243474,0.0,-3.7348446825418096,8.13411652451072,20.26909352884148,54.70846442841123,74.97755795725271
1.5660000000000012,7.23,-1.97556796725519,1.2072555707202344,-3.4913465760047693,6.017170821720911,14.64895145207289,-26.87667265741698,0.0,-1.6141149090597116,1.6747244151295795,0.0,3.1912041574567604,1.4539666672950062,0.0,-3.672463374044825,8.060418887843495,20.168698533325724,54.807882580148764,74.97658111347448
1.5680000000000012,7.23,-1.9825215578633992,1.219236621213159,-3.4623406742570073,5.964108591292883,14.359031085712175,-26.189924485197846,0.0,-1.6077303919949077,1.6776219359579154,0.0,3.193297547888566,1.443530100057882,0.0,-3.61137646412504,7.988887524361672,20.06922339143395,54.906397929329756,74.97562132076371
1.5700000000000012,7.23,-1.9894177082471034,1.2311129034124044,-3.4339022716940524,5.912393974662878,14.081349714506972,-25.528835553922818,0.0,-1.6013418025657953,1.6804984365231093,0.0,3.1952775949235095,1.4329475314389266,0.0,-3.5515477947894247,7.919467284747764,19.970664011542077,55.00401400995315,74.97467802149524
1.5720000000000012,7.23,-1.9962575293333376,1.2428870621125339,-3.4060074970703074,5.861976974545177,13.815307106354638,-24.892098698090493,0.0,-1.594949360156781,1.6833536316087312,0.0,3.197151528114215,1.4222256879257127,0.0,-3.4929421577435282,7.85210494512429,19.873016406179122,55.10073427805686,74.97375068423598
1.5740000000000012,7.23,-2.0030420854812867,1.2545616446722405,-3.3786336411053006,5.812810125049478,13.560341055084498,-24.278488664307172,0.0,-1.5885532701698355,1.6861872490944432,0.0,3.198926106281568,1.4113709432880235,0.0,-3.435525285506449,7.786749172399712,19.77627668729759,55.19656211487957,74.97283880217717
1.5760000000000012,7.23,-2.009772396732042,1.2661391059173763,-3.351759083228971,5.764848333907677,13.315924621937432,-23.68685614374814,0.0,-1.582153724928466,1.6889990292751194,0.0,3.2006076544569133,1.400389342799628,0.0,-3.379263838857754,7.723350484412479,19.680441061750823,55.29150082992856,74.97194189167938
1.5780000000000012,7.23,-2.016449440917212,1.2776218127400372,-3.3253632236152004,5.718048736141361,13.081563602443136,-23.11612229165144,0.0,-1.5757509045111755,1.6917887242264706,0.0,3.20220209750536,1.3892866255530298,0.0,-3.324125391354536,7.661861206163331,19.585505826969126,55.3855536639526,74.97105949092173
1.5800000000000012,7.23,-2.0230741556365226,1.28901204841564,-3.2994264200730132,5.672370558239602,12.856794198784652,-22.56527369084091,0.0,-1.56934497752071,1.6945560972135358,0.0,3.203714990766295,1.3780682450395256,0.0,-3.2700784115391452,7.602235423201926,19.49146736682551,55.47872379182027,74.97019115864578
1.5820000000000012,7.23,-2.0296474401137337,1.3003120166581543,-3.2739299294028346,5.62777499199868,12.64118087957252,-22.0333577202272,0.0,-1.5629361017947556,1.6973009221387314,0.0,3.2051515480095167,1.366739388149703,0.0,-3.2170922433588043,7.544428933046493,19.398322147682734,55.57101432530442,74.96933647298715
1.5840000000000012,7.23,-2.036170156939426,1.3115238454320233,-3.2488558528596476,5.584225077249764,12.434314410618166,-21.51947829283189,0.0,-1.556524425063183,1.7000229830264337,0.0,3.2065166669723135,1.35530499273414,0.0,-3.1651370852342575,7.48839919535859,19.30606671461321,55.66242831577419,74.9684950303874
1.5860000000000012,7.23,-2.042643133708551,1.3226495905378342,-3.224187085396188,5.5416855927682045,12.235810041810701,-21.02279193114782,0.0,-1.5501100855564345,1.7027220735413637,0.0,3.2078149527137603,1.3437697638503265,0.0,-3.114183968143305,7.434105281464165,19.214697687783037,55.75296875679679,74.96766644457983
1.5880000000000012,7.23,-2.049067164559992,1.3336912389874473,-3.1999072683876966,5.500122954719453,12.045305836574988,-20.54250415061361,0.0,-1.5436932125692102,1.705397996538225,0.0,3.20905073899693,1.3321381888096906,0.0,-3.0642047330249986,7.381507823702615,19.124211758993,55.84263858665049,74.96685034564348
1.5900000000000012,7.23,-2.0554430116248303,1.3446507121830578,-3.176000745565543,5.459505122052313,11.86246113163452,-20.07786612466967,0.0,-1.5372739269831954,1.7080505636403451,0.0,3.210228107887105,1.3204145511275458,0.0,-3.015172007758931,7.330568964994035,19.03460568836772,55.93144069075226,74.96604637911997
1.5920000000000012,7.23,-2.0617714063894788,1.3555298689135376,-3.1524525219104267,5.419801508300842,11.686955115930461,-19.628171607298256,0.0,-1.5308523417522393,1.7106795948451832,0.0,3.211350907734225,1.308602943469118,0.0,-2.9670591839310574,7.281252308938452,18.945876301186033,56.019377904001956,74.96525420518799
1.5940000000000012,7.23,-2.0680530509793646,1.3663305081803774,-3.129248225277136,5.380982899302168,11.518485518569259,-19.192754091155518,0.0,-1.5244285623530534,1.7132849181548013,0.0,3.212422769690182,1.2967072796759715,0.0,-2.919840393560731,7.233522870697157,18.858020484845685,56.10645301304613,74.96447349789182
1.5960000000000012,7.23,-2.0742886193684233,1.3770543718645991,-3.106374070542146,5.343021376379244,11.356767396595993,-18.770984181400937,0.0,-1.5180026872042265,1.7158663692295377,0.0,3.213447122895919,1.2847313059493333,0.0,-2.873490485932634,7.187347028852724,18.77103518595458,56.19266875846443,74.96370394441901
1.5980000000000012,7.23,-2.080478758519247,1.3877031472451535,-3.083816826082906,5.305890244575501,11.201532014226672,-18.362267167135947,0.0,-1.5115748080560896,1.7184237910632538,0.0,3.2144272084595444,1.2726786112597575,0.0,-2.8279850046510853,7.142692478400325,18.684917407542613,56.278027836881236,74.96294524442385
1.6000000000000012,7.23,-2.086624089458376,1.3982784693785193,-3.0615637824136255,5.269563965562907,11.052525805929738,-17.966040773999175,0.0,-1.505145010353747,1.7209570336786864,0.0,3.2153660923343916,1.2605526370462155,0.0,-2.7833001650119296,7.099528184986033,18.599664206387693,56.3625329030058,74.96219710939349
1.6020000000000012,7.23,-2.0927252082908847,1.4087819233485008,-3.039602722816886,5.2340180948762995,10.909509416431963,-17.58177308294617,0.0,-1.4987133735753626,1.7234659538415324,0.0,3.2162666771949544,1.248356686262065,0.0,-2.73941283176858,7.057824340476952,18.515272690449713,56.44618657160345,74.96145926205315
1.6040000000000012,7.23,-2.0987826871581023,1.4192150463945534,-3.0179218958236387,5.199229223155483,10.772256811344057,-17.208960601581403,0.0,-1.4922799715476214,1.7259504147920208,0.0,3.217131713399055,1.2360939318201276,0.0,-2.6963004973528055,7.017552319923224,18.43174001640662,56.52899141940128,74.9607314358079
1.6060000000000012,7.23,-2.104797075142026,1.4295793299263542,-2.9965099894061735,5.165174921102576,10.640554452662101,-16.84712647562286,0.0,-1.4858448727401172,1.7284102859928057,0.0,3.2179638091158047,1.2237674244845769,0.0,-2.653941260597644,6.978684639950578,18.34906338728782,56.61094998693051,74.96001337421833
1.6080000000000012,7.23,-2.1107688991197313,1.4398762214317768,-2.975356106759623,5.131833687885846,10.514200533909854,-16.495818829179488,0.0,-1.4794081405402517,1.7308454428921363,0.0,3.2187654396912864,1.2113801002530855,0.0,-2.612313805998473,6.941194918605297,18.267240050198453,56.69206478030902,74.95930483050748
1.6100000000000012,7.23,-2.1166986645708366,1.4501071262849141,-2.9544497435575696,5.099184902742887,10.393004270146662,-16.15460922351557,0.0,-1.4729698335101133,1.7332557667013073,0.0,3.219538956316946,1.1989347872689966,0.0,-2.5713973835389927,6.905057836659316,18.18626729413088,56.77233827296636,74.95860556709724
1.6120000000000012,7.23,-2.1225868563408645,1.4602734094603136,-2.9337807665764437,5.067208779555718,10.27678523848347,-15.823091224879654,0.0,-1.4665300056266624,1.7356411441854986,0.0,3.2202865940594902,1.1864342122998144,0.0,-2.531171789100854,6.870249100371741,18.106142447857998,56.85177290731408,74.95791535517208
1.6140000000000012,7.23,-2.1284339393631395,1.4703763971591601,-2.913339393591736,5.035886324188417,10.165372765127742,-15.50087907279292,0.0,-1.460088706506455,1.738001467467165,0.0,3.2210104793055825,1.1738810068152368,0.0,-2.491617345469087,6.836745405693974,18.026862877903604,56.93037109636404,74.95723397426764
1.6160000000000012,7.23,-2.1342403593416743,1.4804173783527346,-2.893116174456657,5.005199294394351,10.058605355320692,-15.187606440933864,0.0,-1.4536459816160154,1.7403366338412063,0.0,3.2217126366696363,1.1612777126952496,0.0,-2.452714883940215,6.804524403898185,17.948425986586432,57.00813522529711,74.95656121188354
1.6180000000000012,7.23,-2.140006543397327,1.4903976062481066,-2.8731019732808307,4.975130162115087,9.956330162842361,-14.882925283430026,0.0,-1.4472018724688966,1.7426465456012086,0.0,3.2223949954085827,1.1486267875961271,0.0,-2.4144457265350785,6.7735646686031625,17.870829210132964,57.08506765298483,74.9558968631178
1.6200000000000012,7.23,-2.145732900679354,1.5003182996806788,-2.853287951632974,4.94566207800687,9.858402496042288,-14.586504759978602,0.0,-1.4407564168103688,1.744931109876096,0.0,3.2230593953834403,1.135930610000027,0.0,-2.376791668814976,6.743845664166945,17.79407001685568,57.16117071346631,74.95524073032199
1.6220000000000012,7.23,-2.1514198229443275,1.5101806444378851,-2.8336655526973376,4.916778838043094,9.764685357610709,-14.298030233773812,0.0,-1.434309648790606,1.7471902384765832,0.0,3.2237075926039545,1.1231914839717112,0.0,-2.3397349632965425,6.715347715412315,17.718145905392806,57.236446717382805,74.9545926227756
1.6240000000000012,7.23,-2.157067685104272,1.5199857945180515,-2.814226486319009,4.888464852052769,9.675049015538434,-14.0172023367234,0.0,-1.427861599127174,1.7494238477508746,0.0,3.2243412643892966,1.1104116436440483,0.0,-2.3032583034583443,6.688051978648602,17.643054403006325,57.31089795337209,74.95395235637841
1.6260000000000012,7.23,-2.1626768457457257,1.5297348733281613,-2.7949627148780856,4.8607051140655155,9.589370602926302,-13.743736096896825,0.0,-1.4214122952575543,1.7516318584490693,0.0,3.224962014174882,1.0975932574522427,0.0,-2.2673448083302743,6.661940413951495,17.568793063934695,57.38452668942477,74.95331975335947
1.6280000000000012,7.23,-2.1682476476213335,1.539428974824017,-2.775866439937178,4.833485174343354,9.50753374449809,-13.47736012356528,0.0,-1.414961761482386,1.753814195595804,0.0,3.225571375992767,1.0847384321351599,0.0,-2.231978007655237,6.636995758661423,17.495359467797368,57.45733517420459,74.95269464200196
1.6300000000000012,7.23,-2.1737804181154643,1.5490691645960586,-2.7569300896108504,4.8067911129883925,9.429428207846646,-13.21781584557437,0.0,-1.408510019100047,1.7559707883706832,0.0,3.2261708186506057,1.0718492165206854,0.0,-2.197141827611425,6.6132015020601935,17.422751218047864,57.52932563833484,74.9520768563827
1.6320000000000012,7.23,-2.179275469685252,1.5586564809038868,-2.738146306609355,4.7806095150237455,9.354949577603877,-12.964856799138088,0.0,-1.4020570865331674,1.7581015699960711,0.0,3.226761749632094,1.058927605110763,0.0,-2.1628205770826634,6.59054186118565,17.350965940472758,57.600500295652715,74.95146623612547
1.6340000000000012,7.23,-2.1847331002783577,1.5681919356623428,-2.7195079369125064,4.754927446852463,9.283998950870656,-12.718247961457887,0.0,-1.3956029794475953,1.7602064776318687,0.0,3.2273455187397806,1.0459755414805625,0.0,-2.1289989344636164,6.569001757743878,17.280001281733927,57.67086134443338,74.95086262616731
1.6360000000000012,7.23,-2.1901535937286765,1.577676515381808,-2.7010080190327215,4.72973243400618,9.216482652376875,-12.477765126860648,0.0,-1.3891477108643207,1.7622854522769131,0.0,3.2279234214993937,1.0329949215051593,0.0,-2.0956619349862713,6.5485667960790055,17.209854907951073,57.740410968585685,74.95026587653676
1.6380000000000012,7.23,-2.1955372201311305,1.5871111820652233,-2.6826397738291976,4.705012440101537,9.152311967962847,-12.24319432241163,0.0,-1.3826912912648177,1.7643384386766716,0.0,3.228496702343209,1.0199875964260703,0.0,-2.0627949585538254,6.529223242161186,17.140524503322485,57.80915133882118,74.94967584214366
1.6400000000000012,7.23,-2.200884236196606,1.5964968740641643,-2.6643965948378976,4.680755846928262,9.091402895084926,-12.01433126020009,0.0,-1.3762337286902206,1.7663653852369152,0.0,3.2290665575885273,1.0069553757691505,0.0,-2.0303837180681117,6.510958003554115,17.072007768781592,57.877084613798175,74.94909238257976
1.6420000000000012,7.23,-2.206194885588045,1.6058345068961652,-2.6462720390845056,4.65695143559817,9.033675909149666,-11.79098082371502,0.0,-1.3697750288347392,1.7683662439430843,0.0,3.229634138225976,0.9939000301244946,0.0,-1.9984142482366976,6.49375861032422,17.004302420686855,57.944212941242114,74.94851536192897
1.6440000000000012,7.23,-2.2114693992386147,1.615124974025347,-2.628259818349813,4.633588368689338,8.979055744573596,-11.57295658592956,0.0,-1.3633151951336793,1.770340970285099,0.0,3.2302005525311754,0.9808232937981648,0.0,-1.9668728948458412,6.477613196854844,16.93740618954306,58.010538459044426,74.94794464858748
1.6460000000000012,7.23,-2.2167079956528397,1.624369147608277,-2.6103537908591194,4.610656173324246,8.927471189550992,-11.360080356897198,0.0,-1.356854228846396,1.7722895231873297,0.0,3.2307668685121653,0.9677268673450242,0.0,-1.9357463044859662,6.462510484529514,16.871316818751975,58.07606329634062,74.9473801150926
1.6480000000000012,7.23,-2.2219108811915147,1.633567879206871,-2.592547953369176,4.588144725124921,8.878854893589507,-11.152181758831354,0.0,-1.350392129134519,1.7742118649435457,0.0,3.2313341162040143,0.9546124199911336,0.0,-1.9050214147163567,6.448439765249832,16.806032063390127,58.140789574569695,74.94682163795983
1.6500000000000012,7.23,-2.2270782503411652,1.6427220004700385,-2.5748364336280254,4.566044232992013,8.83314318694499,-10.94909782679444,0.0,-1.3439288931357214,1.7761079611565895,0.0,3.2319032898210924,0.9414815919537187,0.0,-1.8746854446563173,6.435390885754362,16.741549689012395,58.2047194085159,74.9462690975283
1.6520000000000012,7.23,-2.2322102859687845,1.6518323237856682,-2.557213483184744,4.544345224658345,8.790275911152284,-10.750672633264836,0.0,-1.3374645160333258,1.7779777806825945,0.0,3.2324753497766405,0.9283359966661416,0.0,-1.844725885990456,6.423354232706235,16.677867470478756,58.267854907334126,74.94572237781288
1.6540000000000012,7.23,-2.237307159562521,1.6608996429044571,-2.5396734705276574,4.523038532970796,8.750196259908217,-10.556756934979354,0.0,-1.330998991121993,1.779821295579576,0.0,3.23305122457854,0.9151772229147468,0.0,-1.8151304943760358,6.412320718518323,16.61498319080335,58.33019817556067,74.94518136636401
1.6560000000000012,7.23,-2.2423690314589533,1.6699247335369942,-2.5222108745310114,4.502115282857471,8.712850629618629,-10.367207840569167,0.0,-1.3245323098697352,1.7816384810602004,0.0,3.2336318126094543,0.9020068368941292,0.0,-1.7858872812411033,6.402281767886039,16.552894640023705,58.3917513141101,74.9446459541338
1.6580000000000013,7.23,-2.2473960510575512,1.6789083539254313,-2.5048202781914255,4.481566878939959,8.678188478971153,-10.181888497616196,0.0,-1.3180644619764796,1.7834293154485923,0.0,3.2342179837988256,0.8888263841868295,0.0,-1.7569845059623397,6.393229304998726,16.491599614088443,58.45251642125979,74.94411603534823
1.6600000000000013,7.23,-2.252388357022886,1.6878512453909913,-2.487496362636671,4.461384993753131,8.646162196942148,-10.000667797858155,0.0,-1.311595435429392,1.7851937801410365,0.0,3.2348105811937433,0.8756373916731441,0.0,-1.7284106684122935,6.385155741402216,16.431095913762352,58.512495593623306,74.94359150738566
1.6620000000000013,7.23,-2.257346077475116,1.6967541328584947,-2.470233901390463,4.441561556537367,8.616726978688668,-9.823420099363123,0.0,-1.3051252165551483,1.7869318595704216,0.0,3.235410422434991,0.8624413693763955,0.0,-1.7001545018661692,6.378053964485676,16.371381343546947,58.571690927113465,74.94307227066041
1.6640000000000013,7.23,-2.262269330169245,1.705617725359015,-2.453027754878012,4.422088742570388,8.589840708815402,-9.650024964579814,0.0,-1.2986537900693516,1.7886435411743267,0.0,3.2360183011442194,0.8492398122486049,0.0,-1.672204966258786,6.371917326567344,16.312453710615255,58.63010451789671,74.94255822851197
1.6660000000000013,7.23,-2.26715822266362,1.7144427165117113,-2.4358728651580663,4.4029589630079595,8.56546385154269,-9.480366913248469,0.0,-1.2921811391232518,1.7903288153666164,0.0,3.2366349882276593,0.836034201901327,0.0,-1.6445512417831072,6.366739634554658,16.25431082375957,58.687738463339414,74.94204928709898
1.6680000000000013,7.23,-2.2720128524781105,1.7232297849858282,-2.4187642508680853,4.3841648552047126,8.543559347334735,-9.314335189229745,0.0,-1.2857072453479423,1.7919876755124486,0.0,3.2372612331013726,0.8228260082860073,0.0,-1.617182722822072,6.362515140155233,16.196950492350492,58.744594862947515,74.941545355298
1.6700000000000013,7.23,-2.276833307242377,1.7319795949437935,-2.401697002370045,4.3656992734881195,8.524092515577577,-9.151823540375602,0.0,-1.279232088896177,1.7936201179065925,0.0,3.2378977648426464,0.8096166913280792,0.0,-1.5900890122062514,6.359238530616136,16.14037052530626,58.80067581930018,74.94104634460643
1.6720000000000013,7.23,-2.281619664834628,1.740692796466297,-2.3846662770851563,4.347555280360374,8.507030962924492,-8.992730010627938,0.0,-1.272755648481958,1.795226141754978,0.0,3.2385452932718284,0.7964077025186888,0.0,-1.5632599157902471,6.356904919969954,16.084568730071197,58.85598343897902,74.94055216905022
1.6740000000000013,7.23,-2.2863719935112172,1.74937002596018,-2.367667295006524,4.329726138104481,8.492344496952391,-8.83695674358769,0.0,-1.2662779014180225,1.7968057491593887,0.0,3.239204509968446,0.7832004864677915,0.0,-1.5366854373414838,6.355509840766768,16.0295429116016,58.91051983349329,74.94006274509489
1.6760000000000013,7.23,-2.2910903520274455,1.7580119065499238,-2.3506953343794654,4.312205300772329,8.480005044796506,-8.684409796849518,0.0,-1.259798823651363,1.7983589451052153,0.0,3.2398760892252767,0.7699964824221296,0.0,-1.510355773735536,6.355049236272291,15.975290871358395,58.96428712020234,74.93957799156074
1.6780000000000013,7.23,-2.295774789749875,1.7666190484534772,-2.3337457275398372,4.294986406533885,8.469986576452465,-8.53499896644567,0.0,-1.2533183897968965,1.7998857374522275,0.0,3.240560688943636,0.7567971257514247,0.0,-1.4842613104527382,6.3555194531129,15.921810406305077,59.01728742323638,74.93909782954145
1.6800000000000013,7.23,-2.3004253467604743,1.7751920493431288,-2.31681385690134,4.278063270367897,8.46226503245539,-8.388637620787764,0.0,-1.2468365731694004,1.801386136928278,0.0,3.2412589514730006,0.7436038494059266,0.0,-1.4583926173713844,6.3569172343494635,15.869099307910062,59.06952287441615,74.93862218232621
1.6820000000000013,7.23,-2.305042053952879,1.783731494692086,-2.299895151083312,4.261429877075704,8.456818255663842,-8.245242543536566,0.0,-1.2403533458138214,1.8028601571258998,0.0,3.241971504397659,0.7304180853483769,0.0,-1.4327404448534935,6.35923971296198,15.817155361152018,59.12099561417267,74.93815097532469
1.6840000000000013,7.23,-2.309624933121042,1.7922379581073893,-2.2829850811710664,4.245080374600816,8.453625926893872,-8.104733784868262,0.0,-1.2338686785340622,1.804307814501747,0.0,3.2426989612730726,0.7172412659631917,0.0,-1.40729572011955,6.362484405728403,15.765976343527527,59.17170779246803,74.93768413599555
1.6860000000000013,7.23,-2.3141739970405313,1.8007120016497598,-2.266079157101311,4.229009067637988,8.452669504164186,-7.967034520641549,0.0,-1.2273825409203463,1.8057291283788262,0.0,3.2434419223142057,0.704074825445629,0.0,-1.3820495439093374,6.36664920748105,15.7155600240596,59.221661569717746,74.93722159377735
1.6880000000000013,7.23,-2.318689249542716,1.80915417614094,-2.249172924165654,4.213210411516446,8.453932165327737,-7.832070919002516,0.0,-1.2208949013752475,1.807124120951494,0.0,3.2442009750380287,0.69092020117355,0.0,-1.3569931874265284,6.3717323857249495,15.66590416230646,59.270859117716014,74.93676328002248
1.6900000000000013,7.23,-2.323170685582073,1.8175650214590633,-2.2322619596256374,4.197679006342827,8.45739875387882,-7.699772013995208,0.0,-1.2144057271384816,1.8084928172931831,0.0,3.2449766948621046,0.6777788350642378,0.0,-1.3321180895652067,6.377732575602828,15.617006507369084,59.31930262056438,74.93630912793347
1.6920000000000013,7.23,-2.327618291296832,1.8259450668225587,-2.215341869433149,4.182409591390232,8.463055727736654,-7.57006958577392,0.0,-1.207914984310544,1.8098352453668234,0.0,3.2457696456610776,0.6646521749187008,0.0,-1.3074158544172083,6.384648775192053,15.568864796897067,59.36699427560487,74.93585907250193
1.6940000000000013,7.23,-2.3320320440631583,1.8342948310630673,-2.1984082850504465,4.167397039720573,8.470891110818075,-7.442898047039688,0.0,-1.2014226378752715,1.81115143603795,0.0,3.2465803802826323,0.6515416757557311,0.0,-1.2828782490596327,6.392480341119152,15.521476756091309,59.41393629435848,74.93541305044978
1.6960000000000013,7.23,-2.3364119125430727,1.8426148228878283,-2.181456860364397,4.1526363530281145,8.480894447222214,-7.318194335347947,0.0,-1.194928651721417,1.8124414230904606,0.0,3.2474094410243954,0.6384488011379225,0.0,-1.258497201622531,6.401226984478144,15.474840096702904,59.46013090346943,74.93497100017233
1.6980000000000013,7.23,-2.34075785672629,1.8509055411319626,-2.164483268689875,4.1381226566928095,8.493056757859433,-7.195897810956763,0.0,-1.1884329886633003,1.8137052432450287,0.0,3.248257360073067,0.6253750244917865,0.0,-1.2342647996373635,6.410888767039066,15.428952516027227,59.50558034565681,74.93453286168403
1.7000000000000013,7.23,-2.34506982796615,1.8591674750010643,-2.147483199857591,4.123851195032658,8.507370499365887,-7.07595015990665,0.0,-1.1819356104606273,1.8149429361801441,0.0,3.2491246599069457,0.6123218304239934,0.0,-1.2101732886673753,6.4214660977335996,15.383811695892172,59.550286880673525,74.9340985765657
1.7020000000000013,7.23,-2.3493477690098024,1.8674011043044874,-2.1304523573819343,4.109817326744914,8.52382952515269,-6.958295302042091,0.0,-1.175436477837531,1.8161545445557923,0.0,3.25001185366284,0.5992907160357197,0.0,-1.1862150712216828,6.432959729404845,15.339415301639638,59.594252786274254,74.93366808791389
1.7040000000000013,7.23,-2.3535916140228066,1.8756068996796955,-2.113386455704698,4.096016520526543,8.542429048446184,-6.84287930370348,0.0,-1.1689355505009198,1.8173401140397525,0.0,3.250919445468286,0.5862831922370315,0.0,-1.1623827059554672,6.4453707558085975,15.295760981099534,59.637480359192395,74.93324134029193
1.7060000000000013,7.23,-2.3578012886082904,1.8837853228080246,-2.096281217510855,4.082444350864829,8.563165607182388,-6.7296502948351,0.0,-1.1624327871581894,1.818499693336535,0.0,3.251847930739805,0.5733007850631305,0.0,-1.1386689071592477,6.458700608853716,15.252846363555058,59.67997191612751,74.93281827968258
1.7080000000000013,7.23,-2.3619767098208095,1.8919368266221892,-2.0791323711127925,4.069096493989559,8.586037030624682,-6.618558390270492,0.0,-1.1559281455343788,1.8196333342189495,0.0,3.2527977964478687,0.5603450369942659,0.0,-1.1150665445408465,6.472951056069265,15.21066905869873,59.721729794743766,74.93239885344249
1.7100000000000013,7.23,-2.366117786175041,1.9000618555058482,-2.061935647899698,4.05596872397864,8.611042407579367,-6.509555614971528,0.0,-1.149421582388823,1.82074109156232,0.0,3.2537695213490743,0.5474175082810683,0.0,-1.0915686433043237,6.488124198286259,15.169226655577889,59.76275635468002,74.93198301025791
1.7120000000000013,7.23,-2.3702244176494385,1.908160845485529,-2.044686779849016,4.043056909009468,8.638182056088432,-6.4025958330109125,0.0,-1.1429130535313767,1.8218230233813548,0.0,3.254763576185974,0.5345197782769902,0.0,-1.0681683845307355,6.504222467521952,15.128516721529166,59.80305397857285,74.93157070010201
1.7140000000000013,7.23,-2.374296495684969,1.9162342244151935,-2.0273814970971387,4.030357007748745,8.667457494483552,-6.297634680101031,0.0,-1.1364025138382698,1.8228791908696946,0.0,3.2557804238548362,0.5216534467795098,0.0,-1.044859105866264,6.52124862505456,15.088536801100595,59.84262507309275,74.93116187419335
1.7160000000000013,7.23,-2.3783339031790494,1.924282412153717,-2.0100155255667214,4.017865065873859,8.698871413688897,-6.194629499483599,0.0,-1.1298899172676586,1.8239096584421473,0.0,3.256820519541572,0.5088201353817117,0.0,-1.0216343025239145,6.539205759676424,15.04928441496101,59.88147206999488,74.9307564849559
1.7180000000000013,7.23,-2.382336514474793,1.9323058207355355,-1.992584584648236,4.005577212719258,8.732427650664128,-6.0935392810060485,0.0,-1.1233752168749394,1.8249144937796447,0.0,3.2578843108258986,0.49602148883579633,0.0,-0.9984876286056105,6.558097286113422,15.010757058795221,59.91959742718467,74.93035448597989
1.7200000000000013,7.23,-2.3863041953456676,1.9403048545347057,-1.9750843849335842,3.9934896580416295,8.768131162881721,-5.994324603220769,0.0,-1.116858364827881,1.8258937678769311,0.0,3.258972237753773,0.48325917643009697,0.0,-0.9754128987523185,6.577926943598463,14.972952202184784,59.957003629799466,74.92995583198424
1.7220000000000013,7.23,-2.3902368029756755,1.9482799104226092,-1.95751062599981,3.981598688897989,8.805988003735507,-5.896947578353121,0.0,-1.1103393124216487,1.826847555093027,0.0,3.260084732877945,0.4705348933810511,0.0,-0.9524040901303589,6.598698794586636,14.935867287472796,59.99369319130682,74.92956047877962
1.7240000000000013,7.23,-2.3941341859351484,1.9562313779195208,-1.9398589942411475,3.9699006666310788,8.846005298779376,-5.8013717999931025,0.0,-1.1038180100937767,1.8277759332044923,0.0,3.2612222212664914,0.4578503622416296,0.0,-0.9294553447629311,6.620417223599552,14.89949972861238,60.02966865462034,74.92916838323272
1.7260000000000013,7.23,-2.3979961841522517,1.964159639340252,-1.9221251607478438,3.9583920239567814,8.88819122269701,-5.707562293374146,0.0,-1.0972944074391557,1.8286789834615214,0.0,3.2623851204789887,0.4452073343276412,0.0,-0.9065609722165144,6.643086936185947,14.863846909997662,60.06493259323385,74.92877950323151
1.7280000000000013,7.23,-2.4018226288802933,1.9720650699340645,-1.9043047792303935,3.947069262148492,8.932554976904974,-5.61548546811033,0.0,-1.090768453225102,1.8295567906469097,0.0,3.263573840509956,0.4326075911633287,0.0,-0.8837154526526133,6.6667129579855615,14.82890618527651,60.099487612374716,74.92839379765122
1.7300000000000013,7.23,-2.405613342660927,1.979948038019047,-1.8863934839880143,3.9359289483136615,8.979106767692366,-5.525109073270588,0.0,-1.0842400954065723,1.8304094431379356,0.0,3.2647887836990788,0.42005294594761533,0.0,-0.8609134402560141,6.691300633882814,14.7946748761441,60.13333635017722,74.92801122632132
1.7320000000000013,7.23,-2.409368139283332,1.9878089051111343,-1.8683868879203862,3.924967712757949,9.027857784801286,-5.4364021546756085,0.0,-1.0777092811415907,1.8312370329711947,0.0,3.266030344607615,0.40754524504235073,0.0,-0.8381497670515446,6.716855627236394,14.761150271116415,60.16648147887666,74.92763174999308
1.7340000000000013,7.23,-2.413086823739463,1.9956480260479363,-1.8502805805818692,3.914182246432651,9.078820180352519,-5.349335014309384,0.0,-1.0711759568069583,1.8320396559104313,0.0,3.267298909860328,0.3950863694838807,0.0,-0.8154194471221415,6.743383919170572,14.728329624282832,60.198925706025165,74.927255330308
1.7360000000000013,7.23,-2.4167691921754484,2.0034657491075443,-1.8320701262776034,3.903569298461275,9.132007048020961,-5.2638791717433735,0.0,-1.0646400680143155,1.8328174115174205,0.0,3.268594857952143,0.38267823651920535,0.0,-0.7927176812417721,6.7708918079133165,14.696210154036988,60.23067177572983,74.92688192976682
1.7380000000000013,7.23,-2.4204150318392217,2.011262416122463,-1.8137510622010888,3.893125673741335,9.187432402365273,-5.180007327476991,0.0,-1.058101559626623,1.833570403225948,0.0,3.2699185590186692,0.3703228011679888,0.0,-0.7700398619376715,6.799385908165954,14.664789041784797,60.26172246991441,74.9265115116992
1.7400000000000013,7.23,-2.4240241210244706,2.019038362588823,-1.7953188966130316,3.8828482306176273,9.245111158215327,-5.09769332810328,0.0,-1.0515603757751433,1.8342987384189406,0.0,3.2712703745696112,0.3580220578116407,0.0,-0.7473815789971612,6.828873150488266,14.63406343062908,60.292080609604895,74.92614404023398
1.7420000000000013,7.23,-2.427596229010985,2.026793917771003,-1.776769107061438,3.8727338786234182,9.305059110020567,-5.0169121332135385,0.0,-1.0450164598769887,1.8350025285087987,0.0,3.27265065718398,0.3457780418106605,0.0,-0.7247386254352246,6.859360780682395,14.6040304240296,60.32174905624011,74.92577948026971
1.7440000000000013,7.23,-2.431131116001486,2.0345294048018023,-1.7580971386431332,3.8627795762861568,9.3672929110608,-4.937639783959199,0.0,-1.0384697546533228,1.8356818890210014,0.0,3.2740597501659514,0.3335928311513863,0.0,-0.7021070039398486,6.890856359158042,14.574687084437839,60.350730713008275,74.92541779744612
1.7460000000000013,7.23,-2.4346285330550193,2.042245140778289,-1.7392984023070788,3.852982328994467,9.431830052419933,-4.859853373193644,0.0,-1.0319202021482865,1.8363369396810274,0.0,3.2754979871600804,0.3214685481232736,0.0,-0.6794829338131152,6.923367760260692,14.546030431905614,60.37902852621001,74.92505895811561
1.7480000000000013,7.23,-2.438088222016999,2.049941436853434,-1.720368273200064,3.843339186923342,9.498688841621062,-4.7835310171205165,0.0,-1.0253677437487392,1.8369678045046651,0.0,3.276965691724474,0.3094073610277768,0.0,-0.6568628584269162,6.956903171543596,14.518057442666406,60.40664548664888,74.92470292931529
1.7500000000000013,7.23,-2.4415099154459843,2.0576185983236575,-1.7013020890555517,3.8338472430145902,9.567888380819435,-4.708651828378663,0.0,-1.018812320204892,1.8375746118917757,0.0,3.2784631768604564,0.2974114859198792,0.0,-0.6342434532131481,6.9914710929633905,14.490765047688942,60.43358463105035,74.92434967873929
1.7520000000000013,7.23,-2.444893336537278,2.065276924712387,-1.6820951486266686,3.8245036310097333,9.639448544447502,-4.63519589049764,0.0,-1.0122538716519331,1.838157494723565,0.0,3.2799907444971064,0.28548318838323994,0.0,-0.6116216342091393,7.027080335978012,14.464150131201768,60.459849043509735,74.9239991747115
1.7540000000000013,7.23,-2.448238199043437,2.072916709849731,-1.6627427101645436,3.815305523532674,9.713389956203576,-4.563144233660388,0.0,-1.0056923376327231,1.8387165904634513,0.0,3.2815486849289615,0.27362478533991774,0.0,-0.5889945671801334,7.063740022524565,14.438209529188153,60.485441856970326,74.92365138615848
1.7560000000000013,7.23,-2.451544207191786,2.0805382419483665,-1.6432399899434167,3.806250130219581,9.78973396527285,-4.49247881171324,0.0,-0.9991276571216698,1.8392520412615745,0.0,3.2831372762050517,0.26183864689555425,0.0,-0.5663596773415923,7.101459583853427,14.412940027850402,60.510366254732055,74.92330628258246
1.7580000000000013,7.23,-2.454811055599028,2.088141803675729,-1.6235821608341707,3.7973346958935563,9.868502621666185,-4.423182480365528,0.0,-0.9925597685498699,1.8397639940630452,0.0,3.284756783467324,0.2501271982208429,0.0,-0.5437146597051021,7.140248759193668,14.388338362042603,60.53462547199215,74.92296383403476
1.7600000000000013,7.23,-2.458038429183053,2.095727672222599,-1.6037643509281632,3.788556498781761,9.949718650558836,-4.355238976524134,0.0,-0.9859886098316326,1.8402526007199842,0.0,3.286407458236397,0.23849292147004036,0.0,-0.5210574900726724,7.180117594223365,14.364401213671243,60.55822279741793,74.92262401108917
1.7620000000000013,7.23,-2.461226003072047,2.10329611936816,-1.5837816422134834,3.779912848772776,10.033405425507473,-4.2886328987103415,0.0,-0.9794141183924774,1.8407180181074396,0.0,3.288089537642435,0.22693835773724663,0.0,-0.49838643670533256,7.221076439316882,14.341125210062417,60.58116157475309,74.92228678481551
1.7640000000000013,7.23,-2.464373442511007,2.1108474115416103,-1.5636290693060015,3.7714010857120943,10.119586940419744,-4.223349688508444,0.0,-0.972836231198736,1.8411604082432584,0.0,3.2898032435988527,0.21546610905104063,0.0,-0.4757000726928336,7.263135947539569,14.318506922295208,60.60344520445797,74.92195212675318
1.7660000000000013,7.23,-2.467480402765774,2.118381809880402,-1.5433016182378332,3.763018577733723,10.208287780146698,-4.159375612997864,0.0,-0.9662548847888595,1.8415799384119775,0.0,3.291548781916391,0.20407884040803742,0.0,-0.45299728905244163,7.306307072358628,14.296542863500134,60.62507714538464,74.92162000888477
1.7680000000000013,7.23,-2.4705465290247064,2.1258995702851813,-1.5227942253061078,3.7547627196259743,10.299533089563548,-4.096697748121783,0.0,-0.959670015306562,1.8419767812928312,0.0,3.293326341354973,0.19277928184580118,0.0,-0.4302773085857588,7.350601065036936,14.275229487121907,60.64606091648773,74.92129040360963
1.7700000000000014,7.23,-2.4735714562981084,2.133400943471486,-1.5021017759852033,3.7466309312296255,10.393348540999668,-4.035303962947359,0.0,-0.9530815585359249,1.8423511150919372,0.0,3.2951360926106696,0.18157023055546362,0.0,-0.40753970052358396,7.396029471674843,14.254563185145809,60.66640009857164,74.92096328371746
1.7720000000000014,7.23,-2.4765548093155543,2.1408861750182764,-1.4812191039058915,3.738620655866699,10.48976029987364,-3.97518290477375,0.0,-0.9464894499385934,1.8427031236787506,0.0,3.2969781872348696,0.17045455303430584,0.0,-0.3847843959898892,7.442604129862605,14.234540286286803,60.68609833607481,74.92063862236161
1.7740000000000014,7.23,-2.479496202421239,2.1483555054133516,-1.4601409899051312,3.7307293587982153,10.588794988384,-3.916323985045551,0.0,-0.9398936246932061,1.8430329967268622,0.0,3.2988527564826975,0.15943518727840733,0.0,-0.3620117043169332,7.490337164904191,14.21515705414056,60.70515933889192,74.92031639303248
1.7760000000000014,7.23,-2.4823952394675004,2.155809170095706,-1.4388621611505534,3.7229545257093504,10.690479647100606,-3.8587173660302496,0.0,-0.9332940177372016,1.8433409298592236,0.0,3.3007599100875344,0.14851514501537283,0.0,-0.33922233024460346,7.539240985570608,14.19640968529593,60.723586884234706,74.91999656953064
1.7780000000000014,7.23,-2.4852515137066726,2.163247399494886,-1.417377290343997,3.715293661220504,10.794841694296155,-3.8023539482194977,0.0,-0.9266905638111496,1.843627124797874,0.0,3.302699734958325,0.1376975139770012,0.0,-0.3164173920380467,7.589328279338482,14.178294307407722,60.741384818531884,74.91967912593961
1.7800000000000014,7.23,-2.488064607681426,2.170670419067392,-1.395680995008778,3.707744287422879,10.90190888285115,-3.7472253584143855,0.0,-0.920083197505771,1.8438917895182612,0.0,3.304672293796288,0.12698546021156348,0.0,-0.29359844055848444,7.64061200706715,14.16080697722966,60.758557059369124,74.91936403659878
1.7820000000000014,7.23,-2.490834093113772,2.178078449330175,-1.3737678368657213,3.7003039424372344,11.011709254559687,-3.6933239384561927,0.0,-0.913471853311808,1.8441351384082103,0.0,3.306677623627377,0.11638223043528029,0.0,-0.2707674793232099,7.693105397064392,14.143943678606316,60.775107597469194,74.9190512760755
1.7840000000000014,7.23,-2.49355953079291,2.1854717058912714,-1.3516323213033257,3.6929701789945666,11.124271091656945,-3.640642734563783,0.0,-0.9068564656729126,1.844357392431652,0.0,3.308715734246783,0.10589115442231617,0.0,-0.24792698559140522,7.746821938488362,14.127700320423871,60.79104049871353,74.9187408191374
1.7860000000000014,7.23,-2.496240470462119,2.192850399477624,-1.3292688969478081,3.6857405630375393,11.239622865382941,-3.589175487239948,0.0,-0.900236969041741,1.8445587792971583,0.0,3.3107866065715585,0.09551564743246699,0.0,-0.2250799325133259,7.801775374029968,14.11207273451886,60.80635990620511,74.91843264072396
1.7880000000000014,7.23,-2.4988764507048877,2.2002147359601207,-1.3066719553391435,3.678612672341565,11.35779318139041,-3.538916621708818,0.0,-0.8936132979394391,1.8447395336313688,0.0,3.312890190897298,0.08525921267548559,0.0,-0.20222981238107093,7.857979691816748,14.097056673544555,60.821070042373336,74.9181267159179
1.7900000000000014,7.23,-2.5014669988305136,2.207564916375899,-1.2838358307196092,3.671584095154509,11.478810721797853,-3.489861238846455,0.0,-0.8869853870187105,1.8448998971573907,0.0,3.3150264050546365,0.07512544381076852,0.0,-0.17938066101980432,7.915449116475883,14.08264780879443,60.83517521112156,74.91782301991599
1.7920000000000014,7.23,-2.504011630759393,2.214901136947943,-1.260754799941749,3.664652428854074,11.602704183682148,-3.4420051065670285,0.0,-0.8803531711306772,1.845040118878223,0.0,3.3171951324611886,0.0651180274808642,0.0,-0.15653708335878871,7.974198099290368,14.068841727982445,60.84867980001721,74.91752152799965
1.7940000000000014,7.23,-2.5065098509082557,2.2222235891020174,-1.2374230825030896,3.657815278621986,11.729502213797943,-3.3953446516264045,0.0,-0.873716585395744,1.845160455265285,0.0,3.3193962200643528,0.05524074587700717,0.0,-0.13370428022203723,8.034241307378606,14.055633932979655,60.86158828252511,74.91722221550476
1.7960000000000014,7.23,-2.5089611520756017,2.229532459480961,-1.213834840715373,3.65107025613419,11.859233339304586,-3.3498769518049354,0.0,-0.8670755652786921,1.8452611704521034,0.0,3.321629476170281,0.045497479334571544,0.0,-0.11088807637861886,8.09559361182378,14.043019837507,60.87390522028405,74.91692505779105
1.7980000000000014,7.23,-2.5113650153276152,2.2368279299563785,-1.1899841800165156,3.644414978266329,11.991925894273802,-3.3055997284303777,0.0,-0.8604300466682304,1.845342536433222,0.0,3.323894668154111,0.035892208956046834,0.0,-0.08809494989283673,8.15827007467513,14.030994764784136,60.88563526542686,74.916630030211
1.8000000000000014,7.23,-2.513720909884856,2.2441101776377574,-1.1658651494339662,3.637847065813875,12.127607941745179,-3.2625113392016005,0.0,-0.8537799659612517,1.8454048332683806,0.0,3.3261915200464256,0.026429019258778552,0.0,-0.06533206281440143,8.222285934739054,14.019553945134124,60.89678316294395,74.91633710807807
1.8020000000000014,7.23,-2.5160282930100344,2.2513793748790407,-1.1414717422086023,3.631364142226342,12.266307191089332,-3.2206107712726957,0.0,-0.8471252601520405,1.845448349292008,0.0,3.3285197099907506,0.017112100844359712,0.0,-0.042607293248498726,8.287656592073475,14.00869251354412,60.90735375309015,74.91604626663427
1.8040000000000014,7.23,-2.5182866098972028,2.2586356892826798,-1.1167978965887992,3.624963832355105,12.408050910432333,-3.179897634556286,0.0,-0.8404658669267042,1.845473381328077,0.0,3.330878867566688,0.007945753086159746,0.0,-0.019929268845172765,8.354397591094056,13.998405507181937,60.91735197383505,74.915757481017
1.8060000000000014,7.23,-2.520495293562714,2.265879283701197,-1.0918374968047986,3.618643761214431,12.552865833888525,-3.140372155203522,0.0,-0.8338017247630922,1.8454802349103525,0.0,3.333268570973229,-0.0010656131689459336,0.0,0.002692598253266748,8.42252460219628,13.98868786286913,60.9267828633563,74.91547072622544
1.8080000000000014,7.23,-2.522653764738318,2.2731103162362833,-1.0665843742340166,3.612401552755405,12.70077806334311,-3.1020351692174764,0.0,-0.8271327730364957,1.8454692245080444,0.0,3.3356883440665452,-0.009917472889012513,0.0,0.02524807496903239,8.4920534017921,13.97953441451049,60.93565156257537,74.91518597708586
1.8100000000000014,7.23,-2.524761431766789,2.2803289402354565,-1.0410323087684592,3.6062348286525374,12.851812964520063,-3.0648881161547017,0.0,-0.8204589521314216,1.845440673756895,0.0,3.3381376532464984,-0.018605184140531472,0.0,0.04772606931347936,8.56299985065489,13.970939890480869,60.94396331773555,74.91490320821642
1.8120000000000014,7.23,-2.5268176905004975,2.287535304286305,-1.0151750303959386,3.6001412071029164,13.005995057066,-3.0289330328684816,0.0,-0.8137802035597494,1.8453949156957032,0.0,3.340615904185915,-0.027123985372388915,0.0,0.07011459084473232,8.635379870460818,13.962898910969608,60.951723483021446,74.91462239399105
1.8140000000000014,7.23,-2.5288219242033745,2.294729552208343,-0.989006221007334,3.594118301637872,13.163347898376125,-2.9941725472457015,0.0,-0.807096470085592,1.8453322930082652,0.0,3.343122438396618,-0.03546899270621068,0.0,0.0924007095254884,8.709209418409515,13.955405985283702,60.95893752321878,74.91434350850248
1.8160000000000014,7.23,-2.5307735034567185,2.3019118230425,-0.9625195164426906,3.588163719947217,13.32389396088442,-2.9606098718869363,0.0,-0.8004076958571932,1.8452531582707352,0.0,3.345656529626023,-0.04363519723968318,0.0,0.11457051295075238,8.784504459800871,13.948455509110383,60.96561101641412,74.9140665255245
1.8180000000000014,7.23,-2.532671786069351,2.3090822510382742,-0.9357085087895061,3.5822750627162243,13.487654502537522,-2.928248797677972,0.0,-0.7937138265462051,1.845157874204351,0.0,3.3482173800781196,-0.05161746236999021,0.0,0.1366090619179381,8.861280938439421,13.942041761740553,60.97174965673271,74.91379141847327
1.8200000000000014,7.23,-2.5345161169926302,2.31624096563857,-0.9085667489471221,3.576449922475616,13.654649430169384,-2.8970936871982342,0.0,-0.7870148094947069,1.8450468139334908,0.0,3.3508041164524567,-0.05941052114524742,0.0,0.1585003443153354,8.93955474473133,13.936158903254189,60.977359257113534,74.91351816036772
1.8220000000000014,7.23,-2.5363058282408715,2.3233880914622502,-0.8810877494717013,3.570685882464948,13.824897155493042,-2.867149467909649,0.0,-0.780310593870331,1.8449203612489888,0.0,3.3534157857948124,-0.06700897365250891,0.0,0.1802272273088259,9.019341681333422,13.930800971669447,60.98244575211959,74.91324672378903
1.8240000000000014,7.23,-2.5380402388177505,2.330523748284429,-0.8532649877168408,3.5649805155098804,13.998414443426123,-2.838421625066716,0.0,-0.7736011308298811,1.8447789108766337,0.0,3.3560513511531234,-0.07440728445168648,0.0,0.20177140781129316,9.100657426207283,13.925961880057235,60.98701520078181,74.91297708083904
1.8260000000000014,7.23,-2.539718654649298,2.3376480510145328,-0.8250919092854346,3.559331382913964,14.17521625246814,-2.8109161942860874,0.0,-0.7668863736918428,1.8446228687507444,0.0,3.358709687032268,-0.08159978006554136,0.0,0.22311336122441278,9.183517492925404,13.921635413623298,60.99107378947464,74.91270920309793
1.8280000000000014,7.23,-2.5413403685241205,2.3447611096721617,-0.7965619318089631,3.5537360333656753,14.355315566851337,-2.784639753711097,0.0,-0.7601662781181842,1.8444526522926994,0.0,3.361389574641313,-0.08858064653673547,0.0,0.24423228844836103,9.267937188070182,13.9178152267602,60.99462783482053,74.91244306158073
1.8300000000000014,7.23,-2.542904660041523,2.3518630293607785,-0.7676684490709343,3.548192001861589,14.538723220191489,-2.759599415703723,0.0,-0.7534408023058797,1.8442686906942747,0.0,3.364089696926874,-0.09534392706389305,0.0,0.2651060611618446,9.353931565560288,13.914494840071626,60.997683786620996,74.91217862669262
1.8320000000000014,7.23,-2.5444107955682354,2.3589539102392623,-0.7384048354917481,3.542696808646693,14.725447710372457,-2.7358028179933966,0.0,-0.7467099071885865,1.84407142520562,0.0,3.3668086333863667,-0.1018835197295333,0.0,0.28571116538228586,9.441515377733078,13.911667637372181,61.00024823081143,74.91191586818361
1.8340000000000014,7.23,-2.5458580282044867,2.366033847491362,-0.70876445099277,3.537247958173014,14.915495005407324,-2.7132581142086964,0.0,-0.739973556648917,1.843861309427679,0.0,3.369544854655013,-0.10819317533376793,0.0,0.3060226433245296,9.530703023005396,13.90932686266582,61.00232789243611,74.91165475510192
1.8360000000000014,7.23,-2.5472455977601993,2.3731029312930834,-0.6787406462579137,3.531842938077858,15.108868340030929,-2.6919739637148825,0.0,-0.7332317177417702,1.84363880960882,0.0,3.3722967168606393,-0.11426649534870453,0.0,0.32601403358584835,9.621508489929502,13.907465617106341,61.003929638640045,74.91139525574638
1.8380000000000014,7.23,-2.5485727307421224,2.3801612467780577,-0.6483267684114997,3.5264792181831384,15.305568002793022,-2.6719595206764217,0.0,-0.726484360929188,1.8434044049454252,0.0,3.3750624557405855,-0.12009693000963628,0.0,0.34565730969560066,9.713945297455245,13.906076855944141,61.00506048167362,74.91113733761776
1.8400000000000014,7.23,-2.549838640352751,2.3872088740009265,-0.6175161671316062,3.5211542495174215,15.505591113438628,-2.653224422260299,0.0,-0.7197314603272273,1.843158587886144,0.0,3.377840180515236,-0.12567777656027324,0.0,0.36492281707955265,9.808026431204114,13.905153385463496,61.00572758190551,74.91088096736901
1.8420000000000014,7.23,-2.551042526501925,2.394245887898799,-0.5863022012185349,3.5158654633625024,15.708931390383166,-2.635778775891839,0.0,-0.7129729939653215,1.8429018644394939,0.0,3.3806278675130854,-0.13100217767043215,0.0,0.38377920850155506,9.903764275556046,13.904687859915034,61.00593825083966,74.91062611075469
1.8440000000000014,7.23,-2.5521835758320357,2.401272358250827,-0.5546782456383738,3.5106102703264868,15.915578908114286,-2.619633145471543,0.0,-0.706208944058655,1.8426347544844282,0.0,3.3834233535426335,-0.1360631200459918,0.0,0.40219337805973165,10.001170541345264,13.904672778448731,61.00569995413033,74.91037273257906
1.8460000000000014,7.23,-2.5532609617578124,2.4082883496359524,-0.5226376990619482,3.5053860594455615,16.125519844380293,-2.604798536456905,0.0,-0.6994392972940437,1.8423577920834793,0.0,3.3862243290068843,-0.14085343325213823,0.0,0.4201303938295378,10.100256188957525,13.905100482053156,61.00502031459025,74.9101207966434
1.8480000000000014,7.23,-2.554273844521699,2.4152939213888933,-0.4901739919197016,3.5001901973168184,16.33873621705827,-2.5912863797098455,0.0,-0.6926640451298508,1.8420715257980205,0.0,3.389028330756748,-0.14536578877238807,0.0,0.43755342926325697,10.201031346617759,13.905963150506928,61.003907115185285,74.9098702656922
1.8500000000000014,7.23,-2.5552213712658745,2.422289127554425,-0.45728059499322127,3.4950200272647014,16.555205610631344,-2.579108514005964,0.0,-0.6858831841104569,1.841776519005157,0.0,3.391832734680352,-0.14959269932727406,0.0,0.4544236934739202,10.303505223654817,13.907252799349296,61.00236830200922,74.90962110135851
1.8520000000000014,7.23,-2.5561026761220074,2.429274016840031,-0.4239510285642281,3.489872868543865,16.774900892247327,-2.568277167098255,0.0,-0.6790967161958188,1.8414733502156997,0.0,3.3946347480259194,-0.1535265184780813,0.0,0.4707003605518461,10.407686018528118,13.908961276876969,61.000411987231324,74.9093732641083
1.8540000000000014,7.23,-2.5569168803198874,2.436248632567001,-0.39017887214185554,3.4847460155814405,16.997789917378135,-2.558804935223969,0.0,-0.6723046491066519,1.841162613392616,0.0,3.397431401456782,-0.1571594405425076,0.0,0.48634049808372265,10.513580821400698,13.911080261175162,60.9980464520088,74.90912671318397
1.8560000000000014,7.23,-2.557663092316104,2.44321301262005,-0.35595777478895296,3.4796367372619446,17.22383522515254,-2.550704760939145,0.0,-0.6655069966857649,1.8408449182693227,0.0,3.4002195408379747,-0.16048350085074214,0.0,0.5012989950679463,10.62119551104364,13.913601257191019,60.99528014935599,74.90888140654701
1.8580000000000014,7.23,-2.5583404079439944,2.4501671893955588,-0.32128146606794605,3.4745422762582847,17.452993723493982,-2.543989909162021,0.0,-0.6587037792761004,1.8405208906671007,0.0,3.402995818754953,-0.16349057637204537,0.0,0.515528489445374,10.730534645858846,13.91651559385883,60.992121706961306,74.90863730082013
1.8600000000000014,7.23,-2.558947910586121,2.457111189748522,-0.2861437676264573,3.4694598484125754,17.68521636426141,-2.538673941302923,0.0,-0.6518950241159907,1.8401911728108504,0.0,3.4057566857661588,-0.16617238674346124,0.0,0.5289792954917842,10.841601348810784,13.919814421286569,60.988579929941686,74.90839435122825
1.8620000000000014,7.23,-2.5594846713705746,2.4640450349383114,-0.2505386054424234,3.464386642170709,17.92044780866287,-2.534770687354521,0.0,-0.6450807657521835,1.8398564236423707,0.0,3.408498381392441,-0.16852049573411432,0.0,0.5415993313482403,10.954397186062893,13.923488708014135,60.984663803525166,74.9081525115393
1.8640000000000014,7.23,-2.559949749392444,2.4709687405733667,-0.21446002274782777,3.4593198180748934,18.158626083292376,-2.5322942158136708,0.0,-0.6382610464711455,1.8395173191302399,0.0,3.4112169248478645,-0.1705263131800614,0.0,0.553334046996485,11.068922039121833,13.927529238354792,60.98038249564967,74.90791173400446
1.8660000000000014,7.23,-2.5603421919618286,2.477882316554932,-0.1779021936493798,3.4542565083186267,18.39968222722722,-2.53125880130314,0.0,-0.6314359167491497,1.8391745525753223,0.0,3.4139081055179634,-0.17218109742636725,0.0,0.5641263530200388,11.185173970301785,13.931926609831288,60.97574535946646,74.90767196929775
1.8680000000000014,7.23,-2.5606610348798,2.484785767019969,-0.140859437463503,3.449193816368835,18.64353993071877,-2.531678889758978,0.0,-0.6246054357216667,1.838828834910859,0.0,3.4165674731933464,-0.17347595831487472,0.0,0.573916550527669,11.303149081333125,13.936671230719684,60.970761935735894,74.90743316645558
1.8700000000000014,7.23,-2.5609053027437665,2.491679090283385,-0.10332623378182701,3.4441288166601844,18.890115166113418,-2.5335690610477473,0.0,-0.6177696716725146,1.8384808949959972,0.0,3.41919032806846,-0.17440186075759098,0.0,0.5826422626529137,11.422841364954046,13.941753317714292,60.9654419551018,74.9071952728161
1.8720000000000014,7.23,-2.5610740092837063,2.498562278779729,-0.0652972382819937,3.4390585543668455,19.139315811752148,-2.53694398887602,0.0,-0.6109287025432375,1.8381314799015567,0.0,3.4217717105174197,-0.17494962893736604,0.0,0.5902383680835218,11.544242549341012,13.947162893728024,60.9597953402304,74.90695823395842
1.8740000000000014,7.23,-2.561166157730784,2.505435319004507,-0.02676729929697117,3.433980045257257,19.391041269718837,-2.5418183978543425,0.0,-0.6040826164631493,1.837781355186728,0.0,3.4243063906611817,-0.17510995117909914,0.0,0.5966369371164307,11.667341935254706,13.952889785843473,60.95383220779865,74.90672199364212
1.8760000000000014,7.23,-2.5611807412198697,2.512298191455304,0.012268524845798719,3.4288902756377255,19.64518207843666,-2.5482070175773543,0.0,-0.5972315123004326,1.8374313051653246,0.0,3.426788857742756,-0.17487338553616755,0.0,0.6017671707775244,11.792126225801871,13.958923623430799,60.94756287031622,74.90648649374702
1.8780000000000014,7.23,-2.5611167432275153,2.519150870572878,0.051814947706230845,3.4237862023909598,19.90161952125169,-2.5561245335831324,0.0,-0.5903755002346638,1.8370821331601024,0.0,3.429213309329887,-0.1742303661381997,0.0,0.6055553435910948,11.918579348741485,13.965253836449255,60.940997837764044,74.9062516742133
1.8800000000000014,7.23,-2.560973138046954,2.5259933246824366,0.09187643582764049,3.4186647531159218,20.160225232290276,-2.565585535056028,0.0,-0.583514702351088,1.8367346617435907,0.0,3.4315736403675636,-0.173171210347705,0.0,0.6079247506316182,12.046682271295522,13.97186965395055,60.934147819032205,74.90601747298275
1.8820000000000014,7.23,-2.5607488913016936,2.532825515935299,0.13245718904296566,3.4135228263756376,20.420860801034742,-2.5766044591409205,0.0,-0.5766492532569206,1.8363897329637513,0.0,3.4338634321057753,-0.1716861267741655,0.0,0.6087956595391741,12.1764128074608,13.978760102802699,60.92702372313778,74.90578382594047
1.8840000000000015,7.23,-2.5604429604992918,2.5396474002511664,0.17356111999018625,3.4083572920598777,20.683377377227604,-2.5891955317399376,0.0,-0.5697793007198871,1.8360482085527186,0.0,3.4360759409313166,-0.1697652241952577,0.0,0.6080852682303551,12.307745417859595,13.985914006654188,60.91963666020389,74.90555066685808
1.8860000000000015,7.23,-2.5600542956268875,2.54645892726124,0.21519183283935273,3.40316499186986,20.94761527788993,-2.6033727046690056,0.0,-0.5629050063291764,1.8357109701167396,0.0,3.4382040871359836,-0.16739852143576456,0.0,0.6057076690882284,12.440651002212629,13.993319985159273,60.911997942178814,74.90531792733809
1.8880000000000015,7.23,-2.559581839790061,2.553260040252436,0.2573526012373897,3.3979427399323816,21.21340359842186,-2.619149589057527,0.0,-0.5560265461788839,1.8353789193053665,0.0,3.4402404436572467,-0.16457595825529453,0.0,0.601573820467002,12.575096684569386,14.000966453486056,60.904119083274296,74.90508553676035
1.8900000000000015,7.23,-2.559024529896582,2.560050676112962,0.30004634548096604,3.392687323550996,21.480559829945296,-2.6365393848839496,0.0,-0.5491441115739759,1.8350529779578073,0.0,3.442177224831549,-0.16128740729636748,0.0,0.5955915264000831,12.711045591488016,14.008841622130019,60.8960118001001,74.90485342223012
1.8920000000000015,7.23,-2.558381297386568,2.566830765279546,0.3432756089322392,3.3873955041020625,21.748889485245282,-2.655554806548973,0.0,-0.5422579097586904,1.834734088224292,0.0,3.444006275204498,-0.15752268714451018,0.0,0.5876654254529687,12.848456623419665,14.016933497056417,60.88768801147222,74.90462150852863
1.8940000000000015,7.23,-2.5576510690105545,2.5736002316866005,0.38704253369719765,3.3820640180836907,22.01818573587174,-2.6762080044014986,0.0,-0.5353681646672221,1.8344232126601496,0.0,3.4457190584467385,-0.15327157655176127,0.0,0.5776969897146891,12.987284219621603,14.025229880196376,60.87915983787005,74.90438971806643
1.8960000000000015,7.23,-2.5568327676569256,2.5803589927176516,0.431348835591658,3.3766895783257334,22.28822906317126,-2.6985104821454997,0.0,-0.5284751176964301,1.8341213342902432,0.0,3.44730664642883,-0.14852382987448193,0.0,0.5655845349730987,13.127478116998853,14.033718370321631,60.87043960051771,74.90415797083935
1.8980000000000015,7.23,-2.5559253132300985,2.587106959159351,0.47619577842572186,3.3712688753691347,22.55878692623144,-2.722473010073186,0.0,-0.5215790285001829,1.833829456641264,0.0,3.4487597085133173,-0.14326919377530328,0.0,0.5512232431686214,13.268983103356309,14.042386364324456,60.861539820063875,74.90392618438833
1.9000000000000015,7.23,-2.554927623580791,2.5938440351584258,0.5215841476436808,3.365798579023018,22.829613449934588,-2.748105534087885,0.0,-0.5146801758048511,1.8335486037393252,0.0,3.4500685011271646,-0.13749742523767444,0.0,0.5345051982684639,13.411738765632371,14.051221058929595,60.85247321483313,74.90369427376272
1.9020000000000015,7.23,-2.553838615489619,2.6005701181819267,0.5675142233629622,3.360275340107951,23.100449136532358,-2.7754170805019625,0.0,-0.5077788582453213,1.833279820070167,0.0,3.451222857682826,-0.13119831093958004,0.0,0.5153194367473787,13.555679233780884,14.060209452866067,60.8432526986217,74.90346215148776
1.9040000000000015,7.23,-2.552657205705173,2.607285098981155,0.6139857528627477,3.3546957923938345,23.371020604365246,-2.804415656618427,0.0,-0.500875395220752,1.8330241704992218,0.0,3.452212178921558,-0.12436168803047376,0.0,0.493552013900647,13.700732921071019,14.069338349527284,60.833891378009525,74.90322972753681
1.9060000000000015,7.23,-2.5513823120376222,2.6139888615596676,0.6609979225803518,3.349056554740819,23.64104035755929,-2.835108147131851,0.0,-0.49397012776916077,1.8327827401486894,0.0,3.4530254237578615,-0.1169774663525697,0.0,0.46908608725023826,13.846822261684153,14.078594360148454,60.82440254916025,74.9029969093087
1.9080000000000015,7.23,-2.550012854508764,2.620681283145774,0.7085493296813161,3.3433542334515436,23.910206590733406,-2.8675002064139217,0.0,-0.48706341945974924,1.8325566342286885,0.0,3.45365110070948,-0.1090356521438525,0.0,0.4418020183332886,13.9938634466035,14.087963907530858,60.814799694079504,74.90276360161036
1.9100000000000015,7.23,-2.5485477565592958,2.627362234169956,0.7566379532774329,3.337585424842844,24.178203032941507,-2.901596146781221,0.0,-0.48015565730170445,1.832346977819498,0.0,3.454077260002713,-0.1005263732559106,0.0,0.41157749418370615,14.141766158914441,14.097433230342842,60.805096476302836,74.90252970664568
1.9120000000000015,7.23,-2.5469859463139373,2.6340315782476567,0.8052611253755435,3.3317467180448332,24.444698835251582,-2.9373988228789876,0.0,-0.4732472526680432,1.8321549156018166,0.0,3.454291486448395,-0.09143990591466808,0.0,0.3782876698306999,14.290433309763225,14.10698838802813,60.79530673598279,74.90229512401092
1.9140000000000015,7.23,-2.5453263579048473,2.6406891721679,0.8544155016489201,3.3258346980349605,24.709348506523682,-2.9749095123529052,0.0,-0.466338642232838,1.8319816115319485,0.0,3.454280893189056,-0.08176670304613112,0.0,0.3418053331405182,14.439760776355255,14.116615266351085,60.78544448434585,74.90205975069694
1.9160000000000015,7.23,-2.5435679328535925,2.647334865888223,0.9040970321323111,3.3198459489142595,24.97179190208857,-3.0141277930237678,0.0,-0.4594302889200014,1.8318282484587503,0.0,3.4540321164232184,-0.07149742418285265,0.0,0.3020010933204531,14.589637143514661,14.126299583610038,60.775523897489116,74.90182348109916
1.9180000000000015,7.23,-2.541709621511709,2.6539685025364044,0.9543009319512495,3.313777057432535,25.2316542701426,-3.0550514168244254,0.0,-0.45252268286154385,1.8316960276791816,0.0,3.4535313112176382,-0.06062296695911433,0.0,0.25874359438252525,14.739943450469847,14.136026897548298,60.76555930948714,74.90158620703544
1.9200000000000015,7.23,-2.5397503845596763,2.6605899184194994,1.0050216522059465,3.307624616768661,25.48854636075885,-3.097676180807209,0.0,-0.4456163423630288,1.831586168429274,0.0,3.4527641485231744,-0.049134500194636596,0.0,0.211899754830176,14.890552944677072,14.145782612992907,60.75556520477987,74.90134781777277
1.9220000000000015,7.23,-2.5376891945638547,2.667198943040696,1.0562528511399454,3.3013852305714972,25.74206460246389,-3.1419957955811935,0.0,-0.4387118148736856,1.831499907307355,0.0,3.4517158135142934,-0.03702349855722645,0.0,0.16133503478040517,15.041330844642927,14.155551990250117,60.745556209812776,74.9011082000629
1.9240000000000015,7.23,-2.5355250375906904,2.6737953991245167,1.1079873657336319,3.295055517266161,25.991791351340407,-3.188001751593374,0.0,-0.43180967795842384,1.8314384976263773,0.0,3.4503710053762635,-0.02428177878467591,0.0,0.10691373166682545,15.192134113856527,14.165320154286256,60.73554708390137,74.90086723818763
1.9260000000000015,7.23,-2.5332569148771817,2.680379102650899,1.1602171838725863,3.288632114629509,26.237295217581174,-3.23568318372432,0.0,-0.4249105402687131,1.8314032086922745,0.0,3.4487139386674524,-0.010901537434949149,0.0,0.04849930558260517,15.342811248090975,14.17507210472105,60.72555270929348,74.90062481401453
1.9280000000000015,7.23,-2.530883844556302,2.6869498628987043,1.2129334172505402,3.282111684637674,26.478131474336134,-3.2850267347285893,0.0,-0.41801504250905896,1.8313953250053245,0.0,3.4467283463870224,0.0031246098782942017,0.0,-0.014045264783217609,15.493202078480206,14.184792726659618,60.7155880804035,74.90038080706312
1.9300000000000015,7.23,-2.5284048634357412,2.6935074824991894,1.2661262751762559,3.2754909185873893,26.71384255355533,-3.336016418111912,0.0,-0.411123858395525,1.8314161453815987,0.0,3.4443974848803576,0.01780358782098674,0.0,-0.08085709479055317,15.643137592919082,14.194466802387563,60.70566829219479,74.90013509458235
1.9320000000000015,7.23,-2.5258190288279834,2.7000517574999994,1.3197850394628636,3.268766542491583,26.943958633331878,-3.3886334810999528,0.0,-0.4042376956024948,1.8314669819917107,0.0,3.441704140715821,0.03314181931476351,0.0,-0.15207297439821968,15.79243977846961,14.204079023951802,60.69580852768806,74.89988755163986
1.9340000000000015,7.23,-2.5231254204293654,2.706582477440222,1.373898040586944,3.2619353227483514,27.167998320984935,-3.4428562684179926,0.0,-0.3973572966935992,1.8315491593142337,0.0,3.438630639666669,0.04914518223888664,0.0,-0.22782891611729972,15.940921487581853,14.213614006647287,60.68602404457606,74.89963805122335
1.9360000000000015,7.23,-2.520323142245388,2.7130994254370546,1.4284526353128078,3.25499407208091,27.385469435789904,-3.498660087666309,0.0,-0.3904834400324634,1.8316640130013222,0.0,3.4351588579312793,0.06581896495866842,0.0,-0.30825967006450833,16.088386331052575,14.223056303427894,60.676330160926476,74.89938646435436
1.9380000000000015,7.23,-2.517411324559141,2.719602378284616,1.483435185984838,3.247939655744504,27.595869894854946,-3.5560170771401562,0.0,-0.38361694066866225,1.8318128886543217,0.0,3.431270235722748,0.08316782079765081,0.0,-0.39349820603641417,16.23462860074342,14.232390420256236,60.66674223995926,74.8991326602155
1.9400000000000015,7.23,-2.514389125939307,2.7260911065654367,1.5388310416972932,3.240768997994474,27.798688705159027,-3.6148960770082517,0.0,-0.37675865119402563,1.8319971405073747,0.0,3.426945793355724,0.10119572158799266,0.0,-0.48367516277506756,16.37943322516252,14.24160083240426,60.65727567388616,74.89887650629042
1.9420000000000015,7.23,-2.5112557352837643,2.7325653747751377,1.5946245215564414,3.2334790888077993,27.99340706420075,-3.6752625048258176,0.0,-0.36990946256416374,1.8322181300173315,0.0,3.4221661499536626,0.11990591045137779,0.0,-0.5789182648715944,16.522575761074286,14.250672001713141,60.647945866804754,74.8986178685179
1.9440000000000015,7.23,-2.5080103738943937,2.7390249414608014,1.650798900254166,3.22606699084843,28.179499571058376,-3.7370782364180846,0.0,-0.3630703048798664,1.8324772243585967,0.0,3.416911544893395,0.13930085398109457,0.0,-0.6793517080560231,16.66382242433854,14.259588394816625,60.63876821664294,74.89835661145956
1.9460000000000015,7.23,-2.504652297578241,2.7454695593735035,1.7073363961750618,3.218529846664569,28.356435548930154,-3.800301493226998,0.0,-0.356242148122778,1.8327757948218972,0.0,3.4111618620961552,0.159382194014612,0.0,-0.7850955139483814,16.802930163189835,14.26833450232795,60.62975809615384,74.8980925984818
1.9480000000000015,7.23,-2.5011807987697448,2.7518989756354624,1.7642181622603756,3.2108648861038565,28.523680479405737,-3.8648867372650795,0.0,-0.3494260028395658,1.8331152151163619,0.0,3.4048966572645747,0.18015069920479262,0.0,-0.8962648556965982,16.939646777146,14.276894858985855,60.620930832965826,74.89782569195168
1.9500000000000015,7.23,-2.497595208668296,2.758312931922223,1.8214242798517648,3.2030694339300494,28.680697547820635,-3.9307845748670855,0.0,-0.34262292076859135,1.8334968595747245,0.0,3.398095188153822,0.2016062166167812,0.0,-1.012969356299958,17.073711084679147,14.285254064750237,60.61230168869719,74.89755575344742
1.9520000000000015,7.23,-2.493894899384944,2.764711164660259,1.8789337557355767,3.1951409176223815,28.82694929806415,-3.9979416704679367,0.0,-0.33583399540294234,1.8339221012619606,0.0,3.3907364479517406,0.22374762359623765,0.0,-1.1353123618098688,17.20485314268887,14.293396806832074,60.60388583715054,74.89728264398262
1.9540000000000015,7.23,-2.490079286091632,2.771093405240339,1.9367245226040561,3.187076875336296,28.961899394154635,-4.066300671667304,0.0,-0.32906036248354703,1.8343923099881443,0.0,3.3827992018277815,0.2465727801727206,0.0,-1.2633901920097075,17.33279452068373,14.301307882637511,60.59569834160729,74.8970062242448
1.9560000000000015,7.23,-2.4861478291659203,2.7774593802469587,1.9947734431433906,3.1788749640016993,29.08501448476863,-4.135800146861219,0.0,-0.3223032004159846,1.8349088502268822,0.0,3.374262026693283,0.2700784822796575,0.0,-1.3972913716002822,17.45724863239921,14.30897222359927,60.587754131248516,74.89672635484779
1.9580000000000015,7.23,-2.4821000363237355,2.78380881170408,2.053056317949703,3.1705329675323095,29.19576616571839,-4.2063745367315875,0.0,-0.3155637306045417,1.8354730789412579,0.0,3.3651033541965765,0.29426041608881626,0.0,-1.5370958453510277,17.577921127356664,14.316374919862158,60.58006797673525,74.8964428965974
1.9600000000000015,7.23,-2.4779354647323024,2.7901414173373813,2.1115478974628483,3.162048805117097,29.293633034130433,-4.277954120882772,0.0,-0.30884321769704576,1.8360863433198134,0.0,3.3553015169554317,0.31911311377254686,0.0,-1.6828741811163108,17.694510344596367,14.323501245783586,60.572654464986734,74.89615571077032
1.9620000000000015,7.23,-2.473653723095041,2.796456910853143,2.170221898094101,3.153420539562244,29.37810282678949,-4.35046500089815,0.0,-0.3021429697340057,1.8367499784257648,0.0,3.344834798006321,0.3446299110209473,0.0,-1.8346867650556062,17.806707830495412,14.330336686202344,60.565527973203004,74.89586465940535
1.9640000000000015,7.23,-2.4692544736998796,2.802755002233842,2.2290510227074325,3.1446463856495313,29.448674633799776,-4.423829101060422,0.0,-0.2954643381956812,1.837465304763282,0.0,3.333681483425327,0.37080290665299454,0.0,-1.9925829938287387,17.91419892220908,14.336866963422455,60.558702642184095,74.89556960560655
1.9660000000000015,7.23,-2.464737434422135,2.8090353980504448,2.288006985595058,3.1357247184746257,29.50486117738547,-4.497964187932714,0.0,-0.2888087179407931,1.8382336257653813,0.0,3.3218199180490595,0.39762292467064064,0.0,-2.1566004689583242,18.016663397850262,14.34307806485175,60.5521923490058,74.89527041385755
1.9680000000000015,7.23,-2.4601023806728444,2.8152978017913317,2.3470605420662514,3.126654081726389,29.546191144330678,-4.572783909935734,0.0,-0.282177547030774,1.8390562252086644,0.0,3.3092285641959553,0.4250794791122457,0.0,-2.32676419895222,18.113776194046793,14.348956271227031,60.54601067911865,74.89496695034569
1.9700000000000015,7.23,-2.4553491472832243,2.821541914207679,2.406181522744112,3.1174331958661554,29.572211559254878,-4.648197857975712,0.0,-0.27557230643368663,1.83993436456087,0.0,3.2958860632590774,0.4531607420663732,0.0,-2.5030858151526654,18.2052081909929,14.354488185351318,60.54017089794429,74.89465908329561
1.9720000000000015,7.23,-2.4504776303157714,2.827767433675071,2.4653388726381045,3.108060966163898,29.58249018466362,-4.7241116480805445,0.0,-0.26899451960221216,1.8408692802679085,0.0,3.281771300011048,0.48185351520869196,0.0,-2.6855628076185467,18.290627064539585,14.359660761260676,60.53468592204988,74.89434668331056
1.9740000000000015,7.23,-2.4454877887924065,2.8339740565709977,2.5245006950308504,3.098536490546401,29.57661793251795,-4.80042702688418,0.0,-0.2624457519204761,1.8418621809878066,0.0,3.2668634694305014,0.5111432052229494,0.0,-2.8741777876433696,18.369698204254103,14.364461333731445,60.52956828998907,74.89402962372051
1.9760000000000015,7.23,-2.440379646330023,2.8401614776678263,2.583634300186028,3.0888590672110237,29.554211270959726,-4.877042000665316,0.0,-0.2559276100148876,1.8429142447796634,0.0,3.2511421458276217,0.5410138034617697,0.0,-3.068897783757731,18.442085695724373,14.368877648031841,60.52483013290382,74.89370778093567
1.9780000000000015,7.23,-2.435153292673817,2.8463293905407263,2.6427062588504775,3.079028201957353,29.51491460883015,-4.953850988492018,0.0,-0.24944174092463528,1.8440266162564716,0.0,3.234587354014267,0.5714478701940311,0.0,-3.26967357825272,18.5074533646959,14.372897889814611,60.520483144988944,74.89338103480355
1.9800000000000015,7.23,-2.429808885118869,2.8524774879899324,2.701682460488009,3.0690436151881344,29.458402639755665,-5.030744999853897,0.0,-0.2429898311280384,1.8452004037112892,0.0,3.2171796422324355,0.6024265237724717,0.0,-3.476439091381288,18.565465879913802,14.376510715042153,60.51653855392643,74.89304926896858
1.9820000000000015,7.23,-2.424346649810605,2.8586054624766395,2.7605281761452116,3.058905248530271,29.38438262686363,-5.107611836974202,0.0,-0.23657360542154593,1.846436676226939,0.0,3.198900156523459,0.6339294350380633,0.0,-3.6891108204422234,18.61578991080677,14.379705279828709,60.51300709140335,74.89271237123207
1.9840000000000015,7.23,-2.4187668829150084,2.8647130065717192,2.8192081258111226,3.0486132710265124,29.292596608658954,-5.18433632179125,0.0,-0.23019482564884863,1.8477364607799949,0.0,3.179730716190157,0.6659348272563261,0.0,-3.907587340918581,18.658095335404457,14.382471270079321,60.50989896383146,74.89237023391078
1.9860000000000015,7.23,-2.4130699516497582,2.8707998134163484,2.8776865500933164,3.0381680848486843,29.1828235062575,-5.260800547379626,0.0,-0.22385528927828047,1.849100739350408,0.0,3.1596538899753233,0.6984194818551475,0.0,-4.131748876723397,18.692056493131794,14.38479893080039,60.50722382339245,74.89202275419284
1.9880000000000015,7.23,-2.407256295167882,2.8768655771935445,2.9359272859932046,3.0275703304839965,29.05488111205592,-5.336884153352445,0.0,-0.21755682782749097,1.850530446048606,0.0,3.1386530725531503,0.7313587502037612,0.0,-4.36145694639531,18.717353476386315,14.38667909495257,60.50499073953544,74.891669834488
1.9900000000000015,7.23,-2.4013264252859674,2.8829099936095095,2.9938938465235707,3.0168208913471286,28.908627940031003,-5.412464624545237,0.0,-0.21130130513516998,1.852026464272364,0.0,3.116712560905703,0.7647265716386462,0.0,-4.596554091782664,18.733673454086567,14.388103211713647,60.50320817105771,74.89131138277135
1.9920000000000015,7.23,-2.395280927049539,2.8889327603835824,3.0515495038720752,3.0059208977724334,28.74396491822372,-5.487417612034925,0.0,-0.20509061548051433,1.8535896239061205,0.0,3.0938176301349443,0.7984954979040703,0.0,-4.836863695352917,18.740712019694197,14.38906337401615,60.50188393890167,74.89094731291782
1.9940000000000015,7.23,-2.38912045912884,2.894933577745522,3.108857375776143,2.994871730342742,28.56083690457961,-5.561617275296772,0.0,-0.1989266815520218,1.8552206985756938,0.0,3.069954608242595,0.8326367241333499,0.0,-5.082189891765627,18.738174555571355,14.38955234522309,60.50102519980241,74.89057754502551
1.9960000000000016,7.23,-2.3828457540389567,2.90091214893875,3.16578051473783,2.9836750225139026,28.359234008194623,-5.634936644049605,0.0,-0.19281145226815977,1.8569204029715745,0.0,3.045110949395596,0.8671201264517583,0.0,-5.3323175787519315,18.72577760495043,14.389563584805025,60.50063842092119,74.89020200572622
1.9980000000000016,7.23,-2.3764576181790127,2.9068681807281056,3.222281999672456,2.9723326624973345,28.139192699156407,-5.707247998091361,0.0,-0.18674690045342812,1.858689390254065,0.0,3.0192753051845713,0.9019143062338388,0.0,-5.5870125316544765,18.70325024227695,14.389091272881478,60.50072935559909,74.88982062848056
2.0000000000000013,7.23,-2.3699569316859908,2.9128013839105944,3.278325029552527,2.9608467943665144,27.900796691568665,-5.778423263183543,0.0,-0.18073502037432498,1.8605282495535924,0.0,2.992437593376825,0.9369866409970994,0.0,-5.846021625203724,18.670335432250482,14.388130333491429,60.50130302036483,74.88943335385626
2.002000000000001,7.23,-2.363344648099663,2.91871147382755,3.3338730185792587,2.9492198183574363,27.644177585997344,-5.8483344208127646,0.0,-0.17477782514073337,1.8624375035793692,0.0,2.9645890636645147,0.9723033418611855,0.0,-6.109073165245921,18.626791367544314,14.3866764564608,60.50236367332644,74.88904012978725
2.004000000000001,7.23,-2.3566217938360556,2.9245981708765694,3.3888896923883363,2.9374543903376407,27.369515259461267,-5.916853929438722,0.0,-0.16887734397922516,1.8644176063494515,0.0,2.9357223599125772,1.0078295174473118,0.0,-6.3758773322038005,18.572392774940724,14.384726117737621,60.50391479407446,74.88864091181208
2.0060000000000007,7.23,-2.3497894674679,2.9304612010215347,3.4433391847748545,2.925553420423401,27.07703799319677,-5.98385515464042,0.0,-0.16303561938577693,1.8664689410548734,0.0,2.905831578420492,1.0435292440374377,0.0,-6.646126737052267,18.506932179486064,14.382276598071645,60.50595906521817,74.88823566328982
2.0080000000000005,7.23,-2.342848838811552,2.9363002962990086,3.4971861344051245,2.9135200707300086,26.76702233072136,-6.04921280539439,0.0,-0.15725470416633813,1.8685918180701793,0.0,2.8749123217265318,1.0793656417572954,0.0,-6.919497089541459,18.430221116253314,14.3793259999199,60.50849835567158,74.88782435559148
2.0100000000000002,7.23,-2.3358011478209595,2.942115195319251,3.550395780970512,2.901357752245784,26.4397926611912,-6.112803373569336,0.0,-0.1515366583746317,1.870786473122093,0.0,2.8429617475035105,1.115300956492335,0.0,-7.195647977310112,18.342091279408177,14.375873262468296,60.51153370579779,74.88740696826608
2.012,7.23,-2.3286477032903363,2.9479056437601066,3.6029340602310427,2.8890701208264002,26.09572052564365,-6.174505573598764,0.0,-0.1458835461574195,1.8730530656274713,0.0,2.809978612120347,1.1512966471921104,0.0,-7.474223753420659,18.2423955985076,14.371918174666327,60.515065314513244,74.88698348917957
2.014,7.23,-2.321389881368322,2.953671394852004,3.6547676973943912,2.8766610723122836,25.735223646416408,-6.2342007792043255,0.0,-0.14029743251831306,1.8753916772109274,0.0,2.775963308474588,1.1873134781667498,0.0,-7.75485452872628,18.131009232322388,14.367461386181905,60.51909252844344,74.88655391462534
2.0159999999999996,7.23,-2.3140291238875084,2.9594122098523155,3.705864298279183,2.864134736778159,25.35876468279216,-6.291773453987835,0.0,-0.13478038001194648,1.8778023104116635,0.0,2.7409178977367743,1.2233116159302313,0.0,-8.037157264369219,18.00783047096571,14.362504416193604,60.52361383321237,74.88611824940598
2.0179999999999993,7.23,-2.3065669365143098,2.9651278585073655,3.756192437720438,2.8514954719302086,24.966849718693403,-6.347111572691205,0.0,-0.12933444538101835,1.8802848875881355,0.0,2.7048461346877852,1.2592507300994877,0.0,-8.3207369586233,17.872781537722762,14.357049659948103,60.52862684693656,74.88567650688466
2.019999999999999,7.23,-2.299004886725218,2.9708181195003958,3.8057217446893694,2.838747855672693,24.560026491004137,-6.400107029943967,0.0,-0.1239616761492911,1.8828392500281224,0.0,2.6677534863750765,1.2950900978169444,0.0,-8.605187921251467,17.72580928271147,14.351100393023264,60.53412831598291,74.88522870900617
2.021999999999999,7.23,-2.2913446016165318,2.976482780883856,3.8544229836196244,2.825896677872193,24.13888236977898,-6.450656033376019,0.0,-0.11866410718415188,1.8854651572706924,0.0,2.6296471438620443,1.330788711127148,0.0,-8.890095127564924,17.566885761348622,14.34466077324924,60.540114113037674,74.88477488628692
2.0239999999999987,7.23,-2.283587765555629,2.982121640494451,3.9022681314571552,2.8129469313537916,23.704042104174448,-6.498659478070617,0.0,-0.11344375724272682,1.8881622866453787,0.0,2.5905360268964293,1.3663053867067243,0.0,-9.175035643463868,17.396008691542868,14.337735840253416,60.54657923752042,74.88431507777383
2.0259999999999985,7.23,-2.2757361176827993,2.987734506349442,3.9492304499810373,2.7999038021694256,23.256165350360916,-6.544023299468388,0.0,-0.10830262551583814,1.8909302330326396,0.0,2.5504307813779583,1.401598877321108,0.0,-9.459580111923003,17.213201784572977,14.330331512608609,60.55351781836369,74.8838493309723
2.0279999999999982,7.23,-2.267791449273513,2.993321197022797,3.9952845529773384,2.786772659184255,22.7959439999051,-6.58665880200459,0.0,-0.10324268818428595,1.893768508848428,0.0,2.5093437695615584,1.4366279843618646,0.0,-9.74329429067296,17.01851494572202,14.322454582577453,60.56092311916574,74.8833777017432
2.029999999999998,7.23,-2.2597556009718076,2.9988815419998742,4.040406467887161,2.773559043032136,22.32409932912211,-6.6264829609693905,0.0,-0.09826589500198979,1.896676544254358,0.0,2.467289052990006,1.4713516708054437,0.0,-10.025740630234315,16.81202434191216,14.314112708460492,60.56878754570947,74.88290025416995
2.031999999999998,7.23,-2.25163045990619,3.0044153820094293,4.084573691592783,2.7602686544960586,21.84137899164482,-6.663418695319379,0.0,-0.09337416592049608,1.8996536875936634,0.0,2.4242823682076655,1.505729173927749,0.0,-10.306479880991944,16.59383233480122,14.305314404568792,60.57710265582702,74.88241706039581
2.0339999999999976,7.23,-2.243417956700074,3.0099225693318608,4.127765240051826,2.7469073423737056,21.348553877925998,-6.697395109436388,0.0,-0.08856938776918721,1.9026992060517771,0.0,2.380341095364831,1.5397201171093882,0.0,-10.585072717663975,16.364067279047326,14.296069028856753,60.585859171575876,74.88192820043263
2.0359999999999974,7.23,-2.2351200623893037,3.0154029680827232,4.169961691538028,2.733481090891993,20.846414866548887,-6.72834770212192,0.0,-0.08385341100525301,1.9058122865390694,0.0,2.335484219878695,1.5732846200737578,0.0,-10.861081369326048,16.122883186699102,14.28638676826346,60.59504699367891,74.88143376194238
2.037999999999997,7.23,-2.2267387852597573,3.0208564544706746,4.211145223297849,2.7199960067375786,20.335769493063207,-6.756218541428815,0.0,-0.0792280465471018,1.908992036791954,0.0,2.2897322873719985,1.606383406914042,0.0,-11.134071243100301,15.870459259911318,14.276278621824833,60.60465521816746,74.8809338399923
2.039999999999997,7.23,-2.218276167618336,3.0262829170291585,4.251299641484113,2.706458305772789,19.817438562573788,-6.780956404260464,0.0,-0.0746950627043903,1.9122374866873137,0.0,2.2431073521629736,1.63897791128573,0.0,-11.40361252971143,15.606999295400588,14.265756381631437,60.61467215515412,74.88042853678556
2.0419999999999967,7.23,-2.209734282510889,3.0316822568212616,4.290410404280624,2.6928742995082127,19.292252732485274,-6.802516880007568,0.0,-0.07025618221725205,1.9155475897639853,0.0,2.19563291962947,1.6710303781678975,0.0,-11.66928177934519,15.332730965222664,14.254832611718529,60.625085349650405,74.87991796136893
2.0439999999999965,7.23,-2.2011152304007293,3.0370543876173355,4.328464638184341,2.679250381404336,18.761049091655007,-6.820862437838603,0.0,-0.06591307941662061,1.9189212249438528,0.0,2.147333882816084,1.7025039616289037,0.0,-11.930663436614406,15.047904979560522,14.243520624986761,60.63588160433255,74.87940222931931
2.0459999999999963,7.23,-2.1924211358214154,3.0423992360451098,4.365451147463837,2.665593013074999,18.22466776172827,-6.835962457605662,0.0,-0.06166737751675255,1.9223571984440455,0.0,2.0982364536943505,1.733362818069935,0.0,-12.1873513239363,14.752794138238814,14.231834458261577,60.6470470041493,74.87888146241087
2.047999999999996,7.23,-2.1836541440173876,3.047716741712174,4.401360416863531,2.6519087104652037,17.683948545652505,-6.847793224669789,0.0,-0.05752064605020679,1.9258542458706884,0.0,2.0483680895231084,1.7635721944622134,0.0,-12.438950063243366,14.447692278619156,14.219788845609763,60.6585669426554,74.87835578826517
2.049999999999996,7.23,-2.1748164175858524,3.0530068573008524,4.436184607672199,2.6382040300748444,17.139727647295597,-6.856337889281883,0.0,-0.053474398454603556,1.9294110344837603,0.0,1.9977574147875816,1.793098511140249,0.0,-12.685076426677039,14.132913128362466,14.207399190038716,60.670426149947104,74.87782533998582
2.0519999999999956,7.23,-2.165910133133036,3.0582695486356255,4.469917547320798,2.624485555298355,16.592834484766605,-6.861586391473854,0.0,-0.04953008981950924,1.933026165621761,0.0,1.9464341392223072,1.8219094387634296,0.0,-12.92536060773587,13.808789072266855,14.194681533712636,60.6826087220678,74.87729025578044
2.0539999999999954,7.23,-2.1569374779575385,3.063504794723408,4.502554712718322,2.6107598829480403,16.044088618469722,-6.863535352714372,0.0,-0.04568911480075122,1.9366981772741974,0.0,1.8944289724435468,1.849973969110938,0.0,-13.159447405254362,13.475669842987912,14.181652526824742,60.69509815174696,74.87675067857171
2.055999999999995,7.23,-2.147900646773077,3.0687125877671098,4.534093207574728,2.5970336100260796,15.494296813160696,-6.862187935861487,0.0,-0.04195280570841087,1.9404255467892508,0.0,1.8417735357320062,1.8772624794295583,0.0,-13.386997313558387,13.133921145922779,14.168329395270069,60.707877360329604,74.87620675559967
2.057999999999995,7.23,-2.138801838482357,3.0738929331530414,4.564531733996606,2.583313320806858,14.944250251337671,-6.857553675196156,0.0,-0.03832243077364228,1.9442066937035065,0.0,1.7885002715160039,1.9037467901098186,0.0,-13.60768751316371,12.783923228883983,14.154729907267201,60.72092873075073,74.87565863801792
2.0599999999999947,7.23,-2.129643253013221,3.079045849412842,4.593870558673887,2.569605574287498,14.394721913234733,-6.849648278544693,0.0,-0.034799192598361506,1.9480399826802175,0.0,1.7346423511088298,1.9294002155223131,0.0,-13.821212757438987,12.426069407403388,14.140872339079475,60.73423414140591,74.87510648048539
2.0619999999999945,7.23,-2.120427088227544,3.084171368160724,4.62211147400424,2.5559168920602384,13.846464136522323,-6.838493403690471,0.0,-0.03138422679075181,1.9519237265423142,0.0,1.6802335812522493,1.954197607902102,0.0,-14.027286151726196,12.060764556593252,14.126775439987302,60.7477750007688,74.8745504407561
2.0639999999999943,7.23,-2.111155536912633,3.089269534006924,4.6492577545258635,2.5422537466557427,13.300206366599033,-6.8241164114369255,0.0,-0.02807860078841562,1.9558561893861703,0.0,1.6253083100110688,1.9781153942245466,0.0,-14.225639822487226,11.68842358045381,14.112458396664163,60.761532282604925,74.87399067926908
2.065999999999994,7.23,-2.1018307838641337,3.094340404448347,4.675314109048828,2.5286225504015705,12.756653106109255,-6.806550097810318,0.0,-0.024883312869948826,1.9598355897621178,0.0,1.5699013325514404,2.001131606069508,0.0,-14.416025475105616,11.309469869358368,14.09794079710678,60.7754865616334,74.87342735874017
2.067999999999994,7.23,-2.0924550030686353,3.0993840497374814,4.700286628890206,2.515029644834955,12.216482070086945,-6.785832407985539,0.0,-0.021799291354640316,1.96386010390771,0.0,1.5140477973190227,2.0232259025226798,0.0,-14.598214840007921,10.924333756178818,14.083242594268693,60.789618049489206,74.8728606437579
2.0699999999999936,7.23,-2.0830303549933573,3.104400552730715,4.724182732628798,2.5014812907038104,11.6803425509262,-6.762006134578437,0.0,-0.018827393989006014,1.9679278690199071,0.0,1.4577831131120558,2.044379586211784,0.0,-14.772000007762731,10.533450981141252,14.068384069542912,60.80390663084208,74.872290700385
2.0719999999999934,7.23,-2.0735589839894546,3.1093900087172717,4.747011107801533,2.487983658584562,11.148853995253925,-6.7351186029762165,0.0,-0.015968407517885752,1.9720369865525895,0.0,1.401142857519744,2.0645756126214163,0.0,-14.937193654758387,10.137261175036341,14.053385796235592,60.818331899532055,74.87171769576764
2.073999999999993,7.23,-2.0640430158146352,3.1143525252300166,4.768781649965703,2.4745428201400537,10.622604792749025,-6.7052213463744526,0.0,-0.013223047436933477,1.9761855255261294,0.0,1.344162687168358,2.0837985928727747,0.0,-15.093629161940354,9.736206369861547,14.038268603167454,60.832873194586185,74.87114179775364
2.075999999999993,7.23,-2.054484555279937,3.1192882218394344,4.789505399549389,2.461164740035477,10.102151275038644,-6.672369773156367,0.0,-0.01059195792246237,1.9803715258361705,0.0,1.2868782501866216,2.1020347901933762,0.0,-15.241160629900062,9.33072954535385,14.023053538534556,60.84750963598653,74.8705631745211
2.0779999999999927,7.23,-2.044885684024664,3.1241972299321095,4.8091944769068355,2.447855268525047,9.588016921026757,-6.63662282918955,0.0,-0.008075711933822727,1.9845930015492628,0.0,1.2293251012687656,2.1192721103365293,0.0,-15.3796627943394,8.921273219194338,14.00776183415281,60.86222016006626,74.86998199421907
2.0799999999999925,7.23,-2.0352484584226676,3.1290796924750532,4.827862015986658,2.4346201347170866,9.08069176338946,-6.598042657530763,0.0,-0.005674811482771158,1.988847944173516,0.0,1.1715386196789779,2.135500086240942,0.0,-15.509030846585695,8.50827808794464,13.992414870204957,60.87698355441641,74.86939842462137
2.0819999999999923,7.23,-2.0255749076223504,3.133935763767247,4.845522097008701,2.421464940520295,8.58063198951087,-6.556694257921304,0.0,-0.003389688063632934,1.9931343258930803,0.0,1.113553930504584,2.1507098572471066,0.0,-15.629180164396397,8.092181725016504,13.977034140600047,60.89177849219412,74.86881263279417
2.083999999999992,7.23,-2.0158670317219842,3.1387656091797544,4.862189678530618,2.408395155269351,8.088259728848138,-6.512645148328634,0.0,-0.0012207032374814686,1.9974501027558982,0.0,1.0554058294284774,2.164894143209124,0.0,-15.740045958769633,7.673417341197418,13.96164121904852,60.90658356573043,74.86822478477895
2.085999999999992,7.23,-2.0061268000812027,3.1435694048857616,4.877880529268085,2.395416111023613,7.603963017606164,-6.4659650306466805,0.0,0.0008318506369401346,2.0017932178048694,0.0,0.9971287112540466,2.178047213858294,0.0,-15.841582842865192,7.252412612465109,13.946257725947598,60.92137731934341,74.86763504529101
2.0879999999999916,7.23,-1.9963561497688116,3.1483473375818773,4.892611160013347,2.382532998528614,7.128095930669476,-6.416725462509923,0.0,0.0027677495332640856,2.006161604143304,0.0,0.9387565023786218,2.190164853788301,0.0,-15.933764329441857,6.82958857903301,13.930905296163314,60.9361382812712,74.86704357743452
2.0899999999999914,7.23,-1.98655698414639,3.1530996042020107,4.906398755975931,2.369750863826318,6.660978869985718,-6.3649995370091235,0.0,0.004586836756573454,2.010553187926283,0.0,0.8803225973748883,2.2012443234413013,0.0,-16.01658226343372,6.405358618788744,13.915605547787127,60.950844994647234,74.86645054243436
2.091999999999991,7.23,-1.9767311715865359,3.1578264116251002,4.9192611098471,2.357074605496681,6.202898998012507,-6.310861571921535,0.0,0.006289021819848806,2.0149658912703132,0.0,0.8218597998038958,2.211284316479712,0.0,-16.090046196422794,5.98012749752562,13.900380051936526,60.965476047448846,74.86585609938537
2.093999999999991,7.23,-1.966880544324026,3.1625279763779433,4.931216555866448,2.344508972510033,5.754110804421552,-6.254386809888624,0.0,0.00787427920635142,2.0193976350744327,0.0,0.7634002673487883,2.2202849139305236,0.0,-16.154182709823953,5.554290497632356,13.885250303660754,60.9800101013582,74.86526040501894
2.0959999999999908,7.23,-1.9570068974376242,3.1672045243343203,4.942283905145104,2.3320585626670964,5.314836793994629,-6.19565113079246,0.0,0.009342647026640782,2.023846341746695,0.0,0.7049754613252465,2.2282475354873545,0.0,-16.20903469358365,5.128232626204517,13.870237694004203,60.99442591948325,74.86466361348745
2.0979999999999905,7.23,-1.9471119879597945,3.171856290411567,4.952482382475756,2.3197278216011488,4.885268283530409,-6.134730777400432,0.0,0.010694225579010785,2.0283099378307408,0.0,0.6466161005932773,2.235174888350863,0.0,-16.25466058711404,4.702327902879087,13.855363483271667,61.00870239289442,74.86406587616608
2.0999999999999903,7.23,-1.9371975341111325,3.1764835182656883,4.961831564835344,2.307521042314875,4.4655662956040905,-6.071702095169283,0.0,0.011929175822147142,2.0327863565278896,0.0,0.5883521198656483,2.2410709139806833,0.0,-16.29113358904443,4.276938727076521,13.840648775532252,61.022818565940284,74.86346734147253
2.10199999999999,7.23,-1.927265214655947,3.181086459986061,4.970351321762087,2.2954423652228377,4.05586253716251,-6.0066412869247925,0.0,0.01304771776877467,2.0372735401109585,0.0,0.530212632380818,2.2459407331219983,0.0,-16.318540842178614,3.852415323764211,13.826114494390403,61.036753660313366,74.86286815470376
2.10399999999999,7.23,-1.9173166683750784,3.185665375790694,4.978061757764688,2.2834957786692445,3.656260451191333,-5.939624182965809,0.0,0.014050128808965612,2.0417694422266974,0.0,0.4722258968831212,2.2497905894576116,0.0,-16.33698259980672,3.429095266336577,13.811781360045359,61.050487097844744,74.86226845789011
2.1059999999999897,7.23,-1.9073534936517524,3.190220533722982,4.984983156898389,2.271685119889747,3.266836330038561,-5.870726026981259,0.0,0.014936741971651624,2.046272030084433,0.0,0.41441928883012685,2.252627792222222,0.0,-16.346571379241098,3.0073030747405927,13.797669867653536,61.06399852201238,74.86166838966592
2.1079999999999894,7.23,-1.8973772481660205,3.194752209350794,4.991135929620128,2.260014076385385,2.887640479408042,-5.800021278017447,0.0,0.015707944132693274,2.050779286529177,0.0,0.3568192757264244,2.2544606580997804,0.0,-16.347431108132586,2.5873498865613485,13.783800267001173,61.077267818155704,74.86106808515687
2.109999999999989,7.23,-1.887389448693132,3.1992606854686985,4.996540562013557,2.248486187676451,2.5186984225383693,-5.727583428592657,0.0,0.016364174177645685,2.0552892119980584,0.0,0.2994513964650739,2.255298452707697,0.0,-16.339696268784696,2.169533198423604,13.770192543488774,61.09027513239391,74.86046767588269
2.111999999999989,7.23,-1.8773915710010278,3.203746251804048,5.001217567454265,2.2371048474040003,2.1600121346349894,-5.653484838925076,0.0,0.01690592112710343,2.0597998263595576,0.0,0.24234024454173914,2.255151331953516,0.0,-16.323511045323517,1.7541366747555462,13.756866400422759,61.10300088925274,74.85986728967549
2.1139999999999888,7.23,-1.867385049842018,3.208209204727588,5.005187440766299,2.2258733057469096,1.8115612982272389,-5.577796587122442,0.0,0.017333722232223625,2.064309170635542,0.0,0.185509454993256,2.254030283530704,0.0,-16.29902847820712,1.3414300207074277,13.743841242604617,61.115425808008276,74.85926705061289
2.1159999999999886,7.23,-1.8573712790336265,3.2126498469691867,5.008470614902998,2.2147946721228005,1.4733045707504018,-5.500588335073499,0.0,0.01764816104771738,2.0688153086066463,0.0,0.12898169490055106,2.251947068800775,0.0,-16.266409630175346,0.9316689158080178,13.731136161202453,61.12753091776257,74.85866707896503
2.1179999999999883,7.23,-1.8473516116235358,3.2170684873392297,5.011087420168462,2.2038719181417696,1.1451808563110337,-5.421928209687242,0.0,0.01784986548926948,2.0733163283019835,0.0,0.07277865728684779,2.2489141652891886,0.0,-16.2258227673538,0.5250950047844637,13.718769919885744,61.13929757126927,74.85806749115501
2.119999999999988,7.23,-1.8373273601335438,3.221465440456145,5.0130580459805225,2.193107880782651,0.8271105742553271,-5.34188269904091,0.0,0.017939505882008766,2.0778103433746473,0.0,0.016921058234389386,2.2449447100027307,0.0,-16.177442558840305,0.12193594185279204,13.70676094220006,61.15070745753255,74.85746839973261
2.121999999999988,7.23,-1.8272997968774662,3.225841026480481,5.014402505162006,2.1825052657624937,0.5189969178352387,-5.260516562926978,0.0,0.017917793006272276,2.0822954943648186,0.0,-0.03857136296216257,2.240052443756227,0.0,-16.121449297719415,-0.2775945152854227,13.695127300154166,61.161742613205284,74.85686991335945
2.1239999999999877,7.23,-1.8172701543479464,3.2301955708558894,5.015140600734329,2.1720666510710176,0.22072709692697862,-5.177892757227179,0.0,0.017785476146564783,2.086769949852682,0.0,-0.09367984079147368,2.2342516566772037,0.0,-16.05802814607891,-0.6732963655432183,13.683886703989835,61.17238543281627,74.8562721368061
2.1259999999999875,7.23,-1.8072396256672068,3.2345294040573265,5.015291895176039,2.1617944906430124,-0.06782644058640226,-5.094072371492135,0.0,0.01754334114921452,2.0912319075036474,0.0,-0.14838657785806736,2.227557135037963,0.0,-15.987368406239064,-1.0649831824482334,13.673056493100676,61.182618677858684,74.85567517095936
2.1279999999999872,7.23,-1.7972093650968572,3.238842861346708,5.014875682098766,2.1516911181429164,-0.34680481352447706,-5.009114579064181,0.0,0.01719220849388059,2.095679595008684,0.0,-0.20267473674008615,2.219984109546344,0.0,-15.909662820059538,-1.452481893817713,13.66265362806511,61.192425484775015,74.85507911284013
2.129999999999987,7.23,-1.7871804886019806,3.2431362825362298,5.013910960284167,2.1417587508371843,-0.6163615423491358,-4.923076599051349,0.0,0.01673293138365417,2.100111270922782,0.0,-0.2565284295595768,2.2115482052084205,0.0,-15.825106897855008,-1.8356325268237086,13.652694683755335,61.20178937187465,74.85448405563
2.131999999999987,7.23,-1.7771540744648353,3.2474100117594986,5.012416410017746,2.131999493531449,-0.8766614178897065,-4.836013669437745,0.0,0.016166393858157768,2.104525225404791,0.0,-0.3099327054508836,2.202265392859708,0.0,-15.733898278139316,-2.21428792208395,13.643195843483467,61.210694245223166,74.85389008870663
2.1339999999999866,7.23,-1.7671311639436529,3.2516643972505865,5.010410371648901,2.122415342550933,-1.1278794068495135,-4.747979030602431,0.0,0.015493508933655642,2.1089197808620663,0.0,-0.3628735361094798,2.192151942445125,0.0,-15.63623611912189,-2.5883134203096247,13.634172894144161,61.219124403543034,74.85329729768719
2.1359999999999864,7.23,-1.7571127619721518,3.2558997911310708,5.0079108263010745,2.1130081897440247,-1.3701995965646259,-4.659023918512763,0.0,0.014715216773840023,2.1132932925034704,0.0,-0.41533779959946227,2.1812243781128196,0.0,-15.532320522606781,-2.957586524919811,13.625641222312167,61.22706454216656,74.85270576447873
2.137999999999986,7.23,-1.7470998378955478,3.26011654920509,5.004935378651448,2.103779826490404,-1.603814180994923,-4.569197566858536,0.0,0.013832482894596598,2.117644148804418,0.0,-0.4673132625931342,2.1694994351726,0.0,-15.422351990690442,-3.321996543896723,13.617615811252424,61.23449975608269,74.85211556733512
2.139999999999986,7.23,-1.7370933262390043,3.264315030762404,5.001501241696115,2.0947319476965682,-1.828922489472858,-4.478547217399499,0.0,0.01284629640572088,2.121970771887747,0.0,-0.5187885612106018,2.1569940189564063,0.0,-15.306530915422012,-3.681444214008212,13.610111238800087,61.24141554212021,74.8515267809203
2.1419999999999857,7.23,-1.7270941275046408,3.268495598389422,4.997625223414052,2.085866155763045,-2.0457300593111336,-4.38711813781144,0.0,0.011757668292220913,2.126271617824216,0.0,-0.5697531806208262,2.1437251656058818,0.0,-15.185057101378161,-4.035841310363975,13.603141676067352,61.247797800309,74.85093947637635
2.1439999999999855,7.23,-1.7171031089933861,3.272658617788124,4.993323715241382,2.0771839645089982,-2.254447752991051,-4.2949536463311215,0.0,0.010567629737525452,2.13054517685653,0.0,-0.6201974335594348,2.1297100048006388,0.0,-15.058129320912995,-4.3851102441106935,13.596720886934168,61.25363283446242,74.85035372139659
2.1459999999999853,7.23,-1.7071211056481492,3.276804457602775,4.988612682266356,2.068686803041314,-2.455290920299103,-4.202095142521631,0.0,0.009277230490618904,2.1347899735507596,0.0,-0.67011243791108,2.114965724430462,0.0,-14.9259449016734,-4.729183650898299,13.590862228280233,61.25890735202252,74.84976958030275
2.147999999999985,7.23,-1.697148920914953,3.2809334892543167,4.983507655055039,2.060376019556583,-2.6484786054679406,-4.108582143502429,0.0,0.007887537278827739,2.1390045668790467,0.0,-0.7194900934973005,2.099509537205105,0.0,-14.788699345818275,-5.0680039725805655,13.585578650915759,61.263608463210005,74.84918711412577
2.149999999999985,7.23,-1.687187327618862,3.2850460867822844,4.978023723017881,2.052252885065683,-2.8342327990948557,-4.014452325014971,0.0,0.006399632267715116,2.143187550237455,0.0,-0.7683230582030208,2.0833586491868346,0.0,-14.646585980248298,-5.401523034437779,13.580882701169418,61.267723679520294,74.84860638068972
2.1519999999999846,7.23,-1.677237068851709,3.2891426266940886,4.972175529228058,2.044318597031902,-3.0127777343618924,-3.9197415667228905,0.0,0.004814611569280536,2.147337551402786,0.0,-0.816604723567467,2.0665302302231483,0.0,-14.499795637038156,-5.729701620038597,13.576786523092382,61.2712409116059,74.84802743469828
2.1539999999999844,7.23,-1.6672988588688087,3.2932234878214808,4.965977266603627,2.036574282914699,-3.184339226864957,-3.824484001175273,0.0,0.0031335837994124205,2.1514532324321465,0.0,-0.8643291899576003,2.04904138625029,0.0,-14.348516363165894,-6.052509045687801,13.573301861238342,61.2741484665853,74.84745032782365
2.155999999999984,7.23,-1.657373383992013,3.2972890511840043,4.959442675367151,2.02902100361233,-3.349144057166947,-3.728712065893476,0.0,0.001357668685320057,2.1555332895089507,0.0,-0.9114912414344225,2.030909133432151,0.0,-14.192933158552512,-6.369922736238953,13.570440063980136,61.276435044816495,74.84687510879664
2.157999999999984,7.23,-1.6474613035166423,3.3013396998592275,4.952585041698342,2.0216597567976065,-3.5074193950319734,-3.6324565580723314,0.0,-0.0005120042765441868,2.159576452739019,0.0,-0.9580863204152772,2.012150374093978,0.0,-14.033227741358827,-6.68192780389092,13.568212087325232,61.27808973617365,74.84630182349888
2.1599999999999837,7.23,-1.6375632506199853,3.305375818859535,4.945417197497542,2.014491480142029,-3.659392264156527,-3.535746691420403,0.0,-0.00247429711176661,2.163581485900283,0.0,-1.00411050222743,1.9927818744057026,0.0,-13.869578339433279,-6.988516631427255,13.566628499192381,61.2791020158628,74.84573051505518
2.1619999999999835,7.23,-1.6276798332692288,3.3093977950152538,4.937951521180314,2.00751705442448,-3.8052890461055036,-3.4386101546943437,0.0,-0.004528064608319893,2.1675471861495836,0.0,-1.0495604696414627,1.972820243766022,0.0,-13.702159506765213,-7.289688461210029,13.565699484114422,61.27946173981282,74.84516122392724
2.1639999999999833,7.23,-1.6178116351268315,3.313406016863877,4.9301999394261085,2.000737306521497,-3.9453350220649677,-3.3410731715159763,0.0,-0.006672155506034394,2.1714723836898817,0.0,-1.0944334874654513,1.95228191583501,0.0,-13.531141963768697,-7.585448991091824,13.565434848331748,61.27915913967515,74.84459398800689
2.165999999999983,7.23,-1.607959216451508,3.3174008745451506,4.922173929806818,1.9941530122769486,-4.079753950956842,-3.24316056109068,0.0,-0.008905413635371229,2.1753559414011474,0.0,-1.1387273772745334,1.9311831311606742,0.0,-13.356692460205581,-7.875809978275435,13.565844025244033,61.278184817466055,74.84402884271009
2.167999999999983,7.23,-1.5981231149931363,3.3213827597017755,4.913884524224001,1.9877648992496655,-4.208767682403453,-3.1448957994776405,0.0,-0.011226679005853613,2.17919675443804,0.0,-1.1824404923434841,1.9095399213426107,0.0,-13.178973659546683,-8.160788852018044,13.5669360811874,61.27652973988248,74.84346582106988
2.1699999999999826,7.23,-1.588303846880038,3.3253520653854833,4.905342313086613,1.9815736493382496,-4.332595802996541,-3.0463010810911877,0.0,-0.013634788844612222,2.1829937497974132,0.0,-1.225571692843959,1.8873680946745475,0.0,-12.998144043571351,-8.440408335956487,13.56871972150703,61.27418523232239,74.84290495382942
2.1719999999999824,7.23,-1.5785019074972175,3.3293091859682367,4.896557450164206,1.975579901282894,-4.451455314300595,-2.947397380142045,0.0,-0.016128578585642317,2.186745885858528,0.0,-1.2681203213617587,1.8646832232063397,0.0,-12.814357836012313,-8.7146960807135,13.57120329689534,61.27114297263853,74.84234626953386
2.173999999999982,7.23,-1.5687177723542727,3.3332545170583137,4.887539658053704,1.9697842530446015,-4.565560341012624,-2.8482045117546453,0.0,-0.01870688281045041,2.1904521518987607,0.0,-1.3100861787838636,1.841500631165469,0.0,-12.627764944068137,-8.98368430733844,13.57439480996807,61.26739498465323,74.84178979462129
2.175999999999982,7.23,-1.5589518979418044,3.3371884554210265,4.878298234201019,1.964187264062693,-4.675121867702771,-2.748741192522674,0.0,-0.021368536140887184,2.1941115675874663,0.0,-1.3514695005995812,1.8178353846776303,0.0,-12.43851091662444,-9.247409462036606,13.57830192205138,61.26293363146115,74.84123555351253
2.1779999999999817,7.23,-1.549204722575278,3.3411113989038355,4.868842057421907,1.958789457391945,-4.78034750257236,-2.6490251002906167,0.0,-0.024112374085026422,2.19772318246053,0.0,-1.3922709336548889,1.7937022827261886,0.0,-12.246736918051047,-9.505911882548212,13.582931960154824,61.25775160854481,74.84068356869963
2.1799999999999815,7.23,-1.539476667225385,3.345023746365617,4.859179594869588,1.9535913217210978,-4.8814412666871405,-2.5490729329724786,0.0,-0.026937233837036723,2.201286075378026,0.0,-1.4324915133942842,1.7691158492904986,0.0,-12.052579716470593,-9.759235476453622,13.588291924105778,61.251841936727,74.84013386083278
2.1819999999999813,7.23,-1.5297681363340665,3.3489258976098544,4.849318909399682,1.948593313274827,-4.978603407172907,-2.4489004662411666,0.0,-0.029841955032046563,2.204799353967281,0.0,-1.472132641619935,1.7440903266037746,0.0,-11.85617168542738,-10.007427411603826,13.594388493822848,61.24519795498259,74.83958644880543
2.183999999999981,7.23,-1.5200795186154468,3.352818253321515,4.8392676672860295,1.9437958576015917,-5.07203023289567,-2.3485226099427416,0.0,-0.03282538045706973,2.208262154053531,0.0,-1.5111960647936717,1.7186396694719361,0.0,-11.657640817920152,-10.250537818804075,13.601228036706534,61.237813313131554,74.83904134983808
2.185999999999981,7.23,-1.5104111878410216,3.356701215007393,4.829033146243875,1.9391993512500327,-5.16191397118837,-2.247953463109871,0.0,-0.035886356719094015,2.21167363908022,0.0,-1.5496838529033272,1.692777540595953,0.0,-11.457110751800743,-10.488619506813627,13.608816615126718,61.22968196443287,74.83849857955958
2.1879999999999806,7.23,-1.5007635036085267,3.3605751849396954,4.818622243719708,1.9348041633368378,-5.24844264423228,-2.1472063674661745,0.0,-0.039023734871482585,2.215032999520906,0.0,-1.5875983789114005,1.6665173068413686,0.0,-11.254700805579677,-10.721727689667452,13.617159993987975,61.220798158098994,74.83795815208697
2.1899999999999804,7.23,-1.4911368120939918,3.364440566102658,4.808041485409819,1.9306106370091825,-5.331799963748709,-2.046293959330572,0.0,-0.042236370999865325,2.2183394522846065,0.0,-1.6249422988005116,1.6398720364000372,0.0,-11.050526023720776,-10.949919726272677,13.626263648354593,61.211156431748435,74.83742008010303
2.19199999999998,7.23,-1.481531446786559,3.368297762141984,4.797297033972241,1.9266190908050282,-5.412165242708109,-1.945228219845995,0.0,-0.04552312676873038,2.221592240116311,0.0,-1.6617185322269994,1.6128544967905352,0.0,-10.844697230548052,-11.173254872186352,13.636132771118183,61.200751603813515,74.8368843749317
2.19399999999998,7.23,-1.47194772920571,3.372147177316901,4.786394697899297,1.9228298199146896,-5.4897133228172885,-1.8440205234708706,0.0,-0.0488828699299374,2.224790630994299,0.0,-1.6979302437912482,1.5854771536453,0.0,-10.637321091930499,-11.391794043440381,13.646772280692392,61.18957876591918,74.83635104661157
2.1959999999999797,7.23,-1.4623859696006147,3.3759892164546517,4.775339940520381,1.919243097347197,-5.564614516598997,-1.7426816846854096,0.0,-0.05231447479439166,2.227933917525765,0.0,-1.7335808249304423,1.5577521702341781,0.0,-10.428500183952428,-11.605599592241777,13.658186828719348,61.177633275247395,74.83582010396674
2.1979999999999795,7.23,-1.452846467631367,3.379824284907216,4.764137889106945,1.915859175005063,-5.637034562934983,-1.6412220028758064,0.0,-0.055816822668130595,2.2310214163421946,0.0,-1.7686738764373438,1.5296914076757253,0.0,-10.218333067818731,-11.814735094346606,13.670380807774446,61.164910746901384,74.83529155467583
2.1999999999999793,7.23,-1.4433295130319295,3.3836527885101044,4.752793344053827,1.9126782846711259,-5.707134594998424,-1.5396513053707932,0.0,-0.0593888022540755,2.234052467495813,0.0,-1.8032131916062801,1.50130642578935,0.0,-10.006914370286015,-12.019265147877315,13.683358359056172,61.151407046282316,74.83476540533849
2.201999999999979,7.23,-1.4338353862546598,3.38747513354303,4.741310788113181,1.909700638911179,-5.775071119557735,-1.4379789886145187,0.0,-0.063029310020702,2.237026433858333,0.0,-1.8372027400056128,1.472608484543171,0.0,-9.794334868951475,-12.219255183330194,13.697123380049065,61.13711828149056,74.83424166153962
2.203999999999979,7.23,-1.424364359096335,3.391291726692314,4.729694395659242,1.9069264318961276,-5.840996006689259,-1.3362140574684749,0.0,-0.06673725053887558,2.239942700523165,0.0,-1.8706466518741927,1.4436085460542352,0.0,-9.580681581771305,-12.414771284500222,13.711679532148628,61.122040795762764,74.8337203279114
2.2059999999999786,7.23,-1.4149166953056322,3.3951029750148507,4.7179480419640045,1.9043558401474108,-5.905056488991078,-1.2343651626427223,0.0,-0.07051153678810862,2.242800674212144,0.0,-1.9035492031377257,1.4143172770994397,0.0,-9.366037860218844,-12.605880020034448,13.727030248237739,61.106171159955096,74.83320140819283
2.2079999999999784,7.23,-1.4054926511720607,3.3989092859034944,4.706075312465704,1.9019890232094268,-5.967395169443292,-1.132440636264161,0.0,-0.07435109043345878,2.2455997826877536,0.0,-1.935914801039437,1.3847450520974138,0.0,-9.150483485531364,-12.792648285311166,13.743178740205003,61.08950616508221,74.83268490528721
2.209999999999978,7.23,-1.3960924760963807,3.4027110670537195,4.694079512013594,1.8998261242526735,-6.028150037112986,-1.0304485255952087,0.0,-0.078254842074302,2.248339474171756,0.0,-1.9677479703782799,1.354901956523241,0.0,-8.934094767530064,-12.975143154332688,13.760128006396108,61.07204281492094,74.83217082131705
2.211999999999978,7.23,-1.386716413142567,3.4065087264314204,4.681963674074099,1.897867270611286,-6.087454489953137,-0.9283966249219233,0.0,-0.08222173146617817,2.2510192167710503,0.0,-1.9990533403467086,1.3247977907197275,0.0,-8.716944645533703,-13.153431741310966,13.77788083899004,61.05377831868671,74.83165915767675
2.2139999999999778,7.23,-1.3773646995714115,3.4103026722417256,4.669730569884876,1.896112574258609,-6.14543736399385,-0.826292505635046,0.0,-0.08625070771691001,2.253638497911526,0.0,-2.0298356319591493,1.2944420740705254,0.0,-8.499102790919371,-13.32758107162056,13.796439831292709,61.0347100837906,74.8311499150833
2.2159999999999775,7.23,-1.368037567355878,3.4140933128987,4.657382717544631,1.89456213222439,-6.202222968272062,-0.7241435445320117,0.0,-0.0903407294581573,2.256196823780589,0.0,-2.0600996460613104,1.2638440495021945,0.0,-8.280635710917144,-13.497657961789086,13.815807384940774,61.01483570868342,74.83064309362419
2.2179999999999773,7.23,-1.358735243678353,3.417881056995833,4.644922391027866,1.8932160269571243,-6.257931124892591,-0.621956950370575,0.0,-0.09449076499356468,2.258693718779008,0.0,-2.0898502519099362,1.2330126882838028,0.0,-8.061606853255391,-13.663728908195017,13.835985717009862,60.99415297579377,74.83013869280363
2.219999999999977,7.23,-1.3494579514099496,3.421666313277191,4.632351629114835,1.8920743266350106,-6.312677213655902,-0.5197397887089175,0.0,-0.0986997924246279,2.2611287249826137,0.0,-2.119092376311703,1.2019566950943232,0.0,-7.842076711303591,-13.825859984141017,13.856976867020771,60.9726598445653,74.82963671158608
2.221999999999977,7.23,-1.3402059095720418,3.4254494906091506,4.619672244228118,1.8911370854289107,-6.366572220732679,-0.41749900506802085,0.0,-0.10296679975538925,2.263501401614397,0.0,-2.14783099330975,1.1706845133295518,0.0,-7.622102929386952,-13.98411674497469,13.878782703839079,60.95035444459898,74.82913714843806
2.2239999999999767,7.23,-1.3309793337802283,3.4292309979526077,4.606885831168206,1.890404343720629,-6.4197227909029415,-0.3152414464556537,0.0,-0.10729078497704203,2.2658113245274234,0.0,-2.176071114405593,1.1392043306218038,0.0,-7.401740407973986,-14.138564140929352,13.90140493246285,60.92723506890468,74.82864000136753
2.2259999999999764,7.23,-1.321778436670929,3.433011244335584,4.593993775741412,1.8898761282797505,-6.472231282918024,-0.21297388129184383,0.0,-0.11167075613350586,2.2680580856989856,0.0,-2.2038177793040017,1.1075240845470093,0.0,-7.181041408462712,-14.289266437362649,13.924845100694363,60.90330016726681,74.82814526796118
2.227999999999976,7.23,-1.3126034283108414,3.4367906388261455,4.580997263274274,1.8895524524021905,-6.524195827579147,-0.11070301777752097,0.0,-0.1161057313690026,2.270241292736336,0.0,-2.23107604716809,1.0756514684952734,0.0,-6.96005565731529,-14.436287142075457,13.949104605692174,60.87854833972763,74.8276529454198
2.229999999999976,7.23,-1.303454516589482,3.4405695905055667,4.567897287009408,1.8894333160135286,-6.575710388161214,-0.008435520748965745,0.0,-0.12059473895864226,2.272360568394304,0.0,-2.2578509883715907,1.0435939376822259,0.0,-6.738830449312625,-14.579688939398698,13.974184700399602,60.85297833019193,74.82716303059154
2.231999999999976,7.23,-1.2943319075950617,3.444348508441663,4.554694656378434,1.8895187057401126,-6.626864822843193,0.09382197293885045,0.0,-0.12513681732299875,2.274415550105061,0.0,-2.284147676735231,1.011358715279779,0.0,-6.517410749721479,-14.719533630742797,14.00008649984703,60.82658902015604,74.82667552000308
2.2339999999999756,7.23,-1.2852358059739402,3.4481278016622428,4.541390005148313,1.8898085949508296,-6.677744948837397,0.1960628404562219,0.0,-0.1297310150276354,2.276405889520245,0.0,-2.3099711822339097,0.9789527986460904,0.0,-6.295839295185968,-14.85588208131072,14.02681098732488,60.79937942256407,74.82619040988895
2.2359999999999753,7.23,-1.276166415273916,3.4519078791286066,4.527983799437946,1.890302943772357,-6.728432607939014,0.2982804604261186,0.0,-0.13437639076849883,2.2783312520656365,0.0,-2.335326564161445,0.9463829656357603,0.0,-6.074156693174036,-14.988794172683662,14.054359020425276,60.77134867579384,74.82570769621911
2.237999999999975,7.23,-1.2671239382716168,3.4556891497090634,4.514476345602476,1.891001699080613,-6.779005733244493,0.4004682016909774,0.0,-0.13907201334409303,2.28019131650851,0.0,-2.360218864739502,0.9136557809722843,0.0,-5.8524015198258015,-15.11832876099539,14.08273133694987,60.74249603777437,74.82522737472425
2.239999999999975,7.23,-1.2581085772842542,3.4594720221523985,4.500867797983164,1.891904794471046,-6.8295384168131745,0.5026194133751583,0.0,-0.143816961615304,2.281985774537786,0.0,-2.384653103157481,0.8807776026659146,0.0,-5.630610416067044,-15.244543640420078,14.111928560682381,60.712820880237174,74.82474944091956
2.2419999999999747,7.23,-1.2491205344660148,3.463256905061269,4.487158166521181,1.893012150210306,-6.88010097807058,0.6047274161993618,0.0,-0.14861032445372135,2.283714330357049,0.0,-2.408634270030091,0.8477545884610878,0.0,-5.408818181865898,-15.367495511706139,14.141951207024228,60.68232268310257,74.82427389012679
2.2439999999999745,7.23,-1.2401600120893612,3.4670442068654848,4.473347324233988,1.8943236731717623,-6.930760032773742,0.7067854950038346,0.0,-0.1534512006792862,2.285376700290475,0.0,-2.4321673222594677,0.8145927022984354,0.0,-5.1870578685239055,-15.487239955497108,14.172799688491807,60.65100102900246,74.82380071749427
2.2459999999999742,7.23,-1.2312272128115183,3.470834335795144,4.459435014553369,1.8958392567572397,-6.981578562380534,0.8087868924376178,0.0,-0.15833869898805308,2.286972612401689,0.0,-2.455257178288813,0.7812977207774361,0.0,-4.965360868906142,-15.603831410189196,14.204474320074766,60.61885559794074,74.8233299180155
2.247999999999974,7.23,-1.222322339926422,3.4746276998536043,4.445420858524435,1.8975587808072654,-7.032615983683493,0.9107248037715626,0.0,-0.1632719378708405,2.288501806125536,0.0,-2.4779087137346,0.7478752396065007,0.0,-4.7437570055261205,-15.717323154083136,14.236975324453987,60.585886162091974,74.82286148654596
2.249999999999974,7.23,-1.2134455976024106,3.4784247067902596,4.431304361865194,1.899482111502029,-7.083928218587254,1.0125923727936776,0.0,-0.1682500455235184,2.2899640319127292,0.0,-2.5001267573846255,0.7143306800281422,0.0,-4.522274616412279,-15.827767291596945,14.270302837079123,60.552092580739185,74.82239541781831
2.2519999999999736,7.23,-1.2045971911059348,3.4822257640731165,4.417084921886515,1.9016091012551835,-7.13556776392507,1.1143826887457773,0.0,-0.1732721597496394,2.2913590508873156,0.0,-2.521916087549278,0.6806692952077096,0.0,-4.300940638693276,-15.935214743313994,14.304456911105111,60.51747479535112,74.82193170645623
2.2539999999999734,7.23,-1.1957773270115688,3.4860312788611503,4.4027618342724955,1.9039395886025252,-7.187583761224753,1.2160887842611128,0.0,-0.17833742785612117,2.2926866345168677,0.0,-2.543281428753542,0.6468961765747754,0.0,-4.079780689847748,-16.039715239648995,14.339437522187135,60.48203282479911,74.82147034698625
2.255999999999973,7.23,-1.1869862133985998,3.4898416579764344,4.388334299721408,1.9064733980875193,-7.2400220663494546,1.3177036342638588,0.0,-0.1834450065426435,2.293946564295312,0.0,-2.5642274487575794,0.6130162601070515,0.0,-3.858819146573276,-16.141317317923246,14.375244573134701,60.44576676071401,74.8210113338487
2.257999999999973,7.23,-1.1782240600344744,3.4936573078760405,4.373801430447548,1.9092103401455518,-7.292925318950493,1.4192201557913815,0.0,-0.1885940617854006,2.2951386314382525,0.0,-2.584758755893727,0.5790343325473546,0.0,-3.6380792212370645,-16.240068322647332,14.41187789842429,60.40867676298269,74.82055466140697
2.2599999999999727,7.23,-1.1694910785453807,3.4974786346237066,4.3591622565443995,1.9121502109887187,-7.34633301168146,1.5206312087013196,0.0,-0.1937837687158377,2.2962626365906527,0.0,-2.604879896708035,0.5449550375447115,0.0,-3.4175830358776675,-16.33601440881761,14.44933726857094,60.37076305538409,74.82010032395503
2.2619999999999725,7.23,-1.160787482574241,3.5013060438612773,4.3444157322096535,1.9152927924928818,-7.400281559134325,1.6219295972265775,0.0,-0.19901331149496493,2.2973183895467244,0.0,-2.624595353894741,0.5107828817113289,0.0,-3.197351693733954,-16.429200548040786,14.487622394359654,60.33202592136455,74.81964831572421
2.2639999999999723,7.23,-1.1521134879263946,3.5051399407799217,4.329560741832654,1.918637852088653,-7.454804366466502,1.7231080723414123,0.0,-0.20428188318382245,2.2983057089818333,0.0,-2.643909544512094,0.4765222405876982,0.0,-2.977405348283496,-16.519670537306947,14.526732930936587,60.292465699951784,74.81919863088837
2.265999999999972,7.23,-1.1434693127032394,3.508980730091138,4.314596105944914,1.9221851426578913,-7.509931897697615,1.8241593349030671,0.0,-0.20958868561064947,2.2992244221962386,0.0,-2.6628268184682824,0.442177364508629,0.0,-2.757763269778008,-16.607467010239407,14.56666848176092,60.252082781806784,74.8187512635677
2.267999999999972,7.23,-1.1348551774241122,3.512828815997558,4.299520587034388,1.9259344024372305,-7.565691743661994,1.925076039533917,0.0,-0.21493292923528806,2.300074364870461,0.0,-2.6813514572663637,0.4077523843635027,0.0,-2.538443909268548,-16.69263145065592,14.607428602418281,60.210877605413195,74.81830620783148
2.2699999999999716,7.23,-1.126271305136674,3.5166846021635676,4.284332895224185,1.9298853549300814,-7.622108689609932,2.025850799209871,0.0,-0.22031383301132212,2.30085538083206,0.0,-2.6994876729972983,0.3732513172445512,0.0,-2.319464960118038,-16.775204208282585,14.649012804296529,60.168850653403055,74.81786345769959
2.2719999999999714,7.23,-1.1177179215160726,3.5205484916857603,4.269031693816428,1.934037708828491,-7.679204782456601,2.126476190521438,0.0,-0.22573062424644819,2.3015673218335904,0.0,-2.717239607570346,0.33867807197733424,0.0,-2.1008434170023924,-16.85522451646755,14.691420558124847,60.12600244901804,74.81742300714288
2.273999999999971,7.23,-1.1091952549531543,3.5244208870632456,4.253615604701976,1.9383911579461672,-7.736999397683132,2.226944759574402,0.0,-0.23118253846152748,2.302210047341496,0.0,-2.7346113321703323,0.3040364545281631,0.0,-1.8825956324063395,-16.93273051174813,14.734651297377336,60.0823335527051,74.81698485008243
2.275999999999971,7.23,-1.1007035366319862,3.5283021901678358,4.238083213636672,1.9429453811639192,-7.79550930589858,2.3272490284981373,0.0,-0.23666881924877925,2.302783424335695,0.0,-2.7516068469314354,0.26933017328344233,0.0,-1.6647373706224255,-17.007759255130253,14.778704421542336,60.037844558845386,74.81654898038772
2.2779999999999707,7.23,-1.0922430005969617,3.5321928022141353,4.222433075384803,1.9477000423886945,-7.8547487390757045,2.4273815025296286,0.0,-0.24218871812952392,2.3032873271195884,0.0,-2.7682300808173466,0.23456284419649265,0.0,-1.447283859266232,-17.080346754944873,14.823579299258723,59.99253609261518,74.81611539187391
2.2799999999999705,7.23,-1.0838138838097502,3.536093123729567,4.206663718730396,1.9526547905273344,-7.914729456476086,2.5273346776421852,0.0,-0.24774149441188598,2.3037216371402267,0.0,-2.7844848916977787,0.19973799579765428,0.0,-1.2302498383229954,-17.150527991150728,14.869275271320419,59.94640880697743,74.81568407829785
2.2819999999999703,7.23,-1.0754164261963561,3.5400035545243567,4.190773651356968,1.9578092594761058,-7.975460810283544,2.627101048688555,0.0,-0.2533264150488389,2.30408624281836,0.0,-2.8003750666116005,0.16485907406388534,0.0,-1.0136496067439582,-17.218336940958647,14.915791653550983,59.89946337980258,74.81525503335357
2.28399999999997,7.23,-1.0670508706845487,3.5439244936615153,4.174761364596275,1.9631630681270096,-8.036949810965908,2.726673118028294,0.0,-0.2589427544969545,2.304381039388078,0.0,-2.815904322206865,0.12992944714442334,0.0,-0.7974970666134309,-17.28380660565631,14.963127739549334,59.851700511117,74.81482825066634
2.28599999999997,7.23,-1.0587174632319263,3.5478563394268527,4.158625338046592,1.9687158203918025,-8.099201192387511,2.8260434046102323,0.0,-0.2645897945762026,2.3046059287457625,0.0,-2.831076305348347,0.09495240993939158,0.0,-0.5818057649098272,-17.346969038517873,15.011282803308726,59.80312092047775,74.81440372378648
2.2879999999999696,7.23,-1.0504164528448732,3.551799489299056,4.142364044061004,1.9744671052446148,-8.162217476694744,2.9252044534807657,0.0,-0.27026682433112237,2.304760819308039,0.0,-2.8458945938831874,0.0599311885285978,0.0,-0.3665889328864484,-17.407855373686168,15.060256101710113,59.753725344471526,74.81398144618164
2.2899999999999694,7.23,-1.0421480915886694,3.555754339919872,4.125975952106128,1.9804164967839881,-8.225999038998834,3.0241488456901315,0.0,-0.2759731398936782,2.3048456258784435,0.0,-2.860362697555593,0.024868944448025565,0.0,-0.1518595230995574,-17.46649585592051,15.110046876892373,59.70351453433664,74.81356141122902
2.291999999999969,7.23,-1.033912634589013,3.5597212870644372,4.109459532991649,1.986563554315099,-8.290544171878313,3.1228692085681677,0.0,-0.28170804434808605,2.3048602695224774,0.0,-2.8744840590614813,-0.010231221188136685,0.0,0.062369755886491816,-17.522919871105575,15.160654358500407,59.65248925370565,74.81314361220606
2.293999999999969,7.23,-1.0257103400252119,3.5637007256117887,4.092813262971026,1.9929078224528816,-8.355849149725152,3.2213582263425677,0.0,-0.28747084759788,2.3048046774507602,0.0,-2.8882620552343172,-0.04536626372177166,0.0,0.2760864070852998,-17.577155977422105,15.21207776581385,59.6006502764673,74.81272804228115
2.2959999999999687,7.23,-1.0175414691153017,3.5676930495156047,4.076035627713625,1.9994488312467058,-8.421908292956196,3.319608651072363,0.0,-0.29326086623547787,2.304678782909952,0.0,-2.9016999983533904,-0.08053319114303537,0.0,0.48927811493249435,-17.629231937082505,15.264316309757795,59.547998384745405,74.8123146945032
2.2979999999999685,7.23,-1.0094062860933504,3.5716986517752174,4.059125126148561,2.006186096327217,-8.488714032111409,3.417613313870116,0.0,-0.2990774234144743,2.3044825250811307,0.0,-2.914801137565971,-0.11572906044173725,0.0,0.701932717352431,-17.67917474853843,15.317369194797662,59.49453436699298,74.81190356179064
2.2999999999999683,7.23,-1.0013050581792005,3.5757179244069413,4.042080274180428,2.0131191190758853,-8.556256971858563,3.515365136386636,0.0,-0.30491984872488853,2.304215848985308,0.0,-2.927568660414954,-0.1509509741189501,0.0,0.9140381800109353,-17.727010679070588,15.371235620720473,59.44025901619939,74.81149463691986
2.301999999999968,7.23,-0.993238055540909,3.5797512584157634,4.02489960827711,2.0202473868177666,-8.62452595492269,3.6128571425327114,0.0,-0.31078747807156515,2.303878705395764,0.0,-2.940005694463734,-0.18619607685960493,0.0,1.125582572715762,-17.772765297674283,15.425914784304634,59.385173128208564,74.8110879125132
2.303999999999968,7.23,-0.9852055512501405,3.583799043767442,4.0075816889297835,2.0275703730379226,-8.693508125956024,3.7100824704122175,0.0,-0.316679653555914,2.30347105075687,0.0,-2.952115309010134,-0.22146155236652942,0.0,1.3365540479247144,-17.816463508156737,15.48140588088017,59.32927750014586,74.81068338102602
2.3059999999999676,7.23,-0.9772078212307659,3.5878616693610645,3.9901251039852332,2.035087537621898,-8.76318899536273,3.8070343844420385,0.0,-0.32259572336116005,2.3029928471090857,0.0,-2.9639005168814627,-0.2567446203561834,0.0,1.546940821320225,-17.85812958236585,15.537708105782055,59.272572928951725,74.81028103473378
2.3079999999999674,7.23,-0.9692451442009259,3.5919395230021083,3.9725284718505542,2.042798327120603,-8.833552503089635,3.903706287634259,0.0,-0.3285350416412618,2.3024440620198026,0.0,-2.975364276302808,-0.2920425337160816,0.0,1.7567311544077029,-17.897787193472247,15.594820655698648,59.21506021001957,74.80988086571821
2.309999999999967,7.23,-0.9613178016088118,3.5960329913760574,3.954790444570296,2.0507021750399033,-8.904581082391871,4.000091734016484,0.0,-0.3344969684136266,2.301824668519708,0.0,-2.986509492830881,-0.3273525758235701,0.0,1.9659133390931176,-17.935459449229448,15.652742729917652,59.156740135935664,74.80948286585331
2.311999999999967,7.23,-0.9534260775624195,3.600142460022622,3.936909710776097,2.0587985021551694,-8.976255723579676,4.096184441167025,0.0,-0.3404808694557606,2.301134645044355,0.0,-2.997339021345863,-0.362672058025513,0.0,2.1744756841947335,-17.971168925139857,15.71147353147212,59.09761349531868,74.8090870267908
2.3139999999999668,7.23,-0.9455702587535324,3.604268313310615,3.9188849985088408,2.0670867168509908,-9.048556037749384,4.191978302841475,0.0,-0.34648611620594627,2.300373975380609,0.0,-3.00785566809381,-0.39799831727803425,0.0,2.38240650384158,-18.004937697456306,15.771012268188636,59.03768107175661,74.80869333994525
2.3159999999999665,7.23,-0.9377506343761864,3.608410934413528,3.900715077913364,2.0755662154862176,-9.12146032049901,4.287467401668398,0.0,-0.352512085668056,2.299542648617659,0.0,-3.0180621927723834,-0.4333287139453982,0.0,2.5896941077109794,-18.036787375952105,15.831358153640615,58.97694364283834,74.80830179647896
2.3179999999999663,7.23,-0.929967496039874,3.6125707052858687,3.882398763805754,2.0842363827844417,-9.19494561562533,4.382646021891692,0.0,-0.3585581603205703,2.2986406591022686,0.0,-3.0279613106527528,-0.4686606297567166,0.0,2.7963267930552407,-18.06673913639448,15.89251040800873,58.91540197927769,74.80791238728642
2.319999999999966,7.23,-0.9222211376777403,3.6167480066403015,3.8639349181132707,2.093096592249994,-9.268987778796543,4.477508662138103,0.0,-0.3646237280298728,2.297668006397962,0.0,-3.0375556947307167,-0.5039914659190574,0.0,3.002292838467077,-18.094813752658975,15.954468258851342,58.85305684412718,74.80752510297853
2.321999999999966,7.23,-0.9145118554500267,3.6209432179256456,3.8453224521869602,2.102146206609482,-9.343561541191177,4.572050048188703,0.0,-0.3707081819678673,2.2966246952478246,0.0,-3.046847977900241,-0.5393186413852156,0.0,3.2075804993315886,-18.12103162842501,16.01723094178743,58.789908992079184,74.80713993386661
2.3239999999999656,7.23,-0.9068399476430171,3.6251567173057824,3.8265603289870307,2.111384578278857,-9.418640573090801,4.666265145733856,0.0,-0.3768109205339644,2.295510735540618,0.0,-3.055840755142741,-0.574639591274281,0.0,3.412178004912054,-18.145412828394832,16.080797701094603,58.72595916885164,74.80675686994624
2.3259999999999654,7.23,-0.8992057145637403,3.6293888816395237,3.807647565141102,2.120811049855962,-9.494197547410813,4.760149173091463,0.0,-0.3829313472814517,2.2943261422799,0.0,-3.064536585725632,-0.6099517654427913,0.0,3.6160735570148708,-18.167977108980857,16.145167790224843,58.66120811065599,74.80637590088084
2.327999999999965,7.23,-0.8916094584306821,3.633640086461488,3.788583232875473,2.130424954638456,-9.570204203150256,4.85369761386914,0.0,-0.38906887084826747,2.293070935555856,0.0,-3.0729379954038003,-0.645252627204166,0.0,3.8192553301786343,-18.188743948408426,16.210340472240553,58.59565654374452,74.80599701598507
2.329999999999965,7.23,-0.8840514832607629,3.63791070596404,3.769366461819587,2.1402256171669984,-9.646631408738852,4.946906229551658,0.0,-0.3952229048921763,2.291745140519545,0.0,-3.081047478617898,-0.6805396521938454,0.0,4.021711473330904,-18.207732576184068,16.276315020173918,58.52930518403446,74.80562020420838
2.3319999999999648,7.23,-0.8765320947528323,3.642201112980339,3.749996440683925,2.1502123537935134,-9.723449225255777,5.039771071995217,0.0,-0.401392868030331,2.290348787359271,0.0,-3.088867500683413,-0.7158103273773448,0.0,4.223430112855171,-18.224962001880872,16.34309071731178,58.46215473680641,74.8052454541182
2.3339999999999645,7.23,-0.8690516001679344,3.6465116789685523,3.7304724188116176,2.160384473274336,-9.800626969492022,5.132288495811187,0.0,-0.4075781837831975,2.2888819112787964,0.0,-3.0964004999647705,-0.7510621501982653,0.0,4.4243993570097535,-18.240451043195776,16.410666857409055,58.39420589647398,74.80487275388303
2.3359999999999643,7.23,-0.8616103082065958,3.6508427739972777,3.710793707604109,2.1707412773880024,-9.878133276825364,5.22445517062271,0.0,-0.413778280522814,2.2873445524771276,0.0,-3.1036488900288606,-0.7862926278631321,0.0,4.624607301639621,-18.254218353235775,16.479042744833542,58.325459346422406,74.80450209125596
2.337999999999964,7.23,-0.8542085288833879,3.6551947667322247,3.6909596818212886,2.1812820615774124,-9.95593616387367,5.316268093177728,0.0,-0.41999259142532464,2.2857367561295896,0.0,-3.110615061772532,-0.8214992767596435,0.0,4.824042037120694,-18.266282446992218,16.54821769464438,58.25591575891315,74.80413345355753
2.339999999999964,7.23,-0.8468465733990147,3.659568024424206,3.670969780756569,2.1920061156160613,-10.034003090890227,5.407724599303557,0.0,-0.426220554427743,2.2840585723699403,0.0,-3.1173013855188962,-0.856679622004875,0.0,5.0226916564762965,-18.276661726965486,16.618191032607456,58.185575795051825,74.80376682765927
2.3419999999999637,7.23,-0.8395247540101735,3.6639629128984854,3.6508235092874624,2.202912724298009,-10.112301023861386,5.498822375688214,0.0,-0.43246161218887136,2.2823100562732552,0.0,-3.123710213077354,-0.8918311971196945,0.0,5.220544264604029,-18.285374507904045,16.688962095150025,58.114440104816815,74.80340219996684
2.3439999999999634,7.23,-0.8322433838974401,3.6683797965455276,3.630520438802293,2.214001168151231,-10.190796496265566,5.589559471475091,0.0,-0.43871521205429925,2.2804912678393467,0.0,-3.1298438797626025,-0.9269515438255392,0.0,5.417587988551134,-18.292439040625265,16.760530229257633,58.04250932714582,74.80303955640346
2.3459999999999632,7.23,-0.8250027770314231,3.6728190383131993,3.6100602080037687,2.225270724173955,-10.269455670449068,5.679934309657882,0.0,-0.44498080602539436,2.2786022719764643,0.0,-3.1357047063679566,-0.9620382119595182,0.0,5.613810988775719,-18.2978735348871,16.83289479231572,57.96978409007756,74.80267888239328
2.347999999999963,7.23,-0.8178032480374334,3.677280999700464,3.589442523590221,2.2367206665935853,-10.34824439857363,5.769945698264284,0.0,-0.4512578507321939,2.276643138485055,0.0,-3.1412950010886727,-0.9970887595037108,0.0,5.809201471331114,-18.301696181283123,16.906055151899075,57.89626501094614,74.8023201628452
2.349999999999963,7.23,-0.810645112058913,3.6817660407526183,3.5686671608154166,2.248350267647768,-10.427128283087274,5.8595928413170215,0.0,-0.4575458074100853,2.2746139420413525,0.0,-3.1466170613910442,-1.0321007527242925,0.0,6.003747700909751,-18.303925172135216,16.980010685511434,57.82195269662513,74.80196338213656
2.3519999999999626,7.23,-0.8035286846198648,3.6862745200581117,3.5477339639279473,2.260158798387149,-10.506072736669726,5.94887534956246,0.0,-0.46384414188017037,2.272514762180581,0.0,-3.1516731758233787,-1.067071766416098,0.0,6.197438014683356,-18.3045787213614,17.05476078027811,57.74684774381895,74.80160852409705
2.3539999999999623,7.23,-0.7964542814865231,3.690806794746993,3.5266428464912942,2.272145529499351,-10.585043041601306,6.037793250957664,0.0,-0.47015232453318945,2.2703456832795696,0.0,-3.156465625765123,-1.1019993842480422,0.0,6.390260836875747,-18.303675083298668,17.130304832594305,57.67095073939863,74.80125557199293
2.355999999999962,7.23,-0.7894222185285023,3.695363220491025,3.5053937915857762,2.2843097321536745,-10.664004408503574,6.126347000907822,0.0,-0.4764698303168772,2.268106794538579,0.0,-3.1609966871106794,-1.1368811992047185,0.0,6.582204694004579,-18.30123257046336,17.20664224773175,57.59426226077963,74.80090450851138
2.357999999999962,7.23,-0.7824328115796586,3.6999441515055103,3.483986851893688,2.296650678866017,-10.74292203439867,6.214537492246979,0.0,-0.4827961387266212,2.26579818996215,0.0,-3.1652686318846515,-1.1717148141194298,0.0,6.77325823072869,-18.297269570234192,17.28377243940624,57.51678287633889,74.80055531574513
2.3599999999999617,7.23,-0.7754863762988976,3.704549940552865,3.4624221496690435,2.309167644383494,-10.821761160033978,6.302366064956238,0.0,-0.4891307337992775,2.263419968338806,0.0,-3.1692837297855503,-1.2064978422937687,0.0,6.963410226237666,-18.291804560445946,17.36169482930882,57.43851314586859,74.80020797517741
2.3619999999999615,7.23,-0.7685832280311556,3.7091809389479833,3.440699876593455,2.3218599065882306,-10.900487126417527,6.389834515614263,0.0,-0.49547310411000156,2.2609722332194195,0.0,-3.1730442496551396,-1.2412279081988273,0.0,7.152649611120796,-18.284856123883884,17.4404088466028,57.359453621064105,74.79986246766691
2.3639999999999612,7.23,-0.7617236816687826,3.7138374965654246,3.4188202935197705,2.334726747419778,-10.97906543051057,6.476945106576666,0.0,-0.501822742771939,2.2584550928941187,0.0,-3.1765524608710094,-1.2759026482530114,0.0,7.340965484652891,-18.27644296167268,17.519913927389766,57.279604846043725,74.79951877343349
2.365999999999961,7.23,-0.754908051513548,3.7185199618484677,3.3967837301052164,2.3477674538156217,-11.057461780022106,6.563700574881192,0.0,-0.5081791474386261,2.2558686603675477,0.0,-3.1798106346599773,-1.3105197116714289,0.0,7.528347132435268,-18.26658390555478,17.60020951414632,57.19896735789751,74.79917687204383
2.367999999999961,7.23,-0.7481366511394901,3.723228681820061,3.374590584335896,2.3609813186692206,-11.13564214725177,6.650104140877339,0.0,-0.5145418203089321,2.2532130533323693,0.0,-3.1828210453303702,-1.3450767613817054,0.0,7.714784044330527,-18.255297929057004,17.681295055134395,57.117541687263014,74.79883674239741
2.3699999999999606,7.23,-0.7414097932568222,3.7279640020957077,3.3522413219445952,2.3743676418050295,-11.213572821927565,6.736159516580133,0.0,-0.5209102681343878,2.250488394140876,0.0,-3.1855859714214247,-1.3795714750011423,0.0,7.900265932631135,-18.24260415754646,17.763170003787756,57.035328358925426,74.79849836271319
2.3719999999999604,7.23,-0.7347277895771093,3.7327262668983145,3.3297364757239643,2.387925730969956,-11.291220462985018,6.821870913748527,0.0,-0.5272840022287257,2.2476948097745835,0.0,-3.1881076967681627,-1.4140015458700215,0.0,8.084782750402253,-18.228521877178494,17.845833818076336,56.95232789243978,74.79816171051613
2.37399999999996,7.23,-0.7280909506799202,3.7375158190750435,3.3070766447372426,2.4016549028406984,-11.368552149236455,6.9072430516905845,0.0,-0.533662538479466,2.2448324318117088,0.0,-3.190388511480574,-1.4483646841359077,0.0,8.268324709940657,-18.21307054274345,17.929285959851388,56.868540802773126,74.79782676262451
2.37599999999996,7.23,-0.72149958588116,3.7423330001161905,3.2842624934287974,2.4155544840464223,-11.445535428879293,6.992281164798438,0.0,-0.5400453973613716,2.241901396392433,0.0,-3.192430712835956,-1.4826586178837833,0.0,8.450882301292728,-18.196269784420068,18.013525894173164,56.78396760096417,74.79749349513733
2.3779999999999597,7.23,-0.7149540031032786,3.7471781501761257,3.2612947506368473,2.4296238122062443,-11.522138367794394,7.076991009817506,0.0,-0.5464321039516057,2.2389018441818647,0.0,-3.1942366060836824,-1.5168810943068949,0.0,8.632446310775899,-18.178139413446758,18.09855308862381,56.698608794798496,74.7971618834223
2.3799999999999595,7.23,-0.7084545087475498,3.7520516080963224,3.2381742085108414,2.4438622369809893,-11.598329596586659,7.1613788728552015,0.0,-0.5528221879464049,2.235833920330619,0.0,-3.1958085051617484,-1.5510298809131509,0.0,8.813007839449138,-18.158699426723548,18.18436701260692,56.61246488949715,74.79683190210406
2.3819999999999593,7.23,-0.7020014075686094,3.756953711430505,3.214901721336049,2.458269121138711,-11.674078356322386,7.245451576136103,0.0,-0.5592151836791003,2.232697774432957,0.0,-3.1971487333248207,-1.5851027667620388,0.0,8.992558321479986,-18.1379700103605,18.270967136636422,56.525536388416434,74.79650352505286
2.383999999999959,7.23,-0.6955950025514339,3.761884796471938,3.1914782042680185,2.4728438416334764,-11.749354542919694,7.329216484511384,0.0,-0.565610630139306,2.2294935604824264,0.0,-3.1982596236836565,-1.6190975637270102,0.0,9.171089542357024,-18.11597154219013,18.358352931616395,56.43782379375723,74.79617672537363
2.385999999999959,7.23,-0.689235594790939,3.766845198282889,3.1679046319796353,2.48758579069693,-11.824128750150814,7.412681511731579,0.0,-0.5720080709930959,2.2262214368249515,0.0,-3.199143519656001,-1.653012107778375,0.0,9.348593656898604,-18.092724593263636,18.446523868113832,56.349327607281644,74.79585147539548
2.3879999999999586,7.23,-0.6829234833743681,3.7718352507262862,3.144182037223595,2.502494376942176,-11.898372311217395,7.495855126493075,0.0,-0.5784070546039952,2.222881566109342,0.0,-3.1998027753293234,-1.686844260281822,0.0,9.525063207010493,-18.068249928352824,18.535479415626124,56.26004833103533,74.79552774666145
2.3899999999999584,7.23,-0.676658965266639,3.7768552864995932,3.1203115093131846,2.517569026479538,-11.972057338862939,7.578746358269948,0.0,-0.5848071340546125,2.219474115235199,0.0,-3.2002397557359625,-1.7205919093077746,0.0,9.70049113914722,-18.042568505481867,18.625219041845362,56.16998646807369,74.79520550991904
2.391999999999958,7.23,-0.6704423351988075,3.7819056371709303,3.0962941925243297,2.532809184043774,-12.045156763988686,7.661364802943451,0.0,-0.591207867168729,2.2159992552981853,0.0,-3.200456837041375,-1.7542529709468266,0.0,9.87487082143351,-18.015701474513968,18.715742211920496,56.07914252319017,74.79488473511067
2.393999999999958,7.23,-0.6642738855598034,3.7869866332174595,3.0721312844219315,2.5482143141323643,-12.117644372743218,7.743720628243563,0.0,-0.5976088165336827,2.2124571615326714,0.0,-3.200456406646549,-1.7878253906267079,0.0,10.048196060405095,-17.987670174821204,18.8070483877196,55.98751700364515,74.79456539136476
2.3959999999999577,7.23,-0.6581539062915871,3.7920986040660574,3.0478240341135745,2.5637839021545052,-12.189494842058336,7.825824579017328,0.0,-0.6040095495228737,2.208848013251745,0.0,-3.200240863205672,-1.8213071444262743,0.0,10.220461117329819,-17.95849613206609,18.89913702709354,55.895110419893854,74.7942474469874
2.3979999999999575,7.23,-0.6520826847878688,3.797241878136295,3.023373740433735,2.5795174555904774,-12.260683773607449,7.907687982340247,0.0,-0.6104096383182156,2.2051719937846017,0.0,-3.1998126165604304,-1.8546962403821285,0.0,10.391660724072372,-17.92820105412593,18.992007583142318,55.801923286311734,74.79393086945404
2.3999999999999573,7.23,-0.6460605057965259,3.8024167828857496,2.9987817500616694,2.5954145051610973,-12.331187726166227,7.989322752488233,0.0,-0.6168086599323772,2.20142929041133,0.0,-3.1991740875924664,-1.8879907197836738,0.0,10.56179009846862,-17.896806826191945,19.085659503485772,55.70795612191607,74.79361562540184
2.401999999999957,7.23,-0.6400876513258483,3.8076236448576624,2.974049455576192,2.6114746060069884,-12.400984246358387,8.070741395788637,0.0,-0.6232061962306527,2.1976200942951256,0.0,-3.1983277079956896,-1.921188658452533,0.0,10.730844959177873,-17.864335505076806,19.18009222953996,55.61320945108237,74.79330168062233
2.403999999999957,7.23,-0.6341644005547351,3.8128627897309655,2.9491782934505886,2.6276973388774483,-12.470051897773367,8.151957015369767,0.0,-0.6296018339522861,2.1937446004119607,0.0,-3.1972759199702905,-1.9542881680022899,0.0,10.898821539983219,-17.830809312765094,19.27530519579995,55.51768380425432,74.79298900005426
2.4059999999999566,7.23,-0.6282910297469577,3.818134542372696,2.9241697419909314,2.6440823113287304,-12.538370288446425,8.23298331583021,0.0,-0.6359951647311207,2.189803007477763,0.0,-3.1960211758404924,-1.9872873970749132,0.0,11.065716603514007,-17.796250629242692,19.371297829130917,55.421379718646364,74.79267754777729
2.4079999999999564,7.23,-0.6224678121696009,3.8234392268928157,2.899025319221075,2.6606291589316045,-12.605920096694794,8.31383460784916,0.0,-0.6423857851153986,2.1857955178731396,0.0,-3.1945659375981506,-2.020184532550103,0.0,11.231527454365393,-17.76068198464156,19.46806954806786,55.3242977389374,74.79236728700526
2.409999999999956,7.23,-0.6166950180157842,3.8287771667014563,2.873746580717628,2.6773375464880953,-12.672683095308377,8.394525812761488,0.0,-0.6487732965865841,2.181722337565724,0.0,-3.1929126763745455,-2.0529778007242245,0.0,11.396251951594037,-17.724126050737862,19.56561976212572,55.22643841795514,74.79205818008086
2.411999999999956,7.23,-0.6109729143317605,3.8341486845686052,2.8483351173981877,2.694207169257358,-12.738642174095878,8.475072467120889,0.0,-0.6551573055770523,2.1775836760301845,0.0,-3.191063871842693,-2.0856654684554305,0.0,11.559888520570166,-17.6866056318412,19.66394787111976,55.12780231734965,74.79175018846941
2.4139999999999557,7.23,-0.6053017649484825,3.839554102686254,2.8227925532661207,2.711237754190687,-12.803781360792652,8.555490727276835,0.0,-0.6615374234865214,2.1733797461659905,0.0,-3.189022011552779,-2.118245844271983,0.0,11.722436164170214,-17.648143655114445,19.76305326449824,55.02839000825575,74.79144327275398
2.4159999999999555,7.23,-0.59968183041772,3.8449937427330245,2.7971205431151622,2.7284290611757167,-12.86808584033893,8.635797373991311,0.0,-0.6679132666970897,2.169110764212994,0.0,-3.1867895902032517,-2.1507172794407867,0.0,11.88389447329573,-17.608763160362873,19.862935320687093,54.92820207194313,74.79113739263022
2.4179999999999553,7.23,-0.5941133679528059,3.8504679259412944,2.7713207701970743,2.7457808842899154,-12.931541972541972,8.71600981712245,0.0,-0.6742844565867497,2.16477694966492,0.0,-3.184369108850342,-2.1830781689934073,0.0,12.04426363670737,-17.568487289332722,19.963593406447835,54.82723910045374,74.79083250690158
2.419999999999955,7.23,-0.5885966313740804,3.855976973166838,2.745394943855586,2.763293053063539,-12.994137308138924,8.796146100403625,0.0,-0.6806506195412654,2.160378525180848,0.0,-3.1817630740587655,-2.2153269527070516,0.0,12.203544450165342,-17.527339274558752,20.065026876249277,54.725501697225724,74.790528573475
2.421999999999955,7.23,-0.583131871059099,3.8615212049610013,2.7193447971297857,2.780965433752261,-13.05586060328108,8.876224906347197,0.0,-0.6870113869642938,2.155915716494779,0.0,-3.1789739969964605,-2.2474621160381516,0.0,12.361738324870181,-17.485342427800816,20.167235071653202,54.62299047770334,74.79022554935653
2.4239999999999546,7.23,-0.577719333897662,3.867100941645437,2.6931720843301092,2.7987979306197612,-13.116701832464011,8.956265561303255,0.0,-0.6933663952856401,2.151388752323384,0.0,-3.1760043924762824,-2.2794821910063603,0.0,12.51884729520002,-17.442520128109283,20.270217320714814,54.51970606993264,74.78992339064746
2.4259999999999544,7.23,-0.5723592632517154,3.8727165033894084,2.666878578589993,2.816790487230613,-13.176652199931587,9.036288040704846,0.0,-0.6997152859675503,2.1467978642720356,0.0,-3.1728567779476027,-2.311385757027035,0.0,12.674874025743465,-17.398895809559058,20.3739729373981,54.4156491151422,74.7896220525403
2.427999999999954,7.23,-0.567051898920172,3.8783682102896946,2.640466069396223,2.834943087753872,-13.235704149585612,9.116312974531992,0.0,-0.7060577055089332,2.1421432867392287,0.0,-3.1695336724408163,-2.3431714416903864,0.0,12.829821817629158,-17.35449294869165,20.478501221006493,54.31082026830883,74.78932148931533
2.429999999999954,7.23,-0.5617974771086899,3.8840563824531116,2.6139363601009284,2.853255758277844,-13.293851373436208,9.19636165302809,0.0,-0.7123933054474322,2.1374252568194967,0.0,-3.1660375954677606,-2.3748379214857387,0.0,12.983694614155832,-17.309335051704284,20.583801455628965,54.20522019870796,74.78902165433692
2.4319999999999538,7.23,-0.5565962304044423,3.8897813400816763,2.5872912654181035,2.8717285681365614,-13.351088818631546,9.276456032703077,0.0,-0.7187217423592547,2.132644014204937,0.0,-3.162371065881095,-2.4063839224695043,0.0,13.136497005728836,-17.26344564142465,20.689872909601938,54.098849590448594,74.78872250005054
2.4339999999999535,7.23,-0.5514483877559087,3.8955434035604335,2.560532608907454,2.8903616312485867,-13.407412693108778,9.35661874265891,0.0,-0.7250426778566799,2.1277998010854544,0.0,-3.1585366006956357,-2.4378082208756373,0.0,13.288234234111318,-17.216848244109055,20.796714834986453,53.99170914299246,74.78842397797891
2.4359999999999533,7.23,-0.5463541744577076,3.9013428935479753,2.533662220448284,2.9091551074688162,-13.462820469911387,9.436873091273998,0.0,-0.7313557785831764,2.1228928620478427,0.0,-3.154536713874733,-2.4691096436675912,0.0,13.438912196000654,-17.16956637610148,20.90432646706148,53.883799571657775,74.78812603871926
2.437999999999953,7.23,-0.5413138121404905,3.9071801310696768,2.506681933706043,2.928109203954046,-13.517310890221188,9.517243073284254,0.0,-0.7376607162060578,2.1179234439738255,0.0,-3.1503739150846637,-2.5002870690309096,0.0,13.588537445942634,-17.121623530389755,21.012707023832647,53.77512160810727,74.78782863193992
2.439999999999953,7.23,-0.5363275187659063,3.913055437613677,2.47959358359405,2.9472241765431266,-13.570883965156112,9.597753377299572,0.0,-0.7439571674066201,2.11289179593717,0.0,-3.146050708420044,-2.531339426805825,0.0,13.73711719859812,-17.073043163094518,21.121855705556563,53.66567600082084,74.7875317063774
2.4419999999999527,7.23,-0.5313955086266471,3.9189691352296365,2.4523990037328116,2.966500331152619,-13.623540976387877,9.678429393795486,0.0,-0.750244813867701,2.107798169099989,0.0,-3.141569591103184,-2.5622656988593633,0.0,13.884659330378685,-17.02384867992527,21.2317716942803,53.55546351555265,74.78723520983296
2.4439999999999524,7.23,-0.5265179923515737,3.9249215466303027,2.4251000239092413,2.985938025188945,-13.675284475636493,9.75929722362137,0.0,-0.7565233422586162,2.1026428166083733,0.0,-3.1369330521603533,-2.5930649193966726,0.0,14.031172380469854,-16.974063422637435,21.342454153396268,53.44448493577339,74.78693908916966
2.445999999999952,7.23,-0.5216951769159229,3.9309129952959148,2.3976984675379587,3.0055376689781057,-13.726118283100844,9.84038368706703,0.0,-0.7627924442174242,2.097425993487449,0.0,-3.1321435710777497,-2.6237361752114072,0.0,14.176665551262051,-16.923710655522385,21.453902227211493,53.33274106309738,74.78664329030887
2.447999999999952,7.23,-0.5169272656565872,3.9369438055814894,2.3701961491267425,3.0252997272141244,-13.776047484887378,9.921716333531688,0.0,-0.7690518163304908,2.0921479565360026,0.0,-3.1272036164399992,-2.654278605875242,0.0,14.321148708211526,-16.87281355196182,21.566115040531628,53.22023271769541,74.78634775822704
2.4499999999999518,7.23,-0.5122144582924577,3.943014302827021,2.3425948717480756,3.045224720427471,-13.825078429501161,10.003323451839679,0.0,-0.7753011601093107,2.0868089642207837,0.0,-3.1221156445539133,-2.6846914038666476,0.0,14.464632379154569,-16.821395181076365,21.679091698258755,53.106960738693274,74.78605243695203
2.4519999999999516,7.23,-0.5075569509498172,3.9491248134706414,2.314896424518589,3.0653132264748013,-13.873218723465808,10.08523408124935,0.0,-0.781540181964564,2.081409276570617,0.0,-3.116882098060165,-2.714973814639274,0.0,14.607127753100281,-16.769478494497104,21.792831285002865,52.99292598455666,74.78575726955953
2.4539999999999513,7.23,-0.5029549361927647,3.9552756651647796,2.2871025800880798,3.085565882051446,-13.920477226140536,10.167478023202579,0.0,-0.7877685931773893,2.0759491550704268,0.0,-3.111505404535385,-2.745125136630451,0.0,14.74864667852857,-16.71708631328681,21.90733286470617,52.87812933346278,74.78546219816894
2.455999999999951,7.23,-0.49840860305865026,3.961467186895373,2.2592150921396423,3.105983384228181,-13.966864043805431,10.25008585386395,0.0,-0.7939861098678518,2.0704288625553158,0.0,-3.1059879750872743,-2.7751447212103693,0.0,14.889201661220998,-16.664241315037437,22.02259548028013,52.762571683659324,74.78516716393946
2.457999999999951,7.23,-0.49391813709849874,3.967699709104176,2.231235692902296,3.1265664920139074,-14.01239052308669,10.333088937500325,0.0,-0.8001924529605952,2.0648486631047955,0.0,-3.1003322029449913,-2.8050319725727197,0.0,15.028805861653872,-16.61096602116752,22.138618153254054,52.64625395381129,74.78487210706534
2.4599999999999507,7.23,-0.4894837204223934,3.9739735638142215,2.203166090677364,3.1473160279459753,-14.057069243796251,10.416519440752925,0.0,-0.806387348147674,2.059208821937298,0.0,-3.094540462047174,-2.8347863475676593,0.0,15.16747309198374,-16.557282784442783,22.25539988343507,52.52917708333631,74.78457696677138
2.4619999999999505,7.23,-0.48510553174979293,3.980289084758493,2.175007967379696,3.168232879709988,-14.100914011261318,10.500410347856121,0.0,-0.8125705258485609,2.053509605305075,0.0,-3.0886151056297315,-2.8644073554780753,0.0,15.305217812656647,-16.503213776741184,22.37293964857851,52.41134203272907,74.78428168130758
2.4639999999999502,7.23,-0.48078374646474986,3.9866466075118674,2.146762976094675,3.189318001791037,-14.143939848220946,10.584795476858684,0.0,-0.818741721167328,2.047751280389604,0.0,-3.0825584648154853,-2.8938945577402424,0.0,15.442055128673402,-16.448780977082258,22.491236404067976,52.29274978387572,74.7839861879437
2.46599999999995,7.23,-0.47651853667599897,3.9930464696263908,2.1184327386518027,3.2105724171584313,-14.186162986368172,10.669709496905503,0.0,-0.8249006738470159,2.0419341151976047,0.0,-3.0763728472075793,-2.923247567610099,0.0,15.578000785544273,-16.39400615993903,22.610289082604496,52.17340134035872,74.78369042296322
2.46799999999995,7.23,-0.472310071281881,3.999489010769964,2.0900188432154825,3.2319972189860975,-14.22760085761749,10.755187946639651,0.0,-0.8310471282211913,2.0360583784577786,0.0,-3.0700605354885004,-2.952466049776393,0.0,15.713071164966804,-16.33891088384925,22.7300965939038,52.05329772775321,74.78339432165701
2.4699999999999496,7.23,-0.4681585160400675,4.005974572868502,2.061522841893482,3.25359357241096,-14.268272085178682,10.841267253787226,0.0,-0.8371808331627111,2.0301243395183706,0.0,-3.063623786026385,-2.981549719922107,0.0,15.847283280261692,-16.283516480341078,22.850657824400756,51.932439993915395,74.78309781831615
2.4719999999999493,7.23,-0.4640640336420504,4.012503500251651,2.0329462483633693,3.275362716331724,-14.308196474519047,10.927984755989328,0.0,-0.8433015420297063,2.024132268245664,0.0,-3.057064827490212,-3.010498344235592,0.0,15.980654771601875,-16.22784404318695,22.971971636960472,51.81082920926414,74.78280084622462
2.473999999999949,7.23,-0.46002678379236134,4.0190761398021495,2.0042905355170655,3.2973059652506276,-14.347395004297207,11.015378722948713,0.0,-0.8494090126088085,2.0180824349234956,0.0,-3.0503858594752615,-3.0393117388729687,0.0,16.113203901070914,-16.171914417997346,23.094036870594568,51.68846646705627,74.78250333765084
2.475999999999949,7.23,-0.4560469232924829,4.025692841108912,1.9755571331234927,3.3194247111608575,-14.385889817352727,11.103488379960968,0.0,-0.8555030070556382,2.0119751101538994,0.0,-3.043589051140212,-3.0679897693733613,0.0,16.24494954758695,-16.11574819216543,23.216852340182424,51.56535288365689,74.78220522383931
2.4779999999999487,7.23,-0.4521246061294173,4.032353956623938,1.946747425509112,3.341720425482475,-14.423704211836492,11.19235393290311,0.0,-0.8615832918325765,2.0058105647589617,0.0,-3.0366765398569644,-3.096532350028614,0.0,16.375911201729007,-16.05936568517097,23.340416836195452,51.44148959880526,74.7819064350007
2.4799999999999485,7.23,-0.4482599835688758,4.039059841823147,1.9178627492559905,3.364194661049837,-14.460862632567949,11.282016594755843,0.0,-0.8676496376438578,1.9995890696839809,0.0,-3.029650429874275,-3.124939443209216,0.0,16.506108960503035,-16.002786939251294,23.464729124424398,51.316877775877444,74.78160690030184
2.4819999999999482,7.23,-0.4444532042530556,4.04581085537124,1.8889043909168546,3.3868490541536627,-14.497390662706179,11.372518613738668,0.0,-0.8737018193679913,1.9933108959020247,0.0,-3.0225127909960854,-3.153211058648086,0.0,16.635563522084713,-15.946031710445222,23.589787945707858,51.19151860214677,74.78130654785463
2.483999999999948,7.23,-0.4407044143029697,4.052607359290698,1.8598735847464125,3.409685326641053,-14.533315015822442,11.463903303141594,0.0,-0.8797396159875743,1.986976314319945,0.0,-3.0152656572752,-3.1813472526841453,0.0,16.76429618057755,-15.88911946001386,23.715592015661468,51.06541328904277,74.78100530470424
2.485999999999948,7.23,-0.43701375742529847,4.059449719135049,1.8307715104480584,3.4327052880769386,-14.568663528463187,11.556215072939564,0.0,-0.8857628105164849,1.9805855956859642,0.0,-3.0079110257230655,-3.2093481274672464,0.0,16.89232882082314,-15.832069346242022,23.84214002440609,50.938563072410176,74.78070309681627
2.4879999999999476,7.23,-0.43338137502373386,4.06633830416652,1.8015992909348841,3.4559108379706203,-14.603465153292866,11.649499463281703,0.0,-0.8917711899245294,1.9741390104988716,0.0,-3.0004508550359557,-3.237213830126498,0.0,17.019683913302718,-15.774900216620955,23.969430636294575,50.81096921276844,74.78039984906302
2.4899999999999474,7.23,-0.4298074063147879,4.073273487538208,1.7723579901037505,3.479303968071237,-14.637749952907564,11.743803179950566,0.0,-0.8977645450595517,1.9676368289189305,0.0,-2.992887064337986,-3.264944551903665,0.0,17.14638450916768,-15.71763060041313,24.097462489635596,50.682632995573535,74.78009548520913
2.491999999999947,7.23,-0.42629198844804134,4.080255646480913,1.7430486106209842,3.5028867647362096,-14.671549094410741,11.839174131892145,0.0,-0.9037426705670475,1.9610793206805406,0.0,-2.985221531941021,-3.2925405272535393,0.0,17.272454235437557,-15.66027870159716,24.226234196413074,50.553555731482376,74.77978992789545
2.493999999999947,7.23,-0.42283525663081034,4.087285162494792,1.7136720917180834,3.526661411376899,-14.704894844844187,11.935661470921971,0.0,-0.909705364807307,1.9544667550067443,0.0,-2.9774560941216164,-3.320002032913035,0.0,17.397917290403672,-15.602862392190938,24.35574434200054,50.423738756621916,74.77948309862245
2.4959999999999467,7.23,-0.4194373442572136,4.094362421545977,1.684229306995629,3.55063019098595,-14.737820567568132,12.033315633719354,0.0,-0.9156524297701443,1.9477994005256127,0.0,-2.9695925439147364,-3.347329386940974,0.0,17.522798439277643,-15.54539920594831,24.485991484869146,50.293183432863145,74.77917491773229
2.4979999999999465,7.23,-0.4160983830416248,4.101487814268336,1.6547210622334054,3.5747954887510036,-14.770360719685781,12.13218838622618,0.0,-0.9215836709872173,1.9410775251885855,0.0,-2.961632629924056,-3.3745229477302057,0.0,17.647123010122467,-15.487906332424464,24.61697415628749,50.16189114810198,74.77886530438947
2.4999999999999463,7.23,-0.41281850315650065,4.108661736170555,1.6251480932045494,3.5991597947597165,-14.802550850609329,12.232332870574371,0.0,-0.9274988974419889,1.9343013961908146,0.0,-2.953578055148421,-3.4015831129939347,0.0,17.770916890105294,-15.430400611403499,24.748690860012836,50.02986331654775,74.77855417656059
2.501999999999946,7.23,-0.40959783337457845,4.115884587848722,1.5955110634913423,3.6237257068012725,-14.834427601865643,12.333803654672467,0.0,-0.9333979214773573,1.9274712798935525,0.0,-2.945430475823838,-3.428510318728011,0.0,17.89420652211053,-15.372898527680151,24.88114007197155,49.8971013790207,74.77824145099225
2.503999999999946,7.23,-0.4064365012154424,4.123156775204613,1.5658105623000669,3.64849593326984,-14.866028708242347,12.436656784589363,0.0,-0.9392805587009866,1.9205874417486468,0.0,-2.9371915002803526,-3.4553050381508967,0.0,18.017018901751985,-15.315416206187159,25.01432023992834,49.763606803259876,74.77792704318821
2.5059999999999456,7.23,-0.40333463309646383,4.130478709669901,1.5360471022721485,3.673473296175715,-14.897393000376294,12.54094983988091,0.0,-0.9451466278883617,1.9136501462251703,0.0,-2.9288626878128956,-3.4819677806229956,0.0,18.139381574822917,-15.257969407457848,25.1482297831421,49.62938108424252,74.77761086738462
2.5079999999999454,7.23,-0.4002923544881249,4.137850808436486,1.5062211172885884,3.6986607342701863,-14.928560408889206,12.646741992013977,0.0,-0.9509959508836,1.906659656738233,0.0,-2.9204455475651017,-3.5084990905469904,0.0,18.26132263522294,-15.20057352341285,25.282867092007326,49.494425744516306,74.77729283652363
2.509999999999945,7.23,-0.3973097900737431,4.145273494693209,1.4763329602644901,3.724061306290485,-14.959571970177768,12.754094066051671,0.0,-0.9568283524980449,1.8996162355800115,0.0,-2.911941537424938,-3.534899546250827,0.0,18.382870723401155,-15.143243573458623,25.41823052767993,49.35874233454596,74.77697286222589
2.511999999999945,7.23,-0.39438706391361933,4.152747197869167,1.44638290093026,3.749678194331506,-14.990469833967937,12.86306860577294,0.0,-0.9626436604066569,1.8925201438530288,0.0,-2.9033520629308365,-3.561169758854824,0.0,18.504055025354518,-15.085994200884393,25.554318421685483,49.22233243307544,74.77665085476092
2.5139999999999447,7.23,-0.39152429961363977,4.160272353883917,1.41637112359584,3.775514707351358,-15.021297272746823,12.973729942410987,0.0,-0.9684417050422296,1.8853716414057133,0.0,-2.894678476186837,-3.5873103711244605,0.0,18.62490527222136,-15.028839669542887,25.69112907550872,49.08519764750723,74.77632672301596
2.5159999999999445,7.23,-0.38872162049836984,4.167849405404819,1.3862977248941037,3.80157428481817,-15.052098693188666,13.086144267205718,0.0,-0.9742223194874409,1.878170986770268,0.0,-2.8859220747851744,-3.613322056310232,0.0,18.74545174050982,-14.97179386079964,25.828660760162713,48.94733961430005,74.77600037446277
2.5179999999999443,7.23,-0.3859791497886852,4.175478802111834,1.3561627114993045,3.8278605005059867,-15.082919649695441,13.200379707978284,0.0,-0.9799853393647607,1.8709184371028658,0.0,-2.8770841007344683,-3.63920551697597,0.0,18.865725253001624,-14.914870270733912,25.966911715736128,48.80875999938671,74.77567171512284
2.519999999999944,7.23,-0.38329701078399464,4.183161000970054,1.3259659978162255,3.8543770664480212,-15.113806860177018,13.316506409948277,0.0,-0.9857306027242123,1.8636142481262066,0.0,-2.8681657393916753,-3.664961483816865,0.0,18.985757180371753,-14.858082007574186,26.10588015091691,48.66946049861335,74.77534064953025
2.521999999999944,7.23,-0.3806753270491178,4.190896466510317,1.2957074036354224,3.881127837055978,-15.144808224200302,13.43459662102913,0.0,-0.991457949929005,1.85625867407444,0.0,-2.8591681183956283,-3.6905907144684647,0.0,19.105579443565514,-14.801441789349132,26.24556424249074,48.52944283820193,74.77500708069267
2.5239999999999436,7.23,-0.37811422260589,4.198685671118225,1.2653866517496855,3.908116813414651,-15.17597284364249,13.55472478185176,0.0,-0.9971672235390276,1.848851967640487,0.0,-2.8500923066000237,-3.7160939923077327,0.0,19.225224516974784,-14.744961941735106,26.3859621348126,48.38870877523739,74.77467091004999
2.5259999999999434,7.23,-0.37561382212957795,4.206529095331942,1.2350033655265762,3.935348147761518,-15.20735104598871,13.67696762078361,0.0,-1.0028582681922158,1.8413943799257546,0.0,-2.840939313003309,-3.741472125247296,0.0,19.34472543245633,-14.688654396078837,26.52707193924973,48.247260098181115,74.77433203743084
2.527999999999943,7.23,-0.3731742511501978,4.214427228149137,1.2045570664316005,3.9628261481616067,-15.238994410421563,13.801404254227227,0.0,-1.0085309304837604,1.8338861603922803,0.0,-2.831710085673052,-3.766725944523737,0.0,19.46411578423525,-14.6325306875746,26.668891733593814,48.10509862741274,74.77399036100655
2.529999999999943,7.23,-0.3707956362588419,4.222380567343484,1.1740471714962848,3.9905552833884843,-15.270955796856333,13.92811629250234,0.0,-1.014185058843168,1.826327556817295,0.0,-2.8224055106618975,-3.7918563034809267,0.0,19.583429734738587,-14.576601953572494,26.81141956144103,47.96222621580158,74.7736457772426
2.5319999999999427,7.23,-0.3684781053191289,4.230389619791149,1.1434729907251013,4.0185401880228655,-15.303289378083905,14.0571879516352,0.0,-1.0198205034091372,1.8187188152502323,0.0,-2.813026410912293,-3.8168640763490975,0.0,19.702702021404225,-14.520878931994721,26.95465343153764,47.8186447493101,74.77329818084775
2.5339999999999425,7.23,-0.3662217876839068,4.23845490180768,1.1128337244348578,4.046785667780993,-15.33605067519164,14.188706171401627,0.0,-1.0254371159022333,1.811060179972174,0.0,-2.8035735451467905,-3.8417501570203902,0.0,19.821967964512222,-14.465371959834787,27.098591317089138,47.67435614763069,74.77294746471983
2.5359999999999423,7.23,-0.36402681441735,4.246576939495819,1.0821284605198207,4.0752967050856626,-15.36929659644181,14.322760739993472,0.0,-1.0310347494953203,1.8033518934577573,0.0,-2.794047606740694,-3.8665154578213894,0.0,19.94126347608639,-14.410090971714043,27.243231155030898,47.529362364858386,74.77259351988928
2.537999999999942,7.23,-0.3618933185226068,4.254756269104693,1.0513561716354642,4.10407846489353,-15.403085479797628,14.459444425704891,0.0,-1.0366132586817278,1.7955941963395314,0.0,-2.7844492225734885,-3.8911609082832337,0.0,20.06062506991653,-14.355045498468366,27.388570845258258,47.383665390201074,74.77223623545933
2.539999999999942,7.23,-0.35982143517516624,4.262993437400933,1.020515712293356,4.133136300793166,-15.43747713929751,14.59885311606122,0.0,-1.0421724991410888,1.7877873273747809,0.0,-2.7747789518553843,-3.915687453909542,0.0,20.180089872752124,-14.300244665736837,27.534608249813537,47.237267248729566,74.7718754985431
2.5419999999999416,7.23,-0.3578113019621313,4.271289002052277,0.9896058158592671,4.162475761389179,-15.47253291549102,14.741085964844434,0.0,-1.0477123276028024,1.7799315234148119,0.0,-2.7650372849250413,-3.940096054942476,0.0,20.29969563672149,-14.245697192523032,27.681341192027546,47.090170002169735,74.77151119419727
2.5439999999999414,7.23,-0.355863059127599,4.279643532024232,0.9586250914461634,4.192102596988694,-15.508315730162854,14.886245547501005,0.0,-1.0532326017070655,1.7720270193767118,0.0,-2.755224642014321,-3.9643876851270585,0.0,20.41948075303177,-14.191411389697912,27.828767455613672,46.94237574973904,74.77114320535271
2.545999999999941,7.23,-0.3539768498243675,4.288057607990433,0.9275720206932592,4.2220227666074575,-15.544890145585914,15.034438025452815,0.0,-1.058733179863392,1.764074048217577,0.0,-2.745341371975666,-3.988563330473734,0.0,20.53948426700775,-14.137395158412165,27.976884783711064,46.7938866290298,74.77077141274086
2.547999999999941,7.23,-0.3521528203722062,4.296531822757348,0.8964449544218248,4.252242445313924,-15.582322428560316,15.185773319869849,0.0,-1.0642139211065484,1.7560728409112225,0.0,-2.7353877509674973,-4.012623988019051,0.0,20.659745894530115,-14.08365598838423,28.125690877875016,46.64470481694189,74.7703956948169
2.5499999999999408,7.23,-0.35039112052294596,4.305066781704019,0.865242109157903,4.282768031930857,-15.620680619512537,15.340365295504315,0.0,-1.0696746849498147,1.7480236264273659,0.0,-2.7253639810926398,-4.036570664584212,0.0,20.78030603993654,-14.030200956028219,28.27518339701112,46.49483253066737,74.77001592767849
2.5519999999999405,7.23,-0.3486919037326656,4.313663103237588,0.8339615635115242,4.313606157115176,-15.660034606947852,15.49833195522956,0.0,-1.0751153312354635,1.7399266317133057,0.0,-2.7152701889847037,-4.060404375531038,0.0,20.90120581545204,-13.977036722385147,28.425359956250396,46.34427202873009,74.76963198498049
2.5539999999999403,7.23,-0.34705532744127243,4.32232141926538,0.8026012544014044,4.344763691838174,-15.700456207569605,15.65979564597618,0.0,-1.080535719982369,1.731782081678083,0.0,-2.7051064243367726,-4.08412614351489,0.0,21.022487062218932,-13.924169530817478,28.57621812576251,46.19302561208289,74.7692437378454
2.55599999999994,7.23,-0.3454815533597976,4.331042375684358,0.7711589731134603,4.3762477562896045,-15.742019252401484,15.82488327680835,0.0,-1.0859357112306003,1.7235901991791382,0.0,-2.6948726583666547,-4.107736997233735,0.0,21.144192372999754,-13.871605204426263,28.727755429503095,46.041095625265676,74.76885105476877
2.55799999999994,7.23,-0.34397074776575104,4.33982663288884,0.7396323611807781,4.408065729230732,-15.784799679273302,15.993726549940263,0.0,-1.0913151648828785,1.7153512050114885,0.0,-2.6845687822125535,-4.131237970172515,0.0,21.266365116630947,-13.81934914314738,28.879969343892473,45.8884844576278,74.76845380152027
2.5599999999999397,7.23,-0.34252308180690577,4.348674866297386,0.7080189060719284,4.440225257823065,-15.82887563205755,16.166462205554136,0.0,-1.0966739405427526,1.7070653178994042,0.0,-2.674194605252497,-4.1546300993418,0.0,21.389049464309807,-13.767406320480326,29.032857296421355,45.73519454461771,74.76805184103907
2.5619999999999394,7.23,-0.3411387318139084,4.3575877668998455,0.6763159366737115,4.472734267961287,-15.87432756707303,16.34323228134641,0.0,-1.1020118973493305,1.69873275449063,0.0,-2.6637498533407076,-4.1779144240094475,0.0,21.512290417801506,-13.715781279801504,29.18641666418021,45.58122836914414,74.76764503332436
2.563999999999939,7.23,-0.3398178796221427,4.366566041825603,0.6445206185535598,4.505600975140839,-15.921238367103356,16.524184387801682,0.0,-1.1073288938083952,1.6903537293531383,0.0,-2.653234166953402,-4.2010919844238686,0.0,21.636133839658477,-13.664478130209543,29.340644772307684,45.426588463012024,74.76723323531971
2.565999999999939,7.23,-0.33856071290330086,4.375610414934114,0.6126299489858892,4.538833895892666,-15.969693463513181,16.709472000271475,0.0,-1.1126247876197157,1.6819284549744529,0.0,-2.642647099236292,-4.2241638205272745,0.0,21.76062648555038,-13.613500541848323,29.49553889235411,45.27127740843768,74.76681630079179
2.5679999999999388,7.23,-0.33736742550715265,4.384721627428907,0.5806407517256902,4.572441859819888,-16.019780966981955,16.899254769020217,0.0,-1.1178994355003433,1.6734571417635569,0.0,-2.631988113945367,-4.2471309706569915,0.0,21.88581603880835,-13.562851740648766,29.651096240554985,45.115297839647496,74.76639408020247
2.5699999999999386,7.23,-0.33623821781403446,4.3939004384963,0.5485496715115706,4.606434022273558,-16.071591807417004,17.093698848493556,0.0,-1.123152693003684,1.6649399980554098,0.0,-2.621256583272103,-4.269994470232867,0.0,22.011751147294916,-13.512534502426986,29.807313976010185,44.958652444564436,74.76596642057461
2.5719999999999383,7.23,-0.3351732970986186,4.403147625970129,0.5163531682792927,4.640819877707311,-16.125219883651656,17.292977247164217,0.0,-1.128384414334087,1.6563772301181066,0.0,-2.6104517855435834,-4.2927553504283,0.0,22.138481462717092,-13.462551146271903,29.96418919876271,44.8013439665876,74.76553316535032
2.573999999999938,7.23,-0.33417287790556194,4.412463987023907,0.48404751106558686,4.67560927375348,-16.180762223584118,17.497270199421287,0.0,-1.1335944521567127,1.6477690421627111,0.0,-2.5995729027874646,-4.31541463682242,0.0,22.266057682509228,-13.412903527150801,30.121718947772486,44.64337520646971,74.7650941542422
2.575999999999938,7.23,-0.33323718243767425,4.421850338891894,0.45162877158066256,4.710812426066353,-16.23831915546551,17.706765561087547,0.0,-1.1387826574023734,1.639115636355812,0.0,-2.588619018150947,-4.337973348030404,0.0,22.394531594419405,-13.36359302765592,30.279900198778332,44.48474902429826,74.76464922307659
2.5779999999999377,7.23,-0.332366440957292,4.43130751962066,0.41909281742636023,4.746439933981501,-16.297994491104404,17.921659230280873,0.0,-1.1439488790670693,1.630417212834831,0.0,-2.577589113162179,-4.360432494308826,0.0,22.52395612394362,-13.314620548809204,30.438729862042393,44.32546834158585,74.76419820362824
2.5799999999999375,7.23,-0.33156089220159074,4.440836388852823,0.3864353049352914,4.782502797043712,-16.35989572181913,18.14215559547779,0.0,-1.1490929640058687,1.6216739697261628,0.0,-2.5664820648217703,-4.382793076132415,0.0,22.654385384760992,-13.265986499836504,30.598204779970033,44.16553614347651,74.76374092344653
2.5819999999999372,7.23,-0.33082078381261987,4.450437828644765,0.3536516716045828,4.819012432459914,-16.42413422803885,18.36846801279336,0.0,-1.1542147567207994,1.6128861031661792,0.0,-2.5552966425110744,-4.4050560827383745,0.0,22.785874732334552,-13.21769078681455,30.758321724597987,44.00495548107413,74.76327720567211
2.583999999999937,7.23,-0.33014637278289877,4.460112744320223,0.32073712809596255,4.855980693537678,-16.490825503531298,18.600819314661937,0.0,-1.159314099142354,1.6040538073251924,0.0,-2.5440315047030726,-4.427222490633909,0.0,22.91848082085369,-13.169732800087152,30.919077394943216,43.84372947390049,74.76280686884371
2.585999999999937,7.23,-0.32953792591747155,4.4698620653617995,0.2876866497718882,4.893419889174438,-16.56008939531866,18.839442352289822,0.0,-1.164390830404213,1.5951772744344328,0.0,-2.532685195460483,-4.449293262062274,0.0,23.05226166370708,-13.122111400337493,31.080468414203974,43.68186131249032,74.76232972669429
2.5879999999999366,7.23,-0.3289957203133803,4.479686746342559,0.25449496773520264,4.931342804467517,-16.632050360435272,19.08458057445506,0.0,-1.1694447866107338,1.5862566948161505,0.0,-2.5212561407047107,-4.4712693434220965,0.0,23.187276697688276,-13.074824903194605,31.242491326804622,43.519354261131724,74.76184558793635
2.5899999999999364,7.23,-0.3285200438575845,4.489587767900029,0.22115655933739828,4.969762722520408,-16.70683774078152,19.336488645453834,0.0,-1.1744758005967402,1.577292256916919,0.0,-2.5097426442378388,-4.493151663634299,0.0,23.323586851151642,-13.027871062240761,31.405142595274565,43.356211660760565,74.76135425603513
2.591999999999936,7.23,-0.3281111957444261,4.499566137755075,0.1876656381179511,5.0086934475266025,-16.784586057438684,19.59543310523762,0.0,-1.1794837016790822,1.568284147344272,0.0,-2.498142883498627,-4.5149411324502555,0.0,23.461254616351216,-12.98124705027543,31.568418596950917,43.19243693201828,74.7608555289692
2.593999999999936,7.23,-0.3277694870138188,4.509622891778293,0.15401614313433737,5.048149329218623,-16.86543532593174,19.861693075056486,0.0,-1.1844683153994384,1.5592325509067804,0.0,-2.4864549050318097,-4.5366386386943995,0.0,23.600344126213955,-12.934949438677625,31.73231562049457,43.028033578483175,74.76034919897775
2.5959999999999357,7.23,-0.32749524111142186,4.519759095106749,0.12020172763924108,5.088145288776822,-16.949531394059875,20.13556101221836,0.0,-1.1894294632577402,1.5501376506577231,0.0,-2.4746766196484917,-4.55824504843358,0.0,23.74092123581619,-12.888974174694765,31.896829862207582,42.863005190086085,74.75983505229367
2.5979999999999355,7.23,-0.3272887944721516,4.529975843314071,0.08621574705807505,5.128696846300069,-17.037026304061808,20.417343517901585,0.0,-1.1943669624355977,1.5409996279424885,0.0,-2.4628057972533988,-4.579761203064933,0.0,23.88305360885362,-12.843316556469034,32.061957422139415,42.69735544672177,74.75931286886119
2.5999999999999353,7.23,-0.32715049712847916,4.540274263637146,0.052051246216246,5.169820149948649,-17.12807868104485,20.707362202315363,0.0,-1.1992806255090178,1.5318186624498993,0.0,-2.4508400613130137,-4.601187917313036,0.0,24.026810809416464,-12.797971205595559,32.22769429996852,42.531088122068965,74.75878242203748
2.601999999999935,7.23,-0.3270807133450693,4.550655516262863,0.017700945761560685,5.211532006878702,-17.222854149784478,21.005954611898808,0.0,-1.2041702601496813,1.5225949322676366,0.0,-2.43877688293613,-4.622525977126324,0.0,24.172264399406114,-12.752932036985417,32.39403639064478,42.36420708763215,74.75824347827694
2.603999999999935,7.23,-0.3270798222814276,4.56112079567863,-0.01684277227723656,5.2538499160973275,-17.32152578219781,21.313475223684033,0.0,-1.2090356688139683,1.5133286139419804,0.0,-2.4266135745361597,-4.6437761374616855,0.0,24.319488041955008,-12.70819222578529,32.560979479777075,42.19671631701997,74.75769579679704
2.6059999999999346,7.23,-0.32714821868434796,4.57167133209064,-0.051587879859624854,5.296792103378194,-17.42427457801123,21.63029651242983,0.0,-1.21387664841886,1.5040198825421014,0.0,-2.4143472830417223,-4.664939119944989,0.0,24.468557611240033,-12.663744171080172,32.72851923874888,42.02861989047544,74.75713912922433
2.6079999999999344,7.23,-0.3272863136120823,4.5823083929141415,-0.08654271929927165,5.340377558389249,-17.531289981381743,21.9568100966632,0.0,-1.218692990003781,1.49466891172917,0.0,-2.4019749826191714,-4.686015610394158,0.0,24.619551309110246,-12.619579456078204,32.89665121954375,41.8599219996755,74.75657321921925
2.609999999999934,7.23,-0.32749453519230187,4.593033284340328,-0.12171602070168662,5.384626074196963,-17.642770436496377,22.293427970352752,0.0,-1.2234844783773682,1.485275873830568,0.0,-2.3894934668674277,-4.707006256189901,0.0,24.772549788982968,-12.57568880444563,33.06537084926112,41.69062695281771,74.75599780207884
2.611999999999934,7.23,-0.32777332941607173,4.603847352984751,-0.15711692055478588,5.429558289325627,-17.75892398546692,22.640583827587683,0.0,-1.2282508917480643,1.4758409399195187,0.0,-2.376899340441889,-4.727911663477802,0.0,24.927636287498718,-12.532062032425323,33.23467342430057,41.52073918001402,74.75541260431459
2.6139999999999337,7.23,-0.3281231609702329,4.614751987622565,-0.19275498156054127,5.475195732565677,-17.879968912161228,22.998734488354508,0.0,-1.2329920013373497,1.4663642799005019,0.0,-2.3641890100602647,-4.748732394183593,0.0,25.084896764464006,-12.488687996333798,33.40455410419174,41.3502632390131,74.75481734320485
2.6159999999999335,7.23,-0.32854451411076774,4.625748621016322,-0.22864021380352567,5.521560870742001,-18.006134435972744,23.36836143430232,0.0,-1.2377075709743295,1.456846062600833,0.0,-2.351358674838692,-4.769468962821694,0.0,25.244420051654686,-12.445554534988004,33.57500790504475,41.179203821274285,74.75421172631903
2.6179999999999333,7.23,-0.32903789357992524,4.636838731842441,-0.26478309736055894,5.568677159671812,-18.137661459927354,23.749972464269803,0.0,-1.2423973566702697,1.4472864558688634,0.0,-2.338404315901811,-4.790121833074756,0.0,25.406298011097725,-12.40264840656535,33.74602969259381,41.00756575841864,74.75359545101244
2.619999999999933,7.23,-0.32960382557010076,4.648023846722999,-0.3011946064648945,5.616569098562195,-18.274803377971306,24.144103480332806,0.0,-1.2470611061715848,1.4376856266792521,0.0,-2.325321685204758,-4.810691414119756,0.0,25.570625703501005,-12.35995521934446,33.91761417480453,40.8353540290839,74.75296820388843
2.621999999999933,7.23,-0.33024285873770054,4.6593055423699745,-0.3378862353485563,5.665262288120036,-18.41782694677511,24.551320416220825,0.0,-1.2516985584896203,1.428043741245876,0.0,-2.312106293499387,-4.831178056673296,0.0,25.737501567554553,-12.317459355714528,34.08975589401271,40.66257376621367,74.75232966022638
2.6239999999999326,7.23,-0.3309555652704805,4.670685447849676,-0.3748700258976435,5.7147834926718994,-18.567013227936776,24.972221321168345,0.0,-1.2563094434054543,1.4183609651429419,0.0,-2.298753397370053,-4.851582048725874,0.0,25.907027610887024,-12.27514388877055,34.26244921855984,40.48923026481261,74.75167948337244
2.6259999999999324,7.23,-0.33174254201213,4.682165246975682,-0.41215859726778753,5.765160706618922,-18.722658607077935,25.407438613620275,0.0,-1.26089348094777,1.4086374634349759,0.0,-2.285257985257087,-4.871903610931367,0.0,26.079309613525673,-12.23299049073511,34.43568833388668,40.31532899020327,74.75101732408996
2.627999999999932,7.23,-0.33260441164817994,4.693746680839322,-0.44976517762059903,5.816423225582085,-18.88507589700702,25.857641520721405,0.0,-1.2654503808416937,1.3988734008164048,0.0,-2.271614762377647,-4.892142891614268,0.0,26.254457344779595,-12.1909793323588,34.60946723304448,40.1408755868226,74.75034281986709
2.629999999999932,7.23,-0.3335418239576493,4.705431550487462,-0.4877036381570379,5.868601722626738,-19.05459553288233,26.32353872120455,0.0,-1.2699798419262853,1.3890689417615407,0.0,-2.2578181344445016,-4.912299961352703,0.0,26.432584794541945,-12.149088972352715,34.78377970657733,39.965875887600276,74.7496555941776
2.6319999999999317,7.23,-0.334555457135215,4.717221719758165,-0.5259885296403354,5.921728329992354,-19.231566868156566,26.80588121117605,0.0,-1.2744815515381784,1.379224250685854,0.0,-2.2438621900728526,-4.932374807090544,0.0,26.613810420091724,-12.107296235793639,34.95861933172675,39.79033592396422,74.74895525569097
2.6339999999999315,7.23,-0.33564601918909104,4.729119118285709,-0.5646351216195925,5.9758367267945225,-19.416359581032737,27.305465414402857,0.0,-1.2789551848586223,1.3693394921195463,0.0,-2.2297406817539147,-4.9523673257262635,0.0,26.79825740956616,-12.065576080316328,35.13397946090474,39.614261936523896,74.74824139742864
2.6359999999999313,7.23,-0.336814249420247,4.741125744687394,-0.6036594445856792,6.030962233211731,-19.609365202222726,27.82313656106378,0.0,-1.283400404220925,1.359414830894501,0.0,-2.2154470052608337,-4.972277317119934,0.0,26.98605396337438,-12.023901448762045,35.309853209374936,39.437660386485454,74.7475135958604
2.637999999999931,7.23,-0.33806091998908044,4.753243669945681,-0.6430783353138079,6.087141911720001,-19.810998775989557,28.359792361569994,0.0,-1.2878168583750234,1.3494504323458694,0.0,-2.200974177338171,-4.992104476452704,0.0,27.177333594931156,-11.982243106789543,35.48623344207818,39.260537967859506,74.74677140993768
2.639999999999931,7.23,-0.3393868375761917,4.765475041000355,-0.6829094856724248,6.144414675994543,-20.021700667788366,28.91638700502447,0.0,-1.2922041817055776,1.3394464625296278,0.0,-2.186314811509704,-5.011848385864893,0.0,27.37223545220663,-11.940569463767423,35.663112759530165,39.08290162052667,74.74601438005683
2.6419999999999306,7.23,-0.34079284514449715,4.777822084566721,-0.7231714952061632,6.20282140816003,-20.24193853331887,29.493935515218656,0.0,-1.2965619933996493,1.329403088457662,0.0,-2.1714610918211386,-5.031508505289681,0.0,27.57090466171589,-11.898846375055316,35.84048348271343,38.90475854423393,74.74524202694735
2.6439999999999304,7.23,-0.3422798238105617,4.790287111197273,-0.7638839278318732,6.262405085140521,-20.472209465485687,30.093518500808308,0.0,-1.3008898965596358,1.3193204783520462,0.0,-2.156404744313349,-5.051084162388875,0.0,27.77349269671101,-11.85703692353738,36.018337636877234,38.72611621360083,74.74445385047807
2.64599999999993,7.23,-0.3438486948337453,4.802872519605836,-0.8050673730215957,6.323210914937484,-20.713042337655207,30.716287340517695,0.0,-1.3051874772566912,1.3091988019204495,0.0,-2.141137005998819,-5.0705745414851044,0.0,27.980157771488035,-11.815101177996253,36.1966669341504,38.54698239422388,74.74364932837429
2.64799999999993,7.23,-0.3455004217325423,4.81558080127496,-0.8467435118852124,6.385286483750748,-20.965000363731388,31.36346984896806,0.0,-1.3094543035194,1.2990382306547628,0.0,-2.1256485910871756,-5.089978671371226,0.0,28.191065263885353,-11.772995925596106,36.37546275486263,38.36736515997518,74.74282791483782
2.6499999999999297,7.23,-0.34723601253836245,4.828414545369218,-0.8889351886089009,6.448681914953564,-21.22868389797365,32.03637647406816,0.0,-1.3136899242519147,1.2888389381553427,0.0,-2.1099296541761503,-5.109295411861758,0.0,28.406388168225035,-11.730674375380627,36.55471612745821,38.1872729116026,74.7419890390608
2.6519999999999295,7.23,-0.3490565221979605,4.841376443979246,-0.9316664877540285,6.513450041040836,-21.504733500192014,32.736407082940026,0.0,-1.3178938680751837,1.278601100483538,0.0,-2.0939697500903858,-5.128523438933259,0.0,28.626307581140303,-11.68808582927312,36.73441770687483,38.00671439674963,74.74113210362447
2.6539999999999293,7.23,-0.35096305513678494,4.854469297723663,-0.9749628179753805,6.5796465897901175,-21.79383329501382,33.46505840016553,0.0,-1.3220656420842116,1.2683248965454756,0.0,-2.077757790011954,-5.1476612282795635,0.0,28.851013222936217,-11.645175316583217,36.91455775124535,37.82569873152523,74.74025648277058
2.655999999999929,7.23,-0.3529567679966935,4.867696021738668,-1.0188510027783984,6.6473303860101325,-22.096714657374303,34.223932169840054,0.0,-1.3262047305135445,1.258010508510485,0.0,-2.0612819935029574,-5.166707037083935,0.0,29.080703997351495,-11.601883187470595,37.09512609676577,37.64423542376933,74.7393615205351
2.657999999999929,7.23,-0.3550388725627891,4.8810596520879725,-1.0633593790032314,6.716563570403057,-22.414160260294327,35.01474412163369,0.0,-1.3303105933023265,1.247658122267941,0.0,-2.044529835970647,-5.185658883782409,0.0,29.315588592824437,-11.558144660173383,37.27611213055512,37.462334398174704,74.73844652872982
2.6599999999999286,7.23,-0.35721063889558086,4.894563352628973,-1.1085179037998674,6.787411837236867,-22.747008525432314,35.83933383092214,0.0,-1.3343826645493126,1.237267927926797,0.0,-2.027487991068682,-5.204514525560505,0.0,29.555886128615953,-11.51388931606617,37.457504761313025,37.28000602344457,74.7375107847576
2.6619999999999284,7.23,-0.35947339868628697,4.908210422374634,-1.1543582709444815,6.859944692715101,-23.096158521909658,36.699675574225274,0.0,-1.3384203508471517,1.2268401203626256,0.0,-2.0101422674632183,-5.223271433288394,0.0,29.801826849408382,-11.469040535751224,37.63929238755908,37.097261141685415,74.7365535292445
2.663999999999928,7.23,-0.3618285488548917,4.922004303394543,-1.2009140374437028,6.934235736146274,-23.462575364584662,37.59789029385588,0.0,-1.3424230294840371,1.216374899817621,0.0,-1.9924775393180085,-5.241926763556316,0.0,30.053652872275467,-11.423514868384652,37.82146286321287,36.914111100257756,74.73557396347063
2.665999999999928,7.23,-0.36427755541256845,4.935948589303025,-1.2482207614821397,7.010362966257032,-23.847296169386077,38.536258800046625,0.0,-1.3463900464994487,1.2058724725597434,0.0,-1.9744776697673163,-5.260477327421857,0.0,30.31161899020858,-11.377221325273513,38.00400346024546,36.730567786333765,74.73457124657922
2.6679999999999278,7.23,-0.36682195761231184,4.9500470343871985,-1.2963161528908667,7.0884091152656135,-24.25143663061088,39.5172363551154,0.0,-1.3503207145791467,1.1953330516080216,0.0,-1.9561254265472394,-5.278919555421882,0.0,30.57599353667855,-11.330060587419013,38.186900828100946,36.54664366444031,74.73354449254126
2.6699999999999275,7.23,-0.36946337241411104,4.964303563433336,-1.3452402374524817,7.168462013639381,-24.67619829336484,40.543468802719985,0.0,-1.3542143107728148,1.184756857531971,0.0,-1.9374023888427092,-5.297249458333481,0.0,30.847059316010828,-11.281924115088524,38.37014094954965,36.36235181729958,74.73249276684923
2.6719999999999273,7.23,-0.3722034992937818,4.978722282316118,-1.3950355365138696,7.250614988806844,-25.122876603700394,41.61781042622378,0.0,-1.358070074015729,1.1741441193342335,0.0,-1.918288844277075,-5.315462583087663,0.0,31.1251146046416,-11.23269314563525,38.55370909259368,36.17770599031853,74.7314150829122
2.673999999999927,7.23,-0.3750441254276885,4.993307489422289,-1.4457472635533228,7.334967301485867,-25.592869829636562,42.74334374398825,0.0,-1.3618872024335484,1.1634950754267814,0.0,-1.8987636748197199,-5.333553963145279,0.0,31.410474228597916,-11.18223756359098,38.737589757997824,35.992720640121405,74.73031039811923
2.675999999999927,7.23,-0.37798713128907335,5.008063687987958,-1.497423539546814,7.421624623731804,-26.087688958280385,43.92340147636948,0.0,-1.365664850406685,1.1528099747125728,0.0,-1.8788042302123606,-5.351518062533215,0.0,31.703470722785752,-11.130414624479071,38.92176662196412,35.80741098757113,74.72917760953524
2.6779999999999267,7.23,-0.3810344966956216,5.02299559943751,-1.5501156292019835,7.510699563308732,-26.608968687887568,45.161590949737516,0.0,-1.3694021253677324,1.142089077786207,0.0,-1.858386187310804,-5.369348712607687,0.0,32.00445557786073,-11.077067510747142,39.106222473406234,35.62179307578153,74.72801554918777
2.6799999999999264,7.23,-0.38418830735227344,5.0381081778218375,-1.603878200381135,7.602312239551384,-27.158479649078068,46.46182123736287,0.0,-1.3730980843019784,1.1313326582692231,0.0,-1.8374833935024977,-5.387039040456003,0.0,32.313800580564966,-11.022023694618225,39.29093914520911,35.43588383368986,74.72682297889897
2.681999999999926,7.23,-0.38745076193821737,5.053406625464565,-1.6587696093199424,7.6965909165232365,-27.73814200675471,47.82833337598239,0.0,-1.3767517299170922,1.1205410042979835,0.0,-1.816067692083574,-5.4045813876637485,0.0,32.6318992534056,-10.96509307838423,39.47589743877592,35.2497011458345,74.72559858461042
2.683999999999926,7.23,-0.39082417979252826,5.068896409937263,-1.714852214570741,7.793672699996777,-28.3500406137437,49.265734040700295,0.0,-1.3803620064435176,1.1097144201848643,0.0,-1.794108727156162,-5.421967217954968,0.0,32.959168399373844,-10.906065877585563,39.661077041070264,35.06326392907103,74.7243409701413
2.685999999999926,7.23,-0.3943110092591273,5.084583282498481,-1.7721927229626797,7.89370430559546,-28.996441908963117,50.779033110029715,0.0,-1.3839277950218634,1.0988532282767278,0.0,-1.7715737252281885,-5.439187011951175,0.0,33.29604975699143,-10.844710206464569,39.846456433252044,34.87659221706128,74.72304865031333
2.6879999999999256,7.23,-0.3979138367587267,5.100473298147027,-1.830862571280422,7.996842906354271,-29.67981277716831,52.373685607694014,0.0,-1.3874479086275149,1.0879577710384196,0.0,-1.7484272502530427,-5.456230146982039,0.0,33.64301177023462,-10.78076931784082,40.03201278987795,34.68970725348771,74.72172004336566
2.6899999999999253,7.23,-0.401635396663277,5.11657283745744,-1.8909383478234887,8.103257068988679,-30.402841614098776,54.05563856851361,0.0,-1.3909210864756403,1.0770284133936057,0.0,-1.7246309283233856,-5.4730847595049,0.0,34.000551476702775,-10.71395844088434,40.21772186749065,34.50263159508299,74.72035346257364
2.691999999999925,7.23,-0.4054785820572661,5.132888630385302,-1.9525022585248202,8.213127789321955,-31.168461870131765,55.83138344232162,0.0,-1.3943459878416198,1.0660655453605,0.0,-1.7001431376153573,-5.4897375872385705,0.0,34.369196515612195,-10.643961149837814,40.403557881249526,34.315389225722754,74.71894710697228
2.693999999999925,7.23,-0.40944645648014244,5.149427782252241,-2.0156426428845093,8.326649638619912,-31.979878377122528,57.708014722012415,0.0,-1.397721185222379,1.0550695850264282,0.0,-1.6749186584494318,-5.506173787571573,0.0,34.749507254591215,-10.570425184183701,40.58949336805529,34.12800568301656,74.71749905107185
2.6959999999999247,7.23,-0.4135422667552785,5.166197802145385,-2.0804545456170906,8.444032034030275,-32.84059679649836,59.69329555859957,0.0,-1.4010451567530158,1.044040981912652,0.0,-1.6489082774681343,-5.522376728144995,0.0,35.142079030546746,-10.49295762557879,40.77549903438814,33.94050819904917,74.71600723343731
2.6979999999999245,7.23,-0.41776945702338625,5.183206633993981,-2.1470403506210745,8.565500647928806,-33.75445656097279,61.79573120571706,0.0,-1.4043162777800988,1.0329802207898544,0.0,-1.6220583389023024,-5.53832774470907,0.0,35.54754449468928,-10.411119318497514,40.961543586804304,33.75292585717901,74.71446944398332
2.6999999999999242,7.23,-0.4221316841122806,5.2004626906172655,-2.21551048465798,8.691298972738455,-34.72566771590927,64.02465121514264,0.0,-1.407532811477779,1.0218878260154634,0.0,-1.5943102346728892,-5.554005860376654,0.0,35.9665760446347,-10.324418399193611,41.1475935427158,33.565289767101504,74.7128833098173
2.701999999999924,7.23,-0.4266328343904952,5.21797489107268,-2.285984198971384,8.821690059705812,-35.758852096918396,66.39030137847284,0.0,-1.410692898374913,1.0107643664768657,0.0,-1.5655998236136268,-5.569387459204638,0.0,36.399888316674584,-10.232302770380395,41.333613018698955,33.37763326073774,74.7112462794367
2.703999999999924,7.23,-0.4312770422696053,5.235752701672535,-2.358590437974651,8.956958452171868,-36.859089303824405,68.90394646980933,0.0,-1.413794544640282,0.9996104612401462,0.0,-1.5358567683521984,-5.58444590557297,0.0,36.84824069791624,-10.134151325790132,41.519563493131045,33.18999211192724,74.70955560505828
2.7059999999999236,7.23,-0.43606871053930035,5.253806181080424,-2.43346880506947,9.097412336022472,-38.031967941753834,71.57798487761069,0.0,-1.4168356089480179,0.9884267860227645,0.0,-1.5050037762933857,-5.599151099033914,0.0,37.31243979982393,-10.029263688051527,41.70540353942795,33.00240478339835,74.7078083228263
2.7079999999999234,7.23,-0.4410125327403113,5.27214602994626,-2.5107706365918845,9.243385932176935,-39.283642588822495,74.42607620158432,0.0,-1.4198137877157968,0.9772140806314027,0.0,-1.4729557286339698,-5.613468952087067,0.0,37.7933418101099,-9.91684817330752,41.891088525526946,32.81491270507764,74.70600123060458
2.709999999999923,7.23,-0.4461135178031857,5.2907836455906025,-2.5906601957618776,9.395242158053147,-40.62089690335768,77.46328280397151,0.0,-1.422726598473276,0.9659731575339664,0.0,-1.4396186783173144,-5.627360775591566,0.0,38.29185460672427,-9.796007634405878,42.076570274520805,32.62756058849983,74.70413086302064
2.711999999999923,7.23,-0.45137701720542434,5.309731182304721,-2.673315999247676,9.553375586745974,-42.05121318197846,80.7062261012072,0.0,-1.4255713610765373,0.9547049117685794,0.0,-1.4048886941975562,-5.640782553119328,0.0,38.80893947289378,-9.665722758469954,42.26179668046023,32.44039678291423,74.70219346337446
2.7139999999999227,7.23,-0.45680875492523226,5.3290016178916275,-2.758932289409237,9.71821573387985,-43.58284849392634,84.17325799866849,0.0,-1.4283451764345605,0.9434103324339346,0.0,-1.3686505243007563,-5.653684081308495,0.0,39.34561219172374,-9.524832300617994,42.4467112722902,32.253473679682955,74.70018495197316
2.7159999999999225,7.23,-0.46241486049633046,5.348608827133693,-2.847720665247998,9.890230702299677,-45.22491720379927,87.88464721518206,0.0,-1.431044902354406,0.9320905160563795,0.0,-1.3307760457882618,-5.666007947972968,0.0,39.902943217318416,-9.372009619057083,42.631252717626744,32.06684817276303,74.69810089038978
2.7179999999999223,7.23,-0.4682019054936567,5.368567662931619,-2.9399118842480925,10.06993121327275,-46.98747919117036,91.86277917853172,0.0,-1.4336671260407843,0.9207466821920307,0.0,-1.2911224628640119,-5.6776883130783045,0.0,40.4820565092175,-9.205734732141883,42.81535425657416,31.880582184501066,74.69593644107522
2.719999999999922,7.23,-0.47417694380230135,5.388894045913273,-3.03575784518038,10.257875048681964,-48.88163228893645,96.13236649782314,0.0,-1.4362081327007212,0.9093801917000932,0.0,-1.2495302062117535,-5.688649449345162,0.0,41.08412646799511,-9.024260938330999,42.99894305398172,31.694743267697874,74.69368632167959
2.721999999999922,7.23,-0.48034755603848983,5.409605063352318,-3.1355337578617064,10.45467192030128,-50.919606257020604,100.72066443887721,0.0,-1.4386638696022573,0.8979925682202214,0.0,-1.2058204783617603,-5.698803988727581,0.0,41.7103722081802,-8.825574816786206,43.18193945638377,31.509405296979878,74.69134475336365
2.7239999999999216,7.23,-0.48672189849694814,5.430719078255242,-3.2395404987946192,10.660988767445406,-53.11485378558684,105.65768191315213,0.0,-1.4410299048141784,0.8865855235071061,0.0,-1.159792378413243,-5.708050807748917,0.0,42.36204813114536,-8.60734814935069,43.36425613728477,31.324649265019225,74.68890540230399
2.7259999999999214,7.23,-0.49330875698618554,5.452255849455488,-3.3481071400501548,10.87755545981208,-55.48213129122982,110.97637260603659,0.0,-1.4433013797079295,0.8751609874257924,0.0,-1.1112195265229534,-5.716272467923336,0.0,43.04042938912648,-8.36687996163782,43.54579711137243,31.14056420216108,74.68636131353351
2.727999999999921,7.23,-0.5001176058710348,5.474236663470978,-3.4615936204827182,11.10517084338025,-58.03755820468492,116.71278208913603,0.0,-1.4454729541286875,0.8637211435992882,0.0,-1.0598460932980966,-5.723332106319543,0.0,43.74679032626552,-8.101026458071287,43.72645659457137,30.957248241642226,74.6837048362136
2.729999999999921,7.23,-0.5071586725537386,5.496684478700886,-3.580393500129367,11.34470900672585,-60.798637426505266,122.90611372564764,0.0,-1.4475387429355047,0.8522684719358913,0.0,-1.0053821216073364,-5.729069644594743,0.0,44.48237329454979,-7.806116108083632,43.906117682500856,30.774809856933203,74.68092753943407
2.7319999999999207,7.23,-0.5144430074665709,5.519624082206275,-3.7049366956792937,11.597125552701009,-63.78421073872344,129.59865690488675,0.0,-1.4494922423658543,0.840805799559774,0.0,-0.9474980085055138,-5.733297151168546,0.0,45.24834430506232,-7.477846514283694,44.084650814790216,30.593369302923165,74.67802011771337
2.7339999999999205,7.23,-0.5219825593844439,5.543082258759017,-3.835692030230348,11.863463520911077,-67.0143098839584,136.83549274568597,0.0,-1.4513262443939463,0.8293363620400711,0.0,-0.8858179936086639,-5.735793149031345,0.0,46.045730697811265,-7.111158948935999,44.26191198676521,30.413060298804403,74.67497228556962
2.7359999999999203,7.23,-0.5297902554422315,5.567087970939444,-3.973169334007743,12.144858397650111,-70.50984484887476,144.66385071548584,0.0,-1.4530327369231784,0.8178638772800061,0.0,-0.8199124789163961,-5.736295609282598,0.0,46.875334275802786,-6.700085585532581,44.437740663243176,30.23403199769001,74.67177266093319
2.73799999999992,7.23,-0.5378800845810455,5.591672547646546,-4.117920689538046,12.442541339703512,-74.29204288441969,153.13192864764483,0.0,-1.4546027872838962,0.806392635010302,0.0,-0.7492889869192447,-5.734493306287893,0.0,47.73761099216844,-6.237563506970312,44.61195734166192,30.05645129622227,74.6684086378842
2.73999999999992,7.23,-0.5462671821371303,5.616869876208669,-4.270540203657084,12.757839280203278,-78.38151111525286,162.28689998512263,0.0,-1.456026406110039,0.7949276055552628,0.0,-0.673381554777416,-5.730015133411854,0.0,48.63250510025384,-5.715208622429953,44.78436070381103,29.880505546568962,74.66486625037999
2.7419999999999196,7.23,-0.5549679117619337,5.642716589989155,-4.4316613793222,13.092169912168167,-82.79673696002943,172.17170417245185,0.0,-1.4572923882702067,0.7834745724303005,0.0,-0.5915383730198505,-5.722416889468031,0.0,49.55922142909296,-5.123041850769711,44.95472428769415,29.706405742835194,74.66113003052934
2.7439999999999194,7.23,-0.5639999385854427,5.669252238453406,-4.601950709950421,13.447028565391575,-87.55175707197162,182.82003374627035,0.0,-1.458388127186603,0.772040294406338,0.0,-0.5030075259833651,-5.711164950019016,0.0,50.515913857382984,-4.449159685381947,45.12279260474912,29.534390263102154,74.65718286785128
2.745999999999919,7.23,-0.5733822841701811,5.696519419365934,-4.782095469928436,13.823962577939056,-92.65260869147926,194.24867630182803,0.0,-1.4592993986943246,0.7606327039428549,0.0,-0.40692080921783935,-5.695616146885973,0.0,51.49926088336886,-3.6793422120341885,45.28827662504601,29.364729255193566,74.65300588023958
2.747999999999919,7.23,-0.5831353488801527,5.724563842090032,-4.972782751597783,14.224526749182827,-98.09201850351903,206.4460219531215,0.0,-1.4600101107600039,0.7492611503123195,0.0,-0.3022758378278305,-5.674993120792232,0.0,52.50389034595645,-2.796595010026898,45.45084855793208,29.197729755468934,74.64857831340102
2.7499999999999187,7.23,-0.5932808801704453,5.753434275474308,-5.174665511198149,14.65021064864906,-103.84157818518871,219.35509556529166,0.0,-1.4605020162122686,0.7379366972005736,0.0,-0.18791710239085768,-5.64835443984051,0.0,53.5216052244413,-1.7806292215203818,45.610135874167106,29.03374161948421,74.64387749365132
2.7519999999999185,7.23,-0.6038418551678068,5.783182311729031,-5.38830964411231,15.10232474539867,-109.8404105641392,232.8489342172256,0.0,-1.4607543876674032,0.7266724858044764,0.0,-0.06251740602384537,-5.614558991315274,0.0,54.54035246817843,-0.6072999438087624,45.7657145578139,28.873164311107693,74.6388788689216
2.7539999999999183,7.23,-0.6148422317921292,5.81386184689342,-5.614113867464146,15.581827412157129,-115.97908668575644,246.69559263763216,0.0,-1.4607436579160495,0.7154841749182911,0.0,0.07543757702215848,-5.572224735726659,0.0,55.54287060667397,0.7519473420657612,45.917101657240636,28.716454526003552,74.6335561832442
2.755999999999918,7.23,-0.626306503625726,5.845528136901845,-5.852191546549178,16.089069061024837,-122.07742691818852,260.5097721632149,0.0,-1.460443036493849,0.7043904681837492,0.0,0.22765676995441053,-5.519683164384401,0.0,56.5049572633133,2.330520733505286,46.06374734698851,28.564134490026255,74.62788183701477
2.757999999999918,7.23,-0.6382589693474882,5.878236234907834,-6.1022010224285,16.623423982463535,-127.85507011386215,273.68860181480505,0.0,-1.4598221259319681,0.6934137337725044,0.0,0.3960350835213444,-5.454933208940373,0.0,57.39332979653107,4.16682868312379,46.20502694733049,28.416800533615636,74.62182748094612
2.7599999999999176,7.23,-0.6507225989861185,5.912038552922826,-6.363109703901536,17.182777544147353,-132.8948450779078,285.3315904609783,0.0,-1.4588465818849765,0.682580710286553,0.0,0.5826159121397803,-5.375602611970227,0.0,58.16313791032833,6.303808538800795,46.34023371728091,28.275131145191967,74.61536486247287
2.7619999999999174,7.23,-0.6637173514112893,5.946981229588004,-6.6328798111124625,17.762841998022267,-136.60193564526733,294.15119890712407,0.0,-1.4574778929453438,0.6719232700495187,0.0,0.7895057507709615,-5.278931725315963,0.0,58.755368261236335,8.78732735042813,46.46857378952239,28.139893084424884,74.60846687394726
2.763999999999917,7.23,-0.6772577826395647,5.983098952698736,-6.90807506241496,18.35629885206822,-138.16789205910405,298.39368876171505,0.0,-1.4556734006276422,0.6614791711353947,0.0,1.0187152635667989,-5.161804969328937,0.0,59.09471191395661,11.66271980063919,46.58916540646744,28.01194323520226,74.6011086416697
2.765999999999917,7.23,-0.6913498073518225,6.020407933702813,-7.183415282043999,18.95182597935049,-136.55888657247272,295.8124815029322,0.0,-1.4533867360441461,0.6512926662428169,0.0,1.2718970307939306,-5.020868089702581,0.0,59.08898677319191,14.968548363893895,46.70104569418243,27.892222711204298,74.59326840538674
2.7679999999999167,7.23,-0.7059865777209952,6.058896951760899,-7.451358291300786,19.53318179682967,-130.5615218040838,283.7666661419655,0.0,-1.4505689057576063,0.6414147481567125,0.0,1.549955544264364,-4.8527807759030415,0.0,58.631872514606236,18.72674659565768,46.803189585923946,27.781738492147472,74.58492807807141
2.7699999999999165,7.23,-0.7211436778674066,6.098516894338761,-7.701867630822292,20.078691661418663,-118.93057368110115,259.5415856252761,0.0,-1.4471702854354147,0.6319027107800456,0.0,1.8525312621223868,-4.654653502198799,0.0,57.61124723581842,22.929018562563094,46.89454702658951,27.681527127820615,74.57607415441012
2.7719999999999163,7.23,-0.736774237822146,6.139170104939759,-7.922610358877156,20.561668998224988,-100.67474845018577,220.97052367150894,0.0,-1.4431437218762215,0.6228186338184905,0.0,2.1774200543540507,-4.424685896812178,0.0,55.9251401237804,27.521167488027213,46.974105524500416,27.59259587800693,74.56670140250735
2.773999999999916,7.23,-0.7528051061390408,6.180702016411414,-8.099858625652649,20.95236875906992,-75.46462590876644,167.32346043413176,0.0,-1.4384487330547135,0.6142264404111932,0.0,2.520081889050033,-4.162941768775339,0.0,53.50523677243112,32.38997460183168,47.040983277994975,27.515840499005705,74.55682377700069
2.775999999999916,7.23,-0.7691356737445807,6.2228985395379235,-8.220240030858816,21.2217911020512,-44.0428045750574,100.20164586588653,0.0,-1.4330563968966872,0.6061874322820087,0.0,2.873481804221499,-3.872066503936236,0.0,50.34345302146389,37.36015279484429,47.09454923677388,27.451946640403765,74.54649587717765
2.7779999999999156,7.23,-0.7856409127315629,6.265492617575828,-8.273127583453652,21.34688126472295,-8.410419102940338,23.945548467710676,0.0,-1.4269540166946406,0.5987547167808254,0.0,3.22850883583762,-3.557636845571767,0.0,46.51181477387758,42.20886264859136,47.134547209623186,27.401292100107405,74.53583930973059
2.7799999999999154,7.23,-0.8021793005185622,6.308181413420306,-8.252989058478857,21.315644050587654,28.424276029521764,-54.91154454771463,0.0,-1.4201483025876018,0.5919675631822113,0.0,3.5750512994233334,-3.2278485767660303,0.0,42.16404565450984,46.69941065114171,47.16117874092697,27.363875052585662,74.52505379351263
2.781999999999915,7.23,-0.8186046190936217,6.350651933585709,-8.160765432361067,21.130145030787837,63.13938152371588,-129.15370350378313,0.0,-1.4126659423710821,0.5858471101648811,0.0,3.9034964834564807,-2.892475575391745,0.0,37.51313878246943,50.62528671515304,47.175098094232546,27.339292060646372,74.51439015487892
2.783999999999915,7.23,-0.8347789538632208,6.392609262907666,-8.00364155590077,20.80600997566998,92.94500210138948,-192.72428068460147,0.0,-1.4045511646130528,0.5803946388552771,0.0,4.206162407194395,-2.561384947032513,0.0,32.791205322601016,53.847874476778664,47.17731152526047,27.326776228791843,74.5040877540523
2.7859999999999148,7.23,-0.8505836492016846,6.433800346941595,-7.793316079932139,20.368656107439467,116.17781776332423,-242.0202056607034,0.0,-1.3958609098693746,0.5755928137158528,0.0,4.478176954812661,-2.2431208614746945,0.0,28.207410127938825,56.313405202267994,47.16902759928635,27.32528573412931,74.49431333341566
2.7879999999999145,7.23,-0.8659259190700175,6.474028311956753,-7.543543720207576,19.84794100914454,132.424163532329,-276.15829526453757,0.0,-1.386658953647592,0.5714093067599092,0.0,4.717605296287641,-1.9439977883593054,0.0,23.9191779620874,58.04597171482683,47.15152213888689,27.33361738870287,74.48513952758975
2.7899999999999143,7.23,-0.880740594054153,6.513156199645059,-7.267861000896617,19.273215127029797,142.247618849585,-296.3798998065505,0.0,-1.3770103990941651,0.5678016039127751,0.0,4.924968832811176,-1.6678499348565219,0.0,20.02266964393052,59.12463818545842,47.12604905946872,27.35051687315745,74.47656593262617
2.791999999999914,7.23,-0.8949880130102051,6.551102320156841,-6.978057848881265,18.670002198542104,146.7578330649478,-305.11050389371763,0.0,-1.366977474579949,0.5647217775779068,0.0,5.102475737016127,-1.416300143367586,0.0,16.558933956915677,59.656534768905836,47.093790357860705,27.374765788549404,74.46855614641011
2.793999999999914,7.23,-0.9086497141114813,6.587830832631365,-6.683489896981342,18.05851216022941,147.22581314673062,-305.12170348384376,0.0,-1.356616922939427,0.5621204212414791,0.0,5.253255237574057,-1.189291722113838,0.0,13.527936789162167,59.75464511341699,47.05582774404377,27.405238287352006,74.46106603139577
2.7959999999999137,7.23,-0.9217234341519701,6.623340840058135,-6.391029188469786,17.453543703004854,144.8352098782687,-298.99033907989474,0.0,-1.3459787904401619,0.5599494448472732,0.0,5.380758175735481,-0.9856599342043117,0.0,10.90366803698184,59.52357288709101,47.01312631510979,27.440929891889525,74.45405620699931
2.7979999999999134,7.23,-0.9342184125297616,6.657656165532898,-6.105374054687009,16.865166918935472,140.56613390034255,-288.8467206199853,0.0,-1.3351062181901523,0.5581637931128225,0.0,5.488363896158926,-0.8036154373878337,0.0,8.646586279798964,59.052638557227155,46.96652806427023,27.480965719760707,74.44749378403094
2.7999999999999132,7.23,-0.9461514790665,6.690816848575211,-5.82949295884795,16.299695123969443,135.16942053114147,-276.3198539097411,0.0,-1.3240358376365373,0.556722319370978,0.0,5.579163717175749,-0.6410974009155699,0.0,6.712316572224355,58.41407721271284,46.916754305076445,27.524595798536666,74.4413501036131
2.801999999999913,7.23,-0.957544043132647,6.722872612334651,-5.565066129204162,15.760649525829093,129.18839013805362,-262.5858780597071,0.0,-1.3127984637326926,0.5555880767649332,0.0,5.655868880919722,-0.49600411252112053,0.0,5.056983358290883,57.66410819077315,46.86441479869964,27.571183590503917,74.43559838920356
2.803999999999913,7.23,-0.9684199070266538,6.753878129720399,-5.312862261943326,15.249580690619242,122.99833650351505,-248.45481225758158,0.0,-1.301419885718139,0.5547282481874565,0.0,5.720794729789474,-0.3663284103394786,0.0,3.6400597207903322,56.84526200825791,46.81002064371931,27.620191850666156,74.43021249438547
2.8059999999999126,7.23,-0.97880375108662,6.783889753290147,-5.073033070467885,14.766709880489984,116.84743057347504,-234.4601114052901,0.0,-1.2899216413435424,0.554113876497504,0.0,5.7758856255068505,-0.2502271944453467,0.0,2.425597019965678,55.989002282291885,46.75399835284135,27.671168259870896,74.42516661271225
2.8079999999999123,7.23,-0.9887201292433978,6.812963355716099,-4.8453310534102325,14.311402448522518,110.89198089064081,-220.93572084548668,0.0,-1.2783217186359856,0.5537195019406704,0.0,5.822757852376847,-0.1460489774197744,0.0,1.3824979897896952,55.11816082632308,46.69670340161597,27.723732099565794,74.42043550118177
2.809999999999912,7.23,-0.9981928345842465,6.841152973917217,-4.629264255691772,13.882503643511473,105.22413118655487,-208.0765150872803,0.0,-1.2666351644731542,0.5535227722437643,0.0,5.862747369727298,-0.05233667936276287,0.0,0.4842801874462271,54.24899763857559,46.638432356326064,27.777562503980764,74.41599486030682
2.811999999999912,7.23,-1.0072445239651686,6.868510014710962,-4.424202926272232,13.478569517105363,99.89244527354423,-195.98315432778477,0.0,-1.2548745984165541,0.5535040624467265,0.0,5.896955604263821,0.03218295544656691,0.0,-0.29139439510024906,53.392853061317666,46.579433264783205,27.832388412477236,74.41182167726043
2.8139999999999117,7.23,-1.015896518891237,6.895082841584383,-4.229451071588311,13.09802138576774,94.9166622214401,-184.69419158923725,0.0,-1.2430506395122576,0.5536461233754969,0.0,5.926290258304334,0.1086162454705657,0.0,-0.963265459670484,52.55742992288596,46.51991432555914,27.88798013415891,74.40789445971805
2.8159999999999115,7.23,-1.024168723175202,6.920916613125639,-4.04429316220605,12.73924626555495,90.29800668028233,-174.20847229122344,0.0,-1.2311722573530497,0.5539337666850076,0.0,5.951500202032961,0.17792159916548966,0.0,-1.5470125625675875,51.74776767886852,46.46005100873521,27.944142345206593,74.4041933539418
2.8179999999999112,7.23,-1.0320796157298646,6.946053282633852,-3.8680236419465417,12.40065997589893,86.02625377762836,-164.50045457396521,0.0,-1.2192470592842906,0.5543535881306952,0.0,5.973204577263441,0.24092837936337697,0.0,-2.0557457687229372,50.96697229223285,46.399991855113015,28.000708312929483,74.4007001680425
2.819999999999911,7.23,-1.0396462899198544,6.970531696937144,-3.699964746443881,12.080744917788317,82.08448961848484,-155.53050927490108,0.0,-1.207281524794946,0.5548937273887318,0.0,5.99191670990999,0.2983544383877468,0.0,-2.500434061194248,50.21675800856205,46.339863180972614,28.057535146876248,74.39739832784886
2.821999999999911,7.23,-1.0468845201978878,6.994387752709814,-3.5394765042276317,11.778070959098246,78.45226655017093,-147.251727388527,0.0,-1.195281196730281,0.5555436611624646,0.0,6.008063581681026,0.3508218246836532,0.0,-2.890269841394307,49.497846922638345,46.27977289194675,28.114499898178522,74.39427279012527
2.8239999999999106,7.23,-1.0538088432376145,7.01765458269458,-3.385961599817291,11.491305252902812,75.10765575912077,-139.6143320044176,0.0,-1.1832508374410469,0.5562940257383775,0.0,6.022001607291038,0.39887053596009836,0.0,-3.232974142089942,48.81026229007701,46.21981357852239,28.17149635377168,74.39130993229406
2.8259999999999104,7.23,-1.06043264523566,7.040362753926932,-3.2388669294948147,11.21921496276369,72.02855085680491,-132.56846582931584,0.0,-1.1711945565570274,0.5571364651310778,0.0,6.034029389649804,0.4429703910801781,0.0,-3.535049701159,48.15354303625522,46.160065034867806,28.228432397334814,74.38849743220263
2.82799999999991,7.23,-1.06676825008762,7.062540466635282,-3.0976830873537944,10.960665576563331,69.19346780177496,-126.065888627517,0.0,-1.1591159158249145,0.5580635012109827,0.0,6.044398028281689,0.483531186437653,0.0,-3.801989591294055,47.52690009195187,46.10059631532634,28.28522783152934,74.38582414685568
2.82999999999991,7.23,-1.0728270051829416,7.084213746906674,-2.961942609830612,10.714616599354272,66.58200966750348,-120.0609511142837,0.0,-1.1470180154009149,0.5590684225831545,0.0,6.05331945840998,0.5209113373023144,0.0,-4.038448683796476,46.929329904808675,46.041467419946954,28.341812575647623,74.38327999559458
2.8319999999999097,7.23,-1.0786193629220113,7.105406629140753,-2.8312175267823054,10.48011580673395,64.17511112053027,-114.51109480153119,0.0,-1.1349035651261463,0.5601451893937978,0.0,6.0609732097323405,0.5554252075740056,0.0,-4.248384401070619,46.35969647831103,45.98273068171802,28.39812516908377,74.3808558508018
2.8339999999999095,7.23,-1.0841549569521642,7.126141326237576,-2.7051165767984164,10.256292827032832,61.955140411900274,-109.37704652164993,0.0,-1.1227749436145416,0.5612883516365691,0.0,6.067511898322213,0.5873493183679994,0.0,-4.435172275934018,45.81679030480787,45.924431913206085,28.454111524406294,74.37854343761238
2.8359999999999093,7.23,-1.089442672697643,7.146438386704369,-2.5832823158502225,10.042352541990638,59.90591126156555,-104.62282100666403,0.0,-1.1106342474222914,0.5624929788921468,0.0,6.073065702500369,0.6169276058919901,0.0,-4.601700931039231,45.299370348408665,45.866611358434184,28.509723884653393,74.37633524308758
2.837999999999909,7.23,-1.0944907121246554,7.166316838646456,-2.465388262079977,9.837568608986444,58.012639662946,-100.21560716679652,0.0,-1.0984833321199658,0.5637545997532634,0.0,6.077746022698555,0.6443758771441963,0.0,-4.750450281659127,44.806193604482345,45.80930448648549,28.564919948207645,74.37422443469313
2.839999999999909,7.23,-1.099306652906859,7.185794321081215,-2.3511361620372138,9.641277283878988,56.26186883678443,-96.12558809146027,0.0,-1.0863238467316276,0.565069149462669,0.0,6.0816484845659,0.6698855906603376,0.0,-4.883556069934445,44.336035565017404,45.7525426559455,28.619662131621283,74.37220478756677
2.8419999999999086,7.23,-1.1038975022866047,7.204887203284628,-2.240253425726422,9.452871641936488,54.64137756928548,-92.32572746157264,0.0,-1.0741572627210851,0.5664329245258886,0.0,6.08485541210157,0.6936270700974074,0.0,-5.002863257173828,43.88770403978505,45.69635367349878,28.673916946385795,74.37027061988456
2.8439999999999084,7.23,-1.1082697459954896,7.223610693018176,-2.132490753114175,9.271796241415153,53.14008177224064,-88.79154337947963,0.0,-1.0619848984791243,0.5678425432584898,0.0,6.0874378718502316,0.715752241328772,0.0,-5.109970322079538,43.46004813748009,45.64076226541788,28.727654470146245,74.36841673556413
2.845999999999908,7.23,-1.1124293926260462,7.241978934536676,-2.0276199589400026,9.097542240698607,51.74793547453615,-85.50088278562865,0.0,-1.0498079400849751,0.5692949113936536,0.0,6.089457368820476,0.7363969689953389,0.0,-5.206266122675358,43.051963736377814,45.585790477064066,28.780847896476292,74.36663837354035
2.847999999999908,7.23,-1.1163820138494553,7.260005097276964,-1.9254319928476729,8.929642959157155,50.45583502917177,-82.4337044058799,0.0,-1.0376274589709984,0.570787192014744,0.0,6.090967258668199,0.7556830559608188,0.0,-5.292960663839233,42.66239642474534,45.53145801264772,28.833473150234944,74.36493116288267
2.8499999999999077,7.23,-1.1201327808618131,7.277701456094348,-1.8257351460066515,8.767669859697056,49.25552871144976,-79.57187471890362,0.0,-1.025444427003872,0.5723167791935595,0.0,6.0920139279288525,0.7737199586176513,0.0,-5.371110857533639,42.29034263379325,45.47778252521176,28.885508557865535,74.36329108307729
2.8519999999999075,7.23,-1.1236864974202594,7.295079463862359,-1.728353432173928,8.611228924413375,48.13953282900814,-76.89897917662614,0.0,-1.0132597294026975,0.5738812748117199,0.0,6.092637783969861,0.7906062622184031,0.0,-5.441642157665312,41.93484949588757,45.424779864974056,28.93693456388601,74.36171442886007
2.8539999999999073,7.23,-1.127047629804432,7.312149817190772,-1.6331251296379792,8.459957391854775,47.10105478341585,-74.40014946217663,0.0,-1.001074175839468,0.5754784681234172,0.0,6.092874088302649,0.8064309531096241,0.0,-5.505366786429148,41.59501382020534,45.372464292702006,28.9877334863489,74.3601977790509
2.855999999999907,7.23,-1.1302203340110417,7.3289225159530025,-1.539901470071474,8.313520823821056,46.133923093881386,-72.0619066639291,0.0,-0.9888885100068252,0.5771063176852135,0.0,6.092753660499132,0.8212745186856865,0.0,-5.562999136113946,41.269980473950966,45.320848663611194,29.037889305291014,74.3587379689022
2.857999999999907,7.23,-1.1332084804615916,7.3454069172504814,-1.4485454605823946,8.171610470451233,45.23252413300163,-69.87201970057878,0.0,-0.9767034178888577,0.578762935334995,0.0,6.092303474852324,0.8352099008550051,0.0,-5.615168823286027,40.95894038009821,45.26994458632672,29.0873874792043,74.35733206553103
2.8599999999999066,7.23,-1.1360156764764577,7.361611784380682,-1.358930825917774,8.033940904027586,44.39174517577394,-67.81937802820268,0.0,-0.9645195349306902,0.5804465719494332,0.0,6.0915471678334026,0.848303324643528,0.0,-5.6624317858661755,40.66112828537774,45.21976256067433,29.136214785385864,74.3559773460602
2.8619999999999064,7.23,-1.1386452867433152,7.377545331318399,-1.270941058657364,7.900247894028534,43.60692328784671,-65.89387751283797,0.0,-0.9523374522699508,0.582155604749003,0.0,6.090505471114437,0.8606150201026156,0.0,-5.7052797437558045,40.37582040973432,45.170312097433765,29.184359180703353,74.35467127813712
2.863999999999906,7.23,-1.1411004519845427,7.393215263167215,-1.1844685662171015,7.770286498257185,42.87379955113866,-64.08631830510272,0.0,-0.940157722166427,0.5838885259529241,0.0,6.089196582281124,0.8721998528165377,0.0,-5.744148287056995,40.102332056940504,45.12160182267558,29.231809679868448,74.35341150254402
2.865999999999906,7.23,-1.1433841060068815,7.408628812990062,-1.0994139044881996,7.643829347192569,42.1884781269337,-62.388313568986156,0.0,-0.9279808627441627,0.5856439326145522,0.0,6.0876364832216066,0.8831078759164712,0.0,-5.779423809946274,39.840015242663675,45.07363956887623,29.278556248772276,74.35219581764851
2.8679999999999057,7.23,-1.1454989912972724,7.423792775384366,-1.0156850889200018,7.52066510095855,41.54738967656732,-60.792207969879414,0.0,-0.9158073621421364,0.587420517491458,0.0,6.085839214443711,0.8933848145178128,0.0,-5.811449470809371,39.5882563789701,45.02643245465897,29.324589710816404,74.35102216547537
2.8699999999999055,7.23,-1.147447673311343,7.438713537128166,-0.9331969747857333,7.400597060424622,40.947258690018295,-59.29100490045921,0.0,-0.9036376821545735,0.5892170608245912,0.0,6.083817112162056,0.9030724918371106,0.0,-5.840530328664464,39.3464740414654,44.97998695471977,29.369901664490172,74.34988861920993
2.8719999999999053,7.23,-1.1492325535853782,7.4533971051886505,-0.8518706992351168,7.283441915913652,40.38507430795985,-57.87830150624903,0.0,-0.8914722614294942,0.5910324229179702,0.0,6.081581013845007,0.9122092048558018,0.0,-5.866937780859974,39.114116835872274,44.93430896125759,29.41448441070815,74.34879337196574
2.873999999999905,7.23,-1.1508558817886199,7.467849132353297,-0.7716331785299756,7.169028618782451,39.858064259784086,-56.548230658556946,0.0,-0.8793115182836622,0.5928655374248905,0.0,6.079140436968361,0.9208300562341589,0.0,-5.8909134064751,38.89066137397585,44.88940383802995,29.458330888641775,74.34773472667172
2.875999999999905,7.23,-1.1523197668202583,7.482074940715991,-0.6924166545772572,7.0571973627611735,39.36367157670699,-55.295409106675336,0.0,-0.8671558531834439,0.5947154052590296,0.0,6.076503734947945,0.9289672482009056,0.0,-5.912672302922082,38.675610363885674,44.84527646798849,29.501434618963977,74.34671108695247
2.8779999999999046,7.23,-1.153626187044374,7.496079543225755,-0.6141582855204704,6.947798663393199,38.899533774040954,-54.11489112116067,0.0,-0.8550056509337844,0.5965810890594447,0.0,6.07367823358469,0.9366503433210639,0.0,-5.932405989274164,38.468490815991835,44.80193129530904,29.543789653580575,74.3457209488896
2.8799999999999044,7.23,-1.1547769997461907,7.509867663483731,-0.5367997757293481,6.840692525218378,38.46346422937675,-53.00212701427589,0.0,-0.8428612826113756,0.5984617081475316,0.0,6.0706703508280135,0.9439064963501893,0.0,-5.9502849382725085,38.26885236347401,44.75937236251463,29.585390531053143,74.34476289356778
2.881999999999904,7.23,-1.1557739498842143,7.523443753954513,-0.4602870410436627,6.735747687501455,38.053435513426074,-51.952925991673354,0.0,-0.8307231072729587,0.6003564339218308,0.0,6.067485702225456,0.9507606607957125,0.0,-5.966460789358319,38.07626569448366,44.71760334329118,29.626232237028425,74.3438355803196
2.883999999999904,7.23,-1.1566186782050067,7.536812012740603,-0.38456990558596593,6.632840940336777,37.667564457516406,-50.96342285095,0.0,-0.8185914734653252,0.602264485643308,0.0,6.0641291940624615,0.9572357733084194,0.0,-5.981068287080882,37.89032109196177,44.67662757151097,29.666310169083587,74.34293774059455
2.8859999999999038,7.23,-1.1573127287803922,7.549976399053324,-0.3096018268651005,6.531856503872921,37.304098766269156,-50.03004809802524,0.0,-0.8064667205598899,0.6041851265695212,0.0,6.060605105892484,0.963352918604174,0.0,-5.994226982558151,37.71062707632411,44.63644806691062,29.705620105475525,74.34206817238615
2.8879999999999035,7.23,-1.157857556020701,7.562940647499882,-0.23533964625293735,6.4326854642086655,36.96140500593859,-49.149501101683384,0.0,-0.7943491799315683,0.6061176604011456,0.0,6.05691716390327,0.969131477255831,0.0,-6.006042730081179,37.53680914582663,44.59706755780764,29.744158177351146,74.34122573515879
2.8899999999999033,7.23,-1.158254531212152,7.575708281294049,-0.16174336223592817,6.335225260226336,36.63795781844141,-48.31872595055698,0.0,-0.7822391759990295,0.6080614280086682,0.0,6.053068606352068,0.9745892583879233,0.0,-6.016609006267968,37.36850860923365,44.558488501190624,29.78192084403282,74.34040934522343
2.891999999999903,7.23,-1.1585049486215595,7.588282624487146,-0.08877592412533002,6.239379216260284,36.33233022845256,-47.534889715760066,0.0,-0.7701370271410964,0.6100158044108732,0.0,6.04906224212286,0.979742619043884,0.0,-6.026008075231284,37.20538150538115,44.520713100473195,29.818904871043305,74.3396179715165
2.893999999999903,7.23,-1.15861003120718,7.60066681330638,-0.016403044159552446,6.145056116056766,36.04318492629997,-46.7953628568171,0.0,-0.7580430465021453,0.6119801959800417,0.0,6.044900503307348,0.9846065717700507,0.0,-6.034312019901039,37.04709760431329,44.483743321164724,29.855107310576837,74.33885063174156
2.8959999999999027,7.23,-1.158570935970599,7.6128638066789724,0.05540697384721882,6.052169813975181,35.76926642295559,-46.09770153892799,0.0,-0.7459575426976304,0.613954037851678,0.0,6.040585492583133,0.9891948817673515,0.0,-6.041583656834405,36.893339484832104,44.44758090467948,29.890525484159696,74.33810638883918
2.8979999999999024,7.23,-1.1583887589810709,7.624876396012887,0.12668339096076936,5.9606388798172025,35.509393985387355,-45.43963165641451,0.0,-0.7338808204295034,0.6159367915191141,0.0,6.03611902605374,0.9935201547944447,0.0,-6.0478773494643585,36.74380168351407,44.41222738047653,29.925156967275257,74.3373843477518
2.899999999999902,7.23,-1.158064540100601,7.636707214298127,0.19745317616491345,5.870386274056575,35.26245527108635,-44.81903438081071,0.0,-0.7218131810199778,0.6179279425955494,0.0,6.031502672122565,0.9975939168626745,0.0,-6.053239732718743,36.598189910491854,44.37768407670134,29.958999575755602,74.33668365245694
2.901999999999902,7.23,-1.1575992674352484,7.648358744586463,0.26774113730690735,5.781339050584152,35.027400589873686,-44.23393307286246,0.0,-0.709754922871094,0.6199269987280499,0.0,6.026737786893769,1.0014266866384554,0.0,-6.057710360219125,36.456220327560544,44.343952129477415,29.992051353765472,74.33600348324289
2.9039999999999018,7.23,-1.156993881535634,7.659833327901985,0.3375700411398227,5.693428084385589,34.803237729273725,-43.68248141601943,0.0,-0.6977063418565865,0.621933487649745,0.0,6.021825546525483,1.0050280413611015,0.0,-6.061322283801827,36.31761888443437,44.31103249097984,30.024310563224716,74.33534305420456
2.9059999999999016,7.23,-1.156249279367362,7.671133170629998,0.40696072353140805,5.606587821837418,34.58902728694379,-43.16295264513943,0.0,-0.6856677316517632,0.6239469553579825,0.0,6.0167669769026695,1.0084066769904865,0.0,-6.064102573847857,36.182120709244856,44.27892593640659,30.055775674533074,74.33470161093966
2.9079999999999013,7.23,-1.1553663180700497,7.6822603514273835,0.4759321908024178,5.5207560515453205,34.38387845999175,-42.673729758338894,0.0,-0.6736393840064594,0.6259669644075421,0.0,6.011562980947064,1.0115704632172853,0.0,-6.066072787831309,36.0494695496304,44.24763306995098,30.086445358476496,74.33407842842747
2.909999999999901,7.23,-1.1543458185218187,7.693216827693598,0.5445017130627504,5.435873693859761,34.18694524659815,-42.213296612452446,0.0,-0.6616215889654787,0.6279930923092126,0.0,6.006214363838432,1.0145264938977607,0.0,-6.067249393572754,35.919417261013464,44.21715432986612,30.116318479207784,74.3334728090739
2.911999999999901,7.23,-1.1531885687244563,7.70400444163798,0.612684910329589,5.351884607391925,33.99742302027674,-41.7802298136128,0.0,-0.6496146350404867,0.6300249300250852,0.0,6.000721856384151,1.017281133412646,0.0,-6.067644152886068,35.79172333889693,44.187489992702865,30.145394088205634,74.3328840809085
2.9139999999999007,7.23,-1.151895327022962,7.714624925975811,0.6804958321368266,5.268735411019967,33.81454544144034,-41.37319132421153,0.0,-0.6376188093368296,0.6320620805528688,0.0,5.995086136741685,1.019840059395499,0.0,-6.067264470621081,35.666154492230916,44.15864017679385,30.173671419126727,74.33231159592057
2.9159999999999004,7.23,-1.150466825171843,7.725079909282737,0.7479470312782874,5.186375320024238,33.63758167475678,-40.99092171611068,0.0,-0.6256343976384033,0.6341041575923664,0.0,5.9893078506704125,1.0222083022279593,0.0,-6.06611371350851,35.54248425510609,44.130604845048786,30.201149883473978,74.33175472852277
2.9179999999999002,7.23,-1.1489037712593,7.735370921034552,0.8150496322676617,5.1047559951227015,33.465833884144516,-40.632234007583214,0.0,-0.6136616844533623,0.6361507842880116,0.0,5.983387630464618,1.024390281657303,0.0,-6.064191502697423,35.42049263421937,44.103383807119634,30.227829067012102,74.33121287413174
2.9199999999999,7.23,-1.1472068524993293,7.745499396357021,0.8818133950447931,5.02383140329588,33.29863498022445,-40.29600802819029,0.0,-0.6017009530231507,0.6382015920420374,0.0,5.977326112697933,1.0263898408546837,0.0,-6.061493983426816,35.29996578973173,44.076976720987716,30.253708726868247,74.33068544785596
2.9219999999999,7.23,-1.1453767379007624,7.755466680508292,0.9482467744102654,4.943557689396228,33.135346597660735,-39.98118526175991,0.0,-0.5897524852971547,0.640256219393438,0.0,5.971123954890764,1.028210278199352,0.0,-6.058014074879151,35.18069574729826,44.05138309402165,30.27878878926112,74.33017188328277
2.9239999999998996,7.23,-1.1434140808213376,7.765274033114554,1.0143569756274529,4.863893057631093,32.97535728213094,-39.68676412291053,0.0,-0.5778165618750009,0.6423143109584476,0.0,5.964781851195415,1.029854377045267,0.0,-6.053741702921745,35.06248013919474,44.02660228354878,30.3030693478076,74.32967163135638
2.9259999999998993,7.23,-1.1413195214140637,7.77492263217783,1.0801500065927552,4.784797662092758,32.818080868701216,-39.41179562724323,0.0,-0.5658934619183938,0.6443755164287286,0.0,5.958300547179199,1.031324433700447,0.0,-6.048664018139342,34.945121972598095,44.00263349698035,30.326550662359764,74.32918415934012
2.927999999999899,7.23,-1.1390936889723675,7.784413577873249,1.1456307269401247,4.706233505584614,32.66295503517725,-39.155379419481804,0.0,-0.5539834630342393,0.6464394896239103,0.0,5.951680853772754,1.0326222838261825,0.0,-6.042765601294354,34.828429423196525,43.979475791526774,30.34923315832957,74.32870894985635
2.929999999999899,7.23,-1.1367372041798154,7.7937478961516895,1.2108028944147489,4.628164346060145,32.50944001558601,-38.91666012753208,0.0,-0.5420868411306476,0.6485058875955001,0.0,5.944923660439379,1.0337493274426672,0.0,-6.036028658116449,34.71221565241287,43.95712807353694,30.37111742646139,74.32824549999833
2.9319999999998987,7.23,-1.134250681269562,7.8029265421624,1.2756692088224841,4.550555610052148,32.357017460338156,-38.69482401371196,0.0,-0.5302038702473406,0.6505743697795608,0.0,5.938029947611047,1.034706552708831,0.0,-6.028433205112392,34.59629864662082,43.93558909749295,30.39220422301583,74.32779332050879
2.9339999999998985,7.23,-1.1316347300980878,7.811950403508974,1.3402313538359971,4.473374312524123,32.20518943085359,-38.48909589732914,0.0,-0.5183348223618799,0.6526445971958453,0.0,5.931000798427765,1.0354945586274378,0.0,-6.019957247899845,34.48050107682036,43.91485746468964,30.41249447033041,74.32735193502005
2.9359999999998982,7.23,-1.1288899581372502,7.82082030335103,1.4044900369152384,4.396588982624767,32.05347751751525,-38.29873632538205,0.0,-0.5064799671731004,0.6547162316913875,0.0,5.923837409808902,1.0361135768111331,0.0,-6.010576953399197,34.36465017731519,43.894931621626554,30.43198925772524,74.3269208793518
2.937999999999898,7.23,-1.126016972388182,7.8295370033628915,1.468445027578581,4.320169594870578,31.90142207077278,-38.12303897048199,0.0,-0.4946395718630318,0.6567889352267863,0.0,5.916541102878087,1.036563492431567,0.0,-6.000266817066558,34.2485776420044,43.87580985813884,30.45068984272315,74.32649970086199
2.939999999999898,7.23,-1.1230163812201144,7.838101206559705,1.5320951942414527,4.244087505321289,31.74858153605728,-37.9613282371638,0.0,-0.48281390083861814,0.6588623692036639,0.0,5.909113332756922,1.0368438644606903,0.0,-5.988999826210033,34.13211953696073,43.857490305291975,30.468597652555623,74.32608795784759
2.9419999999998976,7.23,-1.1198887961367872,7.846513560000558,1.5954385398213757,4.168315392348624,31.59453188390757,-37.81295705959969,0.0,-0.47100321545445617,0.660936193831989,0.0,5.901555697737203,1.036953945302131,0.0,-5.976747620306776,34.01511622802274,43.83997093306376,30.485714285927287,74.32568521899105
2.9439999999998974,7.23,-1.1166348334727305,7.854774657377423,1.6584722362917836,4.0928272016311515,31.43886612735781,-37.67730487538285,0.0,-0.45920777371781846,0.6630100675361187,0.0,5.893869947836512,1.0368926998995236,0.0,-5.963480649119299,33.89741232217635,43.82324954783807,30.502041515012188,74.32529106285025
2.945999999999897,7.23,-1.1132551160213489,7.862885041498032,1.7211926583516732,4.017598095037202,31.28119391920612,-37.55377576152284,0.0,-0.44742782997717445,0.6650836463986053,0.0,5.8860579927376495,1.036658824399039,0.0,-5.94916832930266,33.77885662154411,43.80732378973162,30.51758128765666,74.32490507738828
2.947999999999897,7.23,-1.1097502745964216,7.870845206670147,1.7835954163638936,3.942604403084143,31.121141222283914,-37.44179672011444,0.0,-0.43566363459544993,0.6671565836409376,0.0,5.878121909108732,1.0362507644340737,0.0,-5.933779200092432,33.659302088839176,43.79219112977697,30.532335729763908,74.32452685954087
2.9499999999998967,7.23,-1.1061209495283413,7.878655600994077,1.8456753887015673,3.8678235806862324,30.958350046283307,-37.34081610232282,0.0,-0.4239154336092698,0.6692285291405305,0.0,5.870063947297492,1.0356667330915283,0.0,-5.917281078568872,33.53860582317557,43.77784886698216,30.546307147836146,74.3241560148183
2.9519999999998965,7.23,-1.102367792096144,7.88631662856976,1.9074267536296403,3.7932341659248556,30.792478245084663,-37.25030216038559,0.0,-0.41218346837544906,0.6712991289833639,0.0,5.861886537390735,1.0349047286110296,0.0,-5.899641214902932,33.41662904515832,43.76429412529002,30.55949803165039,74.32379215694041
2.9539999999998963,7.23,-1.0984914658961444,7.893828651624202,1.9688430208367884,3.718815741594637,30.62319936886116,-37.169741718276896,0.0,-0.40046797520600436,0.6733680250518008,0.0,5.853592294627462,1.0339625518610331,0.0,-5.880826447905821,33.29323709020513,43.751523850456735,30.571911057044673,74.32343490750141
2.955999999999896,7.23,-1.094492648147769,7.901191992564589,2.0299170627217604,3.6445488992967237,30.450202565533274,-37.09863895252809,0.0,-0.38876918499299584,0.6754348546471577,0.0,5.845184024152587,1.03283782362855,0.0,-5.860803361122667,33.1682994090797,43.73953480687237,30.58354908879123,74.3230838956636
2.957999999999896,7.23,-1.0903720309369838,7.908406935961954,2.0906411455276483,3.5704152058668015,30.273192526402827,-37.03651427545544,0.0,-0.3770873228245405,0.6774992501466999,0.0,5.8366647250966235,1.0315280017525112,0.0,-5.839538439633829,33.041689574641325,43.72832357434329,30.594415183533858,74.32273875787715
2.9599999999998956,7.23,-1.0861303223975347,7.915473730469877,2.151006960407469,3.4963971719402034,30.091889471024828,-36.982903313726254,0.0,-0.365422607593339,0.6795608386947667,0.0,5.8280375939657985,1.030030398124579,0.0,-5.8169982276545165,32.91328529384104,43.717886544858246,30.60451259276632,74.32239913762456
2.9619999999998954,7.23,-1.081768247830064,7.922392590682283,2.2110056544947545,3.4224782224699895,29.906029166575095,-36.93735597580165,0.0,-0.35377525159914036,0.681619241927778,0.0,5.81930602732657,1.0283421955749368,0.0,-5.793149486951434,32.782968424019764,43.70821991935945,30.613844765828873,74.32206468518832
2.963999999999895,7.23,-1.077286550759025,7.9291636989341,2.270627862043559,3.3486426690262463,29.715362977149816,-36.89943560233648,0.0,-0.3421454601465458,0.6836740757329154,0.0,5.810473623768148,1.026460464655123,0.0,-5.767959356028687,32.65062499258737,43.699319704539136,30.62241535290029,74.32173505743943
2.965999999999895,7.23,-1.0726859939272018,7.935787207048152,2.3298637356933085,3.2748756837162034,29.51965793859286,-36.86871819410485,0.0,-0.33053343113962663,0.6857249500402643,0.0,5.801544185127001,1.0243821803243431,0.0,-5.741395509969171,32.51614521918911,43.6911817096842,30.63022820796201,74.3214099176462
2.9679999999998947,7.23,-1.0679673602275335,7.942263238031395,2.3887029779052735,3.201163274575178,29.318696854589955,-36.84479171245083,0.0,-0.31893935467484846,0.687771468648237,0.0,5.792521716957747,1.0221042385406134,0.0,-5.713426320755697,32.379423539490915,43.68380154358952,30.637287391711858,74.32108893530138
2.9699999999998945,7.23,-1.0631314535718623,7.948591887723278,2.4471348726090416,3.127492262287973,29.11227840990204,-36.8272554476535,0.0,-0.30736341263381095,0.6898132290820852,0.0,5.783410428235745,1.0196234727532607,0.0,-5.684021017837032,32.24035862974371,43.677174611561426,30.643597174404256,74.32077178596569
2.9719999999998943,7.23,-1.058179099696152,7.954773226398781,2.50514831708925,3.0538502581092164,28.900217296731714,-36.815719450938886,0.0,-0.2958057782773732,0.6918498224852817,0.0,5.774214730278015,1.0169366702885163,0.0,-5.653149848646351,32.09885343131707,43.671296112534264,30.649162038593712,74.32045815112798
2.973999999999894,7.23,-1.0531111469016734,7.960807300328373,2.5627318541349315,2.9802256428593616,28.682344350333967,-36.80980402617881,0.0,-0.28426661584271473,0.6938808335435718,0.0,5.764939234870537,1.0140405886158514,0.0,-5.620784238727632,31.954815174423207,43.666161036319735,30.653986681759072,74.3201477180788
2.975999999999894,7.23,-1.0479284667316167,7.966694133296953,2.6198737044661673,2.906607546880694,28.45850669009463,-36.80913927759116,0.0,-0.27274608014496204,0.6959058404414066,0.0,5.755588751592082,1.0109319714783003,0.0,-5.586896951073257,31.808155400288044,43.66176416101315,30.658076018784985,74.31984017979813
2.9779999999998936,7.23,-1.0426319545825646,7.972433728083571,2.676561799445302,2.8329858308448324,28.228567862410447,-36.813364709995895,0.0,-0.261244316184963,0.6979244148505009,0.0,5.7461682843266075,1.007607564866585,0.0,-5.551462244231328,31.658789981060167,43.6581000505761,30.661435184278282,74.31953523485438
2.9799999999998934,7.23,-1.0372225302502607,7.97802606790352,2.732783814072744,2.7593510673098725,27.9924079818156,-36.822128878398274,0.0,-0.24976145876485933,0.6999361219501493,0.0,5.736683026959053,1.0040641328130542,0.0,-5.514456028696444,31.50663913679003,43.65516305261884,30.66406953469601,74.31923258731484
2.981999999999893,7.23,-1.0317011384091033,7.983471117814224,2.7885272002603885,2.685694522931583,27.74992386691322,-36.83508908385973,0.0,-0.23829763211308663,0.7019405204789434,0.0,5.727138358251777,1.0002984729784,0.0,-5.475856021059399,31.351627448850888,43.65294729640237,30.66598465026313,74.3189319466655
2.983999999999893,7.23,-1.026068749024829,7.988768826086119,2.843779220368926,2.612008141238984,27.501029167786502,-36.85191111278517,0.0,-0.22685294952044166,0.703937162817411,0.0,5.717539835902203,0.9963074320011631,0.0,-5.435641895356219,31.19368386921945,43.65144669108349,30.667186336656872,74.31863302774036
2.9859999999998927,7.23,-1.0203263576998725,7.993919125539585,2.898526980988767,2.538284525890213,27.24565448168602,-36.87226901690197,0.0,-0.2154275129888471,0.7059255951011071,0.0,5.707893189785083,0.9920879205774976,0.0,-5.393795431026817,31.03274172507869,43.65065492422156,30.667680626436436,74.31833555065799
2.9879999999998925,7.23,-1.0144749859509419,7.9989219348487985,2.9527574669380483,2.464516924329916,26.983747453919456,-36.8958449313391,0.0,-0.20402141289444675,0.7079053573635546,0.0,5.698204314386521,0.9876369282363409,0.0,-5.350300656867812,30.868738718256655,43.6505654605692,30.667473780196026,74.31803924076522
2.9899999999998923,7.23,-1.0085156814184097,8.003777159813243,3.0064575754451526,2.390699211774453,26.71527286100433,-36.92232892832633,0.0,-0.19263472766662626,0.7098759837084068,0.0,5.688479260440279,0.9829515377733284,0.0,-5.305143990344286,30.70161691906528,43.65117154116619,30.666572287420458,74.31774382858666
2.991999999999892,7.23,-1.0024495180071835,8.00848469459746,3.059614150477456,2.3168258754560784,26.44021267329028,-36.9514189041367,0.0,-0.18126752348455744,0.7118370025101,0.0,5.678724225780752,0.9780289393050983,0.0,-5.258314371609635,30.531322754157966,43.65246618275668,30.66498286702263,74.31744904977931
2.993999999999892,7.23,-0.9962775959588103,8.013044422939487,3.112214017172571,2.2428919990619005,26.15856609440994,-36.98282049698277,0.0,-0.16991985399279186,0.7137879366422015,0.0,5.668945545430766,0.9728664439046384,0.0,-5.20980339157456,30.35780698807993,43.65444217754835,30.662712467543216,74.31715464509156
2.9959999999998916,7.23,-0.9900010418546554,8.017456219328333,3.164244016323239,2.168893247307951,25.870349575081207,-37.01624703365575,0.0,-0.15859176003744435,0.7157283037325788,0.0,5.659149680946377,0.9674614967772318,0.0,-5.1596054133613,30.18102469824303,43.65709209333147,30.659768266993723,74.3168603603252
2.9979999999998914,7.23,-0.9836210085501033,8.021719950150672,3.215691038862237,2.094825850593021,25.575596798956052,-37.05141950276508,0.0,-0.14728326942438463,0.7176576164444259,0.0,5.649343209044774,0.9618116899364779,0.0,-5.10771768648385,30.00093524311515,43.66040827397545,30.656157672324706,74.31656594630016
2.999999999999891,7.23,-0.9771386750398348,8.025835474806895,3.2665420602892463,2.020686589681151,25.274358638395363,-37.0880665524991,0.0,-0.13599439670088798,0.7195753827821052,0.0,5.639532809545544,0.9559147743393546,0.0,-5.0541404531012475,29.81750222347454,43.664382840318936,30.651888318502174,74.31627115882111
3.001999999999891,7.23,-0.9705552462543622,8.029802646796512,3.3167841749775615,1.9464727803657766,24.96670307824109,-37.12592451088004,0.0,-0.1247251429620504,0.7214811064206836,0.0,5.629725252659425,0.9497686714400367,0.0,-4.998877045708277,29.63069343663878,43.669007691468906,30.646968067176285,74.3159757586452
3.0039999999998908,7.23,-0.963871952788124,8.033621314772823,3.366404630294887,1.872182258072518,24.652715105860434,-37.16473742653757,0.0,-0.1134754956832481,0.723374287057965,0.0,5.619927385662712,0.9433714841226403,0.0,-4.941933975647815,29.440480823638687,43.67427450652208,30.641405004927833,74.31567951144991
3.0059999999998905,7.23,-0.957090050559582,8.037291323566711,3.4153908604692074,1.7978133623615138,24.332496565949274,-37.20425712807077,0.0,-0.10224542857982644,0.7252544207877334,0.0,5.610146118999378,0.9367215069742356,0.0,-4.883321011856977,29.24684040936733,43.68017474672189,30.635207441079068,74.31538218780096
3.0079999999998903,7.23,-0.9502108204039009,8.040812515179294,3.4637305201279216,1.7233649212940203,24.006165978802684,-37.24424330011047,0.0,-0.09103490149512417,0.7271210004928479,0.0,5.600388411856683,0.9298172358609081,0.0,-4.823051249292624,29.04975223579303,43.68669965806189,30.628383905057092,74.31508356311898
3.00999999999989,7.23,-0.9432355675989383,8.044184729743167,3.5114115174360774,1.6488362356317277,23.673858320989318,-37.284463574234024,0.0,-0.0798438603178333,0.7289735162567605,0.0,5.590661257263662,0.9226573767715256,0.0,-4.7611411665215915,28.849200288382548,43.693840274345625,30.62094314329962,74.31478341764524
3.01199999999989,7.23,-0.936165621325422,8.047407806451833,3.5584220467576397,1.574227062840905,23.335724767602848,-37.32469363292336,0.0,-0.06867223692958135,0.7308114557919708,0.0,5.580971666765212,0.9152408538961397,0.0,-4.697610672006762,28.645172415936234,43.70158742070994,30.61289411569468,74.31448153640463
3.0139999999998897,7.23,-0.9290023340623467,8.050481584456941,3.6047506207623283,1.4995376008770627,22.991932395505817,-37.36471732479689,0.0,-0.05751994918355796,0.7326343048838373,0.0,5.571326654727781,0.9075668169082636,0.0,-4.632483138669728,28.437660244090257,43.709931717619284,30.6042459915473,74.31417770916659
3.0159999999998894,7.23,-0.921747080918776,8.053405903732848,3.650386101899624,1.4247684717293236,22.642663847228214,-37.40432678938315,0.0,-0.04638690091484565,0.7344415478481294,0.0,5.561733222335476,0.8996346474233742,0.0,-4.565785426368065,28.226659082790942,43.71886358533492,30.59500814506823,74.31387173040315
3.017999999999889,7.23,-0.9144012589033959,8.056180605908017,3.6953177331611293,1.3499207047071182,22.28811695543391,-37.44332258974414,0.0,-0.035272981983010654,0.7362326680006667,0.0,5.552198341337901,0.8914439646090865,0.0,-4.49754789198554,28.012167828092505,43.72837324886066,30.585190150382168,74.31356339924284
3.019999999999889,7.23,-0.9069662861333198,8.058805535062719,3.7395351680525386,1.2749957194551613,21.928504328121228,-37.4815138512987,0.0,-0.02417806834739944,0.7380071481372916,0.0,5.542728937613591,0.8829946299258146,0.0,-4.427804386898147,27.794188858673678,43.738450743367565,30.574801776054,74.31325251942157
3.0219999999998888,7.23,-0.8994436009838062,8.061280538492484,3.783028499697067,1.1999953086859265,21.564052894976793,-37.518718405237294,0.0,-0.013102022175434658,0.7397644710224588,0.0,5.5333318746143885,0.874286750980566,0.0,-4.356592241648219,27.572727927505433,43.74908592009366,30.563852979134822,74.31293889922848
3.0239999999998886,7.23,-0.8918346611807013,8.06360546743673,3.8257882889932717,1.124921620622003,21.195003415555657,-37.55476293496821,0.0,-0.0020446919840890754,0.7415041198846126,0.0,5.524013936758083,0.8653206844803518,0.0,-4.283952237730219,27.347794049137907,43.76026845271757,30.55235389873055,74.31262235144811
3.0259999999998883,7.23,-0.8841409428375759,8.065780177771975,3.8678055917518015,1.0497771411437957,20.821609950209616,-37.58948312408069,0.0,0.008994087185445698,0.7432255789165854,0.0,5.5147818128372705,0.8560970382759534,0.0,-4.209928566466932,27.11939938310151,43.771987844197554,30.540314849099268,74.31230269329683
3.027999999999888,7.23,-0.8763639394396698,8.067804530669058,3.9090719847377,0.9745646756410017,20.44413929493328,-37.62272380436687,0.0,0.020014493559958435,0.7449283337791442,0.0,5.50564207951358,0.846616672490783,0.0,-4.134568775029581,26.887559113943148,43.784233434070615,30.527746312284393,74.31197974635501
3.029999999999888,7.23,-0.8685051607769066,8.069678393213762,3.949579590547464,0.8992873305691621,20.06287038153565,-37.65433910249491,0.0,0.031016718393571674,0.7466118721059,0.0,5.496601184966129,0.8368806997343885,0.0,-4.057923699734845,26.652291328434078,43.79699440619902,30.514658930294345,74.31165333649336
3.0319999999998877,7.23,-0.8605661318283756,8.071401638990258,3.9893211012531182,0.823948494715343,19.67809364477959,-37.68419258398939,0.0,0.042000965694596326,0.7482756840077188,0.0,5.4876654327633245,0.826890484404278,0.0,-3.9800473868278448,26.413616890500723,43.81025979695351,30.50106349684065,74.31132329379416
3.0339999999998875,7.23,-0.8525483916008122,8.072974148626798,4.028289800749059,0.7485518201796223,19.290110358353893,-37.71215739323664,0.0,0.052967451920405306,0.749919262574828,0.0,5.478840966026212,0.8166476410844153,0.0,-3.900997001038377,26.171559314435314,43.824018503818216,30.486970948648853,74.31098945246707
3.0359999999998872,7.23,-0.8444534919237334,8.074395810303091,4.0664795857413925,0.6731012030815621,18.899231941755033,-37.73811638829848,0.0,0.06391640564099621,0.7515421043748476,0.0,5.470133751950386,0.8061540320533598,0.0,-3.8208327222746075,25.926144636943768,43.838259294398625,30.472392356359798,74.31065165075842
3.037999999999887,7.23,-0.8362829962039983,8.075666520218828,4.103884985323817,0.5976007640032038,18.50577924035737,-37.76196226939286,0.0,0.07484806717199632,0.753143709944929,0.0,5.461549566752294,0.7954117639192946,0.0,-3.739617630891999,25.677401288585596,43.85297081581726,30.457338915038953,74.3103097308562
3.039999999999887,7.23,-0.8280384781426732,8.076786183022842,4.14050117908887,0.5220548281823347,18.110081781135,-37.78359769997081,0.0,0.08576268817805277,0.7547235842763385,0.0,5.453093981103167,0.7844231834038913,0.0,-3.657417582048727,25.42535996514745,43.868141604471845,30.44182193431624,74.30996353878808
3.0419999999998866,7.23,-0.8197215204171787,8.077754712202411,4.176324013728451,0.44646790547183607,17.71247700667105,-37.8029354194018,0.0,0.09666053124762053,0.7562812372897583,0.0,5.444772346111917,0.7731908723010182,0.0,-3.574301069726547,25.170053499478847,43.88376009613606,30.425852828178392,74.30961292431445
3.0439999999998864,7.23,-0.81133371333178,8.078572030432278,4.211350018082956,0.37084467008281674,17.313309490244016,-37.81989834636021,0.0,0.10754186944032185,0.7578161842997186,0.0,5.436589779915012,0.7617176416406561,0.0,-3.490339081061987,24.911516734295823,43.89981463637558,30.409443104439855,74.30925774081544
3.045999999999886,7.23,-0.8028766534395597,8.079238069882932,4.245576416604087,0.29518994013096506,16.912930134917744,-37.83441967209361,0.0,0.11840698580813402,0.7593279464665794,0.0,5.428551154928404,0.7500065250922272,0.0,-3.40560494169258,24.649786396434024,43.91629349125415,30.3926043539185,74.30889784517265
3.047999999999886,7.23,-0.7943519421390771,8.079752772487819,4.279001141202376,0.21950865700710043,16.51169535967994,-37.84644294284208,0.0,0.1292561728917917,0.7608160512345964,0.0,5.42066108581267,0.7380607716453897,0.0,-3.3201741528785536,24.38490097300139,43.93318485829973,30.37534823934559,74.30853309764532
3.0499999999998857,7.23,-0.7857611842489661,8.080116090169135,4.311622841456638,0.14380586459427674,16.10996627577222,-37.85592213077114,0.0,0.14008973219387022,0.7622800327546608,0.0,5.412923918198679,0.7258838376097806,0.0,-3.234124221209727,24.116900589847116,43.95047687770087,30.357686484040165,74.30816336174104
3.0519999999998855,7.23,-0.7771059865637671,8.080327985021919,4.343440893168959,0.0680866883549674,15.708107856433957,-37.86282169287681,0.0,0.1509079736301202,0.7637194322903916,0.0,5.405343718216752,0.7134793779784567,0.0,-3.147534481751118,23.845826892725892,43.968157643701645,30.33963086037976,74.3077885040814
3.0539999999998853,7.23,-0.7683879563943117,8.080388429456205,4.374455405255309,-0.007643685687150417,15.306488103338829,-37.86711661741813,0.0,0.16171121496069785,0.7651337986063611,0.0,5.397924262867626,0.7008512372026614,0.0,-3.060485915517517,23.571722931495042,43.986215216161646,30.321193178101076,74.30740839426272
3.055999999999885,7.23,-0.7596087000959946,8.080297406297058,4.404667224968485,-0.08338003204550672,14.905477213040363,-37.86879245753308,0.0,0.1724997812030057,0.7665226883373188,0.0,5.390669031268779,0.6880034394281092,0.0,-2.97306096219741,23.294633047639593,44.004637632247075,30.302385272464896,74.30702290471197
3.057999999999885,7.23,-0.7507698215882642,8.080054908842355,4.4340779414567315,-0.15911710692315129,14.50544674675749,-37.86784535179473,0.0,0.18327400402792915,0.7678856663374024,0.0,5.383581196804503,0.6749401782452387,0.0,-2.885343329069748,23.014602765374462,44.02341291821666,30.28321899232119,74.30663191053785
3.0599999999998846,7.23,-0.7418729208686533,8.07966094087823,4.462689887668044,-0.23484966939319146,14.106768806826077,-37.86428203156758,0.0,0.19403422114129476,0.7692223060083935,0.0,5.376663620203112,0.6616658060076919,0.0,-2.7974177970725993,22.731678686527328,44.042529101267675,30.263706188110373,74.30623528937805
3.0619999999998844,7.23,-0.7329195925246413,8.079115516652143,4.490506140616794,-0.310572502580699,13.709815223114683,-37.85811981512584,0.0,0.20478077565243302,0.770532189606246,0.0,5.369918843559004,0.6481848227748082,0.0,-2.709370024991348,22.445908389357033,44.06197422140311,30.24385869983874,74.30583292124186
3.063999999999884,7.23,-0.7239114242466032,8.078418660803624,4.517530520035869,-0.38628043481966146,13.31495675265687,-37.84938658860088,0.0,0.21551401543173365,0.771814908525152,0.0,5.363349085312316,0.6345018649349079,0.0,-2.6212863527347166,22.15734033141678,44.08173634328456,30.22368834506475,74.30542468834932
3.065999999999884,7.23,-0.714849995345043,8.077570408252727,4.543767585443961,-0.461968360758786,12.922562295684113,-37.838120773926285,0.0,0.22623429245912985,0.7730700635585939,0.0,5.356956236193052,0.6206216935669477,0.0,-2.5332536046611653,21.866023756522583,44.10180356803166,30.20320690693504,74.3050104749667
3.0679999999998837,7.23,-0.7057368752752501,8.076570804046366,4.569222631663902,-0.5376312623904076,12.532998131157647,-37.82437128405249,0.0,0.2369419621654374,0.7742972651369073,0.0,5.3507418561314255,0.6065491825983562,0.0,-2.4453588939045954,21.572008605842647,44.12216404493065,30.182426122307753,74.3045901672384
3.0699999999998835,7.23,-0.6965736221724314,8.075419903162672,4.5939016828340895,-0.6132642299773957,12.146627174793387,-37.808197465804405,0.0,0.24763738276847802,0.7754961335409961,0.0,5.344707172130656,0.5922893068167875,0.0,-2.357689428628173,21.275345433078257,44.14280598301498,30.16135767000139,74.30416365301637
3.0719999999998833,7.23,-0.6873617814002893,8.07411777027364,4.617811484960843,-0.6888624828538034,11.763808262451807,-37.78966903085489,0.0,0.2583209146059047,0.776666299091986,0.0,5.338853077093132,0.5778471297930756,0.0,-2.270332321108481,20.976085323664183,44.16371766247883,30.140013159207136,74.30373082168597
3.073999999999883,7.23,-0.6781028841159096,8.0726644794663,4.640959497065217,-0.7644213900760439,11.384895461628055,-37.76886597538504,0.0,0.26899291946662285,0.7778074023166734,0.0,5.333180129585808,0.5632277917718358,0.0,-2.1833744005192806,20.67427981787675,44.18488744588805,30.118404118101694,74.30329156398975
3.075999999999883,7.23,-0.6687984458537125,8.071060113922762,4.663353880983062,-0.8399364909026221,11.010237413625074,-37.74587848909825,0.0,0.27965375992266495,0.7789190940887734,0.0,5.327688554525647,0.548436497584956,0.0,-2.096902030245613,20.369980837700528,44.20630378915154,30.09654198269752,74.30284577184906
3.0779999999998826,7.23,-0.6594499651310979,8.0693047655595,4.6850034898821455,-0.915403515081869,10.640176708827894,-37.72080685434733,0.0,0.2903037986633381,0.7800010357460632,0.0,5.322378244761129,0.533478504641732,0.0,-2.011000930515212,20.06324061727017,44.2279552522168,30.0744380859663,74.3023933381831
3.0799999999998824,7.23,-0.6500589220782823,8.067398534626246,4.705917855564813,-0.990818402928744,10.275049297320798,-37.69376133622437,0.0,0.30094339783340696,0.7810528991836221,0.0,5.317248763521375,0.5183591110475383,0.0,-1.9257560070856683,19.75411163667393,44.24983050945623,30.05210364727047,74.3019341567267
3.081999999999882,7.23,-0.6406267770946846,8.06534152926498,4.726107174628965,-1.0661773251735498,9.915183936902444,-37.66486206454916,0.0,0.31157291837701884,0.7820743669234972,0.0,5.312299347699988,0.5030836439008264,0.0,-1.8412511866732468,19.442646558877822,44.271918359708756,30.029549762136853,74.3014681218456
3.083999999999882,7.23,-0.6311549695340684,8.063133865029442,4.745582293564034,-1.1414767025673656,9.560901680361045,-37.6342389087766,0.0,0.32219271938899596,0.7830651321611535,0.0,5.307528911937071,0.4876574478158259,0.0,-1.7575692597530364,19.128898169507963,44.29420773594736,30.006787392404178,74.30099512835153
3.0859999999998817,7.23,-0.6216449164204899,8.060775664365709,4.7643546928621765,-1.21671322523112,9.212515403669315,-37.60203134692087,0.0,0.33280315747506206,0.7840248987892575,0.0,5.302936053458766,0.47208587371575217,0.0,-1.6747917313012908,18.812919319207957,44.31668771453867,29.983827356776214,74.30051507131489
3.0879999999998815,7.23,-0.6120980111969405,8.058267056054314,4.782436470228015,-1.2918838717375012,8.870329376555171,-37.56838832967152,0.0,0.34340458612246705,0.7849533813993455,0.0,5.298519057630672,0.4563742679384453,0.0,-1.5929986799893525,18.49476286827488,44.339347524067364,29.960680321809445,74.30002784587681
3.0899999999998813,7.23,-0.6025156225083982,8.055608174614505,4.799840322972961,-1.366985927917325,8.534638876696231,-37.5334681409482,0.0,0.3539973550823915,0.7858503052620404,0.0,5.294275904178386,0.4405279616933834,0.0,-1.5122686262757474,18.174481633266307,44.36217655369731,29.937356793363065,74.29953334706038
3.091999999999881,7.23,-0.5928990930208332,8.052799159671146,4.816579529682436,-1.4420170053845363,8.20572984857612,-37.497438256207104,0.0,0.36458180976542665,0.7867154062865891,0.0,5.290204274025663,0.4245522609059057,0.0,-1.4326784097792808,17.85212833526383,44.38516436104276,29.913867108537588,74.29903146958034
3.093999999999881,7.23,-0.5832497382775312,8.049840155284866,4.8326679312461875,-1.51697505977672,7.883878607835217,-37.46047519987922,0.0,0.37515829065129236,0.7875484309604677,0.0,5.286301556698734,0.4084524364811103,0.0,-1.3543030762512953,17.527755549476815,44.40830067952775,29.89022142812523,74.29852210765299
3.0959999999998806,7.23,-0.5735688455939165,8.046731309246006,4.848119911343345,-1.5918584087108132,7.569351591740034,-37.42276440337661,0.0,0.38572713271390047,0.7883491362699959,0.0,5.282564858242969,0.3922337150167199,0.0,-1.2772157744018076,17.201415655869774,44.43157542520883,29.86642972959526,74.29800515480409
3.0979999999998804,7.23,-0.563857672991873,8.043472772332947,4.862950376474909,-1.6666657494566388,7.262405156197571,-37.38450006516381,0.0,0.39628866486270276,0.7891172896028167,0.0,5.278991009597021,0.37590126999061446,0.0,-1.2014876627702562,16.873160790503007,44.454978703044105,29.84250180063323,74.29748050367733
3.09999999999988,7.23,-0.5541174481743749,8.040064697535355,4.877174735637022,-1.741396176333931,6.963285419542911,-37.34588501444044,0.0,0.40684320940121166,0.7898526686332761,0.0,5.275576575367932,0.3594602134455268,0.0,-1.1271878267703563,16.543042797282293,44.478500812587576,29.818447233253174,74.29694804584075
3.10199999999988,7.23,-0.544349367541053,8.03650723924291,4.890808879728656,-1.816049197841667,6.6722281531434335,-37.30713058003508,0.0,0.4173910815034133,0.7905550611916592,0.0,5.272317862950322,0.3429155881897984,0.0,-1.054383205977775,16.21111317982607,44.50213225309586,29.794275418497563,74.29640767159341
3.1039999999998797,7.23,-0.5345545952451316,8.032800552400035,4.903869160787218,-1.8906247535317642,6.389458718681831,-37.26845646615457,0.0,0.42793258870872153,0.7912242651183725,0.0,5.2692109319318945,0.32627236052989617,0.0,-0.9831385316720439,15.877423053170729,44.525863728031055,29.769995541739604,74.29585926977066
3.1059999999998795,7.23,-0.52473426229199,8.028944791627113,4.916372371145169,-1.9651232306425352,6.115192051812963,-37.23009063667966,0.0,0.43846803043597815,0.7918600881041322,0.0,5.266251603727572,0.309535413546967,0.0,-0.9135162745885548,15.542023095051293,44.54968614894915,29.74561657859931,74.29530272754846
3.1079999999998793,7.23,-0.5148894656794126,8.024940110308675,4.928335722599965,-2.039545480510724,5.8496326917322135,-37.19226920974114,0.0,0.4489976975169008,0.7924623475172508,0.0,5.263435471384684,0.2927095409265613,0.0,-0.8455766027845993,15.204963496512912,44.57359063876415,29.721147291482737,74.2947379302469
3.109999999999879,7.23,-0.5050212675794088,8.020786659648948,4.9397768256885515,-2.1138928347844494,5.592974856047891,-37.15523636435089,0.0,0.45952187174926645,0.7930308702191529,0.0,5.260757909501978,0.2757994413475474,0.0,-0.7793773494746251,14.86629391162754,44.59756853437952,29.69659622675244,74.29416476113195
3.111999999999879,7.23,-0.4951306945613052,8.016484587695176,4.950713669156305,-2.188167121462977,5.345402560220508,-37.11924426090608,0.0,0.4700408254699988,0.7935654923692212,0.0,5.258214084206069,0.258809713433255,0.0,-0.7149739906447172,14.526063406111739,44.62161138868208,29.671971712534145,74.29358310121623
3.1139999999998786,7.23,-0.4852187368556314,8.012034038328995,4.961164599708724,-2.2623706807929183,5.107089780714575,-37.08455297742361,0.0,0.4805548211482163,0.7940660592201116,0.0,5.2557989631297755,0.24174485126507594,0.0,-0.652419632215063,14.184320404662996,44.64571097189368,29.64728185716381,74.29299282905748
3.1159999999998784,7.23,-0.47528634765814737,8.00743515022614,4.97114830213235,-2.336506381054208,4.878200660907838,-37.05143046340593,0.0,0.4910641109981968,0.7945324249046617,0.0,5.253507325338012,0.2246092404561335,0.0,-0.5917650064819558,13.841112636854369,44.66985927227902,29.622534548276573,74.29239382055559
3.117999999999878,7.23,-0.46533444247318934,8.002688055784652,4.980683779869404,-2.4105776342730643,4.658889758718989,-37.02015251328267,0.0,0.5015689366120952,0.7949644522154916,0.0,5.251333771148307,0.2074071547801266,0.0,-0.5330584775376339,13.496487081449995,44.69404849620918,29.597737452537547,74.29178594874672
3.119999999999878,7.23,-0.45536389849534387,7.997792880021709,4.989790336128482,-2.484588411903059,4.449302334845244,-36.991002761419125,0.0,0.512069528612152,0.7953620123784191,0.0,5.249272731794464,0.19014275334821884,0.0,-0.4763460553373481,13.150489909026138,44.71827106758205,29.572898016013067,74.29116908359512
3.1219999999998778,7.23,-0.4453755540282973,7.992749739439077,4.998487555611372,-2.558543260519471,4.249574680451213,-36.96427270073262,0.0,0.522566106322029,0.7957249848207695,0.0,5.247318478883546,0.17282007832475932,0.0,-0.42167141805823444,12.803166422804502,44.7425196266026,29.54802346517905,74.29054309178164
3.1239999999998775,7.23,-0.435370207939551,7.9875587408571285,5.006795286933714,-2.632447317576225,4.05983448311658,-36.940261727013294,0.0,0.5330588774568206,0.7960532569356473,0.0,5.245465133598239,0.15544305317082552,0.0,-0.36907594237410163,12.454560997625968,44.76678702792688,29.523120808561842,74.28990783648872
3.1259999999998773,7.23,-0.4253486191495378,7.982219980217234,5.0147336258148005,-2.7063063272789605,3.8802012298347486,-36.919277211106746,0.0,0.5435480378311608,0.7963467238432055,0.0,5.243706675598358,0.13801548140283637,0.0,-0.3185987412534817,12.10471701701272,44.791066338175945,29.498196839005487,74.28926317718143
3.127999999999877,7.23,-0.41531150615352946,7.976733541352247,5.022322899109428,-2.7801266566321865,3.7107866458563437,-36.90163460118319,0.0,0.5540337710848087,0.7966052881499406,0.0,5.242036951577222,0.1205410458522449,0.0,-0.27027670887626487,11.753676808285915,44.81535083282538,29.47325813655854,74.28860896938392
3.129999999999877,7.23,-0.40525954657457885,7.971099494724666,5.029583649752278,-2.853915311722961,3.551695168192417,-36.88765755739456,0.0,0.5645162484249575,0.7968288597069979,0.0,5.2404496834305005,0.10302330841097007,0.0,-0.22414457225525639,11.40148157572319,44.83963399247856,29.44831107197216,74.28794506445072
3.1319999999998767,7.23,-0.3951933767456043,7.965317896131942,5.036536622683017,-2.927679954308263,3.4030244526313274,-36.87767812130844,0.0,0.5749956283844627,0.7970173553684343,0.0,5.238938475997078,0.08546571024641225,0.0,-0.1802349491445225,11.048171331756453,44.86390949853216,29.42336181080036,74.28727130933251
3.1339999999998764,7.23,-0.38511359131858747,7.959388785378238,5.043202751818017,-3.001428918778066,3.2648659131801594,-36.87203692260365,0.0,0.5854720565950902,0.7971706987503662,0.0,5.237496824333274,0.0678715724690756,0.0,-0.1385784118149132,10.6937848262239,44.88817122824259,29.3984163180928,74.2865875463354
3.135999999999876,7.23,-0.37502074289872833,7.953312184911836,5.049603148132535,-3.075171229571218,3.1373052929172105,-36.87108342562499,0.0,0.5959456655748137,0.7972888199918974,0.0,5.2361181204835905,0.05024409723537826,0.0,-0.09920355627940462,10.338359473702535,44.912413249203155,29.373480363669913,74.28589361287307
3.137999999999876,7.23,-0.364915341701273,7.94708809842718,5.0557590889152335,-3.1489166191265503,3.0204232653371363,-36.87517621851996,0.0,0.6064165745281229,0.7973716555186635,0.0,5.234795659712841,0.03258636926792202,0.0,-0.062137076556100346,9.981931278957143,44.93662981324204,29.348559527969332,74.28518934121138
3.139999999999876,7.23,-0.35479785522861046,7.940716509430417,5.061692008255195,-3.222675546457208,2.914296065382138,-36.88468334782291,0.0,0.6168848891582266,0.7974191478098267,0.0,5.233522646166049,0.014901357775429447,0.0,-0.027403843564921527,9.624534760549722,44.96081534975116,29.323659208453126,74.28447455820428
3.1419999999998756,7.23,-0.34466870796511345,7.93419737976708,5.067423488820106,-3.2964592164421114,2.8189961494853026,-36.89998270151496,0.0,0.6273507014899773,0.7974312451692858,0.0,5.232292197924016,-0.002808081245275207,0.0,0.004973011735077202,9.266202872659012,44.984964458455735,29.298784626564412,74.28374908502015
3.1439999999998753,7.23,-0.33452828108708405,7.927530648110397,5.0729752549830955,-3.370279599934662,2.7345928841014753,-36.921462443770174,0.0,0.6378140897022753,0.7974079015018718,0.0,5.2310973514235375,-0.020539202342528373,0.0,0.034972011347552595,8.906966925163275,45.00907190163481,29.273940835223062,74.28301273685787
3.145999999999875,7.23,-0.32437691218504944,7.92071622840847,5.078369167354795,-3.4441494547954594,2.6611532623719576,-36.94952150480684,0.0,0.6482751179686522,0.7973490760952096,0.0,5.229931065212491,-0.038289367595045865,0.0,0.06257323974411912,8.546856502041045,45.03313259580251,29.24913272684921,74.28226532265172
3.147999999999875,7.23,-0.3142148949955419,7.9137540082883735,5.083627218776713,-3.5180823479628427,2.5987426487566427,-36.98457012949494,0.0,0.6587338363046789,0.7972547334079583,0.0,5.228786223010651,-0.056056043265038435,0.0,0.08775825021973728,8.185899378143866,45.05714160285838,29.224365041905187,74.28150664476357
3.1499999999998747,7.23,-0.3040424791393838,7.9066438474149745,5.0887715318318465,-3.5920926786826373,2.547425551677626,-37.02703048863622,0.0,0.6691902804207706,0.7971248428650555,0.0,5.2276556360477375,-0.07383679613424238,0.0,0.11050996842583746,7.824121434392387,45.081094120716095,29.19964237794597,74.28073649866207
3.1519999999998745,7.23,-0.2938598698633877,7.899385575802023,5.093824357928799,-3.6661957030266143,2.507266424446592,-37.07733735712736,0.0,0.6796444715789272,0.796959378660594,0.0,5.226532044650471,-0.09162928953669286,0.0,0.1308125933880054,7.461546571442716,45.10498547341709,29.174969199169638,74.27995467258673
3.1539999999998742,7.23,-0.28366722778226683,7.891978992072804,5.098808078016441,-3.740407559837911,2.4783304949988745,-37.13593886355143,0.0,0.6900964164518685,0.7967583195689327,0.0,5.225408119050347,-0.1094312791007584,0.0,0.1486514962931482,7.098196621863446,45.12881110073581,29.150349846460514,74.27916094719632
3.155999999999874,7.23,-0.27346466861743757,7.884423861667355,5.103745204987482,-3.814745298251119,2.460684625230325,-37.20329731611448,0.0,0.7005461069829846,0.7965216487645973,0.0,5.22427645938352,-0.12724060821141642,0.0,0.16401311730803558,6.734091260855816,45.15256654728175,29.125788547918294,74.27835509520004
3.157999999999874,7.23,-0.2632522629292758,7.876719914992927,5.108658387831191,-3.889226906944997,2.454398201028829,-37.2798901102643,0.0,0.7109935202454547,0.7962493536515258,0.0,5.22312959485344,-0.14505520320203025,0.0,0.1768848606672689,6.369247915539843,45.17624745110163,29.101289429868224,74.27753688096985
3.1599999999998736,7.23,-0.2530300358392662,7.868866845514077,5.113570417598025,-3.9638713452968855,2.459544054413018,-37.36621072379492,0.0,0.7214386182988245,0.7959414257022048,0.0,5.221959982025744,-0.16287306828302278,0.0,0.18725498824430076,6.00368167281813,45.199849531783215,29.07685652834934,74.27670606013255
3.1619999999998734,7.23,-0.24279796673835657,7.860864307778394,5.118504235242061,-4.038698576620037,2.4761994195393897,-37.46276980576613,0.0,0.731881348041284,0.7955978603071892,0.0,5.220760002223436,-0.18069228021267436,0.0,0.19511251179411376,5.637405185817158,45.22336857806162,29.052493801078494,74.27586237914011
3.163999999999873,7.23,-0.23255598897769086,7.852711915373511,5.123482941411065,-4.113729603678301,2.504446924713888,-37.570096366151525,0.0,0.742321641055803,0.7952186566355532,0.0,5.219521957988286,-0.19851098271306072,0.0,0.20044708403107422,5.270428578892323,45.24680043492456,29.028205139891405,74.27500557481596
3.165999999999873,7.23,-0.2223039895377533,7.844409238810636,5.128529808258648,-4.188986506687066,2.544375622953191,-37.688739073783935,0.0,0.752759413448232,0.7948038175067464,0.0,5.218238068572017,-0.21632738063155038,0.0,0.20324888868006866,4.902759351169283,45.27014099021345,29.003994383662555,74.274135373876
3.1679999999998727,7.23,-0.2120418086717997,7.835955803329406,5.13366829335855,-4.264492484025232,2.5960820640814934,-37.81926767089701,0.0,0.7631945656753749,0.7943533492743929,0.0,5.216900464417635,-0.23413973384565945,0.0,0.20350852961389707,4.534402278579217,45.29338616071191,28.97986533170966,74.27325149242156
3.1699999999998725,7.23,-0.20176923951928688,7.82735108661841,5.1389220558074795,-4.340271895900367,2.6596714118289313,-37.962274513377906,0.0,0.7736269823609876,0.793867261722538,0.0,5.215501180587831,-0.2519463509059786,0.0,0.20121691916473763,4.165359314331042,45.31653187771271,28.955821757690096,74.27235363540281
3.1719999999998723,7.23,-0.19148602768483,7.818594516445211,5.144314974610421,-4.416350311228339,2.735258609918563,-38.118376246756824,0.0,0.7840565320975342,0.7933455679748722,0.0,5.214032149092966,-0.26974558240878077,0.0,0.19636516567292367,3.7956294877482373,45.33957407204948,28.931867423999932,74.27144149604942
3.173999999999872,7.23,-0.1811918707780224,7.80968546818916,5.1498711694508446,-4.492754558009754,2.822969601696117,-38.288215628974804,0.0,0.7944830672314616,0.7927882844174916,0.0,5.212485190066286,-0.287535814086322,0.0,0.1889444603120117,3.4252088013834596,45.36250865857702,28.908006096689565,74.27051475526659
3.175999999999872,7.23,-0.17088641790923753,7.800623262269708,5.155615023957949,-4.569512777508734,2.9229426084754966,-38.472463512106685,0.0,0.8049064236296228,0.7921954306357788,0.0,5.210852001728254,-0.3053154595990758,0.0,0.17894596320563116,3.0540901263097266,45.385331520079895,28.884241560913274,74.26957308099317
3.1779999999998716,7.23,-0.16056926913629765,7.791407161462285,5.161571211594126,-4.6466544825651654,3.0353294724506252,-38.67182099648356,0.0,0.8153264204243622,0.791567029365997,0.0,5.209124149075334,-0.32308295300999873,0.0,0.16636068882888078,2.6822630954735356,45.408038490585575,28.860577636933385,74.26861612751895
3.1799999999998714,7.23,-0.1502399748566356,7.782036368093124,5.167764724298221,-4.72421062039981,3.160297070764088,-38.88702177207298,0.0,0.8257428597346489,0.7909031064622882,0.0,5.2072930512210736,-0.3408367409162927,0.0,0.15117939066524524,2.3097139949836203,45.43062533805322,28.837018196704722,74.26764353475794
3.181999999999871,7.23,-0.13989803513929072,7.772510021103659,5.174220904034175,-4.802213640302977,3.298028808138602,-39.118834663558054,0.0,0.8361555263604765,0.7902036908797608,0.0,5.20534996730881,-0.3585752742091963,0.0,0.13339244506942927,1.9364256531985602,45.45308774640522,28.81356718106844,74.26665492747365
3.183999999999871,7.23,-0.12954289899076607,7.762827192974311,5.180965477410301,-4.880697566632024,3.448726196372575,-39.368066397323915,0.0,0.8465641874475867,0.7894688146744658,0.0,5.203285980905666,-0.37629699942678907,0.0,0.11298973426724403,1.5623773274689385,45.47542129686294,28.790228617590074,74.26564991445301
3.1859999999998707,7.23,-0.1191739635484253,7.752986886496587,5.188024593552071,-4.959698077581346,3.612610529990093,-39.635564610536754,0.0,0.8569685921193785,0.7886985130211017,0.0,5.201091982776551,-0.3940003496587408,0.0,0.08996052840602269,1.1875445883846734,45.497621448542965,28.767006639081135,74.2646280876241
3.1879999999998705,7.23,-0.10879057319472377,7.742988031381448,5.195424865430869,-5.039252590231044,3.7899246684284935,-39.92222112471479,0.0,0.8673684710726568,0.7878928242493969,0.0,5.198758651924561,-0.41168373495511124,0.0,0.06429336655327923,0.811899201377637,45.51968351826333,28.743905502850005,74.26358902111333
3.1899999999998703,7.23,-0.09839201858514099,7.732829480690844,5.203193414873201,-5.1194003524276726,3.9809349363578166,-40.22897550866693,0.0,0.8777635361336175,0.7870517899002147,0.0,5.196276434770132,-0.4293455321839138,0.0,0.03597593652778306,0.43540900553269857,45.54160265950341,28.72092961073358,74.26253227023699
3.19199999999987,7.23,-0.0879775355822089,7.722510007078158,5.211357921499305,-5.200182542102987,4.185933155071117,-40.556818958452894,0.0,0.8881534797702217,0.7861754548025438,0.0,5.193635522325614,-0.4469840742736414,0.0,0.004994953436336652,0.05803778947041161,45.56337384045285,28.69808352996838,74.26145737042123
3.19399999999987,7.23,-0.07754630408750579,7.712028298822022,5.219946675867474,-5.281642374694918,4.405238819380915,-40.906798525132054,0.0,0.8985379745567762,0.7852638671726786,0.0,5.19082582520404,-0.4645976387676266,0.0,-0.028663963218185238,-0.32025483581950215,45.584991821077466,28.675372014967216,74.26036383604469
3.1959999999998696,7.23,-0.06709744676290283,7.701382955636589,5.2289886371309215,-5.363825219399998,4.639201436123646,-41.28002172456111,0.0,0.9089166725862198,0.7843170787370449,0.0,5.187836946280806,-0.48218443560652113,0.0,-0.06501641399589543,-0.6995135672895062,45.606451129121346,28.65280003007568,74.25925115919702
3.1979999999998694,7.23,-0.056630027631703446,7.690572484239809,5.23851349554802,-5.446778725058817,4.8882030422369125,-41.677661567425915,0.0,0.9192892048252208,0.783335144880308,0.0,5.184658150804212,-0.4997425940431782,0.0,-0.1040793456837367,-1.07978754335063,45.627746034953766,28.630372773391944,74.25811880834571
3.199999999999869,7.23,-0.04614305054959651,7.679595293659567,5.248551740224739,-5.530552956556777,5.152660922454784,-42.10096205209959,0.0,0.9296551804067569,0.7823181248206095,0.0,5.1812783337250305,-0.517270148580785,0.0,-0.1458711792955839,-1.4611304806062875,45.648870525159644,28.608095701743437,74.25696622690307
3.201999999999869,7.23,-0.035635457534545285,7.668449690255711,5.25913473251049,-5.615200542712462,5.433030548999837,-42.551244167878465,0.0,0.9400141858543608,0.7812660818139989,0.0,5.177685983986187,-0.534765023809676,0.0,-0.19041194002708142,-1.8436008137523956,45.66981827476012,28.585974556924764,74.25579283168489
3.2039999999998687,7.23,-0.025106126943845078,7.657133872433924,5.270294785515873,-5.700776836726501,5.729808768264462,-43.0299124617251,0.0,0.9503657842316668,0.7801790833904132,0.0,5.1738691454805465,-0.5522250180007322,0.0,-0.23772338926240089,-2.2272618385104868,45.690582617935746,28.564015393313966,74.25459801124971
3.2059999999998685,7.23,-0.014553871485593776,7.645645925025162,5.282065250273724,-5.787340090376222,6.043537262411479,-43.538462227928534,0.0,0.9607095142102753,0.7790572016238393,0.0,5.169815374347233,-0.5696477852933464,0.0,-0.2878291586987978,-2.612181857356297,45.71115651711197,28.542224606997458,74.25338112410942
3.2079999999998683,7.23,-0.003977436050718585,7.633983813301875,5.294480609123941,-5.8749516432671545,6.374806317125332,-44.07848738716976,0.0,0.971044889048239,0.7779005134396565,0.0,5.165511692234246,-0.5870308162929208,0.0,-0.3407548866109756,-2.998434327673601,45.73153253024797,28.52060896654951,74.25214149679748
3.209999999999868,7.23,0.006624504649523546,7.622145376599472,5.307576576968649,-5.963676128593194,6.724258930459622,-44.65168912945539,0.0,0.9813713954707028,0.7767091009625453,0.0,5.160944535106509,-0.6043714168665486,0.0,-0.39652835621820265,-3.386098011797569,45.751702776153614,28.499175645628824,74.25087842178243
3.211999999999868,7.23,0.017253348657019975,7.610128321508429,5.321390211118296,-6.053581697015037,7.092595301910211,-45.25988540437789,0.0,0.9916884924433105,0.7754830519088006,0.0,5.156099697122912,-0.6216666848951733,0.0,-0.45517963603921663,-3.775257128205398,45.771658897636954,28.47793225757407,74.24959115521102
3.2139999999998676,7.23,0.027910569569221597,7.597930214599053,5.335960030532105,-6.144740260443277,7.480577745556714,-45.90502135230588,0.0,1.0019956098279976,0.774222460027407,0.0,5.150962269042604,-0.6389134847054261,0.0,-0.5167412220187443,-4.166001502855608,45.79139202226383,28.456886892201133,74.24827891446496
3.2159999999998674,7.23,0.038597719590175925,7.585548474637131,5.35132614534923,-6.237227757711032,7.889036076429506,-46.589180781555136,0.0,1.012292146909622,0.7729274255948317,0.0,5.145516570548028,-0.6561084188636901,0.0,-0.5812481810794994,-4.55842671936027,45.81089272048352,28.436048155029216,74.24694087551273
3.217999999999867,7.23,0.049316432851737556,7.572980364244531,5.367530397711126,-6.3311244443436845,8.318873525250961,-47.31459880950297,0.0,1.0225774707805906,0.7715980559691603,0.0,5.139746075788927,-0.6732477969678055,0.0,-0.6487382955880221,-4.952634266283356,45.83015096084621,28.415425209189454,74.24557617003566
3.219999999999867,7.23,0.060068429028635205,7.5602229809541415,5.3846165149925715,-6.426515208883512,8.771073243457176,-48.083675800176756,0.0,1.0328509145691454,0.7702344662099867,0.0,5.133633331355746,-0.6903276010168292,0.0,-0.7192522080129377,-5.348731679376121,45.84915606200542,28.395027820300292,74.24418388230572
3.2219999999998667,7.23,0.07085551727343821,7.547273247603344,5.4026302766900445,-6.5234899185081465,9.246705468021986,-48.89899274726865,0.0,1.0431117754952874,0.768836779771386,0.0,5.1271598657804995,-0.7073434468752554,0.0,-0.7928335647897926,-5.746832675967088,45.86789664116029,28.374866404628435,74.24276304578873
3.2239999999998665,7.23,0.08167960050010727,7.534127902004443,5.421619696363606,-6.622143796997817,9.746935424186804,-49.76332827003081,0.0,1.0533593127363892,0.767405129276314,0.0,5.120306089535896,-0.7242905412730533,0.0,-0.8695291580739136,-6.1470572779942,45.88636055855274,28.354952080893046,74.24131263944578
3.2259999999998663,7.23,0.092542680047769,7.520783485824002,5.441635220194119,-6.722577838461629,10.273032053857765,-50.67967741032884,0.0,1.063592745082337,0.7659396573819987,0.0,5.113051184356207,-0.7411636336949856,0.0,-0.9493890636452976,-6.549531919268615,45.90453485758352,28.335296726115107,74.23983158369863
3.227999999999866,7.23,0.10344686075966013,7.507236332595825,5.4627299439037795,-6.8248992606326375,10.826377668284827,-51.65127244252344,0.0,1.0738112483575344,0.7644405177472687,0.0,5.105372980532788,-0.757956962409275,0.0,-1.0324667727062518,-6.954389531454857,45.92240570006025,28.315913035964634,74.2383187360249
3.229999999999866,7.23,0.1143943565158881,7.493482554784276,5.484959849997108,-6.929222001990501,11.408478635809875,-52.68160593407771,0.0,1.0840139525842032,0.7629078761144049,0.0,5.09724782063897,-0.7746641937638807,0.0,-1.1188193146572174,-7.361769601892227,45.939958296025644,28.2968145901161,74.23677288614175
3.2319999999998656,7.23,0.1253874962627996,7.479518029805598,5.5083840675144575,-7.03566726747507,12.020977229084306,-53.77445632410435,0.0,1.0941999388581094,0.7613419115199518,0.0,5.088650407908437,-0.791278353734636,0.0,-1.2085073671154982,-7.771818194706982,45.95717682754386,28.27801592318801,74.23519275073187
3.2339999999998654,7.23,0.13642873058639135,7.465338384904828,5.533065156753805,-7.144364128120699,12.66566477132181,-54.933916319705936,0.0,1.1043682359040168,0.7597428176511523,0.0,5.079553637222189,-0.8077917505390233,0.0,-1.3015953484140295,-8.184687924599663,45.974044365742756,28.25953260191873,74.23357696766149
3.235999999999865,7.23,0.1475206388823988,7.4509389807746045,5.559069421712215,-7.255450180576338,13.344496237964826,-56.16442444611694,0.0,1.1145178162737934,0.7581108043672315,0.0,5.069928406344911,-0.8241958869267197,0.0,-1.3981514865293219,-8.600537870141814,45.99054278031412,28.241381309317354,74.23192408963148
3.237999999999865,7.23,0.1586659371815263,7.436314893789549,5.586467253329335,-7.369072273187535,14.059606488655806,-57.47080012642441,0.0,1.1246475921449923,0.7564460994077414,0.0,5.0597434046830445,-0.8404813605168835,0.0,-1.4982478567728215,-9.019533410264735,46.0066526405675,28.223579936628262,74.23023257719576
3.2399999999998648,7.23,0.16986748669480972,7.421460896715775,5.61533350698496,-7.485387306110803,14.813328324604319,-58.85828270998546,0.0,1.1347564106718795,0.7547489503137734,0.0,5.048964876404731,-0.8566377502640289,0.0,-1.6019603785520609,-9.44184596372091,46.022353107009565,28.20614768406419,74.22850079107376
3.2419999999998645,7.23,0.181128303151411,7.406371437739244,5.645747918114398,-7.604563113815032,15.608212588220722,-60.33257491530415,0.0,1.1448430488340453,0.7530196265919504,0.0,5.037556354252661,-0.8726534867894884,0.0,-1.7093687589589548,-9.867652606459961,46.03762181227544,28.18910517139561,74.22672698367106
3.2439999999998643,7.23,0.1924515670093207,7.391040617639047,5.677795560261932,-7.726779439305063,16.44705054496481,-61.8998912024482,0.0,1.1549062077198262,0.7512584221561082,0.0,5.025478359781125,-0.8885157039011768,0.0,-1.8205563677325358,-10.297135535850002,46.052434730074324,28.172474559639923,74.22490928971425
3.245999999999864,7.23,0.20384063462858046,7.375462164911928,5.711567350396359,-7.852229010483278,17.33289881122701,-63.567011640923354,0.0,1.1649445061725214,0.7494656580873353,0.0,5.012688065039036,-0.9042100681257423,0.0,-1.9356100240949226,-10.73048134319299,46.06676603061613,28.156279685273226,74.22304571588936
3.247999999999864,7.23,0.21529905050682926,7.359629408632393,5.747160606864019,-7.981118730247467,18.26910711584215,-65.34134188933297,0.0,1.1749564737166425,0.7476416857600735,0.0,4.999138909881008,-0.9197205824748421,0.0,-2.0546196708423916,-11.167880046651092,46.08058792076398,28.140546208598384,74.22113412936237
3.2499999999998637,7.23,0.22683056068831833,7.343535248808256,5.784679665952566,-8.113670993203526,19.259349205137763,-67.23097995002624,0.0,1.1849405426687878,0.7457868903901459,0.0,4.984780168091073,-0.9350293599378158,0.0,-2.177677904593299,-11.609523825036607,46.093870466892426,28.125301778146813,74.21917224503923
3.2519999999998634,7.23,0.23843912747011883,7.327172123964408,5.824236563677934,-8.25012514323816,20.307657220068855,-69.24479040048405,0.0,1.194895039322988,0.7439016950705375,0.0,4.969556454317736,-0.9501163613069844,0.0,-2.304879322869466,-12.055605378306463,46.10658139812704,28.11057621327889,74.21715761140592
3.2539999999998632,7.23,0.2501289455431381,7.310531975657627,5.865951790077145,-8.390739087626375,21.4184598857101,-71.39248682616403,0.0,1.2048181740829647,0.7419865653725415,0.0,4.953407162405313,-0.9649590908621828,0.0,-2.4363196382222685,-12.506315822255402,46.118685887281664,28.096401707483494,74.21508759476515
3.255999999999863,7.23,0.2619044597208079,7.293606209592497,5.909955123972402,-8.535791084799769,22.596624853264732,-73.68472317613131,0.0,1.2147080303932816,0.740042014604119,0.0,4.936265824018272,-0.9795322421220691,0.0,-2.5720944962664727,-12.961842001810737,46.130146306389506,28.0828130552719,74.2129593616614
3.257999999999863,7.23,0.2737703844249106,7.276385652972793,5.956386556836784,-8.685581724306942,23.847505515590363,-76.13319471716088,0.0,1.2245625522971975,0.7380686098344993,0.0,4.918059374436341,-0.9938072842529124,0.0,-2.712297917413883,-13.422363078199004,46.14092195323033,28.069847906026816,74.21076985925714
3.2599999999998626,7.23,0.28573172511588457,7.258860507684365,6.005397314990915,-8.840436118750452,25.17699256845263,-78.75074915084912,0.0,1.2343795304204341,0.7360669788147534,0.0,4.898707309978867,-1.0077519777384798,0.0,-2.857020260209945,-13.888046208409612,46.150968744672525,28.057547048715318,74.20851579338785
3.2619999999998623,7.23,0.2977938018739004,7.241020298864953,6.057150989819395,-9.000706328422737,26.591570495902253,-81.551508247817,0.0,1.244156586146154,0.7340378179492932,0.0,4.878120718616079,-1.0213298054646804,0.0,-3.0063455760295277,-14.359041088668771,46.1602388719659,28.045954732023922,74.20619360398982
3.263999999999862,7.23,0.3099622753566386,7.222853818374438,6.1118247859045844,-9.16677403974192,28.09837899698164,-84.55099999428023,0.0,1.2538911537061956,0.7319819015038228,0.0,4.856201161841927,-1.034499302344505,0.0,-3.160348188596186,-14.83547307427273,46.16868041230792,28.035119025241272,74.2037994375492
3.265999999999862,7.23,0.32224317537937497,7.204349062637182,6.169610896768358,-9.339053518043688,29.705279110050025,-87.76630066817026,0.0,1.2635804598656613,0.7299000922727161,0.0,4.832839381701276,-1.0472132628549748,0.0,-3.3190882848600656,-15.317434512511975,46.17623689005186,28.025092226126255,74.20132911617812
3.2679999999998617,7.23,0.3346429323816313,7.1854931642886894,6.230718017046367,-9.517994853283133,31.42092338362616,-91.2161853621556,0.0,1.2732215008208818,0.7277933539745376,0.0,4.807913801843652,-1.0594178011937412,0.0,-3.4826062429201867,-15.804973828885812,46.18284677979052,28.01593132308031,74.19877810287083
3.2699999999998615,7.23,0.3471684120606222,7.166272317025522,6.295372998037739,-9.704087512957694,33.25482882126932,-94.92128410144706,0.0,1.2828110158626338,0.7256627657006707,0.0,4.781288785455649,-1.07105123295436,0.0,-3.650915343563559,-16.298081783331693,46.18844294221374,28.007698520229432,74.19614146244317
3.2719999999998612,7.23,0.3598269534625105,7.146671693035688,6.363822650156553,-9.89786420893979,35.21745039522746,-98.90423865182582,0.0,1.2923454572751945,0.7235095388112383,0.0,4.752812605722215,-1.0820427399719839,0.0,-3.823992408873094,-16.79667415498641,46.19295198205341,28.000461835549423,74.19341381760283
3.273999999999861,7.23,0.37262641082428943,7.126675352385024,6.436335690105008,-10.099905072250213,37.320251538797244,-103.18985207019246,0.0,1.3018209558447202,0.721335036758002,0.0,4.722315075884554,-1.0923107709362494,0.0,-4.001765776632534,-17.30056991102727,46.19629351556293,27.994295783984796,74.19058929954772
3.275999999999861,7.23,0.3855751994463413,7.106266143765591,6.513204821497434,-10.310842109712686,39.57576598783668,-107.80521857246258,0.0,1.3112332812346486,0.719140798419748,0.0,4.68960477579748,-1.1017611190461225,0.0,-4.184099842895187,-17.809463654555902,46.198379332780604,27.989282159667656,74.18766149244826
3.2779999999998606,7.23,0.39868234584011353,7.085425596093068,6.594748923605361,-10.531363885437154,41.99764235545414,-112.77981474259121,0.0,1.320577796347935,0.716928565666844,0.0,4.654465799961029,-1.1102846038270375,0.0,-4.370775173872286,-18.322890811945772,46.199112437251486,27.98551093389323,74.18462337114471
3.2799999999998604,7.23,0.4119575423248314,7.064133800597927,6.681315301577741,-10.762220323172585,44.600658470032684,-118.14552356211784,0.0,1.3298494046323184,0.714700316034661,0.0,4.616653938199579,-1.117754266559256,0.0,-4.56146288493108,-18.84018359106115,46.198385942882965,27.9830812885161,74.18146723139907
3.28199999999986,7.23,0.42541120612410466,7.042369283328549,6.773281919614427,-11.004227455521663,47.400686181577996,-123.93654888144957,0.0,1.3390424890917207,0.7124583015880611,0.0,4.575892184532117,-1.1240219667712876,0.0,-4.755691586509736,-19.36041519300931,46.19608180415857,27.982102807948692,74.17818461210726
3.28399999999986,7.23,0.4390545428121057,7.020108868429342,6.871059491380275,-11.258271842415388,50.414578181315065,-130.1891578941968,0.0,1.348150841540953,0.7102050953108674,0.0,4.531865452670094,-1.1289142400245809,0.0,-4.9528046754112305,-19.88232906144434,46.192069352011,27.982696857018126,74.17476620902913
3.2859999999998597,7.23,0.4528996136426449,6.997327533254565,6.9750932326155555,-11.525314229175116,53.65993515731561,-136.9411602320079,0.0,1.3571675803799503,0.7079436466664452,0.0,4.484214358905705,-1.132227243809076,0.0,-5.1519050692640445,-20.404249070700317,46.186203603309245,27.984998176579786,74.17120177988903
3.2879999999998595,7.23,0.4669594058094922,6.973998257445901,7.08586397967201,-11.806391792613326,57.15469259834316,-144.23099069709684,0.0,1.3660850548683934,0.7056773483616405,0.0,4.432527916808696,-1.1337205779578796,0.0,-5.3517835985745945,-20.923965451989986,46.178323307261365,27.98915673394834,74.1674800412097
3.2899999999998593,7.23,0.48124790395585165,6.950091869707062,7.203888230741421,-12.102618001682506,60.91643936835148,-152.09620317030004,0.0,1.3748947335576747,0.7034101168206924,0.0,4.3763349767187005,-1.1331097181887693,0.0,-5.550826135744454,-21.43858990669764,46.16824868735019,27.995339870718944,74.16358855806914
3.291999999999859,7.23,0.4957801601651646,6.925576898392003,7.329716454411427,-12.415178654699336,64.96134157553836,-160.57109882085888,0.0,1.383587074200487,0.7011464894528268,0.0,4.315094242920857,-1.130056746874501,0.0,-5.746893105085229,-21.94437175037621,46.15577883322483,28.003734796039815,74.15951362926464
3.293999999999859,7.23,0.5105723580686076,6.900419435525467,7.463928706039659,-12.745321989498509,69.30249106356594,-169.6830932559044,0.0,1.3921513721417162,0.6988917424879204,0.0,4.248182723719054,-1.1241590068430614,0.0,-5.937163248801094,-22.436465115630792,46.14068869419529,28.01455147813016,74.15524017232545
3.2959999999998586,7.23,0.525641864378297,6.874583028973124,7.607126160147699,-13.09433981707855,73.94742300062185,-179.447263649466,0.0,1.4005755839600469,0.6966520339601476,0.0,4.174882533048374,-1.1149352491296627,0.0,-6.11793143459018,-22.90863537106425,46.122725626194814,28.028025989489613,74.15075161568443
3.2979999999998584,7.23,0.5410072577981246,6.848028624831799,7.759916559950495,-13.463535301536691,78.89444626052781,-189.85829669498975,0.0,1.4088461230884937,0.6944345773192009,0.0,4.094366097526194,-1.1018088092975313,0.0,-6.284348004758695,-23.352891353396473,46.10160544984315,28.044424359518285,74.14602980936144
3.299999999999858,7.23,0.5566883204719634,6.820714592601696,7.922890747294491,-13.854171177255479,84.1273000341164,-200.87877375346295,0.0,1.4169476244839379,0.6922478520785406,0.0,4.005680079350633,-1.0840873584642892,0.0,-6.430085039271495,-23.759029518458142,46.077007992687825,28.064046978303768,74.14105497099159
3.301999999999858,7.23,0.5727059703814558,6.792596880468216,8.096586309906508,-14.267389732530779,89.60749322957595,-212.42238717448814,0.0,1.4248626764559027,0.6901018587249117,0.0,3.907728780593419,-1.0609388879485588,0.0,-6.54691374058684,-24.11407814225975,46.048572120127396,28.087233570840624,74.13580569096803
3.3039999999998577,7.23,0.5890821037812823,6.763629368417234,8.281432929968698,-14.70409271481798,95.26351896572594,-224.3303237291459,0.0,1.4325715200111555,0.6880084255231124,0.0,3.7992585651102733,-1.0313638938368235,0.0,-6.624178579720516,-24.401636857965233,46.01589031644458,28.114368711942394,74.13025902838697
3.3059999999998575,7.23,0.6058393042193992,6.733764514327816,8.47767227081537,-15.164765498133534,100.97602015745603,-236.33879868223698,0.0,1.4400517203144585,0.685981574318488,0.0,3.678846088054243,-0.9941643857283657,0.0,-6.648160947145898,-24.601123560912978,45.978502973519156,28.14588776327046,74.12439073678962
3.3079999999998573,7.23,0.6230003585090333,6.702954423550149,8.685243403739422,-15.649225851924122,106.5580406830504,-248.03585504941125,0.0,1.447277822286409,0.6840379500303362,0.0,3.5448950797429917,-0.9479115993025742,0.0,-6.601343249106991,-24.686974208007708,45.93589269905728,28.18228296276552,74.11817566182279
3.309999999999857,7.23,0.6405875005152405,6.671152515078069,8.903623431681465,-16.156274728000305,111.7299848360727,-258.8066150653166,0.0,1.4542210146058852,0.6821973126982952,0.0,3.3956493327577992,-0.890916506774647,0.0,-6.461622525669326,-24.627901774157817,45.887479192976755,28.224109152549737,74.11158834552648
3.311999999999857,7.23,0.6586212828941299,6.638316002647415,9.131613386138588,-16.68322743062438,116.09028101849974,-267.7691811490751,0.0,1.4608488455257642,0.680483079313456,0.0,3.229233544293181,-0.8212108570296404,0.0,-6.2015936792674315,-24.386421788922032,45.83261558865648,28.271988256636256,74.10460384529273
3.3139999999998566,7.23,0.6771189607039704,6.604409444381733,9.367064088366135,-17.225313674551533,119.08570398143561,-273.7098629564271,0.0,1.4671250620147966,0.6789228819250981,0.0,3.0437385645068975,-0.736551980957957,0.0,-5.788141781941935,-23.919004787166497,45.77058764419052,28.326611079611176,74.0971987238017
3.3159999999998564,7.23,0.6960922712103106,6.5694096134305004,9.606549475450665,-17.774963118182928,119.99067492061941,-275.0381513312081,0.0,1.4730096816371159,0.6775490748057429,0.0,2.8373722705800053,-0.6344720028240669,0.0,-5.182760895089682,-23.17741678642918,45.700617818362836,28.38873428456776,74.0893521029306
3.317999999999856,7.23,0.7155445328345674,6.533311857114423,9.845021222743483,-18.321050633524063,117.91297097144296,-269.79961030265844,0.0,1.4784594511614908,0.6763990739969014,0.0,2.608698768597986,-0.5124001693485667,0.0,-4.343237207018161,-22.112009775644168,45.62187707146974,28.459169596379986,74.08104666784973
3.319999999999856,7.23,0.7354670949965599,6.496137873501719,10.075522693261746,-18.848272335614705,111.85245677519032,-255.8049349661393,0.0,1.4834288854219824,0.6755153495944098,0.0,2.3569811381106147,-0.3678917676223823,0.0,-3.2275133230768,-20.6777881295268,45.533508115779675,28.538761607553532,74.0722697233332
3.3219999999998557,7.23,0.755835384284605,6.457944366196743,10.289099197451218,-19.336952391572286,100.84344449840933,-230.94212633234855,0.0,1.4878720883128866,0.6749448290676502,0.0,2.0826179908016718,-0.19899027077784348,0.0,-1.8004842421508267,-18.843739747680857,45.43466452989429,28.62835055360292,74.06301508349722
3.3239999999998555,7.23,0.7766051227059594,6.418831314853706,10.475093307523279,-19.763693788529082,84.19752586995395,-193.70855279799378,0.0,1.4917454923849478,0.674737443794138,0.0,1.7876144545067443,-0.004718868409294252,0.0,-0.04383275888962259,-16.604843910813177,45.324569867996516,28.728717883408873,74.05328775140539
3.3259999999998553,7.23,0.7977096806589135,6.378947752232506,10.622008167768534,-20.103273280288576,61.81814186472671,-143.89984552516626,0.0,1.495011467461244,0.6749436180097086,0.0,1.4759584879128673,0.21436547275373297,0.0,2.0324945357101893,-13.994219885700957,45.20259791316104,28.840516219698742,74.04311413285978
3.327999999999855,7.23,0.8190597886945332,6.33849236715527,10.71899238543528,-20.33189723884694,34.48349281453967,-83.22912340167757,0.0,1.4976424293762491,0.6756107168676704,0.0,1.153715059220278,0.4557071495601823,0.0,4.380718584762098,-11.09067743686719,45.0683670687193,28.96419150331662,74.03255857203592
3.329999999999855,7.23,0.840546683868968,6.297706578732566,10.757724699452591,-20.431332021212484,3.9345281601026167,-15.519060605585919,0.0,1.499624706236689,0.6767788389956799,0.0,0.8286632339276938,0.714587884598155,0.0,6.912657021343594,-8.016179459242894,44.921828100071465,29.09991206995614,74.02174017002761
3.3319999999998546,7.23,0.8620489960288188,6.256859415629789,10.734160436081368,-20.39273022983579,-27.36338986429859,53.82082540987757,0.0,1.5009611852686948,0.678476738460045,0.0,0.5094342616630212,0.984438852817719,0.0,9.508205164939,-4.9203721125766195,44.763312207369765,29.24752332869775,74.01083553606752
3.3339999999998544,7.23,0.8834424274940134,6.2162262762672915,10.649478334999952,-20.21870427621217,-56.75935460134966,118.97502039034933,0.0,1.5016718898127261,0.6807188596856318,0.0,0.20433185662204378,1.2576386059341833,0.0,12.03445117492791,-1.955268978224294,44.59351103613543,29.406543508004376,74.0000545441398
3.335999999999854,7.23,0.9046101441078015,6.176066132494523,10.509817089039874,-19.92274805441784,-82.04025404975441,175.08775320998294,0.0,1.5017921825659424,0.6835042696870754,0.0,-0.07980508368906625,1.5265836553597913,0.0,14.36933290111084,0.751184391830092,44.413389299537236,29.5762048615555,73.98959416109274
3.337999999999854,7.23,0.9254514794134554,6.136602431406,10.324915622292032,-19.526256643345917,-101.86339949952635,219.21098120636262,0.0,1.5013690318690451,0.6868177052006146,0.0,-0.33834223878468395,1.7846889407120168,0.0,16.421134819617937,3.1131271066419344,44.22406511112336,29.755530489311337,73.97959560043469
3.3399999999998538,7.23,0.94588727224889,6.098011375964427,10.10621852746916,-19.054373770211846,-115.85214175715458,250.51419411261753,0.0,1.5004563245637814,0.6906323032470638,0.0,-0.5690308905485217,2.0270325660104747,0.0,18.137727360156617,5.091643481875306,44.02670173650536,29.943427014919642,73.970128751425
3.3419999999998535,7.23,0.9658614379435861,6.060418461603988,9.865099596786346,-18.532097282508616,-124.40491532251079,269.8664285583094,0.0,1.4991103039363842,0.6949131846439375,0.0,-0.7717098563123415,2.2505483675460933,0.0,19.504973630145606,6.688227906831418,43.82243317177073,30.138772375544647,73.96120554731539
3.3439999999998533,7.23,0.9853394817019911,6.023901717809196,9.611622251394053,-17.981560267119555,-128.37858645175862,279.14275748482595,0.0,1.4973859008409618,0.6996210469689196,0.0,-0.9477473059298767,2.4538521953854286,0.0,20.53804559686799,7.932375641899342,43.61232093339261,30.340484595621046,73.95280552901366
3.345999999999853,7.23,1.0043051708153303,5.988498990049915,9.35393093321699,-17.420694304377985,-128.79277523160582,280.57648478500107,0.0,1.495334264015309,0.7047151888438672,0.0,-1.0994414063793738,2.6368704804797725,0.0,21.270467730360963,8.86870748067997,43.397330547352695,30.547566533685156,73.94489708103785
3.347999999999853,7.23,1.0227565242842012,5.954216723724118,9.098146274981517,-16.862996693266975,-126.62688221061921,276.3142242283083,0.0,1.493001420724665,0.7101557238580044,0.0,-1.2295178584974207,2.8004250243647384,0.0,21.744360321731406,9.546793470479074,43.17831977640043,30.75912868132793,73.93744845772835
3.3499999999998527,7.23,1.0407019300992335,5.9210384740693405,8.848564876413386,-16.317965630397925,-122.71541399031557,268.1862188693067,0.0,1.4904278068970678,0.7159049992930853,0.0,-1.3407740388334015,2.945868718639329,0.0,22.00338716292112,10.014557026177082,42.95603538785909,30.974395511172524,73.93043089903162
3.3519999999998524,7.23,1.0581568178644682,5.888932203670866,8.607990850325649,-15.791824815450157,-117.71545272365361,257.63469951863715,0.0,1.4876483693176699,0.7219283676869895,0.0,-1.4358615805637278,3.074809292653188,0.0,22.088474273914198,10.314783313217003,42.73111682270323,31.192701310981796,73.92381813368502
3.353999999999852,7.23,1.075141027312761,5.857856058181896,8.378086382299655,-15.288290414581871,-112.11549910235587,245.73293408331364,0.0,1.4846929900211434,0.728194493848914,0.0,-1.517174842362384,3.188921350288059,0.0,22.03569679944412,10.483797229750422,42.5041048346346,31.413480345814122,73.91758518044873
3.355999999999852,7.23,1.0916768451789813,5.827762679293129,8.159683499542393,-14.809253613673404,-106.26238847111662,233.2439473450635,0.0,1.4815870557111046,0.7346753606214221,0.0,-1.5868099222744148,3.2898304116006654,0.0,21.875602272921654,10.551432262282331,42.275452897073684,31.636254697913103,73.91170759498678
3.3579999999998518,7.23,1.1077876074257715,5.798602279624338,7.953036271835924,-14.355333088423837,-100.39233685289352,220.6883647788239,0.0,1.4783520612389407,0.7413460982173876,0.0,-1.6465655435214157,3.379049051237561,0.0,21.633361719530523,10.541648688073417,42.045539463124534,31.86062182684553,73.90616128997007
3.3599999999998515,7.23,1.1234967448922177,5.770324745970121,7.758012920464723,-13.926296101897432,-94.65931330401025,208.40646295852267,0.0,1.4750061853204044,0.7481847234648418,0.0,-1.6979658109393228,3.457947667232926,0.0,21.329326218444084,10.473399303428566,41.81467976396934,32.08624294648006,73.90092271044941
3.3619999999998513,7.23,1.1388271596785662,5.7428810173376865,7.574236155689691,-13.521366345880079,-89.15827456562725,196.60901259226065,0.0,1.4715648089591493,0.7551718442715869,0.0,-1.742292254170219,3.5277466768450125,0.0,20.979729649256164,10.36152076973247,41.583136427669444,32.31283270788543,73.89596913555488
3.363999999999851,7.23,1.1538008393924275,5.71622394100324,7.401182492515536,-13.13944199503175,-83.94302186661722,185.41637343765044,0.0,1.4680409663943976,0.7622903623154683,0.0,-1.7806179093516854,3.5895210103377786,0.0,20.59739499113061,10.21754443046054,41.35112864124663,32.5401503222827,73.89127896352933
3.365999999999851,7.23,1.168438637586048,5.690308763495246,7.2382506863971585,-12.779246137065698,-79.03937598278532,174.88735437921622,0.0,1.4644457289957873,0.7695251920688416,0.0,-1.8138396546469373,3.644210977517196,0.0,20.192375570245424,10.050387246181987,41.11883984763815,32.76799207012855,73.8868319177667
3.3679999999998507,7.23,1.1827601673586277,5.665093372655481,7.084807704314644,-12.439427980718804,-74.45462737576162,165.03992624218097,0.0,1.4607885277065638,0.7768630048607668,0.0,-1.8427071006366855,3.6926358588626536,0.0,19.77250556850535,9.86691832096472,40.88642410598498,32.99618505581064,73.88260916179561
3.3699999999998504,7.23,1.1967837700154107,5.640538374301122,6.940218748253514,-12.118629098785645,-70.18417345588405,155.86577947921404,0.0,1.4570774216654245,0.7842920010390559,0.0,-1.867847510293985,3.735508091424647,0.0,19.343856886657676,9.672412437861144,40.65401129686827,33.2245820382996,73.87859333516786
3.3719999999998502,7.23,1.2105265319801586,5.616607062274382,6.8038661702050645,-11.815525297297649,-66.21610094650627,147.34038337982753,0.0,1.4533193209619482,0.7918017100991355,0.0,-1.8897868342015147,3.773446886321863,0.0,18.91111022269507,9.47090768616015,40.42171136093602,33.453057169080246,73.87476853001627
3.37399999999985,7.23,1.224004331435405,5.593265322545364,6.675160774361136,-11.528851765028218,-62.534300277589224,139.42983018122854,0.0,1.4495201709635213,0.7993828169774184,0.0,-1.908967228990659,3.8069907066350206,0.0,18.477852305555476,9.265484796681594,40.189617743998824,33.68150248375598,73.8711202277548
3.37599999999985,7.23,1.237231902087748,5.5704814990620495,6.553547984028191,-11.25741693080532,-59.12054791263691,132.09541759816545,0.0,1.4456851047830024,0.8070270119544304,0.0,-1.9257615273287825,3.836608383185604,0.0,18.046811844620404,9.058484075055533,39.95781019792149,33.9098250140013,73.86763521192279
3.3779999999998496,7.23,1.2502229056242025,5.548226239906564,6.438510604720494,-11.000108823852267,-55.95587189157895,125.29665969175852,0.0,1.4418185694989867,0.8147268613890142,0.0,-1.9404851336065059,3.8627088416636512,0.0,17.62004576509493,8.85167333655593,39.72635706167413,34.13794440740342,73.86430146907755
3.3799999999998493,7.23,1.2629900073232796,5.5264723359635095,6.329569380036566,-10.755896561767795,-53.02142464822515,118.99321656400026,0.0,1.4379244308254775,0.8224756965695349,0.0,-1.9534057808028296,3.8856495174023484,0.0,17.199085698342035,8.64637772326025,39.49531712397932,34.36579096200035,73.86110808597967
3.381999999999849,7.23,1.2755449512776165,5.5051945599328125,6.226282159131775,-10.523828763575489,-50.29902040049057,113.1460873637462,0.0,1.4340060601117668,0.8302675181766096,0.0,-1.9647515282468966,3.9057435817439687,0.0,16.78505299214028,8.443580032278364,39.264741149297826,34.59330399913415,73.85804514843198
3.383999999999849,7.23,1.2878986330425892,5.484369510537977,6.128242230538415,-10.303030106848894,-47.77144656600057,107.7183064209846,0.0,1.4300664068539501,0.8380969141203782,0.0,-1.9747173213830373,3.923266119996386,0.0,16.378748932102642,8.243998298753388,39.03467313258924,34.82043051243272,73.85510364502196
3.3859999999998487,7.23,1.3000611684404484,5.463975464768658,6.03507619396598,-10.092696846595596,-45.42262483496923,102.67530831431571,0.0,1.4261080593140871,0.8459589887963693,0.0,-1.9834703799749271,3.9384593997983712,0.0,15.98072551014402,8.048145856601469,38.80515133506586,35.04712404247824,73.85227537754409
3.3879999999998485,7.23,1.312041957858716,5.4439922396550235,5.946441615545112,-9.892091836906197,-43.23767384657423,97.98507582573001,0.0,1.4221332953604784,0.8538493020727613,0.0,-1.991154633197136,3.951537358839187,0.0,15.59134095415566,7.856377900408636,38.57620914258296,35.27334373631487,73.84955287889784
3.3899999999998482,7.23,1.3238497457806016,5.424401064191082,5.862024625564139,-9.700539406739841,-41.202908934146585,93.61814864415916,0.0,1.4181441252483609,0.8617638165663475,0.0,-1.997894379395383,3.962689427270913,0.0,15.210803327074187,7.668927638919025,38.34787577989917,35.499053558724825,73.846929338624
3.391999999999848,7.23,1.3354926755406686,5.405184461458872,5.781537558929835,-9.517420312032645,-39.30580299078012,89.54754567275728,0.0,1.4141423277403593,0.8696988519805038,0.0,-2.0037973145710946,3.9720837855843776,0.0,14.839204783087236,7.485934411211352,38.12017690738502,35.72422162847533,73.84439853586035
3.393999999999848,7.23,1.3469783394570822,5.386326140654218,5.704716698843955,-9.34216689893628,-37.53492463213681,85.74863653309754,0.0,1.4101294807069433,0.8776510454656524,0.0,-2.0089570460569295,3.9798701446637654,0.0,14.476548501476966,7.307465584931554,37.893135121489394,35.94881965778825,73.84195477927764
3.3959999999998476,7.23,1.3583138245843465,5.367810898507652,5.631320157587927,-9.174258554427515,-35.87986441848749,82.19898598328828,0.0,1.4061069871378629,0.8856173171229491,0.0,-2.0134551854754097,3.9861821218979223,0.0,14.122769874772443,7.133533633956891,37.66677037610051,36.172822477344226,73.83959285344474
3.3979999999998474,7.23,1.3695057543794122,5.349624529483088,5.561125910729552,-9.013217481754381,-34.33115618812384,78.87818682434929,0.0,1.4020760973263342,0.8935948399079854,0.0,-2.0173630970233987,3.9911392758805277,0.0,13.777753181908777,6.964109470458753,37.441100338637256,36.39620763239881,73.83730797103607
3.399999999999847,7.23,1.3805603265944082,5.331753744089031,5.493929989655502,-8.858604812953638,-32.880198023249335,75.76769130926776,0.0,1.3980379278509285,0.9015810133061861,0.0,-2.020743362608285,3.9948488524096177,0.0,13.44134470792595,6.7991328599799346,37.21614069207336,36.61895503821836,73.83509573029173
3.401999999999847,7.23,1.3914833477112718,5.314186094629846,5.429544830121455,-8.710017054669215,-31.519175652151286,72.85064729279554,0.0,1.3939934778693928,0.9095734402483517,0.0,-2.023651013701559,3.9974072861095293,0.0,13.113363062474262,6.638520559719995,36.99190539200468,36.84104668516484,73.83295207716952
3.4039999999998467,7.23,1.4022802642241823,5.296909907742803,5.367797770138575,-8.56708285374294,-30.240989934892827,70.11174281342724,0.0,1.3899436431486536,0.9175699068160609,0.0,-2.0261345704116343,3.9989014949011685,0.0,12.793607286661041,6.48217267587752,36.76840688619518,37.062466385474224,73.8308732716694
3.4059999999998465,7.23,1.4129561910596085,5.279914223099783,5.308529688045256,-8.42946006348427,-29.039189308849025,67.5370610986476,0.0,1.3858892281822213,0.9255683643549346,0.0,-2.028236920752785,3.9994099985759712,0.0,12.481863211110463,6.329977625093257,36.54565630269108,37.28319955516308,73.82885585785417
3.4079999999998463,7.23,1.4235159374041053,5.26318873769386,5.25159377040376,-8.296833088744233,-27.907907564023827,65.11394686511211,0.0,1.381830956686549,0.933566913671091,0.0,-2.0299960670314796,3.9990038877264897,0.0,12.177908429386333,6.181815999778431,36.32366361151173,37.503233025628326,73.82689663714007
3.409999999999846,7.23,1.4339640301887724,5.24672375517596,5.196854398972342,-8.168910486953113,-26.841806992503116,62.830884063420726,0.0,1.3777694807192062,0.9415637910342725,0.0,-2.031445761389773,3.9977476651038497,0.0,11.881516173847874,6.03756357134169,36.102437764051125,37.72255488042527,73.8249926444764
3.411999999999846,7.23,1.4443047354578544,5.230510139752406,5.14418614613471,-8.045422802471528,-25.836026753763388,60.67738476569089,0.0,1.3737053886217399,0.9495573557516876,0.0,-2.0326160486014313,3.995699977979964,0.0,11.592458320709556,5.897093614453452,35.8819868136126,37.941154313462775,73.82314112707537
3.4139999999998456,7.23,1.454542077828136,5.214539274198676,5.093472868616448,-7.926120612502417,-24.886136177928293,58.64388862559679,0.0,1.3696392119572676,0.9575460791107072,0.0,-2.0335337310225814,3.9929142571766376,0.0,11.310507703802653,5.7602786960260985,35.66231801992346,38.159021505470996,73.82133952539445
3.4159999999998454,7.23,1.4646798582260452,5.1988030215869365,5.0446068899458725,-7.810772764115447,-23.98809266490978,56.721672194467274,0.0,1.3655714315857246,0.9655285345174015,0.0,-2.0342227680051788,3.989439275989256,0.0,11.035439879392962,5.626992041894647,35.44343794000301,38.376147516105476,73.81958545610848
3.417999999999845,7.23,1.4747216700710097,5.1832936903643265,4.997488262833627,-7.699164783444791,-23.13820380975822,54.90276731182347,0.0,1.3615024829972797,0.9735033886822141,0.0,-2.0347046199702916,3.985319640198013,0.0,10.767034455158367,5.497108570242949,35.22535250736996,38.59252418946982,73.81787669683979
3.419999999999845,7.23,1.4846709140566956,5.168004002455263,4.952024103392098,-7.591097439704733,-22.333093380489608,53.179887775829286,0.0,1.3574327610058403,0.9814693937247396,0.0,-2.0349985456142794,3.980596218657373,0.0,10.505076073341593,5.37050566209604,35.0080671012587,38.80814407118651,73.81621117244521
3.4219999999998447,7.23,1.494530811666348,5.1529270640941816,4.90812798985458,-7.486385448241347,-21.569670785313935,51.546363519046,0.0,1.3533626238890795,0.9894253800870392,0.0,-2.035121859309487,3.9753065225281565,0.0,10.249355119828572,5.247063724515848,34.791586607248185,39.023000335432826,73.81458694268102
3.4239999999998445,7.23,1.5043044175444884,5.138056339125142,4.865719419162123,-7.384856298350949,-20.84510368556135,49.99608155440335,0.0,1.349292397048487,0.9973702501598505,0.0,-2.0350901546020177,3.9694850400196255,0.0,9.999668216420849,5.126666590592359,34.57591547049137,39.237086720598626,73.81300219108999
3.4259999999998443,7.23,1.5139946308346268,5.1233856245318545,4.824723315450005,-7.286349193017407,-20.156793434676285,48.52343300655082,0.0,1.3452223762521753,1.0053029725387381,0.0,-2.034917498754713,3.9631635325024774,0.0,9.755818542063604,5.009201791222959,34.3610577425512,39.45039747242325,73.81145521497444
3.427999999999844,7.23,1.523604205581337,5.108909027986025,4.785069585079157,-7.190714089035671,-19.502353049772484,47.12326559886017,0.0,1.3411528305140201,1.0132225768380605,0.0,-2.0346166024950363,3.9563712970060214,0.0,9.517616019629262,4.894560726483035,34.14701712269797,39.66292729363589,73.80994441633385
3.429999999999844,7.23,1.5331357602849003,5.0946209472237625,4.746692713418469,-7.0978108271922755,-18.879587448699755,45.79084102250136,0.0,1.337084004655154,1.0211281489999555,0.0,-2.0341989684747217,3.9491353993970786,0.0,9.284877397547007,4.782638758698407,33.933796994397056,39.87467129926535,73.8084682936624
3.4319999999998436,7.23,1.5425917866876544,5.080516051079359,4.709531399092175,-7.00750834326571,-18.28647571129129,44.52179666880937,0.0,1.3330161215873082,1.0290188270434715,0.0,-2.0336750214055512,3.9414808819330776,0.0,9.057426249727213,4.673335244812673,33.72140045761007,40.08562497690299,73.80702543451306
3.4339999999998434,7.23,1.5519746578630775,5.066589262023193,4.673528221864603,-6.919683951594695,-17.721155147802044,43.31211125816124,0.0,1.3289493843520765,1.0368937972058765,0.0,-2.033054222383982,3.933430948368712,0.0,8.835092912552414,4.566553522051491,33.509830357442695,40.295784151303565,73.80561450874626
3.435999999999843,7.23,1.5612866356713995,5.052835740066145,4.638629340745686,-6.834222693846996,-17.18190698016816,42.15807394700228,0.0,1.3248839779455315,1.0447522904340465,0.0,-2.0323451695399073,3.925007129359883,0.0,8.617714373956387,4.462200858025249,33.29908930959799,40.505144952792996,73.80423426239099
3.437999999999843,7.23,1.5705298776390766,5.039250867906809,4.604784219268352,-6.7510167464130655,-16.667143462462345,41.05625653913431,0.0,1.3208200709536742,1.0525935791889736,0.0,-2.0315556868288533,3.916229430537678,0.0,8.40513412660109,4.360188374129893,33.08917972303007,40.71370378902474,73.80288351205482
3.4399999999998427,7.23,1.5797064433136998,5.025830237210234,4.571945375217024,-6.669964880555517,-16.175396285764453,40.0034884678255,0.0,1.3167578170208287,1.060416974530825,0.0,-2.030692902521534,3.9071164653088712,0.0,8.197201994740551,4.260430949282971,32.88010382013898,40.92145731968716,73.80156113982613
3.4419999999998425,7.23,1.588818300140766,5.0125696359180365,4.54006815237873,-6.590971970075237,-15.705306129664605,38.99683425181976,0.0,1.3126973561702258,1.0682218234558456,0.0,-2.0297633187211837,3.8976855741688357,0.0,7.993773942411812,4.162847109573924,32.671863654801626,41.12840243381715,73.80026608861877
3.4439999999998423,7.23,1.597867328904146,4.999465036499597,4.509110512148419,-6.513948541815409,-15.255613237863717,38.03357316110735,0.0,1.3086388159935596,1.0760075064597174,0.0,-2.0287728730505874,3.8879529320811517,0.0,7.794711869023836,4.067358908240746,32.464461128494804,41.33453622942009,73.79899735791489
3.445999999999842,7.23,1.6068553287679859,4.986512585062932,4.479032843051247,-6.438810364823187,-14.825148908962403,37.11118085763273,0.0,1.3045823127241518,1.083773435304889,0.0,-2.0277269934910276,3.8779336452792843,0.0,7.599883397150424,3.9738917994499006,32.257898004732304,41.539855995134175,73.79775399986647
3.447999999999842,7.23,1.6157840219541104,4.973708591251739,4.44979778645006,-6.3654780744318025,-14.412827805666447,36.22731280224283,0.0,1.3005279522065638,1.091519050971936,0.0,-2.0266306472200473,3.867641838674575,0.0,7.409161656313282,3.8823745086070174,32.0521759220103,41.74435919371069,73.79653511572099
3.4499999999998416,7.23,1.624655058085723,4.961049518862171,4.421370076888872,-6.293876827919592,-14.017640996426715,35.37978924241366,0.0,1.2964758307739161,1.0992438217772247,0.0,-2.0254883841797784,3.857090734907338,0.0,7.222425065719408,3.792738901325062,31.847296405429383,41.94804344711007,73.79533985253946
3.4519999999998414,7.23,1.6334700182252588,4.948531977119233,4.393716395685319,-6.223935988752368,-13.638649653104284,34.56658161591719,0.0,1.2924260360427855,1.1069472416410873,0.0,-2.02430437600952,3.8462927259504234,0.0,7.039557118254242,3.704919852695243,31.643260877141646,42.15090652303793,73.79416740017957
3.453999999999841,7.23,1.6422304186316252,4.936152712558375,4.366805236529255,-6.155588836726577,-13.274979336738845,33.78580022388033,0.0,1.288378647634414,1.114628828492446,0.0,-2.0230824508923764,3.835259438064391,0.0,6.860446167498283,3.618855118120073,31.440070665751957,42.35294632276734,73.7930169885193
3.455999999999841,7.23,1.6509377142597081,4.923908601462925,4.340606781972834,-6.0887723016072615,-12.925814811013902,33.035683042888856,0.0,1.2843337378298874,1.1222881227972787,0.0,-2.0218261247940483,3.8240017908078388,0.0,6.6849852191054575,3.5344852066594314,31.23772701478745,42.55416087011039,73.79188788489783
3.4579999999998408,7.23,1.659593302022906,4.911796642812564,4.315092789811443,-6.0234267181009296,-12.59039532966737,32.314585560137616,0.0,1.2802913721661002,1.1299246861997034,0.0,-2.020538629510307,3.812530050723317,0.0,6.513071727536481,3.4517532575939116,31.036231090334766,42.75454830142034,73.79077939175511
3.4599999999998405,7.23,1.6681985238375594,4.899813951702161,4.290236488456364,-5.9594956002224695,-12.268010349985467,31.62097152833072,0.0,1.2762516099784906,1.1375381002655687,0.0,-2.0192229378867212,3.8008538802470353,0.0,6.344607398863905,3.3706049207130127,30.835583987933717,42.95410685651762,73.78969084445134
3.4619999999998403,7.23,1.6767546694664384,4.8879577531939455,4.266012480490441,-5.896925433310372,-11.957995629732194,30.953404548280968,0.0,1.2722145048959024,1.1451279653194955,0.0,-2.01788178652862,3.788982382327483,0.0,6.179498000144499,3.2909882406795194,30.63578673880477,43.152834870446036,73.78862160925081
3.46399999999984,7.23,1.6852629791769091,4.8762253765693275,4.242396653678602,-5.835665482118481,-11.65972966948233,30.31054039711652,0.0,1.2681801052922876,1.1526938993672426,0.0,-2.0165176962798883,3.776924141182971,0.0,6.017653175678479,3.2128535456975866,30.436840315479166,43.35073076597648,73.78757108145564
3.46599999999984,7.23,1.6937246462280258,4.864614249949647,4.219366098777028,-5.775667613567676,-11.37263046641386,29.69112002882264,0.0,1.264148454699476,1.1602355370960344,0.0,-2.015132990715104,3.7646872595799987,0.0,5.858986270335683,3.136153340614399,30.23874563689279,43.547793046783504,73.7865386836763
3.4679999999998397,7.23,1.7021408191995395,4.85312189525784,4.196899033548898,-5.716886132879472,-11.096152549238242,29.093963181662918,0.0,1.2601195921847612,1.1677525289462678,0.0,-2.013729812860043,3.752279392971969,0.0,5.703414160018665,3.0608422045089183,30.04150357299722,43.744020291229816,73.78552386422703
3.4699999999998394,7.23,1.7105126041746972,4.84174592349542,4.174974732452054,-5.659277631937358,-10.82978426715757,28.51796253395367,0.0,1.2560935526966577,1.1752445402486096,0.0,-2.0123101403299106,3.739707780800759,0.0,5.550857089246926,2.9868766927618053,29.845114948936722,43.93941114669976,73.78452609563648
3.471999999999839,7.23,1.718841066787679,4.830484030311395,4.153573461515228,-5.602800848832508,-10.573045308586856,27.962078355814203,0.0,1.252070367381807,1.1827112504210877,0.0,-2.010875799052355,3.726979275230958,0.0,5.401238515779831,2.9142152435548656,29.649580548833157,44.1339643244296,73.78354487326276
3.473999999999839,7.23,1.7271272341456105,4.8193339918417,4.132676417965422,-5.5474165376496405,-10.325484427908146,27.425333609973066,0.0,1.2480500638757435,1.1901523522212916,0.0,-2.009428475722861,3.7141003675578257,0.0,5.2544849621450895,2.842818088713784,29.454901119217112,44.327678594788026,73.78257971400514
3.4759999999998388,7.23,1.735372096634246,4.808293660799531,4.112265674210205,-5.493087347637768,-10.086677360769354,26.906809459559412,0.0,1.2440326665698858,1.1975675510492403,0.0,-2.0079697291232277,3.7010772125046745,0.0,5.110525873901559,2.7726471687821883,29.261077372139333,44.52055278296505,73.78163015510438
3.4779999999998386,7.23,1.74357660961567,4.797360962798616,4.092324125815643,-5.439777710990256,-9.85622491043871,26.405641145120853,0.0,1.2400181968569417,1.204956564296909,0.0,-2.0065010004188735,3.6879156506028785,0.0,4.969293484437274,2.703666052196285,29.068109987992322,44.71258576503202,73.78069575302433
3.4799999999998383,7.23,1.751741695025675,4.786533892892906,4.072835443153735,-5.387453738530272,-9.63375118950231,25.921014196945155,0.0,1.2360066733566435,1.2123191207407324,0.0,-2.005023622537797,3.674621228827925,0.0,4.830722686083944,2.635839858416359,28.875999618069674,44.90377646433889,73.77977608240856
3.481999999999838,7.23,1.7598682428778554,4.775810512317515,4.053784026423034,-5.336083122662048,-9.418902002775337,25.452160952180463,0.0,1.2319981121235686,1.2196549599737851,0.0,-2.003538828722591,3.661199219647252,0.0,4.694750907316174,2.56913518486296,28.684746886887112,45.09412384821897,73.77887073510608
3.483999999999838,7.23,1.7679571126808886,4.7651889454170036,4.035154963772977,-5.285635047006274,-9.211343358708715,24.998357349295112,0.0,1.2279925268386038,1.22696383187457,0.0,-2.002047760336864,3.6476546386200255,0.0,4.561317995795859,2.503520037500624,28.49435239428723,45.28362692497358,73.77797931926081
3.4859999999998377,7.23,1.776009134774962,4.75466737674813,4.016933992286574,-5.236080102190128,-9.010760097831225,24.5589199751351,0.0,1.2239899289854952,1.2342454961096814,0.0,-2.000551473998596,3.6339922606750985,0.0,4.430366107018371,2.438963764909748,28.30481671734728,45.47228474111256,73.77710145845984
3.4879999999998375,7.23,1.7840251115928363,4.744244048345289,3.999107461597895,-5.187390207309417,-8.816854627891791,24.133203342265166,0.0,1.2199903280137274,1.2414997216677919,0.0,-1.9990509481052248,3.6202166351809812,0.0,4.30183959831714,2.375436995687571,28.116140412107875,45.660096378828314,73.7762367909362
3.4899999999998372,7.23,1.7920058188506063,4.7339172571377155,3.9816622999404587,-5.139538536622756,-8.62934575637122,23.720597376447962,0.0,1.2159937314889335,1.248726286422659,0.0,-1.9975470888083011,3.6063320999106643,0.0,4.175684927984912,2.3129115790205756,27.928324015138138,45.847060953683595,73.77538496882173
3.491999999999837,7.23,1.7999520066728338,4.723685352508409,3.964585982440329,-5.092499451076002,-8.447967611931523,23.320525096057438,0.0,1.2120001452318403,1.2559249767230356,0.0,-1.9960407354895748,3.592342793994289,0.0,4.051850559274555,2.2513605282739855,27.74136804495194,46.03317761249495,73.7745456574469
3.493999999999837,7.23,1.8078644006563684,4.713546733985485,3.9478665014838166,-5.0462484342898275,-8.272468647176558,22.9324404669606,0.0,1.2080095734467313,1.2630955870075489,0.0,-1.994532665784908,3.578252669943769,0.0,3.9302868690475115,2.190757967447822,27.555273003287727,46.2184455313957,73.77371853468343
3.4959999999998366,7.23,1.8157437028768457,4.703499849057374,3.931492339004167,-5.000762032674625,-8.102610715818805,22.55582641795932,0.0,1.2040220188402757,1.2702379194427593,0.0,-1.9930236001977168,3.564065504825679,0.0,3.8109460608449055,2.131079080353747,27.370039376263847,46.40286391406343,73.77290329032728
3.4979999999998364,7.23,1.8235905928415608,4.6935431911039185,3.9154524405447906,-4.956017799365367,-7.938168217995028,22.19019300328298,0.0,1.2000374827315083,1.2773517835827786,0.0,-1.9915142063393476,3.54978491065162,0.0,3.693782082163741,2.072300062372081,27.1856676354199,46.586431990098816,73.77209962551872
3.499999999999836,7.23,1.831405728392133,4.68367529743602,3.899736190968495,-4.911994241694766,-7.778927308054763,21.835075699876512,0.0,1.1960559651536695,1.284436996048933,0.0,-1.990005102830093,3.5354143440488914,0.0,3.57875054572859,2.0143980746539016,27.002158238653447,46.76914901354345,73.77130725219689
3.501999999999836,7.23,1.8391897465601357,4.673894747437013,3.8843333916930134,-4.868670771946436,-7.6246851596686005,21.49003382835871,0.0,1.1920774649485597,1.291493380228105,0.0,-1.9884968628911304,3.5209571152686654,0.0,3.4658086545576263,1.9573512006387777,26.8195116310609,46.95101426152576,73.77052589258666
3.5039999999998357,7.23,1.8469432643786303,4.664200160799461,3.869234239342943,-4.826027661150994,-7.475249283573216,21.15464908753932,0.0,1.1881019798539918,1.2985207659884663,0.0,-1.986990017654755,3.5064163965836888,0.0,3.3549151306302702,1.9011384047645128,26.637728245690482,47.13202703302487,73.76975527871535
3.5059999999998355,7.23,1.854666879652336,4.6545901958514895,3.85442930571715,-4.784045995707318,-7.330436893694055,20.828524193299355,0.0,1.1841295065848867,1.3055189894114367,0.0,-1.9854850592175455,3.491795230122939,0.0,3.2460301469724175,1.8457394932510274,26.45680850421426,47.31218664774304,73.7689951519573
3.5079999999998353,7.23,1.8623611716889723,4.645063547967229,3.8399095189788155,-4.742707636628741,-7.19007431776811,20.511281613462206,0.0,1.1801600409085,1.3124878925387926,0.0,-1.9839824434587585,3.4770965351864707,0.0,3.1391152629836294,1.79113507684622,26.27675281752554,47.49149244507883,73.76824526260438
3.509999999999835,7.23,1.8700267019941321,4.63561894805629,3.8256661459827157,-4.701995181229936,-7.053996448933649,20.202562391027,0.0,1.1761935777142252,1.3194273231339115,0.0,-1.9824825926441465,3.4623231150799874,0.0,3.03413336283921,1.7373065354273318,26.09756158626825,47.66994378319271,73.76750536946096
3.511999999999835,7.23,1.87766401493188,4.626255161127568,3.8116907756610683,-4.661891927084835,-6.922046235065383,19.902025048807978,0.0,1.1722301110783901,1.3263371344562396,0.0,-1.980985897833369,3.4474776635052042,0.0,2.931048596808181,1.6842359843566614,25.91923520130264,47.84754003815851,73.76677523946115
3.5139999999998346,7.23,1.8852736383531206,4.61697098492299,3.7979753033954426,-4.622381838099214,-6.794074202914062,19.609344569129416,0.0,1.168269634324421,1.3332171850481238,0.0,-1.9794927211076274,3.432562770539058,0.0,2.829826325336277,1.631906242495957,25.741774044113278,48.02428060319434,73.76605464730761
3.5159999999998344,7.23,1.892856084193641,4.607765248617128,3.7845119163078476,-4.583449512553713,-6.669938014364523,19.32421144277584,0.0,1.1643121400787184,1.3400673385332151,0.0,-1.9780033976324491,3.4175809282319953,0.0,2.7304330657507347,1.5803008017887425,25.565178487162953,48.20016488796685,73.7653433751298
3.517999999999834,7.23,1.9004118490436015,4.598636811578865,3.771293079409253,-4.545080152984178,-6.549502052356139,19.046330781893815,0.0,1.1603576203225587,1.3468874634257162,0.0,-1.976518237569295,3.402534535853075,0.0,2.6328364414511967,1.529403798324897,25.389448894197077,48.37519231796374,73.76464121216081
3.519999999999834,7.23,1.9079414146901337,4.589584562191563,3.758311522548502,-4.507259537776323,-6.432637034218593,18.775421491992287,0.0,1.1564060664403124,1.35367743294978,0.0,-1.975037527848344,3.387425904807314,0.0,2.537005133458191,1.4791999848064117,25.214585620502255,48.549362333929366,73.76394795443161
3.5219999999998337,7.23,1.9154452486345925,4.580607416728427,3.74556022810887,-4.469973994361046,-6.319219650365273,18.511215498597494,0.0,1.1524574692642489,1.3604371248684428,0.0,-1.9735615338137271,3.3722572632486485,0.0,2.4429088341973966,1.4296747043377136,25.040589013122407,48.72267439135915,73.76326340448156
3.5239999999998335,7.23,1.9229238045859076,4.571704318279967,3.7330324194034614,-4.433210373905201,-6.209132226458489,18.25345702448906,0.0,1.1485118191161672,1.367166421321492,0.0,-1.9720905007514618,3.357030760409952,0.0,2.3505182034046967,1.3808138654683424,24.86745941103546,48.8951279600483,73.76258737108375
3.5259999999998333,7.23,1.930377522931387,4.562874235730658,3.7207215497242694,-4.396956027400465,-6.10226240731673,18.001901913781047,0.0,1.144569105846077,1.3738652086717296,0.0,-1.9706246553094307,3.3417484706698906,0.0,2.25980482604302,1.3326039184196636,24.695197145293896,49.06672252369137,73.76191966898526
3.527999999999833,7.23,1.9378068311862369,4.554116162782108,3.7086212920030075,-4.361198783060093,-5.998502860976693,17.756316999418665,0.0,1.1406293188681476,1.3805333773591224,0.0,-1.9691642068179296,3.3264123973747712,0.0,2.1707411721281336,1.2850318324313068,24.52380253913136,49.23745757952884,73.7612601186602
3.529999999999833,7.23,1.945212144422982,4.545429117020192,3.6967255290448935,-4.3259269249399,-5.89775100145143,17.516479510939533,0.0,1.1366924471940991,1.3871708217623633,0.0,-1.9677093485185655,3.311024476432139,0.0,2.083300558366029,1.2380850741665608,24.353275908038132,49.407332638037495,73.76060854607563
3.5319999999998326,7.23,1.9525938656818977,4.53681213902378,3.6850283442993503,-4.291129172705909,-5.799908728844367,17.282176519603176,0.0,1.132758479464231,1.3937774400674074,0.0,-1.9662602587086102,3.295586579691582,0.0,1.9974571115100492,1.1917515871194804,24.183617559807622,49.57634722266185,73.75996478246947
3.5339999999998324,7.23,1.9599523863634905,4.528264291512852,3.673524013134158,-4.256794662476605,-5.704882185585901,17.053204418223928,0.0,1.1288274039762325,1.4003531341425668,0.0,-1.964817101807292,3.2801005181269924,0.0,1.913185733350897,1.146019771969693,24.014827794555682,49.74450086958336,73.75932866413905
3.535999999999832,7.23,1.967288086604005,4.5197846585339025,3.6622069945819673,-4.2229129286728915,-5.612581527657091,16.829368433252757,0.0,1.1248992087119358,1.4068978094197835,0.0,-1.963380029350014,3.2645680448334446,0.0,1.8304620672575358,1.1008784678340333,23.846906904715347,49.91179312752529,73.75870003224064
3.537999999999832,7.23,1.9746013356348724,4.511372344680695,3.651071923530257,-4.189473886813529,-5.522920709754962,16.61048216684815,0.0,1.120973881362152,1.4134113747817185,0.0,-1.9619491809158804,3.2489908578508784,0.0,1.7492624661915048,1.056316934366959,23.679855175007976,50.07822355759051,73.75807873259849
3.5399999999998317,7.23,1.9818924921269592,4.503026474348527,3.640113603327834,-4.156467817198201,-5.435817283434862,16.396367166850663,0.0,1.11705140934971,1.4198937424543325,0.0,-1.960524684993582,3.233370602825828,0.0,1.6695639621215579,1.0123248346645906,23.513672882393067,50.24379173313028,73.75746461552335
3.5419999999998315,7.23,1.9891619045204245,4.494746191020283,3.6293269987828136,-4.123885349424348,-5.351192207340501,16.186852522737915,0.0,1.1131317798508205,1.4263448279046256,0.0,-1.9591066597901605,3.217708875521643,0.0,1.591344236769465,0.9688922189296361,23.348360295997924,50.40849723964166,73.75685753563958
3.5439999999998313,7.23,1.9964099113409455,4.486530656582669,3.6187072295287503,-4.091717447687599,-5.268969668700557,15.981774485784028,0.0,1.1092149798148796,1.4327645497432648,0.0,-1.9576952139868973,3.202007224186832,0.0,1.5145815936218647,0.9260095088571119,23.183917677028816,50.57233967469189,73.7562573517207
3.545999999999831,7.23,2.0036368415030243,4.478379050671094,3.608249563737141,-4.059955396819064,-5.189076915333242,15.780976111782397,0.0,1.1053009959828073,1.4391528296318068,0.0,-1.9562904474461427,3.186267151790495,0.0,1.4392549311464815,0.8836674827028913,23.02034527866475,50.7353186478678,73.75566392653255
3.547999999999831,7.23,2.01084301460105,4.470290570041786,3.5979494121560025,-4.028590789015893,-5.111444097457529,15.584306924814468,0.0,1.1013898149040202,1.4455095921942682,0.0,-1.954892451872657,3.1704901181331633,0.0,1.3653437171545815,0.8418572609993995,22.85764334593538,50.89743378074856,73.75507712668394
3.5499999999998306,7.23,2.0180287411887483,4.462264427969774,3.587802322455569,-3.9976155112244283,-5.036004118662613,15.391622600660838,0.0,1.0974814229521213,1.4518347649328014,0.0,-1.9535013114326845,3.1546775418407265,0.0,1.2928279642547185,0.8005702928847711,22.695812115583717,51.05868470690039,73.7544968224841
3.5519999999998304,7.23,2.025194323047613,4.4542998536714995,3.57780397386339,-3.967021733137992,-4.962692495435002,15.202784668554747,0.0,1.0935758063393959,1.4581282781472438,0.0,-1.9521171033338083,3.1388308022486444,0.0,1.221688206345875,0.7597983430137327,22.534851815915427,51.21907107189153,73.75392288780695
3.55399999999983,7.23,2.0323400534448854,4.446396091750836,3.567950172072292,-3.936801895773832,-4.8914472246874485,15.017660230074174,0.0,1.0896729511301781,1.4643900648583332,0.0,-1.950739898368284,3.1229512411830815,0.0,1.151905476101009,0.7195334790202761,22.374762666634883,51.37859253332627,73.75335519996115
3.55599999999983,7.23,2.0394662173816087,4.438552401667406,3.5582368444057075,-3.906948700596083,-4.822208658774198,14.836121694055995,0.0,1.0857728432531708,1.470620060734389,0.0,-1.9493697614224526,3.107040164645179,0.0,1.0834612833946564,0.6797680595038917,22.215544878669768,51.53724876089673,73.7527936395665
3.5579999999998297,7.23,2.046573091831257,4.430768057226131,3.5486600352258915,-3.87745509915375,-4.7549193875149065,14.658046526497223,0.0,1.0818754685127763,1.4768182040212685,0.0,-1.9480067519545219,3.091098844404221,0.0,1.0163375946308624,0.6404947225127416,22.05719865398437,51.69503943645121,73.75223809043558
3.5599999999998295,7.23,2.0536609459694133,4.423042346087022,3.5392159015714553,-3.8483142832047093,-4.689524126783698,14.483317014481955,0.0,1.0779808125995016,1.4829844354754234,0.0,-1.9466509244429206,3.075128519505077,0.0,0.9505168129300932,0.6017063744986837,21.899724185382926,51.8519642540778,73.75168843946072
3.5619999999998293,7.23,2.060730041394944,4.415374569294247,3.5299007090115007,-3.8195196752985785,-4.625969613251729,14.311820043241756,0.0,1.0740888610994923,1.4891186982998867,0.0,-1.9453023288071687,3.0591303976949455,0.0,0.885981759136023,0.5633961797204318,21.743121656303597,52.00802292020245,73.75114457650605
3.563999999999829,7.23,2.0677806323430814,4.407764040823607,3.5207108277044386,-3.7910649197930324,-4.564204504900894,14.143446885519879,0.0,1.070199599503252,1.495220938083043,0.0,-1.9439610108031637,3.0431056567740344,0.0,0.8227156536052698,0.5255575500725519,21.587391240603658,52.16321515370035,73.75060639430401
3.565999999999829,7.23,2.0748129658908265,4.4002100871475545,3.5116427286503074,-3.7629438742797316,-4.504179286953151,13.97809300246825,0.0,1.066313013213603,1.5012911027400238,0.0,-1.942627012394544,3.0270554458745904,0.0,0.7607020987451532,0.48818413531919796,21.43253310233706,52.31754068601974,73.7500737883568
3.5679999999998286,7.23,2.0818272821550363,4.39271204681698,3.502692980126095,-3.73515060139753,-4.445846182884782,13.81565785535945,0.0,1.0624290875529077,1.5073291424565887,0.0,-1.9413003721016815,3.010980886672333,0.0,0.6999250622663957,0.45126981371267433,21.278547395524566,52.470999261317004,73.74954665684157
3.5699999999998284,7.23,2.088823814483559,4.385269270058995,3.4938582442942057,-3.7076793610120027,-4.38915907021807,13.656044727445883,0.0,1.0585478077696342,1.5133350096353744,0.0,-1.9399811253298216,2.994883074534086,0.0,0.6403688611195556,0.41480868297810153,21.125434263917228,52.623590636602714,73.74902490051994
3.571999999999828,7.23,2.095802789639749,4.377881118390008,3.4851352739748074,-3.680524602741632,-4.3340734008037485,13.499160555343819,0.0,1.0546691590442727,1.519308658844372,0.0,-1.9386693046776486,2.9787630796052054,0.0,0.5820181460856115,0.37879505164644145,20.97319384075408,52.77531458189729,73.74850842265137
3.573999999999828,7.23,2.102764427980688,4.370546964243421,3.4765209095733467,-3.653680958812188,-4.280546125327468,13.344915769362467,0.0,1.0507931264946564,1.5252500467675196,0.0,-1.9373649402275395,2.9626219478401143,0.0,0.5248578869926825,0.34322343071914874,20.821826248514093,52.926170880395716,73.74799712890982
3.5759999999998278,7.23,2.1097089436294016,4.363266190611296,3.4680120761550373,-3.6271432372219596,-4.2285356217912335,13.193224142237206,0.0,1.0469196951807194,1.5311591321573101,0.0,-1.9360680598186986,2.9464607019790856,0.0,0.468873358532437,0.30808852564870076,20.67133159866363,53.07615932864077,73.7474909273044
3.5779999999998275,7.23,2.116636544641375,4.356038190699401,3.4596057806586047,-3.600906415201539,-4.178001627738135,13.044002645762667,0.0,1.0430488501087256,1.537035875789292,0.0,-1.93477868930416,2.9302803424741786,0.0,0.41405012665105656,0.27338522862005377,20.521709991399106,53.22527973670368,73.74698972810279
3.5799999999998273,7.23,2.1235474331656197,4.348862367595049,3.45129910924202,-3.574965632952836,-4.128905176003411,12.89717131485449,0.0,1.0391805762349953,1.5428802404183808,0.0,-1.933496852792724,2.9140818483671036,0.0,0.3603740354910156,0.23910861111898132,20.37296151538613,53.373531928371975,73.74649344375811
3.581999999999827,7.23,2.1304418056005665,4.341738133947197,3.4430892247533755,-3.54931618765291,-4.081208533789926,12.752653118599955,0.0,1.0353148584691672,1.5486921907368765,0.0,-1.9322225728767006,2.897866178121566,0.0,0.3078311948611723,0.20525391677400343,20.22508624749511,53.52091574134349,73.7460019888386
3.583999999999827,7.23,2.1373198527450135,4.33466491165828,3.4349733643204425,-3.523953527709054,-4.034875144879045,12.61037383788649,0.0,1.031451681677012,1.5544716933341014,0.0,-1.9309558708463137,2.8816342704125253,0.0,0.25640796821377665,0.1718165544593167,20.07808425253395,53.667431027426154,73.7455152799601
3.5859999999998267,7.23,2.1441817599443693,4.327642131587296,3.4269488370528225,-3.498873247252372,-3.989869574800346,12.470261949223532,0.0,1.0275910306828395,1.5602187166575816,0.0,-1.9296967668915743,2.8653870448746295,0.0,0.2060909611082147,0.1387920916469068,19.93195558297834,53.813077652743175,73.74503323572151
3.5879999999998264,7.23,2.151027707232411,4.320669233263676,3.4190130218509363,-3.474071080857817,-3.946157458795036,12.332248514398486,0.0,1.0237328902714995,1.5659332309756748,0.0,-1.928445280292326,2.849125402811975,0.0,0.15686701014227003,0.10617624799661823,19.786700278699918,53.95785549794233,73.74455577664224
3.589999999999826,7.23,2.157857869468756,4.313745664611493,3.411163365316424,-3.4495428984793657,-3.9037054524185586,12.196267075630036,0.0,1.0198772451900322,1.5716152083415955,0.0,-1.9272014295971849,2.832850227871187,0.0,0.10872317233267105,0.07396488917358761,19.64231836669292,54.101764458409875,73.7440828251028
3.591999999999826,7.23,2.1646724164722584,4.3068708816836025,3.403397379758822,-3.4252847005896565,-3.8624811846376823,12.062253555904034,0.0,1.0160240801489502,1.5772646225587375,0.0,-1.9259652327919514,2.8165623866797262,0.0,0.061646714927673096,0.04215402088305875,19.49880986079947,54.24480444448753,73.743614305287
3.593999999999826,7.23,2.1714715131505065,4.300044348405299,3.3957126412936645,-3.401292613514018,-3.822453213286563,11.930146164196618,0.0,1.0121733798232122,1.582881449147248,0.0,-1.9247367074581267,2.800262729451205,0.0,0.015625105635210412,0.01073978311309891,19.35617476143419,54.38697538169281,73.743150143127
3.5959999999998256,7.23,2.1782553196256065,4.293265536327122,3.3881067880274194,-3.377562884949398,-3.783590982754787,11.799885305308049,0.0,1.008325128852881,1.5884656653117795,0.0,-1.9235158709220632,2.783952090559367,0.0,-0.029353996748936215,-0.02028155542368857,19.214413055308203,54.528277210941795,73.74269026625
3.5979999999998253,7.23,2.185023991356418,4.286533924386449,3.3805775183249196,-3.354091879659231,-3.7458647837881243,11.671413494047815,0.0,1.004479311843489,1.5940172499103569,0.0,-1.9223027403952568,2.7676312890823604,0.0,-0.07330275132783384,-0.05091360265793476,19.07352471515323,54.668709888774046,73.74223460392727
3.599999999999825,7.23,2.1917776792574033,4.279848998677523,3.373122589155171,-3.33087607533579,-3.7092457152904563,11.54467527352785,0.0,1.0006359133661393,1.5995361834243065,0.0,-1.9210973331062418,2.7513011293187537,0.0,-0.1162331437190264,-0.08115984834872146,18.933509699445707,54.80827338757909,73.7417830870248
3.601999999999825,7.23,2.198516529814245,4.273210252229605,3.365739814511644,-3.3079120586220316,-3.673705648021637,11.419617137335317,0.0,0.9967949179573429,1.605022447929192,0.0,-1.919899666424562,2.7349624012767504,0.0,-0.15815699431253,-0.11102366909380114,18.79436795213183,54.94696769582423,73.74133564795605
3.6039999999998247,7.23,2.205240685196374,4.266617184792917,3.358427063903357,-3.285196521285402,-3.6392171900929844,11.29618745537064,0.0,0.9929563101186224,1.6104760270666985,0.0,-1.9187097579771861,2.718615881137894,0.0,-0.19908596618398072,-0.14050833317196554,18.65609940235326,55.08479281828308,73.74089222063634
3.6059999999998245,7.23,2.2119502833665483,4.260069302632103,3.3511822609132484,-3.2627262565364648,-3.605753654167556,11.174336403149377,0.0,0.9891200743158863,1.6158969060174249,0.0,-1.9175276257577925,2.702262331696563,0.0,-0.2390315726750796,-0.1696170052242969,18.518703964174346,55.221748776264484,73.74045274043883
3.6079999999998242,7.23,2.2186454581876114,4.253566118326906,3.3440033818205164,-3.2404981554856236,-3.5732890262781707,11.054015894378727,0.0,0.9852861949785923,1.621285071474528,0.0,-1.9163532882292327,2.6859025027764263,0.0,-0.27800518465298285,-0.19835275078071782,18.38218153631074,55.35783560784151,73.74001714415225
3.609999999999824,7.23,2.22532633952656,4.247107150579802,3.3368884542837747,-3.2185092037315646,-3.541797936181128,10.935179516630624,0.0,0.9814546564987128,1.6266405116181777,0.0,-1.9151867644195477,2.6695371316250145,0.0,-0.3160180374596618,-0.22671854063785365,18.24653200186021,55.493053368079856,73.73958536994007
3.611999999999824,7.23,2.2319930533560335,4.240691924030329,3.329835556082028,-3.196756478075399,-3.5112556291684465,10.817782469944204,0.0,0.9776254432295126,1.6319632160907842,0.0,-1.9140280740118272,2.653166943287443,0.0,-0.3530812375618295,-0.25471725509394916,18.1117552280354,55.62740212926575,73.73915735730114
3.6139999999998236,7.23,2.2386457218533415,4.2343199690758695,3.322842813910628,-3.1752371433547997,-3.481637939265915,10.701781508200138,0.0,0.9737985394841554,1.6372531759729465,0.0,-1.9128772374281926,2.636792650960341,0.0,-0.3892057689114839,-0.2823516880462182,17.977851065899262,55.760881981132385,73.73873304703164
3.6159999999998234,7.23,2.2452844634971374,4.227990821698646,3.3159084022295016,-3.1539484493927454,-3.4529212637483258,10.587134883118695,0.0,0.9699739295341491,1.642510383760098,0.0,-1.9117342759082088,2.6204149563269272,0.0,-0.42440249902676,-0.3096245509557886,17.84481935010336,55.89349303108527,73.73831238118863
3.617999999999823,7.23,2.2519093931618364,4.2217040232987095,3.3090305421610906,-3.13288772805576,-3.4250825389072768,10.47380229074197,0.0,0.9661515976076319,1.6477348333397948,0.0,-1.9105992115819266,2.6040345498741577,0.0,-0.45868218480226675,-0.33653847668504905,17.71265989862919,56.025235404425345,73.73789530305453
3.619999999999823,7.23,2.2585206222098777,4.215459120532707,3.3022075004355496,-3.1120523904168125,-3.3980992170104973,10.361744820268951,0.0,0.9623315278875273,1.652926519969629,0.0,-1.9094720675378418,2.5876521111928135,0.0,-0.4920554780577749,-0.3630960232120209,17.581372512532887,56.1561092445702,73.7374817571031
3.6219999999998227,7.23,2.265118258581924,4.209255665158223,3.2954375883808846,-3.091439924018302,-3.3719492443950125,10.250924905119474,0.0,0.9585137045095629,1.6580854402557224,0.0,-1.9083528678859563,2.5712683092613564,0.0,-0.5245329308336939,-0.38929967722608433,17.4509569756937,56.28611471327267,73.73707168896637
3.6239999999998225,7.23,2.271702406885082,4.203093213883495,3.2887191609558166,-3.071047890230779,-3.346611040639686,10.14130627611046,0.0,0.9546981115601669,1.6632115921317672,0.0,-1.9072416378161665,2.554883802714334,0.0,-0.5561250004414438,-0.4151518576091776,17.32141305456628,56.415251990836545,73.73666504540282
3.6259999999998223,7.23,2.2782731684792314,4.196971328222324,3.282050615823264,-3.050873921703296,-3.322063478765639,10.03285391663439,0.0,0.9508847330742545,1.6683049748386014,0.0,-1.906138403652175,2.538499240096091,0.0,-0.586842054276526,-0.4406549188063879,17.19274049793728,56.5435212763294,73.73626177426668
3.627999999999822,7.23,2.2848306415615394,4.190889574353995,3.2754303924624373,-3.0309157199014893,-3.29828586641576,9.925534019736135,0.0,0.947073553032911,1.6733655889042676,0.0,-1.9050431929011027,2.52211526010049,0.0,-0.6166943744017465,-0.46581115408961987,17.064939036686326,56.670922787791774,73.73586182447809
3.629999999999822,7.23,2.291374921249235,4.18484752298803,3.2688569713176343,-3.0111710527296847,-3.275257927967151,9.819313946990379,0.0,0.9432645553609809,1.678393436124539,0.0,-1.9039560342989612,2.5057324917973407,0.0,-0.6456921619077908,-0.49062279871785663,16.93800838355176,56.79745676244268,73.73546514599444
3.6319999999998216,7.23,2.2979060996607177,4.178844749233628,3.262328872981914,-2.99163775223353,-3.2529597875327556,9.714162189087055,0.0,0.9394577239245632,1.6833885195438871,0.0,-1.902876957852164,2.489351554846159,0.0,-0.6738455410580622,-0.5150920329973455,16.81194823290126,56.923123456881086,73.73507168978234
3.6339999999998214,7.23,2.304424265995067,4.172880832473608,3.2558446574139124,-2.9723137123798202,-3.2313719528106817,9.610048328037703,0.0,0.9356530425284366,1.6883508434368661,0.0,-1.9018059948752342,2.4729730596978956,0.0,-0.7011645632244308,-0.539220985244861,16.686758260507755,57.04792314728323,73.73468140779099
3.635999999999821,7.23,2.310929506610016,4.166955356242734,3.2494029231861465,-2.9531968869103586,-3.2104752997419026,9.506943000920266,0.0,0.9318504949134065,1.6932804132898855,0.0,-1.9007431780248105,2.4565976077852145,0.0,-0.727659210620334,-0.5630117346570523,16.562438123330658,57.17185612959513,73.73429425292579
3.637999999999821,7.23,2.317421905098453,4.161067908110241,3.2430023067632248,-2.9342852872668543,-3.1902510579388488,9.404817865084615,0.0,0.9280500647535936,1.6981772357833576,0.0,-1.8996885413301519,2.440225791701891,0.0,-0.7533393998374046,-0.586466314088726,16.438987459302854,57.2949227197206,73.73391017902345
3.6399999999998207,7.23,2.3239015423635077,4.155218079566462,3.2366414818084586,-2.9155769805840106,-3.170680796849463,9.303645564745182,0.0,0.9242517356536568,1.7030413187741882,0.0,-1.898642120220201,2.4238581953718663,0.0,-0.7782149851916246,-0.6095867127427699,16.316405887123548,57.417123253703856,73.7335291408274
3.6419999999998205,7.23,2.3303684966922766,4.14940546591339,3.2303191585174393,-2.897070087748098,-3.15174641262292,9.203399698891374,0.0,0.9204554911459714,1.7078726712785972,0.0,-1.8976039515473648,2.4074953942084707,0.0,-0.8022957618847767,-0.6323748787742953,16.19469300605708,57.538458087906974,73.73315109396405
3.6439999999998203,7.23,2.3368228438282452,4.143629666159065,3.224034082977211,-2.878762781518445,-3.1334301156448405,9.104054790449998,0.0,0.9166613146877632,1.7126713034552499,0.0,-1.8965740736081265,2.391137955264318,0.0,-0.8255914689867951,-0.654832721811452,16.07384839573828,57.65892759918174,73.73277599492002
3.64599999999982,7.23,2.3432646570424476,4.137890282915651,3.217785036549724,-2.8606532847094046,-3.1157144187113097,9.005586256637649,0.0,0.9128691896581986,1.7174372265886775,0.0,-1.8955525261605857,2.3747864373723315,0.0,-0.8481117922444622,-0.6769621153952707,15.953871615984156,57.77853218503571,73.73240380101987
3.64799999999982,7.23,2.3496940072034205,4.132186922301107,3.2115708352783314,-2.8427398684304714,-3.09858212581274,8.90797038044443,0.0,0.9090790993554492,1.72217045307297,0.0,-1.8945393504390171,2.358441391278367,0.0,-0.8698663667216607,-0.6987648993407146,15.83476220661235,57.897272263792104,73.73203447040446
3.6499999999998196,7.23,2.3561109628459906,4.126519193844297,3.205390329316129,-2.8250208503823524,-3.082016321499453,8.811184283193404,0.0,0.9052910269937287,1.7268709963957318,0.0,-1.8935345891655855,2.342103359765857,0.0,-0.8908647792763513,-0.7202428820211315,15.716519687266544,58.01514827474373,73.73166796201028
3.6519999999998194,7.23,2.36251559023894,4.1208867103934725,3.199242402375003,-2.807494593206882,-3.0660003608026574,8.715205898123306,0.0,0.9015049557003041,1.7315388711222695,0.0,-1.892538286559259,2.3257728777728883,0.0,-0.9111165708791673,-0.7413978425780692,15.599143557248844,58.13216067830001,73.73130423554886
3.653999999999819,7.23,2.368907953451589,4.115289088027997,3.193125971194305,-2.790159502888793,-3.050517859685227,8.620013944944803,0.0,0.8977208685124977,1.7361740928800184,0.0,-1.8915504883420684,2.309450472502129,0.0,-0.9306312387785097,-0.7622315330584563,15.482633295359648,58.24830995612788,73.73094325148753
3.655999999999819,7.23,2.3752881144193347,4.109725945973216,3.1870399850281133,-2.7730140272074397,-3.03555268599829,8.5255879053234,0.0,0.8939387483746776,1.7407766783431704,0.0,-1.8905712417427167,2.293136663523967,0.0,-0.9494182385167964,-0.7827456804809498,15.366988359744713,58.3635966112852,73.73058497102991
3.6579999999998187,7.23,2.3816561330081836,4.104196906518376,3.1809834251500946,-2.756056654236667,-3.0210889509201047,8.431907999244277,0.0,0.8901585781352409,1.7453466452175093,0.0,-1.8896005954977153,2.2768319628732336,0.0,-0.9674869858024554,-0.8029419888332775,15.252208187749996,58.47802116834761,73.73022935609761
3.6599999999998185,7.23,2.388012067078309,4.098701594937496,3.1749553043750276,-2.739285910891102,-3.007111000855242,8.338955162217212,0.0,0.8863803405436033,1.7498840122254302,0.0,-1.8886385998500506,2.2605368751398784,0.0,-0.9848468582421234,-0.8228221410022475,15.138292195784327,58.591584173527835,73.72987636931217
3.6619999999998183,7.23,2.394355972546668,4.0932396394131025,3.1689546665960817,-2.7227003615172274,-2.9936034097726574,8.246711023281494,0.0,0.8826040182471844,1.7543887990911404,0.0,-1.8876853065454922,2.244251897553895,0.0,-1.001507196937393,-0.842387800638087,15.025239779189864,58.70428619478782,73.72952597397769
3.663999999999818,7.23,2.4006879034487083,4.087810670962739,3.162980586337,-2.7062986065276826,-2.9805509719623253,8.155157883773244,0.0,0.8788295937884099,1.758861026526012,0.0,-1.886740768826597,2.2279775200648744,0.0,-1.0174773079503714,-0.8616406139546694,14.91305031212069,58.81612782194289,73.72917813406359
3.665999999999818,7.23,2.4070079119991923,4.082414323368164,3.1570321683183664,-2.6900792810772916,-2.967938695190766,8.064278696819331,0.0,0.8750570496017289,1.763300716214101,0.0,-1.8858050414245027,2.2117142254164524,0.0,-1.0327664636421898,-0.8805822114671603,14.801723147429795,58.92710966675859,73.72883281418838
3.6679999999998176,7.23,2.4133160486521694,4.077050233107158,3.1511085470371776,-2.674041053779407,-2.9557517942367473,7.974057047524096,0.0,0.8712863680106413,1.7677078907978059,0.0,-1.8848781805485475,2.1954624892159718,0.0,-1.0473839038885422,-0.899214209668542,14.691257616564164,59.037232363039266,73.72848997960342
3.6699999999998174,7.23,2.4196123621601187,4.071718039287857,3.14520888635898,-2.6581826254612166,-2.9439756847890712,7.8844771338168185,0.0,0.8675175312247582,1.772082573863658,0.0,-1.8839602438738061,2.179222779999641,0.0,-1.0613388371762194,-0.9175382126464287,14.581653029468567,59.14649656670884,73.7281495961774
3.671999999999817,7.23,2.425896899632288,4.066417383585536,3.139332379121864,-2.6425027279567153,-2.9325959776890476,7.7955237479295825,0.0,0.8637505213368851,1.7764247899282457,0.0,-1.8830512905266006,2.162995559293466,0.0,-1.0746404415845439,-0.9355558136415467,14.472908674497898,59.25490295588324,73.72781163038114
3.673999999999817,7.23,2.4321697065922523,4.0611479101817745,3.1334782467516398,-2.62700012293612,-2.921598473501026,7.707182258476868,0.0,0.8599853203201302,1.7807345644242445,0.0,-1.8821513810680282,2.146781281670217,0.0,-1.087297865655519,-0.9532685965491972,14.365023818338184,59.3624522309345,73.72747604927268
3.6759999999998167,7.23,2.4384308270347126,4.055909265705925,3.12764573888756,-2.6116736007705432,-2.9109691573948293,7.619438593109595,0.0,0.8562219100250577,1.7850119236865707,0.0,-1.8812605774756004,2.130580394802693,0.0,-1.0993202291564403,-0.9706781373649953,14.257997705936603,59.46914511454656,73.72714282048317
3.6779999999998165,7.23,2.444680303481558,4.050701099178815,3.1218341330179773,-2.596521979430806,-2.900694194324738,7.5322792217178955,0.0,0.8524602721768763,1.789256894938629,0.0,-1.8803789431230216,2.114393339513508,0.0,-1.1107166237386283,-0.9877860055761255,14.15182956044027,59.57498235176237,73.72681191220263
3.6799999999998163,7.23,2.450918177037207,4.045523061958626,3.1160427341253616,-2.5815441034193176,-2.890759924489939,7.445691140158212,0.0,0.8487003883726603,1.7934695062786576,0.0,-1.8795065427581776,2.0982205498216597,0.0,-1.1214961134959156,-1.0045937654993422,14.046518583144136,59.679964710022276,73.72648329316641
3.681999999999816,7.23,2.4571444874432466,4.0403748076888695,3.110270874340125,-2.5667388427339968,-2.8811528590622286,7.3596618544815815,0.0,0.8449422400786377,1.7976497866661711,0.0,-1.8786434424793998,2.082062452986083,0.0,-1.131667735426401,-1.0211029775668943,13.942063953448116,59.784092979193886,73.726156932642
3.683999999999816,7.23,2.4633592731323923,4.035255992248404,3.1045179126027365,-2.552105091863253,-2.8718596761669954,7.274179365641252,0.0,0.8411858086275024,1.8017977659084723,0.0,-1.8777897097100271,2.0659194695464103,0.0,-1.1412404998009675,-1.0373151995615302,13.838464828823202,59.88736797159272,73.72583280041592
3.6859999999998156,7.23,2.469562571281774,4.0301662737034345,3.098783234333632,-2.5376417688110893,-2.86286721710418,7.189232154658942,0.0,0.8374310752157995,1.8059134746472596,0.0,-1.876945413171364,2.0497920133611505,0.0,-1.1502233904419672,-1.0532319878017256,13.735720344787056,59.98979052199415,73.7255108667812
3.6879999999998154,7.23,2.4757544178655726,4.025105312261436,3.0930662511104554,-2.523347814151432,-2.854162482796196,7.104809168230006,0.0,0.8336780209013515,1.8099969443452992,0.0,-1.8761106228540543,2.0336804916434716,0.0,-1.1586253649154437,-1.0688548982782375,13.633829614888864,60.09136148763636,73.72519110252523
3.689999999999815,7.23,2.481934847707018,4.02007277022693,3.0873664003521837,-2.5092221901108256,-2.8457326304505237,7.020899804749076,0.0,0.8299266266007548,1.8140482072731638,0.0,-1.8752854099879241,2.0175853049947916,0.0,-1.166455354640188,-1.0841854877430726,13.532791730703579,60.19208174821388,73.72487347891746
3.691999999999815,7.23,2.4881038945297616,4.0150683119590775,3.0816831450097255,-2.495263879678674,-2.8375649704246944,6.937493900738443,0.0,0.8261768730869284,1.8180672964960478,0.0,-1.874469847010379,2.0015068474363393,0.0,-1.1737222649168713,-1.099225314751955,13.432605761835696,60.29195220586239,73.72455796769808
3.6939999999998148,7.23,2.494261591008634,4.010091603831018,3.0760159732625962,-2.4814718857442295,-2.829646963282299,6.85458171766266,0.0,0.8224287409867361,1.8220542458606332,0.0,-1.8736640075333537,1.9854455064388752,0.0,-1.1804349748804552,-1.1139759406613254,13.333270755932446,60.39097378513395,73.7242445410664
3.6959999999998145,7.23,2.5004079688198053,4.005142314190913,3.0703643982212987,-2.4678452302595866,-2.821966217028535,6.7721539291134665,0.0,0.8186822107786684,1.826009089982016,0.0,-1.8728679663089043,1.9694016629507294,0.0,-1.186602337379012,-1.1284389305809281,13.234785738706611,60.48914743296319,73.7239331716698
3.6979999999998143,7.23,2.506543058690355,4.000220113324635,3.0647279576350615,-2.4543829534279435,-2.814510484514597,6.690201608350175,0.0,0.8149372627905975,1.8299318642306894,0.0,-1.8720817991934777,1.9533756914243,0.0,-1.1922331787820364,-1.142615854283006,13.137149713968782,60.586474118624125,73.7236238325929
3.699999999999814,7.23,2.5126668904472584,3.995324673420057,3.0591062136046117,-2.4410841129164425,-2.8072676610003606,6.608716216181413,0.0,0.8111938771976099,1.8338226047195798,0.0,-1.8713055831109042,1.9373679598411904,0.0,-1.1973362987213,-1.1565082870691115,13.040361663669394,60.682954833677606,73.723316497347
3.701999999999814,7.23,2.518779493065809,3.990455668532893,3.0534987522996686,-2.427947783092913,-2.800225781865145,6.527689589174779,0.0,0.8074520340199032,1.8376813482911227,0.0,-1.870539396014164,1.921378829736105,0.0,-1.20192046976722,-1.170117810595542,12.944420547950191,60.77859059190946,73.72301113985965
3.7039999999998137,7.23,2.5248808947174757,3.9856127745540375,3.0479051836808795,-2.414973054285882,-2.793373020456885,6.447113928181794,0.0,0.8037117131207723,1.8415081325043996,0.0,-1.869783316845973,1.905408656219635,0.0,-1.205994437043674,-1.1834460136583878,12.849325305205433,60.873382429259294,73.72270773446473
3.7059999999998134,7.23,2.530971122817212,3.9807956691783684,3.042325141225924,-2.402159032067226,-2.786697686070092,6.366981787166193,0.0,0.7999728942046677,1.8453029956223046,0.0,-1.8690374254982285,1.889457788000088,0.0,-1.2095669177841615,-1.1964944929391728,12.755074852152632,60.96733140373971,73.72240625589234
3.7079999999998132,7.23,2.537050204070218,3.976004031874956,3.0367582816595413,-2.3895048365568745,-2.780188222043501,6.287286062324132,0.0,0.7962355568153408,1.8490659765987676,0.0,-1.8683018027703822,1.8735265674044475,0.0,-1.2126466008321293,-1.2092648537120845,12.661668083913,61.06043859534651,73.72210667925951
3.709999999999813,7.23,2.543118164518168,3.971237543858648,3.0312042846872536,-2.377009601748991,-2.773833203968546,6.208019981485689,0.0,0.7924996803340678,1.8527971150660054,0.0,-1.8675765303267486,1.8576153303986054,0.0,-1.2152421460882514,-1.2217587105137255,12.569103874101414,61.15270510595908,73.72180898006049
3.711999999999813,7.23,2.5491750295849096,3.966495888062973,3.0256628527325637,-2.364672474859073,-2.7676213380001276,6.1291770937874634,0.0,0.7887652439779681,1.8564964513218258,0.0,-1.8668616906528268,1.841724406606955,0.0,-1.2173621839074018,-1.2339776877763875,12.477381074926033,61.244132059231774,73.7215131341578
3.7139999999998126,7.23,2.555220824121638,3.9617787491143384,3.0201337106774395,-2.3524926156914527,-2.7615414592613714,6.050751259606629,0.0,0.7850322267984022,1.8601640263169559,0.0,-1.8661573670106528,1.8258541193314568,0.0,-1.2190153144479987,-1.2459234204257752,12.386498517297406,61.33472060047563,73.72121911777303
3.7159999999998123,7.23,2.561255572451557,3.9570858133074647,3.0146166056059,-2.3404691960266666,-2.755582530334375,5.972736640747433,0.0,0.7813006076794681,1.863799881642425,0.0,-1.8654636433932585,1.8100047855702617,0.0,-1.2202101069763591,-1.257597554444165,12.296455010947223,61.42447189653109,73.72092690747832
3.717999999999812,7.23,2.567279298414029,3.9524167685820313,3.009111306550539,-2.3286013990282126,-2.749733639829371,5.895127690871515,0.0,0.7775703653365814,1.867404059516967,0.0,-1.864780604478225,1.7941767160359894,0.0,-1.220955099128655,-1.269001747399911,12.207249344556416,61.51338713563105,73.72063648018747
3.719999999999812,7.23,2.573292025408222,3.9477713045004883,3.003617604241844,-2.3168884186682073,-2.7439840010247,5.817919146163857,0.0,0.7738414783151569,1.8709766027744725,0.0,-1.864108335580436,1.7783702151737315,0.0,-1.2212587961329864,-1.2801376689442743,12.118880285892867,61.601467527255,73.72034781314787
3.7219999999998117,7.23,2.579293776436255,3.9431491122269975,2.998135310860161,-2.3053294591714835,-2.7383229505705793,5.7411060162267695,0.0,0.7701139249893801,1.874517554851471,0.0,-1.8634469226040213,1.7625855811788629,0.0,-1.2211296699940826,-1.2910070012765094,12.031346581958388,61.688714301973675,73.72006088393206
3.7239999999998115,7.23,2.5852845741458528,3.9385498845074682,2.9926642597902036,-2.2939237344776755,-2.732739947249703,5.664683575194575,0.0,0.7663876835610794,1.8780269597746466,0.0,-1.8627964519935498,1.7468231060147306,0.0,-1.2205761586430373,-1.3016114395781253,11.94464695914515,61.775128711284694,73.71977567042984
3.7259999999998112,7.23,2.591264440872511,3.93397331565065,2.987204305377981,-2.2826704677208633,-2.727224570788055,5.588647353062101,0.0,0.7626627320586912,1.8815048621483932,0.0,-1.8621570106845058,1.7310830754302726,0.0,-1.2196066650544801,-1.3119526924172906,11.85878012340127,61.86071202743898,73.71949215084025
3.727999999999811,7.23,2.5972333986811793,3.9294191015102515,2.9817553226900664,-2.2715688907263485,-2.721766520709468,5.512993127220468,0.0,0.7589390483363304,1.884951307142404,0.0,-1.8615286860531068,1.7153657689776405,0.0,-1.2182295563335035,-1.3220324821242984,11.773744760405847,61.94546554325826,73.71921030366411
3.729999999999811,7.23,2.6031914694074603,3.924886939468046,2.9763172072751134,-2.2606182435241577,-2.716355615227949,5.437716914194022,0.0,0.755216610072962,1.8883663404792943,0.0,-1.8609115658654525,1.699671460029856,0.0,-1.2164531627746267,-1.331852545139017,11.689539535752868,62.029390571943445,73.71893010769631
3.7319999999998106,7.23,2.6091386746983396,3.9203765284179344,2.9708898749275567,-2.2498177738788776,-2.7109817901716915,5.362814961572545,0.0,0.7514953947716683,1.891750008422262,0.0,-1.8603057382260941,1.6840004157985675,0.0,-1.2142857768950122,-1.3414146323312586,11.606163095144415,62.11248844687415,73.71865154201856
3.7339999999998104,7.23,2.615075036052442,3.915887568750935,2.9654732614534374,-2.239166736835431,-2.705635097933245,5.288283740133233,0.0,0.7477753797590254,1.8951023577627812,0.0,-1.8597112915260192,1.6683528973519315,0.0,-1.211735652444124,-1.3507205092949974,11.52361406459275,62.194760521399374,73.71837458599212
3.73599999999981,7.23,2.621000574859823,3.911419762341062,2.960067322438306,-2.228664394280427,-2.700305706440351,5.214119936147171,0.0,0.7440565421845854,1.8984234358083354,0.0,-1.859128314390108,1.652729159632657,0.0,-1.2088110033919282,-1.3597719566173525,11.441891050631355,62.27620816861945,73.7180992192508
3.73799999999981,7.23,2.626915312441296,3.906972812532069,2.9546720330171676,-2.2183100145187176,-2.6949838981423087,5.140320443865374,0.0,0.7403388590204576,1.901713290370182,0.0,-1.8585568956240812,1.6371294514762436,0.0,-1.2055200028977027,-1.3685707701232448,11.360992640534747,62.35683278115923,73.71782542169397
3.7399999999998097,7.23,2.632819270087304,3.9025464241250227,2.9492873876464447,-2.2081028718648024,-2.6896600690068735,5.066882358179685,0.0,0.7366223070610045,1.9049719697511593,0.0,-1.8579971241609767,1.6215540156294364,0.0,-1.201870782261484,-1.3771187610966706,11.280917402547086,62.43663577093284,73.71755317347993
3.7419999999998095,7.23,2.6387124690963364,3.898140303366682,2.9439133998779354,-2.1980422462487477,-2.6843247275229727,4.993802967454027,0.0,0.7329068629226374,1.9081995227335264,0.0,-1.8574490890071873,1.6060030887689052,0.0,-1.1978714298600655,-1.3854177564794699,11.201663886119354,62.51561856889978,73.71728245501913
3.7439999999998093,7.23,2.6445949308128935,3.893754157938647,2.9385501021347693,-2.1881274228362697,-2.6789684937047755,4.921079746521825,0.0,0.7291925030437252,1.9113959985668405,0.0,-1.856912879188071,1.5904769015201783,0.0,-1.193529990069496,-1.3934695990485215,11.123230622155063,62.59378262481275,73.71701324696781
3.745999999999809,7.23,2.650466676665009,3.889387696947257,2.9331975454893535,-2.1783576916626632,-2.6735820980927767,4.848710349845553,0.0,0.7254792036846132,1.9145614469558752,0.0,-1.8563885836931924,1.57497567847682,0.0,-1.1888544621758796,-1.4012761475722653,11.045616123264416,62.67112940695712,73.71674553022154
3.747999999999809,7.23,2.6563277282013265,3.8850406309142063,2.9278557994433254,-2.1687323472802524,-2.668156380747884,4.77669260483454,0.0,0.7217669409277468,1.9176959180485762,0.0,-1.8558762914211886,1.5594996382198614,0.0,-1.183852799276283,-1.4088392769474383,10.968818884026753,62.747660401882314,73.71647928590906
3.7499999999998086,7.23,2.6621781071277404,3.880712671767851,2.922524951709525,-2.159250688419049,-2.662682290234648,4.705024505317515,0.0,0.7180556906779115,1.9207994624240556,0.0,-1.8553760911243071,1.5440489933374848,0.0,-1.1785329071714867,-1.4161608783169397,10.892837381261213,62.823377114124995,73.71621449538621
3.7519999999998084,7.23,2.6680178353436017,3.876403532835183,2.9172051079960175,-2.149912017660315,-2.6571508825900514,4.633704205166269,0.0,0.7143454286625788,1.9238721310806262,0.0,-1.8548880713526223,1.5286239504449428,0.0,-1.1729026432522307,-1.4232428591696873,10.81767007430545,62.89828106592435,73.7159511402298
3.753999999999808,7.23,2.6738469349774947,3.8721129288344427,2.911896391792193,-2.14071564112273,-2.6515533202743757,4.5627300120672984,0.0,0.7106361304323688,1.9269139754238735,0.0,-1.8544123203979659,1.513224710204712,0.0,-1.1669698153806018,-1.4300871434233793,10.743315405302372,62.97237379692952,73.71568920223189
3.755999999999808,7.23,2.679665428422587,3.8678405758683483,2.906598944156988,-2.131660868160869,-2.6458808711010278,4.492100381438144,0.0,0.7069277713616218,1.929925047254775,0.0,-1.8539489262375832,1.497851467346848,0.0,-1.1607421807680967,-1.4366956714910162,10.669771799494692,63.04565686389932,73.71542866339401
3.7579999999998077,7.23,2.685473338371559,3.8635861914179146,2.901312923509267,-2.1227470110757047,-2.6401249071423067,4.421813910485504,0.0,0.7032203266490848,1.9329053987578515,0.0,-1.8534979764775343,1.4825044106895322,0.0,-1.1542274448518792,-1.4430704003320634,10.597037665527228,63.118131840394284,73.71516950592151
3.7599999999998075,7.23,2.6912706878511155,3.859349494336841,2.8960385054204227,-2.113973384836856,-2.6342769036083586,4.351869332402223,0.0,0.6995137713187101,1.935855082489367,0.0,-1.8530595582958558,1.4671837231597744,0.0,-1.1474332601706658,-1.4492133034891097,10.525111395756793,63.18980031646129,73.71491171221808
3.7619999999998073,7.23,2.6970575002560846,3.855130204846442,2.8907758824092444,-2.105339306816304,-2.6283284376966973,4.2822655107003795,0.0,0.6958080802205684,1.9387741513655645,0.0,-1.8526337583855008,1.4518895818142425,0.0,-1.1403672252416428,-1.4551263711108922,10.453991366569614,63.260663898310625,73.71465526488024
3.763999999999807,7.23,2.7028337993831117,3.8509280445310985,2.8855252637391207,-2.0968440965333115,-2.622271187410003,4.213001433677855,0.0,0.6921032280318762,1.9416626586509498,0.0,-1.8522206628970705,1.4366221578601819,0.0,-1.1330368834397295,-1.4608116099625235,10.383675938706071,63.33072420798609,73.71440014669216
3.765999999999807,7.23,2.7085996094639455,3.846742736334211,2.8802868752176387,-2.088487075410272,-2.616096930339996,4.1440762090157985,0.0,0.68839918925814,1.9445206579466106,0.0,-1.8518203573813439,1.4213816166763753,0.0,-1.1254497218804618,-1.4662710434237538,10.314163457592715,63.399982883027675,73.71414634062039
3.7679999999998066,7.23,2.714354955198329,3.8425740045546264,2.8750609589986533,-2.0802675665392414,-2.6097975424154467,4.07548905850462,0.0,0.6846959382344098,1.94734820317858,0.0,-1.8514329267316119,1.4061681178341163,0.0,-1.1176131703077292,-1.471506711476112,10.24545225368133,63.46844157612736,73.7138938298087
3.7699999999998064,7.23,2.7200998617864967,3.8384215748435255,2.8698477733868946,-2.072184894458886,-2.603364996612538,4.007239312896035,0.0,0.6809934491266549,1.9501453485862466,0.0,-1.8510584551258433,1.390981815118123,0.0,-1.1095345999875024,-1.4765206706797427,10.177540642795107,63.53610195477812,73.71364259757323
3.771999999999806,7.23,2.7258343549612816,3.8342851742017428,2.8646475926451953,-2.0642383849416066,-2.5967913616260705,3.939326406878975,0.0,0.677291695933252,1.9529121487107974,0.0,-1.8506970259686577,1.3758228565473527,0.0,-1.1012213226086653,-1.4813149941407333,10.110426926481558,63.60296570091586,73.71339262739741
3.773999999999806,7.23,2.7315584610198425,3.8301645309775045,2.8594607068044176,-2.056427364790584,-2.590068800500118,3.871749874177084,0.0,0.6735906524865882,1.9556486583837105,0.0,-1.8503487218331327,1.3606913843956554,0.0,-1.0926805891919904,-1.4858917714697404,10.044109392372249,63.66903451055505,73.7131439029273
3.7759999999998057,7.23,2.7372722068550113,3.826059374864561,2.854287421476156,-2.0487511616465155,-2.5831895692169895,3.8045093427657175,0.0,0.6698902924547863,1.9583549327152834,0.0,-1.8500136244024339,1.3455875352122033,0.0,-1.0839195890082587,-1.4902531087327056,9.978586314549135,63.73431009341758,73.71289640796671
3.7779999999998055,7.23,2.7429756199862703,3.821969436900699,2.84912805766831,-2.0412091038037934,-2.5761460152435016,3.7376045302062453,0.0,0.6661905893435379,1.961031027083204,0.0,-1.8496918144112693,1.3305114398416245,0.0,-1.0749454485064336,-1.4944011283944145,9.913855953917375,63.79879417255533,73.71265012647271
3.7799999999998053,7.23,2.748668728590362,3.817894449466607,2.8439829516036026,-2.0338005200359044,-2.5689305760338543,3.671035239095732,0.0,0.6624915164980653,1.9636769971211623,0.0,-1.8493833715871741,1.3154632234437769,0.0,-1.0657652302527891,-1.4983379692556837,9.849916558584539,63.8624884839664,73.71240504255094
3.781999999999805,7.23,2.754351561531541,3.813834146285088,2.8388524545411413,-2.0265247394298127,-2.5615357774884244,3.6048013526299183,0.0,0.6587930471051882,1.9662928987075006,0.0,-1.8490883745916036,1.3004430055130851,0.0,-1.0563859318818014,-1.5020657863849012,9.786766364246095,63.925394776205266,73.71216114045136
3.783999999999805,7.23,2.760024148391469,3.8097882624205885,2.833736932601102,-2.019381091229108,-2.55395423236823,3.5389028302775936,0.0,0.6550951541955203,1.9688787879538976,0.0,-1.8488069009608314,1.285450899897363,0.0,-1.0468144850595793,-1.505586751044663,9.724403594576952,63.98751480998658,73.71191840456353
3.7859999999998046,7.23,2.765686519498766,3.805756534279035,2.828636766592633,-2.0123689046856925,-2.546178638664693,3.4733397035643954,0.0,0.6513978106457768,1.9714347211941017,0.0,-1.8485390270466755,1.270487014816036,0.0,-1.0370577544605302,-1.5089030506142262,9.66282646162922,64.04885035778352,73.71167681941274
3.7879999999998044,7.23,2.771338705958218,3.8017386996079594,2.8235523518450574,-2.0054875089197943,-2.5382017779248995,3.4081120719641795,0.0,0.6477009891812013,1.973960754972681,0.0,-1.8482848279569677,1.25555145287768,0.0,-1.0271225367579486,-1.5120168885084626,9.60203316623562,64.10940320341977,73.71143636965539
3.789999999999804,7.23,2.776980739679653,3.797734497496896,2.818484098042478,-1.998736232788091,-2.5300165135323245,3.3432200988960616,0.0,0.6440046623781157,1.976456946033828,0.0,-1.8480443774958393,1.2406443110967877,0.0,-1.0170155596291115,-1.5149304840940323,9.542021898418945,64.16917514165614,73.71119704007509
3.791999999999804,7.23,2.7826126534064852,3.793743668378032,2.813432429061858,-1.9921144047597354,-2.52161578894356,3.278664007825292,0.0,0.640308802666588,1.9789233513101836,0.0,-1.84781774810374,1.2257656809096686,0.0,-1.0067434807754405,-1.5176460726034038,9.48279083780713,64.22816797777143,73.71095881557856
3.7939999999998038,7.23,2.788234480743944,3.789765954027103,2.808397782814675,-1.9856213528000772,-2.512992625881537,3.2144440784661716,0.0,0.6366133823332163,1.9813600279116954,0.0,-1.8476050107971989,1.210915648189391,0.0,-0.9963128869582559,-1.5201659050474101,9.424338154053881,64.28638352713773,73.71072168119161
3.7959999999998035,7.23,2.793846256186986,3.7858010975645078,2.803380611092231,-1.9792564042618788,-2.5041401224859734,3.150560643085078,0.0,0.6329183735240427,1.9837670331145043,0.0,-1.8474062351082994,1.1960942932596534,0.0,-0.9857302930505423,-1.5224922481269483,9.366662007264871,64.34382361479024,73.7104856220551
3.7979999999998033,7.23,2.7994480151479064,3.781848843456637,2.798381379414702,-1.9730188857838253,-2.495051451421986,3.0870140829019035,0.0,0.6292237482475761,1.9861444243498627,0.0,-1.8472214890238627,1.1813016909074925,0.0,-0.9750021411051536,-1.5246273841444586,9.30976054842937,64.40049007499199,73.71025062342136
3.799999999999803,7.23,2.805039793983645,3.777908937517399,2.793400566884014,-1.9669081231961363,-2.485719857948021,3.023804824588023,0.0,0.6255294783779504,1.9884922591930687,0.0,-1.8470508389242823,1.1665379103947278,0.0,-0.9641347994398195,-1.5265736109157673,9.253631919857149,64.45638475079299,73.71001667065013
3.801999999999803,7.23,2.810621630022807,3.7739811269099217,2.788438666040622,-1.9609234414330847,-2.476138657944406,2.960933336859009,0.0,0.6218355356581956,1.9908105953524293,0.0,-1.8468943495220003,1.1518030154680161,0.0,-0.9531345617392377,-1.5283332416828599,9.198274255620657,64.51150949358447,73.70978374920513
3.8039999999998027,7.23,2.8161935615924025,3.7700651601484294,2.783496182724267,-1.9550641644522393,-2.4663012359039658,2.8984001271602677,0.0,0.618141891703635,1.9930994906582364,0.0,-1.8467520837995912,1.1370970643674134,0.0,-0.9420076461745392,-1.5299086050281714,9.143685682002317,64.56586616264775,73.70955184465006
3.8059999999998024,7.23,2.8217556280443064,3.76616078710027,2.7785736359387925,-1.9493296151602422,-2.4562010428864234,2.836205738443783,0.0,0.6144485180054085,1.9953590030517607,0.0,-1.8466241029474282,1.1224201098333328,0.0,-0.9307601945403264,-1.5313020447908954,9.089864317947011,64.61945662469836,73.70932094264538
3.807999999999802,7.23,2.8273078697814555,3.7622677589880866,2.7736715577210846,-1.9437191153449451,-2.4458315944385007,2.77435074603412,0.0,0.6107553859341203,1.9975891905742613,0.0,-1.8465104663008747,1.107772199111771,0.0,-0.9193982714094706,-1.5325159199858462,9.036808275519473,64.67228275342501,73.70909102894448
3.809999999999802,7.23,2.832850328283788,3.7583858283921163,2.768790493014205,-1.938231985613725,-2.4351864684816773,2.7128357545818726,0.0,0.6070624667436102,1.9997901113559955,0.0,-1.8464112312769845,1.0931533739576826,0.0,-0.9079278633057853,-1.5335526047253571,8.984515660366707,64.72434642902377,73.70886208939048
3.8119999999998018,7.23,2.8383830461339308,3.7545147492526096,2.7639309995447787,-1.9328675453378068,-2.4242593031699653,2.651661395102706,0.0,0.6033697315748554,2.001961823605243,0.0,-1.8463264533106616,1.0785636706363926,0.0,-0.896354877894679,-1.534414488144686,8.932984572185331,64.77564953772728,73.70863410991261
3.8139999999998015,7.23,2.84390606704265,3.7506542768723525,2.759093647704695,-1.927625112602425,-2.4130437947200654,2.5908283221000405,0.0,0.5996771514599992,2.0041043855973233,0.0,-1.8462561857902324,1.064003119922892,0.0,-0.8846851431918132,-1.5351039743313641,8.882213105193705,64.82619397132927,73.70840707652297
3.8159999999998013,7.23,2.8494194358740654,3.746804167919284,2.7542790204371714,-1.9225040041626564,-2.401533695216566,2.5303372107696087,0.0,0.5959846973265077,2.006217855663615,0.0,-1.8462004799923935,1.0494717470989186,0.0,-0.8729244067897994,-1.5356234822589288,8.83219934860896,64.87598162670434,73.7081809753133
3.817999999999801,7.23,2.8549231986706416,3.7429641804291953,2.7494877131272344,-1.9175035354047643,-2.3897228103950816,2.470188754283864,0.0,0.5922923400014614,2.008302292180562,0.0,-1.8461593850164744,1.0349695719476681,0.0,-0.8610783351028818,-1.5359754457254,8.782941387128698,64.9250144053229,73.7079557924516
3.819999999999801,7.23,2.860417402677968,3.7391340738085024,2.7447203334966463,-1.9126230203128958,-2.3776049974062183,2.4103836611543694,0.0,0.5886000502159732,2.0103577535586705,0.0,-1.8461329477179853,1.020496608746013,0.0,-0.8491525126295558,-1.5361623132969184,8.734437301417566,64.97329421276146,73.70773151417903
3.8219999999998007,7.23,2.86590209636933,3.7353136088370786,2.7399775015033287,-1.9078617714409776,-2.365174162563733,2.3509226526701266,0.0,0.5849077986097451,2.0123842982314857,0.0,-1.8461212126413735,1.006052866254079,0.0,-0.8371524412329944,-1.5361865482568278,8.686685168598455,65.02082295820833,73.70750812680679
3.8239999999998004,7.23,2.871377329470085,3.73150254767114,2.735259849245296,-1.903219099889661,-2.3524242590802373,2.291806460409957,0.0,0.5812155557357568,2.0143819846445457,0.0,-1.8461242219519516,0.9916383477020606,0.0,-0.8250835394391876,-1.5360506285605873,8.63968306274846,65.06760255396452,73.70728561671298
3.8259999999998002,7.23,2.8768431529818486,3.727700653846169,2.7305680208691303,-1.8986943152881697,-2.3393492847941095,2.2330358238267856,0.0,0.5775232920650946,2.016350871244307,0.0,-1.846142015366931,0.9772530507741094,0.0,-0.8129511417525747,-1.535757046796735,8.593429055399536,65.11363491494016,73.7070639703397
3.8279999999998,7.23,2.8822996192065067,3.7239076922798744,2.725902672483008,-1.8942867257809086,-2.325943279891444,2.1746114879018763,0.0,0.5738309779919166,2.018291016467032,0.0,-1.8461746300855033,0.9628969675891711,0.0,-0.8007604979890088,-1.5353083101542084,8.547921216043871,65.15892195814597,73.70684317418984
3.8299999999998,7.23,2.887746781770053,3.7201234292751666,2.7212644720742833,-1.8899956380186966,-2.312200324627091,2.1165342008668544,0.0,0.570138583838559,2.0202024787276387,0.0,-1.8462221007179092,0.9485700846786093,0.0,-0.7885167726257971,-1.5347069403962341,8.503157612643985,65.20346560218043,73.70662321482442
3.8319999999997996,7.23,2.893184695646271,3.716347632523153,2.7166540994316275,-1.8858203571544887,-2.298114537049085,2.0588047119914497,0.0,0.5664460798607867,2.022085316408498,0.0,-1.8462844592134229,0.9342723829604839,0.0,-0.7762250441685772,-1.5339554738409866,8.459136312147503,65.24726776671193,73.70640407885944
3.8339999999997993,7.23,2.89861341718026,3.7125800711061325,2.71207224607171,-1.8817601868434588,-2.2836800707308798,2.001423769434706,0.0,0.5627534362531859,2.023939587848181,0.0,-1.8463617347872006,0.9200038377103106,0.0,-0.7638903045347163,-1.5330564613491884,8.415855381006779,65.29033037195639,73.70618575296317
3.835999999999799,7.23,2.9040330041118243,3.7088205155005896,2.707519615170409,-1.8778144292473191,-2.2688911125161892,1.9443921181575567,0.0,0.5590606231547106,2.02576535133014,0.0,-1.8464539538459082,0.905764418528176,0.0,-0.7515174584529496,-1.5320124683187815,8.37331288570326,65.33265533815006,73.70596822385332
3.837999999999799,7.23,2.9094435155987237,3.7050687375801705,2.702996921498507,-1.8739823850427535,-2.253741880281259,1.8877104978944559,0.0,0.5553676106543723,2.027562665071322,0.0,-1.8465611399120712,0.8915540893020341,0.0,-0.7391113228789086,-1.5308260746867985,8.331506893276734,65.37424458501758,73.70575147829432
3.8399999999997987,7.23,2.9148450122398053,3.7013245106186443,2.6985048913618503,-1.8702633534338524,-2.238226620719891,1.831379641181779,0.0,0.5516743687970838,2.0293315872107045,0.0,-1.846683313547054,0.8773728081670317,0.0,-0.7266766264261721,-1.5294998749384576,8.290435471859379,65.41510003123503,73.70553550309441
3.8419999999997985,7.23,2.9202375560980163,3.697587609292831,2.694044262545902,-1.866656632168434,-2.2223396071564325,1.7754002714406742,0.0,0.5479808675896634,2.031072175797746,0.0,-1.8468204922726272,0.8632205274607112,0.0,-0.7142180088124797,-1.5280364781235742,8.2500966912149,65.45522359388829,73.7053202851032
3.8439999999997982,7.23,2.9256212107233113,3.6938578096854937,2.6896157842646415,-1.8631615175581486,-2.206075137392573,1.7197731011120125,0.0,0.5442870770069907,2.0327844887807416,0.0,-1.8469726904910033,0.8490971936739292,0.0,-0.701740020320698,-1.5264385078802392,8.210488623282581,65.49461718792618,73.70510581120877
3.845999999999798,7.23,2.930996041175462,3.6901348892881902,2.6852202171137316,-1.8597773045022632,-2.189427531593705,1.6644988298409418,0.0,0.540592966998329,2.0344685839950767,0.0,-1.8471399194033011,0.835002747397321,0.0,-0.6892471212741211,-1.5247086024657577,8.171609342726498,65.53328272560871,73.70489206833521
3.847999999999798,7.23,2.9363621140467777,3.686418627004069,2.680858333027865,-1.8565032865150277,-2.1723911302210412,1.6095781427086382,0.0,0.5368985074938087,2.036124519151373,0.0,-1.8473221869263372,0.8209371232631598,0.0,-0.6767436815256841,-1.5228494147947729,8.13345692748993,65.57122211595015,73.70467904344008
3.8499999999997976,7.23,2.9417194974847427,3.682708803150609,2.6765309152422,-1.8533387557565346,-2.1549602920159994,1.555011708508702,0.0,0.5332036684110821,2.037752351823502,0.0,-1.8475194976076523,0.8069002498824421,0.0,-0.6642339799606307,-1.5208636124844246,8.096029459354982,65.6084372641566,73.70446672351159
3.8519999999997974,7.23,2.9470682612145835,3.6790051994622965,2.6722387582577647,-1.8502830030669821,-2.1371293920433265,1.50080017806562,0.0,0.5295084196621462,2.0393521394364833,0.0,-1.847731852538726,0.7928920497770329,0.0,-0.6517222040121908,-1.5187538779064556,8.059325024507752,65.64493007105862,73.70425509556638
3.853999999999797,7.23,2.952408476561769,3.6753075990932254,2.667982667810715,-1.847335318004261,-2.118892819800144,1.446944182592669,0.0,0.5258127311603468,2.0409239392542293,0.0,-1.8479592492662493,0.7789124393067073,0.0,-0.6392124491897854,-1.5165229082460032,8.023341714108865,65.68070243253794,73.70404414664681
3.855999999999797,7.23,2.9577402164744515,3.6716157866196215,2.6637634608453,-1.8444949888847884,-2.100244977397986,1.3934443320865821,0.0,0.5221165728275556,2.042467808367147,0.0,-1.8482016817014002,0.7649613285909186,0.0,-0.6267087186192829,-1.5141734155668782,7.988077624869787,65.7157562389489,73.70383386381869
3.8579999999997967,7.23,2.963063555545861,3.667929548042284,2.6595819654903834,-1.8417613028275164,-2.081180277825455,1.3403012137562509,0.0,0.5184199146015345,2.0439838036795694,0.0,-1.8484591400270132,0.7510386214251289,0.0,-0.6142149225948316,-1.5117081268830384,7.953530859634782,65.75009337453383,73.70362423416861
3.8599999999997965,7.23,2.9683785700366525,3.6642486707889326,2.6554390210393555,-1.839133545801055,-2.0616931432992667,1.287515390482615,0.0,0.5147227264434866,2.0454719818970255,0.0,-1.8487316106025675,0.7371442151915277,0.0,-0.6017348781417564,-1.5091297842359228,7.919699527968941,65.78371571683279,73.70341524480173
3.8619999999997963,7.23,2.973685337897219,3.6605729437164576,2.651335477933245,-1.8366110026738418,-2.0417780037118054,1.2350873993069666,0.0,0.5110249783458014,2.0469323995133157,0.0,-1.8490190758668958,0.7232780007639782,0.0,-0.5892723085900455,-1.5064411447772919,7.886581746752185,65.81662513608711,73.7032068828393
3.863999999999796,7.23,2.9789839387899693,3.6569021571130698,2.647272197746833,-1.8341929572673137,-2.0214292951836823,1.183017749944668,0.0,0.5073266403399922,2.048365112797396,0.0,-1.8493215142385155,0.709439862407008,0.0,-0.576830843157908,-1.5036449808571182,7.854175640779534,65.84882349463675,73.70299913541628
3.865999999999796,7.23,2.9842744541115875,3.6532361027003364,2.6432500531775527,-1.8318786924120245,-2.0006414587299894,1.1313069233214004,0.0,0.5036276825048426,2.0497701777800543,0.0,-1.849638900013506,0.6956296776686997,0.0,-0.5644140165449266,-1.5007440801160872,7.82247934336791,65.88031264631118,73.7027919896791
3.8679999999997956,7.23,2.9895569670152677,3.6495745736351064,2.639269928036928,-1.8296674900066723,-1.9794089390493737,1.0799553701288243,0.0,0.49992807497475195,2.051147650240362,0.0,-1.84997120326081,0.6818473172672804,0.0,-0.5520252685342901,-1.4977412455821626,7.791490996969339,65.91109443581385,73.7025854327832
3.8699999999997954,7.23,2.994831562432936,3.645917364511311,2.6353327172443115,-1.8275586310799976,-1.9577261834453235,1.0289635093965654,0.0,0.496227787948298,2.0524975856919,0.0,-1.8503183897149011,0.6680926449712619,0.0,-0.539667943603616,-1.4946392957706458,7.761208753791157,65.94117069809968,73.70237945189083
3.871999999999795,7.23,3.0000983270974606,3.6422642713616415,2.631439326822636,-1.8255513958555245,-1.9355876408894395,0.9783317270774233,0.0,0.4925267916970163,2.0538200393687305,0.0,-1.8506804206656873,0.6543655174729623,0.0,-0.5273452905438893,-1.4914410647870964,7.731630776423111,65.97054325774569,73.7021740341688
3.873999999999795,7.23,3.0053573495648576,3.63861509165909,2.6275906738958867,-1.8236450638191204,-1.9129877612368513,0.9280603746424987,0.0,0.48882505657440045,2.055115066211114,0.0,-1.8510572528455755,0.6406657842552355,0.0,-0.5150604620860215,-1.4881494024324158,7.702755238471692,65.99921392831442,73.70196916678611
3.8759999999997947,7.23,3.0106087202364904,3.634969624318356,2.623787686687986,-1.8218389137893582,-1.8899209946041342,0.8781497676829633,0.0,0.4851225530251331,2.0563827208509498,0.0,-1.8514488383135936,0.6269932874512393,0.0,-0.5028165145345629,-1.48476717430935,7.674580325201888,66.02718451170986,73.70176483691175
3.8779999999997945,7.23,3.0158525313812707,3.63132766969711,2.6200313045227492,-1.8201322239906723,-1.8663817909206915,0.8286001845151225,0.0,0.4814192515945508,2.057623057596933,0.0,-1.8518551243364798,0.6133478616970877,0.0,-0.4906164074081153,-1.4812972619296023,7.647104234186687,66.05445679752586,73.70156103171254
3.8799999999997943,7.23,3.0210888771578577,3.627689029597103,2.6163224778245526,-1.8185242721293018,-1.842364599664729,0.7794118647853172,0.0,0.4777151229383501,2.058836130419403,0.0,-1.8522760532666327,0.5997293339772135,0.0,-0.47846300308599293,-1.4777425628206744,7.620325175964338,66.08103256238647,73.70135773835081
3.881999999999794,7.23,3.0263178536368613,3.6240535072651276,2.61266216811934,-1.817014335472029,-1.8178638697954632,0.7305850080711537,0.0,0.4740101378325421,2.060021992934884,0.0,-1.8527115624168353,0.5861375234622862,0.0,-0.4663590664607029,-1.4741059906314968,7.594241374703872,66.10691356927835,73.70115494398222
3.883999999999794,7.23,3.0315395588230456,3.6204209073938136,2.6090513480355546,-1.8156016909277215,-1.7928740498934537,0.6821197724755135,0.0,0.4703042671836575,2.0611806983902863,0.0,-1.853161583931672,0.5725722413395198,0.0,-0.45430726459583315,-1.4703904752358623,7.568851068879024,66.13210156687467,73.7009526357537
3.8859999999997936,7.23,3.036754092677534,3.6167910361222617,2.605491001304573,-1.8142856151316962,-1.767389588521593,0.6340162732096914,0.0,0.466597482039216,2.0623122996467624,0.0,-1.8536260446555004,0.559033290635228,0.0,-0.4423101663889619,-1.4665989628325409,7.5441525119507205,66.15659828885032,73.70075080080105
3.8879999999997934,7.23,3.0419615571400156,3.6131637010365023,2.6019821227601874,-1.813065384532931,-1.7414049348193035,0.5862745811619037,0.0,0.46288975359846296,2.0634168491632043,0.0,-1.8541048659969472,0.5455204660294523,0.0,-0.43037024223920434,-1.4627344160409792,7.5201439730586195,66.1804054531884,73.70054942624702
3.889999999999793,7.23,3.047162056150948,3.60953871116978,2.598525718336652,-1.8119402754841578,-1.714914539343325,0.538894721447433,0.0,0.4591810532233749,2.064494398979354,0.0,-1.8545979637897767,0.5320335536625316,0.0,-0.4184898637190653,-1.4587998139913156,7.496823737721743,66.20352476147717,73.70034849919891
3.891999999999793,7.23,3.052355695673755,3.605915877002653,2.5951228050647943,-1.8109095643348763,-1.6879128551684712,0.4918766719365345,0.0,0.45547135244995707,2.065545000698529,0.0,-1.855105248150098,0.5185723309334652,0.0,-0.4066713032502796,-1.4547981524074571,7.474190108548733,66.22595789819789,73.70014800674662
3.8939999999997927,7.23,3.057542583717013,3.6022950104629032,2.59177441106565,-1.8099725275273373,-1.6603943392624865,0.4452203617561374,0.0,0.45176062299982034,2.0665687054699284,0.0,-1.855626623329773,0.5051365662899145,0.0,-0.39491673378333497,-1.450732443681783,7.452241405957743,66.24770653000266,73.69994793596041
3.8959999999997925,7.23,3.062722830356624,3.598675924925254,2.588481575541063,-1.809128441695553,-1.6323534541492932,0.39892566976141397,0.0,0.4480488367920607,2.067565563970513,0.0,-1.8561619875659818,0.4917260190097314,0.0,-0.38322822848044874,-1.446605716940072,7.43097596890653,66.26877230498224,73.69974827388876
3.8979999999997923,7.23,3.0678965477579623,3.5950584352108828,2.585245348760658,-1.808376583767397,-1.6037846698755258,0.35299242297306865,0.0,0.4443359659554441,2.068535626386441,0.0,-1.856711232926836,0.478340438973865,0.0,-0.37160776040175264,-1.442421018095056,7.410392155632824,66.28915685192351,73.69954900755633
3.899999999999792,7.23,3.073063850197997,3.5914423575867316,2.582066792044566,-1.8077162310698673,-1.57468246629542,0.30742039497627005,0.0,0.44062198284090004,2.069478942394038,0.0,-1.8572742451529747,0.4649795664305303,0.0,-0.3600572021945147,-1.4381814098870072,7.3904883444054565,66.30886177955628,73.69935012396174
3.901999999999792,7.23,3.07822485408737,3.587827509764598,2.5789469777412455,-1.8071466614375937,-1.5450413356898305,0.26220930427696404,0.0,0.4369068600343394,2.07039556114029,0.0,-1.8578509034950634,0.4516431317505213,0.0,-0.34857832578524994,-1.4338899719096099,7.371262934286381,66.32788867578908,73.69915161007546
3.9039999999997916,7.23,3.0833796779924234,3.58421371090001,2.5758869891997205,-1.8066671533246788,-1.514855785735258,0.21735881261137413,0.0,0.4331905703697998,2.071285531222837,0.0,-1.8584410805471285,0.4383308551735678,0.0,-0.33717280207462547,-1.4295498006193204,7.352714345904112,66.34623910693368,73.6989534528378
3.9059999999997914,7.23,3.088528442657173,3.580600781590873,2.5728879207355173,-1.80627698591997,-1.4841203428393952,0.17286852320428006,0.0,0.42947308694293035,2.072148900669447,0.0,-1.8590446420756506,0.4250424465456254,0.0,-0.32584220063509783,-1.4251640093262876,7.334841022238684,66.36391461691798,73.69875563915666
3.907999999999791,7.23,3.0936712710251966,3.5769885438758795,2.5699508775895463,-1.8059754392658707,-1.452829555859916,0.12873797897170755,0.0,0.42575438312481895,2.0729857169169597,0.0,-1.8596614468443637,0.41177760504701,0.0,-0.31458798941128013,-1.4207357281648472,7.3176414294185435,66.38091672648696,73.6985581559055
3.909999999999791,7.23,3.09880828826144,3.5733768212326837,2.5670769758791536,-1.8057617943808038,-1.4209780002237298,0.08496666066362304,0.0,0.42203443257617845,2.0737960267896764,0.0,-1.8602913464347075,0.39853601891131024,0.0,-0.30341153442309216,-1.4162681040414649,7.301114057529791,66.39724693239147,73.69836098992126
3.9119999999997908,7.23,3.103939621773913,3.5697654385758213,2.5642673425405147,-1.805635333385455,-1.3885602824642282,0.04155398494206319,0.0,0.4183132092618946,2.0745798764771766,0.0,-1.8609341850618566,0.3853173651349927,0.0,-0.29231409947179116,-1.4117643005579317,7.285257421437846,66.4129067065643,73.69816412800215
3.9139999999997905,7.23,3.1090654012352608,3.566154222254376,2.5615231152615228,-1.8055953396329278,-1.3555710451943677,-0.0015006976098055555,0.0,0.4145906874659454,2.0753373115115457,0.0,-1.8615897993863175,0.3721213091776505,0.0,-0.2812968458490439,-1.4072274979074924,7.2700700616220955,66.42789749528355,73.69796755690564
3.9159999999997903,7.23,3.1141857586041928,3.562543000049381,2.558845442404281,-1.8056410978429536,-1.3220049725338427,-0.04419810455231099,0.0,0.4108668418067013,2.076068376743992,0.0,-1.8622580183210269,0.35894750465284847,0.0,-0.2703608320492668,-1.4026608927414816,7.2555505450237145,66.44222071832257,73.69777126334628
3.91799999999979,7.23,3.119300828146744,3.55893160117095,2.5562354829162683,-1.805771894240307,-1.2878567960088412,-0.08653902373219835,0.0,0.40714164725262,2.076773116320842,0.0,-1.8629386628339384,0.3457955930095453,0.0,-0.2595070134855315,-1.3980676980039473,7.241697465907018,66.45587776808672,73.69757523399375
3.91999999999979,7.23,3.1244107464573463,3.5553198562551223,2.553694406229219,-1.805987016697591,-1.2531213009432036,-0.12852431550851848,0.0,0.40341507913833546,2.077451573658881,0.0,-1.8636315457460595,0.3326652032040667,0.0,-0.2487362422093873,-1.3934511427316003,7.228509446734581,66.46887000873586,73.69737945547044
3.9219999999997897,7.23,3.129515652479685,3.5517075973604215,2.551223392144713,-1.8062857548825613,-1.217793333359959,-0.1701549150661824,0.0,0.3996871131811582,2.07810379142003,0.0,-1.8643364715249402,0.3195559513626342,0.0,-0.23804926663503942,-1.388814471816353,7.2159851390565475,66.48119877529312,73.69718391434967
3.9239999999997894,7.23,3.134615687527313,3.5480946579641155,2.5488236307054364,-1.8066674004101657,-1.1818678074125748,-0.21143183482185215,0.0,0.39595772549799196,2.078729811485348,0.0,-1.8650532360736094,0.3064674404344776,0.0,-0.2274467312683988,-1.3841609457275619,7.20412322441438,66.49286537273906,73.69698859715344
3.925999999999789,7.23,3.13971099530399,3.5444808729581636,2.5464963220510337,-1.8071312469994962,-1.1453397133653107,-0.25235616692687873,0.0,0.3922268926226791,2.0793296749283137,0.0,-1.8657816265149423,0.2933992598355641,0.0,-0.21692917644159862,-1.3794938401909775,7.192922415259245,66.50387107509101,73.69679349035026
3.927999999999789,7.23,3.14480172192372,3.5408660786448483,2.544242676257432,-1.8076765906358443,-1.1082041261422448,-0.29292908587201105,0.0,0.38849459152377885,2.079903421987402,0.0,-1.8665214209715124,0.280350985083,0.0,-0.2064970380536541,-1.3748164458213163,7.182381455885498,66.51421712446765,73.69659858035314
3.9299999999997888,7.23,3.1498880159304483,3.537250112732077,2.542063913158486,-1.8083027297380738,-1.070456214464641,-0.33315185119853036,0.0,0.3847607996227907,2.080451092037909,0.0,-1.8672723883409204,0.26732217742019276,0.0,-0.19615064731804438,-1.3701320677051896,7.172499123379367,66.52390473013807,73.69640385351744
3.9319999999997886,7.23,3.1549700283173827,3.533632814328341,2.53996126214874,-1.8090089653315244,-1.032091250596338,-0.3730258103204598,0.0,0.38102549481283626,2.0809727235630247,0.0,-1.8680342880666747,0.2543123834328809,0.0,-0.18589023051808876,-1.3654440249310762,7.163274228583253,66.53293506755546,73.6962092961387
3.9339999999997883,7.23,3.160047912545901,3.5300140239373277,2.537935961966077,-1.8097946012266761,-0.993104620716829,-0.4125524014624796,0.0,0.3772886554777971,2.081468354124124,0.0,-1.8688068699046438,0.2413211346561498,0.0,-0.17571590877107823,-1.3607556500628293,7.1547056170757175,66.54130927737495,73.69601489445067
3.935999999999788,7.23,3.1651218245640043,3.5263935834521636,2.535989260452976,-1.8106589442038077,-0.953491835941581,-0.4517331567180641,0.0,0.37355026051192897,2.0819380203302646,0.0,-1.8695898736851915,0.22834794717260176,0.0,-0.16562769780224662,-1.356070288553158,7.1467921701675845,66.54902846445533,73.69582063462292
3.937999999999788,7.23,3.170191922824266,3.5227713361492867,2.534122414295065,-1.8116013042038963,-0.9132485440090046,-0.4905697052323725,0.0,0.36981028933995264,2.082381757806877,0.0,-1.870383029071033,0.21539232120185253,0.0,-0.155625507729762,-1.3513912980933427,7.139532805914209,66.55609369684481,73.69562650275903
3.9399999999997877,7.23,3.1752583683012388,3.5191471266819288,2.5323366887356213,-1.812620994526011,-0.8723705416532925,-0.5290637765141949,0.0,0.3660687219376364,2.082799601163617,0.0,-1.8711860553109503,0.20245374068158248,0.0,-0.14570914286204756,-1.3467220478953479,7.132926480144208,66.56250600475005,73.69543248489425
3.9419999999997875,7.23,3.1803213245082627,3.5155208010731953,2.530633357264619,-1.8137173320314628,-0.8308537876818688,-0.5672172038812722,0.0,0.36232553885287283,2.0831915839613755,0.0,-1.871998660989464,0.18953167284037553,0.0,-0.13587830150885336,-1.3420659179024008,7.126972187504771,66.56826637948873,73.69523856699351
3.9439999999997872,7.23,3.1853809575136247,3.511892206708732,2.5290137012809053,-1.8148896373549814,-0.7886944167759753,-0.6050319280431088,0.0,0.35858072122726004,2.083557738678429,0.0,-1.8728205437726055,0.17662556776263313,0.0,-0.12613257580763232,-1.3374262979239224,7.1216689625237555,66.57337577242536,73.69504473494912
3.945999999999787,7.23,3.190437435956016,3.50826119232896,2.527479009726036,-1.8161372351232004,-0.74588875403222,-0.6425100008252409,0.0,0.35483425081819764,2.0838980966757106,0.0,-1.873651390149943,0.16373485794587617,0.0,-0.11647145156691018,-1.3328065866906582,7.1170158806886725,66.57783509389023,73.6948509745789
3.947999999999787,7.23,3.195490931059226,3.5046276080208676,2.5260305786882737,-1.817459454180733,-0.702433330262412,-0.6796535890387593,0.0,0.3510861100214997,2.084212688161182,0.0,-1.874490875173026,0.15085895785078252,0.0,-0.10689430812846874,-1.328210190825663,7.113012059542582,66.58164521208124,73.69465727162383
3.9499999999997866,7.23,3.2005416166460146,3.5009913052093413,2.5246697109752128,-1.8188556278241372,-0.6583248980682037,-0.7164649784986268,0.0,0.3473362818945352,2.084501542153313,0.0,-1.8753386621904768,0.13799726344436652,0.0,-0.09740041825032814,-1.3236405237267765,7.10965665979719,66.5848069519489,73.6944636117461
3.9519999999997864,7.23,3.205589669151094,3.497352136648022,2.5233977156534686,-1.8203250940440683,-0.6135604487061893,-0.7529465781941885,0.0,0.34358475017990103,2.0847646864436205,0.0,-1.876194402579897,0.12514915173671337,0.0,-0.08798894801263678,-1.319101004356021,7.10694888646287,66.58732109406398,73.69426998052685
3.953999999999786,7.23,3.2106352676331604,3.4937099564096665,2.522215907553832,-1.821867195775927,-0.5681372297581585,-0.789100924614862,0.0,0.3398314993296355,2.085002147558297,0.0,-1.877057735476889,0.11231398031176984,0.0,-0.07865895674877126,-1.3145950559313457,7.10488798999592,66.58918837346826,73.69407636346418
3.955999999999786,7.23,3.2156785937858965,3.490064619876001,2.5211256067402696,-1.8234812811593166,-0.5220527636199719,-0.8249306862338392,0.0,0.3360765145299743,2.0852139507188783,0.0,-1.8779282875014154,0.09949108685269155,0.0,-0.06940939700408,-1.31012610451598,7.103473267462811,66.59040947850818,73.693882745971
3.9579999999997857,7.23,3.2207198319478745,3.486415983727045,2.520128137941114,-1.8251667038066284,-0.47530486682133155,-0.8604386681521593,0.0,0.33231978172665894,2.0854001198019647,0.0,-1.878805672481813,0.08667978866233988,0.0,-0.060239114524909924,-1.3056975775006134,7.102704063721437,66.59098504965147,73.6936891133729
3.9599999999997855,7.23,3.225759169111285,3.4827639059298896,2.5192248299407756,-1.8269228230810757,-0.4278916701871429,-0.8956278169052396,0.0,0.3285612876507967,2.0855606772979796,0.0,-1.879689491176781,0.07387938217953426,0.0,-0.051146848280708646,-1.3013129019735306,7.102579772619251,66.59091567828692,73.69349545090617
3.9619999999997852,7.23,3.2307967949294047,3.4791082457269096,2.5184170149302862,-1.8287490043845065,-0.3798116398496403,-0.930501225433449,0.0,0.324801019845278,2.085695644268949,0.0,-1.8805793309956769,0.06108914249174641,0.0,-0.04213123052220211,-1.2969755029737433,7.103099838208072,66.59020190550751,73.69330174371558
3.963999999999785,7.23,3.235832901722727,3.4754488636233902,2.517706027814955,-1.8306446194553208,-0.33106359911854544,-0.9650621382179004,0.0,0.32103896669175874,2.085805040305315,0.0,-1.8814747657175328,0.04830832284496579,0.0,-0.03319078687883413,-1.292688801622155,7.1042637559754365,66.58884422087701,73.69310797685245
3.965999999999785,7.23,3.240867684483659,3.471785621374547,2.5170932054774253,-1.8326090466768268,-0.2816467512145426,-0.9993139565821682,0.0,0.31727511743820064,2.08588888348176,0.0,-1.8823753552091649,0.03553615415151033,0.0,-0.024323936498848515,-1.2884562131256725,7.1060710740921325,66.58684306118039,73.69291413527252
3.9679999999997846,7.23,3.2459013408797013,3.4681183819719195,2.5165798859943993,-1.8346416713963654,-0.23156070286920957,-1.0332602441599392,0.0,0.31350946222697834,2.08594719031204,0.0,-1.8832806451428392,0.022771844496653246,0.0,-0.015528992235630265,-1.2842811446492215,7.108521394675622,66.5841988091583,73.69272020383391
3.9699999999997844,7.23,3.2509340712550148,3.4644470096291133,2.516167407805293,-1.836741886255536,-0.18080548879198705,-1.066904732528208,0.0,0.3097419921235508,2.085979975702846,0.0,-1.8841901667139809,0.01001457864495317,0.0,-0.006804160884109001,-1.2801669930505635,7.111614375069047,66.5809117922262,73.69252616729526
3.971999999999784,7.23,3.25596607863027,3.460771369766874,2.515857108831092,-1.8389090915318536,-0.1293815970022633,-1.1002513270047793,0.0,0.30597269914569736,2.0859872529066634,0.0,-1.8851034363594115,-0.0027364824527220527,0.0,0.0018524565287190292,-1.276117142472816,7.115349729135245,66.57698228117826,73.6923320103135
3.973999999999784,7.23,3.2609975687006902,3.4570913289974614,2.5156503255416856,-1.8411426954921635,-0.07728999502168088,-1.1333041126083048,0.0,0.3022015762933151,2.085969033473654,0.0,-1.8860199554766832,-0.015482202150450042,0.0,0.01044286439488058,-1.2721349617896054,7.11972722856538,66.57241048887674,73.69213771744212
3.9759999999997837,7.23,3.2660287498321683,3.45340675510831,2.515548391969956,-1.843442114758136,-0.02453215691865325,-1.1660673601781995,0.0,0.29842861757877664,2.085925327202558,0.0,-1.8869392101450841,-0.028223468595677967,0.0,0.018969172113606138,-1.2682238018978087,7.124746704201483,66.56719656892754,73.69194327312903
3.9779999999997835,7.23,3.2710598330553644,3.4497175170449412,2.5155526386709415,-1.845806774684159,0.028889908806166834,-1.198545532650959,0.0,0.29465381805784496,2.0858561420906225,0.0,-1.8878606708489551,-0.04096119521362039,0.0,0.027433593611821322,-1.2643869928529128,7.130408047372451,66.56134061434241,73.69174866171487
3.9799999999997833,7.23,3.276091032057661,3.4460234848931117,2.515664391624396,-1.8482361097479358,0.08297363050853729,-1.2307432914886725,0.0,0.29087717386113454,2.0857614842825645,0.0,-1.8887837922039437,-0.053696321186406104,0.0,0.035838446791940926,-1.2606278408420704,7.136711211242445,66.55484265618848,73.69155386743093
3.981999999999783,7.23,3.281122563172867,3.442324529860163,2.5158849710791187,-1.8507295639540864,0.1377158438822034,-1.262665503254339,0.0,0.2870986822261239,2.0856413580185844,0.0,-1.8897080126869525,-0.0664298119256245,0.0,0.04418615290165869,-1.2569496249900802,7.1436562121712734,66.54770266222619,73.69135887439747
3.983999999999783,7.23,3.2861546453685486,3.438620524255555,2.516215690337454,-1.8532865912510437,0.19311276165644306,-1.2943172463278196,0.0,0.28331834152969526,2.0854957655814417,0.0,-1.8906327543704788,-0.0791626595368858,0.0,0.052479235820181776,-1.2533555939936196,7.15124313108551,66.53992053553637,73.69116366662188
3.9859999999997826,7.23,3.2911875002308735,3.434911341470549,2.5166578544784315,-1.855906655961514,0.24915994253700896,-1.3257038177550025,0.0,0.2795361513212077,2.085324707242608,0.0,-1.8915574226621659,-0.091895883274901,0.0,0.06072032125505791,-1.2498489625792197,7.159472114859575,66.53149611313737,73.69096822799693
3.9879999999997824,7.23,3.2962213519468313,3.4311968559570176,2.5172127590180504,-1.8585892332267633,0.3058522594227325,-1.3568307402217776,0.0,0.27575211235608,2.0851281812075255,0.0,-1.8924814060503783,-0.10463052998754026,0.0,0.06891213584348127,-1.2464329077807055,7.168343377705588,66.52242916459356,73.69077254229914
3.989999999999782,7.23,3.3012564272837173,3.4274769432053516,2.5178816885053097,-1.861333809464967,0.3631838669348418,-1.3877037691430232,0.0,0.27196622662987885,2.084906183559984,0.0,-1.8934040758566926,-0.11736767454720931,0.0,0.07705750615164188,-1.24311056503198,7.177857202570862,66.51271939061611,73.69057659318698
3.991999999999782,7.23,3.3062929555657377,3.4237514797214352,2.5186659150526407,-1.8641398828438458,0.4211481683016387,-1.4183288998557408,0.0,0.2681784974128946,2.084658708205657,0.0,-1.8943247859962193,-0.13010842026784286,0.0,0.08515935756541677,-1.2398850240713806,7.188013942541788,66.50236642165771,73.6903803641995
3.9939999999997817,7.23,3.311331168647613,3.420020343002664,2.519566696799506,-1.8670069637677797,0.47973778164645875,-1.4487123749039057,0.0,0.26438892928518404,2.084385746814811,0.0,-1.8952428727467228,-0.14285389930569858,0.0,0.09322071306537152,-1.2367593246540447,7.198814022252632,66.4913698165021,73.69018383875473
3.9959999999997815,7.23,3.3163713008850375,3.416283411512971,2.520585276308021,-1.8699345753795733,0.5389445057329377,-1.4788606914014257,0.0,0.26059752817207027,2.084087288764236,0.0,-1.8961576545275427,-0.15560527304207666,0.0,0.10124469187875282,-1.2337364520691287,7.210257939297799,66.47972906085039,73.6899870001482
3.9979999999997813,7.23,3.3214135891018652,3.412540564656836,2.5217228788895736,-1.8729222540770116,0.5987592852276076,-1.5087806084578335,0.0,0.25680430138007027,2.0837633210784317,0.0,-1.897068431689411,-0.16836373244598446,0.0,0.10923450800082286,-1.2308193324590784,7.22234626564604,66.46744356590563,73.68978983155166
3.999999999999781,7.23,3.326458272553874,3.4087916827522453,2.5229807108615403,-1.8759695500443172,0.6591721755464273,-1.538479154650078,0.0,0.2530092576332318,2.0834138283700843,0.0,-1.8979744863162267,-0.1811304984147165,0.0,0.11719346857759634,-1.228010827938561,7.235079649054723,66.454512666957,73.68959231601173
4.001999999999781,7.23,3.331505592888977,3.4050366470025777,2.5243599577333407,-1.879076027798581,0.7201723073583332,-1.5679636355219149,0.0,0.24921240710985626,2.083038792779893,0.0,-1.8988750820399751,-0.19390682209019286,0.0,0.12512497214169233,-1.2253137315111642,7.24845881448247,66.4409356219663,73.68939443644878
4.003999999999781,7.23,3.336555794103734,3.401275339467378,2.5258617823212224,-1.8822412667512036,0.7817478508260897,-1.5972416410908727,0.0,0.2454137614795737,2.0826381939157823,0.0,-1.899769463869975,-0.2066939851488639,0.0,0.1330325066927285,-1.222730761782464,7.262484565498067,66.42671161015764,73.68919617565571
4.005999999999781,7.23,3.3416091224960183,3.3975076430319944,2.527487322791336,-1.8854648617843393,0.8438859796717898,-1.6263210533409254,0.0,0.2416133339407467,2.0822120087915716,0.0,-1.9006568580377126,-0.21949330006287932,0.0,0.1409196476133467,-1.2202645574686597,7.2771577856837215,66.41183973061337,73.68899751629709
4.007999999999781,7.23,3.3466658266137013,3.393733441376049,2.5292376906308465,-1.8887464238422915,0.906572835161773,-1.6552100536772751,0.0,0.2378111392581685,2.0817602117651455,0.0,-1.9015364718585388,-0.2323061103301528,0.0,0.1487900554116524,-1.2179176717005467,7.292479440030277,66.39631900087795,73.68879844090823
4.00999999999978,7.23,3.3517261571992045,3.389952618940709,2.5311139685470154,-1.8920855805377603,0.9697934901134941,-1.6839171303177363,0.0,0.23400719380101626,2.0812827744762004,0.0,-1.9024074936115696,-0.24513379067088403,0.0,0.15664747328054437,-1.2156925661233282,7.308450576322112,66.38014835557225,73.68859893189436
4.01199999999978,7.23,3.35679036712978,3.386165060894731,2.5331172082944127,-1.8954819767727844,1.0335319130345522,-1.7124510855932824,0.0,0.23020151558102814,2.0807796657836364,0.0,-1.903269092439189,-0.25797774718801253,0.0,0.16449572446409294,-1.2135916047934578,7.325072326509327,66.36332664502073,73.68839897153006
4.01399999999978,7.23,3.3618587113533716,3.3823706530992506,2.5352484284306356,-1.8989352753741706,1.0977709325121716,-1.740821043128473,0.0,0.22639412429086098,2.0802508517026572,0.0,-1.90412041826753,-0.27083941748901974,0.0,0.1723387094208378,-1.2116170478744877,7.342345908064336,66.34585263389427,73.6881985419586
4.01599999999978,7.23,3.366931446819918,3.3785692820712843,2.537508612001162,-1.9024451577431378,1.162492201979615,-1.7690364548703703,0.0,0.22258504134258103,2.0796962953416824,0.0,-1.9049606017494505,-0.2837202707664466,0.0,0.18018040277359607,-1.2097710451347834,7.360272625320485,66.3277249998713,73.68799762519178
4.0179999999997795,7.23,3.3720088324079547,3.37476083494592,2.539898704154224,-1.9060113245188395,1.227676164993969,-1.7971071079325813,0.0,0.21877428990625114,2.079115956839125,0.0,-1.905788754231453,-0.2966218078343858,0.0,0.18802485003506356,-1.2080556292508027,7.378853870789381,66.30894233232007,73.68779620310946
4.019999999999779,7.23,3.3770911288463776,3.370945199437167,2.5424196096868674,-1.9096334962553596,1.2933020211683754,-1.8250431312190591,0.0,0.21496189494855186,2.078509793300157,0.0,-1.9066039677461197,-0.3095455611182221,0.0,0.19587616409827804,-1.2064727089206593,7.398091126454268,66.28950313100542,73.6875942574597
4.021999999999779,7.23,3.382178598631229,3.3671222637974365,2.5450721905236575,-1.9133114141117058,1.3593476929097064,-1.8528550017901997,0.0,0.2111478832713971,2.0778777587335355,0.0,-1.9074053150316015,-0.32249309459477904,0.0,0.20373852148072322,-1.205024061793672,7.4179859650359425,66.26940580482265,73.68739176985859
4.023999999999779,7.23,3.3872715059373792,3.363291916775633,2.5478572631297935,-1.9170448405542435,1.425789793121221,-1.8805535509317195,0.0,0.20733228355047834,2.077219803988604,0.0,-1.908191849579784,-0.3354660036800425,0.0,0.21161615831066607,-1.2037113272226976,7.438540051228167,66.24864867056269,73.68718872179086
4.025999999999779,7.23,3.392370116524964,3.3594540475738266,2.5507755958607365,-1.9208335600709368,1.4926035940377453,-1.908149969884849,0.0,0.20351512637368338,2.0765358766925726,0.0,-1.908962605714727,-0.3484659150615671,0.0,0.21951336604410118,-1.2025359988471798,7.45975514289888,66.22722995171107,73.68698509460995
4.027999999999778,7.23,3.3974746976404675,3.3556085458024865,2.5538279062507834,-1.924677379896674,1.5597629973689318,-1.9356558151942274,0.0,0.19969644427932826,2.0758259211881915,0.0,-1.909716598703052,-0.36149448647265314,0.0,0.22743448690050552,-1.201499417016045,7.48163309225376,66.2051477772851,73.68678086953886
4.029999999999778,7.23,3.402585517912317,3.3517553014342525,2.5570148582433885,-1.92857613074887,1.627240505934131,-1.9630830136280357,0.0,0.19587627179413386,2.075089878471935,0.0,-1.9104528248979138,-0.374553406405377,0.0,0.23538390900548217,-1.2006027610608356,7.50417584695829,66.18240018071265,73.68657602767094
4.031999999999778,7.23,3.407702847240886,3.3478942047562272,2.5603370593664048,-1.9325296675724406,1.6950071969798004,-1.9904438666229485,0.0,0.19205464547087758,2.0743276861328264,0.0,-1.911170261918256,-0.387644393759542,0.0,0.24336606122825302,-1.1998470414307796,7.527385451214558,66.15898509875638,73.68637054997093
4.033999999999778,7.23,3.412826956682796,3.344025146320769,2.5637950578558075,-1.9365378702931517,1.7630326973776287,-2.017751054204608,0.0,0.18823160392565486,2.0735392782920283,0.0,-1.911867868865018,-0.40076919742461864,0.0,0.25138540770189616,-1.1992330917028315,7.5512640467886065,66.13490037048759,73.68616441727619
4.0359999999997775,7.23,3.4179581183294157,3.34014801689477,2.5673893397318643,-1.940600644578242,1.8312851609085143,-2.0450176383326637,0.0,0.18440718787466426,2.0727245855433396,0.0,-1.9125445865759927,-0.41392959579178523,0.0,0.25944644201422684,-1.1987615604811974,7.5758138739843535,66.11014373631384,73.6859576102982
4.037999999999777,7.23,3.423096605179469,3.3362627074074087,2.5711203258321365,-1.9447179226031168,1.8997312478436208,-2.0722570656176367,0.0,0.18058144017044725,2.0718835348947406,0.0,-1.9131993379210175,-0.4271273961931672,0.0,0.26755368105721244,-1.198432903202238,7.601037272559728,66.08471283706456,73.68575010962428
4.039999999999777,7.23,3.428242691005671,3.332369108896361,2.574988368806117,-1.9488896638228024,1.9683361070396908,-2.099483169355523,0.0,0.17675440583749247,2.0710160497111367,0.0,-1.9138310281391666,-0.4403644342654685,0.0,0.2757116585229407,-1.1982473738622077,7.626936682580639,66.058605213139,73.68554189571964
4.041999999999777,7.23,3.433396650215318,3.328467112452469,2.5789937500767612,-1.9531158557467403,2.037063360770776,-2.126710170824525,0.0,0.17292613210712515,2.0701220496584485,0.0,-1.9144385452196113,-0.4536425732351951,0.0,0.28392491803426106,-1.1982050166867744,7.653514645208276,66.03181830372118,73.68533294892946
4.043999999999777,7.23,3.4385587577047736,3.3245566091628533,2.583136676774603,-1.9573965147153918,2.105875092523042,-2.153952679787234,0.0,0.16909666845158822,2.069201450649217,0.0,-1.9150207603277758,-0.4669637031227896,0.0,0.2921980058984688,-1.1983056577628821,7.680773803415154,66.0043494460664,73.68512324948155
4.045999999999776,7.23,3.4437292887077975,3.3206374900524755,2.5874172786506175,-1.9617316866770023,2.1747318379826703,-2.181225694140518,0.0,0.16526606661722487,2.0682541647898818,0.0,-1.9155765282783874,-0.4803297398630504,0.0,0.3005354634726526,-1.1985488966550786,7.708716902625145,65.9761958748639,73.68491277748905
4.047999999999776,7.23,3.448908518637688,3.316709646024147,2.5918356049744453,-1.9661214479627656,2.2435925794497003,-2.2085445986545915,0.0,0.16143438065666488,2.0672801003299,0.0,-1.9161046880569876,-0.49374262433933624,0.0,0.3089418191296992,-1.1989340980300474,7.73734679127273,65.94735472168075,73.68470151295348
4.049999999999776,7.23,3.4540967229232113,3.3127729677969895,2.596391621425065,-1.9705659060585061,2.312414743912044,-2.235925162742246,0.0,0.15760166695992328,2.0662791616128935,0.0,-1.9166040633914136,-0.5072043213291597,0.0,0.31742157981437913,-1.199460383314729,7.7666664212765815,65.91782301449155,73.68448943576813
4.051999999999776,7.23,3.4592941768383088,3.3088273458433606,2.601085206981471,-1.9750652003708802,2.38115420501469,-2.263383537198923,0.0,0.1537679842842984,2.0652512490299895,0.0,-1.917073463374702,-0.5207168183589521,0.0,0.3259792221794861,-1.200126622415009,7.796678848422598,65.8875976772991,73.6842765257217
4.053999999999776,7.23,3.4645011553255944,3.30487267032425,2.605916150821378,-1.9796195029859787,2.449765289158084,-2.2909362498543278,0.0,0.1499333937829776,2.0641962589755436,0.0,-1.9175116831407961,-0.5342821244658834,0.0,0.33461918329259144,-1.2009314255235715,7.827387232651196,65.8566755298511,73.6840627625023
4.055999999999775,7.23,3.469717932813664,3.3009088310231713,2.6108841492364485,-1.9842290194180958,2.518200785957967,-2.318600200076611,0.0,0.14609795903223283,2.063114083805439,0.0,-1.917917504594378,-0.5479022688648582,0.0,0.3433458509047381,-1.201873135047141,7.858794838244105,65.82505328745768,73.68384812570179
4.057999999999775,7.23,3.474944783028258,3.296935717278566,2.615988802572987,-1.98889398934631,2.586411963295498,-2.346392652070882,0.0,0.142261746057105,2.0620046117981414,0.0,-1.9182896971960226,-0.5615792995189695,0.0,0.352163553273205,-1.202949817684853,7.890905033905273,65.79272756091491,73.68363259482018
4.059999999999775,7.23,3.480181978797341,3.2929532179147496,2.6212296122075163,-1.993614687336408,2.6543485871816137,-2.3743312269147703,0.0,0.13842482335545797,2.0608677271187172,0.0,-1.9186270188038297,-0.5753152816119372,0.0,0.3610765485314331,-1.2041592566910628,7.923721292731134,65.75969485653984,73.68341614927097
4.061999999999775,7.23,3.485429791850173,3.288961221171431,2.6266059775670776,-1.9983914235455709,2.7219589466532184,-2.402433893275252,0.0,0.13458726192029752,2.059703309786001,0.0,-1.9189282165725032,-0.5891122959212534,0.0,0.370089013600245,-1.2054989443573318,7.957247192064826,65.72595157632131,73.68319876838613
4.0639999999997745,7.23,3.4906884926104764,3.2849596146318407,2.6321171932045293,-2.00322454440713,2.7891898839109803,-2.430718956752813,0.0,0.13074913526022758,2.0585112356431177,0.0,-1.9191920279108037,-0.6029724370910885,0.0,0.3792050326357212,-1.2069660747497675,7.991486413229538,65.69149401819233,73.68298043142187
4.065999999999774,7.23,3.4959583499838165,3.2809482851495124,2.6377624459395297,-2.0081144332925946,2.855986829898496,-2.4592050478011993,0.0,0.12691051941793852,2.057291376331563,0.0,-1.9194171814981287,-0.6168978118042099,0.0,0.38842858501035854,-1.208557536739184,8.026442741135916,65.65631837642874,73.68276111756467
4.067999999999774,7.23,3.5012396311393394,3.276927118773766,2.6435408120762793,-2.013061511148055,2.9222938455114225,-2.487911108173856,0.0,0.12307149298659698,2.056043599269037,0.0,-1.919602398360828,-0.6308905368525224,0.0,0.39776353282562943,-1.2102699073627758,8.06212006375847,65.62042074217909,73.68254080593756
4.069999999999774,7.23,3.5065326012860307,3.272896000673946,2.649451254709456,-2.0180662371019644,2.988053668611869,-2.516856375851295,0.0,0.11923213712402841,2.054767767631242,0.0,-1.9197463930087348,-0.6449527371061414,0.0,0.4072136079556399,-1.2120994455571383,8.09852237147625,65.58379710413072,73.68231947560697
4.071999999999774,7.23,3.511837523443685,3.2688548150624746,2.6554926211301226,-2.023129109041225,3.0532077670081272,-2.5460603684073173,0.0,0.1153925355645612,2.05346374033784,0.0,-1.9198478746322019,-0.6590865433812433,0.0,0.4167823986233011,-1.214042086303392,8.13565375627294,65.54644334931676,73.6820971055897
4.073999999999773,7.23,3.517154658208798,3.264803445116787,2.6616636403436744,-2.028250664152408,3.1176963975429115,-2.575542864776226,0.0,0.11155277462842134,2.052131372042777,0.0,-1.9199055483597778,-0.6732940902072978,0.0,0.42647333551232514,-1.2160934352260846,8.173518410791722,65.50835526406868,73.68187367486041
4.075999999999773,7.23,3.5224842635156133,3.260741772900224,2.6679629207121813,-2.0334314794248876,3.1814586714145237,-2.6053238853878646,0.0,0.10771294322854474,2.0507705131291742,0.0,-1.919918116576457,-0.6875775134946829,0.0,0.4362896774203699,-1.2182487636881454,8.212120627240454,65.46952853511907,73.68164916235952
4.077999999999773,7.23,3.527826594392594,3.2566696792819556,2.674388947733692,-2.0386721721125824,3.24443262583428,-2.6354236706425294,0.0,0.10387313287469863,2.049381009708977,0.0,-1.9198842803022362,-0.7019389481040434,0.0,0.4462344964608275,-1.2205030044247398,8.251464796142798,65.42995875085842,73.68142354700122
4.079999999999773,7.23,3.533181902714595,3.2525870438560283,2.6809400819712566,-2.0439734001509735,3.3065553021011116,-2.66586265770348,0.0,0.10003343767478257,2.047962703627571,0.0,-1.9198027406305431,-0.716380525319191,0.0,0.4563106628230731,-1.222850747759164,8.29155540493127,65.38964140275098,73.68119680768226
4.0819999999997725,7.23,3.5385504369510588,3.2484937448596245,2.687614557144566,-2.049335862526007,3.367762830149657,-2.6966614555912334,0.0,0.09619395433319544,2.0465154324735355,0.0,-1.9196722002257955,-0.7309043702257675,0.0,0.4665208291034629,-1.225286238443994,8.332397036378106,65.34857188691251,73.68096892329062
4.083999999999772,7.23,3.543932441910564,3.2443896590906354,2.694410478397187,-2.0547602995914818,3.4279905196015954,-2.7278408185703,0.0,0.09235478214614606,2.0450390295937435,0.0,-1.9194913648792502,-0.745512598998316,0.0,0.47686741422196705,-1.2278033731706657,8.373994366860627,65.30674550585432,73.68073987271495
4.085999999999772,7.23,3.5493281584820973,3.240274661824653,2.701325820752409,-2.0602474933314983,3.487172957322144,-2.7594216178266233,0.0,0.08851602299379796,2.043533324113967,0.0,-1.9192589451219204,-0.7602073160988754,0.0,0.48735258694209715,-1.2303956987902396,8.41635216445736,65.26415747039677,73.68050963485413
4.087999999999772,7.23,3.554737823373435,3.236148626731496,2.7083584277706825,-2.0657982675645603,3.5452441114535116,-2.791424811441499,0.0,0.08467778132913001,2.0419981409651737,0.0,-1.9189736578932381,-0.7749906113906537,0.0,0.4979782490146462,-1.2330564112875522,8.45947528687217,65.22080290175498,73.68027818862714
4.089999999999772,7.23,3.560161668847053,3.2320114257913874,2.7155060104215614,-2.0714134880859296,3.6021374418659198,-2.8238714126761955,0.0,0.08084016416340584,2.0404333009156836,0.0,-1.9186342282637712,-0.7898645571708346,0.0,0.5087460179688108,-1.235778355550067,8.503368679183529,65.17667683380003,73.68004551298355
4.091999999999771,7.23,3.565599922454006,3.227862929210913,2.722766146182885,-2.0770940627448806,3.6577860169338177,-2.8567824565901376,0.0,0.07700328104814819,2.038838620609326,0.0,-1.9182393912100997,-0.8048312051270085,0.0,0.5196572095773744,-1.2385540259716137,8.548037371416441,65.13177421549744,73.67981158691389
4.093999999999771,7.23,3.5710528067662395,3.223703005338893,2.730136278379737,-2.0828409414535494,3.712122636510743,-2.890178965024556,0.0,0.07316724405350811,2.0372139126097673,0.0,-1.9177878934397226,-0.8198925832222359,0.0,0.5307128200258986,-1.2413755679297864,8.593486475935343,65.08608991352544,73.67957638946078
4.095999999999771,7.23,3.5765205391078347,3.2195315205823056,2.7376137157754203,-2.088655116124151,3.765079960940959,-2.9240819099932573,0.0,0.0693321677429401,2.0355589854511247,0.0,-1.917278495263498,-0.8350506925142152,0.0,0.5419135078192073,-1.2442347801740032,8.639721184656029,65.03961871507394,73.67933989972997
4.097999999999771,7.23,3.5820033312856947,3.2153483393224147,2.7451956324263294,-2.0945376205314252,3.816590645909524,-2.9585121755317054,0.0,0.06549816914408635,2.0338736436950127,0.0,-1.9167099725129904,-0.8503075039144802,0.0,0.5532595754618711,-1.247123118159293,8.686746766075796,64.99235533082617,73.67910209690197
4.0999999999997705,7.23,3.587501389320212,3.2111533238312435,2.752879067812167,-2.100489530097293,3.8665874828955387,-2.9934905180661553,0.0,0.061665367715783515,2.032157687994118,0.0,-1.9160811184996578,-0.8656649548940913,0.0,0.5647509509529368,-1.250031698358446,8.734568562120845,64.94429439812276,73.6788629602436
4.10199999999977,7.23,3.593014913176486,3.2069463341885642,2.760660927252448,-2.106511961594826,3.9150035449552356,-3.029037525374569,0.0,0.05783388531111083,2.030410915162415,0.0,-1.915390746012724,-0.8811249461426687,0.0,0.5763871691386377,-1.252951303582614,8.783191984811017,64.89543048430924,73.67862246912026
4.10399999999977,7.23,3.5985440964966626,3.2027272281995613,2.768537982619639,-2.1126060727688007,3.961772337523909,-3.065173574222108,0.0,0.05400384613640952,2.0286331182521034,0.0,-1.9146376893521173,-0.8966893381881506,0.0,0.5881673529704674,-1.2558723893374026,8.832622512741931,64.8457580902659,73.67838060300784
4.10599999999977,7.23,3.60408912633401,3.198495861313338,2.776506873358637,-2.1187730618702756,4.006827953887163,-3.1019187867643043,0.0,0.050175376706202035,2.0268240866373337,0.0,-1.9138208063927438,-0.9123599479850341,0.0,0.6000901947195427,-1.2587850912383243,8.8828656873855,64.79527165411965,73.67813734150515
4.10799999999977,7.23,3.609650182889344,3.194252086542443,2.784564107821536,-2.1250141671028238,4.050105234934147,-3.139292985822107,0.0,0.046348605793954056,2.0249836061047923,0.0,-1.9129389806760106,-0.9281385454793429,0.0,0.6121539372017868,-1.2616792335058293,8.93392710921031,64.74396555513634,73.67789266434666
4.109999999999769,7.23,3.6152274392504458,3.189995754383596,2.7927060649258344,-2.1313306659782887,4.09153993276787,-3.1773156491437207,0.0,0.04252366437863442,2.023111458951159,0.0,-1.9119911235242457,-0.9440268501589151,0.0,0.624356355071985,-1.2645443385562944,8.985812433623556,64.69183411779134,73.6776465514149
4.111999999999769,7.23,3.620821061135127,3.1857267127397892,2.800928996143333,-2.1377238745801495,4.131068877710703,-3.216005862778727,0.0,0.03870068558702139,2.0212074240874838,0.0,-1.9109761761734876,-0.9600265275980407,0.0,0.6366947362482483,-1.2673696377011947,9.038527366737437,64.63887161601602,73.67739898275346
4.113999999999769,7.23,3.626431206638607,3.181444806843961,2.809229027826032,-2.1441951467328613,4.16863014820753,-3.2553822737007865,0.0,0.0348798046317324,2.01927127715046,0.0,-1.9098931119197433,-0.9761391860057899,0.0,0.6491658635317927,-1.270144082962211,9.09207766096284,64.58507227761683,73.67714993857967
4.115999999999769,7.23,3.6320580259858835,3.1771498791844235,2.8176021638742887,-2.1507458730758113,4.2041632430943325,-3.2954630418252124,0.0,0.031061158744951134,2.017302790620602,0.0,-1.9087409382737193,-0.9923663727877299,0.0,0.6617659964901741,-1.2728563600053455,9.146469110434364,64.53043028886324,73.67689939929761
4.1179999999997685,7.23,3.6377016612897872,3.1728417694322397,2.826044288751411,-2.157377480040834,4.237609255667231,-3.336265791577935,0.0,0.027244887107841287,2.0153017339472643,0.0,-1.9075186991186706,-1.0087095711310063,0.0,0.6744908536752391,-1.2754949021921551,9.201707546270852,64.47493979924002,73.67664734551087
4.119999999999768,7.23,3.643362246315412,3.1685203143707406,2.834551170847691,-2.164091428732552,4.268911048955956,-3.377807563181776,0.0,0.023431130775646125,2.013267873680471,0.0,-1.9062254768659088,-1.0251701966230327,0.0,0.6873355952499217,-1.278047905741038,9.257798831676592,64.41859492635888,73.67639375803547
4.121999999999768,7.23,3.6490399062516254,3.164185347827382,2.8431184661956777,-2.1708892137111544,4.298013431576906,-3.4201047638350044,0.0,0.019620032598482273,2.0112009736094567,0.0,-1.9048603946022382,-1.0417495939142387,0.0,0.7002948061007168,-1.2805033459861632,9.314748856888816,64.36138976102376,73.67613861791257
4.123999999999768,7.23,3.6547347574903637,3.1598367006081305,2.85174172253719,-2.177772361677574,4.3248633335149425,-3.463173118965646,0.0,0.015811737137854553,2.009100794907832,0.0,-1.9034226182234661,-1.0584490334355254,0.0,0.713362479515052,-1.2828489947160362,9.372563533977775,64.30331837244336,73.67588190642113
4.125999999999768,7.23,3.6604469074144075,3.15547420043458,2.860416383741264,-2.1847424300614113,4.349409981159288,-3.5070276237527387,0.0,0.012006390578921444,2.0069670962852513,0.0,-1.901911358547922,-1.0752697081811837,0.0,0.7265320015049315,-1.2850724385680834,9.43124879150633,64.244374813584,73.67562360509034
4.127999999999767,7.23,3.6661764541943462,3.151097671883985,2.869137794570846,-2.1918010055123283,4.371605070898896,-3.551682495112677,0.0,0.00820414063855801,2.00479963414544,0.0,-1.900325873403827,-1.092212730568148,0.0,0.7397961358599983,-1.287161098449777,9.490810569056674,64.18455312665523,73.67536369571191
4.129999999999767,7.23,3.6719234865954204,3.146706936332409,2.8779012057946476,-2.1989497022960536,4.39140294056528,-3.597151124355038,0.0,0.004405136469274984,2.002598162750415,0.0,-1.8986654696841951,-1.1092791293824693,0.0,0.7531470100146147,-1.2891022499510163,9.551254811632251,64.12384734871975,73.675102160352
4.131999999999767,7.23,3.6776880837949295,3.142301811901176,2.886701779639129,-2.2061901605965404,4.408760737997629,-3.643446030717284,0.0,0.000609528559068373,2.00036243439072,0.0,-1.8969295053628992,-1.1264698468239012,0.0,0.7665761018145857,-1.2908830447065527,9.612587463943887,64.06225151741918,73.67483898136307
4.133999999999767,7.23,3.6834703152108768,3.1378821134068065,2.895534595574122,-2.2135240447262516,4.423638585995216,-3.6905788159921684,0.0,-0.003182531372721842,1.9980921995614627,0.0,-1.89511739146539,-1.1437857356594205,0.0,0.7800742272697884,-1.2924905326613523,9.674814464589288,63.99975967680572,73.67457414139501
4.1359999999997665,7.23,3.6892702403425153,3.133447652314628,2.904394656424128,-2.220953041246973,4.435999742916305,-3.738560120464511,0.0,-0.00697089048344246,1.995787207143925,0.0,-1.8932285939876101,-1.1612275564963817,0.0,0.793631529379093,-1.2939116851859678,9.737941740136067,63.93636588327018,73.67430762340625
4.137999999999766,7.23,3.695087908623432,3.1289982366962246,2.9132768947958443,-2.228478857003992,4.445810758181707,-3.787399580376111,0.0,-0.0107553949189364,1.9934472045925022,0.0,-1.8912626357565343,-1.1787959751858514,0.0,0.8072374681136726,-1.2951334189832073,9.801975199118823,63.87206421155534,73.67403941067417
4.139999999999766,7.23,3.700923359287796,3.124533671190908,2.922176179810985,-2.2361032170769155,4.453041621943167,-3.837105787138255,0.0,-0.014535889929015666,1.9910719381266946,0.0,-1.8892190982258374,-1.1964915603664181,0.0,0.8208808116439262,-1.296142620721789,9.86692072596123,63.80684876084389,73.67376948680513
4.141999999999766,7.23,3.7067766212503646,3.1200537569713647,2.9310873241319912,-2.2438278626508437,4.457665908184807,-3.887686248510731,0.0,-0.018312219986445943,1.988661152927861,0.0,-1.887097623200189,-1.2143147811585235,0.0,0.8345496288938954,-1.2969261723272036,9.932784174834854,63.74071366090901,73.67349783574386
4.143999999999766,7.23,3.7126477130008264,3.1155582917136346,2.940005091266778,-2.2516545488120503,4.459660910536757,-3.939147351964395,0.0,-0.022084228909312498,1.9862145933404307,0.0,-1.884897914481786,-1.2322660050190015,0.0,0.8482312835050917,-1.2974709768547918,9.999571363466707,63.67365307831571,73.67322444178242
4.145999999999765,7.23,3.7185366425130173,3.1110470695715757,2.9489242031372305,-2.2595850422727493,4.459007770096817,-3.9914943304411983,0.0,-0.025851759986590284,1.983732003077232,0.0,-1.882619739432783,-1.2503454957651368,0.0,0.8619124292891988,-1.2977639848651124,10.06728806690806,63.60566122266019,73.67294928956825
4.147999999999765,7.23,3.7244434071695243,3.1065198811559407,2.9578393478947835,-2.267621119029954,4.455691594576485,-4.044731230721012,0.0,-0.02961465610675129,1.981213125428598,0.0,-1.8802629304474325,-1.2685534117771102,0.0,0.8755790072459693,-1.297792221216953,10.135940011277329,63.53673235283448,73.6726723641118
4.149999999999765,7.23,3.7303679937021523,3.1019765135182005,2.966745187965064,-2.2757645619638462,4.449701568112953,-4.098860884598618,0.0,-0.033372759889222725,1.9786577034748842,0.0,-1.8778273863279367,-1.2868898043871984,0.0,0.8892162442190128,-1.2975428121891674,10.205532867490426,63.46686078330285,73.67239365079328
4.151999999999765,7.23,3.736310378148694,3.097416750139225,2.975636368302298,-2.2840171583814737,4.44103105111841,-4.153884883066976,0.0,-0.03712591381849217,1.976065480302012,0.0,-1.8753130735581103,-1.3053546164635708,0.0,0.9028086532578847,-1.2970030128385046,10.276072244992061,63.39604089037647,73.67211313536853
4.1539999999997645,7.23,3.7422705258264015,3.092840370922927,2.9845075248329587,-2.292380697511978,4.429677669571899,-4.20980355369415,0.0,-0.04087396038065627,1.9734361992196439,0.0,-1.872720027469298,-1.3239476811959126,0.0,0.9163400357499842,-1.2961602344972074,10.347563685501896,63.324267118472434,73.67183080397433
4.155999999999764,7.23,3.748248391322514,3.0882471521949575,2.993353293066968,-2.3008569679599176,4.415643393197233,-4.266615941371218,0.0,-0.04461674220218814,1.9707696039815814,0.0,-1.8700483532931194,-1.3426687210894919,0.0,0.9297934853803843,-1.2950020723111533,10.420012656789593,63.25153398634292,73.67154664313252
4.157999999999764,7.23,3.7542439185021617,3.083636866706532,3.002168316853716,-2.3094477551235966,4.398934602012653,-4.324319792597136,0.0,-0.04835410219069303,1.9680654390079617,0.0,-1.867298227095983,-1.361517347173582,0.0,0.943151393971608,-1.2935163327168078,10.493424546493022,63.17783609326041,73.67126063975343
4.159999999999764,7.23,3.7602570405339004,3.079009283643449,3.0109472572591507,-2.31815483858563,4.379562140784011,-4.382911543453883,0.0,-0.05208588367741085,1.9653234496088159,0.0,-1.8644698965905642,-1.380493058429472,0.0,0.9563954592488513,-1.2916910607533427,10.56780465599397,63.103168125144286,73.67097278113826
4.161999999999764,7.23,3.7662876799331064,3.0743641686403462,3.019684801539332,-2.3269799894832657,4.3575413609626565,-4.442386311411227,0.0,-0.055811930561214584,1.9625433822085534,0.0,-1.861563681819808,-1.3995952414425017,0.0,0.9695066945689662,-1.2895145671048651,10.64315819436583,63.02752486061466,73.67068305498049
4.1639999999997634,7.23,3.7723357486233904,3.0697012838002347,3.028375672185032,-2.335924967866251,4.33289214974233,-4.502737891085583,0.0,-0.059532087453845084,1.9597249845709073,0.0,-1.8585799757093544,-1.418823170281803,0.0,0.9824654406439223,-1.286975454766916,10.719490272407555,62.95090117695866,73.6703914493662
4.165999999999763,7.23,3.7784011480161523,3.065020387719318,3.0370146360113095,-2.3449915200502622,4.305638945924943,-4.563958754061076,0.0,-0.06324619982611979,1.956868006023898,0.0,-1.8555192444847057,-1.4381760066106286,0.0,0.995251379281363,-1.2840626452312198,10.796805896778498,62.873292055995,73.6700979527735
4.167999999999763,7.23,3.7844837691083355,3.0603212355171068,3.0455965132654086,-2.3541813759741155,4.275810742343894,-4.626040052863947,0.0,-0.06695411415483277,1.9539721976843407,0.0,-1.8523820279498244,-1.4576528000292563,0.0,1.0078435491563085,-1.2807654040830854,10.875109964248164,62.794692589822475,73.66980255407064
4.169999999999763,7.23,3.7905834925983957,3.0556035788718034,3.0541161867259,-2.3634962465691416,4.243441074654082,-4.688971629163328,0.0,-0.07065567807007511,1.9510373126814307,0.0,-1.8491689396243232,-1.4772524886516818,0.0,1.020220363619149,-1.2770733659069102,10.954407256075127,62.71509798643811,73.66950524251324
4.171999999999763,7.23,3.7967001890204335,3.050867166060933,3.0625686107656596,-2.3729378211492373,4.208567996360762,-4.752742026252586,0.0,-0.07435074050268387,1.948063106378946,0.0,-1.8458806667368286,-1.4969738999163806,0.0,1.0323596305358176,-1.2729765583969679,11.034702432528915,62.63450357521124,73.66920600774016
4.173999999999762,7.23,3.802833718896396,3.0461117420071626,3.0709488203510804,-2.3825077648301867,4.171234040023361,-4.817338505845854,0.0,-0.07803915183153398,1.9450493365955936,0.0,-1.8425179700726184,-1.5168157516305745,0.0,1.0442385741464546,-1.2684654255729633,11.116000027568562,62.5529048122,73.66890483976856
4.175999999999762,7.23,3.8089839329061888,3.0413370483292503,3.07925193994987,-2.3922077159869084,4.131486164635892,-4.882747069204414,0.0,-0.08172076403037665,1.941995763823031,0.0,-1.8390816836740413,-1.5367766532465452,0.0,1.05583385891912,-1.2635308500027804,11.198304443690889,62.47029728529647,73.66860172898735
4.177999999999762,7.23,3.8151506720754895,3.0365428233980283,3.087473192319833,-2.402039283757278,4.0893756892515265,-4.948952482586949,0.0,-0.08539543081393353,1.9389021514411113,0.0,-1.835572714392843,-1.5568551073676684,0.0,1.0671216153651735,-1.2581641739384677,11.281619946961566,62.38667671918832,73.66829666614989
4.179999999999762,7.23,3.8213337679809976,3.0317288023973292,3.095607907151256,-2.4120040456011576,4.0449582129851525,-5.015938306996951,0.0,-0.08906300778294474,1.9357682659298856,0.0,-1.831992041293919,-1.5770495114809482,0.0,1.078077467772905,-1.2523572192756254,11.365950662241282,62.30203898012397,73.66798964236526
4.1819999999997615,7.23,3.827533042972798,3.0268947173897316,3.1036515295358362,-2.422103544923177,3.9982935215939035,-5.083686932179585,0.0,-0.0927233525678759,1.9325938770779154,0.0,-1.8283407149106274,-1.5973581599119768,0.0,1.0886765638059241,-1.2461023062511256,11.451300568618775,62.21638008046964,73.66768064908841
4.183999999999761,7.23,3.8337483104134704,3.022040297386987,3.1115996282355654,-2.4323392887677033,3.949445480901054,-5.152179614799329,0.0,-0.09637632497098991,1.929378758186461,0.0,-1.8246198563522718,-1.617779245997402,0.0,1.0988936059028254,-1.2393922707993887,11.537673495062332,62.129696183046946,73.66736967810928
4.185999999999761,7.23,3.839979374933511,3.0171652684249795,3.119447903725577,-2.442712745594272,3.898481917393091,-5.221396520708859,0.0,-0.10002178710648424,1.9261226862691112,0.0,-1.8208306562649323,-1.6383108644691355,0.0,1.108702884404717,-1.2322204804932466,11.625073116300216,62.04198360524032,73.66705672154053
4.187999999999761,7.23,3.846226032702594,3.0122693536430463,3.127192195985683,-2.4532253431415585,3.845474486382753,-5.291316771199134,0.0,-0.10365960353840642,1.9228254422464355,0.0,-1.816974373647317,-1.6589510140437556,0.0,1.1180783123275264,-1.224580849001714,11.71350294894026,61.95323882286404,73.6667417718043
4.189999999999761,7.23,3.8524880717161465,3.0073522733674767,3.1348284920161746,-2.4638784663877247,3.7904985281918626,-5.361918493100421,0.0,-0.10728964141605879,1.9194868111352612,0.0,-1.8130523345238851,-1.6796976002097608,0.0,1.1269934616865016,-1.216467849003713,11.802966347837891,61.86345847377983,73.66642482161772
4.19199999999976,7.23,3.8587652720966554,3.002413745198986,3.142352933054433,-2.4746734556146914,3.733632912866501,-5.433178872584461,0.0,-0.11091177060660751,1.9161065822321843,0.0,-1.8090659304779821,-1.7005484382046085,0.0,1.1354216012712552,-1.2078765235039084,11.893466502721278,61.77263936125618,73.66610586397746
4.19399999999976,7.23,3.8650574064090946,2.9974534841039526,3.149761821469974,-2.4856116045835814,3.67495987399317,-5.505074212499104,0.0,-0.11452586382461905,1.912684549290944,0.0,-1.8050166170482715,-1.7215012561727496,0.0,1.1433357357609932,-1.1988024955043144,11.985006435081408,61.68077845706158,73.66578489214298
4.19599999999976,7.23,3.8713642399897976,2.9924712025091855,3.1570516273167373,-2.4966941588282068,3.6145648322375203,-5.577579993048777,0.0,-0.11813179675826024,1.9092205106933067,0.0,-1.800905911992238,-1.742553698495241,0.0,1.1507086460613438,-1.1892419759930384,12.077588995334189,61.58787290428478,73.66546189961898
4.19799999999976,7.23,3.877685531288081,2.987466610399982,3.1642189945227326,-2.507922314073096,3.552536209276769,-5.650670935616987,0.0,-0.12172944819189424,1.9057142696131284,0.0,-1.7967353934210628,-1.7637033292808517,0.0,1.1575129307365064,-1.179191770219563,12.171216860260692,61.49392001987579,73.66513688013649
4.1999999999997595,7.23,3.8840210322198643,2.9824394154212213,3.1712607466985405,-2.5192972147821266,3.4889652328431318,-5.724321069511218,0.0,-0.12531870012481783,1.9021656341732847,0.0,-1.792506697810619,-1.7849476360080798,0.0,1.16372104840343,-1.1686492822341266,12.265892530730977,61.39891729690243,73.6648098276334
4.201999999999759,7.23,3.890370488532512,2.977389322981222,3.1781738925476373,-2.5308199528433732,3.4239457336367787,-5.798503801395805,0.0,-0.1288994378859072,1.89857441759517,0.0,-1.7882215178938212,-1.8062840333069043,0.0,1.1693053609482973,-1.1576125176770968,12.361618329715853,61.302862406517846,73.6644807362337
4.203999999999759,7.23,3.8967336401800896,2.9723160363580927,3.1849556308630786,-2.542491566395308,3.357573934905116,-5.87319198716502,0.0,-0.13247155024393065,1.8949404383405084,0.0,-1.7838816004400004,-1.8277098668687044,0.0,1.1742381774199215,-1.1460800848125388,12.458396400590217,61.20575319963575,73.66414960022597
4.205999999999759,7.23,3.903110221708181,2.9672192568082845,3.1916033550966945,-2.5543130387989668,3.2899482355175738,-5.948358005996512,0.0,-0.13603492951331342,1.8912635202452237,0.0,-1.779488743927391,-1.849222417472326,0.0,1.1784917984497991,-1.1340511938086262,12.55622870573053,61.10758770831053,73.66381641404107
4.207999999999759,7.23,3.9094999626474114,2.962098683677047,3.198114657488645,-2.5662852977601824,3.221168987393955,-6.023973836314937,0.0,-0.13958947165514413,1.8875434926451486,0.0,-1.7750447961151878,-1.8708189051139443,0.0,1.1820385610444575,-1.1215256542757983,12.655117025408082,61.008364146820625,73.6634811722287
4.209999999999758,7.23,3.915902587914779,2.9569540145104907,3.204487332746917,-2.578409214605421,3.1513382681672146,-6.100011133386519,0.0,-0.14313507637323408,1.8837801904933902,0.0,-1.7705516515220743,-1.8924964932280977,0.0,1.1848508835925307,-1.1085038710818351,12.755062956979137,60.90808091245478,73.66314386943391
4.211999999999758,7.23,3.9223178182218885,2.9517849451689377,3.210719381268128,-2.590685603714201,3.0805596499805326,-6.176441308258246,0.0,-0.14667164720504233,1.8799734544691624,0.0,-1.766011248818332,-1.914252292987003,0.0,1.1869013109266444,-1.0949868384709884,12.85606791437139,60.80673658600069,73.66280450037208
4.213999999999758,7.23,3.9287453704891617,2.946591169941253,3.216809011892819,-2.603115222110492,3.008937965331371,-6.253235607749761,0.0,-0.15019909160730716,1.8761231310779587,0.0,-1.7614255681390552,-1.9360833676651452,0.0,1.1881625592787963,-1.080976132522191,12.958133127866008,60.70432993193786,73.66246305980387
4.215999999999758,7.23,3.935184958265088,2.9413723816598276,3.2227546441902524,-2.6156987692149043,2.936579070883541,-6.33036519520206,0.0,-0.15371732103622981,1.8722290727429405,0.0,-1.7567966283262302,-1.9579867370559736,0.0,1.1886075609673372,-1.0664739019888405,13.061259644173207,60.60085989833625,73.66211954250946
4.2179999999997575,7.23,3.9416362921495747,2.936128271815902,3.228554910269564,-2.6284368867588843,2.863589610171236,-6.407801231685455,0.0,-0.15722625102207988,1.8682911378874478,0.0,-1.7521264841076116,-1.9799593819275558,0.0,1.1882095086541948,-1.0514828575698938,13.165448326798408,60.49632561646372,73.66177394326213
4.219999999999757,7.23,3.9480990802204383,2.93085853067489,3.234208656115991,-2.6413301588615368,2.790076776116654,-6.485514957368391,0.0,-0.160725801238099,1.8643091910085756,0.0,-1.747417223220643,-2.001998248503987,0.0,1.1869418990121987,-1.0360062596688144,13.270699856695419,60.39072640010609,73.6614262568015
4.221999999999757,7.23,3.954573028462101,2.9255628473913955,3.2397149424527054,-2.6543791122690985,2.7161480742755164,-6.563477772750706,0.0,-0.1642158955636076,1.860283102741767,0.0,-1.7426709634897233,-2.0241002529595007,0.0,1.184778575644762,-1.0200479047033402,13.377014733201976,60.284061744604514,73.66107647780649
4.223999999999757,7.23,3.961057841195532,2.9202409101235807,3.2450730451306224,-2.667584216756498,2.6419110877126215,-6.641661319467765,0.0,-0.1676964621412238,1.8562127499164234,0.0,-1.737889849865302,-2.046262285912288,0.0,1.1816937711032531,-1.0036121100349615,13.484393275252266,60.17633132561559,73.66072460086787
4.225999999999757,7.23,3.9675532215085054,2.9148924061465737,3.2502824550503258,-2.6809458856898525,2.5674732443919233,-6.7200375603770395,0.0,-0.17116743342813157,1.8520980156025275,0.0,-1.7330760514333354,-2.0684812169052993,0.0,1.1776621478515426,-0.9867036975924803,13.592835622860196,60.06753499760019,73.66037062046038
4.227999999999756,7.23,3.9740588716852328,2.9095170219645916,3.255342877622009,-2.694464476748188,2.4929415879441708,-6.798578858644994,0.0,-0.17462874624134284,1.847938789148342,0.0,-1.7282317584037366,-2.0907538988614665,0.0,1.172658838032022,-0.9693279762689317,13.70234173886666,59.95767279204858,73.66001453091523
4.229999999999756,7.23,3.980574493634465,2.9041144434214603,3.260254231771028,-2.708140292802101,2.418422552648206,-6.877258055560724,0.0,-0.1780803417969241,1.8437349662092177,0.0,-1.723359179086358,-2.1130771725011708,0.0,1.1666594818932192,-0.9514907231755163,13.81291141094282,59.84674491544889,73.65965632639171
4.231999999999756,7.23,3.9870997893151556,2.898684355809226,3.2650166484983028,-2.7219735829465566,2.3440217434314903,-6.9560485468120286,0.0,-0.18152216574317148,1.8394864487676292,0.0,-1.718460536863157,-2.1354478707100406,0.0,1.1596402647455426,-0.933198163840052,13.924544253841484,59.73475174700795,73.65929600084944
4.233999999999756,7.23,3.9936344611588095,2.8932264439745454,3.2696304690063855,-2.7359645436844873,2.269843721660637,-7.034924356971088,0.0,-0.18495416818772625,1.8351931451445256,0.0,-1.7135380671649547,-2.157862822845625,0.0,1.151577952318947,-0.9144569514405848,14.0372397118872,59.621693836133026,73.65893354802023
4.2359999999997555,7.23,4.0001782124876595,2.887740392422566,3.2740962424035094,-2.750113320257373,2.1959917974538334,-7.1138602119492935,0.0,-0.18837630371866598,1.8308549700021384,0.0,-1.7085940144612453,-2.1803188589718974,0.0,1.1424499244041852,-0.8952741451675222,14.150997061695817,59.50757189968438,73.6585689613802
4.237999999999755,7.23,4.00673074792784,2.8822258854179967,3.2784147229993645,-2.7644200081185084,2.122567829205539,-7.192831609194528,0.0,-0.1917885314195844,1.8264718443384034,0.0,-1.7036306292712387,-2.202812814011025,0.0,1.1322342066677515,-0.8756571878095808,14.265815415113186,59.39238681900855,73.65820223412173
4.239999999999755,7.23,4.013291773816757,2.876682607083097,3.2825868672076757,-2.7788846545442327,2.0496720309681287,-7.271814885419001,0.0,-0.19519081487872936,1.822043695473174,0.0,-1.6986501652042885,-2.225341531802353,0.0,1.120909500539683,-0.8556138826603711,14.381693722362737,59.27613963676356,73.6578333591263
4.241999999999755,7.23,4.019860998603884,2.8711102414923073,3.2866138300718992,-2.7935072603779774,1.977402788287736,-7.350787281661995,0.0,-0.19858312219225271,1.8175704570264082,0.0,-1.6936548760374255,-2.2479018690591306,0.0,1.1084552110828125,-0.8351523698431145,14.498630775390463,59.15883155354618,73.65746232893665
4.243999999999755,7.23,4.026438133244243,2.865508472763266,3.2904969614315074,-2.808287781901626,1.9058564830408302,-7.429727005508212,0.0,-0.20196542596166145,1.8130520688885579,0.0,-1.6886470128377176,-2.2704906992140175,0.0,1.0948514727619862,-0.8142811021514047,14.616625211396254,59.04046392433363,73.65708913572988
4.245999999999754,7.23,4.033022891583883,2.859876985143958,3.2942378017473604,-2.823226132828332,1.8351273277661235,-7.508613290300354,0.0,-0.20533770328556056,1.8084884771833853,0.0,-1.68362882113671,-2.293104916145107,0.0,1.0800791730419177,-0.7930088205034425,14.735675516539725,58.92103825475109,73.65671377129081
4.247999999999754,7.23,4.039614990736673,2.854215463095762,3.297838077605609,-2.8383221864106303,1.765307209931981,-7.587426451202759,0.0,-0.20869993574580725,1.8038796342234509,0.0,-1.6786025381639713,-2.3157414377747467,0.0,1.0641199737528033,-0.7713445291063544,14.855780029808427,58.80055619717707,73.6563362269855
4.249999999999754,7.23,4.046214151451807,2.848523591372176,3.3012996969203923,-2.8535757776574284,1.696485546524614,-7.666147937991333,0.0,-0.2120521093881943,1.7992254984585396,0.0,-1.673570390146458,-2.338397209534115,0.0,1.0469563301734408,-0.7492974704258033,14.976936947036348,58.67901954669915,73.6559564937355
4.251999999999754,7.23,4.052820098471423,2.842801055092996,3.3046247438563094,-2.8689867056532092,1.6287491492859925,-7.744760384464546,0.0,-0.2153942146978034,1.7945260344172935,0.0,-1.6685345896799817,-2.3610692076871826,0.0,1.0285715077922675,-0.7268771000541001,15.099144325060063,58.55643023693228,73.65557456199234
4.2539999999997535,7.23,4.0594325608778155,2.837047539813772,3.3078154734922505,-2.884554735972607,1.5621821008739722,-7.823247654389185,0.0,-0.21872624656917805,1.7897812126423458,0.0,-1.663497333178748,-2.3837544425083284,0.0,1.0089495967174884,-0.7040930615677086,15.222400086000178,58.432790335712596,73.65519042171277
4.255999999999753,7.23,4.066051272429725,2.831262731590334,3.3108743062486514,-2.9002796031833493,1.4968656421603197,-7.901594883914141,0.0,-0.2220482042714791,1.7849910096192463,0.0,-1.658460798408516,-2.4064499613085646,0.0,0.9880755237180864,-0.6809551614621301,15.346702021655268,58.30810204067899,73.65480406233425
4.257999999999753,7.23,4.072675971887268,2.8254463170382365,3.3138038221006196,-2.916161013430458,1.432878070825962,-7.9797885204048296,0.0,-0.22536009140879365,1.7801554076994945,0.0,-1.6534271421085085,-2.4291528513060094,0.0,0.9659350618881025,-0.6574733442489566,15.472047797995888,58.18236767475555,73.65441547275144
4.259999999999753,7.23,4.0793064033250985,2.8195979833869576,3.3166067545996394,-2.93219864709451,1.3702946513571046,-8.057816357670003,0.0,-0.22866191587578155,1.7752743950179857,0.0,-1.6483984977067656,-2.4518602423369,0.0,0.9425148379368242,-0.6336576677961882,15.598434959745774,58.055589681547104,73.65402464129288
4.261999999999753,7.23,4.085942316433441,2.813717418528713,3.319285984726713,-2.9483921615167397,1.309187536490984,-8.135667567571605,0.0,-0.2319536898088479,1.7703479654051988,0.0,-1.643376973133224,-2.4745693094041186,0.0,0.9178023371176967,-0.6095182789890333,15.72586093503787,57.92777062066073,73.6536315556986
4.263999999999752,7.23,4.092583466806679,2.807804311061759,3.3218445345998453,-2.964741193783745,1.2496257001067401,-8.213332728026792,0.0,-0.23523542953304266,1.7653761182944536,0.0,-1.6383646487343273,-2.497277275060872,0.0,0.8917859058184554,-0.5850653897841054,15.854323040132751,57.79891316296553,73.65323620309829
4.265999999999752,7.23,4.0992296162192305,2.801858350328073,3.324285561058709,-2.9812453635646174,1.1916748815049434,-8.290803847429315,0.0,-0.23850715550489643,1.760358858624563,0.0,-1.6333635752925142,-2.519981411627793,0.0,0.8644547518443876,-0.5603092537254409,15.983818484187115,57.66902008580289,73.65283856999001
4.267999999999752,7.23,4.105880532888492,2.795879226445313,3.3266123491491753,-2.9979042759933625,1.1353975409697428,-8.368074385534461,0.0,-0.2417688922513982,1.755296196738221,0.0,-1.628375772153519,-2.5426790432423787,0.0,0.8357989424355547,-0.5352601429860668,16.114344374060416,57.538094268159384,73.6524386422198
4.269999999999752,7.23,4.1125359917246715,2.7898666303329733,3.3288283055301253,-3.0147175245896096,1.0808528264597306,-8.44513927086886,0.0,-0.2450206683053423,1.7501881482764614,0.0,-1.6234032254639077,-2.565367547740273,0.0,0.8058094000672938,-0.5099283259939419,16.24589771914773,57.40613868581414,73.65203640496188
4.2719999999997516,7.23,4.119195774567368,2.7838202537326655,3.3309369518246106,-3.031684694210727,1.0280965512286464,-8.521994914741805,0.0,-0.24826251613725658,1.7450347340695163,0.0,-1.6184478865208116,-2.58804435836856,0.0,0.7744778960912486,-0.48432404569607596,16.378475436227422,57.27315640647194,73.65163184269936
4.273999999999751,7.23,4.125859670408824,2.7777397892224696,3.3329419179369855,-3.0488053640286346,0.9771811821344353,-8.598639221949929,0.0,-0.2514944720841501,1.739835980024424,0.0,-1.6135116702354746,-2.6107069653316923,0.0,0.7417970422815353,-0.45845749850954576,16.51207435431245,57.139150584893585,73.65122493920603
4.275999999999751,7.23,4.1325274756037915,2.7716249302253124,3.3348469353571164,-3.0660791105248086,0.9281558383557109,-8.675071598281052,0.0,-0.25471657627529565,1.734591917009703,0.0,-1.6085964537115982,-2.6333529171713383,0.0,0.7077602803575344,-0.4323388140029467,16.646691219494326,57.00412445803413,73.65081567752846
4.277999999999751,7.23,4.139198994066014,2.7654753710113433,3.3366558304721674,-3.0835055104971913,0.8810663001978297,-8.751292954935936,0.0,-0.2579288725552916,1.7293025807374334,0.0,-1.6037040749392266,-2.655979821981881,0.0,0.672361869560872,-0.4059780353466416,16.782322699769406,56.86808134019935,73.65040403996876
4.279999999999751,7.23,4.145874037451351,2.7592908066942887,3.3383725179057993,-3.101084144072969,0.8359550276376276,-8.827305709998539,0.0,-0.26113140840462135,1.7239680116430753,0.0,-1.59883633160438,-2.6785853484638107,0.0,0.6355968723697951,-0.3793851005650232,16.91896538983752,56.73102461823102,73.64999000806854
4.2819999999997505,7.23,4.152552425327631,2.753070933221781,3.3400009939038804,-3.118814597721456,0.7928611882254152,-8.903113787096576,0.0,-0.2643242348579491,1.7185882547633324,0.0,-1.59399498001422,-2.7011672268177214,0.0,0.5974611384390275,-0.3525698246188801,17.05661581586301,56.59295774672977,73.64957356259279
4.28399999999975,7.23,4.159233985331331,2.7468154473596633,3.3415453297850206,-3.136696467261617,0.7518206939361186,-8.978722611403567,0.0,-0.26750740642038306,1.713163359612388,0.0,-1.5891817341372163,-2.7237232494820303,0.0,0.5579512868574558,-0.32554188234096243,17.195270440189272,56.4538842433255,73.64915468351477
4.28599999999975,7.23,4.16591855331124,2.740524046670294,3.3430096654734,-3.1547293608590676,0.7128662465379145,-9.054139103142425,0.0,-0.2706809809819324,1.7076933800568206,0.0,-1.5843982647573562,-2.7462512717179517,0.0,0.5170646868195756,-0.29831079224289553,17.33492566599804,56.313807684003606,73.64873335000165
4.28799999999975,7.23,4.172605973459286,2.734196429484867,3.3443982031304746,-3.1729129020077194,0.6760273910265827,-9.129371668758163,0.0,-0.27384501973038355,1.7021783741894942,0.0,-1.5796461987410495,-2.768749212045608,0.0,0.474799436809636,-0.27088590120685085,17.475577841904965,56.172731698495326,73.64830954040029
4.28999999999975,7.23,4.179296098428736,2.7278322948697897,3.3457152009012314,-3.1912467324915887,0.6413305766570594,-9.204430189933689,0.0,-0.27699958706282324,1.6966184042027277,0.0,-1.5749271184151037,-2.7912150525354975,0.0,0.4311543423996699,-0.24327637007074907,17.61722326648393,56.03065996574006,73.64788323222399
4.291999999999749,7.23,4.185988789440014,2.7214313425871612,3.3469649667896992,-3.2097305153226263,0.608799225090326,-9.279326010627964,0.0,-0.28014475049602794,1.6910135362610172,0.0,-1.5702425610537913,-2.8136468389598295,0.0,0.38612889276431517,-0.2154911601113559,17.759858192712798,55.88759620942673,73.64745440213953
4.293999999999749,7.23,4.192683916374414,2.714993273049401,3.348151852677463,-3.228363937650799,0.5784538051636106,-9.35407192232015,0.0,-0.28328058057593297,1.6853638403735953,0.0,-1.5655940184727049,-2.8360426808084878,0.0,0.3397232360163963,-0.18753902042540418,17.90347883233367,55.743544193621105,73.64702302595478
4.295999999999749,7.23,4.199381357856003,2.708517787268089,3.349280248497924,-3.2471467136430205,0.5503119137849438,-9.428682147646432,0.0,-0.28640715078639445,1.6796693902670852,0.0,-1.5609829367268806,-2.858400751174654,0.0,0.2919381534676677,-0.15942847620485315,18.048081360121614,55.59850771848507,73.64658907860668
4.297999999999749,7.23,4.206081001322037,2.7020045867970803,3.350354576578056,-3.2660785873279075,0.5243883624494184,-9.503172322618582,0.0,-0.28952453745745,1.6739302632585167,0.0,-1.5564107159103693,-2.880719286515238,0.0,0.24277503291906882,-0.13116781789864018,18.19366191805586,55.45249061609401,73.64615253414988
4.2999999999997485,7.23,4.2127827430822355,2.6954533736699684,3.351379286158396,-3.28515933540371,0.5006952688734115,-9.577559477614356,0.0,-0.2926328196732776,1.6681465401289355,0.0,-1.5518787100542168,-2.9029965862915246,0.0,0.19223584108416347,-0.10276509124972166,18.340216619388457,55.30549674635697,73.64571336574542
4.301999999999748,7.23,4.219486488367289,2.6888638503319697,3.352358848101005,-3.3043887700071566,0.4792421532452902,-9.651862017330492,0.0,-0.2957320791800433,1.6623183049978487,0.0,-1.547388227119594,-2.925231012495492,0.0,0.14032309524829903,-0.0742280881929266,18.48774155260533,55.157529993044726,73.64527154565005
4.303999999999748,7.23,4.226192151366969,2.6822357195663122,3.3532977497941285,-3.3237667414413243,0.46003603859562103,-9.72609969988803,0.0,-0.2988224002938332,1.6564456451987275,0.0,-1.5429405290826956,-2.9474209890674024,0.0,0.08703983426433222,-0.045564338596086364,18.636232785275737,55.00859425992987,73.6448270452056
4.305999999999748,7.23,4.232899655258257,2.6755686844152096,3.354200490261311,-3.34329314086103,0.4430815547970577,-9.800293615278912,0.0,-0.3019038698088391,1.6505286511557813,0.0,-1.5385368321077646,-2.9695650012103343,0.0,0.032389588983781234,-0.01678110282417411,18.785686367786184,54.85869346704273,73.64437983482891
4.307999999999748,7.23,4.2396089322239,2.6688624480955094,3.35507157548174,-3.36296790291461,0.4283810457138517,-9.874466163340314,0.0,-0.3049765769059779,1.644567416262194,0.0,-1.5341783068045576,-2.9916615946073337,0.0,-0.023623647780378787,0.012114634896399698,18.93609833695543,54.70783154704614,73.64392988400157
4.309999999999747,7.23,4.246319923461821,2.6621167139091004,3.3559155139276458,-3.3827910083413326,0.41593467903230674,-9.948641031440761,0.0,-0.30804061306210495,1.638562036760027,0.0,-1.5298660785663718,-3.013709374546941,0.0,-0.08099545166578641,0.04111617233837513,19.087464719527908,54.55601244173237,73.64347716126028
4.311999999999747,7.23,4.2530325791858274,2.655331185148171,3.356736812323662,-3.4027624865240425,0.40574055831745437,-10.022843172058485,0.0,-0.31109607195998323,1.6325126116219515,0.0,-1.525601227984759,-3.0357070049627546,0.0,-0.13972099745751604,0.07021709438624071,19.239781535542903,54.403240098643984,73.64302163418688
4.313999999999747,7.23,4.2597468586180645,2.6485055649954066,3.3575399716321614,-3.4228824179970028,0.39779483685648426,-10.097098780428814,0.0,-0.3141430493991554,1.6264192424349875,0.0,-1.5213847913368694,-3.0576532073927485,0.0,-0.19979508998291595,0.09941127742965326,19.393044801577755,54.24951846782112,73.64256326939888
4.315999999999747,7.23,4.266462729973666,2.641639556419217,3.358329483267711,-3.443150936909246,0.3920918328666448,-10.171435272432936,0.0,-0.31718164320785536,1.6202820332863959,0.0,-1.5172177611414017,-3.079546759863919,0.0,-0.26121219512163757,0.12869289306806778,19.547250533863323,54.09485149867626,73.64210203253958
4.3179999999997465,7.23,4.273180170438066,2.6347328620640784,3.3591098255429683,-3.463568233444081,0.3886241456636973,-10.245881262895768,0.0,-0.3202119531561043,1.6141010906518756,0.0,-1.513101086779083,-3.101386495707822,0.0,-0.32396647085195607,0.15805641115819813,19.702394751270663,53.93924313699796,73.64163788826862
4.319999999999746,7.23,4.279899166137435,2.627785184136082,3.3598854603475545,-3.4841345561957437,0.3873827724066958,-10.320466544455535,0.0,-0.3232340808701024,1.6078765232861887,0.0,-1.509035675173573,-3.123171302312424,0.0,-0.38805179825878944,0.1874966022370274,19.858473478168094,53.78269732208396,73.64117080025206
4.321999999999746,7.23,4.2866197121027065,2.6207962242837715,3.3606608300606906,-3.504850214504489,0.38835722505548864,-10.39522206716239,0.0,-0.32624812974804474,1.601608442116346,0.0,-1.50502239152872,-3.1449001198155817,0.0,-0.4534618124330975,0.21700853935387576,20.015482747148223,53.62521798400425,73.64070073115248
4.323999999999746,7.23,4.293341812227666,2.613765683474347,3.3614403546976703,-3.5257155807517346,0.3915356471988798,-10.470179918958033,0.0,-0.3292542048774567,1.5952969601374583,0.0,-1.5010620601180982,-3.1665719397453573,0.0,-0.5201899331969566,0.24658759934571747,20.17341860162492,53.466809040994136,73.64022764261905
4.325999999999746,7.23,4.300065479221562,2.606693261865321,3.362228429289597,-3.54673109261717,0.3969049304336209,-10.54537330718243,0.0,-0.3322524129541701,1.588942192311356,0.0,-1.4971554651228542,-3.1881858036121686,0.0,-0.5882293955931058,0.2762294635903417,20.332277098300473,53.3074743969768,73.63975149527727
4.327999999999745,7.23,4.306790734556711,2.5995786586716942,3.3630294214951775,-3.56789725530002,0.4044508299968877,-10.620836541248439,0.0,-0.33524286220300636,1.5825442554680655,0.0,-1.4933033515138225,-3.2097408014576816,0.0,-0.6575732800824599,0.3059301182722063,20.492054309503363,53.147217939214826,73.63927224871819
4.329999999999745,7.23,4.313517608411558,2.5924215720287243,3.3638476694428014,-3.589214643706944,0.4141580793779999,-10.696605016619213,0.0,-0.33822566230027584,1.5761032682102327,0.0,-1.4895064259740993,-3.2312360703651355,0.0,-0.7282145423977857,0.3356858541959515,20.652746325397757,52.986043536089966,73.63878986148772
4.331999999999745,7.23,4.3202461396096465,2.5852216988503476,3.3646874798006183,-3.610683904609293,0.4260105036583403,-10.772715200217695,0.0,-0.3412009242981522,1.5696193508205556,0.0,-1.485765357858227,-3.252670792935604,0.0,-0.8001460430064335,0.3654932661824514,20.814349256065622,52.823955035009725,73.63830429107534
4.333999999999745,7.23,4.326976375554959,2.577978734683316,3.365553126071826,-3.632305758772729,0.43999113135148843,-10.84920461739224,0.0,-0.344168760551003,1.5630926251722994,0.0,-1.4820807801842695,-3.2740441957345348,0.0,-0.8733605761396522,0.3953492520820542,20.976859233462882,52.660956260439505,73.6378154939024
4.3359999999997445,7.23,4.333708372164063,2.5706923735570992,3.366448847111971,-3.654081003062426,0.45608230453881476,-10.926111840556796,0.0,-0.34712928464373416,1.5565232146429402,0.0,-1.4784532906552073,-3.295355547712673,0.0,-0.9478508983507228,0.42525101143936006,21.14027241325132,52.497051012058606,73.63732342530993
4.337999999999744,7.23,4.340442193795519,2.5633623078295997,3.367378845864657,-3.6760105125273226,0.47426578711862727,-11.003476479619355,0.0,-0.3500826113222002,1.5499112440309912,0.0,-1.4748834527060963,-3.316604158605294,0.0,-1.0236097565686801,0.45519604384338896,21.304584976507694,52.33224306303822,73.63682803954592
4.339999999999744,7.23,4.34717791317697,2.5559882280287143,3.368347288311737,-3.6980952424671107,0.49452287100940684,-11.08133917430712,0.0,-0.3530288564257368,1.543256839476052,0.0,-1.4713717965736874,-3.3377893773134546,0.0,-1.1006299156189026,0.4851821469964634,21.46979313131263,52.16653615843951,73.63632928975214
4.341999999999744,7.23,4.353915611330344,2.548569822689777,3.369358302633746,-3.720336230485859,0.5168344801701291,-11.159741588492777,0.0,-0.35596813682184836,1.5365601283821042,0.0,-1.4679188203851972,-3.3589105902707215,0.0,-1.178904185186212,0.5152074145344365,21.635893114220757,51.99993401372942,73.63582712795018
4.343999999999744,7.23,4.360655377495585,2.541106778188905,3.3704159785760943,-3.7427345985363707,0.5411812723218151,-11.238726406621824,0.0,-0.3589005703430901,1.5298212393440926,0.0,-1.464524991263145,-3.379967219798689,0.0,-1.2584254462004654,0.5452702336302021,21.802881191614887,51.832440313411944,73.63532150502684
4.345999999999743,7.23,4.367397309053314,2.5335987785722622,3.371524367016325,-3.7652915549595813,0.5675437382760155,-11.318337332337103,0.0,-0.36182627572617754,1.5230403020777956,0.0,-1.4611907464433016,-3.4009587224542956,0.0,-1.3391866766286986,0.5753692824116037,21.97075366094655,51.664058709772235,73.63481237071878
4.347999999999743,7.23,4.374141511446826,2.5260455053812434,3.3726874797275714,-3.7880083965234776,0.5959022987959216,-11.398619089393607,0.0,-0.36474537255333717,1.5162174473530179,0.0,-1.4579164944028915,-3.4218845873717894,0.0,-1.4211809766619918,0.60550352722402,22.139506851865256,51.49479282173135,73.63429967359662
4.349999999999743,7.23,4.380888098103806,2.518446637473578,3.373909289333225,-3.8108865104662133,0.6262373989357463,-11.47961742495337,0.0,-0.36765798119592596,1.5093528069300892,0.0,-1.4547026159963645,-3.44274433460195,0.0,-1.5044015932889852,0.6356722197669711,22.30913712723939,51.32464623380825,73.63378336104765
4.351999999999743,7.23,4.387637190358135,2.51080185084034,3.3751937294477266,-3.8339273765482655,0.6585295998228176,-11.561379115348139,0.0,-0.37056422276032386,1.5024465134996958,0.0,-1.4515494655962253,-3.463537513450944,0.0,-1.5888419442517732,0.6658748941332042,22.479640884071266,51.15362249518698,73.63326337925824
4.3539999999997425,7.23,4.394388917372171,2.5031108184188398,3.3765446949983478,-3.8571325691186584,0.6927596678651307,-11.643951974395389,0.0,-0.3734642190361154,1.4954987006260287,0.0,-1.448457372236533,-3.484263700820989,0.0,-1.674495641383424,0.6961113637777366,22.651014554309285,50.98172511888578,73.63273967319506
4.355999999999742,7.23,4.401143416059838,2.4953732099013655,3.3779660427228158,-3.88050375920044,0.7289086613843286,-11.72738486435202,0.0,-0.3763580924465558,1.4885095026932489,0.0,-1.445426640756807,-3.504922499554782,0.0,-1.7613565133297369,0.7263817184433384,22.823254605559878,50.80895758102532,73.63221218658519
4.357999999999742,7.23,4.407900831010888,2.4875886915397283,3.379461591837639,-3.9040427166007747,0.7669580146908047,-11.81172770958918,0.0,-0.37924596600132465,1.4814790548552532,0.0,-1.4424575529442822,-3.5255135367854358,0.0,-1.8494186276611464,0.7566863210680185,22.99635754170232,50.63532332019305,73.63168086189538
4.359999999999742,7.23,4.414661314416668,2.479756925945561,3.3810351248720516,-3.927751312051177,0.8068896196332318,-11.897031513071369,0.0,-0.3821279632515635,1.474407492988742,0.0,-1.4395503686725848,-3.5460364622934355,0.0,-1.9386763123836368,0.7870258046990523,23.170319903409098,50.460825736901015,73.63114564031011
4.361999999999742,7.23,4.421425025997711,2.471877571886299,3.3826903886625694,-3.9516315193835747,0.8486859046697747,-11.983348375723542,0.0,-0.38500420824717696,1.4672949536495565,0.0,-1.436705327034988,-3.5664909468719754,0.0,-2.0291241768605164,0.8174010694371284,23.345138268574846,50.28546819313363,73.63060646170848
4.363999999999741,7.23,4.428192132933475,2.4639502840767675,3.3844310955032606,-3.9756854177480663,0.8923299115224319,-12.07073151877056,0.0,-0.3878748254964095,1.460141574032284,0.0,-1.4339226474707096,-3.586876680701754,0.0,-2.120757132159543,0.847813279433305,23.52080925265693,50.10925401198313,73.63006326464006
4.365999999999741,7.23,4.434962809794538,2.455974712966292,3.3862609244469692,-3.9999151938784006,0.9378053694891572,-12.159235309135477,0.0,-0.3907399399276478,1.4529474919330925,0.0,-1.4312025308825942,-3.607193371736195,0.0,-2.213570410842529,0.8782638599604141,23.69732950893009,49.932186477368965,73.62951598629905
4.367999999999741,7.23,4.441737238477534,2.4479505045212178,3.3881835227528923,-4.024323144411385,0.9850967675010804,-12.248915287984753,0.0,-0.39359967685346253,1.4457128457157995,0.0,-1.4285451607450161,-3.6274407440977856,0.0,-2.307559586216899,0.9087544945798458,23.874695728658644,49.754268833839035,73.62896456249769
4.369999999999741,7.23,4.448515608143139,2.4398773000027356,3.390202507476098,-4.048911678266609,1.0341894240239333,-12.33982820251216,0.0,-0.3964541619368521,1.4384377742811199,0.0,-1.4259507042006128,-3.6476185364861005,0.0,-2.4027205910709464,0.939287122423577,24.052904641188558,49.57550428644921,73.62840892763776
4.3719999999997405,7.23,4.455298115157358,2.4317547357398817,3.3923214671947823,-4.073683319093048,1.0850695549138134,-12.4320320410563,0.0,-0.3993035211596613,1.4311224170390964,0.0,-1.4234193131448438,-3.667726500597866,0.0,-2.4990497359166635,0.9698639356106439,24.23195301396249,49.39589600071854,73.62784901468103
4.37399999999974,7.23,4.46208496303642,2.423582442897571,3.3945439638712913,-4.0986407077893245,1.1377243393481544,-12.52558607165123,0.0,-0.40214788079316555,1.4237669138846745,0.0,-1.4209511252974316,-3.6877643995592124,0.0,-2.5965437267659497,1.0004873768164435,24.41183765246034,49.21544710265745,73.62728475511778
4.37599999999974,7.23,4.468876362395509,2.415360047239512,3.3968735348431873,-4.123786605104586,1.1921419839622565,-12.620550884114886,0.0,-0.4049873673707778,1.4163714051764018,0.0,-1.4185462652597969,-3.7077320063701453,0.0,-2.6951996824678237,1.03116013701246,24.592555400068132,49.03416067886612,73.62671607893425
4.37799999999974,7.23,4.475672530901614,2.4070871688858304,3.3993136949409117,-4.149123894327189,1.2483117853313255,-12.716988435785707,0.0,-0.4078221076628582,1.4089360317182225,0.0,-1.416204845557824,-3.727629102361052,0.0,-2.7950151516360435,1.061885153393436,24.774103137877766,48.85203977670015,73.62614291457791
4.37999999999974,7.23,4.482473693230734,2.3987634220652247,3.401867938728878,-4.174655584068604,1.3062241909465158,-12.814962101024808,0.0,-0.4106522286535933,1.4014609347443518,0.0,-1.4139269676693507,-3.747455475660898,0.0,-2.8959881291980247,1.0926656075083208,24.956477784420223,48.66908740450127,73.62556518892148
4.381999999999739,7.23,4.489280081029691,2.3903884148614516,3.4045397428671427,-4.200384811150192,1.3658708588419837,-12.9145367246083,0.0,-0.41347785751991806,1.393946255907204,0.0,-1.4117127230359021,-3.7672109196765993,0.0,-2.998117072597492,1.123504923610801,25.139676295334432,48.48530653189049,73.62498282722493
4.383999999999739,7.23,4.49609193288278,2.381961748953926,3.4073325685911175,-4.2263148436007665,1.4272447160376331,-13.015778679143006,0.0,-0.4162991216124353,1.38639213726834,0.0,-1.4095621940582725,-3.786895231582946,0.0,-3.10140091768472,1.1544067672446936,25.32369566297458,48.300700090120856,73.62439575309543
4.385999999999739,7.23,4.502909494283492,2.373483019352211,3.410249864307125,-4.252449083773125,1.4903400159700013,-13.118755926647868,0.0,-0.4191161484383228,1.3787987212924413,0.0,-1.407475455075747,-3.806508210822197,0.0,-3.2058390943293382,1.1853750440790969,25.50853291595771,48.115270972488204,73.6238038884459
4.387999999999739,7.23,4.509733017611554,2.364951814124149,3.4132950683019536,-4.27879107158804,1.5551523950909816,-13.223538084453699,0.0,-0.4219290656461766,1.3711661508442616,0.0,-1.4054525733287437,-3.8260496576123932,0.0,-3.311431541792101,1.2164138990077813,25.69418511865397,47.92902203479704,73.623207153451
4.3899999999997386,7.23,4.516562762115488,2.3563677141173662,3.416471611564934,-4.305344487914501,1.6216789288209463,-13.33019649558505,0.0,-0.4247380010127586,1.3634945691885647,0.0,-1.4034936099048076,-3.8455193714632885,0.0,-3.4181787238930657,1.2475277155270172,25.880649370621576,47.74195609587971,73.62260546650128
4.391999999999738,7.23,4.523398993900931,2.3477302926738783,3.419782920721435,-4.332113158095344,1.6899181870502098,-13.438804303800199,0.0,-0.4275430824316254,1.355784119993014,0.0,-1.4015986206679802,-3.864917149698556,0.0,-3.5260816440146,1.2787211154058011,26.06792280598839,47.55407593816664,73.62199874415504
4.393999999999738,7.23,4.5302419859249365,2.339039115337488,3.4232324210770795,-4.359101055627785,1.7598702893891613,-13.549436533478541,0.0,-0.4303444379035998,1.348034947334024,0.0,-1.3997676571716782,-3.8842427859828788,0.0,-3.6351418599788783,1.3099989586623537,26.25600259278189,47.365384308306176,73.62138690108807
4.395999999999738,7.23,4.537092017996469,2.3302937395536585,3.4268235397723776,-4.386312306008733,1.831536960374681,-13.662170174559172,0.0,-0.433142195529047,1.3402471957055409,0.0,-1.3980007675551844,-3.903496068852335,0.0,-3.7453614988403707,1.341366343860547,26.44488593220926,47.17588391783144,73.6207698500407
4.397999999999738,7.23,4.543949376783319,2.321493714361524,3.4305597090479116,-4.413751190755221,1.9049215848469598,-13.777084272749871,0.0,-0.4359364835019308,1.3324210100307727,0.0,-1.3962979974240932,-3.9226767802463387,0.0,-3.8567432716347425,1.372828608740039,26.63457005788936,46.98557744387334,73.6201475017627
4.3999999999997375,7.23,4.550814355825664,2.3126385800776763,3.434444369620626,-4.441422151610715,1.9800292637184829,-13.894260025243058,0.0,-0.43872743010561555,1.3245565356768494,0.0,-1.3946593907149858,-3.941784694039276,0.0,-3.969290488126761,1.4043913311939251,26.82505223503779,46.79446752991753,73.61951976495533
4.401999999999737,7.23,4.557687255556489,2.303727867971341,3.438480974172238,-4.469329794948576,2.056866870363764,-14.013780882192997,0.0,-0.44151516371037813,1.3166539184724178,0.0,-1.39308499054476,-3.9608195745697783,0.0,-4.083007071600435,1.43606033060784,27.016329759606514,46.6025567866042,73.61888654621072
4.403999999999737,7.23,4.5645683833290995,2.294761099930541,3.4426729909512446,-4.497478896384463,2.1354431078663345,-14.135732654228828,0.0,-0.44429981277260955,1.3087133047281931,0.0,-1.3915748400450982,-3.979781175165464,0.0,-4.197897573735723,1.4678416695747398,27.208399957379264,46.409847792569316,73.61824774994858
4.405999999999737,7.23,4.571458053451953,2.285737788118818,3.447023907490483,-4.52587440561004,2.215768567367529,-14.260203626299052,0.0,-0.44708150583566564,1.3007348412604558,0.0,-1.3901289831825392,-3.9986692366608256,0.0,-4.313967189617135,1.4997416559998356,27.40126018302376,46.21634309532604,73.6176032783498
4.407999999999737,7.23,4.578356587231042,2.2766574346220496,3.451537234442703,-4.55452145146097,2.2978557877700045,-14.387284678165937,0.0,-0.44986037153234626,1.2927186754175282,0.0,-1.388747465564827,-4.017483485905722,0.0,-4.4312217729203045,1.5317668456106663,27.594907819101586,46.02204521218528,73.61695303128687
4.409999999999736,7.23,4.5852643130200725,2.267519531084891,3.456216509537116,-4.583425347232833,2.3817193170581827,-14.51706941189352,0.0,-0.45263653858897546,1.284664955109247,0.0,-1.3874303352341157,-4.036223634261853,0.0,-4.549667851323848,1.5639240448876988,27.789340275036775,45.82695663121467,73.61629690625145
4.411999999999736,7.23,4.592181566278676,2.2583235583363193,3.461065301660427,-4.6125915962593105,2.4673757755075245,-14.649654286699226,0.0,-0.4554101358310527,1.2765738288394508,0.0,-1.3861776434477275,-4.054889376084362,0.0,-4.66931264219473,1.5962203144314615,27.98455498604344,45.631079812234645,73.61563479827808
4.413999999999736,7.23,4.599108689638911,2.2490689860037514,3.4660872150664113,-4.642025897767779,2.5548439210651672,-14.78513876156802,0.0,-0.4581812921904559,1.2684454457415262,0.0,-1.3849894454472516,-4.073480387185554,0.0,-4.7901640685964555,1.6286629727829718,28.180549412013065,45.43441718785162,73.61496659986469
4.415999999999736,7.23,4.606046032980317,2.239755272115157,3.471285893718665,-4.671734153028236,2.644144717195738,-14.923625446059175,0.0,-0.46095013671416973,1.2602799556170434,0.0,-1.383865801216733,-4.091996323277558,0.0,-4.912230775670662,1.6612596007149147,28.37732103636194,45.23697116452723,73.61429220088917
4.4179999999997355,7.23,4.612993953513797,2.2303818626885668,3.4766650257717666,-4.701722471812429,2.7353014034988217,-15.065220259769156,0.0,-0.46371679857452297,1.2520775089775409,0.0,-1.3828067762308034,-4.110436818390513,0.0,-5.035522147443773,1.6940180460119654,28.574867364838727,45.038744123683706,73.61361148852244
4.419999999999735,7.23,4.619952815874592,2.2209481913083393,3.4822283481967116,-4.7319971791809685,2.828339569418048,-15.2100326009502,0.0,-0.4664814070809087,1.2438382570894841,0.0,-1.3818124421936335,-4.128801483262717,0.0,-5.160048324111908,1.7269464287596854,28.77318592429222,44.83973842284462,73.61292434713684
4.421999999999735,7.23,4.626922992224672,2.2114536786875076,3.487979651557133,-4.762564822617282,2.923287231376425,-15.358175524823439,0.0,-0.4692440916929801,1.235562352022487,0.0,-1.380882877769621,-4.147089903698924,0.0,-5.285820219858428,1.7600531471624603,28.972274261399352,44.63995639681151,73.61223065821086
4.423999999999735,7.23,4.633904862364822,2.201897732215497,3.4939227849435097,-4.793432179528372,3.020174913688813,-15.509765932166994,0.0,-0.47200498203529273,1.2272499467008513,0.0,-1.3800181693067806,-4.165301638892739,0.0,-5.412849541260216,1.793346883912271,29.172129941352864,44.43940035887621,73.61153030022908
4.425999999999735,7.23,4.640898813856772,2.1922797454904535,3.5000616610732833,-4.824606265133537,3.1190357336202843,-15.664924768805726,0.0,-0.47476420791339213,1.2189011949584947,0.0,-1.379218411553821,-4.1834362197088675,0.0,-5.541148806340371,1.8268366131313865,29.372750546508392,44.23807260206896,73.61082314857735
4.427999999999734,7.23,4.647905242155696,2.182599097835393,3.506400261565557,-4.856094340763536,3.219905490978199,-15.823777236677891,0.0,-0.4775218993313327,1.210516251597364,0.0,-1.378483708371976,-4.201493146920648,0.0,-5.67073136432676,1.8605316079136434,29.574133674990115,44.035975400443164,73.61010907543329
4.429999999999734,7.23,4.654924550753438,2.1728551537973173,3.5129426423998527,-4.887903922594065,3.322822762647203,-15.98645301720747,0.0,-0.4802781865106045,1.2020952724494167,0.0,-1.3778141734425793,-4.2194718893981,0.0,-5.8016114161778845,1.894441448490472,29.776276939254352,43.83311101039685,73.6093879496512
4.431999999999734,7.23,4.6619571513328575,2.163047262628411,3.519692939569239,-4.9200427908389255,3.4278290024996987,-16.153086507768457,0.0,-0.48303319991048743,1.193638414442288,0.0,-1.3772099309716133,-4.23737188224132,0.0,-5.933804035939499,1.928576031049878,29.979177964609853,43.629481672032234,73.60865963664209
4.433999999999734,7.23,4.669003463933677,2.1531747577483693,3.526655374939032,-4.952518999429929,3.5349686471395967,-16.32381707209003,0.0,-0.4857870702498013,1.185145835668738,0.0,-1.3766711163922258,-4.255192524853866,0.0,-6.067325192997808,1.9629455772382056,30.182834387693696,43.42508961055354,73.60792399824723
4.4359999999997335,7.23,4.676063917130269,2.143236956186853,3.5338342623232233,-4.985340886212294,3.6442892279653583,-16.498789305518628,0.0,-0.48853992853006123,1.176617695460029,0.0,-1.3761978770664962,-4.272933178950285,0.0,-6.202191775297417,1.9975606443769518,30.387243854901197,43.21993703770508,73.60718089260628
4.437999999999733,7.23,4.683138948221814,2.133233158005016,3.541234013791776,-5.0185170836862545,3.755841490068727,-16.67815331612705,0.0,-0.491291906060043,1.1680541544633511,0.0,-1.375790372987623,-4.290593166491711,0.0,-6.338421613594971,2.032432136429051,30.592404020768416,43.014026153250214,73.60643017401863
4.439999999999733,7.23,4.690229003435333,2.1231626456949724,3.548859146223012,-5.052056530327607,3.8696795185193293,-16.862065022739774,0.0,-0.49404313448174897,1.1594553747234568,0.0,-1.375448777483737,-4.308171767542919,0.0,-6.47603350682209,2.067571315751496,30.798312546304967,42.807359146493205,73.60567169279817
4.441999999999733,7.23,4.697334538142063,2.1130246835560174,3.5567142881164386,-5.085968482522187,3.985860872621994,-17.050686471030613,0.0,-0.496793745797783,1.1508215197686633,0.0,-1.3751732779246515,-4.325668218043918,0.0,-6.615047248634642,2.1029898156740665,31.00496709727549,42.599938197845454,73.60490529512094
4.443999999999733,7.23,4.704456017087747,2.102818517046333,3.5648041866825806,-5.120262527151636,4.104446728774058,-17.244186168942615,0.0,-0.4995438724001501,1.1421527547014072,0.0,-1.3749640764328626,-4.343081707488576,0.0,-6.755483655228349,2.1386996539467655,31.212365342427,42.39176548043829,73.60413082286529
4.445999999999732,7.23,4.711593914637387,2.0925433721088376,3.5731337152276827,-5.15494859487046,4.225502032594267,-17.4427394427829,0.0,-0.5022936471004746,1.1334492462935364,0.0,-1.3748213906000881,-4.3604113765023556,0.0,-6.8973645945046576,2.174713247101717,31.42050495165964,42.18284316178439,73.60334811344403
4.447999999999732,7.23,4.718748715035082,2.0821984544697556,3.5817078808525356,-5.190036974117145,4.349095661043334,-17.646528815456335,0.0,-0.5050432031616663,1.1247111630865558,0.0,-1.3747454542107747,-4.377656314310613,0.0,-7.040713016674528,2.2110434257788922,31.62938359413782,41.9731734054904,73.60255699962822
4.449999999999732,7.23,4.725920912679595,2.071782948908392,3.590531832486174,-5.225538325905206,4.475300595309404,-17.855744408423543,0.0,-0.5077926743310379,1.11593867549706,0.0,-1.3747365179739692,-4.394815556088346,0.0,-7.185552986392071,2.247703451068679,31.838998936338747,41.76275837302366,73.6017573093624
4.451999999999732,7.23,4.733111012416334,2.061296018496506,3.5996108692767996,-5.2614636994432775,4.604194105290398,-18.070584369101724,0.0,-0.5105421948748928,1.107131955927577,0.0,-1.3747948502649354,-4.41188808018162,0.0,-7.3319097165144616,2.284707031928284,32.049348640034324,41.551600225535466,73.60094886556979
4.4539999999997315,7.23,4.7403195298464995,2.0507368038055684,3.608950449364001,-5.297824548636998,4.7358579465689665,-18.291255325570667,0.0,-0.5132918996146141,1.0982911788831262,0.0,-1.3749207378781327,-4.428872805190141,0.0,-7.479809603589469,2.3220683437337177,32.26043036020305,41.33970112574521,73.60013148594825
4.455999999999731,7.23,4.747546991654177,2.04010442208009,3.6185561990582187,-5.334632749529276,4.870378570846465,-18.517972870605725,0.0,-0.5160419239642666,1.0894165210937405,0.0,-1.375114486792933,-4.445768586899734,0.0,-7.62928026517713,2.3598020480333894,32.47224174286746,41.1270632398879,73.59930498275537
4.457999999999731,7.23,4.75479393595222,2.0293979663750794,3.6284339224553976,-5.3719006187397556,5.007847350879559,-18.750962077231335,0.0,-0.5187924039697512,1.0805081616432977,0.0,-1.3753764229537275,-4.462574215052535,0.0,-7.780350579117759,2.3979233135749594,32.6847804228522,40.913688739730134,73.59846916258233
4.459999999999731,7.23,4.762060912647816,2.018616504655568,3.6385896115169447,-5.409640932968884,5.148360821047962,-18.990458048178773,0.0,-0.5215434763495232,1.071566282104974,0.0,-1.3757068930659724,-4.479288409941881,0.0,-7.933050724864636,2.4364478386824597,32.898044021458254,40.699579804657944,73.5976238261162
4.461999999999731,7.23,4.769348483828714,2.0077590788560062,3.649029456647464,-5.447866949636932,5.2920209347753415,-19.236706501839034,0.0,-0.5242952785369339,1.0625910666836997,0.0,-1.376106265409836,-4.495909818817747,0.0,-8.087412227005968,2.4753918750669173,33.11203014404737,40.48473862384196,73.59676876788933
4.46399999999973,7.23,4.776657224171126,1.99682470389718,3.6597598578052803,-5.486592428733741,5.4389353401279275,-19.489964397529107,0.0,-0.5270479487242092,1.053582702366007,0.0,-1.3765749306731134,-4.512437012087547,0.0,-8.243468001108004,2.5147722531602885,33.32673637753094,40.26916739848484,73.59590377601577
4.46599999999973,7.23,4.783987721370421,1.9858123666581542,3.670787436183523,-5.525831655960846,5.5892176750284746,-19.75050060313967,0.0,-0.529801625908122,1.0445413790776883,0.0,-1.377113302805109,-4.528868479295847,0.0,-8.401252402018425,2.554606409069707,33.54216028775683,40.05286834415634,73.59502863191317
4.46799999999973,7.23,4.791340576595777,1.9747210249005638,3.6821190465025406,-5.565599467254035,5.742987883647503,-20.018596608506332,0.0,-0.5325564499373865,1.035467289849735,0.0,-1.3777218198932633,-4.545202624865184,0.0,-8.560801274777228,2.5949124132569303,33.75829941678702,39.83584369322254,73.59414311000955
4.46999999999973,7.23,4.798716404970075,1.9635496061424016,3.6937617899576805,-5.6059112747813815,5.9003725556708835,-20.2945472881481,0.0,-0.5353125615618382,1.0263606309930493,0.0,-1.3784009450643153,-4.561437763578743,0.0,-8.722152008290898,2.635709001056339,33.97515128005861,39.618095697375786,73.5932469774344
4.4719999999997295,7.23,4.806115836076373,1.9522970064782494,3.705723027870002,-5.6467830945193915,6.061505290293857,-20.57866171734843,0.0,-0.5380701024834402,1.017221602282465,0.0,-1.3791511674118384,-4.57757211578399,0.0,-8.885343591934854,2.677015605154152,34.1927133634199,39.39962663027232,73.59233999369222
4.473999999999729,7.23,4.813539514492437,1.940962089342687,3.718010396091371,-5.688231575518243,6.226527086958237,-20.871264045919837,0.0,-0.5408292154091668,1.0080504071506515,0.0,-1.3799730029519686,-4.593603802294588,0.0,-9.05041667525886,2.718852390161488,34.410983120032206,39.180438790285606,73.59142191031782
4.475999999999729,7.23,4.820988100354875,1.9295436842133837,3.7306318202195823,-5.730274030976146,6.395586765033526,-21.17269443439568,0.0,-0.5435900441058421,0.9988472528925512,0.0,-1.380866995609355,-4.609530838965915,0.0,-9.217413630980616,2.7612402894252637,34.62995796712828,38.9605345033842,73.59049247051249
4.477999999999729,7.23,4.828462269954567,1.9180405852501214,3.743595531683777,-5.772928471252791,6.568841414846038,-21.483310057837738,0.0,-0.5463527334569622,0.9896123508809946,0.0,-1.3818337182350913,-4.625351130917455,0.0,-9.38637862146403,2.80420104423235,34.84963528261622,38.73991612614266,73.58955140875888
4.479999999999729,7.23,4.835962716365182,1.9064515498657395,3.7569100847654266,-5.816213638962713,6.746456882684966,-21.80348618293936,0.0,-0.5491174295216132,0.9803459167942644,0.0,-1.3828737736587966,-4.6410624663727456,0.0,-9.557357668890209,2.847757245576266,35.07001240151766,38.51858604889644,73.5885984504141
4.481999999999728,7.23,4.84349015010674,1.894775297224683,3.7705843746256824,-5.8601490463012835,6.928608292662915,-22.13361732464695,0.0,-0.5518842795955055,0.9710481708563776,0.0,-1.3839877957766475,-4.656662510085161,0.0,-9.730398729342422,2.8919323786692526,35.291086612227645,38.29654669905099,73.58763331127864
4.483999999999728,7.23,4.851045299846295,1.883010506664532,3.784627656415898,-5.904755014769091,7.115480608584366,-22.47411848912425,0.0,-0.5546534322742378,0.9617193380909609,0.0,-1.3851764506774926,-4.672148796314686,0.0,-9.90555177103912,2.9367508703988556,35.51285515258289,38.07380054455737,73.58665569714026
4.485999999999728,7.23,4.858628913137987,1.8711558160355333,3.7990495655547476,-5.95005271747476,7.307269239280907,-22.825426510549953,0.0,-0.5574250375188423,0.9523596485896499,0.0,-1.3864404378089779,-4.687518721317749,0.0,-10.08286885696392,2.982238139944905,35.73531520572315,37.850350097567,73.58566530329014
4.487999999999728,7.23,4.866241757204897,1.8592098199527876,3.8138601392626112,-5.996064224211988,7.504180691211154,-23.188001489978046,0.0,-0.5601992467237193,0.9429693377960372,0.0,-1.3877804911857616,-4.702769535308552,0.0,-10.262404232156259,3.0284206527918287,35.95846389573042,37.62619791828016,73.58466181401059
4.4899999999997275,7.23,4.873884619765303,1.8471710679553308,3.8290698394518623,-6.042812549523816,7.706433272500246,-23.562328345311453,0.0,-0.5629762127870142,0.9335486468062514,0.0,-1.3891973806416802,-4.71789833384637,0.0,-10.444214415942612,3.0753259783914655,36.18229828302766,37.40134661900276,73.58364490203041
4.491999999999727,7.23,4.88155830990617,1.8350380625659102,3.84468957708046,-6.090321703986167,7.914257853012433,-23.948918482350873,0.0,-0.5657560901835585,0.9240978226873844,0.0,-1.390691913127958,-4.732902048598959,0.0,-10.628358299405068,3.122982851754659,36.406815359518944,37.17579886842892,73.58261422794786
4.493999999999727,7.23,4.889263659006893,1.8228092572447625,3.860730738085886,-6.138616748963594,8.127898685516671,-24.34831159789643,0.0,-0.5685390350404532,0.9146171188150586,0.0,-1.3922649340591995,-4.7477774374272235,0.0,-10.81489724840163,3.17142123927407,36.632012043449286,36.94955739616713,73.58156943961642
4.495999999999727,7.23,4.897001521716609,1.8104830542301826,3.8772052110270994,-6.187723855113269,8.347614293524687,-24.761077627010113,0.0,-0.5713252052153843,0.9051067952315444,0.0,-1.3939173287090187,-4.76252107373099,0.0,-11.003895212471623,3.2206724091083356,36.857885173962586,36.72262499752983,73.58051017149242
4.497999999999727,7.23,4.904772776988605,1.7980578022580864,3.8941254165739148,-6.23767036493865,8.57367843196066,-25.187818847807925,0.0,-0.5741147603778003,0.895567119025993,0.0,-1.3956500236570324,-4.77712933498955,0.0,-11.195418839978814,3.270769006487658,37.08443150533193,36.495004538608725,73.57943604394066
4.499999999999726,7.23,4.912578329175685,1.785531794152144,3.911504338996151,-6.288484859722434,8.80638112746839,-25.62917215855878,0.0,-0.5769078620930159,0.8859983647384354,0.0,-1.3974639882885742,-4.791598390424034,0.0,-11.389537599865355,3.321745134333343,37.31164770083615,36.2666989616589,73.57834666249505
4.501999999999726,7.23,4.920419109190646,1.7729032642753701,3.9293555598192316,-6.340197231199478,9.046029805885851,-26.085811543440606,0.0,-0.5797046739093866,0.8764008147894163,0.0,-1.399360236348599,-4.805924187700981,0.0,-11.586323910410496,3.37363643962089,37.5395303262523,36.03771129081847,73.57724161707077
4.503999999999726,7.23,4.928296075736391,1.760170385833303,3.9476932938287654,-6.39283875836479,9.292950515226593,-26.558450745066004,0.0,-0.5825053614486376,0.8667747599372372,0.0,-1.401339827550666,-4.820102438588236,0.0,-11.78585327541001,3.4264802059555186,37.76807584293226,35.808044638191774,73.57612048112404
4.505999999999726,7.23,4.936210216610556,1.7473312680180746,3.966532427624206,-6.446442189849868,9.547489253414605,-27.047846163862268,0.0,-0.5853100924994705,0.8571204997650215,0.0,-1.4034038692418067,-4.834128603464693,0.0,-11.988204428214011,3.480315452873777,37.99728060042746,35.577702210327885,73.57498281075534
4.507999999999726,7.23,4.944162550089983,1.7343839529817657,3.985888560941179,-6.501041832343007,9.810013411037476,-27.55480000660517,0.0,-0.5881190371145595,0.8474383431999974,0.0,-1.4055535181234486,-4.847997874574972,0.0,-12.193459484083371,3.535183042433092,38.22714082862295,35.34668731512866,73.57382814375161
4.509999999999725,7.23,4.952154126400796,1.7213264126264476,4.005778050983718,-6.556673645576213,10.080913340526028,-28.080163708891867,0.0,-0.5909323677110415,0.8377286090676163,0.0,-1.4077899820282247,-4.8617051579082124,0.0,-12.401704101347446,3.591125793705506,38.45765262933801,35.11500336922412,73.57265599856213
4.511999999999725,7.23,4.960186029280383,1.7081565451972065,4.026218060031732,-6.613375344453687,10.360604064454353,-28.624841659134994,0.0,-0.5937502591746221,0.8279916266834028,0.0,-1.4101145217516884,-4.875245053566799,0.0,-12.613027651867286,3.648188605850962,38.688811967345906,34.882653905857,73.5714658732029
4.513999999999725,7.23,4.968259377638096,1.694872171663249,4.047226606615814,-6.671186508955094,10.649527137102178,-29.189795254808452,0.0,-0.5965728889673931,0.8182277364856964,0.0,-1.4125284529372817,-4.88861183447589,0.0,-12.827523401329962,3.706418590511791,38.92061466076086,34.649642583322255,73.57025724408311
4.515999999999725,7.23,4.976375327322141,1.681471031870849,4.068822620581416,-6.7301487025117535,10.948152675054168,-29.776047325225683,0.0,-0.5994004372394843,0.8084372907127692,0.0,-1.4150331480118905,-4.9017994232676365,0.0,-13.04528869991891,3.765865214343005,39.15305637073518,34.41597319401241,73.56902956474758
4.5179999999997245,7.23,4.984535073000782,1.6679507804504332,4.091026002397739,-6.790305599626409,11.256981574453587,-30.384686959139607,0.0,-0.6022330869446211,0.7986206541281432,0.0,-1.417630038168077,-4.914801367154923,0.0,-13.266425183922474,3.8265804525737876,39.386132590402745,34.18164967412437,73.56778226452712
4.519999999999724,7.23,4.992739850166719,1.6543089824584827,4.113857687103971,-6.8517031235882,11.576547934611106,-31.016874779983457,0.0,-0.6050710239597055,0.7887782047983506,0.0,-1.4203206153877779,-4.927610810587801,0.0,-13.491038988856761,3.8886189545857834,39.61983863299919,33.94667611409028,73.56651474708947
4.521999999999724,7.23,5.000990937274369,1.6405431087331313,4.137339713327238,-6.914389595225168,11.907421710028363,-31.67384871670188,0.0,-0.607914437208471,0.7789103349277692,0.0,-1.4231064345003397,-4.940220465461344,0.0,-13.719240974688304,3.9520382225930453,39.854169619080935,33.711056769800415,73.56522638888134
4.523999999999724,7.23,5.00928965802064,1.62665053094036,4.161495297853323,-6.978415893738182,12.250211615568043,-32.35693032393379,0.0,-0.6107635187892906,0.7690174517557141,0.0,-1.4259891152658442,-4.952622578615862,0.0,-13.951146963745284,4.016898804619763,40.08912046275741,33.47479607469492,73.56391653745233
4.525999999999724,7.23,5.017637383780843,1.6126285162854894,4.186348916283693,-7.04383563077417,12.60556831253715,-33.06753171190895,0.0,-0.6136184641071725,0.7590999785214657,0.0,-1.428970344471958,-4.964808896338817,0.0,-14.186877991901067,4.083264503094588,40.32468585684037,33.237898652808774,73.56258450964914
4.527999999999723,7.23,5.026035536212498,1.5984742218622239,4.211926390371233,-7.110705339024587,12.974187906898036,-33.80716315391983,0.0,-0.6164794720099382,0.7491583555035497,0.0,-1.4320518780295086,-4.976770625541922,0.0,-14.426560573598604,4.151202600517422,40.560860256804766,33.00036933286392,73.56122958966868
4.529999999999723,7.23,5.034485590041021,1.584184688608797,4.238254982693388,-7.179084676779137,13.356815794746964,-34.577441447768685,0.0,-0.619346744928605,0.7391930411403008,0.0,-1.435235543048388,-4.988498391245735,0.0,-14.670326981254226,4.220784103807207,40.79763786344203,32.762213163514446,73.55985102695647
4.531999999999723,7.23,5.04298907604271,1.5697568348377404,4.26536349939605,-7.249036650027076,13.754250894673643,-35.38009911732094,0.0,-0.622220489021857,0.7292045132394667,0.0,-1.438523239870618,-4.999982189957432,0.0,-14.918315539533312,4.292084009108111,41.03501260407429,32.5234354298609,73.55844803393519
4.533999999999723,7.23,5.051547584241961,1.5551874493024413,4.293282401825743,-7.320627853881538,14.167350311721625,-36.21699455140498,0.0,-0.6251009143245508,0.7191932702855582,0.0,-1.4419169440323671,-5.011211338473572,0.0,-15.17067093491975,4.365181589021403,41.272978112181725,32.28404167136594,73.55701978354767
4.5359999999997225,7.23,5.0601627673413825,1.5404731837598933,4.322043927962831,-7.3939287353092205,14.597034483506109,-37.09012318999634,0.0,-0.6279882349000212,0.7091598328545851,0.0,-1.4454187081197005,-5.022174417578345,0.0,-15.427544540903298,4.440160704439278,41.51152770527796,32.04403770131709,73.55556540659505
4.537999999999722,7.23,5.068836344405425,1.5256105449848576,4.35168222467606,-7.469013879381845,15.044292865727288,-38.001629882160685,0.0,-0.6308826689959869,0.6991047451469924,0.0,-1.4490306634753989,-5.032859210036892,0.0,-15.689094758973754,4.517110143392526,41.75065436084802,31.803429628002124,73.55408398885014
4.539999999999722,7.23,5.07757010482028,1.5105958861859554,4.382233491940765,-7.545962321531021,15.510190221975593,-38.95382255689326,0.0,-0.6337844392036682,0.6890285766508668,0.0,-1.4527550217042162,-5.0432526322019715,0.0,-15.955487375430105,4.5961239895836385,41.99035069014154,31.562223877781587,73.55257456792313
4.541999999999722,7.23,5.086365912555231,1.4954253977689562,4.413736140301393,-7.624857888589115,15.995873591518082,-39.949187367123585,0.0,-0.6366937726196786,0.6789319239489424,0.0,-1.4565940759126776,-5.053340658458169,0.0,-16.226895933773505,4.67730202356823,42.23060890958631,31.32042722026709,73.5510361298534
4.543999999999722,7.23,5.09522571075336,1.4800950973866247,4.446230963016293,-7.705789571740713,16.502580018860847,-40.99040548914567,0.0,-0.6396109010100667,0.6688154126845962,0.0,-1.4605502016052978,-5.063108237619136,0.0,-16.5035021221408,4.760750159870355,42.47142080955925,31.078046795840223,73.54946760539947
4.545999999999721,7.23,5.104151526682558,1.4646008192078617,4.47976132450161,-7.788851934898505,17.031645140517547,-42.080371785052186,0.0,-0.6425360609757446,0.6586796997039223,0.0,-1.4646258571422313,-5.072539200267313,0.0,-16.785496174830477,4.846580923676879,42.71277772021617,30.83509014577797,73.54786786599414
4.547999999999721,7.23,5.1131454770812175,1.4489382023314124,4.514373366895115,-7.874145562461051,17.584512737824983,-43.222215564936945,0.0,-0.6454694941183046,0.6485254753931117,0.0,-1.4688235836427215,-5.0816161558791695,0.0,-17.07307728645245,4.934913971155228,42.95467047404373,30.59156524528499,73.54623571932872
4.549999999999721,7.23,5.122209773936868,1.433102678261002,4.550116236793554,-7.961777550916275,18.162745380126015,-44.419323719318484,0.0,-0.6484114472049827,0.6383534662328822,0.0,-1.4731460041936066,-5.090320378408458,0.0,-17.36645403656626,5.025876657881093,43.19708936475122,30.347480539774423,73.54456990452564
4.551999999999721,7.23,5.131346730740364,1.41708945734927,4.5870423344832005,-8.051862049333419,18.768036300530373,-45.67536653117414,0.0,-0.651362172331221,0.6281644375945148,0.0,-1.4775958221916998,-5.098631678800936,0.0,-17.665844821821583,5.119604660352556,43.44002410206764,30.102844984784838,73.54286908685248
4.5539999999997205,7.23,5.140558769263186,1.4008935141071395,4.6252075882878945,-8.144520854448869,19.40222266716257,-46.99432652202694,0.0,-0.6543219270788898,0.6179591968053656,0.0,-1.4821758186115919,-5.1065282626810715,0.0,-17.97147829153239,5.216242656106901,43.68346376194991,29.857668089975988,73.5411318519259
4.55599999999972,7.23,5.1498484269110065,1.3845095712630995,4.664671757008038,-8.239884066811076,20.06730043678417,-48.38053073871876,0.0,-0.6572909746677746,0.6077385965154734,0.0,-1.4868888479448876,-5.11398657117802,0.0,-18.283593781241795,5.31594506854965,43.92739673163801,29.611959967707733,73.53935669934575
4.55799999999972,7.23,5.159218364712993,1.3679320824431076,4.705498763824892,-8.338090815321964,20.76544100547945,-49.83868694802108,0.0,-0.6602695840973818,0.5975035384012979,0.0,-1.4917378325013466,-5.120981102536654,0.0,-18.602441737090682,5.418876883254738,44.17181064891108,29.36573138678068,73.53754203569176
4.55999999999972,7.23,5.1686713760135445,1.3511552133261524,4.747757065505342,-8.439290058515045,21.49900990335602,-51.37392427646545,0.0,-0.6632580302754167,0.5872549772476655,0.0,-1.4967257546938808,-5.127484211780456,0.0,-18.928284121593112,5.525214543198808,44.416692334805546,29.118993832001415,73.53568616680695
4.56199999999972,7.23,5.178210395941324,1.3341728211127184,4.7915200612726885,-8.543641472064603,22.270587817679633,-52.991838914339496,0.0,-0.666256594128456,0.5769939254549293,0.0,-1.5018556468453381,-5.133465885244699,0.0,-19.26139478862045,5.635146931151384,44.66202771894429,28.87175957033533,73.53378728927962
4.563999999999719,7.23,5.187838511739789,1.3169784321231022,4.83686654632028,-8.651316433350583,23.0829942723876,-54.69854559754825,0.0,-0.6692655626893128,0.5667214580252083,0.0,-1.5071305779514395,-5.138893486266714,0.0,-19.602059811845038,5.748876448250126,44.90780175649759,28.624041724526492,73.53184348102408
4.565999999999719,7.23,5.197558974054068,1.299565217319386,4.8838812156499465,-8.762499115438425,23.939314342500825,-56.50073569114673,0.0,-0.6722852291543583,0.556438718089632,0.0,-1.512553636705971,-5.143731467687675,0.0,-19.950577746389317,5.8666201986341076,45.15399833564504,28.37585435520191,73.52985269084695
4.567999999999719,7.23,5.207375209281168,1.2819259655184223,4.932655224731467,-8.87738770460532,24.8429288407056,-58.40574282625623,0.0,-0.6753158929024636,0.5461469230479202,0.0,-1.5181279099354825,-5.147941046065983,0.0,-20.30725979770635,5.988611290870957,45.400600174227435,28.12721255263871,73.52781272686614
4.569999999999719,7.23,5.2172908331044425,1.2640530540329271,4.983286814420307,-8.996195757592455,25.797548481578257,-60.4216171905602,0.0,-0.6783578594654106,0.5358473714027148,0.0,-1.5238564553933829,-5.151479831599635,0.0,-20.672429864443515,6.115100267764666,45.647588704068205,27.87813253956499,73.5257212436332
4.5719999999997185,7.23,5.22730966534915,1.2459384164431018,5.0358820086588345,-9.119153717130917,26.807252607994624,-62.55720974471926,0.0,-0.6814114404372101,0.5255414503841376,0.0,-1.5297422676169494,-5.154301406671553,0.0,-21.046424412778137,6.246356676922124,45.89494394119242,27.628631786592265,73.52357572778469
4.573999999999718,7.23,5.23743574631424,1.227573507161445,5.090555394744483,-9.246510607027774,27.87653315574396,-64.8222678362006,0.0,-0.6844769533069378,0.5152306444754814,0.0,-1.5357882352428651,-5.156354844627047,0.0,-21.429592127892764,6.382670795118884,46.142644339874266,27.37872914214776,73.52137348202203
4.575999999999718,7.23,5.247673354756471,1.2089492624077465,5.147430997403265,-9.378535931265805,29.010344637864968,-67.22754391169009,0.0,-0.6875547211960523,0.5049165449692474,0.0,-1.5419970877902471,-5.157584158816452,0.0,-21.822293273142716,6.524355519932544,46.39066662808939,27.128444979098212,73.5191116071876
4.577999999999718,7.23,5.258027027727093,1.1900560571587753,5.206643259588295,-9.515521805230057,30.21416105134017,-69.78491929292262,0.0,-0.6906450724767779,0.4946008607045407,0.0,-1.5483713294334212,-5.157927670025205,0.0,-22.22489866809302,6.67174844215489,46.638985621524114,26.87780136064398,73.5167869821681
4.579999999999718,7.23,5.268501582489058,1.1708836575768318,5.268338144863233,-9.657785351397933,31.494040746937976,-72.50754528149028,0.0,-0.6937483402425255,0.484285430162826,0.0,-1.5549131566713277,-5.157317278089638,0.0,-22.637788171701278,6.825214111929818,46.887574012784484,26.626822228527775,73.51439624131226
4.581999999999717,7.23,5.279102140774622,1.1514211683519007,5.332674378464968,-9.805671396693267,32.85670045913079,-75.41000419802258,0.0,-0.6968648615944222,0.4739722351302069,0.0,-1.5616243560199188,-5.155677620660197,0.0,-23.061348524831114,6.985146510077703,47.13640213183461,26.375533617164503,73.51193574899911
4.583999999999717,7.23,5.289834155679894,1.1316569743122926,5.399824846704605,-9.959555514287421,34.30959986717852,-78.50849334011743,0.0,-0.6999949766993172,0.46366341617183293,0.0,-1.5685061768598398,-5.152925098599209,0.0,-23.49597036479336,7.151971733203059,47.385437672951404,26.123963897979394,73.5094015709308
4.585999999999717,7.23,5.300703441535091,1.1115786755668524,5.469978177295586,-10.119847459007438,35.86103824900948,-81.82103525791835,0.0,-0.7031390275636448,0.45336129020918037,0.0,-1.5755591733002343,-5.148966743229517,0.0,-23.942044170808025,7.326150896289546,47.63464538258633,25.87214405906905,73.50678944165537
4.587999999999717,7.23,5.311716207137658,1.0911730153364059,5.5433405265215105,-10.286995052744924,37.520264991986245,-85.36771818646055,0.0,-0.7062973564536947,0.44306837054564985,0.0,-1.582783007287217,-5.143698895381176,0.0,-24.399954829261134,7.508183248636341,47.88398670142582,25.62010802631134,73.50409472773715
4.5899999999997165,7.23,5.322879092790941,1.0704257995113582,5.620137602889455,-10.461488584383247,39.29760592981773,-89.17097091970405,0.0,-0.7094703038752775,0.43278738975229214,0.0,-1.5901762030799302,-5.137005659660028,0.0,-24.870074416186057,7.698609486847123,48.13341935260753,25.367893033287586,73.50131238589512
4.591999999999716,7.23,5.334199211654421,1.0493218068344632,5.700616961047484,-10.643865797752255,41.204607665933985,-93.25587682567414,0.0,-0.7126582060033724,0.42252132590651936,0.0,-1.5977358404893849,-5.1287570892564,0.0,-25.352752674527455,7.8980152302414055,48.38289686640474,25.115540048905984,73.49843691531072
4.593999999999716,7.23,5.345684195983546,1.0278446884511374,5.785050604222711,-10.83471755085835,43.254202191506664,-97.65053202172868,0.0,-0.7158613914237212,0.4122734327757267,0.0,-1.6054571707252943,-5.118807046505653,0.0,-25.848304506002894,8.107034596778183,48.632368029673124,24.863094273497815,73.49546230317094
4.595999999999716,7.23,5.357342248918342,1.0059768553930362,5.873737938127814,-11.034694239835984,45.46089416245491,-102.38645284754779,0.0,-0.7190801770115761,0.4020472746596093,0.0,-1.613333134053856,-5.106990671768327,0.0,-26.35699358897708,8.326353777422911,48.881776245850844,24.610605716497368,73.49238196234822
4.597999999999716,7.23,5.369182202570593,0.9836993523635376,5.967009123932857,-11.244513091162903,47.84097308503031,-107.49903751781355,0.0,-0.7223148627253168,0.39184676675511587,0.0,-1.6213537523698527,-5.093121377328449,0.0,-26.879010957329584,8.556714448167423,49.131058788205806,24.358129871730025,73.48918865993583
4.599999999999715,7.23,5.381213583258855,0.9609917159774034,6.0652288820461235,-11.46496643466985,50.41275224641544,-113.0280859279303,0.0,-0.7255657250311217,0.38167622209389596,0.0,-1.629505361733111,-5.076987263033798,0.0,-27.4144470071345,8.798916773405448,49.38014592515912,24.105728509981454,73.48587443514057
4.601999999999715,7.23,5.393446684847209,0.9378318153749962,6.168800801307646,-11.696931076039123,53.19683531178609,-119.0183795798294,0.0,-0.7288330085947012,0.37154040633303487,0.0,-1.6377696392338201,-5.058346825196351,0.0,-27.963254905674827,9.053821630131637,49.62895989168784,23.853470613108186,73.48243050479603
4.603999999999715,7.23,5.405892651253721,0.914195672892281,6.278172208470138,-11.941378887977608,56.2164097697883,-125.52031978549735,0.0,-0.7321169157710973,0.36144460196760064,0.0,-1.6461223643047216,-5.036923798404117,0.0,-28.5252027164698,9.322351502078334,49.877413674752525,23.601433479739754,73.47884715449229
4.605999999999715,7.23,5.418563569300923,0.8900572622370484,6.393839648403318,-12.199388729431266,59.49756333427631,-132.59061557832638,0.0,-0.7354175932854479,0.3513946838932792,0.0,-1.6545318355127852,-5.012400929562883,0.0,-29.09981066364179,9.605489231003812,50.125409573082365,23.349704039964003,73.47511361304637
4.6079999999997145,7.23,5.431472573170658,0.8653882814268545,6.516355012895496,-12.472159774615758,63.06961419668231,-140.29300135756347,0.0,-0.7387351153149312,0.3413972086981043,0.0,-1.6629568381790252,-4.984412432443223,0.0,-29.68626875543486,9.904273431617373,50.372837482037745,23.09838042572689,73.47121790776464
4.609999999999714,7.23,5.444633961778122,0.8401578976316288,6.646332329788749,-12.761026276353158,66.96543740220903,-148.69894543658393,0.0,-0.7420694619393954,0.33145952062826955,0.0,-1.6713440234648265,-4.95253480652521,0.0,-30.28332835546358,10.219788822249305,50.61957284213051,22.847573855604406,73.46714669773492
4.611999999999714,7.23,5.458063330359704,0.8143324611106166,6.784455175808109,-13.067473682288904,71.22175559668588,-157.88827999513336,0.0,-0.7454204916040807,0.3215898778841261,0.0,-1.6796245124823281,-4.916275622815549,0.0,-30.889159075239895,10.553148914589533,50.8654741744203,22.597410907872366,73.46288508229267
4.613999999999714,7.23,5.471777717419149,0.7878751857642636,6.931484592112906,-13.393155838028761,75.87933981650956,-167.94963357882685,0.0,-0.7487879058032524,0.3117976037956839,0.0,-1.6877094749443304,-4.875059778072515,0.0,-31.5011593520958,10.905467323578833,51.11038010657279,22.34803627538799,73.45841638196077
4.615999999999714,7.23,5.485795767804659,0.7607457946378108,7.088267239646102,-13.739912700725085,80.98302993551265,-178.98046845569297,0.0,-0.7521712036083782,0.3020932685457778,0.0,-1.695484344613245,-4.828212594233089,0.0,-32.115704993394125,11.277812227563322,51.35410576883905,22.099616120939594,73.45372188977865
4.6179999999997134,7.23,5.500137911949122,0.7329001303356647,7.255743297663502,-14.109787475564143,86.58142711555418,-191.08639994334223,0.0,-0.7555696228741968,0.2924889085028476,0.0,-1.702801214949273,-4.7749389898790575,0.0,-32.72781445092957,11.671135972166377,51.596438408400246,21.852342183956857,73.44878059235711
4.619999999999713,7.23,5.51482655996357,0.7042897332434913,7.4349532298380625,-14.505041258895355,92.72602012590383,-204.37927701365643,0.0,-0.7589820638866257,0.2829982919435634,0.0,-1.709468796922378,-4.714297777203154,0.0,-33.33070219865143,12.0861680956246,51.837132032120756,21.606436830634348,73.4435688627551
4.621999999999713,7.23,5.529886306962286,0.6748613955129829,7.6270419344806815,-14.928161942693732,99.46936525950582,-218.97319274824662,0.0,-0.7624069897691196,0.27363724202660356,0.0,-1.7152391032464007,-4.645169951770053,0.0,-33.91518183781005,12.523254624894209,52.07590084058789,21.362159291643483,73.43806013223137
4.623999999999713,7.23,5.54534414213896,0.6445567072053324,7.8332578294747535,-15.381862023149885,106.86171803722156,-234.9771088957388,0.0,-0.7658422960106992,0.26442403032317285,0.0,-1.7197897337154826,-4.566219672307941,0.0,-34.4688680378941,12.982118609813186,52.312411159687436,21.119813396617733,73.43222455630517
4.625999999999713,7.23,5.561229647807469,0.6133116247800254,8.054942901779047,-15.86905663137178,114.9451736911684,-252.48203283349167,0.0,-0.7692851388601529,0.2553798569270823,0.0,-1.7227002606049453,-4.475846539034112,0.0,-34.97511111690527,13.461505552150125,52.546271510568374,20.8797571935504,73.42602870411878
4.627999999999712,7.23,5.5775751644852924,0.5810561142791439,8.293507384217571,-16.392807928909352,123.74385789115256,-271.5395581242042,0.0,-0.7727317088682226,0.24652943587314669,0.0,-1.7234207471301608,-4.372127906468323,0.0,-35.41158104544254,13.958661495723325,52.777020388228564,20.64241493266559,73.41943532089415
4.629999999999712,7.23,5.594415882048411,0.5477139566498941,8.550379096203574,-16.956214083025692,133.2479548003688,-292.1269304651292,0.0,-0.7761769313926371,0.237901706614015,0.0,-1.7212299026532532,-4.252750574526458,0.0,-35.748402620420016,14.468570042861336,53.00411125242388,20.408291990753195,73.41240324317708
4.631999999999712,7.23,5.611789791988609,0.5132028573058132,8.826912065972463,-17.56220918847103,143.38831618935222,-314.09151947814365,0.0,-0.7796140703734015,0.22953069222595446,0.0,-1.7151798892490717,-4.114932786133078,0.0,-35.94573989496367,14.982847442802884,53.22689419174064,20.177993393233546,73.40488758497419
4.633999999999712,7.23,5.629737397694056,0.4774350853534425,9.12423127565135,-18.213223500093125,153.997102514301,-337.0647497771052,0.0,-0.7830342054643248,0.221456520052829,0.0,-1.704024619113703,-3.955340913704795,0.0,-35.95075666134466,15.48816543586297,53.44459373996598,19.952246611776406,73.39684035174238
4.6359999999997115,7.23,5.64830102338007,0.44031899099675265,9.442979986824756,-18.910630636271488,164.748686308871,-360.33287546763245,0.0,-0.786425546870726,0.2137266054905652,0.0,-1.6861291440165047,-3.7700120624664697,0.0,-35.69398378517987,15.964051395334126,53.656282469966726,19.73192918167468,73.3882116516414
4.637999999999711,7.23,5.667523483264895,0.4017619224361192,9.782924118618414,-19.653882204868964,175.07493430870383,-382.65173251898943,0.0,-0.7897725500598252,0.20639696551269704,0.0,-1.6593607189398094,-3.554306437384242,0.0,-35.085384007820984,16.379934892260742,53.860850377012056,19.518101217114477,73.37895159412653
4.639999999999711,7.23,5.687445771187139,0.3616752852908593,10.142358995569063,-20.439210284356363,184.05254772647027,-402.0003944392037,0.0,-0.7930548005771603,0.19953356068220218,0.0,-1.6209697113213561,-3.3029348830232643,0.0,-34.010954985218795,16.691436506217503,54.05697087834623,19.31204178932894,73.36901266767516
4.641999999999711,7.23,5.708103323085278,0.31998272323335675,10.517269551375394,-21.257790808951647,190.27267791813196,-415.2960758741973,0.0,-0.7962456704799561,0.1932134419627769,0.0,-1.5674845935143216,-3.0101402072478676,0.0,-32.33173363247714,16.836257071511085,54.243065822219606,19.11528587372891,73.35835169594851
4.643999999999711,7.23,5.729520343648025,0.27663253212679784,10.900241819176989,-22.09336313789473,191.73311304888378,-418.1584132643602,0.0,-0.7993108241709735,0.18752527951051157,0.0,-1.494674552196602,-2.6701534825853503,0.0,-29.888686637445225,16.730820758780116,54.41727483356409,18.929654517443804,73.3469293510079
4.64599999999971,7.23,5.751701797186395,0.2316151820776982,11.279255080826186,-22.91958878925886,185.84869603310736,-404.93234983581164,0.0,-0.8022068016174275,0.18256857117532932,0.0,-1.3976774534736487,-2.278080444116881,0.0,-26.51891748174392,16.270230118730602,54.57743988454757,18.75726454124127,73.33470442578884
4.64799999999971,7.23,5.7746231601010605,0.18498573402530197,11.636745975191305,-23.69800522470138,169.74564981915861,-369.3320128797168,0.0,-0.804880150416395,0.17845053236014063,0.0,-1.2714372092149508,-1.8313468146415923,0.0,-22.08945731808373,15.335903467893194,54.72112642048111,18.600496109269546,73.32162252975066
4.64999999999971,7.23,5.798219177197687,0.13688843327099853,11.949704306219845,-24.378236506614055,141.02395758699018,-306.1084093201906,0.0,-0.8072678760514101,0.17527956604219763,0.0,-1.111595935732895,-1.331650970576797,0.0,-16.5512239779776,13.816137795743606,54.8457193936149,18.461890524581325,73.30760991819622
4.65199999999971,7.23,5.822374681153614,0.08757678773024918,12.191798932727956,-24.902644740105814,98.99529691567594,-213.7574026904588,0.0,-0.8093001546593064,0.17315470026368585,0.0,-0.9158533142475429,-0.7869552943159999,0.0,-10.003209046391937,11.641667861465958,54.94864821335127,18.343955113062695,73.29260332641397
4.6539999999997095,7.23,5.846922275926428,0.037418629142955157,12.338118944596326,-25.216702531845787,45.93076244845338,-97.24918469615538,0.0,-0.8109059594072876,0.17215185687194456,0.0,-0.6854709613349002,-0.21250410267117292,0.0,-2.7367963958084807,8.828038766459146,55.02777287328074,18.24887801902666,73.2766508923074
4.655999999999709,7.23,5.871651543633884,-0.013124035798375858,12.371639024407399,-25.28313734069399,-12.640938523390368,31.319281213877716,0.0,-0.812021194711905,0.17231007949478871,0.0,-0.42619506246400096,0.3703146454804136,0.0,4.781297414059911,5.502794380169903,55.081850068943,18.178204666725357,73.26005473566835
4.657999999999709,7.23,5.8963307007175105,-0.0635424101004298,12.288643589834335,-25.09379836057869,-69.3135866075914,155.7431796558847,0.0,-0.8125973867357998,0.17362252594418148,0.0,-0.14782352052872305,0.9376246858524575,0.0,12.006164750704128,1.892861363695175,55.110833392640984,18.13257535013524,73.24340874277623
4.659999999999709,7.23,5.9207353485941265,-0.11334381337843566,12.100008812562164,-24.67246236232635,-117.35018023549837,261.28098610284513,0.0,-0.8126080286708051,0.1760362294663379,0.0,0.13770639727623646,1.4679844224869543,0.0,18.455527760207744,-1.731247415680505,55.11577666099231,18.111626007342007,73.22740266833432
4.661999999999709,7.23,5.944674690583425,-0.16210904859430608,11.82753181567574,-24.066804681572254,-152.79864663425872,339.2829371995136,0.0,-0.812050372527926,0.17946105785088307,0.0,0.4188802586289393,1.9463273291118175,0.0,23.82063948380137,-5.126576336075379,55.09842260574093,18.114091666152042,73.21251427189297
4.663999999999708,7.23,5.968007167132824,-0.2095266223146286,11.497557302036826,-23.33445757544535,-174.99599664966232,388.29427704207257,0.0,-0.810942514494587,0.18378427999661962,0.0,0.6866323018031952,2.365366564100651,0.0,27.99736076236277,-8.127235988044346,55.06080584153982,18.138062544760942,73.19886838630076
4.665999999999708,7.23,5.990643419696946,-0.2553992458429067,11.135148982268927,-22.530259561880737,-185.66105294543337,412.07097773482434,0.0,-0.8093175327542359,0.18888554191931273,0.0,0.9351786086141383,2.7245823633797173,0.0,31.045531260018187,-10.655987911268836,55.00505052305328,18.181290606727142,73.18634112978042
4.667999999999708,7.23,6.012539870626305,-0.2996298068662552,10.760676717165088,-21.69878847187983,-187.55653937314875,416.65335157588675,0.0,-0.807217011490335,0.19464842157925466,0.0,1.1617874410301532,3.028006825163251,0.0,33.11925963796611,-12.7072170326206,54.93328621920958,18.241455624600174,73.17474184380976
4.669999999999708,7.23,6.0336880157044535,-0.34219795938158165,10.388836055155636,-20.87221491555046,-183.46909328416805,408.13498017323815,0.0,-0.804685617789603,0.20096731579598492,0.0,1.3660093130376412,3.2819962881117615,0.0,34.40504606535896,-14.319825257270063,54.847573204203336,18.316347456480795,73.16392066068413
4.6719999999997075,7.23,6.0541034463437455,-0.38313611850006374,10.029188047138257,-20.071481202443394,-175.70156759648782,391.5521201581982,0.0,-0.8017673582786079,0.2077503329751873,0.0,1.5488321865862362,3.4935914206969017,0.0,35.08241360914956,-15.553270213304666,54.74982209097573,18.403964857074996,73.15378694805072
4.673999999999707,7.23,6.073816678795635,-0.42250940433860956,9.68729976940456,-19.308794444705832,-165.9462535133366,370.60625099482615,0.0,-0.7985034029914932,0.21491955445348188,0.0,1.712000312192484,3.6695465452130676,0.0,35.30540473208234,-16.471480380118035,54.6417359492671,18.50255232749009,73.1442882767572
4.675999999999707,7.23,6.092866361820494,-0.4604007855088179,9.36591826333928,-18.59019307939479,-155.35026857537346,347.80692409278686,0.0,-0.7949310663475601,0.22240989885007134,0.0,1.8575520580025793,3.815870452790529,0.0,35.19766579079456,-17.13409753697593,54.52478844383798,18.61059914121664,73.13538758505462
4.677999999999707,7.23,6.111294645195149,-0.49690094688051123,9.065936931254065,-17.917659774868863,-144.64232904874288,324.7488837897252,0.0,-0.7910835240702908,0.23016742678072233,0.0,1.9875436960339363,3.9376839884831885,0.0,34.85445576916184,-17.59276621620827,54.400231196868404,18.726819083615126,73.12705028048353
4.679999999999707,7.23,6.129144223314004,-0.5321018198166405,8.787105184387284,-17.290673066008658,-134.256537662385,302.38268510309206,0.0,-0.7869899442087227,0.23814755943332266,0.0,2.1039035920462674,4.039244442148076,0.0,34.3472852608401,-17.89032029933042,54.26911716279048,18.850122654845844,73.11923981763633
4.681999999999706,7.23,6.1464565659552655,-0.5660927082041032,8.528514351258021,-16.707269858209006,-124.43092490480906,281.23012256515125,0.0,-0.7826758205473516,0.2463134378948586,0.0,2.208367895675464,4.124042726370313,0.0,33.72894473015534,-18.06138385056072,54.13232942438821,18.979588238260025,73.11191766264824
4.683999999999706,7.23,6.163270942654306,-0.5989581498946969,8.28891454755756,-16.164738382826283,-115.27845131514701,261.5394546633098,0.0,-0.7781633822608753,0.2546345078886303,0.0,2.302462887152651,4.194921838441255,0.0,33.037968395408086,-18.1335192947516,53.99060935721873,19.11443537565726,73.105044732876
4.685999999999706,7.23,6.179623954973542,-0.630776888939517,8.066913275429515,-15.660052589936528,-106.83528809979268,243.39095568121766,0.0,-0.7734720107382549,0.26308534194650124,0.0,2.3875117764218095,4.254191679273948,0.0,32.302253443432214,-18.128475704770917,53.84458152823554,19.254001372105392,73.09858290034093
4.687999999999706,7.23,6.195549381478345,-0.6616215318889027,7.861095085972284,-15.190133966403291,-99.09243370358526,226.76603851856123,0.0,-0.7686186293274471,0.2716446786710991,0.0,2.4646528112958075,4.30373008409104,0.0,31.541855521481427,-18.063336074879388,53.69477462481373,19.39772145553507,73.09249608034881
4.6899999999997055,7.23,6.2110782072033786,-0.6915586078427738,7.670090233971141,-14.7520018337053,-92.015853726825,211.59128910276226,0.0,-0.7636180516858437,0.2802946475261764,0.0,2.5348613728720832,4.3450674074025155,0.0,30.77108933804454,-17.951492681406712,53.541638604892306,19.545112251369833,73.08675085626214
4.691999999999705,7.23,6.226238755756561,-0.7206488532870712,7.492611199116072,-14.342853385009679,-85.55900837565905,197.76585987745173,0.0,-0.7584832851707342,0.28902014651816255,0.0,2.5989722368179597,4.379455417720828,0.0,30.00008241144293,-17.80344217550411,53.385558584607544,19.69575815378152,73.08131673838906
4.693999999999705,7.23,6.241056873057559,-0.7489476101898391,7.327469442123502,-13.960100498893377,-79.67045279129053,185.17809254931166,0.0,-0.7532257910853637,0.29780834333399664,0.0,2.657700184889839,4.407922558684692,0.0,29.23591437385218,-17.627418359181863,53.22686603711224,19.849300139874998,73.07616617698724
4.695999999999705,7.23,6.255556131715867,-0.7765052695683896,7.173580332643392,-13.6013806799355,-74.29830439930231,173.7152919549498,0.0,-0.7478557059731057,0.30664827506117776,0.0,2.7116582515757663,4.43131791816625,0.0,28.48344878839971,-17.429888887855263,53.065847825311984,20.005426603075225,73.07127442838721
4.697999999999705,7.23,6.269758037793771,-0.8033677205899737,7.029961260427942,-13.264553081781749,-69.392747606644,163.26920922553518,0.0,-0.742382028919791,0.31553052619543975,0.0,2.761373465051752,4.450346090022467,0.0,27.745939524268923,-17.21594222458776,52.90275350765066,20.163865836635754,73.06661934428641
4.699999999999704,7.23,6.2836822296892585,-0.8295767827352598,6.895726047667205,-12.947686429237041,-64.90732746645304,153.7388771605735,0.0,-0.7368127797790978,0.3244469687023024,0.0,2.807300219884458,4.4655947993871665,0.0,27.025472852209532,-16.98958801432254,52.73780127183769,20.32437985765604,73.06218112949372
4.701999999999704,7.23,6.297346663808707,-0.8551706093432585,6.770077570847395,-12.64904301208788,-60.79950970430247,145.03184130782589,0.0,-0.7311551328182202,0.33339055128898276,0.0,2.8498315358912025,4.477556823964455,0.0,26.323290128169532,-16.753990018433907,52.57118277799094,20.486759317402253,73.0579420953932
4.703999999999704,7.23,6.310767784691986,-0.88018405740078,6.652299735565564,-12.367061251365278,-57.03080756605979,137.06444351329964,0.0,-0.7254155297266982,0.3423551277821011,0.0,2.889308490163496,4.486647435685516,0.0,25.640023693903984,-16.511646883051995,52.403067132553545,20.650819291781275,73.05388642433482
4.705999999999704,7.23,6.323960679022354,-0.904649022310577,6.541749468324865,-12.100338290819174,-53.56666287044982,129.76156755343266,0.0,-0.719599775360271,0.3513353166783173,0.0,2.9260281003121458,4.493218327183001,0.0,24.97586962563466,-16.26453268745496,52.23360416663574,20.81639578591582,73.04999995255156
4.7079999999997035,7.23,6.336939213960113,-0.9285947385751459,6.4378490918037174,-11.847613415961936,-50.376196854669026,123.05609954301126,0.0,-0.713713119060314,0.36032638563884656,0.0,2.9602499097787693,4.497568776961595,0.0,24.33071442547487,-16.014206509038118,52.062927155107204,20.98334281949046,73.04626997459766
4.709999999999703,7.23,6.349716160774519,-0.9520480485061793,6.340079267747786,-11.607752704382213,-47.431901056352764,116.88825670400043,0.0,-0.7077603239205514,0.3693241560283298,0.0,2.992201492816459,4.499954640402711,0.0,23.704228031434464,-15.761898101126741,51.891155083766044,21.151529985899053,73.0426850696651
4.711999999999703,7.23,6.362303304997471,-0.9750336416162831,6.247972581863803,-11.37973507099708,-44.70930998517884,111.20487581027592,0.0,-0.70174572597104,0.3783249236335642,0.0,3.0220830635795113,4.5005956234398905,0.0,23.09593212367807,-15.508575119486444,51.71839454940975,21.320840399301662,73.03923494871141
4.713999999999703,7.23,6.374711544401032,-0.9975742675232967,6.161107780792085,-11.162639731256784,-42.18667955135594,105.95871374696188,0.0,-0.6956732849116083,0.3873253925035115,0.0,3.050071343456123,4.499681194655345,0.0,22.505250258013493,-15.25499605856703,51.54474136015173,21.49116896049363,73.03591032064537
4.715999999999703,7.23,6.386950976081311,-1.019690925156726,6.079104635207626,-10.955635026467938,-39.84468421238537,101.10778856484768,0.0,-0.6895466277458691,0.3963226194802316,0.0,3.0763228143457058,4.4973754134018815,0.0,21.931544593387724,-15.001752085322291,51.37028188971526,21.66242088584926,73.03270277556452
4.717999999999702,7.23,6.399030973858434,-1.0414030308984197,6.001619384471101,-10.757968514586551,-37.666139077187566,96.61477471382327,0.0,-0.6833690864347939,0.40531396748154547,0.0,3.100976463150971,4.493820891203356,0.0,21.374142704899036,-14.749300217475575,51.195094228788136,21.834510454239187,73.02960468302732
4.719999999999702,7.23,6.410960257103788,-1.0627285680756138,5.92834071015967,-10.568958212056675,-35.6357491814263,92.44645733718504,0.0,-0.6771437304976416,0.41429706598122606,0.0,3.1241561040353703,4.489142057046715,0.0,20.832357049050245,-14.497989729256037,51.019249168157174,22.00735993529612,73.0266091034533
4.721999999999702,7.23,6.422746951997705,-1.0836842199897716,5.858986183942966,-10.387984868113179,-33.73988581215798,88.57324539928081,0.0,-0.6708733953310357,0.42326977743558125,0.0,3.145972349537133,4.483447861067472,0.0,20.305498974917185,-14.248083238205568,50.84281104174437,22.180898669177584,73.02370971092195
4.723999999999702,7.23,6.434398646112934,-1.1042854884301176,5.793299136940657,-10.214485156546095,-31.96638847451708,84.96874060526235,0.0,-0.6645607068879422,0.4322301686446557,0.0,3.166524288944654,4.4768340230968615,0.0,19.79288868317456,-13.999773598998575,50.665838452433114,22.3550622733995,73.02090072583262
4.7259999999997016,7.23,6.445922437116874,-1.1245467993979779,5.7310459012402495,-10.047945677600884,-30.30439045294724,81.60935766847672,0.0,-0.6582081032522936,0.44117648622624417,0.0,3.1859009219659224,4.469384910705282,0.0,19.293862174234693,-13.75319747957843,50.48838489940144,22.52979195667661,73.01817685607804
4.727999999999701,7.23,6.457324976291182,-1.1444815975627558,5.672013378652684,-9.887897672245943,-28.74416566848947,78.47399092875858,0.0,-0.651817853557698,0.45010713553219994,0.0,3.204182387258986,4.461175114310785,0.0,18.807775961142077,-13.508446302609357,50.310499322341705,22.70503392322303,73.01553324556474
4.729999999999701,7.23,6.4686125074821925,-1.1641024307849401,5.616006896434218,-9.733912361153411,-27.276994510747716,75.5437222715262,0.0,-0.6453920746267379,0.4590206624576064,0.0,3.2214410184845184,4.452270773530261,0.0,18.33401012650537,-13.265575087205217,50.13222657525934,22.880738853813657,73.01296542907299
4.731999999999701,7.23,6.479790902019622,-1.1834210258762157,5.5628483142586544,-9.585596830652072,-25.895046427708614,72.80156552312792,0.0,-0.6389327456478804,0.4679157376907074,0.0,3.2377422549051547,4.442730698400969,0.0,17.87197015703635,-13.024609611531769,49.953607840371646,23.05686145222112,73.01046929259277
4.733999999999701,7.23,6.4908656900739325,-1.202448356620694,5.51237435099667,-9.44259039721108,-24.591277226406746,70.23224286639388,0.0,-0.6324417211577389,0.4767911430299486,0.0,3.25314542895018,4.432607320754647,0.0,17.42108788075555,-12.785552228202052,49.774680990865335,23.233360047528574,73.00804103839391
4.7359999999997004,7.23,6.501842088863807,-1.221194704953031,5.46443510375941,-9.304561390504636,-23.359339234696634,67.82198924918444,0.0,-0.625920742555509,0.48564575945820976,0.0,3.2677044493943708,4.421947504396773,0.0,16.980821750843454,-12.548386595370356,49.595480909832766,23.410196244364624,73.00567715419739
4.7379999999997,7.23,6.512725028073676,-1.2396697160770611,5.418892735161185,-9.171204302723114,-22.19350267678682,65.55838119904465,0.0,-0.619371448342299,0.4944785567160137,0.0,3.2814683957075346,4.410793237455831,0.0,16.550656659349563,-12.313081532515588,49.416039771528986,23.587334614374203,73.00337438590319
4.7399999999997,7.23,6.523519172796295,-1.2578824482107989,5.375620307854798,-9.042237258543352,-21.088586810035416,63.43018688115592,0.0,-0.6127953832495996,0.5032885841578686,0.0,3.2944820365895575,4.399182226031897,0.0,16.130103418298216,-12.079594167629734,49.23638729012508,23.7647424232865,73.00112971341159
4.7419999999997,7.23,6.534228944276271,-1.2758414175585424,5.334500748115263,-8.917399766098603,-20.03989955118494,61.427234630124445,0.0,-0.606194006397273,0.5120749627105954,0.0,3.306786283610651,4.38714840486794,0.0,15.71869801132157,-11.847872509254861,49.056550940330084,23.942389388807232,72.99894032913731
4.7439999999997,7.23,6.544858538696424,-1.293554639036791,5.295425922625269,-8.796450714465971,-19.043184483772208,59.54029754227969,0.0,-0.5995686986013766,0.5208368777810866,0.0,3.3184185891456686,4.374722378016975,0.0,15.31600069297053,-11.617857550530976,48.87655615359382,24.120247465281867,72.99680361887569
4.745999999999699,7.23,6.55541194421928,-1.3110296632163334,5.258295814684005,-8.679166587692958,-18.094574284143317,57.760992032426955,0.0,-0.5929207689352789,0.5295735729845685,0.0,3.3294132963571617,4.361931800249009,0.0,14.921594993209965,-11.389484991584148,48.696426493049174,24.298290651676034,72.9947171447252
4.747999999999699,7.23,6.565892956470285,-1.328273609886909,5.223017787855222,-8.565339869291826,-17.190549731846108,56.08168853849962,0.0,-0.586251460633192,0.5382843445840553,0.0,3.339801947790324,4.3488017081276045,0.0,14.535086669729676,-11.162686650011759,48.516183809891785,24.47649481992134,72.99267862981313
4.749999999999699,7.23,6.576305192626947,-1.345293198602164,5.1895059266243555,-8.454777614514228,-16.32790358234573,54.49543280185232,0.0,-0.5795619564132001,0.5469685365480093,0.0,3.3496135581503466,4.335354808204342,0.0,14.156102639434334,-10.937391615994853,48.335848383510765,24.654837561095498,72.99068594460627
4.751999999999699,7.23,6.586652104258624,-1.3620947765202505,5.157680444978991,-8.34730017064604,-15.503708677515974,52.99587636329919,0.0,-0.572853383286526,0.5556255361468476,0.0,3.3588748560033386,4.321611728564769,0.0,13.784289911937382,-10.713527197975125,48.15543904735595,24.83329804726,72.98873709461594
4.7539999999996985,7.23,6.596936989044711,-1.378684343818489,5.1274671549897315,-8.242740028094122,-14.715289753783866,51.577215098869374,0.0,-0.5661268169110449,0.5642547700203915,0.0,3.367610498447239,4.307591238960173,0.0,13.419314541419174,-10.49101969632517,47.97497330225599,25.01185690707821,72.9868302093342
4.755999999999698,7.23,6.60716300148415,-1.3950675769282985,5.098796988474166,-8.140940787226311,-13.960198480718525,50.234134778052976,0.0,-0.5593832855395606,0.5728557006579547,0.0,3.3758432622155574,4.293310443934544,0.0,13.060860608321862,-10.269795035584005,47.7944674186689,25.19049611358982,72.98496353225872
4.757999999999698,7.23,6.617333162696237,-1.4112498498084631,5.0716055656967285,-8.041756227820327,-13.236191325712541,48.96176276420617,0.0,-0.5526237736069146,0.5814278232408846,0.0,3.3835942141849613,4.278784952672753,0.0,12.708629238667271,-10.049779280287463,47.61393652914835,25.36919888273348,72.98313541188182
4.759999999999698,7.23,6.627450369401411,-1.4272362534501961,5.045832805810535,-7.945049469617218,-12.541209894541044,47.75562509468978,0.0,-0.5458492249945045,0.589970662804242,0.0,3.390882863842727,4.2640290287279825,0.0,12.362337666014023,-9.830899054931978,47.433394712143404,25.54794958139264,72.98134429353604
4.761999999999698,7.23,6.6375174021607375,-1.4430316137859047,5.0214225743999945,-7.8506922138959405,-11.87336344418649,46.61160827980946,0.0,-0.539060546006058,0.5984837716801347,0.0,3.3977272999182535,4.249055722312976,0.0,12.021718338999818,-9.613081884958849,47.25285506810504,25.726733643896807,72.97958871200186
4.763999999999697,7.23,6.647536932944147,-1.4586405081546563,4.998322364049149,-7.758564057218081,-11.230913304431608,45.52592524699109,0.0,-0.5322586080843414,0.6069667271901671,0.0,3.4041443130842945,4.233876987443667,0.0,11.686518075878434,-9.396256472670535,47.07232978874947,25.905537496044538,72.977867284794
4.765999999999697,7.23,6.657511532089815,-1.4740672804607395,4.97648300435233,-7.668551869561837,-10.612258979262533,44.49508493184756,0.0,-0.5254442502950079,0.6154191295587224,0.0,3.4101495063795007,4.218503785891548,0.0,11.356497266332319,-9.180352919559743,46.89183022022472,26.084348485830084,72.97617870605481
4.767999999999697,7.23,6.667443674710335,-1.4893160551471034,4.955858398211175,-7.580549229994725,-10.015925728879399,43.51586508259816,0.0,-0.5186182816006513,0.6238406000224056,0.0,3.415757394786928,4.2029461796216925,0.0,11.031429120023862,-8.965302904540406,46.71136692083496,26.263154820155087,72.97452174099004
4.769999999999697,7.23,6.677335746595429,-1.5043907500925855,4.936405281634187,-7.494455913844374,-9.440553458762942,42.58528790017051,0.0,-0.5117814829455023,0.6322307791141013,0.0,3.420981495217741,4.187213413157461,0.0,10.711098960766874,-8.75103982593483,46.530949713898934,26.44194550689268,72.97289522079161
4.7719999999996965,7.23,6.687190049655688,-1.5192950885304806,4.918083004579468,-7.410177426032732,-8.884886764381347,41.700598184527635,0.0,-0.504934609168809,0.6405893251027565,0.0,3.425834407990137,4.17131398711363,0.0,10.395303564798843,-8.537498913725452,46.35058773625117,26.620710301745248,72.97129803799642
4.773999999999696,7.23,6.697008806947199,-1.534032610075962,4.9008533306645345,-7.3276245758553396,-8.34776599923902,40.85924369940716,0.0,-0.4980783907629686,0.6489159125723316,0.0,3.4303278907570096,4.15525572397027,0.0,10.08385054136798,-8.32461731747012,46.170289482836814,26.799439659402204,72.96972914223902
4.775999999999696,7.23,6.706794167312841,-1.5486066809409842,4.884680253814777,-7.246713089026059,-7.828119250502604,40.05885750367656,0.0,-0.4912135354906399,0.6572102311253449,0.0,3.434472925717925,4.139045827015919,0.0,9.776557753686108,-8.112334174362223,45.99006284779833,26.978124688559717,72.96818753635804
4.777999999999696,7.23,6.716548209672368,-1.5630205034074123,4.869529830139027,-7.1673632532793645,-7.324955120752719,39.29724202869399,0.0,-0.48434072987351756,0.6654719841981687,0.0,3.4382797808493972,4.122690933265888,0.0,9.473252778210883,-7.900590661157181,45.809915162408586,27.156757110413388,72.96667227282197
4.779999999999696,7.23,6.726272946990189,-1.5772771246221386,4.855370023510909,-7.089499594235838,-6.837356226815966,38.572354708099674,0.0,-0.477460640564098,0.6737008879767532,0.0,3.4417580657994993,4.106197161056551,0.0,9.173772400189879,-7.689330033056225,45.6298532301665,27.33532922027767,72.96518245044417
4.781999999999695,7.23,6.735970329946878,-1.5913794447717224,4.842170563501723,-7.013050578599679,-6.364473337402094,37.882294989938536,0.0,-0.4705739156104791,0.6818966704027369,0.0,3.4449167830164824,4.089570152926833,0.0,8.877962143409727,-7.478497652113593,45.44988335933675,27.51383385202282,72.96371721135958
4.783999999999695,7.23,6.74564225033788,-1.6053302246885561,4.8299028144575695,-6.937948342076348,-5.905520080629002,37.22529258141739,0.0,-0.46368118562327326,0.6900590702610833,0.0,3.447764374614905,4.072815114320725,0.0,8.585675832132791,-7.268041007296404,45.27001139318446,27.692264345053477,72.96227573823793
4.785999999999695,7.23,6.755290544220614,-1.6191320929356228,4.818539654642984,-6.864128439679719,-5.459768160663841,36.59969679436736,0.0,-0.45678306485264536,0.6981878363413365,0.0,3.450308765424909,4.0559368485785345,0.0,8.296775183264957,-7.057909727961252,45.09024273813253,27.870614513581057,72.96085725171359
4.787999999999695,7.23,6.764916994829107,-1.6327875524125028,4.808055364487565,-6.7915296163461205,-5.026543029805304,36.0039668749683,0.0,-0.449880152182744,0.7062827266655186,0.0,3.452557402620064,4.038939788627078,0.0,8.011129426871344,-6.848055592206274,44.91058239004168,28.048878617968327,72.95946100801001
4.7899999999996945,7.23,6.774523335273508,-1.6462989865213473,4.798425523073171,-6.720093595991728,-4.605219968525676,35.43666321481406,0.0,-0.44297303205000643,0.7143435077764116,0.0,3.454517292275084,4.0218280257296986,0.0,7.728614953240156,-6.638432531301448,44.73103495879741,28.227051337946055,72.95808629674346
4.791999999999694,7.23,6.784111251040166,-1.6596686649280015,4.789626912088646,-6.649764887343536,-4.195220531401426,34.89643935221945,0.0,-0.43606227529113784,0.7223699540806816,0.0,3.456195033166161,4.004605335614137,0.0,7.449114984781995,-6.4289966311845985,44.55160469136722,28.405127747522187,72.9567324388894
4.793999999999694,7.23,6.793682382306489,-1.6728987489503024,4.781637426558353,-6.580490605045743,-3.7960093215960065,34.38203468302152,0.0,-0.42914843992602,0.7303618472418776,0.0,3.457596848092778,3.987275202259094,0.0,7.17251927114138,-6.219706131829637,44.372295493476315,28.583103291420862,72.95539878489717
4.795999999999694,7.23,6.803238326083527,-1.685991296602733,4.77443599172126,-6.512220304695637,-3.4070910607043907,33.89226780920442,0.0,-0.422232071880244,0.7383189756188833,0.0,3.458728612970182,3.969840839587952,0.0,6.89872380598595,-6.010521425140758,44.193110950036385,28.760973762904634,72.95408471294101
4.797999999999694,7.23,6.812780638197972,-1.6989482673240563,4.768002485499935,-6.444905830598248,-3.028007924406599,33.42603046164767,0.0,-0.4153137056514876,0.7462411337458528,0.0,3.4595958839152705,3.952305211290175,0.0,6.627630564026307,-5.801405051896695,44.01405434444866,28.93873528284675,72.9527896272954
4.799999999999693,7.23,6.82231083512428,-1.71177152641226,4.762317666054698,-6.378501175149283,-2.6583371175714396,32.982281940306926,0.0,-0.4083938649235723,0.7541281218500877,0.0,3.4602039225256314,3.934671048966164,0.0,6.359147256903235,-5.5923216981598065,43.835128676891784,29.11638427993281,72.95151295682459
4.801999999999693,7.23,6.831830395676588,-1.7244628491890686,4.757363103968005,-6.31296234886295,-2.2976886652598933,32.560044021309665,0.0,-0.40147306313160314,0.7619797454046815,0.0,3.460557719530826,3.916940868770088,0.0,6.093187106659754,-5.383238191471095,43.656336681694754,29.293917471882196,72.95025415357695
4.803999999999693,7.23,6.841340762569294,-1.737023924914408,4.75312111864873,-6.248247260156764,-1.945703398549658,32.15839628589203,0.0,-0.39455180398130496,0.7697958147130812,0.0,3.460662016976943,3.8991169867063133,0.0,5.829668635591555,-5.174123497072971,43.47768084388654,29.471331847589283,72.94901269147582
4.805999999999693,7.23,6.850843343854351,-1.7494563604695206,4.749574718585929,-6.18431560409063,-1.6020511162807598,31.776471830910832,0.0,-0.3876305819253334,0.7775761445230229,0.0,3.460521329089107,3.8812015327187526,0.0,5.568515471341222,-4.964948714332933,43.29916341500547,29.648624650093545,72.94778806509902
4.8079999999996925,7.23,6.860339514242634,-1.761761683825903,4.746707545117521,-6.121128759333751,-1.2664289057441072,31.41345332491828,0.0,-0.3807098825990636,0.7853205536675365,0.0,3.4601399619423656,3.863196463697909,0.0,5.309656166168527,-4.755687073483009,43.12078642824472,29.825793360295265,72.94657978853999
4.809999999999692,7.23,6.869830616316111,-1.7739413473158503,4.744503819411541,-6.058649692701048,-0.9385596070315022,31.068569377552084,0.0,-0.3737901832181424,0.7930288647309949,0.0,3.45952203205847,3.8451035755177965,0.0,5.053024029391801,-4.546313932739181,42.94255171300357,30.002835681341175,72.94538739434475
4.811999999999692,7.23,6.879317961636952,-1.785996730719141,4.742948292386667,-5.996842870661882,-0.6181904072668397,30.741091193335738,0.0,-0.36687195293981356,0.8007009037383426,0.0,3.458671484034431,3.8269245142037525,0.0,4.7985569720528884,-4.3368067758208975,42.76446090890791,30.179749523610248,72.94421043251816
4.813999999999692,7.23,6.888802831759213,-1.7979291441792546,4.742026197324891,-5.935674177278672,-0.3050915522648428,30.43032948394926,0.0,-0.3599556531898891,0.8083364998658771,0.0,3.4575921072985882,3.808660786322273,0.0,4.546197362911607,-4.127145209852974,42.58651547935905,30.356532990236182,72.94304846959523
4.815999999999692,7.23,6.898286479148251,-1.8097398309614834,4.741723204952963,-5.875110838082152,0.0009448356597397565,30.135631615671024,0.0,-0.353041737957,0.8159354851721046,0.0,3.4562875520804464,3.7903137686753894,0.0,4.295891894924385,-3.9173109635984953,42.40871672466352,30.533184363108255,72.94190108777178
4.817999999999691,7.23,6.9077701280126025,-1.8214299700643508,4.742025380790692,-5.8151213494342615,0.30010584396703954,29.85637897104131,0.0,-0.3461306540556235,0.8234976943473489,0.0,3.4547613446721757,3.7718847173744368,0.0,4.047591461406596,-3.7072878859421734,42.23106579479373,30.709702089296897,72.94076788409063
4.819999999999691,7.23,6.917254975052663,-1.8330006786949018,4.742919144583719,-5.755675412969388,0.5925587695610771,29.591984505893855,0.0,-0.33922284135924474,0.8310229644809526,0.0,3.453016902052097,3.753374776361235,0.0,3.801251041118604,-3.497061944517743,42.05356370182442,30.886084767855152,72.93964846967958
4.821999999999691,7.23,6.926742190130191,-1.8444530146176386,4.744391231656178,-5.696743874740511,0.8784520403403617,29.341890484775448,0.0,-0.3323187330048448,0.8385111348450186,0.0,3.451057545933461,3.7347849854387762,0.0,3.556829591552634,-3.2866212243500965,41.87621133208594,31.062331136950917,72.93854246903686
4.823999999999691,7.23,6.936232916862299,-1.8557879783861673,4.746428656034873,-5.638298668729026,1.1579160663873418,29.105566379446536,0.0,-0.3254187555698288,0.8459620466937752,0.0,3.4488865162955635,3.716116287868112,0.0,3.3142899497307443,-3.0759559263625356,41.69900945807265,31.23844006128879,72.93744951936145
4.8259999999996905,7.23,6.945728273143365,-1.8670065154659654,4.749018675211449,-5.580312764406134,1.4310640279034819,28.882506916656684,0.0,-0.31852332922235393,0.8533755430777396,0.0,3.446506984448407,3.6973695375834876,0.0,3.073598739854335,-2.865058365581504,41.52195875014127,31.414410519783708,72.93636926992498
4.82799999999969,7.23,6.955229351597991,-1.878109518256083,4.752148756422675,-5.522760118059916,1.6979926064170818,28.672230262732505,0.0,-0.31163286784596655,0.8607514686719843,0.0,3.443922065676784,3.6785455060734455,0.0,2.834726287172392,-2.6539229688551,41.34505978803009,31.59024159345205,72.93530138148213
4.82999999999969,7.23,6.964737219967965,-1.8890978280170438,4.755806544341475,-5.465615627625912,1.9587826652737286,28.474276333724212,0.0,-0.3047477791393267,0.8680896696178533,0.0,3.4411348315047214,3.6596448889720357,0.0,2.597646537459831,-2.442546271887464,41.168313072229516,31.765932453488382,72.9342455257179
4.83199999999969,7.23,6.974252921435922,-1.8999722367117093,4.759979830082884,-5.408855090780416,2.2134998849572334,28.288205220941837,0.0,-0.2978684646917559,0.8753899933776228,0.0,3.4381483216166124,3.6406683124007433,0.0,2.362336981518367,-2.2309269153784417,40.99171903522832,31.941482349499715,72.93320138472804
4.83399999999969,7.23,6.983777474888269,-1.9107334887654042,4.764656521439791,-5.3524551660750745,2.462195358374918,28.11359572269011,0.0,-0.29099532003526796,0.8826522886016186,0.0,3.4349655554671674,3.621616339098848,0.0,2.128778584131526,-2.0190656400471845,40.81527805266143,32.11689059787075,72.93216865053218
4.835999999999689,7.23,6.993311875119741,-1.921382282751183,4.769824614273229,-5.296393336908808,2.704906150869381,27.95004397389272,0.0,-0.28412873467364463,0.8898764050074146,0.0,3.4315895436080557,3.602489474377256,0.0,1.8969557169218068,-1.8069652803084655,40.638990454378934,32.29215657023718,72.93114702461611
4.837999999999689,7.23,7.002857092981844,-1.9319192730057193,4.775472164991121,-5.2406478781489385,2.941655829385886,27.79716216609083,0.0,-0.2772690920891444,0.8970621932707963,0.0,3.4280232987556816,3.583288171928266,0.0,1.6668560945726367,-1.594630756362816,40.46285653545682,32.467279682045884,72.9301362175027
4.839999999999689,7.23,7.0124140754772855,-1.9423450711809391,4.781587264057999,-5.185197825227679,3.172454964921663,27.654577351020464,0.0,-0.270416769727301,0.9042095049282182,0.0,3.424269846620534,3.5640128395217348,0.0,1.4384707138907615,-1.3820690644548417,40.286876567165514,32.64225938118336,72.92913594834887
4.841999999999689,7.23,7.021983745802425,-1.9526602477361896,4.788158010486126,-5.130022945553062,3.39730161211158,27.521930321622754,0.0,-0.2635721389602933,0.9113181922905715,0.0,3.4203322365153923,3.5446638446159078,0.0,1.2117937951955404,-1.1692892650489832,40.111050807911305,32.81709513665634,72.92814594456765
4.8439999999996886,7.23,7.0315670033396405,-1.9628653333754176,4.795172487265965,-5.075103712085113,3.6161817695552982,27.39887456493015,0.0,-0.2567355650293045,0.918388108368108,0.0,3.4162135517562584,3.5252415199094798,0.0,0.9868227255317324,-0.9563024686686192,39.9353795141637,32.991786427310146,72.92716594147385
4.845999999999688,7.23,7.041164723601477,-1.972960820433549,4.802618737700872,-5.020421278938599,3.8290698242643333,27.28507528180509,0.0,-0.24990740696628133,0.9254191068064284,0.0,3.4119169198667523,3.5057461688596474,0.0,0.7635580032107432,-0.7431218191423788,39.75986295137875,33.16633273057295,72.9261956819517
4.847999999999688,7.23,7.050777758128334,-1.9829471642159933,4.81048474261746,-4.965957458883287,4.035928983398193,27.180208468991157,0.0,-0.24308801749546716,0.932411041833499,0.0,3.4074455225935862,3.4861780711894403,0.0,0.5420031831929806,-0.5297624740012985,39.58450140492777,33.34073351121619,72.92523491614396
4.849999999999688,7.23,7.06040693434144,-1.992824784294944,4.818758398429233,-4.911694702621237,4.236711696264693,27.083960059376647,0.0,-0.23627774291509795,0.9393637682176859,0.0,3.4028026057378202,3.4665374884060007,0.0,0.32216482283080766,-0.31624158177208245,39.40929519103718,33.514988210123256,72.92428340116044
4.851999999999688,7.23,7.0700530553527825,-2.0025940657659165,4.827427496036818,-4.8576160797284835,4.431360069378966,26.996025116769083,0.0,-0.2294769229596082,0.9462771412368572,0.0,3.397991488803697,3.4468246693501934,0.0,0.10405242749777734,-0.1025782559150208,39.23424466774529,33.68909623306068,72.92334090080597
4.8539999999996875,7.23,7.079716899733674,-2.0122553604677447,4.836479700553581,-4.80370526115547,4.619806277204744,26.916107081841123,0.0,-0.22268589064272926,0.9531510166586299,0.0,3.393015574463939,3.4270398557964805,0.0,-0.11232160436412658,0.11120645483934252,39.05935024587765,33.86305693944835,72.922407185326
4.855999999999687,7.23,7.0893992212435855,-2.021808988169055,4.8459025318504745,-4.749946503186962,4.801972971039651,26.84391706623776,0.0,-0.2159049720818399,0.9599852507318858,0.0,3.3878783578377307,3.4071832881207063,0.0,-0.3269420372418708,0.32508959999332776,38.88461240004261,34.03686963112702,72.92148203116963
4.857999999999687,7.23,7.099100748520891,-2.0312552377240407,4.855683345918732,-4.696324632767873,4.977773688350042,26.779173192133605,0.0,-0.20913448630395481,0.9667797001897009,0.0,3.382583435574821,3.3872552110521337,0.0,-0.5397908560500628,0.5390463648537857,38.71003167964518,34.21053354112353,72.92056522076871
4.859999999999687,7.23,7.108822184737147,-2.040594368200179,4.8658093170534915,-4.642825034106583,5.1471132647103435,26.721599974799496,0.0,-0.2023747450337423,0.973534222263879,0.0,3.3771345147365013,3.3672558795247935,0.0,-0.750847325581516,0.753050112389079,38.53560871991641,34.38404782241622,72.91965654233263
4.861999999999687,7.23,7.118564207216582,-2.0498266099803626,4.876267420865592,-4.589433636471965,5.309888250353741,26.67092774598415,0.0,-0.19562605246399856,0.980248674711299,0.0,3.371535421461666,3.3471855646418454,0.0,-0.9600880523535454,0.9670724295736746,38.361344252952975,34.557411536705,72.91875578965798
4.863999999999686,7.23,7.128327467022431,-2.058952165841755,4.887044418132641,-4.536136903104503,5.465987333194609,26.62689211613837,0.0,-0.18888870500901123,0.9869229158523128,0.0,3.365790109403511,3.3270445597654175,0.0,-1.1674870492864327,1.1810831784056497,38.18723911875981,34.730623643192544,72.91786276195236
4.865999999999686,7.23,7.1381125885118335,-2.067971212013513,4.898126839504047,-4.482921821165614,5.615291770038088,26.58923347371033,0.0,-0.18216299104129652,0.9935568046214638,0.0,3.359902667919958,3.3068331867429412,0.0,-1.3730158036421354,1.3950505517628597,38.013294276286615,34.90368298738538,72.916977263672
4.867999999999686,7.23,7.147920168861007,-2.0768838992153897,4.909500971077975,-4.429775892652643,5.757675827544604,26.557696519921457,0.0,-0.17544919061221453,1.0001502006307943,0.0,3.3538773299984244,3.286551802279631,0.0,-1.5766433486416116,1.6089411342410946,37.83951081444687,35.07658828992505,72.91609910437191
4.869999999999686,7.23,7.157750777562463,-2.0856903536790745,4.921152840871182,-4.376687126210045,5.893007234370373,26.532029837594166,0.0,-0.16874757515701966,1.0067029642460588,0.0,3.347718479893162,3.2662008044653326,0.0,-1.7783363391682578,1.822719968092617,37.66588996310679,35.249338135462416,72.9152280985692
4.8719999999996855,7.23,7.167604955896077,-2.0943906781539945,4.9330682062053866,-4.323644029769931,6.021147645753302,26.51198549274798,0.0,-0.16205840718494502,1.01321495667615,0.0,3.341430660451036,3.245780639462355,0.0,-1.978059131952059,2.0363506243553804,37.49243310402812,35.42193096158952,72.91436406561763
4.873999999999685,7.23,7.1774832163758635,-2.102984952899172,4.945232542036201,-4.27063560395764,6.141953121660402,26.497318667808756,0.0,-0.15538193995496496,1.0196860400760632,0.0,3.335018580099436,3.225291808359369,0.0,-2.175773870614779,2.2497952792328073,37.319141781748584,35.594365047845585,72.91350682959417
4.875999999999685,7.23,7.187386042174386,-2.1114732366626106,4.957631030252724,-4.217651336200148,6.255274619455376,26.487787325389323,0.0,-0.1487184171379502,1.0261160776637408,0.0,3.3284871194678174,3.2047348741947452,0.0,-2.3714405759396073,2.4630147957502038,37.146017714379965,35.76663850481615,72.91265621919612
4.877999999999685,7.23,7.19731388652675,-2.1198555676495427,4.970248549977684,-4.164681195477148,6.3609585018828865,26.483151901698292,0.0,-0.1420680724659611,1.0325049338511343,0.0,3.321841337612289,3.1841104691509377,0.0,-2.565017241709871,2.675968810677654,36.973062804303495,35.93874926334564,72.91181206764914
4.879999999999685,7.23,7.207267172116229,-2.1281319644807817,4.983069668899391,-4.111715627656407,6.458847061000561,26.48317502871967,0.0,-0.1354311293695254,1.038852474389826,0.0,3.3150864778108953,3.1634193019196357,0.0,-2.7564599364400375,2.8886158266704505,36.80027914873869,36.11069506388622,72.91097421262491
4.881999999999684,7.23,7.217246290443611,-2.136302427142275,4.9960786356679225,-4.05874555135665,6.548779058518463,26.487621284376903,0.0,-0.12880780060377883,1.04515856653155,0.0,3.3082279728952515,3.142662165235481,0.0,-2.945722911297881,3.1009133095360513,36.62766905016166,36.28247344600726,72.91014249616892
4.883999999999684,7.23,7.227251601182432,-2.1443669379268693,5.009259373388625,-4.005762354282747,6.630590282831237,26.496256969957145,0.0,-0.12219828786443498,1.0514230792039487,0.0,3.3012714500827536,3.1218399435740425,0.0,-3.1327587144899516,3.3128177904929594,36.455235026545026,36.454081738091965,72.909316764637
4.885999999999684,7.23,7.237283431522315,-2.1523254623691694,5.022595474246502,-3.9527578899793583,6.70411412284792,26.50884991411777,0.0,-0.11560278139462454,1.0576458832018805,0.0,3.2942227352720073,3.1009536210076134,0.0,-3.317518312352202,3.5242849732401766,36.28297982139191,36.625517047249076,72.90849686864098
4.887999999999684,7.23,7.247342075502728,-2.160177950174281,5.036070195294998,-3.899724474950524,6.769182158541889,26.52516930283657,0.0,-0.10902145958371146,1.0638268513945965,0.0,3.2870878567629402,3.08000428921007,0.0,-3.499951217354678,3.735269845607856,36.11090641353278,36.7967762494698,72.90768266300259
4.8899999999996835,7.23,7.2574277933395,-2.1679243361411165,5.049666455442406,-3.8466548860939214,6.825624767955371,26.544985534693232,0.0,-0.10245448855927408,1.0699658589490586,0.0,3.279873048361969,3.0589931555997736,0.0,-3.680005623192487,3.9457267955092843,35.939018026654146,36.96785598006114,72.90687400671528
4.891999999999683,7.23,7.267540810746539,-2.1755645410808393,5.063366833668377,-3.7935423583997236,6.873271750204201,26.568070100887223,0.0,-0.09590202177353013,1.0760627835696817,0.0,3.2725847518318245,3.0379215516068836,0.0,-3.857628547095616,4.155609730863092,35.767318138524764,37.138752624389085,72.90607076291386
4.893999999999683,7.23,7.277681318255243,-2.1830984727309337,5.077153568501925,-3.740380582865181,6.911952963835631,26.594195489405767,0.0,-0.08936419958555031,1.0821175057547112,0.0,3.265229618645087,3.0167909410490212,0.0,-4.032765979446839,4.364872203101763,35.595810489885224,37.309462308965614,72.90527279885083
4.895999999999683,7.23,7.28784947053415,-2.190526026665276,5.0910085587908105,-3.687163704577203,6.941498979699824,26.62313511275452,0.0,-0.08284114884069016,1.0881299090694547,0.0,3.2578145110001553,2.995602928596556,0.0,-4.205363040750301,4.5734675338292154,35.424499092964126,37.479980892915776,72.9044799858799
4.897999999999683,7.23,7.298045385711441,-2.197847087200501,5.104913365790355,-3.6338863209164143,6.961741747301809,26.654663258655646,0.0,-0.07633298244877262,1.0940998804365079,0.0,3.2503465020585462,2.974359268305998,0.0,-4.3753641459432195,4.78134894413698,35.25338823958419,37.65030395986125,72.90369219944543
4.899999999999682,7.23,7.308269144702963,-2.2050615282988626,5.118849216597426,-3.580543479837353,6.972515273409349,26.688555063101557,0.0,-0.06983979896259784,1.1000273104431044,0.0,3.242832875362586,2.953061872197362,0.0,-4.542713175989901,4.98846968603518,35.08248250881934,37.8204268102587,72.90290931907805
4.901999999999682,7.23,7.318520790548484,-2.2121692144676905,5.1327970089527435,-3.5271306781807357,6.973656311501783,26.72458650513042,0.0,-0.06336168215848281,1.1059120936656357,0.0,3.235281123393447,2.931712818848351,0.0,-4.7073536566401915,5.194783175402459,34.91178677416403,37.99034445423126,72.90213122839529
4.903999999999682,7.23,7.328800327758942,-2.21917000165547,5.146737317431606,-3.473643859974999,6.965005060460046,26.762534422660224,0.0,-0.05689870062056723,1.1117541290113568,0.0,3.227698945230391,2.9103143619755767,0.0,-4.869228944175171,5.400243125808202,34.741306210175175,38.16005160493262,72.90135781510779
4.905999999999682,7.23,7.33910772167747,-2.2260637381444788,5.160650401039779,-3.42007941468569,6.946405870716348,26.80217654868482,0.0,-0.050450907330734984,1.1175533200772088,0.0,3.220094243273597,2.8888689389699564,0.0,-5.028282417899756,5.604803682511827,34.571046298545994,38.32954267248334,72.90058897102934
4.9079999999996815,7.23,7.349442897857036,-2.232850265439837,5.174516212227527,-3.366434175372717,6.917707955910083,26.843291567095545,0.0,-0.04401833926606369,1.123309575525646,0.0,3.2124751189948033,2.8673791793506997,0.0,-5.184457679076852,5.808419555898198,34.40101283357198,38.49881175851943,72.89982459209142
4.909999999999681,7.23,7.359805741457535,-2.239529419154747,5.188314407330722,-3.312705416716972,6.87876610792942,26.88565918735055,0.0,-0.03760101700576435,1.1290228094772488,0.0,3.2048498676821744,2.8458479130994494,0.0,-5.33769875593,6.011046153565752,34.231211926968456,38.66785265139276,72.89906457836122
4.911999999999681,7.23,7.370196096665194,-2.2461010298916273,5.20202435844354,-3.2588908528794507,6.8294414130648216,26.92906023716714,0.0,-0.031198944349665747,1.1346929419198597,0.0,3.1972269721485023,2.824278178833304,0.0,-5.487950314271773,6.212639710245831,34.06165001199945,38.8366588220632,72.89830883406265
4.913999999999681,7.23,7.380613766137154,-2.252564924118763,5.2156251667225755,-3.20498863515769,6.7696019668564205,26.973276772365143,0.0,-0.024812107950350826,1.1403198991338597,0.0,3.1896150953750246,2.8026732317727903,0.0,-5.635157873244145,6.4131574146985955,33.892333846879,39.005223420721066,72.89755726760006
4.915999999999681,7.23,7.391058510474089,-2.2589209250420423,5.229095677117242,-3.150997349406127,6.6991235850879605,27.018092202938924,0.0,-0.018440476961076424,1.1459036141331442,0.0,3.182023072066466,2.781036551458319,0.0,-5.77926802558502,6.612557532702808,33.72327051740549,39.17353927417841,72.8968097915839
4.91799999999968,7.23,7.4015300477237025,-2.2651688534712724,5.242414494516101,-3.096916013188891,6.61789050826521,27.063291434386542,0.0,-0.012084002701703955,1.1514440271212392,0.0,3.1744598990971715,2.75937184916604,0.0,-5.920228661762201,6.810799525236063,33.55446743879211,39.341598884065874,72.89606632285799
4.91999999999968,7.23,7.41202805291792,-2.271308528680503,5.255560001293342,-3.0427440726355313,6.525796096818483,27.10866102327354,0.0,-0.0057426183448547885,1.156941085961901,0.0,3.1669347248323327,2.7376830749719434,0.0,-6.05798919724386,7.007844160926972,33.385932356657044,39.509394425870866,72.89532678252792
4.92199999999968,7.23,7.4225521576465585,-2.2773397692617463,5.26851037623404,-2.988481398972262,6.422743514188854,27.153989345960813,0.0,0.000583761375442915,1.1623947466634552,0.0,3.1594568373132788,2.715974424410796,0.0,-6.192500802102558,7.203653621854452,33.217673347138856,39.67691774885088,72.89459109598974
4.92399999999968,7.23,7.433101949670204,-2.283262393971413,5.281243614811057,-2.934128284703522,6.308646394896736,27.199066779378462,0.0,0.006895240430336513,1.1678049738759966,0.0,3.1520356513010293,2.6942503446747654,0.0,-6.323716632079734,7.398191601770674,33.04969881610508,39.84416037685388,72.89385919295896
4.9259999999996795,7.23,7.443676972574964,-2.28907622256874,5.2937375507806195,-2.8796854394208973,6.183429494651463,27.243685892683438,0.0,0.013191941735671953,1.1731717414004843,0.0,3.1446806941779006,2.672515540294932,0.0,-6.45159206016919,7.591423395834221,32.8820174974233,40.011113510075255,72.89313100749855
4.927999999999679,7.23,7.454276725471698,-2.2947810766454486,5.3059698790576935,-2.8251539852188468,6.047029319540901,27.287641648598477,0.0,0.019474007362180412,1.1784950327086312,0.0,3.137401590713057,2.6507749782476484,0.0,-6.576084907713147,7.7833159809598245,32.71463845026781,40.1777680277783,72.89240647804611
4.929999999999679,7.23,7.46490066274225,-2.3003767804458235,5.317918179826358,-2.7705354516990943,5.899394731344153,27.33073161319282,0.0,0.02574159871407955,1.183774841472384,0.0,3.1302080467041344,2.6290338924268233,0.0,-6.697155673942994,7.973838085919659,32.54757105543708,40.34411449200222,72.8916855474393
4.931999999999679,7.23,7.47554819383508,-2.305863161676378,5.329559943834485,-2.715831770548073,5.740487526036319,27.37275617283438,0.0,0.03199489667383515,1.1890111721016596,0.0,3.1231098315139514,2.6072977874224734,0.0,-6.814767762839791,8.162960250370762,32.380825010660715,40.510143152278296,72.890968162939
4.933999999999679,7.23,7.486218683112641,-2.3112400523042353,5.340872598816216,-2.6610452696743696,5.570282982603818,27.413518757017126,0.0,0.03823410171092001,1.1942040402889047,0.0,3.116116759528065,2.5855724415459185,0.0,-6.928887706138605,8.350654872031761,32.214410324878074,40.67584395137172,72.89025427624979
4.935999999999678,7.23,7.496911449752658,-2.3165072893433347,5.3518335369800365,-2.606178666895732,5.388770379361153,27.452826065747928,0.0,0.044459433952434346,1.1993534735588915,0.0,3.10923867056633,2.563863909042114,0.0,-7.03948538125527,8.536896241291771,32.048337311474796,40.841206532062266,72.88954384353707
4.937999999999678,7.23,7.507625767705408,-2.3216647156275565,5.362420143494717,-2.551235063167847,5.1959534750562915,27.490488300165232,0.0,0.05067113321353445,1.2044595118220847,0.0,3.1024854092889247,2.5421785214303734,0.0,-7.146534222876306,8.721660562603791,31.882616580466948,41.0062202449734,72.88883682544035
4.939999999999678,7.23,7.518360865708901,-2.3267121805698396,5.372609825900082,-2.4962179353497587,4.9918509521701155,27.526319395055552,0.0,0.056869458985706056,1.2095222079297638,0.0,3.0958668036448937,2.5205228879159614,0.0,-7.250011426922664,8.90492596209441,31.71725902962757,41.17087415745481,72.88813318708239
4.941999999999678,7.23,7.529115927363749,-2.331649540906367,5.382380044364517,-2.441131128503462,4.776496819955921,27.560137251937263,0.0,0.06305469038102662,1.2145416282289996,0.0,3.0893926424188476,2.4989038948167197,0.0,-7.349898145576506,9.086672480910835,31.552275834553992,41.33515706351908,72.88743289807307
4.9439999999996775,7.23,7.539890091269319,-2.3364766614248818,5.391708342706366,-2.3859788477278614,4.549940774926868,27.59176397139061,0.0,0.06922712603066794,1.2195178531154456,0.0,3.083072651939201,2.4773287039511254,0.0,-7.446179672048239,9.266882053924826,31.38767843768038,41.499057494828136,72.88673593250851
4.945999999999677,7.23,7.55068245122263,-2.3411934156762095,5.400572380091983,-2.3307656495299094,4.312248516680288,27.6210260833316,0.0,0.075387083936033,1.2244509775818329,0.0,3.076916472018863,2.455804749936927,0.0,-7.53884561375918,9.44553847352015,31.223478536243068,41.66256373272074,72.8860422689638
4.947999999999677,7.23,7.5614920564812405,-2.345799686668064,5.408949963319154,-2.2754964327383154,4.0635020171479805,27.647754773953313,0.0,0.0815349012710791,1.2293411117599247,0.0,3.070933631206856,2.434339736352902,0.0,-7.627890052624197,9.622627338305108,31.05968806921329,41.82566382126661,72.8853518904799
4.949999999999677,7.23,7.572317912091212,-2.350295367540229,5.416819079591013,-2.220176428967741,3.803799741577841,27.671786108093364,0.0,0.08767093413451377,1.234188381453626,0.0,3.06513352143671,2.4129416307199953,0.0,-7.713311691138421,9.798135986714044,30.89631920321541,41.98834558132813,72.88466478454355
4.951999999999677,7.23,7.5831589792810306,-2.354680362220226,5.424157929682416,-2.1648111926438354,3.53325681978332,27.69296124582764,0.0,0.0937955572507756,1.238992928660839,0.0,3.059525372164471,2.3916186582627192,0.0,-7.795113983004401,9.97205341558937,30.73338431745513,42.150596625605274,72.88398094306041
4.953999999999676,7.23,7.594014175922165,-2.358954586058606,5.430944961398034,-2.1094065906018167,3.2520051664413394,27.71112665214089,0.0,0.0999091636188486,1.2437549120815936,0.0,3.0541182240960723,2.3703792944164297,0.0,-7.873305247079149,10.144370183969064,30.570895987686793,42.31240437463366,72.88330036232045
4.955999999999676,7.23,7.6048823770567555,-2.363117966443023,5.43715890321927,-2.053968791273549,2.960193549472688,27.726134298582462,0.0,0.10601216410822112,1.2484745076099106,0.0,3.0489209026101287,2.3492322560517995,0.0,-7.94789876347706,10.315078302440986,30.408866969254785,42.47375607370099,72.88262304295577
4.957999999999676,7.23,7.615762415492687,-2.367170443390284,5.4427787980353965,-1.9985042534801836,2.6579876058019125,27.737841855877853,0.0,0.11210498700147009,1.2531519088068155,0.0,3.0439419909881065,2.328186491393643,0.0,-8.018912850732306,10.484171108563995,30.24731017924873,42.63463881064146,72.88194898989019
4.959999999999676,7.23,7.626653082466132,-2.3711119701156047,5.447784036853212,-1.9430197148494213,2.3455698040605357,27.746112876538994,0.0,0.11818807748321403,1.257787327351866,0.0,3.039189803569323,2.3072511686178556,0.0,-8.086370923005088,10.651643128996062,30.086238677817885,42.79503953446267,72.88127821228055
4.961999999999676,7.23,7.637553128371395,-2.374942513578344,5.452154392378876,-1.8875221798783002,2.023139354067912,27.75081696659043,0.0,0.12426189707540258,1.2623809934705439,0.0,3.034672358952906,2.286435663117113,0.0,-8.150301526408139,10.817489929107875,29.92566564869497,42.95494507475441,72.88061072344938
4.963999999999675,7.23,7.648461263557708,-2.378662055003527,5.45587005236554,-1.832018907664084,1.6909120631951824,27.751829945610154,0.0,0.13032692301916093,1.266933156334844,0.0,3.0303973533730337,2.265749543433369,0.0,-8.210738353634035,10.981707950997437,29.765604378984744,43.1143421618241,72.87994654080885
4.965999999999675,7.23,7.659376159192398,-2.382270590378515,5.458911652620882,-1.77651739932736,1.349120139986004,27.749033994367966,0.0,0.13638364760366883,1.2714440844344033,0.0,3.026372134377114,2.2452025558629343,0.0,-8.267720236178938,11.144294340953536,29.606068238277253,43.27321744749844,72.8792856857757
4.967999999999675,7.23,7.670296448189638,-2.385768130924242,5.46126030956963,-1.7210253851527904,0.9980119456710143,27.74231778943359,0.0,0.14243257744280413,1.2759140659155097,0.0,3.022603674939302,2.224804607747938,0.0,-8.32129111358386,11.305246767543531,29.447070657150693,43.43155752652659,72.87862818367728
4.969999999999675,7.23,7.6812207262038,-2.389154703540464,5.462897652267733,-1.6655508114741353,0.6378516944710569,27.731576624215208,0.0,0.14847423270056592,1.2803434088854164,0.0,3.0190985481432655,2.2045657494763935,0.0,-8.37149997925009,11.464563231619763,29.28862510513203,43.58934895851637,72.8779740636484
4.9719999999996745,7.23,7.692147552686195,-2.3924303512245544,5.46380585376685,-1.6101018273311458,0.2689191038296726,27.71671251598335,0.0,0.1545091462665441,1.2847324416793728,0.0,3.0158629025693404,2.1844961552215483,0.0,-8.418400802529217,11.622241869651146,29.130745068188865,43.74657829033028,72.87732335851913
4.973999999999674,7.23,7.703075452003814,-2.395595133463399,5.463967661730348,-1.554686770926725,-0.10849100404719435,27.697634298526133,0.0,0.160537862882977,1.2890815130879143,0.0,3.01290243852091,2.1646061024599135,0.0,-8.462052426939906,11.77828075188621,28.973444025828375,43.90323207886516,72.87667610469353
4.975999999999674,7.23,7.714002914618472,-2.3986491265980385,5.463366428205001,-1.499314155913373,-0.4940691477452168,27.674257700174614,0.0,0.16656093822521845,1.2933909925420009,0.0,3.010222385224022,2.1449059503161676,0.0,-8.502518444521975,11.93267767694311,28.8167354278832,44.05929691413617,72.87603234201937
4.977999999999674,7.23,7.724928398324575,-2.4015924241607323,5.461986138455962,-1.4439926575383604,-0.8874916774818653,27.646505407028485,0.0,0.17257893793768453,1.2976612702537234,0.0,3.0078274791322825,2.125406116791824,0.0,-8.539867046501307,12.085429964497827,28.660632671066423,44.21475944258269,72.87539211364911
4.979999999999674,7.23,7.735850329543542,-2.4044251371841976,5.459811438776413,-1.3887310986773245,-1.2884213092356434,27.614307111301066,0.0,0.17859243662762503,1.3018927573103984,0.0,3.00572194346617,2.106117054943287,0.0,-8.574170850606293,12.236534247802908,28.505149075380604,44.36960639051155,72.87475546589215
4.981999999999673,7.23,7.746767104672752,-2.4071473944828305,5.45682766318745,-1.3335384357860594,-1.6965076999930049,27.57759954478871,0.0,0.18460201681931598,1.306085885720036,0.0,3.003909469111962,2.0870492280834663,0.0,-8.605506705545764,12.385986267814854,28.350297860467187,44.523824587591434,72.87412244805861
4.983999999999673,7.23,7.757677091486719,-2.40975934290577,5.453020858948282,-1.2784237448001765,-2.111388061788058,27.53632649755308,0.0,0.19060826787150298,1.3102411084062937,0.0,3.0023931970007136,2.0682130840893382,0.0,-8.633955473327703,12.533780670737903,28.19609212198453,44.67740099031039,72.87349311229492
4.985999999999673,7.23,7.768578630588025,-2.412261147561739,5.448377810801575,-1.2233962070120576,-2.532687812074442,27.49043882198205,0.0,0.19661178486118824,1.3143588991512338,0.0,3.0011757020817504,2.0496190289059997,0.0,-8.659601790267395,12.679910810803683,28.042544808103493,44.83032270530816,72.87286751341165
4.987999999999673,7.23,7.779470036905431,-2.4146529920156334,5.442886063883862,-1.1684650949541129,-2.960021257853872,27.43989442246939,0.0,0.20261316743704783,1.3184397524843614,0.0,3.0002589789985046,2.0312773993452153,0.0,-8.682533807698908,12.82436856010111,27.889668696209466,44.98257701249433,72.8722457087038
4.9899999999996725,7.23,7.790349601236406,-2.4169350784569166,5.436533945236143,-1.1136397583168127,-3.392992310889427,27.384658231020683,0.0,0.20861301864598103,1.32248418351664,0.0,2.9996444295668434,2.0131984352836523,0.0,-8.702842913565515,12.967144127247403,27.737476369900577,45.134151387863284,72.87162775776386
4.991999999999672,7.23,7.801215591831246,-2.4191076278399004,5.429310583855251,-1.058929609929279,-3.8311952312564124,27.32470216915519,0.0,0.21461194373650583,1.3264927277184013,0.0,2.9993328521474565,1.9953922513726874,0.0,-8.720623436220272,13.108225886649107,27.585980196369977,45.285033525918436,72.87101372228841
4.993999999999672,7.23,7.81206625601577,-2.421170879996076,5.421205929232105,-1.0043441118294285,-4.274215396426196,27.260005096529454,0.0,0.22061054894285836,1.3304659406402743,0.0,2.999324432994717,1.977868808377536,0.0,-8.735972331914898,13.247600220042875,27.4351923042599,45.435211361618535,72.87040366587843
4.995999999999672,7.23,7.822899821849553,-2.423125093718697,5.412210768328618,-0.9498927614497578,-4.721630093040104,27.19055274675686,0.0,0.22660944025382868,1.3344043975765323,0.0,2.999618739654244,1.9606378842688614,0.0,-8.74898885759353,13.385251371927968,27.285124562072646,45.584673091761246,72.8697976538339
4.997999999999672,7.23,7.833714499816514,-2.4249705468198686,5.402316740950747,-0.8955850779438671,-5.173009328510354,27.11633765094076,0.0,0.23260922217049484,1.3383086931704775,0.0,3.0002147164707944,1.9437090451945829,0.0,-8.75977423073491,13.521161320408181,27.135788557221904,45.73340719572141,72.86919575294331
4.999999999999671,7.23,7.844508484544608,-2.4267075361604515,5.391516353480901,-0.8414305886777488,-5.627916659580657,27.037359049474233,0.0,0.23861049645712296,1.3421794409617578,0.0,3.00111068225684,1.927091616463366,0.0,-8.76843127810109,13.655309664850293,26.987195575805,45.88140245546376,72.86859803126876
5.001999999999671,7.23,7.855279956551326,-2.4283363776531335,5.379802990938633,-0.7874388159087288,-6.085910034990781,26.95362279268832,0.0,0.24461386088960346,1.346017272875778,0.0,3.002304330160297,1.910794653674286,0.0,-8.775064075351933,13.787673531639475,26.83935658317299,46.02864797475378,72.86800455792677
5.003999999999671,7.23,7.86602708401161,-2.429857406239063,5.367170927344263,-0.733619263673764,-6.546542649415845,26.86514123095357,0.0,0.25061990800584455,1.3498228386556237,0.0,3.0037927297578437,1.8948269141291278,0.0,-8.779777579570254,13.918227499172422,26.692282205372702,46.17513319749352,72.86741540286623
5.005999999999671,7.23,7.876748024544797,-2.4312709758384874,5.35361533436567,-0.6799814049075696,-7.009363805888711,26.77193309485523,0.0,0.2566292238625856,1.3535968052372114,0.0,3.0055723313876146,1.8791968286649796,0.0,-8.782677256812578,14.046943543075324,26.54598271152957,46.32084792511368,72.86683063664326
5.0079999999996705,7.23,7.8874409270171135,-2.432577459275871,5.339132288234033,-0.6265346688098014,-7.473919783965038,26.674023366072333,0.0,0.2626423868031257,1.3573398560686396,0.0,3.0076389727223827,1.8639124740449926,0.0,-8.783868706853683,14.173791002469562,26.4004679972364,46.46578233295796,72.86625033019436
5.00999999999967,7.23,7.89810393335627,-2.4337772481800144,5.323718774919748,-0.5732884284792478,-7.939754710950073,26.5714431395958,0.0,0.2686599662404243,1.3610526903749884,0.0,3.009987887571585,1.848981546044329,0.0,-8.783457287328195,14.298736567934565,26.255747569008175,46.609926985599934,72.8656745546081
5.01199999999967,7.23,7.9087351803746655,-2.434870752859723,5.3073726935649965,-0.520251988831725,-8.406411433574371,26.4642294779179,0.0,0.27468252146002203,1.3647360223701066,0.0,3.0126137168875218,1.8344113333666854,0.0,-8.781547739490255,14.42174429163468,26.111830529857265,46.75327285103903,72.8651033808963
5.01399999999967,7.23,7.919332801597705,-2.435858402155605,5.290092858174638,-0.4674345748170986,-8.873432387581964,26.35242525782086,0.0,0.28071060044714324,1.3683905804171659,0.0,3.0155105219385048,1.8202086925239556,0.0,-8.77824381781078,14.542775619890444,25.96872556603846,46.895811313726625,72.86453687976508
5.01599999999967,7.23,7.929894929093776,-2.436740643268617,5.271878997572065,-0.4148453199496193,-9.340360462774592,26.236079010380408,0.0,0.2867447387422727,1.3720171061400492,0.0,3.018671799599012,1.8063800238080159,0.0,-8.77364792561252,14.661789448282626,25.826440935007167,47.03753418637986,72.86397512138703
5.017999999999669,7.23,7.940419695302401,-2.437517941565995,5.252731753631496,-0.3624932551645351,-9.806739861141724,26.11524475478651,0.0,0.2927854583293805,1.375616353487881,0.0,3.022090499694704,1.7929312484789823,0.0,-8.767860758904973,14.778742199184405,25.684984454627806,47.17843372054661,72.86341817517442
5.019999999999669,7.23,7.950905234857146,-2.4381907803652334,5.232652677802823,-0.3103872980127603,-10.272116945794261,25.98998182656514,0.0,0.298833266560832,1.379189087755245,0.0,3.025759044328319,1.7798677872887478,0.0,-8.760980960524902,14.8935879214246,25.54436349366408,47.31850261589095,72.86286610955503
5.021999999999669,7.23,7.96134968639989,-2.4387596606967996,5.211644225949634,-0.2585362422042309,-10.736041078510508,25.860354700764994,0.0,0.3048886551228601,1.3827360845608812,0.0,3.0296693491010593,1.7671945404522367,0.0,-8.753104786614305,15.006278411593971,25.404584963575672,47.457734028175,72.86231899175067
5.023999999999669,7.23,7.9717511943831045,-2.439225101046295,5.189709751525282,-0.20694874750947223,-11.198065443794501,25.72643281064927,0.0,0.3109520990452934,1.3862581287878621,0.0,3.033812846133253,1.7549158691715632,0.0,-8.744325787376825,15.116763356320533,25.265655311639602,47.59612157591954,72.86177688755915
5.0259999999996685,7.23,7.9821079108568425,-2.4395876370767815,5.166853497116005,-0.15563333002784804,-11.657747857438975,25.588290362409733,0.0,0.317024055759043,1.3897560134884506,0.0,3.0381805087780496,1.7430355788103595,0.0,-8.73473450394679,15.224990494660188,25.127580515408884,47.733659345731816,72.8612398611407
5.027999999999668,7.23,7.992417997237214,-2.4398478213320187,5.143080584384031,-0.10459835282995045,-12.11465155767668,25.446006146393362,0.0,0.32310496420460844,1.393230538757035,0.0,3.042762877912436,1.73155690380672,0.0,-8.724418183082728,15.3309057995772,24.99036607851345,47.87034189629567,72.86070797480912
5.029999999999668,7.23,8.002679626053176,-2.440006222921366,5.118397002447313,-0.053852016980636394,-12.568345977094813,25.2996633453074,0.0,0.3291952439946497,1.3966825105746876,0.0,3.04755008968142,1.7204824944040198,0.0,-8.713460511262065,15.434453677327792,24.854017027803458,48.00616426102526,72.86018128882873
5.031999999999668,7.23,8.012890982668544,-2.4400634271871158,5.092809594736138,-0.003402352948310934,-13.018407493576522,25.149349339841017,0.0,0.33529529463337826,1.400112739629073,0.0,3.0525319045633985,1.709814405268724,0.0,-8.701941369604409,15.535577183409442,24.718537911826914,48.14112194939,72.85965986121691
5.033999999999668,7.23,8.023050266976245,-2.440020035355033,5.066326044370199,0.046742787594794714,-13.464420158622115,24.99515551211741,0.0,0.34140549479529503,1.4035220401135158,0.0,3.0576977376182057,1.699554086054162,0.0,-8.689936610892987,15.634218253602743,24.583932800629782,48.275210946924275,72.85914374755406
5.035999999999667,7.23,8.03315569506187,-2.4398766641688963,5.038954858102974,0.09657573957740295,-13.905976401489006,24.837177047364676,0.0,0.34752620166548964,1.4069112285091985,0.0,3.063036689773358,1.6897023739582737,0.0,-8.677517859794508,15.730317948509038,24.450205286858576,48.40842771394172,72.8586330008003
5.037999999999667,7.23,8.043205500833732,-2.4396339455098177,5.010705348883228,0.1460890319358341,-14.342677707674994,24.675512734169967,0.0,0.35365775034341174,1.4102811223544847,0.0,3.0685375799995347,1.6802594883121338,0.0,-8.66475233720118,15.823816709881584,24.317358488141373,48.540769182978806,72.85812767112017
5.039999999999667,7.23,8.053197937616702,-2.439292526001159,4.981587617086393,0.1952753946200278,-14.774135270353487,24.510264763659393,0.0,0.35980045331177535,1.413632539005485,0.0,3.074188978222432,1.67122502722503,0.0,-8.651702709438371,15.91465462695666,24.185395050716853,48.672232754999,72.85762780571585
5.041999999999667,7.23,8.06313127970723,-2.4388530665998314,4.951612530471219,0.24412776519711785,-15.199970613452384,24.341538527925174,0.0,0.36595459997187807,1.4169662943919783,0.0,3.079979238815667,1.6625979662999661,0.0,-8.6384269628931,16.002771710918797,24.054317154275896,48.80281629439276,72.85713344866866
5.0439999999996665,7.23,8.07300382388705,-2.438316242174794,4.9207917029196615,0.2926392950513615,-15.619816185150958,24.16944241800301,0.0,0.37212045624636725,1.4202832017728366,0.0,3.0858965345178486,1.6543766594223084,0.0,-8.624978304432318,16.088108175579123,23.924126517976028,48.932518122814244,72.85664464079028
5.045999999999666,7.23,8.08281389089319,-2.4376827410735564,4.889137472020322,0.3408033551798121,-16.033315920651127,23.994087621685537,0.0,0.3782982642501229,1.4235840704950955,0.0,3.0919288906164075,1.6465588416125367,0.0,-8.611405087789853,16.17060472230854,23.794824407583338,49.06133701189972,72.85616141948306
5.047999999999666,7.23,8.092559826842063,-2.436953264677496,4.856662875557972,0.3886135415836811,-16.440125773162162,23.81558792144341,0.0,0.3844882420296578,1.4268697047607772,0.0,3.0980642192414534,1.6391416339230007,0.0,-8.597750765915078,16.25020282724913,23.66641164369383,49.18927217491692,72.85568381861076
5.049999999999666,7.23,8.102240004605475,-2.4361285269467925,4.823381626973719,0.4360636802558655,-16.839914212120505,23.6340594927122,0.0,0.390690583371071,1.4301409024055338,0.0,3.10429035361447,1.632121550347172,0.0,-8.584053869090873,16.326845028826156,23.53888861098045,49.31632325739846,72.85521186837892
5.051999999999666,7.23,8.1118528251366,-2.435209253955795,4.789308089862258,0.4831478317656227,-17.232362687751216,23.449620702794096,0.0,0.39690545767634,1.433398453693075,0.0,3.1105950820994566,1.6254945066994364,0.0,-8.570348008451042,16.400475213600995,23.412255268411116,49.442490326815175,72.85474559522629
5.053999999999665,7.23,8.121396718744021,-2.4341961834196173,4.754457251574354,0.5298602954418629,-17.617166061162404,23.262391910613204,0.0,0.40313300990738454,1.4366431401292945,0.0,3.1169661819075145,1.6192558314127745,0.0,-8.556661904353321,16.471038898538836,23.286511160377486,49.56777386134911,72.8542850217266
5.055999999999665,7.23,8.130870146312162,-2.43309006421277,4.718844695994202,0.5761956131570007,-17.99403299925202,23.072495267558324,0.0,0.40937336059707163,1.4398757332998495,0.0,3.1233914523106296,1.6134002781919838,0.0,-8.543019438900615,16.53848350781715,23.16165542867367,49.692174737827514,72.85383016650118
5.057999999999665,7.23,8.140271600466493,-2.4318916558806207,4.682486575562718,0.6221485727137706,-18.362686333796393,22.880054519640847,0.0,0.4156266059260475,1.4430969937348554,0.0,3.1298587472256,1.607922040450667,0.0,-8.529439731747798,16.602758642366833,23.037686825260618,49.815694218882214,72.85338104414284
5.059999999999665,7.23,8.14959960668209,-2.430601728144473,4.6453995826189285,0.6677142108378615,-18.72286338418156,22.68519481119384,0.0,0.4218928178639919,1.4463076698041593,0.0,3.1363560070354772,1.6028147674514148,0.0,-8.51593723818678,16.66381634042053,22.91460372575129,49.93833393939936,72.85293766515065
5.0619999999996645,7.23,8.158852724334267,-2.4292210604010567,4.607600920132634,0.7128878157796777,-19.074316243334255,22.488042490334813,0.0,0.4281720443736503,1.4495084966465366,0.0,3.1428712895225943,1.5980715820605822,0.0,-8.502521868370213,16.72161132743659,22.792404143549035,50.0600958923269,72.85250003587593
5.063999999999664,7.23,8.168029547690109,-2.427750441217199,4.569108271902324,0.7576649295289747,-19.41681202650704,22.28872491641576,0.0,0.4344643096757397,1.4527001951359222,0.0,3.149392799795113,1.5936851000216512,0.0,-8.489199126414263,16.776101253875574,22.67108574457226,50.1809824139071,72.85206815847937
5.065999999999664,7.23,8.177128706839945,-2.426190667820449,4.529939772292882,0.80204134964657,-19.75013308267283,22.08737026968342,0.0,0.44076961457260955,1.4558834708876236,0.0,3.155908919097043,1.5896474506446108,0.0,-8.47597026801474,16.827246919423576,22.550645862496655,50.30099616840241,72.85164203089907
5.067999999999664,7.23,8.186148868567885,-2.424542545586421,4.490113975588025,0.8460131307177727,-20.074077168388037,21.884107363373992,0.0,0.4470879368283289,1.4590590133072536,0.0,3.1624082324004266,1.5859502988030192,0.0,-8.462832475119011,16.87501248238429,22.431081514446547,50.4201401323834,72.85122164682994
5.069999999999664,7.23,8.195088737160754,-2.4228068875236044,4.449649825032593,0.8895765854326253,-20.388457584089707,21.679065458468585,0.0,0.4534192316026524,1.4622274946848501,0.0,3.1688795546877158,1.5825848681252777,0.0,-8.449779046117799,16.919365653097945,22.312389417068026,50.53841757864575,72.85080699571378
5.0719999999996634,7.23,8.203947055154844,-2.420984513756378,4.408566621639768,0.9327282852985088,-20.693103272900764,21.472374081336667,0.0,0.4597634319361763,1.4653895693364896,0.0,3.175311955841599,1.5795419652627318,0.0,-8.436799599959537,16.960277870385756,22.194566002915483,50.65583205982449,72.85039806273997
5.073999999999663,7.23,8.212722604020124,-2.4190762510069677,4.3668839928380265,0.9754650609911152,-20.987858882128283,21.264162844497058,0.0,0.4661204492838169,1.4685458727954102,0.0,3.181694784069487,1.5768120051137688,0.0,-8.423880292541536,16.99772446016565,22.077607437085568,50.77238739177138,72.84999482885695
5.075999999999663,7.23,8.22141420478164,-2.4170829320770526,4.324621861032183,1.0177840023502527,-21.272584787752017,21.05456127072742,0.0,0.4724901740936244,1.471697021054434,0.0,3.1880176877997766,1.574385036880813,0.0,-8.411004043700329,17.03168477553439,21.961509634033447,50.88808763676025,72.8495972707937
5.077999999999663,7.23,8.230020718578011,-2.415005395329734,4.281800412152126,1.0596824580274136,-21.547157082314072,20.843698620753607,0.0,0.4788724764278128,1.4748436098612365,0.0,3.194270635997012,1.5722507708354374,0.0,-8.398150773105135,17.06214231776206,21.84626827450752,51.00293708658417,72.84920536109169
5.079999999999663,7.23,8.238541047157074,-2.4128444841725485,4.238440064261961,1.1011580347924959,-21.811467526733768,20.631703724751286,0.0,0.48526720662280126,1.4779862140677509,0.0,3.2004439368531514,1.5703986056661607,0.0,-8.385297643355203,17.089084837795752,21.731878822540647,51.11694024560532,72.84881906814597
5.081999999999662,7.23,8.246974133308862,-2.410601046542202,4.194561436301072,1.1422085965075346,-22.065423466686397,20.41870481789097,0.0,0.4916741959849877,1.4811253870347403,0.0,3.206528254822233,1.568817656283631,0.0,-8.3724193085924,17.11250441801958,21.618336542438936,51.23010181381718,72.84843835625611
5.083999999999662,7.23,8.255318961236261,-2.4082759343916837,4.150185317027262,1.182832262775761,-22.308947714296274,20.204829380156248,0.0,0.49809325751891514,1.484261660092342,0.0,3.2125146259754502,1.567496781958757,0.0,-8.359488166963796,17.1323975341638,21.505636515710055,51.34242666997591,72.84806318568596
5.085999999999662,7.23,8.26357455686381,-2.405870003180399,4.105332634230473,1.2230274072747616,-22.54197839600617,19.990203980662002,0.0,0.504524186684453,1.487395542057114,0.0,3.218394471663487,1.566424614671036,0.0,-8.34647461530523,17.14876509739941,21.39377365787675,51.45391985485524,72.847693512732
5.087999999999662,7.23,8.271739988085255,-2.4033841113679415,4.060024424283809,1.2627926557829616,-22.76446876759335,19.774954126695445,0.0,0.5109667621796141,1.4905275188058889,0.0,3.224159610482273,1.5655895875467853,0.0,-8.333347304464999,17.161612476791245,21.282742735123712,51.56458655467647,72.84732928980017
5.0899999999996615,7.23,8.27981436495059,-2.4008191199121174,4.014281802096484,1.302126883909098,-22.976386997407737,19.559204117696982,0.0,0.5174207467456002,1.4936580529064978,0.0,3.2298022685474015,1.5649799632699228,0.0,-8.320073393744567,17.17094950241369,21.172538380728035,51.6744320847622,72.84697046549024
5.091999999999661,7.23,8.287796839793476,-2.3981758917717917,3.968125931531108,1.3410292145347709,-23.177715919009028,19.343076904391296,0.0,0.5238858879907237,1.496787583305193,0.0,3.2353150880911956,1.5645838623518615,0.0,-8.30661880300235,17.176790449556403,21.063155111227978,51.78346187345969,72.84661698468767
5.093999999999661,7.23,8.295686607299986,-2.3954552914151326,3.9215779963452495,1.379499014980578,-23.368452754475687,19.126693953270664,0.0,0.5303619192298585,1.4999165250703759,0.0,3.2406911344046305,1.5643892911511994,0.0,-8.292948461042684,17.179154004562967,20.954587342286423,51.89168144637593,72.84626878866234
5.095999999999661,7.23,8.303482904519822,-2.3926581843337895,3.8746591717145775,1.417535893906731,-23.548608809749425,18.910175116622106,0.0,0.5368485603361492,1.5030452691920346,0.0,3.2459239011540673,1.5643841695388592,0.0,-8.279026548996951,17.17806321295094,20.846829404209423,51.999096410964356,72.84592581517379
5.097999999999661,7.23,8.311185010821196,-2.3897854365635265,3.8273905963920827,1.4551396979594253,-23.7182091434635,18.693638508279786,0.0,0.5433455186017497,1.5061741824360617,0.0,3.2510073141101414,1.5645563581095068,0.0,-8.264816737494082,17.173545410559484,20.739875557083348,52.10571244149868,72.84558799858203
5.09999999999966,7.23,8.31879224779072,-2.3868379142118066,3.7797933455548924,1.492310508174579,-23.87729221077991,18.477200385270123,0.0,0.5498524896044779,1.5093036072524768,0.0,3.2559357333326906,1.5648936848459751,0.0,-8.250282416514434,17.16563213855621,20.63372000549723,52.211535264467166,72.8452552699644
5.10199999999966,7.23,8.326303979079702,-2.3838164829928012,3.7318884043870804,1.529048636150891,-24.025909483831068,18.260975035504316,0.0,0.5563691580773302,1.5124338617363455,0.0,3.260703953861942,1.5653839711492818,0.0,-8.23538691692012,17.154359043212352,20.528356912820293,52.31657064441642,72.84492755723672
5.10399999999966,7.23,8.333719610198399,-2.380722007770276,3.683696642443612,1.5653546200044457,-24.164125050422843,18.045074671656863,0.0,0.562895198777936,1.5155652396400678,0.0,3.2653072049715783,1.5660150571533886,0.0,-8.220093722758916,17.139765761420318,20.423780415007936,52.420824370271475,72.84460478527942
5.10599999999966,7.23,8.341038588259796,-2.377555352108773,3.6352387888372,1.60122922011737,-24.292015192709027,17.829609331352852,0.0,0.5694302773551241,1.5186980104355103,0.0,3.26974114804439,1.566774826250301,0.0,-8.204366673542989,17.121895792983565,20.319984633912576,52.524302242154604,72.84428687606717
5.1079999999996595,7.23,8.348260401674628,-2.3743173778334925,3.586535408286383,1.636673414693262,-24.409667947591597,17.614686783769635,0.0,0.5759740512099176,1.5218324194243382,0.0,3.2740018731354827,1.5676512287579627,0.0,-8.188170155809992,17.100796360752895,20.216963690079208,52.62701005872299,72.8439737488022
5.109999999999659,7.23,8.355384579799384,-2.371008944599246,3.5376068780595835,1.6716883951323143,-24.51718265063638,17.400412442739484,0.0,0.5825261703484051,1.5249686878947881,0.0,3.2780858942917552,1.5686323046703436,0.0,-8.17146928337996,17.076518259717716,20.11471171500815,52.728953605042236,72.84366532005038
5.111999999999659,7.23,8.362410692539122,-2.367630909468829,3.488473365846312,1.706275561239202,-24.614669465318833,17.186889286422105,0.0,0.5890862782240611,1.528107013322971,0.0,3.281990143699531,1.5697062054359274,0.0,-8.154230065825095,17.049115696184792,20.013222862870897,52.830138641009036,72.84336150387993
5.113999999999659,7.23,8.36933834990697,-2.364184126501131,3.4391548085830186,1.7404365162769315,-24.702248899431392,16.974217783595826,0.0,0.595654012567252,1.5312475696167143,0.0,3.2857119647347757,1.5708612147178616,0.0,-8.13641956477276,17.018646118191665,19.912491321668185,52.93057089033372,72.84306221200191
5.115999999999659,7.23,8.376167201542266,-2.360669446349288,3.389670892257438,1.7741730618799156,-24.78005131048989,16.76249582659618,0.0,0.6022290061998105,1.5343905073998823,0.0,3.2892491039921676,1.5720857680959945,0.0,-8.118006037761823,16.985170038305824,19.812511323821106,53.03025603009107,72.84276735391217
5.117999999999658,7.23,8.382896936189294,-2.357087715869129,3.3400410327115884,1.8074871928395844,-24.84821640197446,16.55181867091133,0.0,0.6088108878327078,1.53753595433501,0.0,3.2925997023708167,1.573368471677726,0.0,-8.098959069468211,16.94875084995767,19.71327715619023,53.12919968084422,72.84247683703445
5.119999999999658,7.23,8.389527281138637,-2.3534397777381755,3.2902843574599325,1.840381091775836,-24.906892712227613,16.34227888142291,0.0,0.6153992828450252,1.540684015482046,0.0,3.295762285295174,1.5746981195914347,0.0,-8.079249690208357,16.90945463844209,19.614783169519328,53.22740739734473,72.84219056686405
5.121999999999658,7.23,8.396058001633198,-2.349726470085398,3.2404196885355776,1.8728571237075935,-24.956237097811602,16.13396628526131,0.0,0.6219938140425614,1.5438347736909452,0.0,3.29873575215003,1.5760637103426103,0.0,-8.058850481715899,16.867349987703733,19.517023787302925,53.32488465980845,72.84190844711136
5.123999999999658,7.23,8.402488900240952,-2.345948626131922,3.19046552637382,1.9049178305356431,-24.996414213097513,15.926967931224313,0.0,0.6285941023945909,1.5469882900258254,0.0,3.3015193650083146,1.5774544620192645,0.0,-8.037735670269917,16.822507783993412,19.41999351407953,53.421636865765876,72.84163037984541
5.1259999999996575,7.23,8.408819816196493,-2.3421070738428416,3.140440034738828,1.93656592545082,-25.027595987820234,15.721368055688623,0.0,0.6351997677474391,1.550144604218381,0.0,3.304112736729773,1.5788598263391906,0.0,-8.015881207329386,16.775001017449366,19.32368694315408,53.517669322482334,72.84135626563642
5.127999999999657,7.23,8.4150506247135,-2.3382026355902883,3.090361026695832,1.9678042872804358,-25.049961104288247,15.517248054925123,0.0,0.6418104295136893,1.5533037351482277,0.0,3.306515818507581,1.580269501537419,0.0,-7.993264837899293,16.724904582617878,19.228098763755813,53.612987239941866,72.84108600369768
5.129999999999657,7.23,8.421181236270174,-2.3342361278278503,3.040245951627872,1.9986359547856531,-25.063694475883537,15.314686463710242,0.0,0.6484257073359876,1.5564656813478623,0.0,3.308728886938429,1.5816734440976885,0.0,-7.969866156918515,16.67229507888264,19.133223767638682,53.7075957243869,72.84081949202559
5.131999999999657,7.23,8.427211595869762,-2.3302083607764406,2.9901118832929345,2.0290641209222766,-25.06898672842779,15.113758940108388,0.0,0.6550452217245814,1.5596304215299437,0.0,3.3107525306898364,1.5830618793370148,0.0,-7.94566665401848,16.617250611723733,19.039056855134156,53.80149977240389,72.84055662753805
5.133999999999657,7.23,8.433141682278228,-2.326120138121667,2.939975508914218,2.0590921270771636,-25.06603368592488,14.914538256284125,0.0,0.6616685946678392,1.5627979151345945,0.0,3.312587636836354,1.5844253108571178,0.0,-7.920649747053042,16.559850595674437,18.945593040667163,53.89470426554355,72.84029730621072
5.135999999999656,7.23,8.438971507241119,-2.3219722567227454,2.8898531192933343,2.088723457292159,-25.055035862118235,14.717094295186577,0.0,0.6682954502151847,1.5659681028945083,0.0,3.314235376933719,1.5857545288811687,0.0,-7.894800804846894,16.50017555978811,18.852827457747438,53.98721396546357,72.840041423211
5.137999999999656,7.23,8.444701114681687,-2.3177655063329685,2.839760599933432,2.1179617324871307,-25.036197959226218,14.521494052935086,0.0,0.6749254150319541,1.5691409074156084,0.0,3.315697192897625,1.5870406174981153,0.0,-7.868107159647776,16.43830695637052,18.76075536345013,54.07903350957894,72.83978887302908
5.139999999999656,7.23,8.450330579882237,-2.313500669331718,2.789713423156592,2.1468107046933222,-25.00972837513755,14.327801646720602,0.0,0.6815581189258832,1.5723162337711396,0.0,3.3169747827505693,1.5882749608409772,0.0,-7.840558109802894,16.37432697367226,18.669372142400242,54.17016740720584,72.83953954960609
5.141999999999656,7.23,8.455860008650708,-2.3091785204679915,2.739726641197364,2.1752742513078624,-24.97583872026615,14.136078328026034,0.0,0.6881931953449998,1.575493970107077,0.0,3.3180700862973165,1.5894492482286147,0.0,-7.812144913206001,16.30831835317604,18.578673310276404,54.26062003618283,72.83929334645923
5.1439999999996555,7.23,8.461289536474379,-2.304799826615392,2.6898148802519963,2.2033563693798626,-24.934743345177687,13.946382500957773,0.0,0.6948302818468455,1.578673988256797,0.0,3.3189852707863166,1.59055547830361,0.0,-7.782860772083693,16.240364212052754,18.488654516851007,54.35039563995224,72.83905015680324
5.145999999999655,7.23,8.466619327662624,-2.3003653465385034,2.639992335460774,2.231061169938105,-24.88665888001217,13.758769745470492,0.0,0.7014690205390502,1.5818561443630577,0.0,3.3197227166109364,1.5915859622015516,0.0,-7.752700809705353,16.170547871298492,18.399311548583583,54.43949832508481,72.8388098736684
5.147999999999655,7.23,8.471849574480546,-2.29587583067056,2.590272766798931,2.258392872369888,-24.831803786636797,13.573292845259761,0.0,0.7081090584913929,1.5850402795053755,0.0,3.3202850031010014,1.592533325789328,0.0,-7.721662039612043,16.09895269000465,18.31064033078527,54.527932059229336,72.8385723900146
5.149999999999655,7.23,8.47698049627527,-2.291332020902304,2.5406694958498086,2.2853557988601305,-24.770397924373164,13.39000182008957,0.0,0.7147500481195743,1.5882262203309812,0.0,3.320674894451664,1.5933905110119673,0.0,-7.6897433279652585,16.0256619061538,18.22263692937286,54.615700669468865,72.83833759884172
5.151999999999655,7.23,8.482012338596654,-2.286734650381893,2.491195403432349,2.3119543688993667,-24.702662130051685,13.208943962315928,0.0,0.7213916475410204,1.5914137796876187,0.0,3.3208953258330043,1.5941507763891924,0.0,-7.656945349617655,15.950758484275338,18.135297552230764,54.70280784106494,72.8381053932957
5.153999999999654,7.23,8.486945372314068,-2.282084443325716,2.44186292805359,2.3381930938687825,-24.628817813056433,13.030163877364423,0.0,0.7280335209031216,1.5946027572565113,0.0,3.320949389720363,1.5948076967041662,0.0,-7.623270538504831,15.874324970239343,18.04861855020001,54.78925711657047,72.83787566677049
5.155999999999654,7.23,8.491779892730893,-2.2773821148399596,2.3926840651555907,2.3640765717099548,-24.54908656593403,12.853703527915108,0.0,0.7346753386843785,1.5977929401839348,0.0,3.3208403224817955,1.595355161927846,0.0,-7.5887230329499324,15.796443353411895,17.9625964177133,54.87505189529236,72.83764831300566
5.157999999999654,7.23,8.496516218698279,-2.27262837075274,2.343670367125163,2.3896094816864615,-24.46368979105259,12.67960228154708,0.0,0.7413167779690146,1.6009841037099197,0.0,3.3205714912555653,1.5957873754231582,0.0,-7.553308616462837,15.717194936343354,17.87722779309481,54.960195433085005,72.83742322617982
5.159999999999654,7.23,8.501154691729647,-2.267823907456616,2.2948329440338884,2.414796579244034,-24.372848343711215,12.507896961594227,0.0,0.7479575226956552,1.604176011792673,0.0,3.320146381147276,1.5960988514734888,0.0,-7.517034654601208,15.63666021211181,17.792509458544263,55.044690842455225,72.83720030099948
5.1619999999996535,7.23,8.505695675117392,-2.262969411761277,2.2461824650751954,2.4396426909754214,-24.276782192016995,12.338621900963922,0.0,0.7545972638807412,1.607368417727417,0.0,3.3195685827728374,1.5962844121801891,0.0,-7.479910028444408,15.55491874939684,17.70843833982373,55.128541092959864,72.8369794327836
5.163999999999653,7.23,8.510139553053113,-2.258065560756194,2.197729160664707,2.4641527096956533,-24.175710093766344,12.171808998672144,0.0,0.7612356998173957,1.6105610647584312,0.0,3.31884178017022,1.5963391837737444,0.0,-7.441945065212408,15.472049085314673,17.62501150566597,55.211749011877274,72.83676051754324
5.165999999999653,7.23,8.514486729752685,-2.2531130216830033,2.149482825169683,2.4883315896328804,-24.069849290489763,12.007487778850885,0.0,0.7678725362505001,1.613753686683164,0.0,3.317969739099893,1.5962585923828776,0.0,-7.403151466540361,15.388128626005317,17.54222616692293,55.294317285134404,72.83654345205733
5.167999999999653,7.23,8.518737628587393,-2.248112451817389,2.101452820233128,2.512184341739505,-23.959415218745903,11.845685451987244,0.0,0.7745074865287732,1.6169460084473841,0.0,3.316956295750753,1.5960383593053757,0.0,-7.36354223489681,15.303233554923795,17.460079675472187,55.37624845847144,72.83632813394362
5.169999999999653,7.23,8.522892691222276,-2.243064498360221,2.0536480786580436,2.535716029127821,-23.844621238679746,11.686426978158108,0.0,0.7811402717346791,1.6201377467304015,0.0,3.3158053458655257,1.5956744958236564,0.0,-7.323131598608809,15.217438748753015,17.37856952289917,55.457544938825855,72.83611446172503
5.171999999999652,7.23,8.526952376762774,-2.2379697983376916,2.0060771088173333,2.558931762633925,-23.725678379794537,11.529735132029385,0.0,0.7877706207930164,1.6233286105195068,0.0,3.314520834296871,1.5951632976073173,0.0,-7.281934935932259,15.13081770082409,17.29769333897255,55.538208995919355,72.8359023348919
5.173999999999652,7.23,8.530917160910683,-2.232828978510196,1.9587479995550423,2.5818366965132045,-23.602795103823873,11.375630569394733,0.0,0.7943982705590563,1.6265183016728355,0.0,3.313106745002805,1.5945013387437756,0.0,-7.239968698578905,15.043442451900912,17.21744888992948,55.618242764030214,72.83569165395969
5.175999999999652,7.23,8.534787535130393,-2.227642655289685,1.911668425544885,2.604436024270256,-23.47617708453322,11.224131895035548,0.0,0.8010229658871174,1.6297065154699473,0.0,3.3115670914876487,1.5936854654369932,0.0,-7.19725033508476,14.95538352816046,17.13783407658715,55.697648243935134,72.83548232052229
5.177999999999652,7.23,8.538564005826252,-2.222411434665224,1.8648456530724251,2.6267349746256707,-23.346027004225665,11.07525573169059,0.0,0.807644459680473,1.63289294114952,0.0,3.3099059076923254,1.5927127894130413,0.0,-7.153798214377681,14.866709886177055,17.058846932296255,55.776427305005,72.83527423730126
5.1799999999996515,7.23,8.542247093531909,-2.217135912136478,1.8182865462077626,2.648738807621696,-23.212544366677857,10.929016789932328,0.0,0.8142625129234836,1.6360772624335684,0.0,3.3081272393358465,1.5915806810697366,0.0,-7.1096315498737885,14.777488864699583,16.98048562075178,55.85458168743878,72.83506730819056
5.181999999999651,7.23,8.545837332112347,-2.2118166726548467,1.7719975733361817,2.6704528108683934,-23.075925326186663,10.785427938754143,0.0,0.8208768946968704,1.639259158037762,0.0,3.306235135707607,1.5902867624063788,0.0,-7.064770324406458,14.687786142992655,16.902748433675647,55.932113004621925,72.83486143829757
5.183999999999651,7.23,8.549335267979325,-2.206454290571962,1.725984814014889,2.6918822959315243,-22.936362532366324,10.644500276682209,0.0,0.8274873821770213,1.6424383021673914,0.0,3.3042336419085276,1.5888288997678135,0.0,-7.0192352162633975,14.597665705499175,16.825633788385414,56.00902274559442,72.83465653397984
5.185999999999651,7.23,8.552741459320828,-2.201049329595273,1.6802539661247367,2.7130325948630345,-22.79404499029939,10.506243203233758,0.0,0.8340937606202221,1.6456143649986732,0.0,3.302126791537188,1.5872051964356442,0.0,-6.973047526581767,14.507189812569013,16.749140225262277,56.085312277615586,72.83445250287787
5.187999999999651,7.23,8.55605647534508,-2.1956023427504228,1.6348103532866431,2.7339090568746607,-22.64915793561242,10.370664490553247,0.0,0.8406958233327045,1.6487870131451126,0.0,3.2999185998156735,1.5854139850977753,0.0,-6.926229108325426,14.416418976989302,16.67326640513144,56.160982848812964,72.8342492539444
5.1899999999996504,7.23,8.559280895539654,-2.190113872350135,1.5896589325133164,2.7545170451548526,-22.501882724018802,10.237770355066935,0.0,0.8472933716273766,1.6519559101087022,0.0,3.297613057148445,1.5834538202257327,0.0,-6.878802297042951,14.325411946044529,16.598011106566847,56.23603559090287,72.83404669746972
5.19199999999965,7.23,8.562415308946067,-2.184584449969325,1.5448043020678246,2.774861933828896,-22.352396734847286,10.107565529006095,0.0,0.8538862147681009,1.6551207167158066,0.0,3.295214123106285,1.5813234703876722,0.0,-6.830789843581523,14.234225688829238,16.523373223132175,56.31047152197118,72.83384474510336
5.19399999999965,7.23,8.565460313450297,-2.179014596426147,1.5002507095015412,2.794949105061833,-22.200873288053398,9.980053331657878,0.0,0.8604741699023568,1.6582810915376376,0.0,3.292725720826233,1.5790219105232395,0.0,-6.782214848908203,14.142915388532836,16.449351760568728,56.38429154930384,72.83364330987257
5.19599999999965,7.23,8.568416515089533,-2.173404821768693,1.4560020598450139,2.8147839463035007,-22.047481574195146,9.855235740213544,0.0,0.8670570619831055,1.6614366912952503,0.0,3.290151731817526,1.5765483142047705,0.0,-6.733100701167961,14.051534439414729,16.37594583394089,56.45749647225618,72.83344230619707
5.19799999999965,7.23,8.571284527375422,-2.1677556252670604,1.4120619239263636,2.8343718476747624,-21.892386596839625,9.733113460091957,0.0,0.8736347236806787,1.6645871712490843,0.0,3.2874959911625874,1.5739020459078472,0.0,-6.683471015087483,13.960134448187835,16.30315466474887,56.53008698515229,72.83324164990115
5.199999999999649,7.23,8.574064970634078,-2.162067495410507,1.3684335467928894,2.8537181994937653,-21.735749126858597,9.613685994626792,0.0,0.880206995285435,1.667732185573053,0.0,3.2847622831015144,1.5710826533122457,0.0,-6.6333495738123975,13.868765239530658,16.230977578017768,56.602063680204196,72.83304125822197
5.201999999999649,7.23,8.576758471363005,-2.156340909909413,1.3251198562126512,2.8728283899408504,-21.57772566806264,9.496951714014527,0.0,0.886773724601973,1.6708713877132901,0.0,3.281954336987755,1.568089859653164,0.0,-6.582760273248719,13.77747486545054,16.15941399937182,56.673427050443436,72.83284104981526
5.203999999999649,7.23,8.579365661605099,-2.1505763357017806,1.2821234712339074,2.8917078028605396,-21.418468433620372,9.382907923429354,0.0,0.8933347668356133,1.6740044307316733,0.0,3.2790758236022253,1.5649235561407178,0.0,-6.53172706896036,13.686309618225362,16.08846345210157,56.744177492656675,72.83264094475825
5.205999999999649,7.23,8.58188717833979,-2.144774228963988,1.2394467107813931,2.910361815698848,-21.25812533270755,9.271550930220727,0.0,0.8998899844718532,1.6771309676342616,0.0,3.2761303518127156,1.56158379446433,0.0,-6.48027392565885,13.595314046656137,16.018125554231727,56.81431531031801,72.83244086454974
5.2079999999996485,7.23,8.584323662891409,-2.1389350351255385,1.1970916022695306,2.92879579757401,-21.09683996683211,9.162876110117805,0.0,0.9064392471494758,1.6802506516848252,0.0,3.2731214655651124,1.5580707793970903,0.0,-6.428424769306009,13.504530975369402,15.948400015596594,56.88384071651078,72.83224073210738
5.209999999999648,7.23,8.586675760354789,-2.133059188887536,1.1550598902137743,2.9470151074785638,-20.934751635284464,9.056877972372664,0.0,0.9129824315279625,1.6833631367037198,0.0,3.270052641192624,1.5543848615138645,0.0,-6.376203441836826,13.414001526914662,15.879286634929285,56.952753836833395,72.83204047176268
5.211999999999648,7.23,8.588944119038054,-2.127147114244626,1.1133530448223858,2.96502509261061,-20.771995349168513,8.95355022378398,0.0,0.919519421149833,1.6864680773523122,0.0,3.2669272850292215,1.5505265300354507,0.0,-6.323633658496661,13.323765146410981,15.810785296970963,57.02105471228285,72.83184000925381
5.213999999999648,7.23,8.591129389922571,-2.121199224510148,1.0719722705520132,2.982831086831958,-20.60870185347592,8.852885831549607,0.0,0.9260501062985008,1.6895651294032215,0.0,3.2637487313133304,1.5464964058097583,0.0,-6.270738967775074,13.233859628504428,15.742895969605456,57.08874330211039,72.83163927171584
5.215999999999648,7.23,8.59323222613996,-2.1152159223442455,1.0309185146115212,3.0004384092507634,-20.444997656675888,8.754877084904681,0.0,0.932574383852214,1.6926539499966757,0.0,3.260520240367773,1.542295234439818,0.0,-6.217542713908593,13.144321146407064,15.67561870102406,57.15581948664486,72.83143818766892
5.217999999999647,7.23,8.59525328246605,-2.109197599784688,0.9901924753995586,3.017852362926203,-20.281005067303212,8.659515655509225,0.0,0.9390921571346262,1.6957341978832776,0.0,3.2572449970420907,1.5379238795672179,0.0,-6.16406800191506,13.05518428279761,15.608953616925383,57.22228307007925,72.83123668700463
5.219999999999647,7.23,8.597193214831629,-2.1031446382801664,0.9497946108623727,3.0350782336926434,-20.116842237039965,8.566792656556064,0.0,0.9456033357624986,1.6988055336534997,0.0,3.2539261094034435,1.5333833163183441,0.0,-6.110337665113546,12.966482062373267,15.542900917754038,57.2881337832163,72.83103470097033
5.221999999999647,7.23,8.59905267984982,-2.097057408725819,0.9097251467593792,3.0521212891007323,-19.95262320979954,8.476698700577137,0.0,0.9521078354910228,1.7018676199542355,0.0,3.2505666076624475,1.5286746249198189,0.0,-6.056374235076677,12.878245985851985,15.477460875982263,57.3533712861695,72.83083216215176
5.223999999999647,7.23,8.60083233435989,-2.090936271500763,0.8699840848249591,3.0689867774727815,-19.78845797633625,8.389223955931906,0.0,0.9586055780572188,1.7049201216927634,0.0,3.2471694433205243,1.5237989844884796,0.0,-6.002199913955631,12.790506065234327,15.412633833437326,57.41799517101657,72.8306290044539
5.2259999999996465,7.23,8.602532834987265,-2.0847815765074027,0.8305712108158989,3.0856799270698043,-19.62445253391907,8.304358201968567,0.0,0.9650964910218367,1.7079627062284626,0.0,3.2437374885255745,1.5187576670002878,0.0,-5.947836549112391,12.703290860144044,15.348420198678177,57.48200496440222,72.8304251630804
5.227999999999646,7.23,8.604154837719522,-2.0785936632122946,0.7914861024347909,3.102205945367542,-19.460708950624554,8.222090882853973,0.0,0.9715805076101708,1.710995043552645,0.0,3.240273535623094,1.513552031441666,0.0,-5.893305609989101,12.616627515076463,15.284820444423705,57.545400130087664,72.83022057451137
5.229999999999646,7.23,8.605698997498092,-2.0723728606883514,0.7527281371205882,3.1185700184388208,-19.29732543382025,8.142411160073562,0.0,0.9780575665521569,1.7140168064568884,0.0,3.2367802968900845,1.508183518145952,0.0,-5.838628167140459,12.530541797393417,15.221835105034822,57.60818007144513,72.83001517647996
5.231999999999646,7.23,8.607165967825406,-2.06611948765818,0.7142964996983464,3.134777310439582,-19.13439640242766,8.065307963608397,0.0,0.9845276119221142,1.717027670690213,0.0,3.2332604044395765,1.5026536433168327,0.0,-5.783824873351633,12.445058135913747,15.159464774052742,57.67034413389488,72.82980890794762
5.233999999999646,7.23,8.608556400387197,-2.0598338525383455,0.6761901898809908,3.1508329631959557,-18.972012562570967,7.990770041800309,0.0,0.9909905929784547,1.72002731510551,0.0,3.229716410283797,1.4969639937399588,0.0,-5.728915946761824,12.36019965995746,15.097710101794693,57.731891607283615,72.8296017090783
5.235999999999645,7.23,8.60987094468965,-2.05351625348436,0.638408029616714,3.166742095889761,-18.810260986236063,7.918786009921876,0.0,0.9974464640036642,1.7230154217955613,0.0,3.226150786544505,1.4911162216831924,0.0,-5.673921155911319,12.27598823871151,15.036571793008818,57.79282172820231,72.82939352121113
5.237999999999645,7.23,8.611110247711078,-2.0471669784362057,0.6009486702763474,3.1825098048398743,-18.64922519258164,7.849344397470675,0.0,1.0038951841448522,1.725991676219075,0.0,3.222565925799325,1.4851120399854976,0.0,-5.618859806629163,12.1924445207941,14.976050604589446,57.853133682243424,72.82918428683287
5.239999999999645,7.23,8.612274953567832,-2.0407863051642035,0.5638105996757415,3.198141163376922,-18.488985231563106,7.7824336942130365,0.0,1.0103367172551114,1.7289557673170561,0.0,3.218964141553389,1.4789532173336393,0.0,-5.563750730676658,12.109587973903704,14.91614734335347,57.912826606195054,72.82897394954853
5.241999999999645,7.23,8.61336570319406,-2.0343745013150363,0.5269921489288578,3.213641221808841,-18.32961776954715,7.718042395004461,0.0,1.0167710317359384,1.7319073876199405,0.0,3.2153476688259204,1.4726415737256733,0.0,-5.508612276062777,12.027436924447269,14.856862863878785,57.97189959017296,72.82876245405174
5.2439999999996445,7.23,8.614383134035018,-2.027931824457757,0.490491499127894,3.2290150074748776,-18.171196176613037,7.656159043418525,0.0,1.0231981003809427,1.7348462333458383,0.0,3.2117186648418654,1.4661789761195343,0.0,-5.453462298946884,11.946008597050827,14.798198066405261,58.03035167968913,72.8285497460944
5.245999999999644,7.23,8.61532787975356,-2.0214585221295978,0.45430668784736244,3.2442675248856823,-18.013790615254557,7.596772274218921,0.0,1.0296179002210262,1.7377720044902474,0.0,3.2080792098190973,1.4595673342646012,0.0,-5.398318157044558,11.865319153863727,14.740153894798494,58.08818187765659,72.82833577245508
5.247999999999644,7.23,8.616200569949457,-2.014954831881419,0.41843561546958863,3.2594037559472246,-17.857468130213395,7.5398708547119675,0.0,1.0360304123712298,1.7406844049076173,0.0,3.2044313078420945,1.4528085967138995,0.0,-5.343196704453803,11.785383733575381,14.682731334576637,58.14538914633064,72.82812048090727
5.249999999999644,7.23,8.617001829891192,-2.008420981322627,0.3828760513296239,3.274428660266326,-17.70229273919251,7.485443725020104,0.0,1.0424356218794073,1.743583142385122,0.0,3.20077688781344,1.445904747014144,0.0,-5.288114287819558,11.706216490070974,14.62593141100034,58.20197240918661,72.82790382018695
5.251999999999644,7.23,8.617732280259851,-2.0018571881653964,0.34762563967804866,3.2893471755356933,-17.548325524214025,7.433480037319068,0.0,1.0488335175768713,1.7464679287089813,0.0,3.1971178044749013,1.4388578000705277,0.0,-5.233086743755887,11.627830630659574,14.569755187225455,58.25793055273403,72.82768573995949
5.253999999999643,7.23,8.61839253690477,-1.9952636602680542,0.3126819054605998,3.304164217996433,-17.39562472340329,7.383969194084213,0.0,1.0552240919311422,1.7493384797236735,0.0,3.1934558394902632,1.4316697986829277,0.0,-5.178129397446971,11.550238453815066,14.514203762518555,58.31326242826745,72.827466190786
5.255999999999643,7.23,8.61898321061055,-1.9886405956774535,0.2780422599139743,3.3188846829761025,-17.244245822996046,7.336900885392867,0.0,1.061607340900926,1.752194515384419,0.0,3.189792702582419,1.4243428102500921,0.0,-5.123257062350349,11.473451386376263,14.459278270534629,58.367966853555174,72.8272451240898
5.257999999999643,7.23,8.619504906875079,-1.981988182670202,0.24370400597755287,3.3335134455004645,-17.094241649381395,7.2922651253326585,0.0,1.0679832637934048,1.7550357598032036,0.0,3.1861300327177595,1.4168789236378867,0.0,-5.0684840409268475,11.39748002015935,14.404979877656581,58.42204261446515,72.82702249212173
5.259999999999643,7.23,8.619958225698202,-1.9753065997925936,0.20966434352114754,3.3480553609772077,-16.94566246100835,7.250052287566696,0.0,1.074351863123948,1.7578619412887198,0.0,3.182469399331114,1.4092802462078509,0.0,-5.013824126325058,11.32233414794079,14.35130978139598,58.47548846652974,72.82679824792572
5.2619999999996425,7.23,8.620343761380651,-1.968596015899103,0.17592037438920563,3.362515265949996,-16.79855603999771,7.210253140108541,0.0,1.0807131444782982,1.7606727923805154,0.0,3.178812303585022,1.4015489010019377,0.0,-4.959290604949681,11.248022798774866,14.298269208854263,58.52830313644962,72.82657234530389
5.263999999999642,7.23,8.620662102332888,-1.9618565901893008,0.14246910726220585,3.3768979789213254,-16.65296778331559,7.172858879361706,0.0,1.0870671163773131,1.7634680498776698,0.0,3.175160179657338,1.3936870240793247,0.0,-4.904896259845953,11.174554272614554,14.245859415243629,58.58048532353766,72.82634473878129
5.265999999999642,7.23,8.620913830893487,-1.9550884722430582,0.10930746233625616,3.3912083012427705,-16.508940793377846,7.137861163479753,0.0,1.0934137901443037,1.7662474548622806,0.0,3.1715143960516823,1.3856967620010483,0.0,-4.850653374834668,11.101936174209799,14.194081682467136,58.63203370110339,72.82611538357052
5.267999999999642,7.23,8.621099523156694,-1.9482918020539017,0.07643227582215101,3.4054510180713184,-16.366515967967846,7.105252145104182,0.0,1.0997531797750115,1.7690107527180778,0.0,3.16787625692542,1.3775802694581718,0.0,-4.796573739334969,11.030175446261063,14.14293731775658,58.68294691777968,72.82588423553626
5.269999999999642,7.23,8.621219748808807,-1.9414667100603937,0.04384030426536898,3.419630899390606,-16.22573208936219,7.075024503539263,0.0,1.1060853018102526,1.771757693144424,0.0,3.1642470034303107,1.3693397070391375,0.0,-4.7426686538146186,10.959278401810673,14.092427652367576,58.73322359879165,72.82565125115923
5.271999999999641,7.23,8.621275070973013,-1.9346133171754032,0.011528228688690023,3.4337527010959947,-16.086625912570977,7.047171476423638,0.0,1.1124101752112594,1.7744880301659935,0.0,3.1606278150612166,1.360977239131993,0.0,-4.688948935810307,10.889250755858118,14.042554040330916,58.78286234716964,72.82541638750055
5.273999999999641,7.23,8.621266046062347,-1.9277317348131453,-0.020507341440712763,3.4478211661425338,-15.949232252610383,7.021686890960154,0.0,1.118727821237714,1.7772015221383743,0.0,3.157019811008588,1.3524950319570244,0.0,-4.635424926462635,10.820097656189073,13.993317857258864,58.831861744906654,72.82517960216552
5.275999999999641,7.23,8.621193223640395,-1.9208220649138623,-0.05226986441769811,3.461841025754996,-15.813584070736132,6.998565194766179,0.0,1.1250382633284968,1.7798979317498809,0.0,3.153424051510704,1.3438952517255789,0.0,-4.582106497513899,10.751823713411206,13.944720499205674,58.880220354061905,72.82494085326758
5.277999999999641,7.23,8.621057146289424,-1.9138843999660224,-0.08376286267695758,3.4758170006992875,-15.679712559576855,6.977801486408487,0.0,1.1313415269851284,1.7825770260197817,0.0,3.149841539201975,1.335180062920616,0.0,-4.529003058718477,10.684433030193045,13.896763381581096,58.92793671781084,72.82470009939193
5.2799999999996405,7.23,8.620858349485585,-1.9069188230259164,-0.11498991933993909,3.4897538026146626,-15.547647227115704,6.959391545686817,0.0,1.1376376396579073,1.7852385762932412,0.0,3.1462732204537716,1.326351626694816,0.0,-4.476123565618998,10.617929229704579,13.849447938115691,58.97500936144374,72.82445729955943
5.28199999999964,7.23,8.620597361480852,-1.899925407734527,-0.14595467492854622,3.503656135406313,-15.417415979478456,6.9433318637328565,0.0,1.1439266306347138,1.787882358233133,0.0,3.142719986704659,1.317412099381881,0.0,-4.423476527643286,10.552315483261514,13.802775619877108,59.021436793312816,72.82421241318993
5.28399999999964,7.23,8.620274703191368,-1.8929042183315554,-0.17666082424319143,3.517528696698025,-15.289045202494561,6.929619672991213,0.0,1.1502085309324672,1.7905081518090193,0.0,3.1391826757769605,1.3083636311169864,0.0,-4.3710700164803376,10.487594537176708,13.756747894336018,59.06721750573011,72.82396540006613
5.28599999999964,7.23,8.619890888091879,-1.8858553096664812,-0.20711211340272276,3.5313761793447362,-15.162559842006392,6.918252977151071,0.0,1.1564833731911919,1.7931157412834449,0.0,3.1356620731769604,1.2992083645621109,0.0,-4.31891167469509,10.423768738825077,13.711366244480567,59.112349975816045,72.82371622029662
5.28799999999964,7.23,8.619446422115917,-1.8787787272065375,-0.23731233704370217,3.5452032730049674,-15.037983482909516,6.909230581097857,0.0,1.1627511915706774,1.7957049151958224,0.0,3.1321589133761227,1.2899484337324214,0.0,-4.267008724545329,10.360840061929695,13.666632167978419,59.1568326663014,72.82346483427982
5.289999999999639,7.23,8.618941803561446,-1.8716745070414815,-0.267265335676487,3.559014665773233,-14.915338426914735,6.902552120956294,0.0,1.1690120216496638,1.7982754663440197,0.0,3.128673881071064,1.2805859629194978,0.0,-4.215367976964772,10.298810131079135,13.62254717638502,59.2006640262817,72.82321120266673
5.291999999999639,7.23,8.61837752300162,-1.86454267588504,-0.2969749931955543,3.5728150458726913,-14.79464576902905,6.898218094296482,0.0,1.1752659003275414,1.8008271917639425,0.0,3.125207612419999,1.2711230657078485,0.0,-4.1639958406805535,10.237680245486972,13.579112794397224,59.24384249192761,72.82295528632483
5.293999999999639,7.23,8.61775406320038,-1.8573832510729087,-0.32644523454150914,3.5866091034084318,-14.67592547276044,6.896229890577746,0.0,1.1815128657284846,1.803359892707184,0.0,3.1217606962537694,1.261561844080667,0.0,-4.112898331433485,10.177451402006556,13.536330559151033,59.28636648714974,72.82269704630077
5.295999999999639,7.23,8.617071899032576,-1.850196240557184,-0.3556800235122343,3.6004015321819485,-14.559196444056488,6.896589821904532,0.0,1.1877529571079872,1.8058733746170246,0.0,3.11833367525952,1.25190438761141,0.0,-4.062081081273319,10.118124317414722,13.494202019562362,59.328234424221556,72.82243644378391
5.2979999999996386,7.23,8.61633149740832,-1.8429816428971046,-0.38468336072066495,3.6141970315675036,-14.444476603994099,6.899301154172462,0.0,1.1939862147617364,1.8083674471028521,0.0,3.1149270471354185,1.2421527727374793,0.0,-4.011549347901909,10.059699449979803,13.45272873570991,59.36944470435914,72.82217344006905
5.299999999999638,7.23,8.615533317201274,-1.8357394472459778,-0.413459281696711,3.6280003084512376,-14.331782960242242,6.90436813868255,0.0,1.2002126799367627,1.8108419239132414,0.0,3.1115412657147905,1.2323090621126847,0.0,-3.9613080240400276,10.002177020329801,13.411912278258923,59.409995718260646,72.82190799651957
5.301999999999638,7.23,8.614677809180604,-1.8284696333341626,-0.44201185513090163,3.6418160792340424,-14.221131677325863,6.911796044304955,0.0,1.2064323947448083,1.813296622907794,0.0,3.1081767420583044,1.222375304035079,0.0,-3.911361646794825,9.945557031637856,13.371754227924898,59.449885846605184,72.82164007453008
5.303999999999638,7.23,8.613765415946288,-1.8211721714479838,-0.47034518125738506,3.655649071899383,-14.11253814572362,6.921591190274798,0.0,1.212645402077849,1.8157313660279297,0.0,3.1048338455128257,1.2123535319470469,0.0,-3.861714407007228,9.889839289142461,13.33225617497622,59.489113460513195,72.82136963548942
5.305999999999638,7.23,8.61279657186754,-1.8138470224044438,-0.49846339037398896,3.669504028147411,-14.006017049837588,6.93376097970569,0.0,1.218851745525694,1.8181459792667147,0.0,3.101512904735828,1.2022457640044242,0.0,-3.8123701585596033,9.835023419021065,13.29341971877479,59.52767692196805,72.82109664074284
5.3079999999996375,7.23,8.611771703024043,-1.806494137521599,-0.5263706414971271,3.6833857055968973,-13.90158243487709,6.9483139339080555,0.0,1.2250514692956054,1.820540292637926,0.0,3.0982142086841478,1.1920540027118005,0.0,-3.763332427626394,9.781108886635577,13.255246467353608,59.56557458420099,72.82082105155459
5.309999999999637,7.23,8.610691227149754,-1.7991134585844628,-0.5540711211494267,3.69729888005668,-13.799247772703918,6.965259727603028,0.0,1.2312446181338534,1.8229141401444342,0.0,3.0949380075661193,1.181780234621082,0.0,-3.7146044218514263,9.72809501416928,13.217738037030486,59.60280479203969,72.82054282907018
5.311999999999637,7.23,8.60955555357899,-1.791704917806294,-0.5815690422780494,3.7112483478685143,-13.699026026689985,6.984609225124931,0.0,1.2374312372491414,1.8252673597460434,0.0,3.091684513756116,1.1714264300905584,0.0,-3.6661890394371395,9.675980997674754,13.180896052056877,59.63936588222113,72.82026193427801
5.313999999999637,7.23,8.608365083194549,-1.7842684377851281,-0.6088686433017866,3.725238928323396,-13.600929715642906,7.0063745177086,0.0,1.2436113722378204,1.8275997933269144,0.0,3.088453902670614,1.160994543101924,0.0,-3.6180888781327027,9.624765923552747,13.144722144301149,59.67525618367025,72.8199783279714
5.315999999999637,7.23,8.607120208377625,-1.776803931455399,-0.6359741872851219,3.7392754661536256,-13.50497097685873,7.030568961961254,0.0,1.2497850690108188,1.8299112866626812,0.0,3.0852463136049173,1.1504865111327116,0.0,-3.5703062441089135,9.574448784482101,13.109217952965187,59.71047401774478,72.81969197070997
5.317999999999636,7.23,8.605821312959227,-1.7693113020344993,-0.6628899612375794,3.7533628341030876,-13.411161628365297,7.057207219622491,0.0,1.2559523737222011,1.8322016893873436,0.0,3.082061850529829,1.1399042550817156,0.0,-3.522843160709047,9.525028494821203,13.074385124333855,59.74501769844662,72.81940282278048
5.319999999999636,7.23,8.604468772172895,-1.7617904429641198,-0.6896202755368042,3.7675059355784266,-13.31951323042292,7.086305298719095,0.0,1.2621133326992844,1.8344708549600952,0.0,3.078900582847436,1.1292496792452797,0.0,-3.475701377066551,9.476503905501172,13.040225311556302,59.77888553260175,72.81911084415805
5.321999999999636,7.23,8.60306295260843,-1.7542412378462038,-0.7161694634739605,3.781709707384022,-13.23003714635342,7.117880596226792,0.0,1.2682679923742226,1.8367186406321292,0.0,3.075762546105344,1.118524671342168,0.0,-3.4288823765807304,9.428873818431343,13.00674017445849,59.812075820007905,72.81881599446639
5.323999999999636,7.23,8.60160421216643,-1.7466635603733434,-0.7425418809201779,3.795979122543885,-13.142744602771906,7.151951942354788,0.0,1.2744163992169733,1.8389449074135404,0.0,3.072647742668676,1.1077311025850372,0.0,-3.3823873852432196,9.38213700043757,12.973931379386215,59.844586853551405,72.81851823293762
5.3259999999996355,7.23,8.600092900013355,-1.739057274253444,-0.7687419061129285,3.810319193213853,-13.057646749299298,7.188539646574096,0.0,1.2805585996695745,1.8411495200404318,0.0,3.0695561423490934,1.0968708277966905,0.0,-3.336217379809116,9.33629219675357,12.941800599078052,59.87641691929401,72.81821751837207
5.327999999999635,7.23,8.598529356536911,-1.7314222331284708,-0.7947739395613773,3.824734973687688,-12.974754717837431,7.227665545516206,0.0,1.2866946400816275,1.8433323469422809,0.0,3.0664876829902292,1.0859456855691891,0.0,-3.2903730958069484,9.291338144085824,12.910349512567434,59.90756429652973,72.81791380909716
5.329999999999635,7.23,8.59691391330151,-1.7237582804870848,-0.8206424040699174,3.839231563500948,-12.894079681492283,7.269353052874276,0.0,1.2928245666469107,1.8454932602096796,0.0,3.063442271008797,1.0749574984642554,0.0,-3.244855035383256,9.247273583272142,12.879579805113437,59.93802725781269,72.81760706292613
5.331999999999635,7.23,8.595246893003548,-1.7160652495709718,-0.8463517448792723,3.853814110636784,-12.815632913234571,7.313627211445363,0.0,1.2989484253410306,1.8476321355624938,0.0,3.060419781890732,1.0639080732533213,0.0,-3.199663474977787,9.204097271554089,12.849493168159693,59.967804068955836,72.81729723711553
5.333999999999635,7.23,8.593528609426299,-1.7083429632746527,-0.8719064299247352,3.868487814838079,-12.739425844390649,7.360514747458426,0.0,1.305066261860019,1.8497488523185746,0.0,3.057420060641607,1.0527992011958875,0.0,-3.154798472826701,9.161807994483059,12.820091299320886,59.99689298900227,72.81698428832316
5.335999999999634,7.23,8.591759367394166,-1.7005912340385598,-0.8973109502113,3.883257931030656,-12.665470123061041,7.41004412734112,0.0,1.3111781215597818,1.8518432933630211,0.0,3.054442922190604,1.041632658354695,0.0,-3.110259876291054,9.12040457747982,12.791375902396283,60.02529227016758,72.81666817256387
5.337999999999634,7.23,8.589939462726079,-1.692809863735151,-0.9225698203056414,3.898129772862592,-12.593777672567471,7.462245617084781,0.0,1.3172840493963138,1.853915345118147,0.0,3.051488151747286,1.0304102059466698,0.0,-3.066047329009591,9.079885897067106,12.763348687410183,60.05300015775583,72.81634884516602
5.339999999999634,7.23,8.588069182187768,-1.684998643547826,-0.9476875789451046,3.9131087163649974,-12.524360750033876,7.517151344376499,0.0,1.3233840898665776,1.8559648975141734,0.0,3.048555505110279,1.019133590728424,0.0,-3.0221602778746073,9.04025089179438,12.73601137067844,60.08001489004792,72.81602626072636
5.341999999999634,7.23,8.586148803442725,-1.6771573538423932,-0.9726687897640826,3.928200203739976,-12.45723200521133,7.574795363675795,0.0,1.3294782869499473,1.8579918439607037,0.0,3.0456447089271017,1.0078045454152655,0.0,-2.9785979798304627,9.001498572874159,12.709365674901157,60.10633469816284,72.815700373064
5.3439999999996335,7.23,8.584178595001585,-1.6692857640308296,-0.9975180421383814,3.9434097472818355,-12.392404539661058,7.635213724422636,0.0,1.3355666840501275,1.8599960813191054,0.0,3.0427554609040977,0.9964247891329755,0.0,-2.9353595084954622,8.96362803454842,12.683413329280944,60.131957805892974,72.81537113517392
5.345999999999633,7.23,8.582158816169693,-1.6613836324270599,-1.0222399521484091,3.9587429334380118,-12.329891966415298,7.698444542574979,0.0,1.3416493239374374,1.861977509875795,0.0,3.03988742996554,0.9849960279014104,0.0,-2.8924437606074256,8.92663846420388,12.658156069666578,60.156882429512386,72.81503849917897
5.347999999999633,7.23,8.580089716992639,-1.6534507060944663,-1.0468391636622671,3.974205427016568,-12.269708470240218,7.764528075683989,0.0,1.3477262486913653,1.8639360333165524,0.0,3.0370402563607852,0.9735199551493938,0.0,-2.849849462294678,8.890529152254391,12.6335956387219,60.18110677755944,72.81470241628134
5.349999999999633,7.23,8.577971538199492,-1.6454867206848338,-1.0713203495400778,3.989802975547566,-12.211868868631322,7.833506801728383,0.0,1.3537974996432793,1.8658715587018604,0.0,3.034213551718353,0.9619982522601868,0.0,-2.8075751751737923,8.855299501808574,12.609733786119701,60.20462905059257,72.81436283671228
5.351999999999633,7.23,8.575804511143517,-1.6374914002684096,-1.0956882129611476,4.005541413806059,-12.156388673676926,7.905425501941094,0.0,1.359863117319198,1.8677839964434002,0.0,3.0314068990455953,0.9504325891472282,0.0,-2.76561930227677,8.82094903814033,12.586572268760449,60.227447440920656,72.8140197096811
5.353999999999632,7.23,8.5735888577401,-1.6294644571547496,-1.119947488875843,4.021426668504932,-12.103284154932204,7.980331347876444,0.0,1.3659231413824995,1.8696732602817063,0.0,3.028619852672643,0.9388246248596792,0.0,-2.7239800938099523,8.78747741797993,12.564112851015807,60.249560132306925,72.81367298332273
5.355999999999632,7.23,8.571324790401652,-1.6214055917040027,-1.1441029455843488,4.0374647631663425,-12.052572403452578,8.058273992980405,0.0,1.3719776105764667,1.8715392672650684,0.0,3.0258519381391027,0.9271760082176088,0.0,-2.6826556527479632,8.75488443864275,12.542357304996948,60.27096529964672,72.81332260464367
5.357999999999632,7.23,8.56901251196922,-1.6133144921282634,-1.1681593864447821,4.053661823181023,-12.00427139714241,8.139305668942614,0.0,1.378026562666541,1.8733819377297327,0.0,3.0231026520218833,0.9154883784766282,0.0,-2.641643940265946,8.723170047012667,12.521307410847548,60.29166110861911,72.81296851946666
5.359999999999632,7.23,8.566652215640554,-1.605190834282613,-1.1921216517134539,4.070024081065325,-11.958400067582781,8.223481287126576,0.0,1.3840700343821795,1.875201195281468,0.0,3.02037146170239,0.9037633660220366,0.0,-2.6009427810141488,8.692334348396718,12.500964957061631,60.31164571531234,72.81261067237396
5.3619999999996315,7.23,8.564244084894359,-1.5970342814454381,-1.2159946205204075,4.086557881926459,-11.91497836851037,8.310858545392831,0.0,1.3901080613581744,1.8769969667785311,0.0,3.017657805071156,0.8920025930924668,0.0,-2.5605498682387697,8.662377615267383,12.481331740826214,60.330917265822094,72.8122490066483
5.363999999999631,7.23,8.561788293410455,-1.5888444840876015,-1.239783212983717,4.103269689147046,-11.874027346128125,8.401498040649848,0.0,1.3961406780753292,1.878769182316139,0.0,3.014961090167845,0.8802076745333886,0.0,-2.5204627687540286,8.633300295908585,12.462409568389136,60.349473895823756,72.8118834642129
5.365999999999631,7.23,8.559285004985572,-1.5806210796300157,-1.2634923924663948,4.120166090300801,-11.835569211438077,8.4954633874893,0.0,1.4021679178003355,1.8805177752124465,0.0,3.0122806947543177,0.8683802185806065,0.0,-2.4806789277698265,8.60510302298101,12.444200255451975,60.3673137301168,72.81151398556878
5.367999999999631,7.23,8.556734373444474,-1.572363692189143,-1.2871271679801541,4.137253803311878,-11.799627414796987,8.59282134328545,0.0,1.4081898125247387,1.882242681996145,0.0,3.009615965818336,0.8565218276743851,0.0,-2.441195673580812,8.577786622022334,12.426705627588595,60.38443488214209,72.81114050973068
5.369999999999631,7.23,8.554136542546141,-1.5640719323099221,-1.3106925967406804,4.154539682871218,-11.766226722906447,8.69364194016344,0.0,1.414206392902832,1.8839438423957073,0.0,3.0069662190051885,0.8446340993046392,0.0,-2.402010222122089,8.551352119897299,12.409927520689363,60.400835453471075,72.81076297416044
5.37199999999963,7.23,8.551491645884669,-1.5557453966855936,-1.3341937868795024,4.172030727124059,-11.735393298460915,8.797998624268025,0.0,1.420217688188342,1.8856211993303655,0.0,3.0043307379743345,0.8327186268879454,0.0,-2.3631196813977136,8.525800753212431,12.393867781431638,60.41651353326673,72.81038131469836
5.37399999999963,7.23,8.548799806784594,-1.5473836678638668,-1.3576359003180127,4.18973408464366,-11.707154782690365,8.905968402793897,0.0,1.4262237261697508,1.8872746989028581,0.0,3.00170877367793,0.8207770006771453,0.0,-2.3245210557881926,8.501133976709873,12.378528267776758,60.43146719771511,72.80999546549187
5.37599999999963,7.23,8.546061138190296,-1.5389863139388391,-1.3810241558096763,4.207657061707256,-11.68154038104763,9.017631999269087,0.0,1.4322245331040895,1.888904290394048,0.0,2.9990995435577537,0.8088108087045436,0.0,-2.2862112502438334,8.477353471654173,12.363910849494083,60.44569450942768,72.80960535892177
5.37799999999963,7.23,8.543275742549156,-1.5305528882280477,-1.4043638321569765,4.225807129891274,-11.658580952305927,9.133074017617593,0.0,1.4382201336490505,1.8905099262594502,0.0,2.996502230656834,0.7968216377597679,0.0,-2.2481870743709704,8.454461154225719,12.350017408712667,60.4591935168132,72.80921092552586
5.3799999999996295,7.23,8.540443711688079,-1.5220829289339965,-1.4276602716101998,4.244191934003906,-11.638309101347998,9.252383115562907,0.0,1.4442105507932212,1.8920915621277574,0.0,2.9939159826417345,0.7848110744035086,0.0,-2.2104452464185664,8.432459183934023,12.336849840501051,60.471962253418475,72.80881209391953
5.381999999999629,7.23,8.53756512668305,-1.5135759587894648,-1.4509188834557383,4.262819300374335,-11.62075927594586,9.375652187973781,0.0,1.4501958057842832,1.8936491568014224,0.0,2.991339910731097,0.772780706018536,0.0,-2.1729823971731665,8.411349972063501,12.324410053476008,60.483998737237194,72.8084087907132
5.383999999999629,7.23,8.534640057721308,-1.5050314846858628,-1.474145147802204,4.281697245519124,-11.605967867849111,9.502978560795533,0.0,1.4561759180549607,1.8951826722593932,0.0,2.988773088525679,0.7607321218995368,0.0,-2.135795073770633,8.391136190163909,12.312699970440692,60.49530096998609,72.80800094042678
5.385999999999629,7.23,8.531668563955739,-1.4964489972838602,-1.4973446195733093,4.300833985207622,-11.593973318520023,9.634464196255752,0.0,1.4621509051465293,1.896692073662051,0.0,2.986214550734741,0.7486669143834286,0.0,-2.098879743433468,8.371820778597176,12.301721529053433,60.50586693634699,72.80758846540043
5.387999999999629,7.23,8.528650693351082,-1.4878279706054656,-1.5205229327171603,4.320237943949668,-11.584816229875873,9.7702159100826,0.0,1.4681207826296734,1.8981773293584658,0.0,2.983663291793158,0.7365866800220742,0.0,-2.0622327971432863,8.353406955151502,12.291476682527545,60.51569460317407,72.80717128570161
5.389999999999628,7.23,8.525586482521476,-1.4791678616066872,-1.5436858046423625,4.339917764930393,-11.578539480422812,9.910345601526615,0.0,1.4740855640224562,1.8996384108960451,0.0,2.9811182643631895,0.7244930207994194,0.0,-2.0258505532584246,8.335898223733174,12.281967400363502,60.5247819186653,72.8067493190288
5.391999999999628,7.23,8.522475956558905,-1.470468109729855,-1.5668390408921218,4.35988232041857,-11.575188347191382,10.05497049703477,0.0,1.4800452607051784,1.9010752930326285,0.0,2.978578377714341,0.7123875453952171,0.0,-1.9897292610870707,8.319298383145584,12.273195669114408,60.533126811495606,72.80632248061002
5.393999999999628,7.23,8.519319128852056,-1.4617281364346297,-1.5899885400683824,4.380140722676724,-11.574810633911719,10.204213408486604,0.0,1.485999881831868,1.902487953751212,0.0,2.976042495974119,0.7002718704979456,0.0,-1.9538651044277646,8.303611535964155,12.26516349318568,60.540727189912445,72.80589068309813
5.395999999999628,7.23,8.516116000895048,-1.452947344706664,-1.613140299018941,4.400702335403074,-11.577456805896869,10.358203006970065,0.0,1.491949434238131,1.9038763742773028,0.0,2.9735094362419794,0.6881476221693481,0.0,-1.9182542050886853,8.28884209751489,12.257872895670497,60.547580940790176,72.80545383646067
5.3979999999996275,7.23,8.512866562085533,-1.4441251185428228,-1.6363004183014482,4.421576785737437,-11.583180132135189,10.517074113146126,0.0,1.497893922345096,1.905240539099092,0.0,2.97097796655802,0.676016437263663,0.0,-1.8828926263991927,8.274994804963232,12.251325919222078,60.553685928643326,72.8050118478654
5.399999999999627,7.23,8.509570789511564,-1.435260822411798,-1.6594751079392502,4.4427739768653804,-11.592036835128484,10.680968005329959,0.0,1.5038333480591328,1.9065804359904885,0.0,2.968446803717306,0.6638799649044653,0.0,-1.8477763767268613,8.262074726518536,12.245524626964261,60.559039994595565,72.80456462155982
5.401999999999627,7.23,8.506228647726658,-1.4263538006888874,-1.6826706934851237,4.464304101257254,-11.604086249050729,10.850032746500569,0.0,1.509767710667044,1.9078960560371974,0.0,2.9659146109199006,0.6517398680226454,0.0,-1.8129014130152414,8.250087270758172,12.2404711034419,60.56364095530395,72.80411205874586
5.403999999999627,7.23,8.502840088512398,-1.4174033770636276,-1.7058936224101606,4.4861776545812475,-11.6193909868438,11.024423531542249,0.0,1.515697006726383,1.909187393665933,0.0,2.963379995245841,0.6395978249590446,0.0,-1.7782636443578916,8.239038196073562,12.236167455612687,60.56748660183575,72.80365405744844
5.405999999999627,7.23,8.499405050627926,-1.4084088539188924,-1.7291504708363268,4.508405450332314,-11.638017116912033,11.204303056120562,0.0,1.521621229950534,1.9104544466768747,0.0,2.9608415049433923,0.6274555311356524,0.0,-1.743858935625702,8.228933620238834,12.23261581388219,60.570574698495165,72.80319051237736
5.407999999999626,7.23,8.49592345954561,-1.39936951167998,-1.752447950632594,4.530998635221736,-11.660034350125645,11.389841908701692,0.0,1.5275403710881736,1.911697216279585,0.0,2.958297626517809,0.6153147007996995,0.0,-1.7096831111661723,8.219780030100235,12.229818333183704,60.572902981599306,72.80272131478301
5.409999999999626,7.23,8.492395227172128,-1.390284608132122,-1.7757929168960194,4.553968705375204,-11.685516237896362,11.581218987340609,0.0,1.5334544177967007,1.912915707132453,0.0,2.95574678160688,0.6031770688450688,0.0,-1.6757319585941373,8.211584291382678,12.227777194105483,60.574469158199406,72.80224635230489
5.411999999999626,7.23,8.488820251554202,-1.381153377704744,-1.7991923758407242,4.577327523390691,-11.71454038214587,11.778621942988904,0.0,1.5393633545091885,1.9141099273858948,0.0,2.9531873236281445,0.5910443927160227,0.0,-1.6420012326956268,8.204353658606422,12.226494604066625,60.5752709047459,72.80176550881252
5.413999999999626,7.23,8.485198416568108,-1.3719750307207057,-1.822653493119432,4.601087336311021,-11.747188658049634,11.982247651208592,0.0,1.5452671622943903,1.9152798887294102,0.0,2.9506175341814957,0.578918454398432,0.0,-1.6084866594678473,8.198095785104247,12.225972798544689,60.57530586569337,72.80127866423805
5.415999999999626,7.23,8.481529591592103,-1.3627487526086324,-1.8461836026040532,4.625260794569943,-11.783547450506038,12.192302714325596,0.0,1.5511658187092947,1.916425606442755,0.0,2.948035619189339,0.5668010625043269,0.0,-1.5751839403208747,8.192818733125616,12.226214042356975,60.57457165204397,72.80078569440094
5.417999999999625,7.23,8.477813631160798,-1.3534737030763293,-1.8697902156537771,4.649860971974763,-11.823707905353984,12.409003996216367,0.0,1.5570592976436748,1.9175470994513364,0.0,2.945439704754931,0.5546940544557228,0.0,-1.542088756467994,8.188530984010306,12.22722063099813,60.57306583982447,72.8002864708226
5.419999999999625,7.23,8.474050374600488,-1.3441490152431368,-1.8934810309012575,4.674901386793139,-11.867766196440773,12.632579192092951,0.0,1.5629475691560664,1.9186443903861314,0.0,2.942827832717759,0.5425992987745283,0.0,-1.5091967735351492,8.185241448409277,12.228994892037054,60.570785968495514,72.79978086053256
5.421999999999625,7.23,8.470239645644362,-1.3347737947289497,-1.917263944589764,4.700396024016544,-11.91582380972843,12.86326743584004,0.0,1.5688305993005236,1.9197175056482527,0.0,2.9401979558829208,0.530518697485411,0.0,-1.4765036464214485,8.182959476525147,12.231539186575715,60.56772953928753,72.79926872586324
5.423999999999625,7.23,8.466381252026466,-1.3253471186974666,-1.9411470614966406,4.726359358878229,-11.967987845719222,13.101319947659507,0.0,1.5747083499434935,1.920766475478467,0.0,2.937547932899346,0.5184541886394531,0.0,-1.4440050244468086,8.181694868338457,12.23485591077317,60.563894013460995,72.79874992423416
5.4259999999996245,7.23,8.46247498505318,-1.315868034851081,-1.965138706481076,4.7528063817092425,-12.02437134158199,13.34700072499778,0.0,1.5805807785700723,1.9217913340318697,0.0,2.934875522759403,0.5064077489667007,0.0,-1.4116965568252986,8.181457883778817,12.23894749743833,60.559276810486026,72.79822430792436
5.427999999999624,7.23,8.458520619150972,-1.306335560374648,-1.989247436697054,4.779752624222231,-12.08509361447034,13.60058727996953,0.0,1.5864478380788554,1.9227921194580173,0.0,2.932178378889863,0.4943813966665782,0.0,-1.3795738985070947,8.182259252791917,12.243816417694525,60.553875306137655,72.79769172383217
5.429999999999624,7.23,8.454517911388994,-1.2967486808251754,-2.0134820545154626,4.8072141873194445,-12.150280627641878,13.862371426748638,0.0,1.5923094765645358,1.9237688739867855,0.0,2.9294540428014173,0.4823771943456636,0.0,-1.3476327164356223,8.184110185244041,12.249465182720249,60.5476868305018,72.79715201322205
5.431999999999624,7.23,8.45046660097511,-1.2871063489642884,-2.037851621202673,4.835207770528593,-12.220065381116138,14.132660122676842,0.0,1.5981656370873312,1.924721644020233,0.0,2.926699937260807,0.47039725211310657,0.0,-1.3158686962712005,8.187022380594978,12.25589634556964,60.54070866588634,72.79660501145598
5.433999999999624,7.23,8.446366408723755,-1.2774074835301044,-2.062365471406521,4.863750703177967,-12.294588328747315,14.411776367141574,0.0,1.6040162574282408,1.9256504802308598,0.0,2.9239133589462383,0.4584437308448739,0.0,-1.2842775496378798,8.19100803725807,12.263112503077348,60.53293804463352,72.79605054771086
5.435999999999623,7.23,8.44221703649397,-1.2676509679449168,-2.08703322850452,4.892860977430698,-12.373997823738629,14.700060162602567,0.0,1.6098612698290689,1.926555437666547,0.0,2.921091470542966,0.44651884562870303,0.0,-1.2528550219553898,8.196079861551889,12.271116297852258,60.52437214682655,72.79548844467881
5.437999999999623,7.23,8.438018166595834,-1.2578356489548466,-2.1118648208733477,4.922557283307126,-12.458450594787212,14.997869542498778,0.0,1.6157006007160328,1.9274365758625924,0.0,2.918231292231723,0.43462486940271305,0.0,-1.2215969009248149,8.202251076131901,12.279910420364871,60.51500809788517,72.79491851825004
5.439999999999623,7.23,8.433769461163381,-1.2479603351973445,-2.1368704991432037,4.952859045834065,-12.548112255224325,15.305581671149662,0.0,1.6215341704057038,1.9282939589612194,0.0,2.915329692518097,0.422764136801584,0.0,-1.190499025743548,8.209535427771952,12.28949761113382,60.50484296604334,72.79434057717717
5.441999999999623,7.23,8.429470561491968,-1.2380237956921452,-2.1620608545055475,4.983786464470434,-12.643157847705153,15.623594021176446,0.0,1.6273618927918942,1.9291276558389923,0.0,2.9123833783457624,0.41093904822528504,0.0,-1.1595572971328632,8.217947194343791,12.299880663016829,60.49387375970211,72.79375442271893
5.4439999999996225,7.23,8.425121087337908,-1.2280247582509607,-2.1874468381480408,5.015360554970158,-12.743772427207023,15.952325634413082,0.0,1.6331836750120141,1.9299377402426354,0.0,2.909388884430837,0.39915207414668186,0.0,-1.1287676882707274,8.227501190818618,12.311062423612242,60.48209742465114,72.79315984826337
5.445999999999622,7.23,8.42072063617805,-1.2179619078008672,-2.2130397818962457,5.0476031938557,-12.850151685315128,16.292218472754982,0.0,1.6389994170912472,1.9307242909336786,0.0,2.9063425617482714,0.38740575967533686,0.0,-1.0981262567314178,8.238212774085943,12.323045797777336,60.469510841149294,72.79255663892663
5.447999999999622,7.23,8.416268782426783,-1.207833884615979,-2.2388514201478373,5.080537165688965,-12.962502619011419,16.643738865907125,0.0,1.644809011562799,1.93148739184254,0.0,2.9032405650941615,0.37570272939656957,0.0,-1.0676291575455337,8.250097846352777,12.335833750270254,60.45611082085777,72.79194457112803
5.449999999999622,7.23,8.411765076607823,-1.1976392824516187,-2.2648939131917527,5.114186213340788,-13.081044247437111,17.00737906354545,0.0,1.6506123430622743,1.9322271322325426,0.0,2.9000788396400945,0.3640456925060531,0.0,-1.0372726575054123,8.263172856848664,12.349429308522696,60.441894103615,72.7913234121377
5.451999999999622,7.23,8.407209044477872,-1.1873766465747682,-2.291179872011922,5.148575091475834,-13.206008380370399,17.38365889999395,0.0,1.6564092878940746,1.932943606874558,0.0,2.8968531063868097,0.35243744826210066,0.0,-1.007053150855389,8.277454801518514,12.363835565550946,60.42685735404534,72.79069291959628
5.453999999999621,7.23,8.402600186099114,-1.177044471684143,-2.3177223846829946,5.183729623486569,-13.337640442452207,17.773127580151073,0.0,1.6621997135675235,1.9336369162328464,0.0,2.8935588464149067,0.34088089177933467,0.0,-0.9769671765210738,8.292961220335917,12.379055683013725,60.410997157989556,72.79005284100327
5.455999999999621,7.23,8.397937974857223,-1.1666411997127413,-2.3445350444738406,5.219676762128066,-13.476200357501579,18.176365596067797,0.0,1.6679834783001943,1.9343071666628775,0.0,2.890191283819323,0.3293790201895632,0.0,-0.9470114370496592,8.309710191811613,12.395092894425165,60.39431001874739,72.78940291317255
5.457999999999621,7.23,8.393221856421356,-1.1561652175051962,-2.3716319797836163,5.256444654124965,-13.621963497589347,18.59398678428856,0.0,1.6737604304856875,1.934954470621863,0.0,2.886745367202277,0.31793493919763005,0.0,-0.9171828194522134,8.327720324205675,12.411950508532438,60.37679235311991,72.78874286165235
5.459999999999621,7.23,8.388451247642324,-1.145614854361703,-2.3990278860448697,5.294062709042807,-13.775221701884405,19.026640534813804,0.0,1.6795304081228366,1.9355789468927895,0.0,2.883215749585779,0.3065518700622283,0.0,-0.8874784181605267,8.34701074287521,12.429631912867887,60.358440487238354,72.78807240010624
5.4619999999996205,7.23,8.383625535384882,-1.1349883794396771,-2.4267380597385366,5.332561672738511,-13.936284370647478,19.475014163323404,0.0,1.6852932382030348,1.936180720822908,0.0,2.87959676658962,0.2952331570342206,0.0,-0.8578955603357497,8.367601073100575,12.448140577486061,60.33925065216724,72.7873912296533
5.46399999999962,7.23,8.378744075289735,-1.124283999003652,-2.4547784346768107,5.371973705728817,-14.105479640123527,19.93983545911285,0.0,1.691048736052037,1.936759924577553,0.0,2.875882412703724,0.2839822752874279,0.0,-0.828431833792788,8.389511417630532,12.46748005889706,60.31921897926618,72.78669903816325
5.46599999999962,7.23,8.373806190460582,-1.1134998535132214,-2.483165620721749,5.41233246684125,-14.283155644469707,20.421875422027234,0.0,1.696796704622251,1.937316697410369,0.0,2.872066315464622,0.27280283937984495,0.0,-0.7990851178355882,8.41276232806773,12.487654004207892,60.29834149529552,72.78599549950341
5.46799999999962,7.23,8.368811170071131,-1.1026340145380726,-2.5119169451201526,5.453673202539597,-14.469681871248044,20.921951202523797,0.0,1.7025369337311007,1.9378511859510055,0.0,2.8681417073243525,0.26169861228603253,0.0,-0.7698536173321666,8.437374769078046,12.508666155484617,60.27661411724877,72.78528027273339
5.46999999999962,7.23,8.36375826788667,-1.091684481488345,-2.541050496648694,5.496032842344973,-14.665450617403406,21.440929259836288,0.0,1.7082691992406338,1.9383635445115033,0.0,2.864101394975878,0.25067351504491886,0.0,-0.7407359003976143,8.463370074247194,12.530520354348681,60.254032646894906,72.78455300124358
5.471999999999619,7.23,8.358646700694363,-1.0806491781476784,-2.570585172777506,5.539450100804324,-14.870878553028502,21.979728754032887,0.0,1.7139932621730158,1.938853935412609,0.0,2.859937725871996,0.23973163707046052,0.0,-0.7117309400960463,8.490769892222277,12.553220546821795,60.230592765010556,72.78381331183235
5.473999999999619,7.23,8.353475646636024,-1.0695259489953748,-2.600540730075397,5.583965586490596,-15.086408400576236,22.539325188526995,0.0,1.7197088677560086,1.9393225293314416,0.0,2.855642551643921,0.22887724717645663,0.0,-0.6828381606217573,8.519596121559506,12.576770788434393,60.20629002528314,72.78306081371753
5.475999999999619,7.23,8.348244243436628,-1.0583125553031008,-2.6309378380955195,5.629621918552571,-15.312510737499423,23.12075432028043,0.0,1.7254157443919234,1.9397695056719426,0.0,2.8512071880912413,0.21811480537063854,0.0,-0.6540574884745386,8.549870832448063,12.601175249613828,60.181119847862306,72.78229509747614
5.477999999999619,7.23,8.34295158652137,-1.0470066709904815,-2.661798136996535,5.67646385136749,-15.54968593055713,23.725116355484488,0.0,1.7311136025428095,1.940195052959762,0.0,2.8466223713757417,0.20744897547731078,0.0,-0.6253894092059447,8.581616173186696,12.626438221368952,60.155077512537744,72.7815157339067
5.4799999999996185,7.23,8.337596727013512,-1.0356058782227997,-2.6931442991709993,5.724538407885456,-15.798466210195318,24.353580448849662,0.0,1.7368021335239028,1.9405993692632366,0.0,2.8418782100074083,0.1968846386520815,0.0,-0.5968350303825523,8.614854258947808,12.652564121289588,60.1281581515178,72.7807222728074
5.481999999999618,7.23,8.332178669604742,-1.0241076627327952,-2.725000095169556,5.7738950222910566,-16.059417893455084,25.007389524707424,0.0,1.7424810081964508,1.9409826626423725,0.0,2.8369641321608725,0.18642690785686722,0.0,-0.5683961514907828,8.649607039964804,12.679557499878591,60.10035674178397,72.77991424166257
5.483999999999618,7.23,8.326696370289117,-1.0125094088472764,-2.757390464226353,5.824585692643787,-16.333143763729296,25.6878654378092,0.0,1.7481498755500726,1.9413451516277893,0.0,2.8318688278037976,0.17608114336783776,0.0,-0.5400753415951536,8.685896145811608,12.70742304723769,60.07166809699318,72.77909114423088
5.485999999999618,7.23,8.321148733951098,-1.0008083941978938,-2.7903415897074053,5.876665144193876,-16.620285615325102,26.396414490879486,0.0,1.7538083611637043,1.9416870657317773,0.0,2.8265801850543424,0.1658529693937809,0.0,-0.5118760256607467,8.723742701897557,12.736165600126414,60.04208685889857,72.77825245902498
5.487999999999618,7.23,8.315534611797485,-0.9890017840940015,-2.823880979818923,5.93019100410287,-16.921526970108655,27.134533324453816,0.0,1.7594560655329443,1.942008645993766,0.0,2.8210852201117778,0.1557482918870441,0.0,-0.4838025805613096,8.763167113661186,12.765790149416375,60.01160748825802,72.7773976376744
5.489999999999617,7.23,8.309852798622382,-0.9770866255340437,-2.8580375539261595,5.98522398832707,-17.237595972414255,27.90381519209781,0.0,1.765092562250216,1.9423101455626723,0.0,2.815370000021267,0.14577331763381518,0.0,-0.45586044191864117,8.804188813196527,12.796301847962974,59.98022425519765,72.77652610316062
5.491999999999617,7.23,8.304102029893613,-0.9650598408303609,-2.8928417348441657,6.0418281014447786,-17.56926846675953,28.705956630469235,0.0,1.7707173960226106,1.9425918303188139,0.0,2.8094195574393215,0.13593457471485526,0.0,-0.4280562230581612,8.84682596216476,12.82770601891757,59.9479312289969,72.77563724791447
5.493999999999617,7.23,8.298280978648284,-0.9529182208207376,-2.928325547468686,6.10007085022224,-17.917371260558827,29.542764528493997,0.0,1.776330080510467,1.942853979538154,0.0,2.80321779645897,0.12623893443148715,0.0,-0.4003978475207121,8.89109510380951,12.86000816450333,59.914722267258185,72.77473043176151
5.495999999999617,7.23,8.292388252184425,-0.9406584176384137,-2.9645227241167342,6.160023471714944,-18.282785570753738,30.416163592710685,0.0,1.7819300959677884,1.9430968866019667,0.0,2.7967473884310934,0.1166936347948655,0.0,-0.3728946967447313,8.937010755675928,12.893213975278574,59.88059100442496,72.77380497970353
5.4979999999996165,7.23,8.286422388534943,-0.9282769370107048,-3.0014688169399673,6.221761176685675,-18.666450648817676,31.328204196012496,0.0,1.7875168866632891,1.9433208597551128,0.0,2.7899896565788187,0.10730630567834387,0.0,-0.34555777472565435,8.984584933199693,12.9273293399115,59.84553083960948,72.77286017952098
5.499999999999616,7.23,8.28038185270939,-0.9157701300548454,-3.039201317757187,6.285363409082604,-19.06936757259347,32.281070583824814,0.0,1.7930898580583317,1.9435262229163721,0.0,2.7829244480425954,0.09808499573310914,0.0,-0.31839989167368704,9.03382659264077,12.962360355489128,59.8095349236912,72.77189527918033
5.501999999999616,7.23,8.274265032688366,-0.9031341845382465,-3.0777597856216086,6.3509141222520835,-19.492603185454005,33.2770893942439,0.0,1.7986483737150998,1.943713316544466,0.0,2.7755299918119807,0.08903820116532724,0.0,-0.2914358689274634,9.08474097984083,12.998313338382841,59.77259614564646,72.7709094840293
5.503999999999616,7.23,8.268070235154843,-0.890365115569109,-3.1171859823894903,6.418502072451841,-19.937294152777636,34.3187384256088,0.0,1.8041917519050554,1.9438824985635228,0.0,2.767782740792932,0.08017489646779552,0.0,-0.2646827676396377,9.137328868925426,13.035194835691218,59.73470711806854,72.76990195375976
5.505999999999616,7.23,8.261795680946166,-0.877458755682358,-3.157524016483568,6.488221130068358,-20.404651091994108,35.408655554831086,0.0,1.809719261884014,1.9440341453520706,0.0,2.7596571960230096,0.07150456719032805,0.0,-0.23816014403406957,9.191585672284122,13.073011637277629,59.69586016184165,72.76887179911928
5.507999999999615,7.23,8.255439500210258,-0.8644107442852685,-3.1988204949401395,6.560170608711374,-20.895962714578978,36.54964767058896,0.0,1.815230119795908,1.944168652799656,0.0,2.7511257107773783,0.06303724481805184,0.0,-0.2118903343375481,9.247500399863748,13.111770788417349,59.65604728993104,72.76781807834838
5.509999999999615,7.23,8.248999727249474,-0.8512165164271179,-3.2411246836832266,6.634455612037999,-21.41259989520718,37.744699434689835,0.0,1.8207234841625097,1.94428643743534,0.0,2.742158272001174,0.05478354380504924,0.0,-0.18589877281387673,9.305054441904424,13.151479603062949,59.61526019025608,72.76673979331903
5.511999999999615,7.23,8.242474295035876,-0.8378712908579005,-3.2844886757709855,6.711187397722705,-21.956019553356967,38.996981619318646,0.0,1.8261984509109106,1.9443879376324515,0.0,2.732722256154198,0.0467547007793212,0.0,-0.1602143466675246,9.364220144623179,13.192145677729755,59.57349020761937,72.76563588534913
5.513999999999615,7.23,8.235861029382443,-0.824370057342874,-3.328967567093214,6.790483757403967,-22.52776819412369,40.30985868344881,0.0,1.8316540478843215,1.9444736148938615,0.0,2.722782156156189,0.038962615890953955,0.0,-0.13486979193001847,9.424959142869328,13.233776905994329,59.53072832467063,72.76450523066497
5.5159999999996145,7.23,8.229157642756139,-0.8107075632027803,-3.374619638644851,6.872469410660911,-23.1294849054995,41.68689514323325,0.0,1.8370892287747194,1.9445439552220352,0.0,2.712299275670184,0.03141989621538488,0.0,-0.10990213478402748,9.48722040728336,13.276381493586008,59.486965141896945,72.76334663548295
5.517999999999614,7.23,8.222361727720921,-0.7968782990544561,-3.421506544034001,6.957276410049604,-23.762903545895256,43.131860152143695,0.0,1.8425028664078011,1.944599470577791,0.0,2.701231386451347,0.02413990104229935,0.0,-0.08535318309662514,9.550937955799153,13.31996797403551,59.442190856643975,72.76215883067948
5.519999999999614,7.23,8.215470750002074,-0.7828764837337715,-3.4696935002726503,7.045044552889473,-24.429853774423826,44.648729528669136,0.0,1.8478937453016333,1.9446407004312563,0.0,2.689532343914375,0.01713678877228042,0.0,-0.061270073198528,9.616028170224903,13.364545224824436,59.396395241192465,72.7609404660169
5.521999999999614,7.23,8.208482041167876,-0.7686960483931169,-3.5192494791036153,7.135921793747772,-25.13226047261101,46.241684241978334,0.0,1.8532605534100344,1.94466821340789,0.0,2.677151655428677,0.010425564999932302,0.0,-0.037705877120242565,9.682386647870224,13.410122483951795,59.34956761994215,72.75969010389394
5.523999999999614,7.23,8.201392790931132,-0.7543306197799253,-3.5702473950874376,7.230064649312395,-25.872140973664614,47.91510407578091,0.0,1.85860187295004,1.9446826090312959,0.0,2.6640339951341905,0.004022131173182064,0.0,-0.014720275520515299,9.749884505474654,13.456709366800883,59.301696845786395,72.75840621258727
5.525999999999613,7.23,8.194200039081892,-0.7397735027221289,-3.6227642853430932,7.3276385844288985,-26.651599346553677,49.67355482092933,0.0,1.8639161701996132,1.9446845195631997,0.0,2.6501186582805754,-0.0020566670281849664,0.0,0.0076196986591510205,9.818364037717988,13.504315883145196,59.252771275808115,72.75708715895331
5.527999999999613,7.23,8.186900667074553,-0.7250176618724882,-3.6768814741246203,7.428818364327253,-27.47281676731417,51.52176687706026,0.0,1.8692017841369108,1.944674611938906,0.0,2.6353389472321798,-0.0077929927730999715,0.0,0.029238841320873614,9.88763361501084,13.552952454078426,59.202778746484306,72.75573120056274
5.529999999999613,7.23,8.179491389308263,-0.7100557027982967,-3.732684713218623,7.53378835325098,-28.338036737219237,53.46460254656045,0.0,1.8744569137757825,1.9446535897937354,0.0,2.6196214803603124,-0.013167974214195466,0.0,0.05005287965690034,9.957461684710395,13.602629928583088,59.15170654865942,72.7543364772425
5.531999999999613,7.23,8.171968744160296,-0.6948798525484463,-3.7902642863348595,7.642742733541297,-29.249543561882412,55.5070085478828,0.0,1.8796796040336603,1.9446221955723353,0.0,2.6028854140825164,-0.018161665810796812,0.0,0.0699674941860729,10.027569716020578,13.65335959936536,59.099541402645904,72.75290100201127
5.533999999999613,7.23,8.164329084859148,-0.6794819398892784,-3.849715062070576,7.755885611364595,-30.20963206880247,57.653949319925324,0.0,1.8848677299475474,1.9445812127077442,0.0,2.5850415673406966,-0.022753017667521025,0.0,0.08887726136743862,10.097623901298716,13.705153217473738,59.046269433929744,72.75142265140349
5.535999999999612,7.23,8.156568570319351,-0.6638533754778829,-3.91113647545563,7.873430965258166,-31.220565991280367,59.9103154866446,0.0,1.8900189790314514,1.9445314678505476,0.0,2.5659914368921157,-0.02691985660694929,0.0,0.10666452186515958,10.167225395083879,13.758023005079414,58.99187615011432,72.74989915519373
5.537999999999612,7.23,8.148683156105548,-0.6479851323413662,-3.9746324122781753,7.995602380956615,-32.284521757881556,62.280800344088874,0.0,1.8951308315445412,1.9444738331200915,0.0,2.545626091007867,-0.030638883834870345,0.0,0.1231981855136427,10.235898836870389,13.811981665625186,58.93634641993626,72.74832808556144
5.539999999999612,7.23,8.140668585752044,-0.6318677271591456,-4.040310963041913,8.122632499876058,-33.40351356844106,64.76973535447509,0.0,1.90020053841394,1.9444092283383343,0.0,2.5238249286655283,-0.03388569551121501,0.0,0.1383324925892094,10.303078864812942,13.86704239032996,58.87966445543163,72.7467068457616
5.541999999999612,7.23,8.132520382739267,-0.6154912030100689,-4.108284004143572,8.25476208836151,-34.57929457639257,67.38087331028025,0.0,1.905225096530076,1.9443386231927469,0.0,2.5004542912841794,-0.03663483438681725,0.0,0.15190576304559666,10.36809428609946,13.923218859767264,58.82181379865153,72.7450326584188
5.5439999999996115,7.23,8.124233843524554,-0.5988451144564247,-4.178666552242385,8.392238609380087,-35.813227698030204,70.11710498922469,0.0,1.9102012211072137,1.944263039255985,0.0,2.4753659147684797,-0.03885988300137866,0.0,0.16373918211804003,10.43014952753937,13.98052523889896,58.76277731472152,72.74330255362048
5.545999999999611,7.23,8.1158040321467,-0.5819185161040854,-4.251575823312872,8.535314146655745,-37.106118000092664,72.98009168835446,0.0,1.9151253147789529,1.9441835517661843,0.0,2.4483952115171816,-0.040533611872959785,0.0,0.17363569369637413,10.48830295032929,14.038976163525707,58.70253719353624,72.74151335706195
5.547999999999611,7.23,8.10722577707804,-0.5646999561158594,-4.327129909964077,8.684242492056384,-38.45799675639356,75.96979195544395,0.0,1.9199934330811417,1.944101291041422,0.0,2.419359375695288,-0.04162819977034893,0.0,0.18137910408514754,10.54144158153527,14.098586715601268,58.641074963005686,72.73966167860695
5.549999999999611,7.23,8.098493671191823,-0.5471774765799092,-4.405445968686976,8.839275159081042,-39.86784511504943,79.08385613517382,0.0,1.9248012459669894,1.9440174433632729,0.0,2.3880553112856475,-0.04211554768403847,0.0,0.18673354066971687,10.588251800427056,14.159372384221058,58.57837151753994,72.73774390176101
5.551999999999611,7.23,8.08960207595503,-0.5293386231655642,-4.486637782219658,9.000656027378655,-41.33324293011461,82.31685712538903,0.0,1.9295439950074735,1.9439332511157708,0.0,2.354257392352492,-0.041967713634512016,0.0,0.18944346556300146,10.627185534067438,14.221349008318917,58.51440716641146,72.73575617473037
5.55399999999961,7.23,8.080545131256946,-0.5111704671558432,-4.570812530835345,9.168614254570544,-42.84992581849029,85.65932028716925,0.0,1.9342164459632316,1.943850011905413,0.0,2.3177150800961406,-0.041157502087364684,0.0,0.1892345169400947,10.656421583986587,14.284532696165034,58.4491617077985,72.73369440396354
5.55599999999961,7.23,8.071316772651683,-0.4926596437510852,-4.658066570094905,9.343355012321165,-44.41123117802186,89.09651036936872,0.0,1.9388128364845107,1.9437690763126727,0.0,2.278150443693204,-0.0396592495285204,0.0,0.18581554414751358,10.673821854352804,14.348939715631316,58.38261453571786,72.73155425134918
5.55799999999961,7.23,8.061910758237552,-0.4737924115112636,-4.7484799722499025,9.525047515329458,-46.00741224294189,92.60692968180943,0.0,1.943326818820387,1.9436918438338013,0.0,2.235255664250677,-0.03744985659791844,0.0,0.17888232019922756,10.676882524614294,14.414586347854586,58.314744788729094,72.72933113658368
5.55999999999961,7.23,8.052320707924123,-0.45455473895972015,-4.842109546136876,9.713809719298757,-47.62479910010229,96.16048142365261,0.0,1.9477513976206056,1.9436197564613609,0.0,2.188690646795787,-0.03451012675228604,0.0,0.16812355909129104,10.66268066560353,14.481488695389011,58.245531551238884,72.72702024662789
5.5619999999996095,7.23,8.0425401584491,-0.43493242570853674,-4.938980010331102,9.909688976316607,-49.24478829346155,99.71625799807487,0.0,1.9520788632233361,1.9435542892226465,0.0,2.1380809280945767,-0.030826480977431903,0.0,0.15323003457281953,10.627817517389275,14.549662434203551,58.17495412044338,72.72461655464693
5.563999999999609,7.23,8.032562638190294,-0.4149112669603948,-5.039072964165209,10.11263787014981,-50.84265026602595,103.21993083105154,0.0,1.956300721279024,1.943496936847743,0.0,2.0830161527462034,-0.02639312619116474,0.0,0.13390778466660389,10.568360732211044,14.619122497020246,58.102992354336806,72.72211485135705
5.565999999999609,7.23,8.022381766541566,-0.39447727182462444,-5.142313293618126,10.322484437425059,-52.386159419173076,106.60075220629615,0.0,1.9604076202123366,1.943449195578999,0.0,2.023049500877163,-0.021214759259784,0.0,0.1098965746463129,10.47978945996283,14.68988267362788,58.02962711864002,72.7195097922679
5.567999999999609,7.23,8.01199138332207,-0.3736169474172953,-5.248552683756619,10.538896056661192,-53.83407909476269,109.76823987065852,0.0,1.9643892789269566,1.943412538972207,0.0,1.9576985910783264,-0.015309885149329183,0.0,0.08099494501646542,10.356948350468096,14.761955112199608,57.95484085267205,72.71679596487166
5.569999999999609,7.23,8.001385714253756,-0.3523176619519234,-5.357550015337191,10.76133651904469,-55.13457844105668,112.60871289200851,0.0,1.9682344183709892,1.9433883863977202,0.0,1.8864485518371406,-0.00871481087192727,0.0,0.047093228029165844,10.194019482755513,14.83534970470353,57.878618275624504,72.71396798032804
5.571999999999608,7.23,7.99055957879226,-0.33056810057360186,-5.468948640253873,10.989016270015375,-56.223725550737676,114.98199481025331,0.0,1.9719307021567642,1.9433780628618325,0.0,1.8087581465225016,-0.0014883384392745391,0.0,0.008215776283402802,9.984524951095505,14.910073339888825,57.800947254662795,72.71102059455163
5.573999999999608,7.23,7.979508646259764,-0.3083588269513829,-5.582250909292797,11.220836639763188,-57.024296091071314,116.71880765080621,0.0,1.9754646933947537,1.9433827487882664,0.0,1.7240700315036817,0.006282890564405452,0.0,-0.03542683769543122,9.721377215714364,14.986129010060074,57.72181985368421,72.70794886374428
5.575999999999608,7.23,7.968229744925603,-0.28568296079082617,-5.6967909224927755,11.45533018697806,-57.44525936892455,117.6196489358613,0.0,1.9788218372266224,1.94340341860267,0.0,1.631826385007265,0.014478561156025638,0.0,-0.08337591838869474,9.396998916861401,15.063514764304738,57.64123357494353,72.70474833924827
5.577999999999608,7.23,7.95672122592313,-0.26253697539273735,-5.811707336210449,11.690601170658985,-57.3824453071173,117.45625356825552,0.0,1.9819864810909087,1.9434407674502352,0.0,1.5314911984825264,0.022938695055993552,0.0,-0.13485510430162428,9.003537681818457,15.142222512797401,57.55919279329491,72.70141530609231
5.5799999999996075,7.23,7.944983379122237,-0.23892160894502418,-5.925919206564674,11.924272671922864,-56.72102966811159,115.97703542556496,0.0,1.9849419472218317,1.9434951262652607,0.0,1.4225803705732563,0.03145807010920976,0.0,-0.18869801497517547,8.533202804174381,15.222236706232875,57.47571036250008,72.69794706873296
5.581999999999607,7.23,7.933018890777656,-0.21484286725827265,-6.038109213326674,12.153449873823124,-55.340548381353614,112.91806445013628,0.0,1.9876706737246774,1.9435663668177132,0.0,1.3047002512767714,0.03978189891584005,0.0,-0.24328170701160406,7.97874694067703,15.303532942932124,57.39080934324993,72.69434228618205
5.583999999999607,7.23,7.92083332267759,-0.19031307355920066,-6.14671999220831,12.374712036073083,-53.123081225120956,108.02098060747865,0.0,1.990154440960831,1.94365380035756,0.0,1.1775943024217783,0.04760391741742387,0.0,-0.2964790784004574,7.334103839610686,15.386076593825992,57.304524762729194,72.69060135655519
5.585999999999607,7.23,7.9084355799436645,-0.16535189343586515,-6.249970314012019,12.58414791360417,-49.964923808022725,101.05854308217766,0.0,1.992374697815817,1.9437560760258654,0.0,1.0411959598524616,0.054568275908918995,0.0,-0.3456477305662959,6.595169347085368,15.469821579284044,57.216905267670924,72.68672684695497
5.587999999999607,7.23,7.895838320899689,-0.13998723296835522,-6.345897883266335,12.777449443580643,-45.79139991515575,91.86705383294262,0.0,1.994312996511645,1.9438710880696792,0.0,0.8956836194583526,0.060276686930194945,0.0,-0.38767535798621905,5.760676067316599,15.554709473375512,57.12801448278566,72.68272395616117
5.589999999999606,7.23,7.883058250207779,-0.11425588133068346,-6.432433860493831,12.950074875384221,-40.573439860384745,80.38264848733974,0.0,1.995951534018483,1.9439959035807646,0.0,0.7415311838675793,0.06430201533408697,0.0,-0.419100132276693,4.833064961207378,15.640669136258131,57.03793184521268,72.67860098147081
5.591999999999606,7.23,7.870116229821037,-0.0882037545878317,-6.507510244123486,13.097483835393938,-34.34332310420297,66.67576143987668,0.0,1.9972737827260945,1.944126724178942,0.0,0.5795453976585538,0.06620876133043119,0.0,-0.43631636818277547,3.8192096940378724,15.727617065484054,56.946752668993994,72.67436973447805
5.593999999999606,7.23,7.857037146001445,-0.06188560549538448,-6.569194931897852,13.215432996724083,-27.205948883621573,50.97580763212106,0.0,1.9982651742799038,1.9442588948058923,0.0,0.41088018252851366,0.06557965460442006,0.0,-0.43585985629106555,2.730819160149318,15.815458596575777,56.85458721914594,72.67004581572172
5.595999999999606,7.23,7.843849488642915,-0.03536410346902929,-6.615841562253444,13.30030413030454,-19.341732649434327,33.67754061230044,0.0,1.998913781747803,1.944386969726989,0.0,0.2370193576631472,0.06204600972187224,0.0,-0.4147454271474523,1.5843515993513346,15.904089971148974,56.761558655864256,72.66564862701323
5.5979999999996055,7.23,7.830584632305924,-0.008708261463623242,-6.646234210188145,13.349420935269745,-10.998249008501286,15.322783806183732,0.0,1.9992109316112034,1.9445048396569098,0.0,0.059723101569809825,0.05531799221147127,0.0,-0.3708073488550869,0.400335660662534,15.993401150050996,56.66779984618323,72.66120099623423
5.599999999999605,7.23,7.817275852580146,0.018008716750206478,-6.659703455734923,13.361303258612217,-2.470148788017944,-3.443501912738327,0.0,1.99915167387028,1.9446059152952118,0.0,-0.11906004557229277,0.04521007175310787,0.0,-0.3029797727033027,-0.7978926851196244,16.083279123698407,56.57344921403258,72.65672833773098
5.601999999999605,7.23,7.803957157216297,0.04471199512964502,-6.65619254409616,13.335812123574863,5.929936225446793,-21.93687974965217,0.0,1.998735049414251,1.9446833532238177,0.0,-0.2973064398341291,0.031657187025369016,0.0,-0.2114576358817105,-1.9858908136516626,16.17361140687485,56.47864597191379,72.65225737878865
5.603999999999605,7.23,7.790662046569478,0.07132781910000799,-6.636260739617979,13.274157324678045,13.904018496684992,-39.50483328467141,0.0,1.9979641184276176,1.9447303024950857,0.0,-0.47304063173287386,0.014718659373420095,0.0,-0.09770065836575932,-3.139985781416818,16.264289417510025,56.383525201142504,72.64781461865253
5.605999999999605,7.23,7.777422331617535,0.0977861038020135,-6.601023427128589,13.178766590596137,21.19829368048995,-55.591420351858204,0.0,1.9968457470305132,1.944740146553745,0.0,-0.6444510226661337,-0.005430695161399157,0.0,0.03572157538941346,-4.239016388653611,16.355211504895244,56.288213284293775,72.64342478918903
5.607999999999604,7.23,7.764267125810907,0.12402264238706685,-6.552041070182542,13.053042792407183,27.624006777876136,-69.78295845729127,0.0,1.9953901833686793,1.9447067164938623,0.0,-0.8099822277251331,-0.02852025675617753,0.0,0.1854093292957007,-5.2656700417476285,16.44628546788337,56.19282413020973,72.6391095980931
5.609999999999604,7.23,7.751222093230765,0.1499807537815875,-6.491177795602007,12.901054629327978,33.06676091355209,-81.82842630605965,0.0,1.9936104805489367,1.9446244575513527,0.0,-0.9683942084534046,-0.05421022562180022,0.0,0.3474789232325969,-6.20725283760399,16.53743045809542,56.09745648758243,72.63488694567785
5.611999999999604,7.23,7.738308990379611,0.1756122881209285,-6.420452929925919,12.727211825285881,37.48455917493726,-91.63521277123813,0.0,1.991521836686006,1.944488539311592,0.0,-1.1187855338880264,-0.08212060777092622,0.0,0.5179117159210233,-7.055867599273986,16.62857820033345,56.00219246020033,72.63077066053378
5.613999999999604,7.23,7.725545494691839,0.20087800484508253,-6.341905584559031,12.53596881276978,40.89731572766305,-99.24619664743771,0.0,1.9891409210012525,1.9442949089718853,0.0,-1.2605846621168184,-0.11185845973685993,0.0,0.6928539306685003,-7.808091047764136,16.71967350404427,55.907097163594344,72.62677066763861
5.6159999999996035,7.23,7.712945279098918,0.22574741231508708,-6.257485583692664,12.331586001885901,43.371660355115615,-104.80652212141445,0.0,1.9864852425853847,1.9440402941275974,0.0,-1.393517327538431,-0.1430405294809325,0.0,0.8688368358049489,-8.464308611632008,16.810674098083624,55.81221933527421,72.62289343335783
5.617999999999603,7.23,7.700518273089948,0.25019819917364444,-6.168976402027317,12.117961047833028,45.004659446958485,-108.52799616656131,0.0,1.9835726003772558,1.9437221658904682,0.0,-1.5175595568045168,-0.17530990878537445,0.0,1.042909087067971,-9.027879045307627,16.90154988656983,55.717592644252264,72.61914253082209
5.619999999999603,7.23,7.688271046040007,0.27421539791641475,-6.077949442504161,11.898528665788433,45.909088846893795,-110.6568743138964,0.0,1.9804206342603594,1.9433386746477563,0.0,-1.6328850522203233,-0.20834659409327871,0.0,1.2126899776301028,-9.504275056990116,16.99228177488918,55.62323743566029,72.61551921054948
5.621999999999603,7.23,7.676207254379236,0.29779040847690624,-5.985744924190197,11.676218657578827,46.20168997765942,-111.44816770726622,0.0,1.977046481511846,1.9428885700685166,0.0,-1.7398136333980176,-0.24187271601586335,0.0,1.3763616350584928,-9.900301185701743,17.08286023608322,55.52916267665286,72.61202291273608
5.623999999999603,7.23,7.664328105763649,0.32091998429764795,-5.893472862804327,11.453457900728521,45.99481770795399,-111.14736653216974,0.0,1.9734665317801916,1.9423711149523324,0.0,-1.8387650262727198,-0.27565361864333093,0.0,1.5326206715648882,-10.223443839721586,17.173283777398098,55.435367921123,72.6086516985211
5.625999999999602,7.23,7.652632806748179,0.3436052541924069,-5.8020275469695495,11.232201873887853,45.39121262447523,-109.97899633571785,0.0,1.9696962673672198,1.941786000013201,0.0,-1.930220146499803,-0.30949604381571305,0.0,1.6806077256302618,-10.481371103749309,17.263557434531087,55.34184516688801,72.60540260141909
5.627999999999602,7.23,7.641118972847702,0.36585082621861814,-5.712109833646196,11.013983303625544,44.48129505233379,-108.14068994061913,0.0,1.965750172988987,1.9411332642720247,0.0,-2.014690424434876,-0.34324453585198045,0.0,1.8198291160953413,-10.681575120211528,17.35369138048066,55.24858052949669,72.60227190997736
5.629999999999602,7.23,7.629782989930814,0.3876639977780662,-5.624252908523821,10.799968408417602,43.342293531129044,-105.80127222556949,0.0,1.9616416992202175,1.940413223707798,0.0,-2.092694698604788,-0.37677694682667173,0.0,1.9500802291700194,-10.831136543275436,17.443699697607457,55.15555569673154,72.599255394339
5.631999999999602,7.23,7.61862032325028,0.4090540800658881,-5.538848485853155,10.591014121011176,42.03858253812923,-103.10149060583493,0.0,1.9573832653984984,1.9396264092966353,0.0,-2.1647426681403266,-0.4099996726387576,0.0,2.0713762687959463,-10.93658578304927,17.53359933129449,55.062749156278954,72.59634848757344
5.6339999999996015,7.23,7.607625775293572,0.43003183431216213,-5.456171551830303,10.387722140658745,40.622730033116284,-100.15629900206942,0.0,1.952986290039469,1.9387735145272456,0.0,-2.231323702565801,-0.44284303051295826,0.0,2.1838929999342347,-11.003836300587778,17.62340922294881,54.97013720722062,72.59354643016943
5.635999999999601,7.23,7.596793696522258,0.4506090109458128,-5.376402616655854,10.190487549769253,39.13689193070337,-97.05790160160258,0.0,1.9484612392356666,1.93785535183818,0.0,-2.2928998284710107,-0.4752570166122232,0.0,2.287918102892764,-11.038168490543054,17.71314960788377,54.87769477618771,72.59084438407149
5.637999999999601,7.23,7.586118154497025,0.470797979683144,-5.299647042065596,9.999541045521742,37.614310688189235,-93.87902529454267,0.0,1.943817685759844,1.936872817076171,0.0,-2.349901845762447,-0.507207559024446,0.0,2.3838125582376177,-11.044246937739922,17.802841457768036,54.785396063524956,72.588237521293
5.639999999999601,7.23,7.575593067333065,0.49061143755982317,-5.225951398356142,9.814984684049051,36.080768990769734,-90.67609477475176,0.0,1.9390643735185593,1.9358268609337546,0.0,-2.4027277032637175,-0.5386732994388574,0.0,2.4719808732425994,-11.026158029858314,17.892506045685927,54.69321504560207,72.585721091288
5.641999999999601,7.23,7.565212307273496,0.5100621822651777,-5.155317031492885,9.636821530515626,34.55591687469654,-87.49213160408752,0.0,1.9342092835618674,1.9347184663140788,0.0,-2.451742443766667,-0.5696428867566081,0.0,2.5528487399895283,-10.98745855317393,17.98216461269487,54.60112585800303,72.5832904706979
5.6439999999996004,7.23,7.554969779677275,0.5291629392088728,-5.087711135863096,9.46497986008724,33.05443572751943,-84.35929717193503,0.0,1.929259699068186,1.9335486306363339,0.0,-2.4972791912436056,-0.6001127384961724,0.0,2.6268467253048535,-10.931228825651829,18.071838116880034,54.50910308177464,72.58094119865467
5.6459999999996,7.23,7.544859482074967,0.5479262321539281,-5.023075670818409,9.299332648127129,31.5870307862026,-81.30106112323611,0.0,1.9242222676361964,1.9323183521990333,0.0,-2.53964078940015,-0.6300852135925439,0.0,2.694398724052994,-10.860126146267143,18.161547048510354,54.41712195192348,72.57866900043383
5.6479999999996,7.23,7.534875547265139,0.5663642887363781,-4.961334458075061,9.13971308579279,30.161259978347527,-78.3340123214203,0.0,1.9191030598827128,1.9310286198361362,0.0,-2.579101809880226,-0.65956713736706,0.0,2.755914089430555,-10.776435958132284,18.251311297538827,54.32515850433596,72.5764698018748
5.6499999999996,7.23,7.525012273772185,0.5844889736157767,-4.902398772049893,8.985926802724709,28.782215213066458,-75.46934749136989,0.0,1.9139076238198038,1.9296804052181529,0.0,-2.6159107326711863,-0.6885686220690399,0.0,2.811782545161333,-10.682119257370898,18.341150062135224,54.23318967449323,72.57433973662846
5.6519999999996,7.23,7.5152641463973,0.6023117432877152,-4.846171699114575,8.837761399725832,27.45307547846388,-72.71407980736495,0.0,1.9086410348121179,1.9282746572588194,0.0,-2.650292164494329,-0.7171021318063384,0.0,2.8623711626841444,-10.57885554631851,18.43108178907744,54.14119335886916,72.5722751479466
5.653999999999599,7.23,7.505625849081594,0.6198436177095767,-4.792551502387421,8.694993808370299,26.17555139431639,-70.07201033924402,0.0,1.9033079411342706,1.9268122981842044,0.0,-2.682449007342556,-0.7451817472169593,0.0,2.9080228416044123,-10.46808112775753,18.521124138646513,54.049148447774165,72.57027258642069
5.655999999999599,7.23,7.4960922718657,0.6370951648403114,-4.741434190514819,8.557395911114739,24.950239557824165,-67.5445024129785,0.0,1.8979126052881519,1.9252942209038033,0.0,-2.712564522626621,-0.7728225918953231,0.0,2.949055861062941,-10.351022845158942,18.611293968172752,53.957034836626,72.56832880479875
5.657999999999599,7.23,7.486658513368713,0.6540764949848868,-4.692715454203987,8.424738779706617,23.776902962406112,-65.13109444960578,0.0,1.8924589413238775,1.923721287392917,0.0,-2.7408042598108207,-0.8000403888328675,0.0,2.985764174325445,-10.228727551767726,18.70160732961339,53.86483342116328,72.56644075077668
5.659999999999599,7.23,7.47731987991281,0.6707972624818482,-4.646292103992054,8.296795823542276,22.65469147668327,-62.829981839283306,0.0,1.8869505484529596,1.922094327853423,0.0,-2.7673178345267884,-0.82685112070498,0.0,3.018418201663209,-10.102087682243333,18.79207947752999,53.77252608092709,72.56460555845709
5.6619999999995985,7.23,7.46807188217938,0.6872666727979261,-4.602063117026633,8.17334508345981,21.582314130349438,-60.638393513519816,0.0,1.8813907412605912,1.9204141404675015,0.0,-2.7922405519462408,-0.8532707726496092,0.0,3.0472659409327205,-9.971863335263928,18.8827248846309,53.68009565437961,72.56282053901052
5.663999999999598,7.23,7.4589102300890575,0.7034934935163382,-4.559930379221727,8.054170859674022,20.558172911169024,-58.552884416937474,0.0,1.875782576824729,1.9186814915973116,0.0,-2.8156948781829234,-0.8793151402475368,0.0,3.0725342645762233,-9.838701275373658,18.97355726267568,53.58752590826283,72.56108317093852
5.665999999999598,7.23,7.449830826443462,0.7194860680431368,-4.5197991915734645,7.939064824153901,19.58046599280397,-56.56956118141224,0.0,1.8701288790394006,1.9168971163148072,0.0,-2.8377917668048442,-0.9049996887921508,0.0,3.0944303091210816,-9.703151241847518,19.06458958703891,53.4948015031977,72.5593910902366
5.667999999999598,7.23,7.440829759743705,0.7352523311242536,-4.481578595140245,7.827826736544331,18.647266797391893,-54.68425499395101,0.0,1.8644322604227215,1.91506171917071,0.0,-2.8586318499936927,-0.9303394527101363,0.0,3.1131428912559356,-9.56567992102385,19.155834123625173,53.40190795704428,72.55774208066946
5.669999999999598,7.23,7.4319032965036165,0.7507998254780383,-4.445181557686259,7.7202648575960495,17.756584034454796,-52.89265289179578,0.0,1.8586951416696569,1.913175975131709,0.0,-2.8783065050835126,-0.9553489662518395,0.0,3.1288439053426385,-9.426682902553754,19.247302457139156,53.308831607171854,72.55613406431101
5.671999999999597,7.23,7.423047873299197,0.7661357190151357,-4.410525055775371,7.616196133941158,16.90640682135371,-51.190396454050116,0.0,1.8529197691876327,1.9112405306306752,0.0,-2.8968988075693827,-0.9800422183942319,0.0,3.1416896724915895,-9.286494903154159,19.339005519955897,53.21555957249298,72.55456509244888
5.673999999999597,7.23,7.414260088735877,0.7812668222485711,-4.377530078763455,7.515446212016953,16.094738148592153,-49.57315501974548,0.0,1.8471082308310023,1.9092560046874036,0.0,-2.9144843814981174,-1.0044326263666228,0.0,3.1518222224302277,-9.145398505980701,19.4309536210292,53.12207971589109,72.5530333369203
5.675999999999597,7.23,7.405536695468289,0.7961996055993033,-4.346121575313783,7.417849326217222,15.319619274745275,-48.036679079841534,0.0,1.8412624700290405,1.9072229900672228,0.0,-2.9311321576449125,-1.028533023383649,0.0,3.159370497367163,-9.003631630885671,19.52315647442265,53.0283806074927,72.55153708191534
5.677999999999597,7.23,7.396874592370809,0.8109402163822007,-4.3162283584543255,7.323248096286895,14.579147092233708,-46.576838303104154,0.0,1.8353842984819981,1.9051420544527435,0.0,-2.9469050491850823,-1.052355657107761,0.0,3.164451472699026,-8.861393921164636,19.615623227162853,52.93445148910197,72.55007471626482
5.6799999999995965,7.23,7.388270816928862,0.8254944953191807,-4.287782981563193,7.231493261038891,13.87148607173547,-45.18964770886851,0.0,1.8294754075811126,1.9030137416101511,0.0,-2.961860553785026,-1.075912196109839,0.0,3.1671711933289775,-8.718852206084367,19.708362486204653,52.84028224001021,72.54864472621486
5.681999999999596,7.23,7.379722537899187,0.8398679924739066,-4.260721594810524,7.142443369227232,13.194876048664435,-43.871284747332865,0.0,1.8235373786914448,1.9008385725362955,0.0,-2.9760512902243983,-1.099213742189426,0.0,3.1676257270232715,-8.576145175440375,19.801382344366083,52.7458633443145,72.54724568868059
5.683999999999596,7.23,7.371227048270532,0.8540659825390114,-4.234983789341647,7.055964443508537,12.547636842302298,-42.61809945193059,0.0,1.8175716924209986,1.8986170465766274,0.0,-2.9895254768630117,-1.1222708468863944,0.0,3.1659020379703673,-8.433387382398093,19.894690405142942,52.651185859819996,72.54587626496294
5.685999999999596,7.23,7.362781758543511,0.8680934794346813,-4.210512434729395,6.971929629584608,11.928170482480079,-41.42661935708816,0.0,1.8115797369857156,1.896349642506962,0.0,-3.002327358505554,-1.1450935308880237,0.0,3.162078784781053,-8.290672673642508,19.988293806353454,52.55624138855548,72.54453519490893
5.687999999999596,7.23,7.354384190338727,0.8819552501984935,-4.187253513850547,6.8902188396187976,11.33496164850116,-40.29355050281393,0.0,1.8055628157675714,1.894036819574322,0.0,-3.014497587508881,-1.167691305329737,0.0,3.1562270477695025,-8.148077131091355,20.082199242593,52.461022048898755,72.54322129149176
5.689999999999595,7.23,7.346031970335072,0.8956558281621552,-4.165155958271454,6.810718396680622,10.766576790891554,-39.21577555456483,0.0,1.7995221541519535,1.8916790184939172,0.0,-3.026073564326845,-1.1900731942200216,0.0,3.148410990624365,-8.005661596813571,20.17641298650214,52.36552044928517,72.54193343578731
5.691999999999595,7.23,7.337722824534814,0.9091995254224001,-4.144171486396486,6.733320685155966,10.221662301041793,-38.19034983628786,0.0,1.793458905720742,1.8892766624006079,0.0,-3.0370897420984053,-1.212247757402927,0.0,3.138688461618845,-7.863473842052912,20.270940908866763,52.269729663454555,72.54067057232132
5.693999999999595,7.23,7.329454572848231,0.9225904446217135,-4.124254445989078,6.657923810652937,9.698942010876465,-37.21449589334554,0.0,1.7873741578688134,1.8868301577542668,0.0,-3.0475778993547906,-1.2342231136155757,0.0,3.1271115393954396,-7.721550432126514,20.365788497581107,52.17364320718103,72.53943170476214
5.695999999999595,7.23,7.321225123987873,0.9358324900604756,-4.105361662178596,6.584431271847995,9.197214239600076,-36.28559705982059,0.0,1.7812689369040489,1.8843398951991817,0.0,-3.057567384447963,-1.2560069633108621,0.0,3.1137270281477996,-7.579918331219066,20.460960875513443,52.07725501642175,72.5382158919352
5.6979999999995945,7.23,7.313032470660684,0.9489293781661406,-4.087452291685266,6.512751645883995,8.71534855354762,-35.40119039321685,0.0,1.7751442126841375,1.881806250378241,0.0,-3.0670853348814804,-1.27760661100402,0.0,3.098576906749553,-7.438596284521004,20.556462817318767,51.980559426816704,72.53702224413547
5.699999999999594,7.23,7.304874685045073,0.9618846473476192,-4.070487683704926,6.4427982882966255,8.252282365240513,-34.55895925232663,0.0,1.7690009028375036,1.879229584703045,0.0,-3.0761568743515895,-1.299028986970601,0.0,3.0816987360743964,-7.297596009588045,20.65229876524662,51.88355115446936,72.53584991971599
5.701999999999594,7.23,7.296749914539348,0.9747016672644907,-4.054431247675633,6.374489047965153,7.807017466550137,-33.75672572586157,0.0,1.7628398766103863,1.876610246081353,0.0,-3.0848052899766687,-1.3202806681769874,0.0,3.063126028433407,-7.156923224077619,20.748472843994165,51.786225277936886,72.53469812193106
5.703999999999594,7.23,7.288656377767687,0.9873836475412776,-4.039248327983712,6.307745997223587,7.378616566551116,-32.99244306629618,0.0,1.7566619583774636,1.8739485696034937,0.0,-3.0930521919021507,-1.3413678983659698,0.0,3.042888582737247,-7.016578533014523,20.84498887465475,51.68857722135981,72.53356609601455
5.705999999999594,7.23,7.280592360829788,0.9999336459570137,-4.024906085545382,6.242495177002559,6.966199885732743,-32.26418824203871,0.0,1.7504679308492956,1.8712448781895021,0.0,-3.1009176572118853,-1.3622966072517906,0.0,3.0210127886817726,-6.876558195343707,20.94185038781234,51.59060273866324,72.53245312647559
5.707999999999593,7.23,7.2725562137806135,1.0123545761398702,-4.011373386112044,6.178666356679419,6.568941843577053,-31.570154689003317,0.0,1.7442585380062137,1.8684994831987367,0.0,-3.1084203598514972,-1.383072428803206,0.0,2.9975219029605897,-6.736854786647818,21.03906063583114,51.49229789876197,72.53135853459311
5.709999999999593,7.23,7.264546347326967,1.024649214795817,-3.9986206950851275,6.116192808177711,6.1860678651918555,-30.908645317912324,0.0,1.7380344877851104,1.8657126850038788,0.0,-3.115577688070994,-1.4037007186116153,0.0,2.9724363002316725,-6.597457772461571,21.13662260438799,51.39365907170742,72.53028167609541
5.711999999999593,7.23,7.256561229728149,1.0368202084992784,-3.986619978584083,6.055011093764428,5.81685132399019,-30.27806581464663,0.0,1.7317964545427094,1.8628847735310725,0.0,-3.1224058507197046,-1.4241865703547258,0.0,2.945773701307386,-6.458354004537114,21.234539023294033,51.29468291571442,72.52922193900845
5.713999999999593,7.23,7.248599383888447,1.048870080072575,-3.9753446104841044,5.995060866933969,5.460610630766963,-29.676918256442157,0.0,1.7255450813164166,1.8600160287680332,0.0,-3.1289199735733098,-1.4445348313763726,0.0,2.9175493808004935,-6.319528150647002,21.332812376649535,51.19536636501078,72.52817874166031
5.7159999999995925,7.23,7.24065938462984,1.0608012345796858,-3.964769285124701,5.936284685733685,5.116706474492414,-29.10379505572915,0.0,1.7192809819016097,1.8571067212418613,0.0,-3.1351341867381635,-1.4647501174101591,0.0,2.8877763562413725,-6.18096306700709,21.431444912374378,51.09570661845531,72.52715153082968
5.717999999999592,7.23,7.232739856133866,1.0726159649585512,-3.9548699353835826,5.878627837870928,4.784539216370143,-28.55737323516055,0.0,1.7130047427622748,1.8541571124682223,0.0,-3.1410617040595743,-1.4848368264793754,0.0,2.856465560483522,-6.042640121119386,21.530438651153894,50.99570112887211,72.526139780026
5.719999999999592,7.23,7.224839469542226,1.0843164573148225,-3.9456236558101514,5.822038176940899,4.463546435915689,-28.036409031268946,0.0,1.7067169247901366,1.8511674553735313,0.0,-3.146714895356481,-1.5047991520089985,0.0,2.8236259990350603,-5.904539471740955,21.62979539483841,50.895347593053486,72.5251429878919
5.721999999999592,7.23,7.21695694070632,1.0959047958986432,-3.937008630517536,5.766465969124355,4.153200625784869,-27.53973281975559,0.0,1.7004180649258775,1.8481379946916694,0.0,-3.1521053522132267,-1.5246410951872589,0.0,2.7892648937910542,-5.7666403117511305,21.72951673433199,50.79464394238576,72.52416067671776
5.723999999999592,7.23,7.209091028076482,1.1073829677847655,-3.9290040655401564,5.711863749721593,3.8530070306439548,-27.066244352268868,0.0,1.6941086776546785,1.8450689673366796,0.0,-3.1572439479782846,-1.5443664766150975,0.0,2.753387814494634,-5.628921078890347,21.82960405700468,50.693588334055,72.52319239105968
5.725999999999591,7.23,7.201240530722273,1.1187528672750613,-3.9215901253742795,5.658186188911712,3.5625016243944274,-26.614908292384598,0.0,1.6877892563870727,1.84196060275287,0.0,-3.162140892548456,-1.563978947282017,0.0,2.7159987991228176,-5.4913596386602155,21.930058553659443,50.59217914279361,72.52223769645306
5.727999999999591,7.23,7.193404286475728,1.130016300041285,-3.9147478734310854,5.605389966152194,3.28124921943459,-26.184750037118494,0.0,1.6814602747350103,1.8388131232435807,0.0,-3.1668057824542557,-1.5834819989061,0.0,2.6771004642735483,-5.353933443088783,22.030881225084748,50.490414953129296,72.52129617821404
5.729999999999591,7.23,7.185581170190015,1.141174987024812,-3.9084592161447933,5.553433652662121,3.0088417012782065,-25.77485180950618,0.0,1.6751221876920694,1.8356267442798868,0.0,-3.1712476467065223,-1.6028789736752684,0.0,2.636694106523795,-5.21661966856179,22.132072888219913,50.38829455210218,72.52036744032209
5.731999999999591,7.23,7.177770092106415,1.1522305681089835,-3.9027068504919575,5.50227760146163,2.7448963816875502,-25.38434900742787,0.0,1.6687754327258673,1.8324016747903926,0.0,-3.1754749888153144,-1.6221730734254765,0.0,2.594779795632297,-5.079395335489278,22.233634181960813,50.28581692241724,72.51945110437805
5.7339999999995905,7.23,7.169969996323047,1.16318460557867,-3.897474214691757,5.451883844470003,2.48905446346779,-25.012426793829935,0.0,1.662420430789955,1.829138117433198,0.0,-3.179495825348609,-1.6413673682901275,0.0,2.551356460374327,-4.942237412205271,22.33556557263016,50.18298123600108,72.51854680863124
5.73599999999959,7.23,7.162179859359199,1.1740385873806973,-3.8927454418707255,5.402215996194238,2.2409796101684547,-24.658316913710507,0.0,1.6560575872617758,1.8258362688510614,0.0,-3.1833177213598414,-1.6604648048534876,0.0,2.50642196771855,-4.805122905178394,22.43786735913604,50.07978684793457,72.5176542070706
5.73799999999959,7.23,7.154398688809527,1.184793930197871,-3.888505316488715,5.3532391635689,2.0003566141156677,-24.321294723624803,0.0,1.6496872928126576,1.822496319910737,0.0,-3.1869478229792465,-1.6794682138391823,0.0,2.4599731959866555,-4.6680289373358,22.54053967784071,49.97623329073465,72.51677296857535
5.73999999999959,7.23,7.146625522082808,1.1954519823484875,-3.884739233335814,5.304919861536014,1.7668901564328572,-24.00067641997788,0.0,1.643309924215232,1.8191184559273652,0.0,-3.190392887433619,-1.6983803173631955,0.0,2.4120061025741597,-4.530932816064583,22.643582507160602,49.872320268959925,72.51590277612053
5.74199999999959,7.23,7.138859425220274,1.206014026522423,-3.881433158922347,5.257225933980667,1.54030365297823,-23.6958164529649,0.0,1.6369258450931892,1.8157028568747837,0.0,-3.1936593107322184,-1.717203735779147,0.0,2.362515786755071,-4.393812092249356,22.746995671916665,49.76804765411681,72.51504332603348
5.743999999999589,7.23,7.131099491788909,1.2164812823641473,-3.878573595095963,5.210126479663621,1.3203381804198553,-23.406105113660747,0.0,1.6305354066178142,1.8122496975825122,0.0,-3.1967531532326148,-1.7359409941418864,0.0,2.311496548042893,-4.256644611526734,22.850778847453597,49.663415479843586,72.51419432729719
5.745999999999589,7.23,7.123344841845423,1.2268549089123197,-3.8761475447310447,5.163591782816567,1.1067514769739824,-23.13096628242954,0.0,1.6241389481553496,1.8087591479201965,0.0,-3.199680163278949,-1.7545945283139321,0.0,2.2589419405356947,-4.11940855878339,22.95493156354549,49.558423937352345,72.51335550089783
5.747999999999589,7.23,7.115594620966888,1.2371360069049775,-3.8741424793463355,5.117593248088651,0.8993170126411668,-22.86985532750344,0.0,1.6177367978688635,1.8052313729701503,0.0,-3.2024457990860915,-1.7731666907375983,0.0,2.2048448236324614,-3.9820824967907074,23.059453208103992,49.45307337110857,72.51252657921256
5.749999999999589,7.23,7.107847999344327,1.2473256209587242,-3.872546308516692,5.072103339554498,0.6978231240801199,-22.62225714325174,0.0,1.6113292732779723,1.8016665331886994,0.0,-3.2050552490261897,-1.791659755894292,0.0,2.14919740947196,-3.844645399753012,23.164343030704362,49.34736427473096,72.51170730543532
5.7519999999995886,7.23,7.100104170935787,1.2574247416297701,-3.871347350954296,5.027095523514289,0.502072209558795,-22.38768431832132,0.0,1.60491668177947,1.7980647845568727,0.0,-3.2075134504590403,-1.8100759254708028,0.0,2.091991307412533,-3.707076682445677,23.26960014594419,49.24129728709299,72.51089743303717
5.753999999999588,7.23,7.092362352675683,1.267434307364155,-3.8705343071434846,4.982544214835433,0.3118799797115361,-22.16567542446743,0.0,1.598499321131643,1.794426278721066,0.0,-3.2098251072340425,-1.8284173332513112,0.0,2.033217565842328,-3.569356225531346,23.375223536648775,49.13487318861136,72.51009672526013
5.755999999999588,7.23,7.084621783737401,1.2773552063439992,-3.870096233421629,4.938424726603097,0.12707476010876084,-21.955793417506893,0.0,1.5920774799048139,1.7907511631241588,0.0,-3.2119947059795257,-1.8466860497522148,0.0,1.9728667115828793,-3.4314643975665007,23.481212056935693,49.02809289770457,72.50930495464026
5.757999999999588,7.23,7.076881724846384,1.2871882782361854,-3.8700225174062015,4.894713222863452,-0.05250315809105307,-21.75762414240941,0.0,1.58565143790043,1.7870395811276225,0.0,-3.2140265312841994,-1.8648840866159555,0.0,1.9109287871255298,-3.2933820741433535,23.587564435151794,48.920957467408286,72.50852190256008
5.759999999999588,7.23,7.069141457641093,1.2969343158494482,-3.8703028546753893,4.851386674258845,-0.22700212288648414,-21.570774935097113,0.0,1.5792214665408193,1.783291672125055,0.0,-3.215924679865877,-1.8830134007785513,0.0,1.847393385918717,-3.155090654554338,23.694279276693656,48.813468082132744,72.5077473588264
5.7619999999995875,7.23,7.061400284079424,1.3065940667054718,-3.870927226616328,4.8084228163685,-0.3965596848204615,-21.394873314045096,0.0,1.5727878292315434,1.779507571647612,0.0,-3.217693073813738,-1.90107589842468,0.0,1.782249685905086,-3.0165720763150863,23.801355066723428,48.705626054550024,72.50698112127345
5.763999999999587,7.23,7.053657525888329,1.3161682345292287,-3.871885879361301,4.765800110581615,-0.5613031220332432,-21.229565755267377,0.0,1.5663507816981328,1.7756874114617092,0.0,-3.219335472982625,-1.9190734387429074,0.0,1.7154864814899575,-2.8778088278374816,23.90879017279057,48.5974328225978,72.50622299538837
5.765999999999587,7.23,7.045912524054538,1.3256574806634611,-3.873169303738081,4.723497707342118,-0.7213499297988563,-21.074516544733623,0.0,1.5599105722988182,1.7718313196594262,0.0,-3.2208554866106325,-1.9370078374928676,0.0,1.6470922141072235,-2.7387839595049854,24.01658284736955,48.488889946589,72.50547279395855
5.767999999999587,7.23,7.038164638354426,1.3350624254118995,-3.87476821616604,4.681495411615824,-0.8768082771696746,-20.929406702693388,0.0,1.553467442314747,1.7679394207419346,0.0,-3.2222565842250206,-1.9548808703950429,0.0,1.5770550015344953,-2.5994810933684267,24.12473123032391,48.37999910641465,72.50473033673856
5.769999999999587,7.23,7.030413246921193,1.3443836493155206,-3.876673540434715,4.639773650441335,-1.0277774331752147,-20.79393297478659,0.0,1.547021626219053,1.764011835696329,0.0,-3.2235421058955414,-1.9726942763531388,0.0,1.5053626660967359,-2.4598844316499235,24.233233351305486,48.27076209883063,72.50399545013612
5.771999999999586,7.23,7.022657745847652,1.3536216943658839,-3.8788763903062433,4.598313442435946,-1.1743481648546799,-20.667806885194388,0.0,1.5405733519260254,1.760048682066174,0.0,-3.2247152718891723,-1.9904497605180598,0.0,1.4320027618859887,-2.319978764216251,24.34208713209839,48.16118083481706,72.50326796691544
5.773999999999586,7.23,7.014897548823037,1.3627770651593332,-3.8813680528874888,4.557096369136902,-1.3166031092488237,-20.550753847432954,0.0,1.5341228410215249,1.7560500740160618,0.0,-3.225779191775448,-2.008148997201768,0.0,1.3569626011144622,-2.179749475159445,24.45129038891616,48.05125733700076,72.50254772591693
5.775999999999586,7.23,7.007132086802339,1.3718502299956237,-3.884139972721777,4.516104548066865,-1.4546171213342596,-20.442512328717108,0.0,1.5276703089756998,1.7520161223905004,0.0,-3.22673687302735,-2.0257936326485884,0.0,1.2802292797087922,-2.039182548601779,24.560840834660517,47.94099373713162,72.50183457179213
5.777999999999586,7.23,6.999360807706774,1.380841621924317,-3.887183736554,4.475320607420253,-1.5884575997510098,-20.34283306412241,0.0,1.521215965338973,1.7479469347673868,0.0,-3.227591229158787,-2.0433852876708056,0.0,1.2017897022447253,-1.8982645738238884,24.670736081150057,47.83039227360338,72.50112835475343
5.7799999999995855,7.23,6.991583176154086,1.3897516397420893,-3.890491058726423,4.4347276622744,-1.7181847920534048,-20.25147831705225,0.0,1.514760013922182,1.7438426155063427,0.0,-3.2283450874362236,-2.0609255601547245,0.0,1.1216306063137573,-1.7569827497987278,24.780973641326487,47.71945528901035,72.50042893033684
5.781999999999585,7.23,6.983798673217464,1.3985806489439123,-3.8940537671658806,4.394309292236207,-1.8438520811009766,-20.16822118277769,0.0,1.5083026529616954,1.7397032657921607,0.0,-3.229001196198732,-2.078416027442784,0.0,1.0397385864061859,-1.6153248891995353,24.891550931445842,47.60818522773167,72.4997361591775
5.783999999999585,7.23,6.976006796211917,1.4073289826308917,-3.8978637899261597,4.354049520441146,-1.965506254103803,-20.09284493205609,0.0,1.501844075270253,1.7355289836736107,0.0,-3.2295622318178645,-2.0958582485967074,0.0,0.9561001173886946,-1.473279421937336,25.002465273262633,47.49658463353491,72.49904990679754
5.785999999999585,7.23,6.968207058507039,1.4159969423773924,-3.9019131422523285,4.313932793827298,-2.0831877557404717,-20.02514239205889,0.0,1.495384468374223,1.7313198640978356,0.0,-3.2300308053260696,-2.1132537665461117,0.0,0.8707015776487114,-1.33083539827207,25.11371389621334,47.38465614719122,72.49837004340456
5.787999999999585,7.23,6.960398989365155,1.4245847990599259,-3.9061939141364874,4.273943964612375,-2.1969309266797894,-19.964915362044206,0.0,1.4889240146379106,1.7270759989405495,0.0,-3.2304094687398996,-2.130604110126443,0.0,0.7835292719725472,-1.1879824915313735,25.22529393960663,47.27240250409422,72.49769644370085
5.789999999999584,7.23,6.952582133803879,1.4330927936501383,-3.9106982583370193,4.234068272906646,-2.30676422875625,-19.911974061402354,0.0,1.4824628913755031,1.7227974770322834,0.0,-3.230700721102023,-2.14791079600969,0.0,0.6945694542194905,-1.0447110004619684,25.337202454826905,47.15982653187578,72.49702898670269
5.791999999999584,7.23,6.9447560524821945,1.4415211379741084,-3.9154183788358323,4.194291330399263,-2.412710457975339,-19.8661366078785,0.0,1.476001270951203,1.7184843841808664,0.0,-3.230907014264021,-2.165175330530775,0.0,0.6038083498496233,-0.9010118512305871,25.449436407557574,47.046931148011105,72.49636755556868
5.793999999999584,7.23,6.936920321609206,1.4498700154400417,-3.920346519710372,4.154599105059655,-2.514786946456108,-19.827228523942548,0.0,1.4695393208680203,1.714136803190349,0.0,-3.2310307584300455,-2.1823992114120387,0.0,0.511232178359138,-0.7568765990841936,25.561992680030546,46.93371935740623,72.49571203743677
5.795999999999584,7.23,6.929074532874743,1.4581395817363376,-3.9254749543993355,4.114977906799631,-2.6130057543556693,-19.79508226942782,0.0,1.4630772038457196,1.7097548138765968,0.0,-3.231074327479611,-2.1995839293879786,0.0,0.41682717567327715,-0.6122974296727558,25.674868073308346,46.82019424996187,72.49506232327022
5.7979999999995835,7.23,6.921218293401062,1.4663299655018982,-3.9307959753430426,4.075414374045387,-2.7073738527624815,-19.769536798702227,0.0,1.4566150778883176,1.7053384930797164,0.0,-3.231040064086299,-2.21673096973176,0.0,0.3205796165436076,-0.4672671600321256,25.788059309604346,46.70635899810618,72.49441830771053
5.799999999999583,7.23,6.913351225714899,1.474441268970452,-3.9363018839813466,4.0358954611720055,-2.797893298491673,-19.750437140766774,0.0,1.4501530963415368,1.7008879146735292,0.0,-3.230930284647537,-2.23384181368478,0.0,0.2224758369933733,-0.32177923921950097,25.901563034647342,46.592216854290825,72.49377988893816
5.801999999999583,7.23,6.905472967739189,1.4824735685905712,-3.9419849810937797,3.996408426756059,-2.8845614016668457,-19.737634000798362,0.0,1.4436914079405743,1.6964031495722862,0.0,-3.2307472840392863,-2.250917939790198,0.0,0.12250225685174108,-0.17582774858924205,26.01537582009628,46.47777114844397,72.49314696854026
5.803999999999583,7.23,6.897583172803771,1.490426915622978,-3.9478375574683526,3.9569408226048544,-2.9673708869268736,-19.73098338176709,0.0,1.4372301568485342,1.6918842657348097,0.0,-3.230493340208181,-2.267960825130911,0.0,0.020645402415236762,-0.02940740169287999,26.12949416601038,46.36302528537438,72.49251945138477
5.805999999999583,7.23,6.889681509674438,1.4983013367166527,-3.9538518848870594,3.917480483523422,-3.0463100490548505,-19.730346224863844,0.0,1.4307694826858168,1.6873313281662545,0.0,-3.2301707186124173,-2.2849719464721763,0.0,-0.08310807072776066,0.11748645621652107,26.243914503380136,46.247982742120726,72.49189724550087
5.807999999999582,7.23,6.881767662599707,1.5060968344651844,-3.9600202074177004,3.8780155177828264,-3.121362903786742,-19.73558806757191,0.0,1.4243095205507774,1.6827443989176698,0.0,-3.2297816765216085,-2.3019527813087475,0.0,-0.18877135467577158,0.26485784909859733,26.35863319672455,46.13264706524053,72.49128026196509
5.809999999999582,7.23,6.873841331374704,1.513813387944729,-3.966334733003106,3.8385342982555932,-3.192509334521733,-19.74657871830749,0.0,1.4178504010319162,1.678123537083586,0.0,-3.229328467184669,-2.318904808816144,0.0,-0.29635746596462126,0.41271017148429323,26.473646546759422,46.01702186803387,72.49066841479329
5.811999999999582,7.23,6.86590223142159,1.52145095323488,-3.9727876253402576,3.79902545418612,-3.25972523562209,-19.763191946639772,0.0,1.4113922502118537,1.6734687987977672,0.0,-3.228813343873928,-2.3358295107052736,0.0,-0.40587922205975924,0.561046190306941,26.58895079314198,45.901110827695646,72.49006162083762
5.813999999999582,7.23,6.857950093885927,1.5290094639236889,-3.9793709960431527,3.7594778635658357,-3.322982652959193,-19.785305188179283,0.0,1.4049351896633424,1.66878023722737,0.0,-3.228238563812558,-2.3527283719794854,0.0,-0.5173492175625473,0.7098680472359395,26.704542117295883,45.784917682392475,72.48945979968836
5.8159999999995815,7.23,6.849984665748459,1.5364888315980163,-3.9860768970845295,3.7198806460846163,-3.3822499223326568,-19.812799263298484,0.0,1.398479336437529,1.664057902565685,0.0,-3.2276063919916327,-2.369602881592826,0.0,-0.6307798001042774,0.8591772615448754,26.820416645322023,45.668446228258944,72.48886287358097
5.817999999999581,7.23,6.842005709951715,1.5438889463203411,-3.9928973135128056,3.680223156631578,-3.4374918063613458,-19.84555810891702,0.0,1.3920248030446922,1.6593018420236554,0.0,-3.2269191048822106,-2.3864545330080187,0.0,-0.7461830459032174,1.0089747335472077,26.93657045099865,45.55170031630833,72.48827076730697
5.819999999999581,7.23,6.834013005540915,1.551209677093098,-3.999824156441753,3.640494979319825,-3.4886696304187574,-19.883468522648766,0.0,1.3855716974276522,1.6545120998203835,0.0,-3.2261789940470305,-2.403284824652503,0.0,-0.8635707349615143,1.1592607486336675,27.05299955887537,45.434683849254014,72.48768340812939
5.821999999999581,7.23,6.826006347818626,1.5584508723115686,-4.0068492563115425,3.600685922011083,-3.5357414181600815,-19.926419918667886,0.0,1.3791201229280619,1.6496887171728358,0.0,-3.2253883696556254,-2.4200952602706827,0.0,-0.9829543258802159,1.3100349819461776,27.169699947465077,45.3174007782371,72.48710072570218
5.823999999999581,7.23,6.817985548512621,1.5656123602063028,-4.013964356420876,3.560786011317376,-3.5786620271631993,-19.97430409470844,0.0,1.3726701782457518,1.6448317322849313,0.0,-3.224549563905921,-2.4368873491702927,0.0,-1.1043449302720796,1.4612965037234886,27.286667552537057,45.1998550994561,72.48652265199316
5.82599999999958,7.23,6.809950435956403,1.5726939492760021,-4.021161106730928,3.5207854880580225,-3.617383285183157,-20.02701500966389,0.0,1.366221957391333,1.6399411803362707,0.0,-3.2236649343546055,-2.4536626063607354,0.0,-1.2277532867532193,1.613043785353709,27.40389827051523,45.08205085069575,72.48594912121098
5.82799999999958,7.23,6.801900855281849,1.5796954287117557,-4.028431057942817,3.4806748031512353,-3.651854127495928,-20.08444857130342,0.0,1.359775549632222,1.635017093470672,0.0,-3.2227368671579613,-2.4704225525809633,0.0,-1.3531897344959258,1.7652747061686285,27.521387961984416,44.96399210775054,72.48538006973496
5.82999999999958,7.23,6.7938366686234195,1.5866165688134761,-4.035765655851223,3.4404446139205467,-3.682020735785122,-20.146502433667344,0.0,1.3533310394322746,1.630059500784783,0.0,-3.2217677802240465,-2.4871687142144774,0.0,-1.4806641863264094,1.9179865610140976,27.639132455307823,44.84568298074066,72.48481543604848
5.83199999999958,7.23,6.785757755333392,1.5934571213993485,-4.0431562359776905,3.4000857807970917,-3.7078266790024084,-20.213075803748954,0.0,1.346888506385205,1.6250684283169674,0.0,-3.220760126276565,-2.50390262308888,0.0,-1.6101861013525702,2.0711760686298013,27.757127550358252,44.72712761031701,72.48425516067526
5.8339999999995795,7.23,6.777664012207531,1.6002168202090639,-4.050594018487969,3.3595893643995427,-3.729213056610554,-20.284069257109063,0.0,1.3404480251419646,1.6200438990367152,0.0,-3.2197163958300505,-2.5206258161572883,0.0,-1.741764457108197,2.2248393808703844,27.875369022365636,44.60833016375291,72.48369918611854
5.835999999999579,7.23,6.769555353720644,1.6068953813015756,-4.058070103398542,3.3189466229741456,-3.746118644595068,-20.359384562109447,0.0,1.33400966533226,1.6149859328348084,0.0,-3.218639120075424,-2.5373398350589516,0.0,-1.8754077212015479,2.3789720927983464,27.99385262588276,44.48929483092016,72.48314745680293
5.837999999999579,7.23,6.761431712271431,1.6134925034480827,-4.065575466078255,3.278149010177907,-3.7584800446079063,-20.43892451248632,0.0,1.3275734914803887,1.6098945465144858,0.0,-3.217530873674348,-2.5540462255562915,0.0,-2.0111238224576176,2.533569253677055,28.11257409887104,44.37002582014756,72.4825999190186
5.839999999999579,7.23,6.753293038436023,1.620007868520907,-4.07310095305165,3.2371881731885037,-3.766231836583455,-20.522592768018924,0.0,1.3211395629155822,1.6047697537838654,0.0,-3.2163942774602168,-2.570746536845689,0.0,-2.1489201215450704,2.6886253788899155,28.231529166907926,44.250527353960464,72.48205652086838
5.841999999999579,7.23,6.74513930122961,1.6264411418789055,-4.08063727811127,3.1960559511249382,-3.769306735143381,-20.61029370307957,0.0,1.3147079336770413,1.5996115652498701,0.0,-3.2152320010430837,-2.587442320739259,0.0,-2.2888033810803785,2.8441344628090834,28.350713547516683,44.13080366469988,72.48151721221657
5.843999999999578,7.23,6.736970488375536,1.6327919727500206,-4.088175018746808,3.154744373763371,-3.767635750082511,-20.701932262881243,0.0,1.3082786524138579,1.5944199884139225,0.0,-3.214046765315216,-2.6041351307149663,0.0,-2.430779735203448,3.000089992633929,28.470122954619413,44.01085899002066,72.48098194464006
5.845999999999578,7.23,6.728786606581197,1.6390599946115447,-4.095704612899532,3.1132456605328924,-3.761148351202768,-20.797413827266087,0.0,1.3018517622800334,1.5891950276696682,0.0,-3.2128413448534965,-2.620826520832521,0.0,-2.574854658620997,3.1564849632162355,28.58975310311361,43.89069756826792,72.48045067138153
5.847999999999578,7.23,6.7205876818201125,1.6452448255686443,-4.1032163560509325,3.0715522197762897,-3.7497726377364353,-20.896644081903585,0.0,1.2954273008247918,1.5839366843030183,0.0,-3.2116185702142825,-2.6375180445125763,0.0,-2.721032935115786,3.3133118928850855,28.709599713571862,43.7703236337324,72.47992334730426
5.849999999999578,7.23,6.7123737596194655,1.6513460687316575,-4.1107003986549895,3.0296566482610983,-3.7334355125724863,-20.999528896791748,0.0,1.2890052998784216,1.5786449564947456,0.0,-3.210381330115956,-2.6542112531769075,0.0,-2.869318625522158,3.4705628402805746,28.8296585170647,43.64974141178422,72.47939992884892
5.8519999999995775,7.23,6.704144905352434,1.6573633125926521,-4.1181467439238455,2.987551730926422,-3.712062861472533,-21.105974211975514,0.0,1.2825857854338638,1.5733198393259769,0.0,-3.209132573503712,-2.6709076947474517,0.0,-3.019715035170513,3.628229422200569,28.949925260104347,43.52895511388722,72.47888037399157
5.853999999999577,7.23,6.695901204534588,1.6632961314017023,-4.125545245977039,2.945230440851155,-3.685579737432892,-21.21588593041842,0.0,1.2761687775242971,1.5679613247867927,0.0,-3.207875311490943,-2.6876089120022493,0.0,-3.1722246808060164,3.7863028324603722,29.07039570970964,43.4079689324939,72.47836464220354
5.855999999999577,7.23,6.687642763123612,1.669144085543309,-4.132885608364721,2.9026859394293476,-3.6539105503198064,-21.3291698179809,0.0,1.2697542900969614,1.5625694017882852,0.0,-3.2066126191708197,-2.7043164407866307,0.0,-3.3268492569894907,3.9447738617594936,29.191065658588126,43.28678703582402,72.47785269441215
5.857999999999577,7.23,6.679369707821603,1.6749067219133682,-4.140157382975489,2.859911576738534,-3.6169792618724976,-21.44573141047677,0.0,1.2633423308835072,1.5571440561783396,0.0,-3.205347637291483,-2.7210318080783034,0.0,-3.4835896019915737,4.10363291854453,29.311930930434386,43.16541356252893,72.47734449296331
5.859999999999577,7.23,6.6710821863791585,1.680583574297056,-4.147349969339656,2.816900892086882,-3.574709586136434,-21.565475927794733,0.0,1.2569329012671207,1.5516852707614102,0.0,-3.204083573787798,-2.7377565299051447,0.0,-3.6424456631941298,4.262870050851187,29.432987385340585,43.04385261624384,72.47684000158442
5.861999999999576,7.23,6.662780367900447,1.6861741637479761,-4.154452614338843,2.7736476147250366,-3.527025195355018,-21.688308195085007,0.0,1.2505259961467448,1.546193025322634,0.0,-3.202823705162145,-2.7544921091151346,0.0,-3.8034164620168136,4.422474969102265,29.554230925316,42.92210826003283,72.47633918534882
5.863999999999576,7.23,6.654464443148453,1.6916779989688828,-4.1614544123328105,2.730145664708513,-3.4738499313120763,-21.81413257102493,0.0,1.244121603798694,1.5406672966565393,0.0,-3.2015713777065415,-2.7712400329980404,0.0,-3.9665000583900962,4.582437069832138,29.67565749991118,42.800184510729636,72.47584201064082
5.865999999999576,7.23,6.646134624849539,1.697094576694268,-4.168344305714393,2.6863891538964633,-3.4151080220813403,-21.94285288318707,0.0,1.2377197057359888,1.53510805860066,0.0,-3.2003300085579705,-2.7880017707590214,0.0,-4.131693514800373,4.742745460301535,29.7972631119422,42.67808533317928,72.47534844512148
5.867999999999576,7.23,6.637791147996456,1.7024233820750703,-4.175111085903274,2.6423723870725775,-3.3507243041008197,-22.074372370543415,0.0,1.231320276565755,1.529515282074358,0.0,-3.1991030865785404,-2.804778770844767,0.0,-4.298992859936945,4.903388983959389,29.919043823309433,42.555814634385825,72.47485845769526
5.869999999999576,7.23,6.629434270148925,1.7076638890657356,-4.181743394789143,2.5980898631738034,-3.2806244494506576,-22.208593633146993,0.0,1.224923283845042,1.5238889351231268,0.0,-3.1978941730518997,-2.821572458123276,0.0,-4.468393051975519,5.064356246701708,30.04099576090482,42.43337625757175,72.47437201847657
5.871999999999575,7.23,6.621064271730871,1.7128155608138325,-4.188229726634473,2.5535362766124914,-3.204735198172997,-22.34541858903846,0.0,1.2185286879354447,1.5182289829686981,0.0,-3.196706902187047,-2.8383842309190586,0.0,-4.639887941537916,5.225635643869837,30.16311512260143,42.310773976156014,72.47388909875744
5.873999999999575,7.23,6.612681456323383,1.717877850052391,-4.194558430446826,2.5087065186774535,-3.1229845954306605,-22.484748438430174,0.0,1.212136441856909,1.5125353880651988,0.0,-3.195544981420675,-2.8552154579059206,0.0,-4.813470234372779,5.38721538792347,30.28539818331768,42.18801148765699,72.47340967097468
5.875999999999575,7.23,6.604286150952455,1.722850199495112,-4.200717712830104,2.463595678999334,-3.03530223325887,-22.62648363522353,0.0,1.2057464911411515,1.5068081101616886,0.0,-3.194412191508853,-2.8720674748604424,0.0,-4.989131453808333,5.549083536716018,30.40784130114868,42.06509240752912,72.4729337086778
5.877999999999575,7.23,6.595878706370536,1.7277320422345583,-4.206695641323666,2.418199047065563,-2.941619496621043,-22.77052386591739,0.0,1.1993587736851068,1.5010471063713016,0.0,-3.193312386399079,-2.8889415812795827,0.0,-5.166861903033643,5.711228022292809,30.530440923556206,41.94202026294042,72.47246118649662
5.8799999999995745,7.23,6.587459497330905,1.7325228021434143,-4.2124801482375895,2.3725121137700538,-2.841869813435327,-22.91676803596543,0.0,1.1929732196048617,1.4952523312473047,0.0,-3.192249492873464,-2.905839036866863,0.0,-5.346650627271881,5.87363668012498,30.65319359360801,41.81879848650073,72.47199208010875
5.881999999999574,7.23,6.579028922853879,1.7372218942788653,-4.218059034991644,2.326530572982689,-2.7359889081938156,-23.065114263639497,0.0,1.1865897510905357,1.4894237368662988,0.0,-3.19122750995406,-2.922761057892132,0.0,-5.528485375915533,6.036297278684861,30.77609595625706,41.69543040994984,72.4715263662069
5.883999999999574,7.23,6.570587406483824,1.741828725290125,-4.223419976964742,2.2802503231235285,-2.6239150587510833,-23.21545988145308,0.0,1.1802082822626012,1.4835612729188312,0.0,-3.1902505080613466,-2.93970881343076,0.0,-5.712352564700629,6.199197549261267,30.89914476465011,41.571919257815864,72.47106402246598
5.885999999999574,7.23,6.562135396535964,1.746342693829102,-4.228550528860764,2.233667468726569,-2.5055893558129423,-23.367701445195305,0.0,1.1738287190301362,1.4776648868076352,0.0,-3.189322627917157,-2.9566834214889135,0.0,-5.898237238004695,6.362325215906617,31.02233688645486,41.448268141054555,72.47060502750941
5.887999999999574,7.23,6.553673366331926,1.7507631909641717,-4.2334381305956255,2.186778321977786,-2.3809559646110583,-23.521734750620077,0.0,1.1674509589515365,1.4717345237537374,0.0,-3.1884480791834835,-2.973685945022398,0.0,-6.086123031360822,6.525668025400918,31.14566931019389,41.32448005068123,72.47014936087513
5.889999999999573,7.23,6.545201814422997,1.7550896005969852,-4.23807011370942,2.1395794042121103,-2.2499623882030018,-23.67745485782812,0.0,1.161074891098221,1.4657701269106218,0.0,-3.1876311388289977,-2.9907173878573765,0.0,-6.2759921342882095,6.689213777111659,31.269139151573448,41.20055785140725,72.4696970029807
5.891999999999573,7.23,6.536721264800016,1.7593212998822183,-4.242433708306296,2.092067447353924,-2.112559731792717,-23.834756123371392,0.0,1.1547003959218807,1.459771637486639,0.0,-3.1868761492155,-3.0077786905221555,0.0,-6.467825253547972,6.852950352622992,31.39274365979433,41.076504275293345,72.46924793508768
5.893999999999573,7.23,6.528232267088872,1.7634576596501326,-4.246516050523448,2.044239395285605,-1.9687029674214223,-23.99353224009951,0.0,1.1483273451258416,1.453738994875841,0.0,-3.186187515896911,-3.0248707260001644,0.0,-6.661601576941689,7.016865745002297,31.51648022383117,40.95232191543364,72.46880213926481
5.895999999999573,7.23,6.519735396730526,1.7674980448317879,-4.250304190529294,1.99609240512863,-1.8183511983355696,-24.153676284756884,0.0,1.1419556015411287,1.4476721367973782,0.0,-3.1855697051240637,-3.041994295415077,0.0,-6.857298737778609,7.180948087567788,31.640346378667154,40.8280132196834,72.46835959835056
5.8979999999995725,7.23,6.511231255144508,1.7714418148867173,-4.2537851010494565,1.947623848421735,-1.661467922295975,-24.315080773327022,0.0,1.1355850190078083,1.4415709994435764,0.0,-3.185027241049132,-3.059150123659935,0.0,-7.054892780146623,7.345185682017115,31.76433981146893,40.703580484444956,72.46792029591388
5.899999999999572,7.23,6.502720469874842,1.7752883242328428,-4.256945686417655,1.8988313121806506,-1.4980212930512413,-24.47763772410642,0.0,1.1292154422622382,1.4354355176368145,0.0,-3.184564702624193,-3.076338854983096,0.0,-7.254358125130948,7.509567025773556,31.88845836768756,40.579025848526676,72.46748421621423
5.901999999999572,7.23,6.494203694717344,1.7790369226783782,-4.259772792147043,1.8497125998239874,-1.3279843791592818,-24.64123872847647,0.0,1.1228467068308223,1.42926562499525,0.0,-3.184186720189328,-3.0935610485446148,0.0,-7.455667538133562,7.6740808384047545,32.01270005707015,40.45435128708953,72.46705134415967
5.903999999999572,7.23,6.485681609827259,1.7826869558554381,-4.262253215015821,1.8002657319499162,-1.1513354193039553,-24.80577502932505,0.0,1.1164786389309067,1.4230612541074563,0.0,-3.1838979717463998,-3.1108171739576185,0.0,-7.658792097455348,7.838716086967204,32.13706305956627,40.32955860569733,72.4666216652636
5.905999999999572,7.23,6.477154921806229,1.7862377656550377,-4.26437371365925,1.7504889469484082,-0.9680580732185152,-24.971137607053528,0.0,1.1101110553794438,1.416822336715979,0.0,-3.1837031789157058,-3.1281076068300706,0.0,-7.863701164311973,8.003462010130008,32.26154573111391,40.20464943448604,72.46619516559996
5.907999999999571,7.23,6.468624363767567,1.7896886906631404,-4.2661210196583434,1.7003807014339427,-0.7781416672964004,-25.137217273085966,0.0,1.103743763510064,1.4105488039097935,0.0,-3.1836071025736943,-3.145432624323102,0.0,-8.070362354462922,8.168308140932007,32.38614660928784,40.07962522246845,72.46577183175629
5.909999999999571,7.23,6.460090695378874,1.7930390665973786,-4.267481849113697,1.6499396704837765,-0.5815814339403057,-25.303904770779493,0.0,1.09737656109919,1.4042405863256187,0.0,-3.1836145381710477,-3.1627924007429264,0.0,-8.278741511641822,8.333244328028634,32.51086441879495,39.954487231990555,72.46535165078551
5.911999999999571,7.23,6.451554702881029,1.7962882267440443,-4.26844291469093,1.5991647476670898,-0.37837874367534335,-25.471090883614806,0.0,1.0910092363018307,1.3978976143579953,0.0,-3.183730310731673,-3.1801870031840513,0.0,-8.488802682984067,8.498260755288234,32.63569807679861,39.8292365333562,72.46493461015481
5.913999999999571,7.23,6.443017199082634,1.7994355023949178,-4.268990938122304,1.5480550448505874,-0.16854132903029861,-25.638666550525517,0.0,1.084641567597704,1.3915198183780113,0.0,-3.1839592695343635,-3.1976163872422503,0.0,-8.700508096655458,8.663347959601957,32.7606466980569,39.703873999636514,72.46452069769342
5.9159999999995705,7.23,6.434479023329015,1.8024802232834702,-4.2691126631470135,1.4966098917664339,0.04791650082684438,-25.806522988204506,0.0,1.0782733237483013,1.385107128960518,0.0,-3.18430628248028,-3.2150803928162928,0.0,-8.913818141892415,8.82849684677747,32.88570959985624,39.57840030168116,72.4641099015374
5.91799999999957,7.23,6.425941041444909,1.8054217180199552,-4.268794868870664,1.4448288353287495,0.27097365572591076,-25.974551820204184,0.0,1.0719042637655367,1.3786594771196419,0.0,-3.1847762301507867,-3.2325787400181194,0.0,-9.128691351670975,8.993698705393893,33.010886306724665,39.452815903348,72.46370221007265
5.91999999999957,7.23,6.417404145650046,1.8082593145248687,-4.268024383522329,1.3927116386852807,0.5006020714403175,-26.142645212625947,0.0,1.065534136892576,1.3721767945523382,0.0,-3.1853739995617345,-3.2501110252114644,0.0,-9.345084388226825,9.158945218504103,33.136176554907664,39.32712105696766,72.46329761187533
5.92199999999957,7.23,6.408869254446827,1.810992340460238,-4.266788098585545,1.340258279991288,0.7367665289804816,-26.310696016172365,0.0,1.0591626825974663,1.3656590138897402,0.0,-3.186104477621658,-3.2676767171995387,0.0,-9.56295203165389,9.324228473080327,33.26158029658992,39.20131579906008,72.46289609565
5.92399999999957,7.23,6.400337312479394,1.8136201236581697,-4.26507298327751,1.2874689508931718,0.9794244872733705,-26.478597914314125,0.0,1.052789630580124,1.3591060689559502,0.0,-3.1869725443031833,-3.2852751535824325,0.0,-9.78224717181191,9.489540967110893,33.387097703846244,39.07539994631867,72.46249765016492
5.925999999999569,7.23,6.391809290363411,1.816141992546065,-4.2628660993486704,1.2343440547098699,1.228525930258878,-26.64624557730187,0.0,1.046414700793273,1.3525178950339396,0.0,-3.1879830655383463,-3.3029055373053846,0.0,-10.002920803776604,9.654875614268162,33.5127291723065,38.94937309187869,72.46210226418519
5.927999999999569,7.23,6.383286184485956,1.8185572765678846,-4.260154616172853,1.1808842043006302,1.4840132294215722,-26.813534821731587,0.0,1.0400376034778458,1.3458944291381405,0.0,-3.189140885850341,-3.320566933418898,0.0,-10.224922027066578,9.820225746082288,33.638475324517685,38.823234601885346,72.46170992640303
5.929999999999569,7.23,6.374769016774967,1.8208653066008293,-4.256925826096062,1.1270902196083536,1.7458210227578381,-26.98036277535188,0.0,1.0336580392133807,1.3392356102932854,0.0,-3.1904508207358804,-3.338258266071848,0.0,-10.448198048881455,9.9855851115707,33.7643370129887,38.69698361237664,72.46132062536535
5.931999999999569,7.23,6.366258834437753,1.8230654153667714,-4.2531671600100855,1.0729631248683578,2.013876111153581,-27.146628046779696,0.0,1.0272756989838883,1.3325413798190153,0.0,-3.1919176488140244,-3.35597831575848,0.0,-10.672694191583714,10.150947874289733,33.89031532290262,38.57061902649608,72.46093434939871
5.9339999999995685,7.23,6.357756709668174,1.8251569378377626,-4.2488662031151545,1.01850414547309,2.288097373117545,-27.31223089977296,0.0,1.02089026425964,1.3258116816197205,0.0,-3.193546103759116,-3.3737257168399837,0.0,-10.898353904653714,10.316308606792884,34.016411574482404,38.44413951204901,72.46055108653141
5.935999999999568,7.23,6.34926373932213,1.8271392116349199,-4.24401071083401,0.9637147044840478,2.5683956987781804,-27.477073431688584,0.0,1.0145014070952918,1.3190464624790483,0.0,-3.195340866037144,-3.3914989553608814,0.0,-11.125118781342303,10.481662282498853,34.14262732499677,38.31754349941628,72.46017082441305
5.937999999999568,7.23,6.340781044561104,1.8290115774199753,-4.2385886248379885,0.9085964187829176,2.8546739440088045,-27.641059755737025,0.0,1.0081087902447126,1.3122456723584608,0.0,-3.1973065544665933,-3.409296367179942,0.0,-11.352928580238615,10.64700426499243,34.268964370393235,38.190829179837664,72.4597935502309
5.939999999999568,7.23,6.332309770463576,1.8307733792787615,-4.232588089144051,0.8531510948547455,3.146826905496734,-27.80409618662793,0.0,1.0017120672928486,1.3054092646992095,0.0,-3.199447717626424,-3.4271161364346625,0.0,-11.581721251962344,10.812330294801734,34.39542474654664,38.0639945040772,72.45941925062384
5.941999999999568,7.23,6.32385108560421,1.8324239650958902,-4.225997466240078,0.7973807241967734,3.444741317516442,-27.966091429186402,0.0,0.9953108828049078,1.2985371967270272,0.0,-3.2017688251355896,-3.4449562943575374,0.0,-11.81143297117912,10.977636473716906,34.522010730112235,37.93703718148123,72.45904791159347
5.943999999999567,7.23,6.315406181600795,1.833962686919869,-4.218805353194335,0.7412874783474335,3.748295871105038,-28.12695676950522,0.0,0.9889048724930887,1.2916294297588213,0.0,-3.204274258829954,-3.4628147184612836,0.0,-12.04199817412492,11.142919246736824,34.64872483897325,37.80995467943907,72.45867951841232
5.945999999999567,7.23,6.306976272629021,1.8353889013178935,-4.211000597703644,0.6848737035308711,4.057361256271177,-28.28660626818733,0.0,0.9824936634010363,1.2846859295106134,0.0,-3.2069683038640617,-3.480689132109201,0.0,-12.27334960181149,11.308175381752875,34.77556983227403,37.68274422325533,72.45831405552936
5.947999999999567,7.23,6.2985625949052615,1.8367019697195388,-4.202572314033638,0.6281419149132734,4.371800227794846,-28.444956955221638,0.0,0.9760768741061493,1.2777066664059467,0.0,-3.209855139766554,-3.4985771044854825,0.0,-12.505418349067654,11.473401947100735,34.90254871003126,37.55540279644188,72.45795150647314
5.949999999999567,7.23,6.290166406137618,1.8379012587485752,-4.193509898803409,0.5710947904681981,4.691467695097083,-28.601929026028152,0.0,0.9696541149397943,1.270691615883933,0.0,-3.2129388314794687,-3.5164760509789117,0.0,-12.738133919553217,11.63859628713386,35.029664712316155,37.42792714143583,72.45759185375198
5.9519999999995665,7.23,6.2817889849455995,1.8389861405421206,-4.1838030465660125,0.5137351644490337,5.016210836574717,-28.75744603820165,0.0,0.963224988225432,1.2636407587061123,0.0,-3.2162233204127717,-3.5343832339918553,0.0,-12.97142428686138,11.803755995994043,35.156921318002695,37.30031376074901,72.45723507875171
5.953999999999566,7.23,6.2734316302488775,1.8399559930563447,-4.17344176513557,0.45606602046766975,5.345869238706232,-28.91143510847963,0.0,0.956789088534598,1.256554081261265,0.0,-3.2197124155465904,-3.552295764184781,0.0,-13.205215961803214,11.968878889775969,35.284322243077526,37.17255891855349,72.45688116163102
5.955999999999566,7.23,6.265095660625685,1.840810200357936,-4.1624163906112015,0.3980904841794026,5.680275060142233,-29.063827109458842,0.0,0.9503460029605941,1.2494315758672836,0.0,-3.2234097846146605,-3.570210602164667,0.0,-13.439434065942985,12.133962977303979,35.41187143850892,37.04465864270547,72.4565300812144
5.957999999999566,7.23,6.256782413641516,1.8415481529005469,-4.150717602047683,0.3398118155750549,6.019253220896776,-29.214556865585916,0.0,0.9438953114097123,1.2422732410692243,0.0,-3.2273189454031663,-3.5881245606238426,0.0,-13.67400241142728,12.299006429758727,35.53957308767337,36.91660872720938,72.45618181488274
5.959999999999566,7.23,6.248493245148871,1.84216924778543,-4.138336435722597,0.281233400882233,6.3626216166551375,-29.36356334795083,0.0,0.9374365869097152,1.2350790819326274,0.0,-3.2314432571999356,-3.6060343069336804,0.0,-13.908843587122512,12.464007549410764,35.667431603339764,36.78840473512232,72.45583633846209
5.961999999999565,7.23,6.240229528558921,1.8426728890054898,-4.125264298949813,0.2223587440785821,6.710191358110917,-29.510789867418907,0.0,0.9309693959352305,1.227849110331185,0.0,-3.2357859124293835,-3.6239363661953967,0.0,-14.143879051045806,12.62896473773553,35.795451624212596,36.66004200189721,72.45549362610981
5.963999999999565,7.23,6.231992654086039,1.8430584876719756,-4.111492983389408,0.16319145802082036,7.061767035139181,-29.656184265645283,0.0,0.9244932987496749,1.2205833452278585,0.0,-3.2403499285088535,-3.6418271247481426,0.0,-14.37902922904379,12.793876463200045,35.923638011037255,36.531515639162336,72.45515365019959
5.965999999999565,7.23,6.223784027966248,1.8433254622230517,-4.097014677804651,0.10373525519423174,7.417147005505459,-29.799699103528344,0.0,0.9180078497632013,1.2132818129485223,0.0,-3.2451381399621857,-3.659702834132017,0.0,-14.614213619640655,12.958741229026232,36.051995842271076,36.40282053893295,72.45481638120403
5.967999999999565,7.23,6.215605071650764,1.8434732386134922,-4.081821980217352,0.043993938088173146,7.776123707702366,-29.94129184667281,0.0,0.9115125979061383,1.2059445474472232,0.0,-3.250153190826259,-3.677559615501483,0.0,-14.849350904944476,13.123557541248136,36.180530409327034,36.27395137824914,72.45448178757617
5.9699999999995645,7.23,6.20745722097585,1.843501250484757,-4.065907909413838,-0.016028610796009937,8.138483997396992,-30.080925047451046,0.0,0.9050070870172948,1.1985715905621794,0.0,-3.25539752738585,-3.6953934644821285,0.0,-15.084359067466101,13.288323877390175,36.30924721139585,36.14490262423338,72.45414983562924
5.971999999999564,7.23,6.199341925310367,1.8434089393147233,-4.049265915754922,-0.07632843929745992,8.50400950686425,-30.218566523271267,0.0,0.8984908562464327,1.1911629922616143,0.0,-3.260873391271865,-3.7132002564612696,0.0,-15.319155512670394,13.453038656102342,36.43815194985657,36.01566853955879,72.45382048941536
5.973999999999564,7.23,6.191260646682425,1.843195754546358,-4.031889891244629,-0.13690153630071783,8.872477026674709,-30.354189530684586,0.0,0.8919634404701586,1.183718810878604,0.0,-3.2665828129569987,-3.7309757523004716,0.0,-15.553657197044636,13.617700208092694,36.56725052228443,35.88624318831882,72.45349371060325
5.975999999999564,7.23,6.183214858886674,1.842861153694634,-4.0137741788139625,-0.19774384278439985,9.2436589088009,-30.487772934989962,0.0,0.885424370720394,1.1762391133340746,0.0,-3.272527605682301,-3.7487156044555383,0.0,-15.787780761433842,13.782306748702032,36.6965490160681,35.756620442286675,72.45316945835478
5.977999999999564,7.23,6.175206046573861,1.8424046024310146,-3.994913580777824,-0.25885126320431684,9.617323490203308,-30.61930137502336,0.0,0.8788731746245324,1.1687239753471657,0.0,-3.278709359846709,-3.7664153634870683,0.0,-16.021442669357615,13.946856352464698,36.82605370164893,35.62679398755215,72.45284768920108
5.979999999999563,7.23,6.167235704324319,1.841825574644844,-3.9753033664251234,-0.32021967720111977,9.993235535859602,-30.748765422851253,0.0,0.8723093768563381,1.161173481632209,0.0,-3.285129437890378,-3.784070484942361,0.0,-16.254559349989634,14.111346929997948,36.955771025395876,35.49675733152228,72.45252835691815
5.981999999999563,7.23,6.159305335707177,1.8411235524810081,-3.954939278704326,-0.38184495162202725,10.371156700105592,-30.87616173812176,0.0,0.8657324995965515,1.1535877260815803,0.0,-3.2917889697011455,-3.801676336586908,0.0,-16.48704734544638,14.275776207557293,37.085707602131535,35.366503810270515,72.45221141240205
5.983999999999563,7.23,6.151416452327145,1.8402980263532454,-3.9338175399690094,-0.44372295284573443,10.750846005067656,-31.001493216864702,0.0,0.8591420630021349,1.145966811933757,0.0,-3.2986888485716457,-3.819228205961586,0.0,-16.718823462000337,14.440141709587389,37.21587020732564,35.236026596218274,72.45189680354392
5.985999999999563,7.23,6.143570572860755,1.8393484949325152,-3.911934856750546,-0.505849559399226,11.132060334882368,-31.12476913457141,0.0,0.8525375856830433,1.138310851925964,0.0,-3.3058297277326285,-3.8367213082394196,0.0,-16.949804924801633,14.60444074458732,37.34626576897368,35.1053187061319,72.45158447510558
5.987999999999563,7.23,6.1357692220840745,1.83827446510985,-3.8892884235276965,-0.5682206748549185,11.514554944322127,-31.246005283427852,0.0,0.8459185851853137,1.13061996843082,0.0,-3.313212017486049,-3.85415079435357,0.0,-17.179909535662812,14.768670394596771,37.4769013591783,34.97437300941636,72.45127436859465
5.989999999999562,7.23,6.128013929893897,1.8370754519331416,-3.865875925465751,-0.630832240996348,11.898083980375592,-31.36522410361894,0.0,0.8392845784792886,1.12289429357649,0.0,-3.3208358829590177,-3.87151175936647,0.0,-17.40905583343506,14.932827508592805,37.60778418545395,34.843182236687,72.45096642214095
5.991999999999562,7.23,6.120306230324505,1.8357509785173396,-3.841695540100808,-0.6936802512405055,12.282401015269087,-31.48245480866934,0.0,0.8326350824516873,1.1151339693498807,0.0,-3.328701242497416,-3.8887992510479767,0.0,-17.637163256478875,15.09690870006977,37.73892158177413,34.71173898859888,72.450660570373
5.993999999999562,7.23,6.11264766056214,1.8343005759275564,-3.8167459379478714,-0.7567607643048945,12.667259589361628,-31.59773350483546,0.0,0.8259696144002333,1.1073391476824948,0.0,-3.336807766715323,-3.9060082786288275,0.0,-17.86415230671029,15.260910349053765,37.870320999382514,34.58003574491319,72.4503567442957
5.995999999999562,7.23,6.1050397599593484,1.8327237830346046,-3.791026282014621,-0.8200699181074752,13.052413762300393,-31.711103304614063,0.0,0.81928769252952,1.0995099905186376,0.0,-3.3451548782136524,-3.9231338216942286,0.0,-18.089944714684886,15.424828608780478,38.00198999738938,34.448064873779444,72.45005487116882
5.9979999999995615,7.23,6.097484069051405,1.8310201463425102,-3.7645362262059843,-0.883603943887835,13.437618670788277,-31.82261443448674,0.0,0.8125888364467599,1.0916466698657215,0.0,-3.3537417519786397,-3.940170839180986,0.0,-18.314463605165262,15.588659417240725,38.1339362331757,34.315818641211166,72.44975487438687
5.999999999999561,7.23,6.089982128577048,1.829189219787573,-3.7372759126079513,-0.9473591805382231,13.822631091288526,-31.93232433707443,0.0,0.8058725676560511,1.0837493678265067,0.0,-3.362567316467842,-3.957114278440536,0.0,-18.53763366260529,15.75239851377148,38.266167452627,34.18328922073326,72.44945667336026
6.001999999999561,7.23,6.082535478505769,1.8272305645085631,-3.7092459676424543,-1.0113320891334905,14.207210005975819,-32.0402977679325,0.0,0.7991384100497756,1.075818276613178,0.0,-3.3716302553883963,-3.973959084329226,0.0,-18.759381295974713,15.916041460842465,38.398691480220116,34.05046870317776,72.44916018339788
6.003999999999561,7.23,6.075145657073938,1.8251437485876683,-3.680447497088509,-1.075519267649495,14.59111717023708,-32.146606887275524,0.0,0.7923858903957512,1.0678535985432511,0.0,-3.38092901016915,-3.990700208286559,0.0,-18.97963480234249,16.079583671159092,38.5315162089856,33.91734910660572,72.44886531559132
6.005999999999561,7.23,6.06781419983201,1.8229283467618236,-3.650882079968217,-1.1399174658601703,14.974117680030753,-32.25133134698062,0.0,0.7856145388187432,1.0598555460173604,0.0,-3.3904617831253363,-4.007332617361533,0.0,-19.198324528635002,16.243020440172838,38.664649590369166,33.78392238633164,72.4485719767008
6.00799999999956,7.23,6.060542638705095,1.8205839401040764,-3.6205517612995894,-1.2045236004042157,15.355980537428422,-32.354558373278984,0.0,0.7788238892749598,1.0518243414790844,0.0,-3.400226541311281,-4.023851303146982,0.0,-19.41538303098754,16.406346984059283,38.79809962401504,33.65018044502801,72.44828006904305
6.00999999999956,7.23,6.053332501069159,1.8181101156746546,-3.589459043721483,-1.2693347700132427,15.736479212689629,-32.45638284560746,0.0,0.7720134800181593,1.0437602173570266,0.0,-3.410221021053651,-4.040251290581694,0.0,-19.63074523111295,16.56955848319318,38.93187434749408,33.51611514288678,72.44798949038086
6.01199999999956,7.23,6.0461853088450885,1.815506466141424,-3.557606877999201,-1.3343482708942254,16.11539220125726,-32.556907372155756,0.0,0.765182854056014,1.035663415989453,0.0,-3.4204427331547445,-4.056527646580267,0.0,-19.844348569121284,16.732650131119367,39.06598182599946,33.3817183078152,72.44770013381466
6.01399999999956,7.23,6.039102577612856,1.8127725893694304,-3.524998652422493,-1.3995616122602332,16.492503574109655,-32.65624236270871,0.0,0.7583315595954142,1.0275341895318815,0.0,-3.430888968752287,-4.072675488451046,0.0,-20.056133152237962,16.89561718898718,39.20043014203208,33.24698174564397,72.44741188767605
6.0159999999995595,7.23,6.032085815747986,1.8099080879792377,-3.491638181110754,-1.4649725320046922,16.86760351996334,-32.754506099449245,0.0,0.751459150475404,1.0193727998480726,0.0,-3.4415568058194523,-4.08868999206303,0.0,-20.2660418988852,17.058455045386903,39.33522738509768,33.11189725032567,72.44712463542335
6.017999999999559,7.23,6.025136523582488,1.8069125688737755,-3.457529691243175,-1.5305790125158143,17.240488877889508,-32.85182480645314,0.0,0.7445651865864968,1.0111795183849752,0.0,-3.452443116285944,-4.1045663997234545,0.0,-20.47402067761273,17.221159281497453,39.470381641436646,32.97645661410233,72.44683825553898
6.019999999999559,7.23,6.018256192592387,1.8037856427334193,-3.4226778092343872,-1.5963792966293684,17.610963658986005,-32.94833271867534,0.0,0.7376492342751424,1.0029546260322335,0.0,-3.4635445737584143,-4.120300027728703,0.0,-20.680018440388395,17.383725741427323,39.6059009838073,32.8406516376216,72.4465526214289
6.021999999999559,7.23,6.011446304613938,1.8005269234790282,-3.3870875458787726,-1.6623719037196316,17.978839555835286,-33.044172151294916,0.0,0.7307108667321681,0.9946984129669478,0.0,-3.474857661815963,-4.135886273552403,0.0,-20.883987349787287,17.546150607604837,39.74179346134204,32.70447413998154,72.44626760132358
6.023999999999559,7.23,6.004708331090563,1.7971360277026605,-3.3507642804890643,-1.7285556459301619,18.343936438576304,-33.139493570356024,0.0,0.7237496643640893,0.9864111784844539,0.0,-3.486378682854098,-4.151320622635948,0.0,-21.085882899649864,17.708430481049795,39.87806708949588,32.567915968685234,72.44598305818111
6.025999999999558,7.23,5.998043732352493,1.7936125740656848,-3.3137137440570865,-1.7949296445479834,18.706082836525212,-33.234455665712744,0.0,0.7167652151461892,0.9780932308159449,0.0,-3.498103767448429,-4.166598654748039,0.0,-21.285664028812587,17.870562466337066,40.01472984010432,32.43096900948707,72.4456988495914
6.027999999999558,7.23,5.991453956931044,1.789956182663996,-3.2759420014665093,-1.8614933465268575,19.065116404394725,-33.32922542735776,0.0,0.7097571149563924,0.9697448869338323,0.0,-3.5100288842073555,-4.181716049881733,0.0,-21.48329322755312,18.03254426104335,40.15178963156849,32.29362519611371,72.4454148276822
6.029999999999558,7.23,5.984940440909381,1.7861664743600283,-3.2374554327892695,-1.9282465411675487,19.4208843722844,-33.423978226288796,0.0,0.7027249678889584,0.9613664723457953,0.0,-3.522149850081301,-4.196668593659023,0.0,-21.67873663642996,18.19437424945203,40.28925431918255,32.15587651984363,72.44513083902618
6.031999999999558,7.23,5.97850460731159,1.7822430700812417,-3.1982607136988372,-1.995189376965379,19.773243978744407,-33.51889790114127,0.0,0.6956683865471358,0.9529583208785475,0.0,-3.534462341094378,-4.211452182215026,0.0,-21.87196413723877,18.35605160027677,40.427131685617866,32.01771503893093,72.4448467245488
6.0339999999995575,7.23,5.97214786553177,1.7781855900847379,-3.1583647950347613,-2.062322378637895,20.122062886351824,-33.614176851894165,0.0,0.6885869923139556,0.9445207744523613,0.0,-3.5469619034632798,-4.226062826535795,0.0,-22.06294943585069,18.517576368155353,40.56542943157824,31.879132887859065,72.4445623194373
6.035999999999557,7.23,5.965871610804815,1.7739936531876255,-3.117774881553917,-2.1296464643481667,20.467219579381208,-33.710016142034846,0.0,0.6814804156004275,0.9360541828475006,0.0,-3.5596439650668144,-4.2404966562257576,0.0,-22.251670136742106,18.6789495986563,40.70415516663642,31.740122286413207,72.44427745304962
6.037999999999557,7.23,5.95967722372048,1.7696668759627292,-3.076498409904556,-2.1971629631420924,20.808603743299134,-33.80662561065197,0.0,0.6743482960704827,0.9275589034636926,0.0,-3.5725038472289623,-4.254749922682999,0.0,-22.438107809071752,18.840173436538638,40.84331640026438,31.60067554855936,72.44399194882374
6.039999999999557,7.23,5.953566069782245,1.765204871899193,-3.034543025859663,-2.2648736326211028,21.146116625965703,-33.90422399601073,0.0,0.6671902828420627,0.9190353010738657,0.0,-3.5855367767775217,-4.268819001662629,0.0,-22.622248044206923,19.001251237003785,40.9829205330652,31.46078509112136,72.44370562418655
6.041999999999557,7.23,5.947539499012423,1.7606072505274817,-2.9919165608461795,-2.3327806768748625,21.479671380582914,-34.00303907225505,0.0,0.6600060346638502,0.9104837475733856,0.0,-3.598737898340176,-4.2827003952106635,0.0,-22.804080504647587,19.162187679682145,41.12297484821478,31.320443442247278,72.44341829046206
6.043999999999556,7.23,5.941598845604879,1.7558736165082345,-2.948627007806439,-2.4008867647019394,21.80919339059098,-34.10330780097461,0.0,0.6527952200671985,0.9019046217260662,0.0,-3.6121022868396904,-4.296390732952919,0.0,-22.983598964343912,19.322988885103975,41.26348650311954,31.17964324965862,72.44312975277816
6.045999999999556,7.23,5.935745427626672,1.7510035686843628,-2.9046824964275735,-2.469195048149998,22.13462057687825,-34.20527649947449,0.0,0.645557517492902,0.8932983089082547,0.0,-3.625624960150153,-4.309886772725539,0.0,-23.16080134044927,19.48366253341466,41.40446252129509,31.03837728867706,72.44283980997216
6.047999999999556,7.23,5.929980546769831,1.7459966990957196,-2.8600912677737576,-2.5377091814108397,22.455903687836766,-34.30920102768959,0.0,0.6382926153925332,0.8846652008523335,0.0,-3.6393008918764176,-4.323185400535749,0.0,-23.335689716596477,19.64421798510805,41.54590978446844,30.89663847002521,72.44254825449366
6.049999999999556,7.23,5.924305488154446,1.7408525919555913,-2.8148616483549342,-2.606433340109622,22.773006572965848,-34.415346995798366,0.0,0.6310002123041172,0.8760056953909674,0.0,-3.653125024219783,-4.336283629843344,0.0,-23.50827035782969,19.804666403570636,41.687835024906065,30.754419847398843,72.44225487230491
6.0519999999995555,7.23,5.918721520184152,1.73557082258818,-2.769002023664071,-2.6753722410318006,23.085906440896963,-34.52398999470999,0.0,0.623680016902018,0.8673201962034794,0.0,-3.6670922808936095,-4.3491786001552075,0.0,-23.678553717367656,19.96502087924945,41.83024481796709,30.61171462481032,72.4419594427774
6.053999999999555,7.23,5.913229894455043,1.7301509563261568,-2.7225208112130925,-2.744531162335831,23.394594102887265,-34.635415851727096,0.0,0.6163317480209883,0.8586091125657332,0.0,-3.681197580053706,-4.361867574926986,0.0,-23.84655443541649,20.12529655528196,41.97314557488093,30.468516163703868,72.4416617385848
6.055999999999555,7.23,5.907831845718997,1.7245925473672576,-2.675426433095357,-2.8139159643043854,23.69907420300391,-34.74992091382622,0.0,0.608955134654348,0.8498728591048961,0.0,-3.6954358472098,-4.37434793876728,0.0,-24.012291330288605,20.28551075445543,42.11654353574551,30.32481798984506,72.44136152559057
6.057999999999555,7.23,5.9025285919023265,1.718895137588793,-2.6277272880999267,-2.8835331106919013,23.99936543639851,-34.86781236114699,0.0,0.6015499159264053,0.8411118555605076,0.0,-3.709802028085613,-4.386617193941409,0.0,-24.17578738212366,20.445683107393315,42.26044476274177,30.18061379998874,72.44105856273052
6.059999999999555,7.23,5.897321334180629,1.7130582553188123,-2.5794317233998996,-2.9533896907315893,24.295500757249265,-34.989408553445216,0.0,0.5941158410392269,0.8323265265532391,0.0,-3.7242911013970295,-4.398672956172685,0.0,-24.337069709541357,20.605835681902818,42.40485513355766,30.03589746833071,72.44075260188836
6.061999999999554,7.23,5.892211257110671,1.707081414062538,-2.530548005833747,-3.023493441870744,24.587527578130032,-35.11503941244361,0.0,0.5866526691939536,0.8235173013627475,0.0,-3.7388980915196766,-4.41051294974022,0.0,-24.49616953958924,20.765993113455714,42.549780335014496,29.890663052750142,72.44044338776465
6.063999999999554,7.23,5.887199528820104,1.7009641111825407,-2.4810842927948817,-3.0938527733092394,24.87550796274716,-35.24504684320793,0.0,0.5791601694869198,0.8146846137160431,0.0,-3.753618081019156,-4.422135001872961,0.0,-24.653122171378318,20.926182736815125,42.695225856885216,29.744904800851565,72.44013065773677
6.065999999999554,7.23,5.882287301255782,1.6947058265309638,-2.431048602740637,-3.164476790422564,25.159518814171992,-35.37978519789066,0.0,0.5716381207808683,0.8058289015877751,0.0,-3.768446223019542,-4.433537036440113,0.0,-24.80796693382614,21.08643471886639,42.841196985894186,29.59861715581654,72.43981414171073
6.067999999999554,7.23,5.877475710491436,1.6883060210319483,-2.3804487853273657,-3.235375320157672,25.43965206088562,-35.519621785419105,0.0,0.5640863115516046,0.7969506070138326,0.0,-3.783377753388039,-4.444717066938242,0.0,-24.960747137950847,21.246782192757188,42.987698799885194,29.451794762076386,72.43949356196158
6.0699999999995535,7.23,5.8727658770954525,1.6817641352122104,-2.3292924911735726,-3.3065589374973223,25.716014843146215,-35.664937430963576,0.0,0.5565045397104866,0.788050175919681,0.0,-3.7984080027161546,-4.455673188775299,0.0,-25.111510024180184,21.407261393502342,43.134736162143895,29.304432470819677,72.43916863296357
6.071999999999553,7.23,5.868158906559497,1.6750795876775384,-2.277587141247747,-3.378038993096542,25.988729702388476,-35.81612708930665,0.0,0.5488926124031677,0.7791280579648276,0.0,-3.8135324080803903,-4.466403570851351,0.0,-25.260306705157,21.567911795262322,43.282313715858365,29.156525345348847,72.4388390612072
6.073999999999553,7.23,5.863655889788746,1.668251773532752,-2.225339895871958,-3.4498276422033904,26.257934776570046,-35.97360051654943,0.0,0.541250345785051,0.770184706404837,0.0,-3.8287465245680634,-4.47690644643501,0.0,-25.407192104536392,21.728776250560188,43.43043587870017,29.008068666302606,72.43850454500279
6.075999999999553,7.23,5.859257903654508,1.6612800627424336,-2.172557623326224,-3.52193787498543,26.52378400459381,-36.13778300494055,0.0,0.5335775647739377,0.7612205779722914,0.0,-3.844046036556796,-4.4871801033335235,0.0,-25.552224892280588,21.889901131761704,43.579106837507176,28.859057936761737,72.43816477426891
6.077999999999553,7.23,5.854966011610048,1.6541637984294943,-2.119246868032188,-3.5943835483932465,26.78644734315835,-36.30911618599889,0.0,0.5258741027803688,0.7522361327781275,0.0,-3.859426768738889,-4.497222873352891,0.0,-25.69546741696441,22.051336475204447,43.72833054304643,28.70948888725806,72.4378194303045
6.079999999999552,7.23,5.850781264370497,1.6469022951083572,-2.0654138182877033,-3.6671794197031264,27.0461109996236,-36.48805890752972,0.0,0.5181398014161754,0.7432318342347588,0.0,-3.874884696884929,-4.507033121042585,0.0,-25.836985635608034,22.213136128428147,43.87811070483553,28.55935748070741,72.43746818554294
6.081999999999552,7.23,5.846704700657761,1.6394948368492492,-2.0110642735164954,-3.7403411818926817,27.302977684729065,-36.67508819060999,0.0,0.5103745101817692,0.7342081490024377,0.0,-3.890415958343748,-4.516609231717104,0.0,-25.976849041554125,22.375357901026085,44.02845078599701,28.40865991728961,72.43711070328662
6.083999999999552,7.23,5.842737348011461,1.6319406753697718,-1.956203610989144,-3.813885501015857,27.55726688926695,-36.87070027314534,0.0,0.502578086132698,0.7251655469603019,0.0,-3.9060168622790803,-4.525949598743851,0.0,-26.115130590902773,22.53806371971037,44.17935399812067,28.257392639299812,72.43674663742048
6.085999999999552,7.23,5.838880223666993,1.6242390280495724,-1.9008367519631377,-3.8878300557575565,27.809215189098598,-37.07541174718946,0.0,0.4947503935259831,0.7161045012035911,0.0,-3.9216838996462267,-4.535052610083543,0.0,-26.251906628010985,22.701319788259347,44.33082329610492,28.10555233599738,72.4363756321023
6.0879999999995515,7.23,5.835134335501946,1.616389075863566,-1.8449681271806677,-3.9621935793631367,28.05907658321089,-37.28976079786873,0.0,0.4868913034467594,0.7070254880685407,0.0,-3.9374137529152096,-4.543916634065711,0.0,-26.387256810553332,22.865196753096004,44.48286137294795,27.953135948480377,72.43599732142833
6.089999999999551,7.23,5.831500683052224,1.608389961228748,-1.7886016416531103,-4.036995904154425,28.307122869844935,-37.51430855248248,0.0,0.4790006934157198,0.6979289871865122,0.0,-3.9532033055499607,-4.552540004377512,0.0,-26.52126403462644,23.029769875330132,44.63547065445589,27.800140674615754,72.43561132907163
6.091999999999551,7.23,5.827980258599373,1.600240785759199,-1.7317406386507184,-4.112258008861845,28.553644066094897,-37.7496405491587,0.0,0.4710784469778264,0.6888154815689478,0.0,-3.9690496512564097,-4.560921004239133,0.0,-26.65401436036186,23.195119210188114,44.78865329383474,27.64656397405699,72.43521726789173
6.093999999999551,7.23,5.824574048330811,1.5919406079234022,-1.6743878628048525,-4.188002069021879,28.798948876777487,-37.996368335348166,0.0,0.4631244532727511,0.6796854577248193,0.0,-3.984950103015364,-4.569057849733731,0.0,-26.785596938491775,23.361329794848448,44.94241116612848,27.492403573383555,72.43481473951203
6.095999999999551,7.23,5.821283033574816,1.5834884405974787,-1.6165454222180458,-4.2642515107106655,29.0433652188157,-38.255131207447526,0.0,0.45513860658744476,0.6705394058122871,0.0,-4.000902201919487,-4.576948672253417,0.0,-26.916103938285357,23.528491845804368,45.096745862465475,27.337657471398416,72.43440333386388
6.0979999999995504,7.23,5.818108192112391,1.5748832485073745,-1.5582147494642238,-4.3410310679082,29.28724080787124,-38.52659810396594,0.0,0.447120805891213,0.6613778198263949,0.0,-4.016903725836814,-4.58459150001603,0.0,-27.045630477245652,23.696700966983403,45.25165868407048,27.182323944622595,72.43398262869307
6.09999999999955,7.23,5.815050499568343,1.5661239455524236,-1.4993965613474034,-4.418366843813669,29.53094381450511,-38.811469665907225,0.0,0.4390709543536127,0.6522011978246927,0.0,-4.032952697926706,-4.591984238599533,0.0,-27.174274552922267,23.866058369972215,45.40715063599916,27.026401553028236,72.4335521890274
6.10199999999955,7.23,5.812110930884208,1.557209392002043,-1.4400908172720317,-4.496286376461184,29.774863597752695,-39.11048047944411,0.0,0.4309889588454432,0.6430100421928329,0.0,-4.049047395037324,-4.599124650432179,0.0,-27.30213697715707,24.03667110782089,45.56322242054557,26.869889146054636,72.4331115666002
6.10399999999955,7.23,5.809290461875954,1.548138391556578,-1.3802966760616948,-4.574818709016857,30.01941152467851,-39.42440151753367,0.0,0.4228747294230329,0.6338048599522809,0.0,-4.065186356017369,-4.60601033316695,0.0,-27.429321313037097,24.208652324040102,45.71987443027365,26.712785868954832,72.43266029922847
6.10599999999955,7.23,5.806590070879761,1.538909688262532,-1.3200124510450468,-4.653994465173215,30.265021885234123,-39.754042798884235,0.0,0.41472817879595786,0.624586163112463,0.0,-4.081368389978156,-4.612638696857822,0.0,-27.555933814778726,24.382121518553156,45.87710674061621,26.555091169523756,72.43219791013996
6.107999999999549,7.23,5.804010740489509,1.5295219632715307,-1.2592355632083299,-4.733845930095662,30.51215291259472,-40.10025628465831,0.0,0.4065492217782525,0.6153544690698328,0.0,-4.09759258454581,-4.619006939843386,0.0,-27.682083370711982,24.557204832529283,46.034919101983945,26.396804805262768,72.43172390724672
6.109999999999549,7.23,5.8015534593900915,1.5199738314314342,-1.1979624921925682,-4.814407137418696,30.761287920105296,-40.46393903550983,0.0,0.39833777472308685,0.606110301056553,0.0,-4.113858314147041,-4.625112023229819,0.0,-27.807881449470514,24.734035354203833,46.193310931319445,26.23792685103964,72.43123778235909
6.111999999999549,7.23,5.799219224291087,1.5102638376969546,-1.1361887248902003,-4.8957139628371555,31.012936567045077,-40.84603665404284,0.0,0.39009375494080345,0.5968541886417066,0.0,-4.130165248375885,-4.630950643850151,0.0,-27.933442049421412,24.912753447988404,46.35228130302946,26.078457707307606,72.43073901033706
6.113999999999549,7.23,5.79700904196586,1.5003904533460024,-1.0739087013703106,-4.9778042248907575,31.267636266629015,-41.24754704057204,0.0,0.38181708010009413,0.5875866682882354,0.0,-4.146513360492678,-4.636519205559834,0.0,-28.05888165128705,25.093507109391215,46.51182893921944,25.918398108952566,72.43022704817201
6.1159999999995485,7.23,5.794923931401733,1.4903520719867294,-1.0111157578334444,-5.060717793598963,31.525953751034766,-41.669524493212954,0.0,0.37350766761199505,0.5783082839690644,0.0,-4.16290293611104,-4.641813788709733,0.0,-28.18431917381832,25.27645234851016,46.67195219915166,25.7577491348426,72.42970133399426
6.117999999999548,7.23,5.792964926067488,1.4801470053388537,-0.9478020662659,-5.144496707668784,31.788486809785542,-42.113084186868946,0.0,0.36516543399628404,0.5690195878462667,0.0,-4.1793345821326735,-4.646830117616559,0.0,-28.30987593227244,25.461753605126038,46.83264906783804,25.596512218161536,72.42916128599958
6.119999999999548,7.23,5.791133076305163,1.4697734787713408,-0.8839585704290224,-5.229185301071166,32.05586621956647,-42.57940706967815,0.0,0.35679029422968256,0.5597211410174375,0.0,-4.1958092359950285,-4.6515635258266705,0.0,-28.435675599324522,25.64958419872392,46.99391714367351,25.434689157614123,72.42860630128763
6.121999999999548,7.23,5.789429451853868,1.4592296265768396,-0.8195749177809362,-5.31483033986312,32.32875788552486,-43.06974521998647,0.0,0.34838216107521347,0.5504135143339457,0.0,-4.212328175301394,-4.656008918942682,0.0,-28.561844167901906,25.84012681709859,47.155753625005396,25.272282129599795,72.42803575460519
6.123999999999548,7.23,5.787855144514188,1.4485134869614291,-0.7546393868858634,-5.401481170223906,32.60786521634236,-43.5854277120056,0.0,0.3399409443918357,0.5410972892961772,0.0,-4.228893027908764,-4.6601607347517024,0.0,-28.688509915264213,26.033574047573353,47.31815529552459,25.109293701460096,72.42744899698468
6.125999999999547,7.23,5.786411270962687,1.4376229967261964,-0.6891388098191169,-5.489189878775524,32.893931757900745,-44.12786704406934,0.0,0.33146655042338813,0.531773059031456,0.0,-4.245505782554439,-4.664012900360086,0.0,-28.81580336746155,26.23012895527467,47.48111850835483,24.94572684591557,72.4268453542704
6.127999999999547,7.23,5.785098975727062,1.4265559856149126,-0.6230584890234023,-5.578011466371952,33.18774411323797,-44.698566189918644,0.0,0.32295888106565274,0.5224414293609635,0.0,-4.262168800108583,-4.667558786000532,0.0,-28.943857263077902,26.430005713370523,47.644639168700664,24.781584956819348,72.42622412552001
6.129999999999547,7.23,5.783919434333617,1.4153101702995792,-0.5563821080134747,-5.668004036669688,33.490135179757,-45.29912634083053,0.0,0.31441783311022836,0.5131030199626789,0.0,-4.2788848255468075,-4.670791155133677,0.0,-29.07280651490534,26.63343029070341,47.8087127149045,24.616871866367738,72.42558458127223
6.131999999999547,7.23,5.782873856640043,1.4038831479728513,-0.4890916352606421,-5.759229000935967,33.80198773835707,-45.93125541478143,0.0,0.3058432974636312,0.5037584656381644,0.0,-4.295657000744201,-4.673702110415821,0.0,-29.20278816788241,26.840641202837187,47.973334097743404,24.451591863922616,72.42492596166602
6.1339999999995465,7.23,5.781963490367852,1.3922723895132734,-0.4211672205151439,-5.851751300712696,34.1242384333784,-46.59677741835007,0.0,0.2972351583399051,0.49440841769194555,0.0,-4.312488878200239,-4.67628303504769,0.0,-29.333941351266187,27.05189033319995,48.1384977577812,24.285749716617552,72.42424747439875
6.135999999999546,7.23,5.781189624850417,1.3804752321858473,-0.35258708274195144,-5.945639650136171,34.457882187050224,-47.29764275787657,0.0,0.28859329242474424,0.4850535454332624,0.0,-4.329384435812792,-4.678524528953526,0.0,-29.466407222571608,27.267443831753905,48.30419760056877,24.119350691938266,72.42354829250704
6.137999999999546,7.23,5.780553595014271,1.3684888718366532,-0.2833273887528149,-6.040966799917678,34.80397709760281,-48.03593960869906,0.0,0.27991756800891043,0.47569453781113225,0.0,-4.346348092829068,-4.680416339165162,0.0,-29.600328900296805,27.487583099469703,48.470426969463716,23.952400582489446,72.42282755195316
6.139999999999546,7.23,5.7800567856133,1.3563103545360051,-0.21336212151296086,-6.137809825221431,35.163649876437496,-48.81390646530187,0.0,0.27120784408845705,0.46633210519502666,0.0,-4.36338472711169,-4.681947283699693,0.0,-29.735851381837737,27.712605867840033,48.63717861581246,23.7849057331851,72.42208434899756
6.141999999999546,7.23,5.779700635737577,1.3439365676198956,-0.14266293698310914,-6.2362504399375895,35.53810188685926,-49.63394601118166,0.0,0.262463969428972,0.4569669813149493,0.0,-4.380499693869718,-4.6831051681205,0.0,-29.873121442260647,27.94282738375363,48.804444666209264,23.616873071126758,72.42131773733603
6.143999999999545,7.23,5.7794866436210315,1.3313642300741992,-0.071199008224532,-6.336375340143526,35.928615854993964,-50.4986404654628,0.0,0.25368578159075106,0.4475999253764681,0.0,-4.397698846016799,-4.683876693857186,0.0,-30.012287508720636,28.178581711282224,48.972216586510115,23.448310138466894,72.42052672497701
6.145999999999545,7.23,5.779416371774813,1.3185898822001885,0.0010631446554191099,-6.438276579880888,36.33656333277935,-51.41076858409468,0.0,0.2448731059114868,0.4382317243682017,0.0,-4.414988556332322,-4.684247357228093,0.0,-30.153499504258043,28.420223163332217,49.14048514224175,23.279225128590497,72.41971027083224
6.147999999999545,7.23,5.779491452476237,1.3056098744932918,0.07415984031002479,-6.542051982754921,36.763413003509974,-52.37332451723142,0.0,0.23602575444265672,0.42886319558154384,0.0,-4.432375741616304,-4.684201337955904,0.0,-30.296908653431625,28.668127877704723,49.309240354999474,23.10962692599062,72.4188672809901
6.149999999999545,7.23,5.7797135936465684,1.2924203556595908,0.14813043949763638,-6.647805593292227,37.21073993251918,-53.38953875155585,0.0,0.22714352483543349,0.4194951893649963,0.0,-4.449867889044787,-4.683721375789052,0.0,-30.442667240713625,28.92269555391854,49.478471454375345,22.939525150261858,72.41799660463721
6.1519999999995445,7.23,5.780084585154679,1.2790172596862004,0.2230175679680128,-6.755648172481026,37.68023587941319,-54.462901397360504,0.0,0.21822619917149166,0.41012859213844854,0.0,-4.467473084949882,-4.682788633634419,0.0,-30.590928310715842,29.184351369215275,49.64816682489879,22.76893020469096,72.41709702958974
6.153999999999544,7.23,5.780606305587875,1.2653962918722874,0.2988673611430094,-6.865697742472272,38.173720804085974,-55.59718811570271,0.0,0.20927354273361598,0.40076432969618003,0.0,-4.485200046267215,-4.681382545364798,0.0,-30.741845297067606,29.45354809451971,49.818313947402366,22.597853329988745,72.41616727739111
6.155999999999544,7.23,5.781280729535966,1.2515529137169108,0.37572973312617686,-6.978080186050292,38.6931557168081,-56.796489021536395,0.0,0.20028530271051304,0.3914033708312974,0.0,-4.503058154913324,-4.679480646181099,0.0,-30.895571564034167,29.73076843381565,49.98889933414488,22.426306663781133,72.41520599792602
6.157999999999544,7.23,5.782109935440036,1.2374823265479435,0.45365867289657485,-7.092929907198695,39.240657043309696,-58.06524094509271,0.0,0.19126120682970382,0.382046731318899,0.0,-4.521057495376204,-4.677058383076757,0.0,-31.052259841639074,30.016527613465087,50.15990845693182,22.25430330656382,72.41421176349564
6.159999999999544,7.23,5.783096114063432,1.2231794537628908,0.5327125709069375,-7.210390559903609,39.8185126993056,-59.40826348671844,0.0,0.18220096191174778,0.37269547830052685,0.0,-4.539208895823831,-4.674088902559954,0.0,-31.2120615309922,30.311376251505365,50.3313256673651,22.081857394924846,72.41318306228995
6.161999999999543,7.23,5.784241577649346,1.208638921537223,0.6129545797214131,-7.330615853265674,40.4292000956986,-60.83079936071775,0.0,0.17310425233843918,0.3633507351186174,0.0,-4.557523973057188,-4.670542812327276,0.0,-31.375125851558334,30.615903540965892,50.50313410822949,21.908984182956203,72.41211829118569
6.163999999999543,7.23,5.785548769837092,1.1938550378386645,0.6944530128003374,-7.453770442050423,41.07540632613143,-62.33855959238465,0.0,0.16397073842695675,0.354013686656802,0.0,-4.576015181655491,-4.666387913035367,0.0,-31.541598796004624,30.930740785824977,50.6753156148754,21.7357001329115,72.4110157477869
6.165999999999543,7.23,5.787020276417924,1.1788217695664405,0.7772817860765594,-7.580030913011235,41.76005082301733,-63.93777421025375,0.0,0.15480005470120284,0.3446855852502526,0.0,-4.594695867681217,-4.661588895668221,0.0,-31.711621850767997,31.25656533346165,50.84785060528876,21.562023016326602,72.40987362161536
6.167999999999543,7.23,5.788658837021117,1.1635327176124772,0.8615209075781424,-7.709586878689156,42.4863108070298,-65.63524916353562,0.0,0.14559180805082683,0.3353677572400071,0.0,-4.613580327329326,-4.656106999225243,0.0,-31.885330431233836,31.59410495343283,51.02071795733658,21.387972027006484,72.40868998434306
6.1699999999995425,7.23,5.790467357832235,1.1479810896166167,0.9472570210449014,-7.842642191950614,43.25764989856247,-67.43843029347096,0.0,0.1363455757676531,0.3260616102566749,0.0,-4.632683870916648,-4.649899622533685,0.0,-32.06285196897851,31.944142719222494,51.19389487144179,21.21356790750256,72.40746277894435
6.171999999999542,7.23,5.792448925458167,1.1321596701596561,1.0345840102707504,-7.9794162962895845,44.07785030804898,-69.35547529745133,0.0,0.12706090344842852,0.31676864133237825,0.0,-4.652022892611003,-4.642919882885813,0.0,-32.24430357433523,32.30752245737069,51.36735671666261,21.03883309096415,72.40618980762676
6.173999999999542,7.23,5.794606822067836,1.1160607881060138,1.1236036717899076,-8.120145728917828,44.9510490751867,-71.39533474621419,0.0,0.11773730275201438,0.307490445955661,0.0,-4.67161494629085,-4.635116112877076,0.0,-32.42978917988483,32.685154837205054,51.54107685782457,20.863791860555168,72.40486871837973
6.175999999999542,7.23,5.796944541953717,1.0996762807715679,1.2144264645217973,-8.265085795917638,45.881778884579006,-73.5678433464502,0.0,0.10837424899839015,0.2982287282029086,0.0,-4.691478827899051,-4.626431285227296,0.0,-32.619396048432314,33.07802418436993,51.71502646096121,20.688470528992617,72.40349698995382
6.177999999999542,7.23,5.799465809677615,1.08299745455119,1.307172346104676,-8.414512441255196,46.875014046017014,-75.8838227816513,0.0,0.09897117859615012,0.2889853121021184,0.0,-4.711634664601142,-4.616802353441947,0.0,-32.81319050143477,33.487196112577756,51.88917427385964,20.512897641197974,72.4020719150576
6.179999999999541,7.23,5.802174599984817,1.0660150415941374,1.4019717068862005,-8.568724334262539,47.93622228950323,-78.35519760882696,0.0,0.08952748628465645,0.2797621544114042,0.0,-4.732104010967177,-4.606159493838992,0.0,-33.01121268918087,33.91382608055729,52.06348637795246,20.337104203571364,72.40059058152383
6.181999999999541,7.23,5.805075159694048,1.0487191520631993,1.4989664138994276,-8.728045203293936,49.071423084619035,-80.99512583045698,0.0,0.08004252217668506,0.27056135902632383,0.0,-4.7529099522519145,-4.5944252316343235,0.0,-33.213470180332315,34.359168995067016,52.23792590713853,20.16112394402081,72.39904985115935
6.183999999999541,7.23,5.808172031796725,1.0310992214547599,1.5983109786249419,-8.892826446630995,50.28725324510522,-83.81814588749003,0.0,0.07051558858747076,0.2613851932680792,0.0,-4.774077214628647,-4.581513430327519,0.0,-33.41993009318426,34.82458999600652,52.41245272832268,19.984993607625988,72.39744633594867
6.185999999999541,7.23,5.811470082028195,1.0131439523912245,1.70017386389885,-9.06345005530106,51.59104061326445,-86.8403419106862,0.0,0.060945936636671194,0.25223610635022964,0.0,-4.795632281907534,-4.567328119411966,0.0,-33.63050942088612,35.31157657588247,52.587023077511326,19.808753293716805,72.39577637122812
6.1879999999995405,7.23,5.814974528205923,0.9948412502242299,1.8047389469237498,-9.240331886187112,52.990886620503225,-90.07952909329858,0.0,0.05133276261110076,0.24311675037655234,0.0,-4.817603517798332,-4.551762130263689,0.0,-33.84506311356841,35.821752202720646,52.76158914415028,19.632446841238096,72.39403598538837
6.18999999999954,7.23,5.818690972665112,0.9761781517066075,1.9122071568906684,-9.423925327468394,54.49575846773973,-93.5554609603968,0.0,0.0416752040786772,0.2340300042891027,0.0,-4.840021292101972,-4.5346955037098855,0.0,-34.06336936621041,36.35689163215314,52.93609859499917,19.456122270593728,72.3922208655929
6.19199999999954,7.23,5.822625438160635,0.9571407459035858,2.022798307084163,-9.614725401744888,56.11559152857641,-97.2900600362543,0.0,0.03197233574811981,0.22497900126614123,0.0,-4.862918108255393,-4.515993624948813,0.0,-34.28511141473609,36.918938109476095,53.110494027145705,19.27983229177523,72.39032631892093
6.19399999999954,7.23,5.82678440764497,0.9377140864203325,2.1367531422959485,-9.813273354690288,57.861402297751745,-101.30767284071659,0.0,0.02222316507540395,0.2159671601676053,0.0,-4.88632872829693,-4.495505031821689,0.0,-34.509854954489256,37.51002267372603,53.28471233770398,19.10363489054749,72.38834722825146
6.19599999999954,7.23,5.831174868373822,0.9178820939259822,2.2543356225632865,-10.020161777998263,59.74541171008918,-105.63534911146508,0.0,0.012426627627658227,0.20699822174542948,0.0,-4.910290289409147,-4.473058830467009,0.0,-34.73702005204852,38.13248577970893,53.45868399522753,18.927594006876234,72.38627800210377
6.197999999999539,7.23,5.835804360832327,0.8976274478579948,2.375835463134618,-10.236040313574286,61.78117782470406,-110.30314340028451,0.0,0.0025815822294386614,0.19807629048232378,0.0,-4.934842403512041,-4.4484616375470125,0.0,-34.96584610630506,38.78890144486427,53.6323321947909,18.751780322746026,72.38411251753692
6.199999999999539,7.23,5.8406810330117205,0.8769314661021679,2.5015709473174796,-10.461621979597975,63.983735531146735,-115.34443434998597,0.0,-0.007313194063002348,0.18920588310213693,0.0,-4.960027227613843,-4.421493949818535,0.0,-35.19534800540355,39.48210409726125,53.805571874916055,18.576272180172577,72.38184405508864
6.201999999999539,7.23,5.845813700593729,0.8557739713744327,2.631892022223117,-10.697690145524035,66.36973882682399,-120.79625245702859,0.0,-0.017259011084237108,0.18039198501555842,0.0,-4.98588948734392,-4.39190581895986,0.0,-35.42426109292276,40.21521823570417,53.978308569881065,18.401156654729775,72.37946522461084
6.203999999999539,7.23,5.851211913609138,0.8341331429989912,2.7671836754840493,-10.945106158188446,68.95759794626164,-126.6996001112251,0.0,-0.027257270661498134,0.17164011623663677,0.0,-5.012476428678687,-4.359411681218392,0.0,-35.650971860579006,40.99169089272511,54.15043706523241,18.2265308155068,72.37696788073922
6.2059999999995386,7.23,5.856886030114672,0.8119853528118831,2.90786957091371,-11.204817578723942,71.7675986047691,-133.09973689987842,0.0,-0.03730947151835895,0.1629564086405726,0.0,-5.039837662457442,-4.3236841563866,0.0,-35.873430374765505,41.8153266855143,54.321839817287525,18.052503209352736,72.37434302664026
6.207999999999538,7.23,5.862847297358265,0.7893049840635507,3.05441588848135,-11.477866920596064,74.82198297152921,-140.04638665255408,0.0,-0.0474172137180604,0.15434769684627447,0.0,-5.068024851640631,-4.2843465874714335,0.0,-36.08903925423689,42.690324902087845,54.49238508874541,17.879195615886996,72.37158070463241
6.209999999999538,7.23,5.869107940745776,0.7660642325154058,3.2073352624024962,-11.76540066865561,78.14496039322309,-147.59379761424233,0.0,-0.05758220226429761,0.14582162551584765,0.0,-5.097091170643308,-4.240964039774619,0.0,-36.29451246172572,43.62131752979852,54.661924741878664,17.7067451304566,72.36866987233526
6.211999999999538,7.23,5.875681260635418,0.742232889525555,3.3671906308680706,-12.068678186508578,81.76259838448998,-155.80054918271838,0.0,-0.06780624930823925,0.13738677648793995,0.0,-5.127090437014719,-4.19303241471778,0.0,-36.48569514794519,44.61340628425714,54.830291617730715,17.535306645489058,72.36559826321977
6.213999999999538,7.23,5.882581736498419,0.7177781079516329,3.534598687405315,-12.389079853049921,85.7025180687407,-164.72894145977733,0.0,-0.0780912741716906,0.12905281992475237,0.0,-5.158075774751177,-4.139965259091486,0.0,-36.65733316654566,45.67219537847906,54.997296413879454,17.36505581706804,72.3623522309475
6.2159999999995375,7.23,5.889825137189134,0.6926641533959778,3.710232435401913,-12.728113361431067,89.9932787954939,-174.4437180529133,0.0,-0.0884393000595115,0.12083069457553375,0.0,-5.190097610752107,-4.08107776560745,0.0,-36.80277752410123,46.803814743884985,55.162723954215096,17.196192623639906,72.358916577855
6.217999999999537,7.23,5.897428634804984,0.6668521460279242,3.8948220618179237,-13.08741649494875,94.66327783329875,-185.009744456914,0.0,-0.09885244585936848,0.11273282335879153,0.0,-5.223200724617754,-4.015567370303716,0.0,-36.91360481021931,48.01492531761659,55.32632872155814,17.02894564808322,72.35527436964136
6.219999999999537,7.23,5.905410917647993,0.6402998024586606,4.089152916440022,-13.468753761412431,99.7389039590143,-196.48807448402388,0.0,-0.10933291075779145,0.10477337174240786,0.0,-5.2574199580016305,-3.9424902679244567,0.0,-36.979129502664584,49.31269331431636,55.487829497848715,16.86357724326848,72.35140674111719
6.221999999999537,7.23,5.913792294773001,0.6129611936841938,4.2940587411159825,-13.874002871556964,105.24155625771961,-208.92955887562448,0.0,-0.11988294846125519,0.09696855782177427,0.0,-5.292774031095301,-3.8607331120516557,0.0,-36.985778073842255,50.70471333488723,55.646902927850554,16.700389774457385,72.34729270230794
6.223999999999537,7.23,5.922594780007578,0.5847865450762808,4.51040734328903,-14.305124977875733,111.18295587115176,-222.3647490169968,0.0,-0.13050482649599615,0.08933702445776048,0.0,-5.329256695774934,-3.7689791898159237,0.0,-36.91628856649159,52.198849640171005,55.80317579296495,16.539733167966236,72.34290896093118
6.225999999999536,7.23,5.931842136415049,0.5557221194076358,4.739074520139167,-14.76410956337971,117.55792118264925,-236.78828571145127,0.0,-0.14120076423538727,0.08190028510324099,0.0,-5.366824161376353,-3.6656685495804804,0.0,-36.74869415870219,53.80294945993533,55.95621575648411,16.38201403052189,72.338229787006
6.227999999999536,7.23,5.941559851911078,0.525710246208825,4.9809000511977315,-15.252880527880283,124.33343234989199,-252.13520768369065,0.0,-0.15197284080467924,0.07468325554181521,0.0,-5.4053773473840065,-3.548952072171886,0.0,-36.45504832373275,55.5243599799593,56.10552032943991,16.227706629130438,72.33322695857035
6.229999999999536,7.23,5.951775001759222,0.4946895933881942,5.2366168146856165,-15.773143978641999,131.43238567248855,-268.2456797815261,0.0,-0.1628228606640031,0.06771488278328308,0.0,-5.4447370506627,-3.416640585813015,0.0,-35.999858861431996,57.36914973596051,56.250503823458885,16.077366020176996,72.32786984363588
6.231999999999536,7.23,5.962515932280095,0.46259582369851765,5.506740434319617,-16.326150241159052,138.70999664392556,-284.8136659331855,0.0,-0.1737521603414464,0.06102887818554137,0.0,-5.4846096094739005,-3.2661522870732935,0.0,-35.338230436636685,59.340894483598625,56.39048213190583,15.931643557517646,72.32212568942347
6.2339999999995355,7.23,5.973811670610449,0.42936284306424727,5.791402466490962,-16.91233295249786,145.92055573825786,-301.3144974157419,0.0,-0.1847613345321215,0.0546645517182659,0.0,-5.524540247547783,-3.094465660231338,0.0,-34.413791948036476,61.43883938703983,56.52465535965903,15.791304837183445,72.31596019684247
6.235999999999535,7.23,5.985690926882078,0.39492493194366285,6.090105793206473,-17.530778513957543,152.67266605505475,-316.9071861084356,0.0,-0.19584985412940203,0.04866772362360228,0.0,-5.563851336934493,-2.8980918124364385,0.0,-33.156641872464135,63.6552042342909,56.65208867880063,15.657249758611522,72.30933843741215
6.237999999999535,7.23,5.998180509790569,0.3592201504658412,6.401378865858797,-18.178474597601863,158.37322294502619,-330.31194288244495,0.0,-0.20701554429211627,0.04309165173909513,0.0,-5.601564050213117,-2.6730908981747645,0.0,-31.481834181216538,65.97138567367325,56.77169243421913,15.530533655589407,72.30222608980854
6.239999999999535,7.23,6.01130293331968,0.32219550328945384,6.722310840274806,-18.8492979131914,162.16606416093398,-339.67568381622567,0.0,-0.2182538909761102,0.03799784836779052,0.0,-5.636305600526646,-2.415172972596001,0.0,-29.28940978359997,68.35289491583713,56.88220362236851,15.412387175823097,72.2945907981916
6.241999999999535,7.23,6.0250729749319,0.2838143897637861,7.047972040600318,-19.53274996610093,162.8830159338819,-342.46401250578776,0.0,-0.22955715643498015,0.03345656069065339,0.0,-5.666212540990831,-2.1199430700861237,0.0,-26.467679023921036,70.7431708579649,56.98217264442208,15.304230548509906,72.28640319293199
6.243999999999534,7.23,6.039493001755155,0.2440667445861754,7.370778167633049,-20.21256694219471,159.04495622261834,-335.46159539264124,0.0,-0.2409133194635391,0.02954655141521234,0.0,-5.68885575456308,-1.7833668885829592,0.0,-22.902253981468352,73.0571034984654,57.06996197881591,15.207674975681805,72.27763695449772
6.245999999999534,7.23,6.054547089882853,0.20298182194894232,7.679956667349562,-20.865547817575077,148.97524063397063,-315.0169280487518,0.0,-0.2523049292710092,0.026353663444637965,0.0,-5.701235389176401,-1.402529416726773,0.0,-18.49371733969702,75.17634533511259,57.143767372672144,15.124500468477773,72.26826784114992
6.247999999999534,7.23,6.070194416161683,0.1606425880143454,7.961415095476913,-21.46125356947586,131.0998189577583,-277.6939476231976,0.0,-0.26370808247355937,0.02396755600178546,0.0,-5.69991790385417,-0.9767015121612332,0.0,-13.18568574758814,76.9501483631014,57.20167699827293,15.056596900452359,72.25827389872529
6.249999999999534,7.23,6.086363136537077,0.11719908534377603,8.198433039504941,-21.963496961296606,104.46850948059004,-221.4064318698452,0.0,-0.27509188483455294,0.022476104311716427,0.0,-5.681392564765382,-0.5085817883817262,0.0,-7.000831422833974,78.20663755858136,57.24178723621648,15.005856310175558,72.24764354639204
6.2519999999995335,7.23,6.1029468052932945,0.0728762984287955,8.373551635227452,-22.334440567970468,69.39799678219538,-146.81933393061755,0.0,-0.2864188721777878,0.021957446240301715,0.0,-5.642676773177313,-0.005346171590052462,0.0,-0.07463857720473122,78.77812353793261,57.26238770842565,14.974013604913086,72.23640131333873
6.253999999999533,7.23,6.119805806359438,0.0279711346250699,8.471636331506197,-22.541253688097793,27.935816971651533,-58.36188007239866,0.0,-0.29764680593846804,0.02247061196851785,0.0,-5.582074392689019,0.5210690277248249,0.0,7.331293399734282,78.53820314485955,57.26220055146396,14.96245197839709,72.22465252986105
6.255999999999533,7.23,6.136775514341009,-0.017165230269803697,8.483351879964188,-22.563672804068386,-16.251084566059024,36.01222991487705,0.0,-0.30873190810398554,0.024046801799313067,0.0,-5.499829544049632,1.0549635810383966,0.0,14.854170875066602,77.4390787506052,57.2406080987397,14.972013550158168,72.21262164889787
6.257999999999533,7.23,6.15368067720308,-0.062158546423934855,8.407662355340761,-22.39944361803649,-58.72768536113535,126.67701774399195,0.0,-0.3196330102526793,0.026683961004001278,0.0,-5.398351616498412,1.5791643112777376,0.0,22.095031509069706,75.53156325262967,57.19776631394021,15.00287039700372,72.20063671094393
6.259999999999533,7.23,6.17035272824852,-0.10664906170586386,8.252126723470111,-22.064964860286754,-95.54430365809834,205.06296688481513,0.0,-0.3303155756807983,0.03034663121503134,0.0,-5.28183782708564,2.077902932910109,0.0,28.701162462481765,72.95571086343169,57.13454019717622,15.054500606139241,72.18904080331546
6.261999999999532,7.23,6.18664524235915,-0.15032505428913479,8.030833655872367,-21.590793066323325,-124.23295393570513,265.82542163660594,0.0,-0.3407544965563023,0.034971216515832126,0.0,-5.1554273103186645,2.539191427532684,0.0,34.43050015742086,69.90569473998974,57.05230519725616,15.125777828251724,72.17808302550789
6.263999999999532,7.23,6.20244370831782,-0.19294399525371472,7.761018772294355,-21.01428208273124,-144.09591437334004,307.47041645571966,0.0,-0.3509350594945531,0.04047484459761297,0.0,-5.024247781216212,2.955917412083693,0.0,39.174528998184115,66.58594032252478,56.952726769603544,15.215141487625205,72.16786825722875
6.265999999999532,7.23,6.2176684426994,-0.2343387934026592,7.459805331282323,-20.372497017720363,-155.8440175222177,331.5642044318653,0.0,-0.36085219161622195,0.04676510315366955,0.0,-4.892695201071904,3.3256042873435248,0.0,42.94136957229698,63.1761973706314,56.83759286949811,15.32079324238919,72.1583861118873
6.267999999999532,7.23,6.232271962091476,-0.27441200030974994,7.142012816154807,-19.69745814310344,-160.96097653207826,341.3474929156928,0.0,-0.3705086077124178,0.05374838361089118,0.0,-4.764088139007661,3.6493341925532476,0.0,45.81784706878135,59.81372224573625,56.70870194514326,15.44087158552113,72.14957353066438
6.2699999999995315,7.23,6.246233239342483,-0.3131232636186859,6.819209365652607,-19.014094513469402,-161.136579014427,340.5015307507477,0.0,-0.3799125830652001,0.06133573397425862,0.0,-4.640645520725186,3.930439795485971,0.0,47.93011884287337,56.59078955272603,56.56778326213379,15.573579085954274,72.14136234808807
6.271999999999531,7.23,6.2595510625285575,-0.3504748587203932,6.499690873435618,-18.34021324801365,-157.9138875742039,332.3815940468395,0.0,-0.3890758837968343,0.06944619390507933,0.0,-4.523652915730497,4.173371495929659,0.0,49.41382550041602,53.56125042315727,56.416438984662,15.71725897575851,72.1336979604205
6.273999999999531,7.23,6.27223791270923,-0.386498375795683,6.188953557822136,-17.687539291408946,-152.5382155902558,319.69034323963405,0.0,-0.39801211365106803,0.07800816277800282,0.0,-4.4136937372448894,4.38289386765032,0.0,50.3961045441478,50.750252624139115,56.25610868014845,15.870430644069021,72.12653932421748
6.275999999999531,7.23,6.284314989114933,-0.42124392249859155,5.890325505570008,-17.06309702639324,-145.93622860214066,304.4343470222476,0.0,-0.4067355268932082,0.08695947998865006,0.0,-4.310869584885998,4.563599123558728,0.0,50.98718268396222,48.16354134101021,56.088055945921425,16.03179723233681,72.11985317825824
6.277999999999531,7.23,6.295808488194861,-0.45477206602649,5.605568141657139,-16.470522817542662,-138.75758964805723,288.0163003080507,0.0,-0.41526024676276907,0.09624678664997399,0.0,-4.214977709771256,4.719658944815875,0.0,51.27812276877697,45.79486505200024,55.913372289541435,16.20023691818203,72.11360920772347
6.27999999999953,7.23,6.306746984485352,-0.4871481773885,5.335370190121047,-15.911140928071477,-131.4357267091321,271.36834893890153,0.0,-0.4235997932143682,0.10582456228712933,0.0,-4.125640311267509,4.854730500681532,0.0,51.341863136563376,43.6312706095733,55.73299149209504,16.374786183515553,72.10777767561059
6.28199999999953,7.23,6.317159677420476,-0.5184386602023897,5.079720492832453,-15.384774099830365,-124.24604646275576,255.07941838695365,0.0,-0.43176682751566214,0.11565407515568737,0.0,-4.042392391114829,4.971950941344768,0.0,51.23566193831837,41.65661576644023,55.5477086146928,16.554620271553514,72.10232888624631
6.28399999999953,7.23,6.327075273853582,-0.5487085603752633,4.838174425148818,-14.89032163173066,-117.35355472459014,239.49916851279835,0.0,-0.4397730397581523,0.12570237458243505,0.0,-3.964738176843003,5.073976490239925,0.0,51.003883094040155,39.85376023305471,55.358199776735844,16.73903375684136,72.0972335335772
6.28599999999953,7.23,6.336521316152756,-0.5780201415609248,4.61003697371206,-14.42615567766074,-110.84870894462166,224.8161293346585,0.0,-0.44762912559087115,0.13594138450531834,0.0,-3.892185424550079,5.163039749408592,0.0,50.68060791663982,38.20585023833647,55.16504061282881,16.92742267545891,72.09246328828772
6.2879999999995295,7.23,6.345523811900451,-0.6064321126032246,4.394484655829257,-13.99038435996858,-104.77308940196016,211.1135558910292,0.0,-0.4553448154933056,0.1463471177467328,0.0,-3.8242649231674104,5.241010699603892,0.0,50.291871782996104,36.69701364942468,54.96872252173398,17.11926878899374,72.08799131072772
6.289999999999529,7.23,6.3541070617315,-0.633999281826055,4.190644368727698,-13.58102124870394,-99.1371800606423,198.40804603288433,0.0,-0.4629289325903474,0.15689900980655247,0.0,-3.7605404796187036,5.309454179453319,0.0,49.85748702845431,35.31268786688571,54.7696665093509,17.314126079362595,72.0837925887135
6.291999999999529,7.23,6.362293613466572,-0.6607724821201636,3.997642754931899,-13.196090865590342,-93.93239287159011,186.6756014247089,0.0,-0.4703894638683212,0.16757936135555507,0.0,-3.700612995522384,5.369680807388082,0.0,49.392485821274356,34.039728145455996,54.56823476610246,17.511609335824893,72.07984410192735
6.293999999999529,7.23,6.370104293871464,-0.6867986613295105,3.8146358123687274,-12.833691419329893,-89.13904398501506,175.8688713250193,0.0,-0.47773363557755977,0.1783728751548832,0.0,-3.6441210177816346,5.422790545287462,0.0,48.90824226921168,32.86639085680241,54.36474025452824,17.711384596882787,72.07612485141104
6.295999999999529,7.23,6.3775582857142705,-0.7121210680370753,3.640825508667012,-12.492029484755845,-84.73155088792555,165.92835253909863,0.0,-0.484967987455021,0.18926627283468433,0.0,-3.5907392925778625,5.469709202429629,0.0,48.413335932298295,31.7822504237805,54.15945461318724,17.913161184508482,72.07261579769573
6.297999999999528,7.23,6.384673229032055,-0.7367794872957281,3.4754680017951642,-12.169436626604725,-80.68175345138582,156.78951632650012,0.0,-0.4920984428381072,0.20024797813975803,0.0,-3.540176281410628,5.511218648424105,0.0,47.91421239462934,30.778085407742065,53.952614664884145,18.116685079195673,72.06929974407981
6.299999999999528,7.23,6.391465333115848,-0.7608104973452434,3.3178765545377895,-11.864374664952708,-76.96098464696132,148.38722621095877,0.0,-0.49913037324912973,0.2113078549771521,0.0,-3.4921712251327217,5.547981643201945,0.0,47.41568711270291,29.845754511060903,53.744427780729694,18.321733411074042,72.06616119180373
6.301999999999528,7.23,6.397949490790632,-0.78424772933835,3.1674211896597595,-11.575434012496444,-73.54131721718144,140.65837459290933,0.0,-0.5060686569381505,0.22243699041477782,0.0,-3.4464911031830807,5.5805621698633825,0.0,46.921329373571574,28.97807412823721,53.535076311295356,18.528109873829962,72.06318618512532
6.303999999999528,7.23,6.404139389909399,-0.8071221193244974,3.0235264277763565,-11.301327980674282,-70.3962733370462,133.54336204215898,0.0,-0.5129177313993867,0.23362751446488395,0.0,-3.402927684766637,5.609442064077335,0.0,46.43375501638885,28.168703526654856,53.324721258547505,18.735640899029587,72.06036215757709
6.3059999999995275,7.23,6.410047619159984,-0.8294621464381721,2.885667977328756,-11.040884925151808,-67.50118890671777,126.98683511190518,0.0,-0.5196816401659167,0.24487244995787272,0.0,-3.3612947754805402,5.635034619507748,0.0,45.954849888085796,27.41204043397854,53.1135053296979,18.944172456254254,72.05767778595215
6.307999999999527,7.23,6.415685766686137,-0.8512940542509073,2.7533689315707535,-10.793039419364204,-64.8333595389972,120.93795786070217,0.0,-0.5263640743309486,0.2561655870535916,0.0,-3.321425706218285,5.6576957356609645,0.0,45.48594073795735,26.70312789822078,52.90155548697811,19.153567368431645,72.05512285540976
6.309999999999527,7.23,6.421064510911772,-0.872642054142322,2.6261958195963735,-10.556823195062966,-62.37205193429746,115.3503979247023,0.0,-0.5329684092996954,0.26750137796339923,0.0,-3.2831710776513843,5.677733072725847,0.0,45.02792619431148,26.037572227186473,52.688985085206475,19.363703051874797,72.05268813708128
6.311999999999527,7.23,6.426193703505299,-0.8935285107079317,2.503754721974658,-10.331356294312794,-60.09843536449278,110.18214505121438,0.0,-0.5394977372807993,0.27887484829365317,0.0,-3.2463967545264745,5.695413590757288,0.0,44.58137737352557,25.41147126744304,52.475895671172594,19.574469607168876,72.05036527834147
6.313999999999527,7.23,6.4310824447467425,-0.9139741099052734,2.3856875727016265,-10.115838686219188,-57.99546871386424,105.39523820700927,0.0,-0.545954896002879,0.290281522099453,0.0,-3.2109820938880613,5.710969777975919,0.0,44.146615334291766,24.821352039165475,52.26237850456373,19.785768200648867,72.04814670521259
6.315999999999526,7.23,6.43573915174233,-0.9339980110145675,2.271668711938385,-9.909542479008419,-56.04776575081186,100.95544972221546,0.0,-0.5523424941043812,0.3017173582844702,0.0,-3.17681838663267,5.724604813622111,0.0,43.7237708300937,24.264116673246395,52.04851584873148,19.9975096872754,72.04602553600688
6.317999999999526,7.23,6.440171620020989,-0.9536179836678917,2.1614017176803317,-9.711804780656275,-54.24145287019491,96.83195671438479,0.0,-0.5586629336015443,0.31317869642290264,0.0,-3.1438074903103006,5.73649686281732,0.0,43.312830490319996,23.736995622644457,51.83438207047169,20.209613434684606,72.04399550515629
6.319999999999526,7.23,6.444387079079124,-0.9728505312555547,2.0546165219571897,-9.522021213562452,-52.56402800554075,92.99701810181037,0.0,-0.5649184297952365,0.32466221043396826,0.0,-3.111860631432524,5.746802662331781,0.0,42.91367256628307,23.23750719413383,51.62004458069364,20.422006315453554,72.04205089614719
6.321999999999526,7.23,6.4483922424365,-0.9917110019984802,1.9510668036434577,-9.33964006048113,-51.00422579487888,89.42566775235588,0.0,-0.5711110289349959,0.3361648688245622,0.0,-3.080897356874477,5.755660525292175,0.0,42.52609463030788,22.763422541856485,51.405564642013275,20.634621840503247,72.04018648251652
6.323999999999526,7.23,6.452193352741792,-1.010213688912452,1.8505276423032662,-9.16415700320042,-49.551891747156105,86.09542931773748,0.0,-0.577242623919546,0.34768390044592123,0.0,-3.050844615750281,5.763192868192354,0.0,42.14983505198633,22.31273536459808,51.19099806460669,20.847399411331864,72.03839747593855
6.325999999999525,7.23,6.455796222430817,-1.028371919804317,1.7527934136055825,-8.995110407781366,-48.197866666741305,82.98605513629516,0.0,-0.5833149682777401,0.35921676489610754,0.0,-3.021635955092623,5.769508343855312,0.0,41.78458964931406,21.883635645943126,50.976395807883804,21.060283672642132,72.03667948052593
6.327999999999525,7.23,6.459206270399743,-1.0461981383445758,1.6576759053376335,-8.832077107528661,-46.93388166371303,80.07928962555486,0.0,-0.5893296886424298,0.37076112685091056,0.0,-2.9932108146000527,5.774703648226323,0.0,41.43002458918987,21.474486866109228,50.76180450248157,21.27322395007896,72.03502845256052
6.329999999999525,7.23,6.462428555113343,-1.0637039771631789,1.5650026330019235,-8.674668635303775,-45.75246351556392,77.35865641366584,0.0,-0.5952882959022123,0.3823148337283031,0.0,-2.9655139075346337,5.778865056246694,0.0,41.08578636594606,21.08380619452358,50.54726690460035,21.486173760364967,72.03344066496531
6.331999999999525,7.23,6.465467804527127,-1.0809003238205896,1.4746153348063655,-8.522527859023139,-44.64684982380475,74.80926779962918,0.0,-0.6011921951917653,0.39387589619148033,0.0,-2.938494676513134,5.7820697319187255,0.0,40.751509499026,20.71024724273345,50.33282229268534,21.699090383225204,72.03191267591055
6.3339999999995245,7.23,6.468328443162972,-1.0977973804169336,1.3863686271589453,-8.375325977379696,-43.61091324159885,72.41765480244489,0.0,-0.607042694860557,0.40544247107719533,0.0,-2.9121068144195723,5.784386849514422,0.0,40.4268224473463,20.352585018432862,50.118506814810964,21.911934486218684,72.03044130102964
6.335999999999524,7.23,6.471014616641653,-1.114404717519733,1.3001288033088105,-8.232759836456653,-42.63909397951099,70.17161593728086,0.0,-0.6128410145414716,0.41701284640317937,0.0,-2.8863078419767785,5.785878556297648,0.0,40.11135212758967,20.009702774030735,49.90435379376864,22.124669795015834,72.02902358878447
6.337999999999524,7.23,6.473530213942544,-1.130731323015793,1.2157727593781409,-8.094549531638394,-41.726339788322655,68.06008286224275,0.0,-0.6185882924251623,0.42858542816359435,0.0,-2.8610587346597356,5.786600801802748,0.0,39.804727338671036,19.680580488215952,49.690393995751336,22.33726280283393,72.02765679858527
6.339999999999524,7.23,6.475878887630829,-1.1467856464252908,1.1331870336081011,-7.960436262866229,-40.86805264607338,66.07300111974598,0.0,-0.624285591832316,0.44015872866705863,0.0,-2.8363235926277666,5.786604054388771,0.0,39.50658132888762,19.364284757345054,49.476655867605295,22.549682513714203,72.0263383813195
6.341999999999524,7.23,6.4780640722657425,-1.1625756391556872,1.0522669461421863,-7.830180414723133,-40.06004142499485,64.2012243177079,0.0,-0.6299339071642599,0.4517313562095848,0.0,-2.8120693482122454,5.78593392226793,0.0,39.216553691271024,19.059959906095227,49.263165746860224,22.76190021513252,72.02506596199274
6.343999999999523,7.23,6.480089001179395,-1.1781087911192707,0.9729158280618146,-7.703559836003555,-39.29847987249387,62.43642023595835,0.0,-0.6355341693021733,0.4633020059061529,0.0,-2.788265506237895,5.784631693331228,0.0,38.93429173297806,18.766820154516946,49.049948048115574,22.97388927610761,72.02383732422318
6.345999999999523,7.23,6.481956721794482,-1.193392164090387,0.8950443296592171,-7.58036829630876,-38.5798693022915,60.77098748872744,0.0,-0.641087250516371,0.4748694515308609,0.0,-2.764883913093236,5.782734805737752,0.0,38.65945143358427,18.48414270211198,48.8370254288312,23.185624967534217,72.0226503963654
6.347999999999523,7.23,6.4836701096302995,-1.2084324221361329,0.8185697990789534,-7.460414099803536,-37.90100545322791,59.19798151649374,0.0,-0.646593968939546,0.4864325382375281,0.0,-2.7418985510140716,5.780277259297016,0.0,38.391698082901385,18.211261609495743,48.62441893712958,23.39708430194039,72.02150323906997
6.349999999999523,7.23,6.485231881129788,-1.2232358594169237,0.7434157234854025,-7.343518838587688,-37.25894903176027,57.71104881511433,0.0,-0.6520550926512239,0.4979901760509996,0.0,-2.7192853545149225,5.7772899760762915,0.0,38.13070666991159,17.947562375121777,48.412148143844824,23.608245890264502,72.02039403410933
6.3519999999995225,7.23,6.486644605425606,-1.2378084256203563,0.6695112258265514,-7.229516270194017,-36.65099950853389,56.304368434501825,0.0,-0.6574713434150277,0.5095413340349404,0.0,-2.6970220463078256,5.773801117343337,0.0,37.87616207943952,17.69247711891742,48.200231260740075,23.819089813583446,72.01932107432353
6.353999999999522,7.23,6.48791071515015,-1.2521557492626652,0.5967906110733194,-7.118251305545257,-36.07467178903405,54.97259989215378,0.0,-0.6628434001053273,0.5210850350549618,0.0,-2.6750879903960096,5.769836362858321,0.0,37.62775914137329,17.445480296903355,47.9886852465511,24.029597508006024,72.01828275455712
6.355999999999522,7.23,6.489032516382985,-1.2662831590663775,0.5251929565281733,-7.0095790953085215,-35.52767542307218,53.71083674843207,0.0,-0.6681719018555854,0.5326203510670255,0.0,-2.6534640603290036,5.765419157616025,0.0,37.38520256791136,17.206084881275352,47.777525902290456,24.23975166118645,72.01727756347691
6.357999999999522,7.23,6.490012197818921,-1.2801957036000953,0.454661741426578,-6.903364203999811,-35.00789605786201,52.514565181064256,0.0,-0.6734574509569037,0.5441463988704756,0.0,-2.632132520863477,5.760570930377208,0.0,37.14820680691722,16.973838949301186,47.56676795705343,24.449536119117216,72.01630407617064
6.359999999999522,7.23,6.490851839231031,-1.2938981693463045,0.3851445116091355,-6.799479862434433,-34.51337887496342,51.37962697660219,0.0,-0.6787006155320152,0.5556623362730848,0.0,-2.6110769214960863,5.755311287690106,0.0,36.916495833597644,16.74832263196316,47.356425145407655,24.65893580203543,72.01536094744309
6.361999999999521,7.23,6.4915534192949265,-1.3073950973454218,0.3165925755296983,-6.6978072902114585,-34.04231378277026,50.30218642739225,0.0,-0.6839019320071025,0.5671673586223287,0.0,-2.5902820005262885,5.749658186567146,0.0,36.68980289805682,16.529145379759694,47.14651027730769,24.867936628425564,72.01444690573325
6.363999999999521,7.23,6.492118822833613,-1.3206907985486436,0.24896072829318197,-6.598235080879696,-33.59302216387592,49.27870068490061,0.0,-0.6890619074012884,0.578660695662998,0.0,-2.5697335984725838,5.743628088530675,0.0,36.467870242567294,16.31594350863291,46.937035301356794,25.07652544623033,72.01356074758712
6.365999999999521,7.23,6.492549847535964,-1.3337893679983195,0.1822070007933344,-6.500658643275184,-33.16394500095085,48.30589317489857,0.0,-0.6941810214514428,0.5901416086862533,0.0,-2.5494185798091373,5.737236097360512,0.0,36.250448799441585,16.10837799375802,46.7280113621372,25.28468997049048,72.01270133262769
6.367999999999521,7.23,6.49284821019639,-1.3466946979423084,0.11629243135169402,-6.404979693260288,-32.753632226080725,47.380729727907486,0.0,-0.6992597285880336,0.6016093879396036,0.0,-2.529324762113669,5.730496082553444,0.0,36.03729787803042,15.90613248302812,46.519448852241005,25.492418726730218,72.01186757897122
6.3699999999995205,7.23,6.493015552518334,-1.359410489977898,0.05118085755000612,-6.311105790744881,-32.36073315718661,46.50039712022381,0.0,-0.7042984597760077,0.6130633502710031,0.0,-2.5094408518254774,5.723420790230815,0.0,35.82818484749093,15.708911505600213,46.311357459557875,25.699700999486204,72.01105845904408
6.37199999999952,7.23,6.493053446519907,-1.3719402663112157,-0.013161273795570597,-6.218949917441979,-31.983987901495933,45.662283757519276,0.0,-0.7092976242332172,0.6245028369834972,0.0,-2.4897563859061087,5.716021942997198,0.0,35.622884820466496,15.516438853915316,46.103746210311044,25.90652678544932,72.01027299576036
6.37399999999952,7.23,6.4929633995760625,-1.3842873802094762,-0.07676508034468153,-6.128430091313479,-31.6222196203376,44.86396226508228,0.0,-0.7142576110375336,0.6359272118796517,0.0,-2.4702616787768314,5.708310330054062,0.0,35.42118034161991,15.328456120240086,45.896623508275,26.112886750749805,72.00951025902481
6.37599999999952,7.23,6.4927468591283,-1.3964550257157762,-0.13965940325496595,-6.039469014104826,-31.27432756205461,44.103173776822764,0.0,-0.7191787906326607,0.6473358594774434,0.0,-2.4509477739781205,5.70029588870214,0.0,35.222861084005146,15.144721371058283,45.68999717055882,26.318772191970222,72.00876936252904
6.37799999999952,7.23,6.492405217089792,-1.4084462466893428,-0.201870952968541,-5.951993748758145,-30.939280780780834,43.377813739700414,0.0,-0.7240615162415783,0.6587281833813896,0.0,-2.4318064000586657,5.691987778220124,0.0,35.02772355549909,14.96500794462075,45.483874460296654,26.524175000516948,72.0080494608136
6.379999999999519,7.23,6.491939813971074,-1.4202639452280705,-0.26342444306039475,-5.865935423838118,-30.616112468423072,42.68591907171981,0.0,-0.7289061251956152,0.6701036047945488,0.0,-2.4128299302557945,5.683394446981765,0.0,34.83557081690686,14.78910335868297,45.27826211654833,26.729087630021898,72.00734974657023
6.381999999999519,7.23,6.491351942749001,-1.4319108895247668,-0.324342713309563,-5.781228962409366,-30.303914835588813,42.02565653044538,0.0,-0.7337129401863522,0.6814615611586414,0.0,-2.3940113455768275,5.674523693565256,0.0,34.6462122128706,14.616808316957083,45.073166381680544,26.933503066481688,72.00666944816223
6.383999999999519,7.23,6.490642852499466,-1.4433897212036724,-0.3846468430329658,-5.697812833073378,-30.001834484564696,41.395312165475104,0.0,-0.7384822704468154,0.6928015049109613,0.0,-2.375344200932714,5.6653827225154085,0.0,34.45946311632849,14.447935804111603,44.86859302647037,27.137414800873074,72.00600782734344
6.385999999999519,7.23,6.489813751812396,-1.4547029621794854,-0.444356255614586,-5.615628821111365,-29.70906822390919,40.79328174277322,0.0,-0.7432144128676974,0.7041229023479436,0.0,-2.356822594012419,5.6559781953380215,0.0,34.2751446869656,14.282310260295747,44.66454737314694,27.340816804010046,72.00536417715699
6.3879999999995185,7.23,6.4888658120057965,-1.465853021077226,-0.503488815067583,-5.534621817890668,-29.424859279890008,40.21806204145269,0.0,-0.7479096530538549,0.7154252325864072,0.0,-2.3384411366185436,5.646316277235853,0.0,34.093083643860126,14.11976682716195,44.46103431656506,27.543703503433292,72.00473781999835
6.389999999999518,7.23,6.487800170153997,-1.4768421992477843,-0.5620609153824846,-5.454739626879787,-29.148493864978757,39.668242934754815,0.0,-0.7525682663257272,0.7267079866143926,0.0,-2.3201949282136556,5.636402680034459,0.0,33.91311205233998,13.960150658238556,44.2580583436857,27.746069762143048,72.00412810582874
6.391999999999518,7.23,6.48661793194385,-1.4876726964108518,-0.6200875633394899,-5.375932784783569,-28.879298067991567,39.142500176781446,0.0,-0.7571905186698653,0.7379706664243797,0.0,-2.3020795314520206,5.626242701692921,0.0,33.73506712491732,13.803316287273603,44.055623551519155,27.947910859005585,72.00353441052474
6.393999999999518,7.23,6.485320174371323,-1.4983466159541179,-0.6775824553960289,-5.29815439645819,-28.616635034318456,38.639588825173206,0.0,-0.7617766676423369,0.7492127842224139,0.0,-2.2840909494938657,5.61584126274807,0.0,33.55879103605542,13.64912704884776,43.853733663673374,28.149222470680158,72.00295613435352
6.395999999999518,7.23,6.4839079482897795,-1.5088659699150564,-0.7345580492010726,-5.221359982397391,-28.359902408078458,38.15833723754105,0.0,-0.7663269632284,0.7604338617073202,0.0,-2.2662256049192386,5.605202940000189,0.0,33.38413075043466,13.497454546151399,43.65239204563486,28.350000654927868,72.00239270056272
6.397999999999517,7.23,6.482382280820177,-1.5192326836693388,-0.7910256302344155,-5.1455073376989775,-28.10853001102892,37.69764158617372,0.0,-0.7708416486614531,0.7716334294147635,0.0,-2.248480320076319,5.594331997712386,0.0,33.21093786431739,13.348178161348052,43.45160171889833,28.55024183517702,72.00184355407535
6.399999999999517,7.23,6.480744177632495,-1.5294486003478314,-0.8469953740215023,-5.070556401525484,-27.861977735699124,37.25646084147922,0.0,-0.7753209612040015,0.782811026121433,0.0,-2.2308522987147508,5.583232416564602,0.0,33.03906845956177,13.201184604412138,43.25136537405007,28.74994278623115,72.00130816028121
6.401999999999517,7.23,6.478994625106803,-1.5395154850022552,-0.9024764043316922,-4.99646913616663,-27.619733632551252,36.833812179863195,0.0,-0.7797651328930539,0.7939661983050676,0.0,-2.2133391087688397,5.571907920575584,0.0,32.86838296979816,13.056367496742649,43.05168538290122,28.949100621016182,72.0007860039174
6.403999999999517,7.23,6.477134592381645,-1.5494350285378946,-0.9574768477295644,-4.9232094148950765,-27.381312173033855,36.42876677639288,0.0,-0.7841743912521413,0.805098499656465,0.0,-2.1959386661679163,5.560362002181791,0.0,32.698746058254834,12.913626986220088,42.852563809757385,29.147712778272513,72.00027658802989
6.4059999999995165,7.23,6.4751650332966815,-1.5592088514301918,-1.0120038848144588,-4.850742917882065,-27.146252672219962,36.04044594671071,0.0,-0.7885489599718785,0.81620749063994,0.0,-2.1786492195627956,5.548597945640703,0.0,32.530026506701844,12.772869390701441,42.65400242190499,29.34577701110576,71.99977943301076
6.407999999999516,7.23,6.473086888235913,-1.568838507240674,-1.066063798452482,-4.779037035506906,-26.91411785633872,35.66801760631409,0.0,-0.7928890595608223,0.8272927380990515,0.0,-2.161469335867215,5.536618848906963,0.0,32.362097114970226,12.63400686723711,42.4560026993869,29.543291376317725,71.99929407570463
6.409999999999516,7.23,6.470901085877209,-1.5783254859463829,-1.119662019277287,-4.7080607784547075,-26.68449256194446,35.31069301856035,0.0,-0.7971949079681464,0.8383538149046658,0.0,-2.144397886522591,5.524427644112892,0.0,32.19483461049644,12.496957104554328,42.25856584413384,29.74025422444535,71.99882006857919
6.411999999999516,7.23,6.468608544853361,-1.587671217095824,-1.1728031687107248,-4.6377846940511125,-26.45698255474054,34.96772380564066,0.0,-0.8014667211794921,0.8493902996426821,0.0,-2.127434034402743,5.512027116769805,0.0,32.02811956733878,12.361643036583514,42.06169278851323,29.9366641904413,71.99835697895452
6.413999999999516,7.23,6.466210175329381,-1.5968770728034016,-1.2254910997316473,-4.568180788331683,-26.23121345720752,34.63839919933268,0.0,-0.8057047137872136,0.8604017763389762,0.0,-2.110577221282754,5.499419923793424,0.0,31.86183633411287,12.227992575011779,41.86538420335191,30.132520184935604,71.99790438828751
6.415999999999515,7.23,6.4637068805003315,-1.6059443705933403,-1.2777289356004746,-4.4992224533876355,-26.00682977519079,34.3220435106288,0.0,-0.8099090995360656,0.8713878342192949,0.0,-2.093827155803191,5.486608610444552,0.0,31.6958729702946,12.095938359035584,41.66964050548448,30.327821386022066,71.99746189150655
6.417999999999515,7.23,6.461099558013609,-1.6148743761032225,-1.3295191067283563,-4.430884399569354,-25.783494014500732,34.018013799376654,0.0,-0.81408009184526,0.8823480675020205,0.0,-2.0771838018671214,5.473595626265734,0.0,31.530121190342662,11.965417520652528,41.474461864875295,30.52256723151778,71.99702909639308
6.419999999999515,7.23,6.45838910131918,-1.623668305656471,-1.38086338586268,-4.36314259216499,-25.560885879376645,33.725697726889976,0.0,-0.8182179043077012,0.8932820752218638,0.0,-2.0606473674133126,5.4603833400850466,0.0,31.364476315097605,11.836371463985243,41.27984821135877,30.71675741164791,71.99660562300667
6.421999999999515,7.23,6.455576400951016,-1.6323273287123659,-1.4317629217451102,-4.295974192203858,-25.338701545379497,33.444511576115005,0.0,-0.822322751167105,0.9041894610826866,0.0,-2.0442182935141933,5.446974054149816,0.0,31.198837229920212,11.708745657267347,41.0857992410389,30.91039186211136,71.99619110315027
6.4239999999995145,7.23,6.452662345742607,-1.6408525702015275,-1.4822182713841174,-4.229357501063723,-25.116652999916237,33.173898425394114,0.0,-0.8263948477735947,0.9150698333377706,0.0,-2.0278972437522307,5.433370017445408,0.0,31.033106349037958,11.582489436247242,40.892314422386136,31.103470757486427,71.99578517987257
6.425999999999514,7.23,6.449647823979215,-1.6492451127541667,-1.5322294310709448,-4.163271908587618,-24.89446744416818,32.91332646317136,0.0,-0.8304344110182955,0.9259228046959522,0.0,-2.0116850938328703,5.419573438247475,0.0,30.867189585575165,11.457555817878985,40.69939300206702,31.295994504938246,71.99538750700526
6.427999999999514,7.23,6.446533724489252,-1.657505998827854,-1.5817958662560256,-4.0976978444400025,-24.671886750708524,32.6622874321547,0.0,-0.8344416597473585,0.9367479922521269,0.0,-1.99558292139654,5.40558649595012,0.0,30.700996326750165,11.33390132327389,40.50703401053985,31.48796373819249,71.99499774873235
6.429999999999514,7.23,6.443320937676952,-1.6656362327410295,-1.6309165403919024,-4.032616732453925,-24.448666971551773,32.42029519249578,0.0,-0.8384168151557794,0.9475450174407278,0.0,-1.9795919959960668,5.391411352206887,0.0,30.53443941372985,11.211485808980976,40.31523626744638,31.679379311742665,71.99461557918904
6.431999999999514,7.23,6.440010356498315,-1.6736367826180085,-1.6795899428386012,-3.9680109477408205,-24.22457789179139,32.186884394491486,0.0,-0.8423601011613158,0.9583135060108169,0.0,-1.9637137692097657,5.3770501614168005,0.0,30.367435125639968,11.090272305752638,40.123998386829,31.870242295259867,71.99424068208887
6.433999999999513,7.23,6.436602877382103,-1.6815085822507914,-1.7278141159181095,-3.9038637763526602,-23.99940262435397,31.96160925215612,0.0,-0.8462717447587393,0.9690530880215256,0.0,-1.9479498648638058,5.362505080583306,0.0,30.199903167237974,10.970226864031659,39.93331878219928,32.06055396817687,71.99387275037614
6.435999999999513,7.23,6.4330994010975076,-1.6892525328825871,-1.7755866811960008,-3.8401593773027405,-23.772937241733207,31.74404240977398,0.0,-0.8501519763546239,0.9797633978566036,0.0,-1.9323020693408552,5.347778278570195,0.0,30.031766659763353,10.851318405470186,39.74319567148281,32.25031581441946,71.99351148590227
6.437999999999513,7.23,6.4295008335699775,-1.6968695049175877,-1.8229048650602853,-3.7768827467664483,-23.544990440872382,31.53377389422755,0.0,-0.8540010300828189,0.9904440742568932,0.0,-1.9167723219551243,5.332871944775242,0.0,29.862952134489717,10.733518579860261,39.55362708186408,32.439529517260404,71.99315659912449
6.439999999999513,7.23,6.425808086646528,-1.7043603395611857,-1.8697655236601862,-3.714019684297146,-23.315383237638915,31.330410146513245,0.0,-0.8578191441007355,1.0010947603695923,0.0,-1.9013627053768032,5.31778829723928,0.0,29.693389528512032,10.616801626918638,39.36461085455243,32.628196954272866,71.99280780882529
6.441999999999513,7.23,6.422022078811777,-1.7117258503945099,-1.9161651672606796,-3.651556760904912,-23.08394868758645,31.133573126412678,0.0,-0.8616065608664992,1.0117151038131742,0.0,-1.8860754360918683,5.302529590205785,0.0,29.52301218231193,10.501144242429119,39.17614464948905,32.816320192361474,71.99246484185053
6.443999999999512,7.23,6.418143735855801,-1.7189668248868641,-1.962099984062263,-3.589481288857439,-22.850531629929375,30.942899484790146,0.0,-0.8653635273970642,1.0223047567568913,0.0,-1.8709128548857283,5.287098121143904,0.0,29.35175683865503,10.386525448299906,38.988225950014474,33.003901482851056,71.99212743286553
6.445999999999512,7.23,6.414173991494863,-1.7260840258493804,-2.0075658635294777,-3.527781293072983,-22.61498845186547,30.758039798440223,0.0,-0.8690902955073068,1.0328633760138053,0.0,-1.8558774173417691,5.271496237245745,0.0,29.17956364238455,10.272926466145538,38.80085206751321,33.19094325661454,71.99179532412775
6.447999999999512,7.23,6.410113787945934,-1.7330781928329486,-2.052558419266183,-3.4664454839849914,-22.377186870575738,30.57865786281876,0.0,-0.8727871220301229,1.043390623146286,0.0,-1.8409716843483759,5.255726341407201,0.0,29.006376140687713,10.160330594051967,38.61402014605211,33.37744811922219,71.9914682652743
6.449999999999512,7.23,6.405964076455892,-1.7399500434732542,-2.0970730114704117,-3.4054632317670044,-22.137005730410078,30.404430038362236,0.0,-0.876454269017544,1.0538861645829645,0.0,-1.8261983126101935,5.239790897700063,0.0,28.832141283423017,10.048723086227971,38.427727167027314,33.563418846096496,71.99114601312381
6.4519999999995115,7.23,6.401725817786208,-1.746700274785539,-2.1411047689968337,-3.3448245418146527,-21.894334812933778,30.235044646435536,0.0,-0.8800920039228828,1.0643496717461278,0.0,-1.8115600451616152,5.223692436342133,0.0,28.65680942311076,9.93809103528893,38.24196995383348,33.748858377657655,71.99082833149114
6.453999999999511,7.23,6.39739998265388,-1.7533295644115023,-2.1846486110503465,-3.2845200313892113,-21.64907465766495,30.07020141125235,0.0,-0.8837005997639023,1.0747808211885612,0.0,-1.7970597018825731,5.207433558171027,0.0,28.48033431420207,9.82842325695883,38.05674517656796,33.93376981444613,71.9905149910141
6.455999999999511,7.23,6.3929875521293305,-1.759838571820578,-2.2276992685301344,-3.2245409073341778,-21.40113639147878,29.909610944388824,0.0,-0.8872803352670268,1.0851792947388421,0.0,-1.7827001700187117,5.191016938626702,0.0,28.302673111257292,9.719710177014074,37.87204935678164,34.11815641220957,71.99020576899122
6.457999999999511,7.23,6.388489517991953,-1.7662279394676468,-2.2702513050396167,-3.164878944782862,-21.150441564791993,29.75299426876155,0.0,-0.8908314949925913,1.095544779654105,0.0,-1.7684843947098976,5.17444533124723,0.0,28.123786365680267,9.61194372032765,37.68787887228702,34.302021576942614,71.98990044922964
6.459999999999511,7.23,6.383906883043966,-1.772498293909093,-2.312299137574067,-3.105526466780995,-20.896921992770014,29.600082379167695,0.0,-0.8943543694411746,1.1058769687793355,0.0,-1.7544153695326095,5.157721570681981,0.0,27.943638020671433,9.505117201904218,37.50422996203263,34.48536885986979,71.98959882190242
6.46199999999951,7.23,6.379240661383198,-1.7786502468789605,-2.3538370568943012,-3.0464763247539555,-20.640519599924403,29.450615836694297,0.0,-0.8978492551410204,1.1161755607121862,0.0,-1.7404961270638024,5.140848575226283,0.0,27.762195404080757,9.399225219829427,37.3210987310527,34.6682019523613,71.989300683414
6.46399999999951,7.23,6.374491878635449,-1.7846843963268342,-2.3948592475916706,-2.987721879753418,-20.381186266585143,29.304344394490137,0.0,-0.9013164547166337,1.1264402599724073,0.0,-1.7267297294748931,5.123829348881642,0.0,27.579429218860092,9.294263550082627,37.13848115549958,34.85052468077437,71.98900583627395
6.46599999999951,7.23,6.3696615721470105,-1.7906013274189438,-2.4353598078467016,-2.9292569844230525,-20.11888367584684,29.16102665256757,0.0,-0.9047562769385843,1.1366707771749152,0.0,-1.7131192591664093,5.106666982945678,0.0,27.395313530833434,9.190229043191186,36.956373087764966,35.03234100121229,71.98871408897725
6.46799999999951,7.23,6.364750791137991,-1.79640161350387,-2.475332768881011,-2.8710759656274165,-19.85358315969721,29.020429739458,0.0,-0.9081690367546472,1.1468668292055788,0.0,-1.6996678094548519,5.0893646571364055,0.0,27.209825753525294,9.087119522727297,36.77477026169615,35.213654994195196,71.98842525589134
6.4699999999995095,7.23,6.359760596817034,-1.8020858170441287,-2.5147721140996664,-2.813173607692392,-19.58526554314276,28.882329018689116,0.0,-0.9115550553023678,1.1570281393987916,0.0,-1.6863784753247448,5.071925640255744,0.0,27.022946629807226,8.984933685671784,36.59366829791137,35.39447085923737,71.98813915714874
6.471999999999509,7.23,6.354692062458074,-1.8076544905148084,-2.5536717979188768,-2.7555451362094385,-19.313920985248764,28.74650781818307,0.0,-0.9149146599032161,1.1671544377159184,0.0,-1.6732543442597807,5.054353290397823,0.0,26.83466021014596,8.883671004689045,36.41306270921827,35.574792909326604,71.98785561854487
6.473999999999509,7.23,6.3495462734397545,-1.8131081772703415,-2.592025764271856,-2.6981862023596253,-19.039548816112667,28.612757180796912,0.0,-0.9182481840384912,1.177245460923706,0.0,-1.6602984871681215,5.036651054708239,0.0,26.64495382725877,8.783331632376669,36.23294890613816,35.75462556530253,71.9875744714407
6.475999999999509,7.23,6.3443243272481595,-1.8184474123804106,-2.629827964783817,-2.6410928677168366,-18.76215736888664,28.480875634337313,0.0,-0.9215559673071805,1.1873009527717622,0.0,-1.6475139494176778,5.0188224687011305,0.0,26.45381806700538,8.683916307569259,36.05332220253785,35.933973350131225,71.98729555266908
6.477999999999509,7.23,6.339027333443542,-1.8236727234359082,-2.6670723766053936,-2.5842615894927907,-18.481763806061842,28.350668979484013,0.0,-0.9248383553660205,1.1973206641682481,0.0,-1.6349037419978565,5.000871155141876,0.0,26.261246735370264,8.585426263790186,35.8741778213699,36.112840883075116,71.987018704445
6.479999999999508,7.23,6.33365641359173,-1.8287846313257996,-2.703753019892307,-2.527689206189533,-18.19839393932072,28.221950094152064,0.0,-0.9280956998520188,1.2073043533528973,0.0,-1.6224708328250639,4.982800822504007,0.0,26.06723682141367,8.487863139958609,35.6955109005219,36.291232873757224,71.98674377427912
6.481999999999508,7.23,6.328212701160944,-1.833783650985672,-2.739863974917794,-2.4713729236279285,-17.91208204235603,28.094538752910665,0.0,-0.9313283582877411,1.2172517860665324,0.0,-1.6102181382096072,4.964615263009908,0.0,25.87178845609455,8.391228893468886,35.51731649877318,36.469154116120265,71.98647061489345
6.483999999999508,7.23,6.322697341384766,-1.838670292118692,-2.7753993988032026,-2.415310301323349,-17.622870656145025,27.968261460157436,0.0,-0.9345366939697198,1.2271627357162636,0.0,-1.5981485145019563,4.9463183502659644,0.0,25.67490486689482,8.295525715768111,35.33958960185791,36.64660948228214,71.98619908414005
6.485999999999508,7.23,6.3171114910920405,-1.8434450598896401,-2.8103535418512324,-2.3594992391822838,-17.33081038625666,27.842951295824243,0.0,-0.9377210758403373,1.2370369835355475,0.0,-1.5862647499367541,4.927914036503703,0.0,25.476592328198905,8.200755950565108,35.16232512863183,36.823603916289336,71.98592904492116
6.4879999999995075,7.23,6.311456318504526,-1.8481084555926388,-2.844720763465533,-2.303937964495978,-17.03595969185509,27.718447772460337,0.0,-0.9408818783436197,1.2468743187383624,0.0,-1.574569556692765,4.909406349439678,0.0,25.27686010740901,8.10692201480746,34.98551793733911,37.00014242777203,71.98566036511114
6.489999999999507,7.23,6.305733003003125,-1.8526609772931468,-2.8784955476397873,-2.2486250192094333,-16.738384666149297,27.59459670260711,0.0,-0.9440194812653764,1.2566745386667164,0.0,-1.563065563187246,4.890799388767875,0.0,25.075720406801896,8.014026322567691,34.80916283197578,37.176230085503875,71.98539291747966
6.491999999999507,7.23,6.299942734863594,-1.8571031204447503,-2.9116725179989893,-2.1935592474462293,-16.438158808119436,27.471250075439595,0.0,-0.947134269558182,1.266437448930799,0.0,-1.5517553066227578,4.872097322299455,0.0,24.8731883011579,7.9220712119790795,34.633254568743894,37.351872010871844,71.98512657961574
6.493999999999507,7.23,6.294086714962617,-1.8614353784812447,-2.944246452375374,-2.1387397832716055,-16.135362785432825,27.34826594171015,0.0,-0.9502266331517176,1.2761628635410642,0.0,-1.5406412258044102,4.853304381765801,0.0,24.669281671218496,7.831058875361995,34.457787862591736,37.52707337126097,71.98486123385271
6.495999999999507,7.23,6.288166154455226,-1.8656582433844682,-2.97621229690135,-2.084166038678114,-15.830084188539852,27.225508306085697,0.0,-0.9532969667490315,1.2858506050316019,0.0,-1.5297256542449242,4.834424858301832,0.0,24.464021133052793,7.740991292678059,34.28275739383285,37.70183937336048,71.98459676719332
6.497999999999506,7.23,6.282182274424514,-1.8697722062283162,-3.00756517960185,-2.029837691779922,-15.522417276016395,27.10284702602238,0.0,-0.9563456696093112,1.2955005045741652,0.0,-1.519010813574519,4.815463097627585,0.0,24.257429963437133,7.651870168445681,34.10815781483737,37.876175256398035,71.9843330712354
6.499999999999506,7.23,6.276136305504694,-1.8737777576993444,-3.038300423468726,-1.975754675203506,-15.21246271129267,26.98015771637292,0.0,-0.9593731453178008,1.3051124020822895,0.0,-1.5084988072717884,4.796423494947105,0.0,24.049534021375486,7.563696872243617,33.93398375678727,38.050086285309945,71.98407004209722
6.501999999999506,7.23,6.270029487478533,-1.877675388594339,-3.0684135590001516,-1.921917164664029,-14.900327290978709,26.857321658970044,0.0,-0.9623798015435022,1.3146861463049226,0.0,-1.4981916147312881,4.7773104895844805,0.0,23.840361665909665,7.476472382923079,33.760229836487724,38.223577743855046,71.98380758034277
6.503999999999506,7.23,6.2638630688502595,-1.8814655902952178,-3.0979003361885007,-1.8683255677181738,-14.586123665064228,26.734225716475542,0.0,-0.9653660497853717,1.3242215949090985,0.0,-1.4880910856822755,4.758128559377933,0.0,23.629943670390222,7.390197236637759,33.58689066322511,38.396654927681766,71.98354559090689
6.5059999999995055,7.23,6.257638306395056,-1.8851488552216082,-3.126756735940775,-1.8149805126855711,-14.269970049334992,26.6107622498295,0.0,-0.9683323051077134,1.33371861455117,0.0,-1.4781989349724216,4.738882214853522,0.0,23.41831313339826,7.304871478792386,33.41396084566216,38.56932313735744,71.9832839830196
6.507999999999505,7.23,6.251356464686297,-1.8887256772614298,-3.1549789809164106,-1.7618828377322506,-13.951989930408267,26.486829038676696,0.0,-0.9712789858655114,1.343177080936181,0.0,-1.4685167377290884,4.719575993200808,0.0,23.205505386527026,7.2204946199978535,33.2414349987602,38.74158767136988,71.98302267013008
6.509999999999505,7.23,6.245018815601701,-1.8921965521798005,-3.1825635457681543,-1.7090335801107521,-13.63231176384767,26.362329204188995,0.0,-0.974206513420479,1.3525968788650236,0.0,-1.4590459249095666,4.700214452073533,0.0,22.991557899249507,7.137065596107728,33.069307750717805,38.913453819111865,71.98276156982968
6.511999999999505,7.23,6.238626637809609,-1.8955619780065784,-3.209507166772669,-1.656433965552649,-13.311068665870716,26.237171133742457,0.0,-0.9771153118486012,1.361977902269032,0.0,-1.4497877792505824,4.680802163238851,0.0,22.776510181113693,7.054582732397808,32.8975737499149,39.0849268538595,71.9825006037744
6.513999999999505,7.23,6.2321812162366275,-1.898822455402836,-3.235806850838611,-1.6040853978102863,-12.988398099212016,26.111268406946675,0.0,-0.9800058076399866,1.3713200542317476,0.0,-1.4407434316259313,4.661343706099168,0.0,22.560403681521308,6.973043711934723,32.72622767185086,39.25601202575555,71.98223969760642
6.515999999999504,7.23,6.22568384151788,-1.9019784880065658,-3.261459883881092,-1.5519894483454983,-12.664441553750535,25.984539722561607,0.0,-0.9828784293918447,1.3806232469976176,0.0,-1.431913857819822,4.64184366111099,0.0,22.343281687357873,6.892445548164403,32.55526422606469,39.4267145548097,71.98197878087439
6.517999999999504,7.23,6.219135809431158,-1.905030582757911,-3.2864638385526987,-1.500147846163966,-12.339344222550011,25.856908825873546,0.0,-0.9857336074954387,1.389887401967456,0.0,-1.4232998757219886,4.622306603125491,0.0,22.125189218753178,6.812784561734521,32.38467816302566,39.59703962392783,71.98171778695348
6.519999999999504,7.23,6.212538420316256,-1.907979250204207,-3.310816581322568,-1.4485624677946924,-12.013254673998755,25.728304436137655,0.0,-0.9885717738178433,1.3991124496805194,0.0,-1.4149021429493014,4.602737094675575,0.0,21.90617292325914,6.734056361548935,32.2144642809813,39.766992371982184,71.98145665296349
6.521999999999504,7.23,6.205892978480807,-1.910825004785129,-3.334516278896443,-1.397235327414831,-11.68632452076692,25.59866017372883,0.0,-0.9913933613793875,1.408298329783132,0.0,-1.4067211548969263,4.583139679234384,0.0,21.68628096873988,6.656255830034212,32.04461743275146,39.936577886935396,71.98119531968686
6.5239999999995035,7.23,6.199200791593945,-1.9135683650982347,-3.357561403972077,-1.3461685671207746,-11.35870808632705,25.46791448667635,0.0,-0.9941988040276188,1.4174449909838165,0.0,-1.3987572432207092,4.563518874470002,0.0,21.46556293527323,6.579377112581893,31.875132532454447,40.10580119903058,71.98093373148502
6.525999999999503,7.23,6.192463170069123,-1.9162098541451977,-3.37995074032588,-1.2953644473470398,-11.030562069806715,25.336010576290295,0.0,-0.9969885361086768,1.4265523909949522,0.0,-1.3910105747508075,4.5438791655210515,0.0,21.244069706366613,6.5034136111123075,31.706004562154043,40.274667274060434,71.98067183621447
6.527999999999503,7.23,6.185681426437426,-1.9187499995590267,-3.4016833872282555,-1.2448253374350273,-10.702045209959955,25.202896321619352,0.0,-0.999762992136909,1.4356204964610237,0.0,-1.3834811508351075,4.524224998317455,0.0,21.021853359791084,6.42835798168894,31.53722857841322,40.44318100672784,71.98040958514106
6.529999999999503,7.23,6.178856874712728,-1.9211893338125743,-3.422758763186667,-1.194553706354228,-10.373317949058547,25.06852420251059,0.0,-1.0025226064636168,1.444649282873582,0.0,-1.3761688071093459,4.5045607729703745,0.0,20.798967058337368,6.354202136095137,31.368799718743325,40.61134721411101,71.98014693285432
6.531999999999503,7.23,6.171990829750036,-1.9235283944086448,-3.4431766090170814,-1.1445521135788774,-10.044542097512304,24.932851221071648,0.0,-1.0052678129457508,1.4536387344730677,0.0,-1.3690732136894368,4.484890837254705,0.0,20.575464940795058,6.280937247269023,31.200713207934864,40.77917062924538,71.97988383718024
6.533999999999502,7.23,6.165084606598361,-1.9257677240520115,-3.462936990246056,-1.09482320012343,-9.715880500032233,24.795838821364022,0.0,-1.00799904461542,1.4625888441377184,0.0,-1.3621938757798564,4.4652194802069465,0.0,20.351402013452194,6.2085537584758494,31.03296436425857,40.94665589483513,71.9796202590937
6.535999999999502,7.23,6.158139519849446,-1.9279078708036683,-3.482040298847376,-1.0453696797405359,-9.38749670415039,24.657452807185194,0.0,-1.0107167333510156,1.4714996132597957,0.0,-1.355530134690626,4.445550925860534,0.0,20.126834042406713,6.137041396082606,30.865548605523912,41.11380755710614,71.97935616263005
6.537999999999502,7.23,6.151156882983688,-1.929949388217642,-3.500487254318764,-0.9961943302854654,-9.059554631904776,24.517663257822857,0.0,-1.0134213095507827,1.4803710516094524,0.0,-1.3490811692538103,4.42588932713989,0.0,19.901817446973954,6.066389185784283,30.698461454983114,41.28063005981305,71.97909151479617
6.539999999999502,7.23,6.144138007714558,-1.931892835460704,-3.518278904105787,-0.9472999852511303,-8.732218255489524,24.37644444169184,0.0,-1.0161132018096075,1.489203177186552,0.0,-1.3428459976292968,4.406238759933534,0.0,19.676409194465325,5.99658547211877,30.531698547069514,41.44712773841146,71.97882628548098
6.5419999999995015,7.23,6.137084203332817,-1.9337387774153258,-3.5354166233816935,-0.8986895254780052,-8.40565127765644,24.233774727788102,0.0,-1.018792836599796,1.4979960160608345,0.0,-1.3368234794881262,4.386603217365576,0.0,19.45066669660306,5.92761794109397,30.36525563295825,41.613304814407215,71.97856044736547
6.543999999999501,7.23,6.129996776051812,-1.9354877847662335,-3.5519021141934415,-0.8503658710433609,-8.080016817637377,24.089636494918658,0.0,-1.02146063795659,1.5067496022008362,0.0,-1.3310123185604832,4.366986604283886,0.0,19.224647707824456,5.85947364573974,30.199128585939203,41.77916538989334,71.97829397583254
6.545999999999501,7.23,6.122877028355102,-1.937140434070923,-3.567737403985722,-0.8023319733342809,-7.755477103335168,23.944016038688595,0.0,-1.0241170271691313,1.5154639772920266,0.0,-1.3254110655342148,4.347392731981985,0.0,18.99841022571572,5.792139034386723,30.033313406591017,41.944713442285675,71.9780268488767
6.547999999999501,7.23,6.115726258347646,-1.9386973078145093,-3.582924843516236,-0.754590807308945,-7.432193170506383,23.79690347624851,0.0,-1.0267624224775593,1.5241391905446244,0.0,-1.3200181212887934,4.327825313170559,0.0,18.77201239380205,5.725599981465789,29.86780622774682,42.10995281926655,71.97775904701336
6.549999999999501,7.23,6.108545759111757,-1.94015899444929,-3.597467104176914,-0.7071453639506413,-7.110324569630974,23.648292648825866,0.0,-1.029397238776897,1.5327752984916234,0.0,-1.3148317404484597,4.3082879572131265,0.0,18.545512406905317,5.659841820613376,29.70260331924191,42.274887233946615,71.97749055318852
6.5519999999995004,7.23,6.101336818068997,-1.9415260884194143,-3.6113671747371154,-0.6599986429188975,-6.790029081132014,23.498181022082964,0.0,-1.0320218873283538,1.5413723647775686,0.0,-1.309850035237468,4.288784165639185,0.0,18.318968419265417,5.5948493798621195,29.537701092434858,42.43952026025349,71.97722135268835
6.5539999999995,7.23,6.09410071634915,-1.9427991901710526,-3.6246283575261478,-0.6131536454020206,-6.471462439575021,23.34656958436307,0.0,-1.0346367754786194,1.5499304599386434,0.0,-1.3050709796195312,4.269317327946599,0.0,18.092438455604242,5.530607018691221,29.37309610449345,42.60385532855565,71.9769514330491
6.5559999999995,7.23,6.086838728167367,-1.943978906148479,-3.6372542640736607,-0.5666133671751925,-6.154778067438831,23.19346274290276,0.0,-1.037242306387709,1.558449661174654,0.0,-1.3004924137028517,4.249890717703771,0.0,17.865980325295155,5.467098666707474,29.208785062438437,42.767895721528966,71.9766807839674
6.5579999999995,7.23,6.0795521202105665,-1.9450658487764763,-3.64924881022762,-0.5203807918680995,-5.84012681901058,23.038868218104128,0.0,-1.0398388787658692,1.5669300521135403,0.0,-1.2961120483913977,4.230507488960554,0.0,17.639651539782573,5.404307863725245,29.0447648269377,42.931644570273434,71.97640939721114
6.5599999999995,7.23,6.0722421510341,-1.9460606364294912,-3.6606162107706255,-0.4744588844458666,-5.5276567349165795,22.882796935976174,0.0,-1.0424268866200113,1.5753717225690076,0.0,-1.291927470262781,4.211170672975502,0.0,17.413509233379376,5.342217801013896,28.881032415844842,43.09510485068585,71.97613726653069
6.561999999999499,7.23,6.064910070469666,-1.946963893387966,-3.6713609735563204,-0.4288505849068412,-5.217512807756449,22.72526291886677,0.0,-1.0450067190101153,1.5837747682919476,0.0,-1.2879361466524455,4.19188317526555,0.0,17.187610087551423,5.2808113634806535,28.717585007476817,43.25827938009445,71.97586438757126
6.563999999999499,7.23,6.0575571190454145,-1.9477762497822855,-3.681487893188532,-0.38355880220051114,-4.909836759263898,22.566283174619755,0.0,-1.047578759815988,1.5921392907162764,0.0,-1.2841354309237643,4.172647772982783,0.0,16.96201025878114,5.22007117255979,28.554419943625703,43.42117081415998,71.97559075778568
6.565999999999499,7.23,6.050184527419132,-1.9484983415247836,-3.69100204426658,-0.33858640836856346,-4.604766829371211,22.40587758430227,0.0,-1.0501433875147301,1.6004653966998619,0.0,-1.280522567903295,4.15346711262148,0.0,16.736765310084078,5.15997962958153,28.39153473230067,43.58378164404778,71.97531637634845
6.567999999999499,7.23,6.042793515825349,-1.9491308102302567,-3.6999087742208947,-0.29393623291179066,-4.302437577507489,22.24406878865733,0.0,-1.0527009749692253,1.6087531982611925,0.0,-1.2770946994604595,4.13434370805726,0.0,16.51193014623523,5.100518959399087,28.2289270501971,43.746114193873694,71.9750412440708
6.5699999999994985,7.23,6.035385293537164,-1.9496743031254387,-3.7082136957637113,-0.24961105738523098,-4.00297969641291,22.080882073444947,0.0,-1.055251889227909,1.6170028123124631,0.0,-1.2738488702108015,4.115279938918619,0.0,16.28755895274429,5.041671254057411,28.066594744889905,43.90817061842682,71.97476536331672
6.571999999999498,7.23,6.027961058343532,-1.9501294729478962,-3.715922678980106,-0.20561361022359623,-3.706519838703829,21.916345253843033,0.0,-1.0577964913360547,1.625214360389727,0.0,-1.2707820333222015,4.096278049289964,0.0,16.063705138603012,4.983418516294479,27.904535836750007,44.06995290117059,71.9744887379206
6.573999999999498,7.23,6.020521996042707,-1.9504969778348067,-3.7230418430850736,-0.16194656179869124,-3.413180456374864,21.75048855808489,0.0,-1.0603351361587596,1.6333879683807941,0.0,-1.2678910564034678,4.077340146743774,0.0,15.840421282811173,4.925742702673154,27.74274852058263,44.23146285252339,71.97421137310602
6.575999999999498,7.23,6.013069279952487,-1.9507774812020844,-3.7295775478726707,-0.11861251971017066,-3.1230796533764815,21.58334451051548,0.0,-1.062868172215766,1.6415237662515088,0.0,-1.265172727455167,4.058468201698269,0.0,15.61775908467226,4.868625766150952,27.581231166987134,44.392702108418845,71.97393327540598
6.577999999999498,7.23,6.005604070437838,-1.9509716516143223,-3.735536384883467,-0.0756140243106092,-2.836331051359599,21.414947814252848,0.0,-1.0653959415282384,1.6496218877710729,0.0,-1.2626237608627828,4.039664047095859,0.0,15.395769317835772,4.81204969790409,27.4199823234396,44.553672129145376,71.97365445258498
6.579999999999497,7.23,5.998127514456453,-1.9510801626460184,-3.740925168316698,-0.03295354446548763,-2.5530436686311173,21.24533523364312,0.0,-1.0679187794775449,1.6576824702370412,0.0,-1.2602408034128247,4.020929378396279,0.0,15.174501788048168,4.7559965682328045,27.25900071509863,44.7143741984637,71.97337491356234
6.581999999999497,7.23,5.9906407451227155,-1.9511036927345575,-3.7457509257135415,0.0093665264516846,-2.2733218123195043,21.07454547670039,0.0,-1.0704370146760849,1.6657056542006075,0.0,-1.2580204403130344,4.002265753877413,0.0,14.954005294562231,4.700448566385939,27.098285245337255,44.874809423000315,71.97309466833757
6.583999999999497,7.23,5.983144881290501,-1.9510429250254184,-3.7500208884379034,0.051343874329270144,-1.9972649837042988,20.90261907772266,0.0,-1.0729509688501386,1.673691583192792,0.0,-1.2559592011983949,3.9836745952356303,0.0,14.734327595141798,4.645388039154128,26.937834996003225,45.03497873191411,71.97281372791733
6.585999999999497,7.23,5.975641027155201,-1.9508985472100755,-3.7537424819809573,0.09297626785297225,-1.7249677966202461,20.7295982802751,0.0,-1.0754609567347078,1.6816404034521328,0.0,-1.2540535661052905,3.965157188476602,0.0,14.515515374587984,4.5907975280929145,26.77764922741133,45.19488287683306,71.9725321042444
6.5879999999994965,7.23,5.9681302718752915,-1.9506712513570634,-3.756923316115462,0.13426156180779586,-1.456519908805398,20.555526920731054,0.0,-1.0779672859802516,1.6895522636544271,0.0,-1.2522999713969956,3.9467146850865937,0.0,14.297614216702286,4.536659805249819,26.61772737807191,45.35452243205653,71.97224981012843
6.589999999999496,7.23,5.96061368921372,-1.9503617337366703,-3.7595711749255796,0.17519770014780522,-1.1920059660220996,20.380450312558683,0.0,-1.0804702570712135,1.697427314645096,0.0,-1.2506948156242983,3.9283481034734833,0.0,14.080668579592961,4.482957907281533,26.458069064160075,45.51389779501867,71.97196685917875
6.591999999999496,7.23,5.953092337199339,-1.9499706946397215,-3.761694006737543,0.21578271883535527,-0.9315055587420243,20.20441513153852,0.0,-1.0829701632561926,1.7052657091746872,0.0,-1.2492344653059886,3.910058330666006,0.0,13.864721774222646,4.42967516786051,26.29867407873156,45.67300918700755,71.9716832657391
6.593999999999496,7.23,5.945567257808556,-1.9494988381909153,-3.763299913976052,0.2560147484518408,-0.6750931911501147,20.027469302093504,0.0,-1.0854672904895841,1.7130676016380257,0.0,-1.2479152606147474,3.8918461242590707,0.0,13.649815946087834,4.376795248282955,26.139542390690607,45.83185665413403,71.97139904482464
6.595999999999496,7.23,5.938039476667321,-1.948946872157162,-3.7643971429707714,0.2958920165823662,-0.42283826218847936,19.849661884908578,0.0,-1.08796191738448,1.7208331478174903,0.0,-1.2467335209548733,3.8737121145924247,0.0,13.435992059914467,4.324302166203015,25.980674143516595,45.990440068544004,71.9711142120606
6.597999999999495,7.23,5.930510002773533,-1.9483155077513783,-3.7649940737366996,0.33541284997708803,-0.1748050583295567,19.671042966011914,0.0,-1.090454315176615,1.7285625046308697,0.0,-1.2456855504192115,3.8556568071495,0.0,13.22328988724879,4.272180322430759,25.822069653756756,46.14875912986688,71.97082878362363
6.599999999999495,7.23,5.922979828239901,-1.9476054594321803,-3.765099209751533,0.3745756764923208,0.06894724226170744,19.491663547483814,0.0,-1.0929447476990877,1.736255829884227,0.0,-1.244767643113567,3.8376805851627873,0.0,13.011747996817881,4.220414525743977,25.663729409291893,46.30681336689298,71.97054277618487
6.601999999999495,7.23,5.915449928057218,-1.94681744469991,-3.764721167752441,0.4133790268148223,0.30836455454348594,19.31157543995344,0.0,-1.0954334713675937,1.7439132820301646,0.0,-1.2439760883378752,3.819783712411862,0.0,12.801403747531186,4.16899001567621,25.5056540673836,46.464602139471666,71.97025620685527
6.603999999999495,7.23,5.907921259878017,-1.945952183889429,-3.7638686675739086,0.45182153597298824,0.5433978607824721,19.130831157036024,0.0,-1.097920735175867,1.7515350199318713,0.0,-1.2433071756142986,3.8019663361998357,0.0,12.592293283991514,4.117892483255141,25.347844452510913,46.62212464062222,71.96996909313313
6.6059999999994945,7.23,5.900394763820486,-1.9450103999600976,-3.7625505220474946,0.48990194463898457,0.7740031745226288,18.949483811856616,0.0,-1.1004067807010185,1.7591212026332865,0.0,-1.24275719955345,3.7842284904939305,0.0,12.384451534382618,4.067108089677191,25.190301554005384,46.77937989884841,71.96968145285379
6.607999999999494,7.23,5.892871362292514,-1.9439928182833575,-3.7607756269835115,0.527619100226129,1.0001414947707647,18.767587015797766,0.0,-1.1028918421184364,1.7666719891356975,0.0,-1.2423224645508608,3.7665700992157034,0.0,12.177912210599247,4.016623482915107,25.033026523493454,46.93636678064806,71.9693933041415
6.609999999999494,7.23,5.885351959835659,-1.9429001664283179,-3.758552951253743,0.5649719577861015,1.2217787508493414,18.58519477960137,0.0,-1.1053761462259062,1.7741875381810552,0.0,-1.2419992893067855,3.7489909796664733,0.0,11.97270781048581,3.9664258122659137,24.87602067215551,47.093083993207884,71.96910466536339
6.611999999999494,7.23,5.877837442988854,-1.9417331739457455,-3.755891526993402,0.6019595807108143,1.4388857383818,18.402361416945556,0.0,-1.1078599124765864,1.7816680080422624,0.0,-1.241784011163367,3.731490846073513,0.0,11.768869622050131,3.9165027408565685,24.719285467811087,47.249530087274465,71.96881555508556
6.613999999999494,7.23,5.87032868017156,-1.9404925721508413,-3.752800439939591,0.6385811412440058,1.651438046887716,18.2191414506094,0.0,-1.1103433530204745,1.7891135563206664,0.0,-1.241672990254102,3.7140693132427014,0.0,11.566427729520289,3.8668424561340253,24.56282253184025,47.405703460191305,71.96852599203156
6.615999999999493,7.23,5.8628265215861,-1.9391790939051796,-3.7492888199225556,0.6748359208078385,1.8594159794749998,18.035589521328998,0.0,-1.1128266727539764,1.7965243397509465,0.0,-1.2416626134614823,3.696725900303469,0.0,11.365411021114245,3.8174336783752816,24.406633635950634,47.56160235909195,71.96823599504259
6.617999999999493,7.23,5.855331799138841,-1.9377934733981748,-3.745365831525044,0.7107233101499815,2.062804465123876,17.851760299439626,0.0,-1.1153100693771973,1.8039005140135744,0.0,-1.2417492981795197,3.679460034532128,0.0,11.165847198394612,3.7682656672609665,24.25072069880059,47.717224884239386,71.96794558303998
6.619999999999493,7.23,5.847845326379882,-1.9363364459284282,-3.7410406649240935,0.7462428093168342,2.261592964062382,17.667708399389124,0.0,-1.117793733458567,1.8112422335549945,0.0,-1.2419294958787173,3.662271055239964,0.0,10.9677627870838,3.7193282265634573,24.095085782488525,47.872568992501385,71.96765477498991
6.621999999999493,7.23,5.840367898460857,-1.9348087476852989,-3.736322526928554,0.7813940274587138,2.455775366736396,17.483488297198864,0.0,-1.1202778485063845,1.818549651415616,0.0,-1.2421996954719623,3.645158217712702,0.0,10.771183149217965,3.670611707007623,23.93973108891842,48.02763250095126,71.96736358986968
6.6239999999994925,7.23,5.832900292110467,-1.9332111155310252,-3.7312206322246566,0.8161766824729682,2.6453498868777947,17.299154250939083,0.0,-1.1227625910469046,1.8258229190657491,0.0,-1.2425564264803879,3.6281206971884985,0.0,10.57613249652253,3.62210700736767,23.784658956051906,48.18241309058453,71.96707204663645
6.625999999999492,7.23,5.825443265627291,-1.9315442867837187,-3.7257441948409307,0.8505906004911034,2.830318949173297,17.114760224276196,0.0,-1.1252481307085511,1.8330621862495011,0.0,-1.2429962619992718,3.6111575928618485,0.0,10.38263390489547,3.573805573869814,23.62987185405724,48.3369083101403,71.96678016419754
6.627999999999492,7.23,5.817997558889451,-1.929808999001534,-3.7199024198427635,0.8846357152161186,3.0106890720335273,16.93035981314058,0.0,-1.127734630311864,1.840267600836717,0.0,-1.2435158214644795,3.5942679319013764,0.0,10.190709329889575,3.5256993979743987,23.47537238136491,48.491115580018075,71.96648796138298
6.629999999999492,7.23,5.810563893380645,-1.928005989768308,-3.713704495265911,0.9183120671163323,3.186470745956659,16.746006175554342,0.0,-1.1302222459647786,1.8474393086829386,0.0,-1.2441117732208737,3.577450673469873,0.0,10.000379623089076,3.4777810126158317,23.32116326064041,48.64503219627905,71.96619545691945
6.631999999999492,7.23,5.803142972232065,-1.926135996480951,-3.7071595842972767,0.9516198024820485,3.3576783079746213,16.561751964649375,0.0,-1.1327111271628496,1.8545774534974173,0.0,-1.2447808368944968,3.5607047127355242,0.0,9.811664549281229,3.4300434869813694,23.167247334683857,48.79865533472271,71.96590266940657
6.633999999999491,7.23,5.795735480279703,-1.9241997561388553,-3.7002768177103187,0.9845591723514698,3.5243298126615445,16.377649264897524,0.0,-1.1352014168940205,1.8616821767191158,0.0,-1.245519785571149,3.5440288848637334,0.0,9.62458280432802,3.3824804199132035,23.013627562266272,48.951982055028125,71.9656096172944
6.635999999999491,7.23,5.788342084136526,-1.9221980051355774,-3.6930652865614806,1.0171305313122951,3.6864469001741047,16.19374953156628,0.0,-1.1376932517475615,1.8687536174006754,0.0,-1.2463254477843377,3.527421968979552,0.0,9.43915203364848,3.3350859320198274,22.860307013912326,49.10500930495076,71.96531631886309
6.637999999999491,7.23,5.780963432278995,-1.9201314790530364,-3.6855340351531285,1.049334336185458,3.8440546617828195,16.010103533404592,0.0,-1.1401867620267956,1.8757919121002626,0.0,-1.2471947093162115,3.5108826920912644,0.0,9.255388851227032,3.287854656584618,22.707288867638855,49.257733924564945,71.9650227922038
6.639999999999491,7.23,5.773600155147376,-1.9180009124584572,-3.677692054267561,1.0811711445974657,3.9971815033405784,15.826761298555962,0.0,-1.1426820718652422,1.8827971947812232,0.0,-1.2481245148154478,3.494409732966263,0.0,9.073308859068415,3.2407817293601857,22.55457640465852,49.41015265054296,71.96472905520147
6.6419999999994905,7.23,5.766252865259327,-1.9158070387042747,-3.669548274675782,1.1126416134477846,4.145859007121375,15.64377206368787,0.0,-1.1451792993458185,1.889769596719432,0.0,-1.2491118692365275,3.478001725950943,0.0,8.892926667024845,3.1938627773376354,22.402173005057442,49.56226212046164,71.96443512551909
6.64399999999949,7.23,5.758922157336175,-1.9135505897312037,-3.6611115609238736,1.143746497277684,4.290121792447921,15.461184226319123,0.0,-1.1476785566227414,1.896709246418217,0.0,-1.2501538391052092,3.4616572647268953,0.0,8.714255912925939,3.1470939065797774,22.250082143455725,49.714058877127464,71.96414102058318
6.64599999999949,7.23,5.75160860844135,-1.911232295874663,-3.6523907053989917,1.174486646546915,4.430007375510867,15.279045300320135,0.0,-1.150179950045795,1.9036162695307275,0.0,-1.2512475536153107,3.4453749059963417,0.0,8.53730928294705,3.1004716892066786,22.098307384659265,49.865539372911805,71.96384675757108
6.64799999999949,7.23,5.744312778130397,-1.9088528856747347,-3.6433944226762027,1.2048630058245338,4.565556028767069,15.097401874553405,0.0,-1.1526835802866255,1.9104907887895952,0.0,-1.2523902055622096,3.429153173090266,0.0,8.362098532156304,3.0539931496209705,21.946852379311093,50.016699974088084,71.96355235339918
6.64999999999949,7.23,5.737035208612028,-1.906413085689821,-3.634131344146636,1.234876611900117,4.696810640286745,14.916299574616085,0.0,-1.1551895424667429,1.917332923943737,0.0,-1.2535790521187058,3.412990559493331,0.0,8.188634505185373,3.007655750058885,21.795720859549938,50.16753696516295,71.96325782471288
6.651999999999489,7.23,5.729776424919617,-1.9039136203141536,-3.624610012926697,1.2645285918215272,4.823816573402532,14.735783027639773,0.0,-1.1576979262869247,1.9241427917021077,0.0,-1.2548114154591674,3.39688553228023,0.0,8.01692715697356,2.961457375551371,21.644916634683888,50.31804655319354,71.96296318787742
6.653999999999489,7.23,5.722536935092617,-1.9013552115992964,-3.6148388790473995,1.2938201608652924,4.946621526995439,14.555895830097183,0.0,-1.1602088161577213,1.930920505684243,0.0,-1.2560846832379458,3.380836535458683,0.0,7.8469855735390475,2.915396318377245,21.494443586886167,50.4682248720839,71.96266845897007
6.655999999999489,7.23,5.715317230367302,-1.8987385790797697,-3.604826294922222,1.3227526204455624,5.065275396734639,14.376680518560484,0.0,-1.1627222913307738,1.9376661763773801,0.0,-1.2573963089282993,3.364841993214849,0.0,7.678817992735432,2.869471262088247,21.344305666920047,50.618067986853276,71.96237365377333
6.657999999999489,7.23,5.708117785376305,-1.8960644396029123,-3.59458051109128,1.3513273559674817,5.179830137569857,14.198178543350139,0.0,-1.165238426030678,1.9443799110999875,0.0,-1.2587438120280305,3.3489003130574684,0.0,7.512431824955564,2.823681265182822,21.194506889899237,50.76757189787014,71.96207878776937
6.6599999999994886,7.23,5.700939058356395,-1.8933335071630877,-3.5841096722390264,1.3795458346306972,5.290339627756217,14.020430245009916,0.0,-1.1677572895871342,1.9510618139714562,0.0,-1.2601247781383114,3.3330098888575748,0.0,7.347833673748526,2.778025744503045,21.045051331090463,50.916732545044894,71.96178387613536
6.661999999999488,7.23,5.693781491363943,-1.8905464927403304,-3.573421813482147,1.4074096031885859,5.396859534673389,13.843474833538458,0.0,-1.1702789465671293,1.957711985887777,0.0,-1.2615368589220033,3.3171691037810893,0.0,7.1850293563191086,2.732504458425513,20.89594312176358,51.065545811976,71.96148893373959
6.663999999999488,7.23,5.686645510497547,-1.8877041041435105,-3.562524856923823,1.4349202856686405,5.49944718268203,13.667350370304629,0.0,-1.1728034569069195,1.9643305245029785,0.0,-1.2629777719479085,3.301376333112162,0.0,7.024023923882574,2.6871174899140544,20.74718644509501,51.21400753004387,71.96119397513888
6.665999999999488,7.23,5.679531526127288,-1.8848070458580946,-3.5514266084700483,1.4620795810593075,5.598161423242155,13.492093752570588,0.0,-1.1753308760435988,1.970917524216081,0.0,-1.2644453004274332,3.285629946965526,0.0,6.864821681850559,2.6418652294988236,20.598785532129796,51.362113482446645,71.96089901457644
6.667999999999488,7.23,5.672439933130092,-1.88185601889856,-3.54013475490328,1.4888892609684121,5.6930625075001355,13.317740700542908,0.0,-1.1778612550460337,1.9774730761633863,0.0,-1.2659372928499002,3.269928312886622,0.0,6.707426209826963,2.5967483582424413,20.450744657806748,51.509859408173995,71.96060406598075
6.6699999999994874,7.23,5.665371111130691,-1.878851720665519,-3.5286568612082823,1.5153511672581472,5.784211961532768,13.144325746870285,0.0,-1.1803946407449732,1.9839972682158398,0.0,-1.2674516625229397,3.2542697983386457,0.0,6.551840381395309,2.55176783075079,20.303068137051508,51.657241005913555,71.96030914296506
6.671999999999487,7.23,5.65832542474769,-1.8757948448075898,-3.5170003681446835,1.5414672096614321,5.871672464419421,12.971882228503473,0.0,-1.1829310758621496,1.9904901849812615,0.0,-1.268986387024106,3.2386527730760926,0.0,6.398066383681703,2.506924858282075,20.155760320941354,51.804253937886344,71.9600142588277
6.673999999999487,7.23,5.651303223844241,-1.8726860810880512,-3.5051725900604294,1.5672393633842845,5.95550772929594,12.80044228083161,0.0,-1.1854705991382015,1.9969519078111992,0.0,-1.2705395075699197,3.2230756114047456,0.0,6.2461057366797,2.462220892004418,20.008825592945975,51.95089383360689,71.95971942655287
6.675999999999487,7.23,5.644304843782859,-1.869526115256302,-3.4931807129400316,1.5926696666986657,6.035782387527273,12.630036834007058,0.0,-1.1880132454592545,2.003382514812202,0.0,-1.272109128308269,3.207536694328398,0.0,6.095959312325555,2.4176576064483157,19.862268365247076,52.09715629356502,71.9594246588121
6.677999999999487,7.23,5.637330605683904,-1.8663156289241418,-3.4810317926812497,1.6177602185300932,6.112561876119327,12.460695611370344,0.0,-1.1905590459820177,2.0097820808612674,0.0,-1.2736934155401105,3.192034411582973,0.0,5.9476273533143456,2.373236883196997,19.716093075140495,52.243036892825884,71.95912996796638
6.679999999999486,7.23,5.630380816687302,-1.8630552994468768,-3.4687327535936205,1.6425131760441263,6.185912328474761,12.292447129885225,0.0,-1.1931080282572535,2.0161506776252405,0.0,-1.275290596876197,3.176567163558934,0.0,5.80110949164897,2.3289607948539546,19.57030418152326,52.388531184545215,71.95883536606847
6.681999999999486,7.23,5.623455770217034,-1.859745799809251,-3.4562903871120576,1.6669307522356571,6.255900468582268,12.12531870249351,0.0,-1.1956602163515053,2.022488373583961,0.0,-1.2768989603343672,3.161133363113275,0.0,5.656404766915921,2.2848315893233906,19.424906161468357,52.533634703397794,71.95854086486615
6.683999999999486,7.23,5.616555746248002,-1.856387798516194,-3.443711350718572,1.6910152135247567,6.322593508713792,11.959336442299467,0.0,-1.1982156309669625,2.0287952340569078,0.0,-1.2785168533828772,3.1457314372725333,0.0,5.513511644282801,2.240851674436057,19.27990350688907,52.67834296891618,71.95824647580525
6.685999999999486,7.23,5.609681011574845,-1.8529819594883659,-3.4310021670650412,1.714768877362642,6.386059050690709,11.794525268492627,0.0,-1.2007742895593632,2.0350713212331537,0.0,-1.280142681934943,3.1303598288286074,0.0,5.3724280322140965,2.197023602949377,19.135300721295255,52.82265148873856,71.95795221003381
6.6879999999994855,7.23,5.602831820082313,-1.8495289419624783,-3.418169223289835,1.7381941098511533,6.44636499076582,11.630908913918885,0.0,-1.2033362064538404,2.041316694204405,0.0,-1.2817749092995663,3.1150169978292834,0.0,5.233151299902609,2.153350057947641,18.991102316642507,52.966555761763416,71.95765807840593
6.689999999999485,7.23,5.596008413016822,-1.8460294003963602,-3.40521877052103,1.7612933233789463,6.503579428155537,11.468509934210067,0.0,-1.2059013929586322,2.047531409000914,0.0,-1.283412055093523,3.0997014229656683,0.0,5.0956782944150465,2.1098338386648887,18.847312810276286,53.11005128120998,71.95736409148626
6.691999999999485,7.23,5.589211019258821,-1.8424839843787313,-3.3921569235588938,1.784068974277427,6.557770577244477,11.307349718382508,0.0,-1.208469857476579,2.053715518630069,0.0,-1.2850526941191345,3.0844116028588364,0.0,4.9600053575510845,2.066477846749973,18.70393672197141,53.253133537583444,71.95707025955485
6.693999999999485,7.23,5.582439855595623,-1.8388933385436423,-3.378989660730271,1.8065235604992795,6.609006683472959,11.147448500816719,0.0,-1.211041605614348,2.059869073117455,0.0,-1.2866954552123357,3.069146057248174,0.0,4.826128342415903,2.0232850729905354,18.56097857106813,53.39579802154368,71.95677659261182
6.695999999999485,7.23,5.575695126994355,-1.8352581024895336,-3.3657228239075185,1.8286596193222617,6.657355942907157,10.988825374530737,0.0,-1.213616640289326,2.0659921195502,0.0,-1.2883390200652487,3.0539033280840657,0.0,4.694042629706884,1.9802585845096528,18.418442873705306,53.538040226677424,71.95648310038273
6.697999999999484,7.23,5.568977026874723,-1.831578910702857,-3.352362118684618,1.8504797250807692,6.70288642548165,10.831498305661516,0.0,-1.2161949618341348,2.072084702122412,0.0,-1.2899821220273657,3.0386819805276404,0.0,4.563743143715634,1.937401512446486,18.276334140150734,53.67985565217319,71.95618979232393
6.699999999999484,7.23,5.562285737381263,-1.8278563924862075,-3.338913114703152,1.8719864869275,6.7456660018939205,10.675484149070307,0.0,-1.218776568098734,2.078146862182521,0.0,-1.2916235448891902,3.0234806038604454,0.0,4.43522436804693,1.8947170401295919,18.134656872229144,53.82123980539879,71.95589667762793
6.701999999999484,7.23,5.5556214296548,-1.824091171890897,-3.3253812461208594,1.8931825466273848,6.7857622741224635,10.520798664989098,0.0,-1.221361454550073,2.084178638282358,0.0,-1.2932621216519786,3.0082978123069677,0.0,4.308480361056597,1.8522083917492707,17.993415560847502,53.962188204381704,71.9556037652292
6.703999999999484,7.23,5.548984264102836,-1.8202838676539084,-3.31177181221556,1.9140705763857833,6.82324250953105,10.367456536627557,0.0,-1.2239496143692732,2.090180066227787,0.0,-1.294896733287065,2.9931322457729896,0.0,4.183504771010487,1.8098788215330968,17.852614683617293,54.102696380192356,71.95531106380965
6.7059999999994835,7.23,5.542374390668598,-1.8164350931391564,-3.298089978117325,1.9346532767127895,6.858173578514542,10.215471388661534,0.0,-1.226541038546323,2.096151179130745,0.0,-1.2965263074879787,2.9779825705028693,0.0,4.060290850967149,1.7677316034266524,17.712258702573703,54.242759879231095,71.9550185818048
6.707999999999483,7.23,5.535791949098496,-1.8125454562829821,-3.284340775661852,1.9549333743253317,6.890621895634694,10.064855806526449,0.0,-1.2291357159722662,2.1020920074625007,0.0,-1.2981498174184918,2.9628474796587705,0.0,3.9388314733866614,1.72577002127966,17.572352061990358,54.382374265418974,71.95472632740933
6.709999999999483,7.23,5.52923706920777,-1.8086155595438047,-3.27052910435813,1.9749136200886,6.92065336418776,9.915621356440795,0.0,-1.2317336335288944,2.108002579108016,0.0,-1.2997662804593868,2.9477256938250394,0.0,3.8191191444685284,1.683997359535764,17.432899186289603,54.52153512229374,71.95443430858334
6.711999999999483,7.23,5.522709871144079,-1.80464599985585,-3.256659732463587,1.9945967869981922,6.94833332414027,9.767778606087488,0.0,-1.2343347761759258,2.1138829194212243,0.0,-1.3013747569566922,2.9326159614407814,0.0,3.701146018221323,1.6424168944226984,17.293904478046628,54.660238055011405,71.95414253305803
6.713999999999483,7.23,5.516210465648847,-1.8006373685868722,-3.242737298160057,2.0139856682042208,6.973726503363958,9.62133714588294,0.0,-1.2369391270356846,2.119733051281118,0.0,-1.3029743489738408,2.917517059163819,0.0,3.584903910267012,1.6010318856379504,17.15537231608685,54.79847869225496,71.95385100834181
6.715999999999482,7.23,5.509738954316158,-1.796590251499785,-3.228766310824036,2.0330830750784887,6.996896972096127,9.476305610766177,0.0,-1.2395466674752997,2.1255529951484955,0.0,-1.304564199050096,2.9024277921691417,0.0,3.4703843113827735,1.5598455685237085,17.017307053675133,54.93625268805114,71.95355974172628
6.717999999999482,7.23,5.503295429849026,-1.7925052287181145,-3.21475115238486,2.05189183532571,7.017908100548048,9.332691702442688,0.0,-1.2421573771864156,2.1313427691232363,0.0,-1.3061434889673857,2.887346994384923,0.0,3.3575784007831158,1.5188611467235897,16.87971301679532,55.073555723496725,71.95326874029205
6.719999999999482,7.23,5.496879976312858,-1.788382874695185,-3.2006960787645826,2.0704147911396182,7.036822519579739,9.19050221202037,0.0,-1.244771234262454,2.137102389001999,0.0,-1.307711438527509,2.872273528669227,0.0,3.2464770591451604,1.4780817853125103,16.742594502518912,55.21038350839591,71.95297801091482
6.721999999999482,7.23,5.490492669385968,-1.7842237581869467,-3.186605221393508,2.088654797404691,7.053702084356952,9.049743042977209,0.0,-1.2473882152734446,2.142831868336202,0.0,-1.3092673043415775,2.8572062869304014,0.0,3.1370708813797417,1.4375106043900985,16.60595577746119,55.34673178280987,71.95268756027106
6.7239999999994815,7.23,5.484133576606984,-1.7800284422283537,-3.172482588795499,2.106614719944091,7.06860784090346,8.910419234402818,0.0,-1.25000829533844,2.148531218490206,0.0,-1.3108103786332848,2.8421441901941664,0.0,3.029350189151012,1.3971506731270278,16.469801076323005,55.482596318520955,71.95239739484396
6.725999999999481,7.23,5.477802757619026,-1.7757974841132005,-3.158332068237361,2.1242974338143172,7.08159999545919,8.772534984458815,0.0,-1.2526314481955594,2.154200448699568,0.0,-1.3123399880575772,2.8270861886203495,0.0,2.9233050431471588,1.357005004253015,16.334134600516744,55.617972920412356,71.9521075209291
6.727999999999481,7.23,5.471500264410516,-1.771531435377321,-3.144157427436777,2.1417058216469558,7.092737886553495,8.636093674005231,0.0,-1.2552576462696834,2.1598395661292895,0.0,-1.313855492536058,2.8120312614721414,0.0,2.8189252551046944,1.3170765489744192,16.198960516874457,55.752857427765676,71.95181794464014
6.729999999999481,7.23,5.465226141552529,-1.767230841785057,-3.129962316323461,2.1588427720378016,7.102079959701122,8.50109789034282,0.0,-1.2578868607378375,2.165448575931949,0.0,-1.3153562841103776,2.7969784170406937,0.0,2.7162003995887267,1.2773681923088538,16.064282956436394,55.88724571547792,71.9515286719143
6.731999999999481,7.23,5.458980426432562,-1.7628962433189017,-3.1157502688483714,2.175711177983545,7.109683744627733,8.367549451023518,0.0,-1.2605190615923023,2.171027481305649,0.0,-1.3168417858146857,2.7819266925278394,0.0,2.6151198255316013,1.2378827488237134,15.930106013317952,56.02113369520002,71.95123970851797
6.73399999999948,7.23,5.452763149484649,-1.7585281741722203,-3.1015247048360233,2.192313935366107,7.1156058349309355,8.235449427684001,0.0,-1.2631542177014854,2.176576283551691,0.0,-1.318311450568126,2.7668751538895924,0.0,2.5156726675320535,1.1986229587650943,15.796433743653182,56.15451731639888,71.95095106005206
6.73599999999948,7.23,5.446574334415731,-1.7541271627449568,-3.0872889318751215,2.208653941484632,7.1199018700826535,8.104798169859542,0.0,-1.2657922968686035,2.182094982131888,0.0,-1.31976476008826,2.751822895643061,0.0,2.4178478569171244,1.1595914845633462,15.663270164612612,56.28739256734458,71.9506627319572
6.73799999999948,7.23,5.440413998428204,-1.7496937316422274,-3.073046147242928,2.2247340936350493,7.12262651967864,7.975595328737969,0.0,-1.268433265888212,2.1875835747254677,0.0,-1.3212012238261228,2.7367690406392913,0.0,2.3216341325688297,1.1207909077011209,15.530619253493704,56.41975547602527,71.95037472951898
6.73999999999948,7.23,5.434282152438595,-1.7452283976757073,-3.0587994398589564,2.2405572877370568,7.123833469841251,7.847839880815606,0.0,-1.2710770906006217,2.1930420572854885,0.0,-1.322620377923555,2.7217127398045236,0.0,2.2270200515176986,1.082223725929733,15.398484946881405,56.55160211099162,71.95008705787302
6.7419999999994795,7.23,5.4281788012923045,-1.7407316718677177,-3.0445517922637926,2.2561264170082844,7.123575411681938,7.721530151419934,0.0,-1.2737237359442597,2.1984704240947037,0.0,-1.3240217841933835,2.7066531718521984,0.0,2.1339939993050154,1.0438923508194826,15.266871139877228,56.68292858213269,71.94979972200991
6.743999999999479,7.23,5.422103943974364,-1.736204059457916,-3.030306082619001,2.271444370685344,7.12190403173111,7.5966638380653935,0.0,-1.2763731660060125,2.203868667820821,0.0,-1.3254050291228672,2.6915895429680274,0.0,2.042544200115733,1.0057991056295668,15.13578168539433,56.81373104138561,71.94951272677994
6.745999999999479,7.23,5.4160575738161825,-1.7316460599124988,-3.0160650867242853,2.2865140327913958,7.118870004243591,7.4732380336114685,0.0,-1.279025344069594,2.209236779571117,0.0,-1.3267697229007418,2.6765210864703417,0.0,1.9526587266838875,0.9679462234831918,15.005220393516689,56.94400568338123,71.94922607689792
6.747999999999479,7.23,5.410039678698238,-1.7270581669358216,-3.001831480048236,2.3013382809498113,7.114522985289451,7.351249249194069,0.0,-1.2816802326619983,2.2145747489463425,0.0,-1.3281154984681958,2.6614470624478086,0.0,1.864325509972284,0.9303358458336305,14.875191030920286,57.073748746027434,71.94893977694773
6.749999999999479,7.23,5.404050241248705,-1.7224408684843475,-2.987607839769185,2.315919985243448,7.108911608541108,7.230693436903586,0.0,-1.2843377935980764,2.219882564093876,0.0,-1.32944201059393,2.6463667573765814,0.0,1.777532348628261,0.8929700212070152,14.745697320354077,57.202956511032575,71.94865383138665
6.751999999999478,7.23,5.398089239037984,-1.7177946467828316,-2.9733966468228634,2.3302620071190074,7.102083482669482,7.111566012184718,0.0,-1.2869979880232854,2.2251602117601075,0.0,-1.3307489349734323,2.631279483718825,0.0,1.692266918217275,0.8558507042078448,14.616742940178726,57.33162530437114,71.94836824454987
6.753999999999478,7.23,5.392156644769136,-1.7131199783426507,-2.959200287953729,2.344367198335893,7.094085190263315,6.9938618759355515,0.0,-1.2896607764546606,2.2304076773419914,0.0,-1.3320359673525286,2.6161845795044782,0.0,1.6085167802360407,0.8189797547733851,14.488331523961032,57.459751496693535,71.94808302065456
6.755999999999478,7.23,5.3862524264642175,-1.7084173339821938,-2.9450210577670037,2.3582383999589513,7.084962288187842,6.877575436285038,0.0,-1.2923261188200639,2.235624944937749,0.0,-1.3333028226752293,2.6010814078980418,0.0,1.5262693909069618,0.7823589376633702,14.360466660121915,57.587331503682066,71.94779816380398
6.757999999999478,7.23,5.380376547646503,-1.7036871788492212,-2.93086116077862,2.3718784413944283,7.074759309301038,6.762700630029815,0.0,-1.2949939744957446,2.2408119973966962,0.0,-1.33454923425576,2.585969356752096,0.0,1.4455121097555974,0.7459899221716474,14.233151891635966,57.71436178635546,71.94751367799142
6.7599999999994775,7.23,5.3745289675186205,-1.6989299724451108,-2.9167227134604468,2.3852901394684443,7.063519765447263,6.649230943713484,0.0,-1.297664302342274,2.2459688163681606,0.0,-1.335774952974722,2.5708478381491493,0.0,1.366232207972884,0.7098742820467356,14.106390715780503,57.84083885132354,71.94722956710405
6.761999999999477,7.23,5.368709641136598,-1.694146168650905,-2.9026077462783144,2.3984762975472584,7.051286151650841,6.537159434332654,0.0,-1.3003370607388953,2.2510953823494724,0.0,-1.3369797464991815,2.5557162879333775,0.0,1.2884168765639359,0.6740134956085637,13.980186583932166,57.9667592509943,71.94694583492647
6.763999999999477,7.23,5.362918519579847,-1.689336215755076,-2.888518205720515,2.411439704698558,7.03809995143391,6.426478749656026,0.0,-1.3030122076163329,2.25619167473302,0.0,-1.338163398526484,2.5405741652336955,0.0,1.2120532342851478,0.6384089460489483,13.854542901408976,58.09211958373563,71.9466624851446
6.765999999999477,7.23,5.357155550117099,-1.6845005564829276,-2.8744559563146064,2.42418313489299,7.024001643185134,6.317181148144548,0.0,-1.305689700488123,2.2612576718523236,0.0,-1.3393257080516043,2.525420951979539,0.0,1.1371283353714707,0.6030619219038127,13.729463027356127,58.21691649399261,71.94637952134875
6.767999999999477,7.23,5.3514206763683205,-1.6796396280275554,-2.860422782630484,2.436709346245126,7.009030707508546,6.20925851846149,0.0,-1.308369496480488,2.266293351027158,0.0,-1.3404664886576552,2.5102561524106832,0.0,1.0636291770557031,0.5679736176853846,13.604950274673357,58.341146672363834,71.94609694703719
6.769999999999476,7.23,5.345713838462637,-1.6747538620822853,-2.846420391267837,2.4490210802930275,6.99322563548359,6.102702398563625,0.0,-1.311051552360829,2.2712986886076694,0.0,-1.3415855678293507,2.4950792925822975,0.0,0.9915427068816965,0.5331451346631124,13.481007909982175,58.46480685563706,71.94581476561923
6.771999999999476,7.23,5.340034973192303,-1.6698436848745155,-2.8324504128262227,2.461121061315568,6.976623937770251,5.9975039943652595,0.0,-1.3137358245648594,2.276273660017517,0.0,-1.3426827862889836,2.479889919866433,0.0,0.9208558298134322,0.4985774817823151,13.357639153631125,58.58789382678737,71.94553298041849
6.773999999999476,7.23,5.334384014162746,-1.664909517200887,-2.8185144038561454,2.473011995686652,6.959262154495293,5.893654197968772,0.0,-1.316422269222433,2.281218239795996,0.0,-1.343757997354639,2.464687602450981,0.0,0.8515554151419505,0.46427157671005637,13.234847179737192,58.71040441493846,71.94525159467565
6.775999999999476,7.23,5.32876089193873,-1.659951774463709,-2.804613848789628,2.4846965712654545,6.941175865858057,5.791143605456072,0.0,-1.3191108421821147,2.286132401639175,0.0,-1.3448110663201762,2.449471928837189,0.0,0.7836283031921998,0.43022824699805673,13.112635116261604,58.83233549528984,71.94497061155144
6.7779999999994756,7.23,5.323165534186683,-1.6549708667085685,-2.790750161848906,2.4961774568218047,6.922399703396693,5.689962534236902,0.0,-1.3218014990345281,2.2910161184400177,0.0,-1.3458418698566204,2.4342425073366267,0.0,0.7170613118319081,0.3964482313529173,12.991006045118471,58.95368398901097,71.94469003412944
6.779999999999475,7.23,5.317597865813222,-1.6499671986630557,-2.776924688931972,2.5074573014958155,6.902967361857995,5.590101039950914,0.0,-1.3244941951345308,2.295869362327494,0.0,-1.3468502954345374,2.4189989655685307,0.0,0.6518412427846109,0.3629321810042738,12.869963002314408,59.07444686310416,71.94440986541856
6.781999999999475,7.23,5.312057809099943,-1.6449411697765357,-2.763138709473828,2.518538734290873,6.882911611616464,5.491548932921209,0.0,-1.327188885622253,2.3006921047047024,0.0,-1.3478362407668967,2.403740949958369,0.0,0.5879548877491229,0.3296806611619382,12.749508978117566,59.19462113023823,71.9441301083558
6.783999999999475,7.23,5.3065452838345,-1.639893174260901,-2.7493934382823877,2.5294243635990807,6.862264311590475,5.3942957941585155,0.0,-1.329885525443037,2.3054843162859777,0.0,-1.3487996132720346,2.3884681252383544,0.0,0.5253890343276585,0.29669415255344683,12.62964691725455,59.31420384855392,71.94385076580848
6.785999999999475,7.23,5.301060207438048,-1.6348236011322435,-2.735690027348098,2.540116776758266,6.8410564226056625,5.298330990915674,0.0,-1.3325840693663382,2.3102459671330062,0.0,-1.3497403295562231,2.373180173950675,0.0,0.46413047176500555,0.2639730530338589,12.510379719133642,59.43319212144306,71.9435718405767
6.7879999999994745,7.23,5.295602495089092,-1.6297328342533794,-2.7220295676264197,2.5506185396396424,6.819318021158177,5.203643691793073,0.0,-1.335284472003588,2.314977026689956,0.0,-1.3506583149153475,2.3578767959540663,0.0,0.4041659965011166,0.23151767925999592,12.391710238092772,59.551583097302846,71.94329333539562
6.789999999999474,7.23,5.290172059843798,-1.6246212523771708,-2.708413090792425,2.560932196265237,6.797078313532342,5.110222881396552,0.0,-1.3379866878250979,2.319677463817615,0.0,-1.3515535028552714,2.34255770793436,0.0,0.3454824175396088,0.19932826842174411,12.273641283670914,59.66937396926659,71.9430152529375
6.791999999999474,7.23,5.284768812752818,-1.6194892291905816,-2.694841570966837,2.571060268454189,6.774365650229647,5.018057374550006,0.0,-1.3406906711760138,2.3243472468265582,0.0,-1.352425834630363,2.3272226429195513,0.0,0.288066561634672,0.16740498002336499,12.156175620901417,59.786561974912324,71.94273759581374
6.793999999999474,7.23,5.2793926629747014,-1.614337133359414,-2.68131592641294,2.581005255497026,6.751207540668184,4.927135830065385,0.0,-1.343396376291364,2.3289863435093587,0.0,-1.3532752587996792,2.3118713497999237,0.0,0.23190527829897542,0.13574789770815643,12.039315970625887,59.903144395951124,71.94246036657701
6.795999999999474,7.23,5.274043517885939,-1.6091653285736696,-2.6678370212038454,2.590769633857047,6.727630668113572,4.837446764073872,0.0,-1.3461037573102423,2.333594721171831,0.0,-1.3541017308003906,2.296503592853674,0.0,0.17698544463520344,0.10435703112016678,11.923065009827415,60.01911855789558,71.94218356772299
6.797999999999473,7.23,5.268721283187697,-1.6039741735934787,-2.6544056668597045,2.6003558568979273,6.7036609048045195,4.74897856292223,0.0,-1.3488127682891484,2.3381723466633373,0.0,-1.3549052125378802,2.2811191512784763,0.0,0.12329396999392288,0.07323231779700298,11.807425371981783,60.13448182971048,71.94190720169226
6.799999999999473,7.23,5.26342586300931,-1.5987640222955524,-2.6410226239544956,2.6097663546366863,6.679323327238295,4.661719495638867,0.0,-1.3515233632145318,2.3427191864061645,0.0,-1.3556856719920853,2.26571781872938,0.0,0.07081780046049331,0.04237362508810831,11.69239964742542,60.249231623446484,71.94163127087191
6.801999999999473,7.23,5.2581571600086,-1.5935352237201017,-2.627688603692114,2.619003533521163,6.654642231583088,4.575657725974925,0.0,-1.3542354960145588,2.347235206423983,0.0,-1.3564430828395557,2.2502994028633627,0.0,0.019543923173835777,0.01178075209323909,11.577990383738994,60.363365393858274,71.94135577759727
6.803999999999473,7.23,5.2529150754690574,-1.5882881221181788,-2.6144042694515344,2.6280697762311513,6.629641149186365,4.490781324025877,0.0,-1.3569491205701398,2.3517203723693996,0.0,-1.3571774240907848,2.2348637248908774,0.0,-0.03054062952011401,-0.018546568383825356,11.464200086145476,60.47688063800799,71.94108072415347
6.8059999999994725,7.23,5.247699509393978,-1.583023056999393,-2.601170238300885,2.6369674415023656,6.6043428621498395,4.407078277439643,0.0,-1.3596641907252494,2.3561746495506215,0.0,-1.357888679742304,2.219410619134639,0.0,-0.07944877607739961,-0.04860866787099818,11.35103121792152,60.58977489485538,71.9408061127769
6.807999999999472,7.23,5.242510360597589,-1.5777403631799563,-2.5879870824803284,2.645698863972412,6.578769418943814,4.324536502217592,0.0,-1.362380660296559,2.3605980029572473,0.0,-1.3585768384430899,2.203939932595919,0.0,-0.12719338192455548,-0.0784059402573697,11.238486200821178,60.702045744835466,71.94053194565664
6.809999999999472,7.23,5.237347526793259,-1.5724403708310155,-2.5748553308536954,2.6542663540479645,6.552942150035001,4.2431438531151375,0.0,-1.3650984830824235,2.3649903972851973,0.0,-1.3592418931747952,2.1884515245285474,0.0,-0.17378725578368512,-0.10793883982052405,11.126567415510918,60.813690809424976,71.94025822493589
6.811999999999472,7.23,5.232210904678816,-1.5671234055272314,-2.5617754703288727,2.6626721977923418,6.526881683503836,4.162888133648848,0.0,-1.3678176128712358,2.3693517969607956,0.0,-1.3598838409453773,2.1729452660207875,0.0,-0.21924314615113627,-0.13720787925548406,11.015277202014914,60.9247077506982,71.9399849527131
6.813999999999472,7.23,5.227100390019067,-1.5617897882955594,-2.54874794724698,2.6709186568327157,6.500607960628695,4.083757105717347,0.0,-1.370538003449186,2.373682166164032,0.0,-1.360502682495627,2.1574210395852758,0.0,-0.26357373792671973,-0.16621362770877326,10.90461786016979,61.03509427087362,71.93971213104341
6.815999999999471,7.23,5.222015877725571,-1.5564398356642004,-2.535773168740436,2.6790079682861787,6.4741402514160615,4.005738498843505,0.0,-1.373259608607441,2.377981468851004,0.0,-1.3610984220181923,2.141878738757112,0.0,-0.3067916491904876,-0.19495670882089283,10.794591650087822,61.14484811185179,71.93943976193961
6.817999999999471,7.23,5.216957261933722,-1.5510738597116793,-2.522851504060029,2.6869423447039256,6.447497170057206,3.928820019045369,0.0,-1.375982382148781,2.382249668775569,0.0,-1.3616710668886278,2.126318267700245,0.0,-0.348909428123941,-0.22343779878017975,10.685200792627768,61.2539670547457,71.93916784737347
6.819999999999471,7.23,5.21192443607721,-1.5456921681160176,-2.509983285871166,2.694723974032809,6.4206966902930995,3.852989357343951,0.0,-1.3787062778937025,2.3864867295102155,0.0,-1.3622206274080617,2.1107395408221916,0.0,-0.3899395500726506,-0.2516576243908676,10.57644746987252,61.3624489194041,71.93889638927662
6.821999999999471,7.23,5.206917292959924,-1.5402950642039668,-2.4971688115194968,2.7023550195935577,6.3937561606708835,3.7782341979156415,0.0,-1.3814312496860255,2.3906926144661687,0.0,-1.3627471165570526,2.09514248239719,0.0,-0.42989441474713996,-0.27961696115786444,10.468333825612826,61.4702915639288,71.93862538954163
6.8239999999994705,7.23,5.201935724825348,-1.5348828470002698,-2.4844083442661464,2.7098376200749494,6.366692319676495,3.7045422258972334,0.0,-1.3841572513980116,2.394867286912758,0.0,-1.3632505497602128,2.0795270261978014,0.0,-0.468786343558964,-0.30731663139060833,10.360861965836255,61.57749288418671,71.93835485002296
6.82599999999947,7.23,5.196979623423524,-1.5294558112769165,-2.4717021144928197,2.717173889543252,6.339521310729079,3.6319011348518835,0.0,-1.3868842369350285,2.39901070999605,0.0,-1.3637309446612207,2.0638931151349906,0.0,-0.5066275770888445,-0.3347575023281214,10.25403395922079,61.684050813317135,71.93808477253792
6.82799999999947,7.23,5.192048880075626,-1.5240142476023688,-2.459050320877064,2.724365917466265,6.312258697024185,3.5602986339041376,0.0,-1.3896121602397695,2.403122846756773,0.0,-1.3641883209077987,2.048240700906692,0.0,-0.5434302726837563,-0.3619404842871993,10.147851837632246,61.78996332123514,71.93781515886738
6.82999999999947,7.23,5.187143385736221,-1.5185584423907201,-2.446453131538008,2.7314157687513094,6.2849194762138065,3.4897224545521857,0.0,-1.3923409752960554,2.407203660147549,0.0,-1.3646226999462976,2.0325697436548475,0.0,-0.5792065021798338,-0.3888665288354869,10.04231759662505,61.895228414131786,71.93754601075683
6.83199999999947,7.23,5.182263031053261,-1.5130886779507686,-2.433910685152913,2.738325483796523,6.2575180949123945,3.420160357165824,0.0,-1.3950706361322343,2.411253113049441,0.0,-1.365034104825503,2.0168802116308857,0.0,-0.6139682497480018,-0.4155366269910258,9.937433195945538,61.99984413397133,71.93727732991687
6.833999999999469,7.23,5.17740770642588,-1.5076052325349727,-2.4214230920448943,2.745097078554845,6.230068463018994,3.35160013717815,0.0,-1.397801096824197,2.4152711682878474,0.0,-1.3654225600092982,2.001172080869615,0.0,-0.6477274098592014,-0.4419518074496696,9.833200560037417,62.103808557986746,71.93700911802416
6.835999999999469,7.23,5.1725773020600325,-1.502108380388268,-2.4089904352421887,2.751732544610087,6.202583967846628,3.2840296309793624,0.0,-1.4005323114980288,2.4192577886477524,0.0,-1.3657880911978322,1.9854453348714696,0.0,-0.6804957853661219,-0.4681131348416259,9.729621578548635,62.20711979817341,71.93674137672204
6.837999999999469,7.23,5.16777170802205,-1.4965983917967192,-2.396612771509365,2.7582338492644953,6.175077488050967,3.2174367215210156,0.0,-1.4032642343323074,2.423212936888341,0.0,-1.3661307251568426,1.969699964293053,0.0,-0.7122850856983537,-0.49402170801822753,9.62669810683934,62.30977600078188,71.93647410762122
6.839999999999469,7.23,5.162990814290161,-1.4910755331359873,-2.3842901323508814,2.7646029356372464,6.147561407351183,3.151809343638604,0.0,-1.4059968195600723,2.427136575757012,0.0,-1.366450489554816,1.9539359666458838,0.0,-0.743106925167884,-0.5196786583699013,9.524431966490198,62.411775345810085,71.93620731230028
6.8419999999994685,7.23,5.158234510804029,-1.4855400669195877,-2.372022524987415,2.770841722773305,6.120047628036754,3.0871354891008984,0.0,-1.4087300214704728,2.431028668002792,0.0,-1.3667474128076313,1.9381533460033036,0.0,-0.7729728213818955,-0.5450851481761548,9.422824945810834,62.51311604649563,71.93594099230647
6.843999999999468,7.23,5.153502687512365,-1.4799922518469224,-2.359809933305399,2.7769521057621214,6.092547584254672,3.0234032113939,0.0,-1.4114637944101138,2.4348891763891753,0.0,-1.3670215239303931,1.9223521127154062,0.0,-0.801894193759824,-0.5702423689882957,9.321878800347775,62.61379634880829,71.93567514915607
6.845999999999468,7.23,5.148795234418671,-1.4744323428510637,-2.3476523187802036,2.782935955865631,6.065072255072432,2.960600630247395,0.0,-1.4141980927841113,2.4387180637063954,0.0,-1.3672728523961402,1.90653228313193,0.0,-0.8298823621516834,-0.5951515400454724,9.221595253391554,62.71381453094351,71.93540978433506
6.847999999999468,7.23,5.14411204162516,-1.4688605911462744,-2.3355496213734246,2.788795120655062,6.037632177312591,2.89871593591203,0.0,-1.416932871056873,2.442515292783157,0.0,-1.3675014280011406,1.8906938793329762,0.0,-0.8569485455546687,-0.6198139067245199,9.12197599648261,62.81316890281693,71.93514489929954
6.849999999999468,7.23,5.139452999374907,-1.4632772442752453,-2.3235017604047306,2.7945314241560517,6.010237458155583,2.837737393194666,0.0,-1.4196680837526157,2.446280826497831,0.0,-1.367707280736465,1.8748369288674602,0.0,-0.8831038609250912,-0.6442307390239783,9.023022689915532,62.911857805560665,71.9348804954762
6.851999999999467,7.23,5.13481799809228,-1.4576825461560348,-2.311508635398739,2.800146667001597,5.982897787508069,2.7776533452595347,0.0,-1.4224036854556301,2.4500146277891397,0.0,-1.3678904406655874,1.8589614644991719,0.0,-0.9083593220827321,-0.6684033300825833,8.92473696324138,63.00987961102145,71.93461657426283
6.853999999999467,7.23,5.130206928421707,-1.4520767371286947,-2.2995701269073923,2.8056426265923817,5.9556224501344905,2.71845221720287,0.0,-1.4251396308103095,2.4537166596663393,0.0,-1.3680509378077184,1.8430675239603218,0.0,-0.9327258387047208,-0.6923329947324027,8.827120415767675,63.10723272126101,71.9343531370287
6.855999999999467,7.23,5.125619681264817,-1.446460054001569,-2.287686097308311,2.8110210572640315,5.928420337550206,2.6601225194083975,0.0,-1.4278758745209492,2.4573868852189116,0.0,-1.3681888020266382,1.8271551497124343,0.0,-0.9562142154060979,-0.7160210680867544,8.730174617055866,63.20391556805902,71.93409018511488
6.857999999999467,7.23,5.121056147816012,-1.4408327300972514,-2.2758563915795973,2.816283690460867,5.901299959675134,2.602652850690794,0.0,-1.4306123713513283,2.4610252676257964,0.0,-1.3683040629247358,1.8112243887144888,0.0,-0.9788351509042476,-0.7394689041629041,8.633901107415848,63.299926612418965,71.93382771983481
6.8599999999994665,7.23,5.116516219596507,-1.4351949952981886,-2.264080838051571,2.8214322349157377,5.874269456247112,2.546031901234427,0.0,-1.433349076124086,2.4646317701641527,0.0,-1.3683967497420673,1.7952752921981308,0.0,-1.0005992372644232,-0.7626778745395435,8.538301398397408,63.395264344077,71.9335657424744
6.861999999999466,7.23,5.111999788486894,-1.4295470760919193,-2.252359249135923,2.826468376835534,5.847336607994853,2.490248455334112,0.0,-1.4360859437198967,2.4682063562176944,0.0,-1.3684668912601379,1.779307915449853,0.0,-1.0215169592236508,-0.7856493670489134,8.4433769732782,63.4899272810144,71.93330425429261
6.863999999999466,7.23,5.107506746758273,-1.4238891956159354,-2.2406914220327585,2.8313937800919895,5.820508847570493,2.435291393945046,0.0,-1.4388229290764651,2.471748989284583,0.0,-1.3685145157102288,1.7633223175999935,0.0,-1.0415986935902948,-0.8083847845034128,8.349129287548212,63.583913968973405,71.93304325652161
6.865999999999466,7.23,5.103036987101978,-1.418221573702158,-2.2290771394160203,2.8362100864173976,5.793793270242504,2.381149697048264,0.0,-1.4415599871873357,2.475259632984905,0.0,-1.3685396506860308,1.7473185614183913,0.0,-1.0608547087166638,-0.8308855434564909,8.255559769390281,63.67722298097678,71.93278275036707
6.867999999999466,7.23,5.098590402657969,-1.4125444269210163,-2.21751617009776,2.8409189156048784,5.767196644349744,2.327812445838237,0.0,-1.4442970731005342,2.4787382510677602,0.0,-1.3685423230603586,1.7312967131166017,0.0,-1.0792951640420494,-0.85315307299751,8.162669820156697,63.76985291685178,71.93252273700848
6.869999999999465,7.23,5.0941668870419035,-1.4068579686251228,-2.2060082696717425,2.845521865712851,5.740725421517985,2.2752688247389727,0.0,-1.4470341419170425,2.482184807417952,0.0,-1.3685225589057677,1.7152568421564824,0.0,-1.0969301097036348,-0.8751888135802878,8.07046081484149,63.861802402757995,71.93226321759948
6.871999999999465,7.23,5.0897663343709505,-1.401162408992534,-2.1945531811368513,2.8500205132733694,5.714385746640327,2.2235081232548737,0.0,-1.4497711487891272,2.4855992660622985,0.0,-1.3684803834188657,1.6991990210650312,0.0,-1.1137694862127745,-0.8969942158849431,7.9789341025484175,63.9530700907196,71.93200419326801
6.873999999999465,7.23,5.085388639288371,-1.3954579550695931,-2.18315063550077,2.8544164135040013,5.688183467623507,2.1725197376622436,0.0,-1.4525080489185105,2.4889815911755826,0.0,-1.3684158208481287,1.6831233252553248,0.0,-1.1298231241941845,-0.9185707397126401,7.8880910069544345,64.04365465816215,71.9317456651166
6.875999999999465,7.23,5.081033696986912,-1.389744810813343,-2.1718003523644027,2.858711100522935,5.662124144902092,2.1222931725473195,0.0,-1.4552447975544087,2.4923317470861504,0.0,-1.3683288944250385,1.667029832853413,0.0,-1.1451007441856191,-0.9399198529127805,7.797932826768409,64.13355480745398,71.93148763422238
6.8779999999994645,7.23,5.076701403231056,-1.3840231771335083,-2.1605020404874944,2.862906087567012,5.636213060722925,2.072818042196582,0.0,-1.4579813499914276,2.495649698281171,0.0,-1.368219626298362,1.6509186245310354,0.0,-1.1596119564956926,-0.9610430303421793,7.708460836185138,64.22276926545253,71.93123010163767
6.879999999999464,7.23,5.072391654378144,-1.3782932519340376,-2.149255398335912,2.8670028672124013,5.6104552282023175,2.024084071844783,0.0,-1.4607176615673374,2.4989354094115654,0.0,-1.3680880374714195,1.6347897833439964,0.0,-1.173366261117513,-0.9819417528557256,7.619676285334458,64.31129678305538,71.93097306838985
6.881999999999464,7.23,5.0681043473984415,-1.3725552301542023,-2.138060114611036,2.871002911597627,5.584855400158816,1.9760810987861186,0.0,-1.463453687660718,2.502188845296616,0.0,-1.3679341477421514,1.6186433945760754,0.0,-1.1863730476958754,-1.0026175063279765,7.5315804007252565,64.39913613475639,71.93071653548165
6.883999999999464,7.23,5.063839379894145,-1.3668093038092468,-2.1269158687617087,2.874907672648689,5.55941807772444,1.9287990733535967,0.0,-1.4661893836884947,2.505409970928274,0.0,-1.3677579756458604,1.6024795455883183,0.0,-1.1986415955457956,-1.0230717807051632,7.444174385684501,64.48628611820686,71.93046050389137
6.885999999999464,7.23,5.059596650117395,-1.361055662030587,-2.115822331479177,2.878718582306014,5.534147518737442,1.8822280597717969,0.0,-1.4689247051033534,2.5085987514751613,0.0,-1.3675595384004409,1.5862983256735796,0.0,-1.2101810737202299,-1.043306069086997,7.35745942079102,64.57274555378191,71.93020497457293
6.887999999999463,7.23,5.055376056987302,-1.3552944911055531,-2.1047791651754677,2.8824370527529894,5.509047745919855,1.8363582368876976,0.0,-1.471659607391058,2.511755152286298,0.0,-1.3673388518539873,1.5700998259161625,0.0,-1.2210005411248603,-1.063321866837727,7.271436664304089,64.65851328415198,71.92994994845607
6.889999999999463,7.23,5.051177500106049,-1.3495259745166746,-2.0937860244456195,2.8860644766458394,5.484122554843292,1.7911798987842023,0.0,-1.474394046067654,2.5148791388945524,0.0,-1.3670959304346,1.5538841390564404,0.0,-1.2311089466778982,-1.0831206707257919,7.186107252586666,64.7435881738599,71.92969542644657
6.891999999999463,7.23,5.047000879774073,-1.343750292980503,-2.082842556514191,2.8896022273446182,5.459375521686292,1.7466834552811612,0.0,-1.4771279766765852,2.517970677019814,0.0,-1.3668307871022982,1.5376513593603005,0.0,-1.2405151295128742,-1.1027039780914905,7.101472300523297,64.8279691089029,71.9294414094262
6.893999999999463,7.23,5.042846097004369,-1.3379676244859724,-2.0719484016664618,2.893051659145093,5.43481001078699,1.702859432327883,0.0,-1.4798613547857105,2.52102973257192,0.0,-1.3665434333028836,1.5214015824932867,0.0,-1.2492278192224833,-1.1220732860420166,7.017532901932636,64.9116549963203,71.92918789825293
6.895999999999463,7.23,5.038713053535954,-1.3321781443322962,-2.0611031936647275,2.8964141075113075,5.4104291819947425,1.6596984722914359,0.0,-1.4825941359842274,2.5240562716533392,0.0,-1.3662338789236146,1.5051349053993215,0.0,-1.2572556361415548,-1.1412300906731914,6.934290129974485,64.99464476378668,71.92893489376117
6.897999999999462,7.23,5.034601651846508,-1.3263820251663974,-2.050306560150091,2.899690889308623,5.386235997824416,1.617191334144838,0.0,-1.4853262758795154,2.527050260561605,0.0,-1.3659021322506193,1.4888514261838512,0.0,-1.2646070916673033,-1.1601758863172988,6.851745037551408,65.07693735921026,71.92868239676167
6.899999999999462,7.23,5.030511795164225,-1.3205794370198722,-2.0395581230301394,2.9028833030370365,5.362233230417255,1.575328893558912,0.0,-1.488057730093892,2.530011665791524,0.0,-1.3655481999279,1.4725512440013033,0.0,-1.2712905886150412,-1.1789121648163257,6.769898657704916,65.15853175033679,71.9284304080417
6.901999999999462,7.23,5.0264433874789045,-1.314770547345488,-2.0288574988528865,2.9059926290645928,5.338423468312226,1.5341021429013528,0.0,-1.4907884542612875,2.532940454037169,0.0,-1.3651720869177968,1.4562344589467338,0.0,-1.2773144216076104,-1.1974404148199347,6.688752004006012,65.23942692435918,71.92817892836518
6.903999999999462,7.23,5.022396333552308,-1.3089555210532133,-2.0182042991673637,2.9090201298607,5.314809123031748,1.4935021911467556,0.0,-1.4935184040238432,2.535836592193655,0.0,-1.3647737964628626,1.4399011719515293,0.0,-1.282686777496816,-1.2157621211075542,6.608306070940436,65.31962188753232,71.92792795847276
6.9059999999994615,7.23,5.018370538927808,-1.3031345205457823,-2.0075981308712176,2.9119670502291823,5.291392435485837,1.453520263700793,0.0,-1.496247535028436,2.53870004735871,0.0,-1.3643533300489863,1.4235514846830486,0.0,-1.2874157358151965,-1.2338787639338586,6.528561834288232,65.39911566479356,71.92767749908178
6.907999999999461,7.23,5.014365909939352,-1.2973077057537932,-1.99703859654568,2.9148346175408992,5.268175482198662,1.4141477021418494,0.0,-1.4989758029231304,2.5415307868340467,0.0,-1.363910687369713,1.4071854994480835,0.0,-1.2915092692565422,-1.251791818397028,6.4495202514979315,65.47790729938859,71.92742755088652
6.909999999999461,7.23,5.0103823537197725,-1.2914752341703422,-1.9865252947782568,2.917624041965763,5.245160181361629,1.3753759638830747,0.0,-1.501703163353553,2.5443287781265576,0.0,-1.3634458662916278,1.3908033191000326,0.0,-1.2949752441835816,-1.2695027538290653,6.371182262055265,65.55599585250296,71.92717811455823
6.911999999999461,7.23,5.00641977820846,-1.2856372608851936,-1.9760578204734829,2.9203365167040074,5.222348298716959,1.3371966217578581,0.0,-1.5044295719592142,2.5470939889493023,0.0,-1.3629588628207472,1.3744050469496492,0.0,-1.2978214211613186,-1.2870130332075527,6.293548787846318,65.63338040289867,71.92692919074499
6.913999999999461,7.23,5.0024780921584275,-1.279793938618489,-1.9656357651520753,2.9229732182165526,5.1997414532760144,1.2996013635312371,0.0,-1.5071549843697447,2.5498263872223546,0.0,-1.3624496710697864,1.3579907866792915,0.0,-1.3000554555145851,-1.304324112588133,6.216620733515314,65.71006004655679,71.9266807800721
6.91599999999946,7.23,4.9985572051427924,-1.2739454177539962,-1.9552587172388107,2.925535306454319,5.1773411228762525,1.262581991340193,0.0,-1.5098793562010844,2.5525259410734495,0.0,-1.3619182832262773,1.3415606422605229,0.0,-1.301684897908345,-1.3214374405571157,6.140398986817006,65.78603389632491,71.92643288314191
6.91799999999946,7.23,4.9946570275606845,-1.268091846371901,-1.9449262623394485,2.9280239250863533,5.155148649581139,1.2261304210648865,0.0,-1.5126026430515942,2.5551926188384857,0.0,-1.3613646895213862,1.3251147178749947,0.0,-1.302717194949414,-1.3383544577034738,6.064884418963606,65.8613010815703,71.9261855005339
6.91999999999946,7.23,4.990777470642619,-1.2622333702811444,-1.9346379835070064,2.930440201726632,5.1331652449269205,1.1902386816333665,0.0,-1.5153248004981192,2.5578263890618715,0.0,-1.3607888781994173,1.308653117838476,0.0,-1.3031596898082363,-1.355076596109656,5.990077884966411,65.93586074783843,71.92593863280484
6.92199999999946,7.23,4.986918446455344,-1.2563701330513053,-1.9243934614976925,2.932785248159407,5.111391995020474,1.1548989142618122,0.0,-1.5180457840919794,2.5604272204967193,0.0,-1.3601908354878762,1.292175946527966,0.0,-1.30301962285947,-1.3716052788604989,5.9159802239721015,66.00971205651658,71.92569228048868
6.9239999999994595,7.23,4.983079867906186,-1.2505022760440383,-1.9141922750167875,2.93506016056297,5.089829865492253,1.1201033716323217,0.0,-1.5207655493549113,2.5629950821048912,0.0,-1.3595705455680602,1.2756833083117414,0.0,-1.302304132340094,-1.3879419195696507,5.842592259593785,66.08285418450286,71.92544644409665
6.925999999999459,7.23,4.979261648746915,-1.244629938444062,-1.9040340009547623,2.93726601973171,5.068479706308431,1.0858444170100077,0.0,-1.5234840517749404,2.5655299430569265,0.0,-1.3589279905460618,1.2591753074823062,0.0,-1.3010202550238963,-1.4040879219228113,5.769914800236759,66.15528632388069,71.92520112411745
6.927999999999459,7.23,4.975463703577144,-1.2387532572897062,-1.8939182146139089,2.9394038912963505,5.0473422564462345,1.05211452330136,0.0,-1.52620124680221,2.5680317727318105,0.0,-1.3582631504241716,1.2426520481920864,0.0,-1.2991749269111335,-1.4200446792372226,5.697948639419172,66.2270076815978,71.92495632101696
6.929999999999459,7.23,4.971685947847288,-1.2328723675030209,-1.8838444899257543,2.941474825942239,5.026418148436602,1.0189062720549957,0.0,-1.5289170898447368,2.5705005407166497,0.0,-1.3575760030725588,1.226113634391834,0.0,-1.2967749839323037,-1.4358135740367257,5.6266945560874495,66.29801747915127,71.92471203523871
6.931999999999459,7.23,4.9679282978610955,-1.2269874019194502,-1.8738123996595173,2.9434798596255876,5.00570791277804,0.9862123524068194,0.0,-1.5316315362641262,2.57293621680619,0.0,-1.3568665242012137,1.2095601697716116,0.0,-1.2938271626649127,-1.451395977641807,5.556153314926739,66.3683149522767,71.92446826720345
6.933999999999458,7.23,4.964190670777772,-1.221098491317077,-1.8638215156218645,2.9454200137875457,4.985211982225777,0.9540255599702654,0.0,-1.534344541371219,2.575338771002253,0.0,-1.3561346873320594,1.1929917577043059,0.0,-1.2903381010622508,-1.4667932497740028,5.486325666666282,66.43789935064324,71.92422501730951
6.935999999999458,7.23,4.960472984613713,-1.2152057644454395,-1.8538714088482084,2.947296295566002,4.964930695960134,0.9223387956732019,0.0,-1.5370560604216879,2.5777081735130425,0.0,-1.3553804637711908,1.1764085011915602,0.0,-1.2863143391931549,-1.4820067381740705,5.417212348379799,66.50676993755296,71.92398228593277
6.937999999999458,7.23,4.956775158243859,-1.2093093480539292,-1.8439616497857871,2.9491096980050053,4.944864303638013,0.8911450645423526,0.0,-1.5397660486115818,2.580044394752346,0.0,-1.3546038225811798,1.1598105028120622,0.0,-1.2817623199918236,-1.4970377782333255,5.348814083780992,66.57492598964545,71.92374007342644
6.939999999999458,7.23,4.953097111402699,-1.2034093669197703,-1.8340918084687539,2.9508612002617034,4.92501296933146,0.8604374744360355,0.0,-1.5424744610728058,2.5823474053386484,0.0,-1.3538047305533878,1.1431978646721173,0.0,-1.2766883900167831,-1.511887692637557,5.281131583514222,66.64236679660735,71.92349838012157
6.9419999999994575,7.23,4.949438764684926,-1.1975059438755895,-1.824261454685499,2.9525517678106974,4.9053767753571496,0.8302092347261283,0.0,-1.5451812528685556,2.5846171760941266,0.0,-1.35298315218024,1.126570688358397,0.0,-1.2710988002180914,-1.5265577910229462,5.214165545440331,66.7090916608862,71.92325720632653
6.943999999999457,7.23,4.945800039545769,-1.1915991998365782,-1.8144701581384202,2.9541823526457085,4.885955726000623,0.8004536549296848,0.0,-1.547886378988689,2.58685367804358,0.0,-1.352139049627411,1.109929074892847,0.0,-1.2649997067120078,-1.5410493696434215,5.1479166549178395,66.77509989740967,71.92301655232751
6.945999999999457,7.23,4.9421808583010085,-1.1856892538272554,-1.8047174885963448,2.9557538934784575,4.8667497511391815,0.7711641432907799,0.0,-1.5505897943450462,2.589056882413244,0.0,-1.3512723827058548,1.0932731246896208,0.0,-1.2583971715622568,-1.555363711048867,5.082385585079358,66.84039083330882,71.92277641838817
6.947999999999457,7.23,4.938581144126704,-1.179776223007835,-1.7950030160398054,2.957267315934661,4.847758709767095,0.742334205312849,0.0,-1.5532914537667095,2.591226760629543,0.0,-1.3503831088436606,1.0766029375140385,0.0,-1.2512971635671926,-1.5695020837736537,5.017572997103555,66.90496380764638,71.92253680474994
6.949999999999457,7.23,4.935000821058621,-1.1738602227002046,-1.785326310799359,2.9587235327470403,4.82898239342695,0.7139574422418278,0.0,-1.5559913119952145,2.593363284317746,0.0,-1.3494711830576696,1.0599186124434363,0.0,-1.243705559052071,-1.5834657420349483,4.953479540482493,66.96881817114934,71.92229771163183
6.951999999999456,7.23,4.931439813991406,-1.1679413664135208,-1.7756869436871348,2.960123443945248,4.810420529550991,0.6860275494998493,0.0,-1.5586893236796915,2.595466425300558,0.0,-1.3485365579247908,1.0432202478299197,0.0,-1.235628142665799,-1.5972559254402052,4.8901058532845525,67.03195328594609,71.92205913923064
6.953999999999456,7.23,4.927898048677497,-1.1620197658694276,-1.7660844861217855,2.961467937042614,4.792072784715833,0.6585383150699506,0.0,-1.5613854433719638,2.5975361555966328,0.0,-1.3475791835530284,1.02650794126489,0.0,-1.227070608181445,-1.6108738587034128,4.8274525624129865,67.09436852530789,71.92182108772087
6.955999999999456,7.23,4.924375451725784,-1.1560955310269059,-1.7565185102470136,2.962757887219611,4.773938767814608,0.6314836178309733,0.0,-1.5640796255215768,2.599572447419014,0.0,-1.3465990075521146,1.0097817895453332,0.0,-1.218038559299924,-1.6243207513694717,4.765520283860128,67.15606327339461,71.92158355725473
6.957999999999456,7.23,4.920871950600056,-1.1501687701067582,-1.7469885890438324,2.963994157503938,4.756018033149897,0.6048574258427601,0.0,-1.5667718244707722,2.601575273173523,0.0,-1.345595975003742,0.9930418886418046,0.0,-1.2085375104562548,-1.6375977975462415,4.704309622957391,67.21703692500495,71.92134654796234
6.9599999999994555,7.23,4.917387473617211,-1.144239589615737,-1.737494296436717,2.9651775989471263,4.738310083451242,0.5786537945809878,0.0,-1.5694619944494026,2.603544605457061,0.0,-1.34457002843136,0.9762883336680475,0.0,-1.1985728876278137,-1.6507061756437447,4.643821174621066,67.27728888533032,71.92111005995139
6.961999999999455,7.23,4.913921949945269,-1.1383080943703228,-1.7280352073937941,2.9663090507975642,4.720814372820719,0.5528668651209871,0.0,-1.5721500895697829,2.6054804170558814,0.0,-1.3435211077694724,0.95952121885221,0.0,-1.1881500291440876,-1.6636470481200123,4.5840555235940865,67.33681856971354,71.92087409330763
6.963999999999455,7.23,4.910475309601194,-1.1323743875201617,-1.7186108980212074,2.967389340669836,4.703530309610244,0.5274908622699002,0.0,-1.574836063821484,2.6073826809437812,0.0,-1.3424491503324223,0.942740637509595,0.0,-1.177274186497392,-1.6764215612330937,4.525013244683665,67.39562540341089,71.92063864809455
6.965999999999455,7.23,4.907047483448524,-1.126438570571166,-1.7092209456517955,2.9684192847102753,4.686457259234105,0.5025200926461642,0.0,-1.5775198710660563,2.6092513702802558,0.0,-1.341354090782617,0.9259466820169246,0.0,-1.1659505251541313,-1.6890308447987379,4.466694902995091,67.45370882135857,71.92040372435366
6.967999999999455,7.23,4.903638403194834,-1.1205007434082883,-1.6998649289282066,2.96939968775862,4.669594546920241,0.4779489427054635,0.0,-1.5802014650316984,2.6110864584085918,0.0,-1.340235861098161,0.9091394437880417,0.0,-1.1541841253661231,-1.701476011953273,4.409101054161585,67.5110682679427,71.92016932210429
6.969999999999454,7.23,4.90024800138904,-1.1145610043179768,-1.690542427880567,2.97033134350567,4.652941460403896,0.45377187671165586,0.0,-1.5828807993078522,2.6128879188539225,0.0,-1.3390943905398593,0.8923190132510366,0.0,-1.1419799829816124,-1.7137581589212034,4.35223224457035,67.56770319677345,71.9199354413438
6.971999999999454,7.23,4.89687621141855,-1.1086194500103186,-1.6812530239988195,2.971215034646826,4.636497252566915,0.4299834346518727,0.0,-1.5855578273397382,2.6146557253212275,0.0,-1.3379296056175662,0.8754854798267464,0.0,-1.1293430102555893,-1.7258783647870783,4.296089011584951,67.62361307046251,71.91970208204746
6.973999999999454,7.23,4.893522967506274,-1.1026761756408807,-1.6719963002998328,2.9720515330314035,4.620261144026481,0.4065782300936718,0.0,-1.5882325024228146,2.6163898516933117,0.0,-1.3367414300558367,0.8586389319086016,0.0,-1.116278036659075,-1.7378376912711537,4.240671883763965,67.67879736040479,71.91946924416875
6.975999999999454,7.23,4.890188204707511,-1.0967312748322566,-1.6627718413893822,2.9728415998076025,4.604232325676442,0.38355094798333944,0.0,-1.5909047776971754,2.6180902720287156,0.0,-1.3355297847588616,0.8417794568437684,0.0,-1.1027898096870388,-1.7496371825084174,4.185981381076135,67.733255546563,71.91923692763913
6.9779999999994535,7.23,4.88687185890671,-1.0907848396953268,-1.6535792335190915,2.9735859855630116,4.588409961184943,0.36089634238301294,0.0,-1.5935746061418727,2.6197569605596156,0.0,-1.3342945877746488,0.8249071409155682,0.0,-1.0888829956646715,-1.7612778648305163,4.132018015111927,67.78698711725633,71.91900513236826
6.979999999999453,7.23,4.883573866814131,-1.0848369608502433,-1.6444180646384212,2.974285430460524,4.572793189451675,0.3386092341450704,0.0,-1.596241940569168,2.6213898916896765,0.0,-1.333035754258418,0.8080220693271525,0.0,-1.0745621805517718,-1.7727607465501518,4.078782289291724,67.83999156895221,71.91877385824394
6.981999999999453,7.23,4.880294165962392,-1.0788877274471478,-1.6352879244417784,2.974940664369541,4.55738112702819,0.31668450852171937,0.0,-1.5989067336187097,2.6229890399918756,0.0,-1.3317531964351976,0.7911243261863843,0.0,-1.059831870744982,-1.7840868177475298,4.026274699070679,67.89226840606166,71.91854310513234
6.983999999999453,7.23,4.877032694702946,-1.0729372271866309,-1.6261884044108215,2.975552406992322,4.5421728705048645,0.29511711270734065,0.0,-1.6015689377516344,2.6245543802062956,0.0,-1.3304468235615725,0.7742139944919184,0.0,-1.0446964938776961,-1.795257050058401,3.974495732140184,67.94381714073761,71.91831287287779
6.985999999999453,7.23,4.873789392202461,-1.0669855463399438,-1.6171190978520207,2.976121367985357,4.527167498867722,0.273902053311609,0.0,-1.6042285052445897,2.6260858872379007,0.0,-1.3291165418865805,0.7572911561204602,0.0,-1.0291603996174674,-1.806272396463317,3.9234458686262816,67.99463729267691,71.9180831613032
6.987999999999452,7.23,4.8705641984391415,-1.0610327697689739,-1.6080795999295328,2.9766482470756075,4.512364075828813,0.2530343937605286,0.0,-1.6068853881836815,2.6275835361542716,0.0,-1.3277622546117114,0.7403558918151594,0.0,-1.0132278604607363,-1.8171337910776402,3.873125581284785,68.04472838892497,71.91785397020975
6.989999999999452,7.23,4.8673570541989815,-1.0550789809459906,-1.5990695076934378,2.9771337341714803,4.497761652133391,0.23250925162302316,0.0,-1.6095395384583364,2.629047302183337,0.0,-1.3263838618500046,0.7234082811751581,0.0,-0.996903072524817,-1.827842148941948,3.823535335693467,68.09408996368387,71.91762529937733
6.991999999999452,7.23,4.864167901071967,-1.0491242619731769,-1.590088420103382,2.9775785094683753,4.48335926784744,0.21232179586009625,0.0,-1.6121909077550844,2.6304771607110675,0.0,-1.324981260584199,0.7064484026462445,0.0,-0.9801901563369967,-1.8383983658123728,3.774675590441209,68.14272155812316,71.91739714856436
6.993999999999452,7.23,4.860996681448243,-1.0431686936019544,-1.5811359380476633,2.9779832435486506,4.469155954629083,0.19246724399347404,0.0,-1.6148394475512546,2.631873087279166,0.0,-1.3235543446239393,0.6894763335126114,0.0,-0.9630931576207148,-1.8488033179505345,3.726546797314229,68.19062272019379,71.91716951750801
6.9959999999994515,7.23,4.857843338514232,-1.0372123552521137,-1.5722116643577857,2.9783485974758457,4.455150737987156,0.17294085919092428,0.0,-1.6174851091085856,2.633235057582736,0.0,-1.3221030045619948,0.672492149889717,0.0,-0.9456160480787879,-1.8590578619126301,3.6791494014794877,68.2377930044448,71.91694240592429
6.997999999999451,7.23,4.854707816248744,-1.0312553250307634,-1.563315203818508,2.978675222882984,4.441342639530645,0.1537379472645508,0.0,-1.6201278434667485,2.6345630474679362,0.0,-1.3206271277294817,0.6554959267182251,0.0,-0.9277627261736606,-1.8691628343373035,3.632483841665336,68.28423197184273,71.91671581350806
6.999999999999451,7.23,4.851590059419061,-1.0252976797511073,-1.5544461631733992,2.9789637620547866,4.4277306792123525,0.1348538535788455,0.0,-1.6227676014367747,2.6358570329296285,0.0,-1.3191265981500635,0.6384877377590322,0.0,-0.9095370179047212,-1.879119051731915,3.586550550339452,68.32993918959389,71.91648973993334
7.001999999999451,7.23,4.848490013577018,-1.0193394949510644,-1.5456041511259082,2.9792148480036067,4.414313877570403,0.11628395986467144,0.0,-1.6254043335943975,2.6371169901090137,0.0,-1.317601296493128,0.6214676555893629,0.0,-0.8909426775827128,-1.8889273102568431,3.541349953884152,68.37491423096913,71.91626418485328
7.003999999999451,7.23,4.845407625055085,-1.0133808449117427,-1.536788778335952,2.9794291045388945,4.401091257971105,0.09802368093544978,0.0,-1.6280379902732953,2.638342895291256,0.0,-1.3160511000258999,0.6044357515999409,0.0,-0.8719833886013303,-1.8985883855074146,3.496882472769216,68.419156675131,71.91603914790022
7.0059999999994504,7.23,4.842342840962463,-1.0074218026757815,-1.5279996574120123,2.979607146329995,4.388061848856736,0.0800684613014564,0.0,-1.6306685215582368,2.63953472490312,0.0,-1.3144758825644889,0.5873920959932519,0.0,-0.8526627642061309,-1.9081030322931116,3.4531485217221194,68.46266610696405,71.91581462868616
7.00799999999945,7.23,4.839295609181196,-1.0014624400655743,-1.5192364028987289,2.9797495789620663,4.375224686001893,0.062413771678122565,0.0,-1.633295877278131,2.640692455510578,0.0,-1.3128755144238609,0.5703367577828604,0.0,-0.8329843482608412,-1.9174719844136987,3.41014850989599,68.50544211690655,71.91559062680254
7.00999999999945,7.23,4.836265878362318,-0.995502827701387,-1.5104986312599686,2.9798569989849084,4.36257881478201,0.0450551053837982,0.0,-1.6359200069989726,2.6418160638164463,0.0,-1.3112498623667073,0.5532698047938358,0.0,-0.8129516160112935,-1.9266959544318827,3.3678828410351302,68.5474843007855,71.91536714182062
7.01199999999945,7.23,4.833253597922032,-0.9895430350193862,-1.501785960857343,2.9799299939544697,4.350123292457734,0.027987974622602607,0.0,-1.6385408600166844,2.642905526658001,0.0,-1.309598789551218,0.5361913036642615,0.0,-0.7925679748471405,-1.9357756334421825,3.3263519136383253,68.5887922596533,71.91514417329162
7.01399999999945,7.23,4.830258718037942,-0.9835831302895917,-1.4930980119241364,2.979969142466803,4.33785719047882,0.011207906647518584,0.0,-1.641158385349859,2.643960821004609,0.0,-1.3079221554777287,0.5191013198478531,0.0,-0.771836765061597,-1.9447116908356217,3.285556121119965,68.62936559962695,71.91492172074692
7.015999999999449,7.23,4.827281189645339,-0.9776231806337682,-1.4844344065346058,2.979975014184222,4.325779596811384,-0.005289560201342525,0.0,-1.643772531732384,2.6449819239553642,0.0,-1.306219815934258,0.5019999176176994,0.0,-0.7507612606094686,-1.9535047740599385,3.2454958519690065,68.66920393172917,71.91469978369818
7.017999999999449,7.23,4.824320964433553,-0.9716632520432741,-1.475794768568598,2.9799481698534063,4.313889618292137,-0.02150888058810896,0.0,-1.6463832476059652,2.6459688127367276,0.0,-1.3044916229409,0.4848871600711374,0.0,-0.7293446698637479,-1.9621555083749234,3.2061714899059126,68.70830687173176,71.91447836163768
7.019999999999449,7.23,4.821377994842383,-0.965703409396881,-1.467178723671429,2.97988916131519,4.3021863830135905,-0.03745450640789638,0.0,-1.648990481112533,2.6469214647001875,0.0,-1.3027374246931036,0.4677631091357841,0.0,-0.7075901363711088,-1.9706644966026068,3.1675834140376167,68.7466740400009,71.91425745403852
7.021999999999449,7.23,4.818452234058607,-0.9597437164785833,-1.4585858992089586,2.979798531505755,4.290669042743998,-0.05313089115416503,0.0,-1.6515941800865364,2.6478398573199198,0.0,-1.3009570655037925,0.4506278255767534,0.0,-0.6855007396066614,-1.9790323188718937,3.1297319990105157,68.78430506134427,71.91403706035479
7.0239999999994485,7.23,4.8155436360125945,-0.9537842359954127,-1.4500159242177868,2.979676814448946,4.279336775385947,-0.0685424944324815,0.0,-1.654194292047116,2.6487239681904766,0.0,-1.2991503857443736,0.4334813690050675,0.0,-0.663079495728339,-1.9872595323574007,3.092617615161712,68.8211995648602,71.91381718002191
7.025999999999448,7.23,4.812652155375014,-0.9478250295952795,-1.4414684293504914,2.9795245352394053,4.268188787477593,-0.0836937866266858,0.0,-1.656790764190166,2.6495737750244843,0.0,-1.2973172217845947,0.41632379788730733,0.0,-0.6403293583313631,-1.9953466710121075,3.056240628668388,68.85735718378852,71.91359781245691
7.027999999999448,7.23,4.809777747553664,-0.9418661578848546,-1.432943046815817,2.97934221001622,4.257224316740604,-0.09858925372365412,0.0,-1.6593835433802657,2.6503892556503668,0.0,-1.2954574059312838,0.3991551695565273,0.0,-0.617253219203238,-2.003294245293546,3.0206014016955125,68.89277755536321,71.91337895705873
7.029999999999448,7.23,4.806920368690421,-0.9359076804475158,-1.424439410313719,2.979130345926752,4.246442634678686,-0.11323340230265444,0.0,-1.6619725761424928,2.651170388010093,0.0,-1.2935707663659648,0.3819755402244631,0.0,-0.5938539090797682,-2.011102741883214,2.9857002925419236,68.92746032066657,71.91316061320849
7.031999999999448,7.23,4.804079975658331,-0.9299496558613756,-1.4159571549651544,2.978889441080325,4.2358430492309695,-0.12763076469615342,0.0,-1.6645578086541104,2.6519171501569403,0.0,-1.2916571270813602,0.36478496499507707,0.0,-0.5701341984026402,-2.0187726233989025,2.9515376557847963,68.96140512448508,71.91294278026987
7.033999999999447,7.23,4.801256526058836,-0.9239921417174123,-1.4074959172365096,2.978619984491405,4.225424907484391,-0.14178590432873683,0.0,-1.6671391867361236,2.652629520253301,0.0,-1.2897163078167988,0.3475834978794782,0.0,-0.5460967980791407,-2.0263043280996587,2.9181138424226187,68.99461161516689,71.9127254575895
7.035999999999447,7.23,4.798449978219171,-0.9180351946377256,-1.3990553348585395,2.9783224560119272,4.215187598449237,-0.1557034212409949,0.0,-1.6697166558447065,2.6533074765685143,0.0,-1.2877481239925428,0.3303711918122705,0.0,-0.5217443602446339,-2.0336982695830876,2.8854292000167594,69.02707944448068,71.91250864449744
7.037999999999447,7.23,4.795660291189915,-0.9120788702939387,-1.3906350467396897,2.9779973262523787,4.205130555902042,-0.16938795780527904,0.0,-1.672290161062501,2.6539509974767164,0.0,-1.2857523866430527,0.3131480986693437,0.0,-0.49707947902840915,-2.040954836474728,2.8534840728315802,69.0588082674756,71.91229234030718
7.039999999999447,7.23,4.792887424742727,-0.9061232234257699,-1.3822346928736622,2.9776450564912538,4.195253261300362,-0.1828442046412171,0.0,-1.6748596470897734,2.654560061454762,0.0,-1.2837289023492127,0.29591426928721487,0.0,-0.47210469132367555,-2.0480743921092173,2.8222788019733627,69.08979774234326,71.91207654431663
7.0419999999994465,7.23,4.790131339368278,-0.9001683078597965,-1.3738539142410744,2.977266098572473,4.185555246773585,-0.19607690673782496,0.0,-1.6774250582354413,2.655134647080153,0.0,-1.2816774731695515,0.27866975348391343,0.0,-0.4468224775623542,-2.0550572742030133,2.791813725527856,69.12004753028036,71.91186125580822
7.043999999999446,7.23,4.787391996274376,-0.8942141765284378,-1.3654923527050589,2.9768608947903434,4.176036098194225,-0.2090908697902183,0.0,-1.679986338407958,2.655674733029026,0.0,-1.2795978965704762,0.2614146000815115,0.0,-0.4212352624955179,-2.0619037945183942,2.7620891786967343,69.14955729535274,71.91164647404948
7.045999999999446,7.23,4.784669357384312,-0.8882608814891795,-1.3571496509006347,2.9764298777616243,4.16669545833428,-0.22189096675882602,0.0,-1.6825434311060588,2.6561802980741867,0.0,-1.2774899653555698,0.2441488569303375,0.0,-0.395345415980272,-2.0686142385185358,2.733105493932921,69.17832670436061,71.91143219829354
7.047999999999446,7.23,4.781963385335432,-0.8823084739440676,-1.3488254521176783,2.975973470284247,4.157533030111002,-0.23448214465895045,0.0,-1.685096279409362,2.6566513210831926,0.0,-1.2753534675939884,0.22687257093495272,0.0,-0.3691552537739774,-2.075188865013419,2.704863001074837,69.20635542670492,71.91121842777976
7.049999999999446,7.23,4.77927404347795,-0.8763570042594997,-1.3405194001773093,2.9754920851822164,4.148548579926637,-0.24686943158878716,0.0,-1.6876448259688304,2.657087781016484,0.0,-1.2731881865479928,0.2095857880819476,0.0,-0.34266703833672274,-2.0816279057963563,2.6773620274797034,69.23364313425446,71.91100516173417
7.051999999999445,7.23,4.7766012958740145,-0.8704065219863388,-1.3322311393014983,2.9749861251362137,4.139741941106823,-0.25905794400455484,0.0,-1.6901890129970818,2.657489656925586,0.0,-1.2709939005996889,0.19228855346964302,0.0,-0.3158829796430427,-2.087931565270973,2.6506028981558707,69.26018950121436,71.91079239937022
7.053999999999445,7.23,4.773945107297042,-0.8644570758803823,-1.3239603139756968,2.9744559824993906,4.131113017442081,-0.27105289425073664,0.0,-1.6927287822585568,2.657856927951352,0.0,-1.2687703831770087,0.17498091133976434,0.0,-0.2888052360038967,-2.0941000200684172,2.6245859358943484,69.28599420399496,71.9105801398893
7.055999999999445,7.23,4.771305443231336,-0.8585087139232138,-1.3157065688042764,2.9739020390978457,4.122661786837165,-0.28285959835442576,0.0,-1.6952640750595336,2.658189573322297,0.0,-1.266517402679018,0.1576629051111761,0.0,-0.26143591490000256,-2.1001334186546887,2.5993114613994766,69.31105692108216,71.91036838248164
7.057999999999445,7.23,4.768682269871998,-0.8525614833434698,-1.3074695483585574,2.9733246660152366,4.114388305072814,-0.2944834840921118,0.0,-1.697794832237998,2.6584875723529726,0.0,-1.264234722400599,0.14033457741576028,0.0,-0.23377707382765933,-2.106031880927897,2.5747797934188816,69.3353773329077,71.91015712632658
7.0599999999994445,7.23,4.766075554125152,-0.8466154306385538,-1.2992488970171978,2.9727242233609816,4.106292709684606,-0.3059300993379175,0.0,-1.7003209941533548,2.6587509044424493,0.0,-1.261922100456603,0.12299597013653774,0.0,-0.20583072115827067,-2.111795497805355,2.5509912488727937,69.35895512172121,71.909946370594
7.061999999999444,7.23,4.763485263608496,-0.8406706015968306,-1.291044258798704,2.972101060021475,4.0983752239635125,-0.31720512070183204,0.0,-1.702842500675998,2.6589795490728347,0.0,-1.2595792897055489,0.10564712444810131,0.0,-0.17759881701278407,-2.1174243308004077,2.527946142982679,69.3817899714617,71.90973611444439
7.063999999999444,7.23,4.7609113666521985,-0.8347270413203355,-1.2828552771858146,2.9714555133937273,4.090636161082922,-0.3283143624673128,0.0,-1.7053592911767144,2.6591734858079277,0.0,-1.2572060376729617,0.08828808085950446,0.0,-0.14908327415243305,-2.1229184115889073,2.505644789399367,69.40388156763098,71.90952635703034
7.065999999999444,7.23,4.758353832300148,-0.8287847942480349,-1.274681594941499,2.970787909100827,4.0830759283565055,-0.33926378583632744,0.0,-1.7078713045159466,2.6593326942919027,0.0,-1.2548020864744402,0.07091887925966256,0.0,-0.12028595888708653,-2.128277741565273,2.4840875003306717,69.42522959716624,71.90931709749691
7.067999999999444,7.23,4.755812630311589,-0.822843904179674,-1.2665228539163067,2.9700985606885935,4.075695031631802,-0.35005950849168954,0.0,-1.710378479032893,2.659457154248143,0.0,-1.252367172738593,0.05353955896541407,0.0,-0.0912086920027129,-2.1335022913881647,2.4632745866685695,69.44583374831441,71.90910833498299
7.069999999999443,7.23,4.7532877311631445,-0.8169044143002512,-1.2583786948467905,2.9693877693027826,4.0684940798237825,-0.3607078144845506,0.0,-1.7128807525344556,2.65954684547813,0.0,-1.2499010275299212,0.03615015877233474,0.0,-0.06185324970943504,-2.138592000515703,2.4432063581160115,69.46569371050595,71.90890006862196
7.071999999999443,7.23,4.750779106051251,-0.8109663672051571,-1.2502487571447167,2.9686558233461846,4.0614737895930135,-0.3712151644564905,0.0,-1.7153780622840382,2.659601747860461,0.0,-1.2474033762718153,0.01875071700842279,0.0,-0.03222136461175444,-2.143546776730353,2.4238831233133693,69.48480917422954,71.90869229754291
7.073999999999443,7.23,4.748286726895031,-0.8050298049260215,-1.2421326786767724,2.967902998114937,4.054634990172716,-0.38158820620437606,0.0,-1.7178703449901844,2.659621841349969,0.0,-1.2448739386697756,0.0013412715908016626,0.0,-0.002314726702632431,-2.1483664956534803,2.4053051899646856,69.50317983090702,71.9084850208717
7.075999999999443,7.23,4.745810566339609,-0.7990947689573074,-1.2340300955344656,2.967129555413355,4.047978628349057,-0.3918337855967202,0.0,-1.7203575367950674,2.6596071059769613,0.0,-1.2423124286350293,-0.01607813991445839,0.0,0.027865015616896804,-2.1530510002497514,2.387472864963656,69.52080537276845,71.9082782377321
7.0779999999994425,7.23,4.7433505977599015,-0.7931613002836986,-1.2259406417939092,2.9663357431465758,4.041505773598674,-0.40195895784940294,0.0,-1.7228395732628239,2.6595575218465752,0.0,-1.2397185542086917,-0.033507480229245545,0.0,0.05831625449075155,-2.1576001003214933,2.3703864545195032,69.53768549272743,71.90807194724694
7.079999999999442,7.23,4.740906795264896,-0.7872294394083245,-1.217863949265167,2.9655217948902783,4.035217623387558,-0.41197099916906676,0.0,-1.7253163893677408,2.659473069138272,0.0,-1.2370920174866538,-0.05094671229690639,0.0,0.08903742153160762,-2.162013571993232,2.354046264282691,69.55381988425668,71.90786614853937
7.081999999999442,7.23,4.738479133702442,-0.7812992263818687,-1.2097996472308399,2.9646879294367503,4.029115508635018,-0.4218774187715759,0.0,-1.727787919482286,2.6593537281054687,0.0,-1.2344325145453854,-0.06839579921218097,0.0,0.12002698671350835,-2.166291157186656,2.3384525994706475,69.56920824126375,71.9076608407344
7.083999999999442,7.23,4.736067588664579,-0.7753707008326103,-1.2017473621735544,2.9638343503165308,4.023200899346237,-0.43168597128258845,0.0,-1.7302540973650027,2.659199479075296,0.0,-1.2317397353688535,-0.085854704147459,0.0,0.15128345723131564,-2.170432563086307,2.323605764993462,69.58385025796653,71.90745602295999
7.085999999999442,7.23,4.733672136493415,-0.7694439019974466,-1.1937067174920153,2.962961245294867,4.017475410416949,-0.44140466952743385,0.0,-1.7327148561482448,2.659010302448529,0.0,-1.2290133637767755,-0.1033233902751427,0.0,0.18280537632479027,-2.1744374615963453,2.3095060655796145,69.59774562876908,71.90725169434869
7.087999999999441,7.23,4.731292754287591,-0.7635188687539487,-1.1856773332052748,2.962068785842197,4.0119408076129845,-0.45104179771576636,0.0,-1.7351701283257868,2.6587861786996663,0.0,-1.2262530773544407,-0.1208018206860153,0.0,0.2145913220652163,-2.178305488788815,2.296153805901871,69.61089404813728,71.90704785403915
7.089999999999441,7.23,4.728929419909346,-0.7575956396535029,-1.177658825644864,2.961157126577861,4.006599013727741,-0.4606059250272656,0.0,-1.7376198457402763,2.6585270883771814,0.0,-1.2234585473843502,-0.1382899583033912,0.0,0.24663990610219577,-2.182036244343891,2.283549290703257,69.62329521047454,71.9068445011778
7.091999999999441,7.23,4.726582111992207,-0.7516742529555921,-1.1696508071344305,2.9602264046862405,4.001452114919661,-0.4701059196025241,0.0,-1.7400639395705713,2.6582330121039357,0.0,-1.2206294387799375,-0.15578776579292852,0.0,0.2789497723683472,-2.1856292909826336,2.2716928249232557,69.63494880999698,71.90664163492023
7.093999999999441,7.23,4.72425080994934,-0.7457547466632732,-1.16165288565652,2.9592767393045025,3.996502367231791,-0.47955096294350863,0.0,-1.7425023403189306,2.6579039305778025,0.0,-1.2177654100216682,-0.17329520546787325,0.0,0.3115195957393702,-2.189084153892917,2.2605847138242616,69.64585454060915,71.90643925443341
7.0959999999994405,7.23,4.721935493982574,-0.7398371585599083,-1.1536646645061341,2.9583082308811335,3.9917522032949124,-0.4889505647264354,0.0,-1.7449349777980891,2.6575398245724644,0.0,-1.214866113095804,-0.190812239189592,0.0,0.34434808064701755,-2.192400320149176,2.2502252631182738,69.65601209577898,71.90623735889724
7.09799999999944,7.23,4.719636145092135,-0.7339215262472079,-1.1456857419306976,2.9573209605044326,3.9872042392150604,-0.49831457802885915,0.0,-1.747361781118213,2.657140674938413,0.0,-1.2119311934361756,-0.20833882826318484,0.0,0.37743395964231974,-2.195577238126804,2.240614779093941,69.66542116841245,71.9060359475064
7.09999999999944,7.23,4.717352745087111,-0.7280078871846489,-1.1377157107560667,2.9563149892001364,3.9828612816460685,-0.5076532149722359,0.0,-1.7497826786737336,2.656706462604183,0.0,-1.2089602898692962,-0.22587493332797692,0.0,0.410775991906347,-2.1986143169120504,2.2317535687439474,69.67408145072866,71.90583501947262
7.10199999999944,7.23,4.7150852765966835,-0.7220962787303284,-1.1297541579982076,2.9552903571973426,3.9787263350464532,-0.5169770627785102,0.0,-1.7521975981300866,2.6562371685777926,0.0,-1.2059530345632041,-0.24342051424271471,0.0,0.4443729617057587,-2.2015109257084187,2.223641939892831,69.68199263413388,71.9056345740267
7.10399999999944,7.23,4.712833723082146,-0.7161867381833181,-1.121800664460176,2.954247083161908,3.9748026091201587,-0.5262971002396846,0.0,-1.7546064664103427,2.6557327739484187,0.0,-1.2029090529803832,-0.260975529965232,0.0,0.4782236767902086,-2.204266393240564,2.2162802013251337,69.68915440909558,71.90543461042071
7.105999999999439,7.23,4.7105980688497455,-0.7102793028275848,-1.1138548043140344,2.9531851633964985,3.971093526438956,-0.5356247145958379,0.0,-1.7570092096817582,2.655193259888332,0.0,-1.1998279638352451,-0.2785399384264001,0.0,0.5123269667286829,-2.2068800071569954,2.209668662914135,69.69556646501607,71.90523512793021
7.107999999999439,7.23,4.7083782990643765,-0.7043740099775454,-1.1059161446673444,2.9521045710064775,3.9676027302441033,-0.5449717188165168,0.0,-1.7594057533422363,2.6546186076550757,0.0,-1.1967093790565386,-0.296113696398134,0.0,0.5466816811816958,-2.209351013432739,2.2038076357509717,69.70122849010576,71.90503612585674
7.109999999999439,7.23,4.706174399764156,-0.6984708970253248,-1.0979842451138795,2.9510052550308354,3.964334092423548,-0.5543503692778078,0.0,-1.7617960220067235,2.6540087985939262,0.0,-1.1935529037552186,-0.3136967593552472,0.0,0.5812866881062331,-2.2116786157735087,2.198697432274314,69.70614017125607,71.90483760353038
7.111999999999439,7.23,4.703986357875913,-0.6925700014897873,-1.090058657268211,2.949887139537377,3.9612917216601704,-0.5637733838255858,0.0,-1.7641799394935478,2.6533638141406266,0.0,-1.1903581361982287,-0.33128908133092283,0.0,0.6161408718902084,-2.213861975022843,2.1943383664005474,69.71030119391182,71.90463956031236
7.1139999999994386,7.23,4.701814161231628,-0.686671361067414,-1.0821389242838322,2.9487501226814055,3.958479971745113,-0.5732539602125319,0.0,-1.76655742881071,2.6526836358244203,0.0,-1.1871246677887408,-0.3488906147655946,0.0,0.651243131413184,-2.215900208573952,2.1907307536545106,69.71371124194314,71.90444199559765
7.115999999999438,7.23,4.699657798585847,-0.6807750136851002,-1.074224580354496,2.9475940757271712,3.9559034500492603,-0.5828057948943641,0.0,-1.7689284121421416,2.651968245271396,0.0,-1.183852083053398,-0.36650131034898525,0.0,0.6865923780299458,-2.2177923897880762,2.1878749113008227,69.71636999751718,71.904244908818
7.117999999999438,7.23,4.697517259634122,-0.6748809975549476,-1.0663151501984582,2.9464188420313824,3.9535670261445564,-0.5924431021677838,0.0,-1.7712928108339436,2.6512176242081495,0.0,-1.1805399596371555,-0.3841211168550954,0.0,0.7221875334735487,-2.2195375474213805,2.1857711584756903,69.71827714096908,71.90404829944477
7.119999999999438,7.23,4.69539253503248,-0.6689893512311281,-1.0584101485253365,2.9452242359881176,3.9514758405651382,-0.6021806336291551,0.0,-1.7736505453806293,2.650431754465789,0.0,-1.177187868306325,-0.40174998096990533,0.0,0.7580275276743288,-2.2211346650625012,2.1844198163194197,69.71943235067272,71.90385216699214
7.121999999999438,7.23,4.6932836164179985,-0.6631001136688969,-1.0505090794853171,2.9440100419345163,3.9496353136969815,-0.6120336979300323,0.0,-1.7760015354113716,2.64961061798429,0.0,-1.1737953729604753,-0.419387847111549,0.0,0.7941112964913212,-2.222582680583088,2.1838212081093653,69.71983530291088,71.90365651102024
7.1239999999994374,7.23,4.691190496430488,-0.6572133242858331,-1.0426114361004641,2.942776013016687,3.948051154782778,-0.6220181808016294,0.0,-1.7783456996762954,2.6487541968172126,0.0,-1.1703620306538816,-0.4370346572427406,0.0,0.8304377793525042,-2.2238804856038468,2.1839756593935435,69.71948567174502,71.90346133113856
7.125999999999437,7.23,4.689113168735327,-0.6513290230253903,-1.034716699677916,2.9415218700153236,3.9467293710271156,-0.6321505653167181,0.0,-1.7806829560328112,2.647862473136813,0.0,-1.1668873916272322,-0.45469035067521746,0.0,0.8670059168002318,-2.225026924978774,2.1848834981247576,69.71838312888465,71.90326662700942
7.127999999999437,7.23,4.6870516280475,-0.6454472504228351,-1.026824339204786,2.9402473001305878,3.9456762767847664,-0.6424479523526534,0.0,-1.7830132214320347,2.6469354292395426,0.0,-1.163370999350366,-0.47235486386597525,0.0,0.9038146479381913,-2.2260207963005008,2.1865450547952765,69.71652734355622,71.9030723983515
7.129999999999437,7.23,4.6850058701568535,-0.6395680476736579,-1.0189338107246184,2.9389519557259005,3.9448985028130825,-0.6529280812153679,0.0,-1.7853364119052912,2.645973047551974,0.0,-1.1598123905767945,-0.49002813020504943,0.0,0.94086290777616,-2.226860849429778,2.1889606625719993,69.71391798237187,71.90287864494387
7.131999999999437,7.23,4.6829758919546265,-0.6336914567045367,-1.011044556695294,2.9376354530303606,3.944403005566718,-0.6636093503782599,0.0,-1.787652442550754,2.644975310637146,0.0,-1.1562110954108962,-0.507710079794663,0.0,0.9781496244689494,-2.2275457860525405,2.19213065743217,69.71055470919737,71.90268536662954
7.133999999999436,7.23,4.680961691461274,-0.6278175202469382,-1.003156005328322,2.9362973707996116,3.9441970765109966,-0.674510838285876,0.0,-1.7899612275202201,2.643942201201378,0.0,-1.1525666373885968,-0.5254006392194727,0.0,1.015673716445746,-2.2280742592679856,2.1960553782994507,69.7064371850204,71.90249256331985
7.135999999999436,7.23,4.67896326785564,-0.6219462819134381,-0.9952675699095112,2.9349372489350856,3.9442883514269917,-0.6856523241652397,0.0,-1.7922626800060701,2.6428737021015305,0.0,-1.1488785335724783,-0.5430997313077486,0.0,1.0534340894262681,-2.2284448732115263,2.2007351671804707,69.70156506781794,71.9023002349984
7.137999999999436,7.23,4.676980621505504,-0.6160777862768458,-0.9873786481010614,2.933554587061666,3.944684819679071,-0.6970543087828682,0.0,-1.7945567122284247,2.6417697963527784,0.0,-1.1451462946622524,-0.5608072748832542,0.0,1.0914296333200448,-2.2286561827166316,2.2061703693017005,69.69593801242405,71.90210838172575
7.139999999999436,7.23,4.675013753999539,-0.6102120789522135,-0.9794886212251848,2.9321488430639477,3.9453948334123603,-0.7087380350783317,0.0,-1.7968432354225476,2.640630467136862,0.0,-1.1413694251215798,-0.5785231845076637,0.0,1.1296592190053014,-2.228706693019826,2.212361333246584,69.68955567039694,71.90191700364353
7.1419999999994355,7.23,4.673062668180723,-0.6043492066818152,-0.9715968535294319,2.9307194315814185,3.9464271166444873,-0.7207255085987123,0.0,-1.7991221598265117,2.639455697810886,0.0,-1.1375474233222818,-0.5962473702133109,0.0,1.168121694983903,-2.228594859513446,2.2193084110929373,69.6824176898865,71.90172610097945
7.143999999999435,7.23,4.671127368181242,-0.5984892174231756,-0.9637026914339724,2.929265722463035,3.9477907742125966,-0.733039517651001,0.0,-1.801393394669176,2.638245471916653,0.0,-1.1336797817069881,-0.6139797372261305,0.0,1.2068158839090115,-2.228319087550935,2.2270119585504506,69.67452371550165,71.9015356740521
7.145999999999435,7.23,4.669207859458908,-0.5926321604402297,-0.9558054627611606,2.9277870391818555,3.949495300533127,-0.7457036530819607,0.0,-1.8036568481585062,2.6369997731905572,0.0,-1.129765986971342,-0.6317201856786293,0.0,1.2457405789821636,-2.227877732309807,2.2354723350982195,69.66587338817759,71.90134572327581
7.147999999999435,7.23,4.66730414883514,-0.586778086397693,-0.9479044759478087,2.9262826572105616,3.951550588127897,-0.7587423275866625,0.0,-1.805912427470282,2.635718585574067,0.0,-1.1258055202669042,-0.6494686103127671,0.0,1.284894540216673,-2.2272690987176724,2.2446899041222643,69.65646634504364,71.90115624916591
7.149999999999435,7.23,4.6654162445345415,-0.5809270474587183,-0.939999019240681,2.9247518023589283,3.9539669358664677,-0.7721807944390333,0.0,-1.8081600387372245,2.6344018932248217,0.0,-1.1217978574259562,-0.667224900172626,0.0,1.324276490564405,-2.22649144144705,2.254665033052837,69.64630221929141,71.90096725234424
7.151999999999434,7.23,4.663544156226092,-0.5750790973859146,-0.932088359875834,2.923193649074502,3.9567550568700254,-0.7860451655277254,0.0,-1.8103995870386098,2.633049680528327,0.0,-1.117742469209384,-0.6849889382868156,0.0,1.3638851119032682,-2.2255429649848675,2.265398093501451,69.63538064004305,71.9007787335445
7.153999999999434,7.23,4.661687895066007,-0.5692342916458011,-0.9241717432425346,2.9216073187080087,3.9599260860186667,-0.8003624285733277,0.0,-1.8126309763903876,2.631661932110325,0.0,-1.1136388215789523,-0.7027606013405189,0.0,1.4037190408828901,-2.2244218237830626,2.276889461397438,69.62370123222045,71.90059069361789
7.155999999999434,7.23,4.659847473742276,-0.563392687516763,-0.9162483920326127,2.919991877745255,3.9634915869981913,-0.8151604633906206,0.0,-1.8148541097358806,2.6302386328498137,0.0,-1.109486375995219,-0.7205397593371905,0.0,1.4437768646263813,-2.223126122496797,2.289139517124002,69.61126361641521,71.90040313353921
7.157999999999434,7.23,4.658022906520922,-0.5575543442005757,-0.9083175053762373,2.918346336007582,3.9674635588192415,-0.8304680570523537,0.0,-1.8170688889371014,2.6287797678927523,0.0,-1.105284589742436,-0.7383262752498894,0.0,1.484057116286294,-2.2216539163172424,2.3021486456534217,69.5980674087593,71.90021605441272
7.1599999999994335,7.23,4.656214209294,-0.5517193229375583,-0.900378257965242,2.916669644823215,3.971854441735763,-0.8463149177986269,0.0,-1.819275214766746,2.6272853226664927,0.0,-1.1010329162817816,-0.756120004662306,0.0,1.5245582704533471,-2.220003211406157,2.3159172366813765,69.58411222079722,71.9000294574786
7.161999999999433,7.23,4.654421399629358,-0.5458876871254101,-0.8924297991652778,2.914960695172191,3.9766771224851887,-0.862731687525919,0.0,-1.8214729869009307,2.625755282894909,0.0,-1.0967308056342961,-0.7739207953995794,0.0,1.5652787384168831,-2.2181719654397543,2.330445684760126,69.56939765935888,71.899843344119
7.163999999999433,7.23,4.6526444968221865,-0.5400595024417825,-0.8844712521182332,2.913218315807871,3.9819449387680272,-0.8797499526797274,0.0,-1.8236621039127168,2.6241896346143077,0.0,-1.0923777047949343,-0.7917284871490058,0.0,1.6062168632764362,-2.216158088269738,2.3457343894303504,69.55392332643464,71.89965771586499
7.165999999999433,7.23,4.650883521948369,-0.5342348369706271,-0.8765017128365281,2.911441271358421,3.987671682878464,-0.8974022533616637,0.0,-1.8258424632665022,2.6225883641900753,0.0,-1.0879730581791351,-0.8095429110708605,0.0,1.6473709149044378,-2.2139594427095894,2.3617837553514445,69.53768881905154,71.89947257440298
7.167999999999433,7.23,4.6491384979196555,-0.5284137613323593,-0.8685202492910721,2.9096282604120276,3.993871604393619,-0.9157220904532641,0.0,-1.828013961313335,2.6209514583341424,0.0,-1.083516308103349,-0.8273638893995399,0.0,1.6887390847605448,-2.211573845454551,2.3785941924299303,69.5206937291519,71.89928792158183
7.169999999999432,7.23,4.647409449540657,-0.5225963488178628,-0.8605259004948682,2.9077779135900266,4.00055941182226,-0.9347439305440703,0.0,-1.8301764932872262,2.619278904123241,0.0,-1.0790068953009624,-0.8451912350353229,0.0,1.7303194805587736,-2.20899906814399,2.3961661159458933,69.50293764347416,71.89910375942004
7.171999999999432,7.23,4.645696403567682,-0.516782675526357,-0.8525176755844448,2.9058887916125533,4.007750273110133,-0.9545032084434988,0.0,-1.832329953302534,2.6175706890179784,0.0,-1.0744442594750314,-0.8630247511271334,0.0,1.7721101207893668,-2.206232838575048,2.4144999466769486,69.48442014343573,71.89892009011268
7.173999999999432,7.23,4.6439993887694095,-0.5109728205071368,-0.8444945529015107,2.9039593833617796,4.015459814892333,-0.9750363270416917,0.0,-1.834474234352482,2.615826800882774,0.0,-1.0698278398892862,-0.8808642306466888,0.0,1.8141089290979668,-2.203272842076823,2.4335961110196527,69.46514080501935,71.898736916039
7.175999999999432,7.23,4.642318435989391,-0.505166865905182,-0.8364554790774532,2.9019881039482827,4.023704120379115,-0.9963806542755895,0.0,-1.8366092283089075,2.614047228006646,0.0,-1.0651570759987943,-0.8987094559545608,0.0,1.856313728525622,-2.2001167230544225,2.4534550411078366,69.4450991986622,71.89855423977004
7.1779999999994315,7.23,4.640653578210386,-0.49936489711062815,-0.8283993681235304,2.89997329278659,4.032499725755771,-1.018574516944124,0.0,-1.8387348259233103,2.612231959124871,0.0,-1.0604314081216766,-0.9165601983587341,0.0,1.8987222356140467,-2.1967620867124844,2.474077174927696,69.4242948891486,71.8983720640763
7.179999999999431,7.23,4.639004850620503,-0.4935670029120699,-0.8203251005298519,2.8979132116864643,4.04186361497268,-1.0416571911065136,0.0,-1.8408509168292846,2.6103809834415346,0.0,-1.0556502781532369,-0.9344162176662941,0.0,1.9413320543814372,-2.1932065009679067,2.495462956429146,69.40272743550625,71.8981903919354
7.181999999999431,7.23,4.6373722906811325,-0.48777327565366113,-0.8122315223764958,2.895806042967038,4.0518132127971676,-1.0656688887879797,0.0,-1.8429573895464255,2.6084942906529895,0.0,-1.0508131303238084,-0.9522772617290179,0.0,1.984140670175317,-2.1894474985616164,2.517612835633142,69.38039639090712,71.89800922654027
7.183999999999431,7.23,4.635755938196645,-0.4819838113959571,-0.8041174444603713,2.893649887601466,4.062366375994289,-1.0906507407074226,0.0,-1.8450541314857922,2.606571870972225,0.0,-1.045919412001562,-0.9701430659837057,0.0,2.0271454434099607,-2.1854825793792796,2.5405272687345155,69.35730130257261,71.89782857130713
7.185999999999431,7.23,4.6341558353858145,-0.4761987100804303,-0.7959816414417032,2.891442763400346,4.0735413825003,-1.116644774734084,0.0,-1.8471410289570271,2.60461371515416,0.0,-1.0409685745414707,-0.9880133529882023,0.0,2.0703436031971685,-2.181309212990913,2.564206718199917,69.3334417116838,71.89764842988372
7.18799999999943,7.23,4.632572026954922,-0.4704180756975732,-0.7878228510142945,2.8891826032427455,4.085356918448758,-1.143693889772134,0.0,-1.8492179671772182,2.602619814521865,0.0,-1.0359600741815078,-1.0058878319541562,0.0,2.113732240880439,-2.1769248414192397,2.5886516528604244,69.30881715329718,71.8974688061576
7.18999999999943,7.23,4.6310045601725,-0.46464201645848363,-0.7796397731040003,2.8868672533642843,4.097832062907191,-1.1718418247674718,0.0,-1.8512848302815987,2.6005901609937307,0.0,-1.0308933729870915,-1.0237661982776762,0.0,2.1573083034839726,-2.1723268821466295,2.6138625479983446,69.28342715626619,71.89728970426452
7.19199999999943,7.23,4.629453484945641,-0.4588706449698084,-0.7714310691001405,2.884494471712345,4.1109862701797715,-1.2011331225255821,0.0,-1.8533415013361911,2.5985247471115605,0.0,-1.0257679398446327,-1.0416481330691796,0.0,2.2010685870894022,-2.167512731370186,2.6398398854277008,69.25727124316913,71.89711112859683
7.19399999999943,7.23,4.627918853897805,-0.4531040784119007,-0.7631953611248603,2.8820619263790928,4.124839349530785,-1.2316130880278324,0.0,-1.8553878623524835,2.5964235660696153,0.0,-1.0205832515049533,-1.0595333026838127,0.0,2.2450097301546132,-2.1624797675143976,2.6665841535679355,69.23034893024393,71.89693308381187
7.1959999999994295,7.23,4.6264007224480554,-0.4473424387200243,-0.7549312313457452,2.879567194123627,4.139411442183485,-1.2633277409328585,0.0,-1.8574237943042442,2.5942866117445935,0.0,-1.0153387936771545,-1.0774213582539787,0.0,2.289128206790669,-2.157225355010362,2.6940958475102423,69.2026597273304,71.89675557484064
7.197999999999429,7.23,4.624899148891609,-0.4415858527684143,-0.7466372213372836,2.877007758995207,4.154722995449459,-1.296323761950803,0.0,-1.8594491771465727,2.5921138787265363,0.0,-1.0100340621733406,-1.0953119352256255,0.0,2.333420320014498,-2.151746848350165,2.722375469076013,69.17420313782014,71.89657860689616
7.199999999999429,7.23,4.623414194481619,-0.4358344525569797,-0.7383118314970578,2.8743810110701067,4.170794733846848,-1.3306484327849395,0.0,-1.8614638898372955,2.589905362350668,0.0,-1.0046685641044557,-1.1132046529000896,0.0,2.3778821949967637,-2.146041596424554,2.7514235268668226,69.14497865861526,71.89640218548207
7.201999999999429,7.23,4.621945923512061,-0.43008837540040856,-0.7299535205228276,2.8716842453152767,4.187647627068036,-1.3663495693398415,0.0,-1.8634678103608024,2.587661058730129,0.0,-0.9992418191272052,-1.1310991139834137,0.0,2.4225097723260944,-2.1401069471512773,2.7812405363053436,69.11498578009571,71.89622631640106
7.203999999999429,7.23,4.620494403401601,-0.4243477641194064,-0.7215607049569389,2.8689146605925595,4.205302854663796,-1.4034754479089138,0.0,-1.8654608157544277,2.5853809647896098,0.0,-0.9937533607418533,-1.148994904145206,0.0,2.4672988013127344,-2.133940252400819,2.811827019666585,69.08422398609642,71.896051005763
7.205999999999428,7.23,4.6190597047783,-0.4186127672337748,-0.7131317588047555,2.866069358817782,4.223781767316706,-1.4420747240664236,0.0,-1.8674427821374753,2.5830650782998625,0.0,-0.9882027376404163,-1.166891591589248,0.0,2.512244833356555,-2.127538873225363,2.8431835060988573,69.0526927538948,71.89587625999366
7.207999999999428,7.23,4.617641901565003,-0.4128835391570039,-0.7046650132340532,2.863145344289574,4.24310584458579,-1.4821963440087007,0.0,-1.8694135847429958,2.580713397913041,0.0,-0.9825895151044317,-1.1847887266382018,0.0,2.557343215406321,-2.1209001853957066,2.875310531633758,69.02039155420863,71.89570208584239
7.209999999999428,7.23,4.616241071065242,-0.40716024039202525,-0.6961587563625443,2.860139523203251,4.2632966490146496,-1.523889448111193,0.0,-1.871373097952399,2.578325923198872,0.0,-0.9769132764512625,-1.2026858413348953,0.0,2.60258908353901,-2.1140215852498816,2.908208639184603,68.9873198512058,71.8955284903904
7.211999999999428,7.23,4.61485729404947,-0.4014430377277384,-0.6876112331409034,2.8570487033655447,4.284375776508001,-1.5672032664951416,0.0,-1.8733211953330178,2.575902654681591,0.0,-0.97117362452747,-1.2205824490628325,0.0,2.6479773566900286,-2.106900495855764,2.9418783785325777,68.95347710252577,71.89535548105835
7.2139999999994275,7.23,4.613490654841424,-0.395732104435894,-0.6790206453388392,2.8538695941263326,4.30636480289654,-1.6121870064298136,0.0,-1.8752577496786929,2.573443593877627,0.0,-0.9653701832474959,-1.2384780441886742,0.0,2.693502730567037,-2.0995343734886616,2.97632030629997,68.91886275931401,71.89518306561398
7.215999999999427,7.23,4.612141241404415,-0.39002762046788236,-0.6703851516419019,2.8505988065438514,4.329285226627482,-1.658889731433547,0.0,-1.8771826330534838,2.5709487433339726,0.0,-0.9595025991754507,-1.256372101729594,0.0,2.7391596717820668,-2.091920714423135,3.0115349859097575,68.88347626626961,71.89501125217937
7.217999999999427,7.23,4.610809145427295,-0.3843297726509447,-0.6617028678668229,2.8472328538000884,4.353158407537607,-1.7073602319787016,0.0,-1.879095716838589,2.5684181066671905,0.0,-0.9535705431474328,-1.2742640770485596,0.0,2.7849424122385984,-2.0840570620366634,3.047522987530969,68.8473170617068,71.89484004923777
7.219999999999427,7.23,4.609494462409879,-0.3786387548832889,-0.6529718673032433,2.8437681518832036,4.378005501688204,-1.757646887754026,0.0,-1.8809968717825365,2.5658516886029994,0.0,-0.9475737119313395,-1.2921534055806254,0.0,2.8308449438118375,-2.075941014220756,3.0842848880089626,68.8103845776313,71.89466946564026
7.221999999999427,7.23,4.608197291747545,-0.3729547683275598,-0.6441901811897108,2.8402010205538684,4.403847392266781,-1.8097975214927828,0.0,-1.8828859680547425,2.5632494950163807,0.0,-0.9415118299206967,-1.3100395025935572,0.0,2.876861013362524,-2.067570231093107,3.1218212707801833,68.77267823983168,71.89449951061187
7.223999999999426,7.23,4.606917736814741,-0.3672780216020784,-0.6353557993317809,2.8365276846123297,4.430704616587639,-1.8638592444332538,0.0,-1.8847628753024783,2.560611532972111,0.0,-0.935384650858496,-1.3279217629860876,0.0,2.9229841181258958,-2.0589424430020165,3.16013272577046,68.73419746798666,71.89433019375713
7.225999999999426,7.23,4.605655905047111,-0.3616087309692327,-0.6264666708699681,2.8327442754828187,4.458597289254597,-1.9198782935456444,0.0,-1.8866274627113158,2.5579378107656825,0.0,-0.9291919595866152,-1.3457995611272566,0.0,2.969207501519126,-2.0500554588120803,3.1992198492764325,68.69494167578915,71.89416152506558
7.227999999999426,7.23,4.604411908021923,-0.3559471205203685,-0.6175207052051335,2.828846833131572,4.487545021582372,-1.977899860730485,0.0,-1.8884795990690901,2.555228337964469,0.0,-0.9229335738157538,-1.3636722507403451,0.0,3.0155241494118026,-2.0409071744573306,3.239083243829292,68.6549102710867,71.89399351491599
7.229999999999426,7.23,4.603185861536493,-0.35029342235649763,-0.6085157730886618,2.8248313083342564,4.5175668374096025,-2.0379679142724703,0.0,-1.8903191528334242,2.55248312544911,0.0,-0.9166093459104079,-1.3815391648349389,0.0,3.0619267869051003,-2.031495581745568,3.279723518040308,68.61410265604044,71.89382617408076
7.2319999999994256,7.23,4.601977885684242,-0.3446478767641091,-0.5994497078844822,2.8206935653079324,4.54868108547479,-2.100125012915756,0.0,-1.8921459922028248,2.549702185454946,0.0,-0.9102191646827391,-1.3993996156907071,0.0,3.108407875666215,-2.021818777394522,3.321141286427544,68.57251822730117,71.89365951372872
7.233999999999425,7.23,4.6007881049280694,-0.3390107323853396,-0.5903203070096001,2.8164293847218724,4.580905348568733,-2.164412113018014,0.0,-1.8939599851913766,2.5468855316134653,0.0,-0.9037629571887322,-1.4172528948964875,0.0,3.1549596118652476,-2.011874972277693,3.363337169223159,68.53015637620513,71.89349354542829
7.235999999999425,7.23,4.599616648170646,-0.33338224638173264,-0.5811253335593383,2.8120344671005437,4.614256349719906,-2.2308683693327334,0.0,-1.8957609997070213,2.5440331789935793,0.0,-0.8972406905193824,-1.4350982734482218,0.0,3.2015739247619592,-2.0016625008544486,3.4063117921608335,68.48701648898788,71.89332828114871
7.237999999999425,7.23,4.598463648821278,-0.3277626845907893,-0.5718625181229239,2.807504436630864,4.6487498557159075,-2.2995309300698255,0.0,-1.897548903633409,2.541145144142678,0.0,-0.8906523735791847,-1.4529350019092795,0.0,3.2482424759899278,-1.991179830755979,3.4500657862428534,68.44309794701866,71.89316373326152
7.239999999999425,7.23,4.5973292448589405,-0.32215232167449076,-0.5625295607944113,2.8028348453844423,4.684400578311103,-2.3704347269856783,0.0,-1.899323564915282,2.538221445127264,0.0,-0.8839980588435323,-1.4707623106365781,0.0,3.294956659585089,-1.9804255724951865,3.494599787486334,68.39840012705385,71.89299991454018
7.2419999999994245,7.23,4.5962135788910885,-0.3165514412589543,-0.5531241333831735,2.7980211779639026,4.721222073520211,-2.4436122613609372,0.0,-1.9010848516473584,2.5352621015730903,0.0,-0.8772778440861917,-1.488579410075855,0.0,3.3417076028050063,-1.9693984892655632,3.5399144366484157,68.35292240151097,71.89283683815938
7.243999999999424,7.23,4.59511679820785,-0.3109603360643657,-0.5436438818273497,2.7930588565805707,4.759226639447525,-2.5190933868315017,0.0,-1.9028326321666156,2.5322671347046226,0.0,-0.8704918740674079,-1.5063854911292114,0.0,3.388486167783773,-1.9580975067905624,3.58601037892993,68.30666413876298,71.89267451769291
7.245999999999424,7.23,4.594039054831184,-0.30537930802432073,-0.5340864288126871,2.7879432465687586,4.798425213152063,-2.5969050901476205,0.0,-1.9045667751479116,2.5292365673837005,0.0,-0.863640342172749,-1.524179725597957,0.0,3.4352829540659653,-1.9465217231818286,3.632888263657443,68.25962470345333,71.89251296711078
7.247999999999424,7.23,4.59298050555859,-0.29980866839369874,-0.5244493765981612,2.782669662339625,4.838827267099559,-2.6770712710446407,0.0,-1.906287149702829,2.526170424147228,0.0,-0.8567234919922863,-1.5419612667034983,0.0,3.4820883020607125,-1.9346704187612886,3.680548743943543,68.21180345683132,71.89235220077487
7.249999999999424,7.23,4.59194131200097,-0.29424873784418815,-0.5147303100486093,2.777233373775119,4.880440705801962,-2.7596125225164103,0.0,-1.9079936254816006,2.523068731243742,0.0,-0.8497416188293047,-1.5597292496887474,0.0,3.528892297454237,-1.9225430657990314,3.728992476325219,68.16319975710832,71.89219223343353
7.251999999999423,7.23,4.590921640614206,-0.2886998465465858,-0.5049267998733606,2.771629613059817,4.923271763293406,-2.84454591288618,0.0,-1.909686072777979,2.5199315166687084,0.0,-0.8426950711273532,-1.5774827925022525,0.0,3.5756847766160194,-1.9101393381158722,3.7782201203805172,68.1138129598346,71.89203308021513
7.253999999999423,7.23,4.589921662724065,-0.2831623342389985,-0.49503640606850263,2.7658535819455845,4.9673249021383485,-2.9318847711705205,0.0,-1.9113643626368617,2.51675881019835,0.0,-0.8355842518040888,-1.5952209965668604,0.0,3.622455333029804,-1.8974591204965847,3.82823233832344,68.06364241829641,71.89187475661986
7.255999999999423,7.23,4.588941554544018,-0.277636550280089,-0.48505668155898635,2.759900459440903,5.012602714709786,-3.021638477322713,0.0,-1.913028366964493,2.513550643421854,0.0,-0.8284096194801516,-1.6129429476343649,0.0,3.669193324776376,-1.884502517857284,3.8790297945775363,68.01268748393281,71.89171727851034
7.257999999999423,7.23,4.587981497185575,-0.27212285368652805,-0.4749851760352613,2.7537654099134428,5.059105827515803,-3.1138122590287924,0.0,-1.9146779586409954,2.510307049771795,0.0,-0.8211716895911114,-1.630647716727104,0.0,3.7158878830898896,-1.8712698641080703,3.9306131553283685,67.96094750677287,71.89156066210124
7.2599999999994225,7.23,4.5870416766607605,-0.2666216131538399,-0.4648194399775343,2.7474435915910402,5.10683280938642,-3.2084069968019193,0.0,-1.9163130116350064,2.5070280645525735,0.0,-0.8138710353703831,-1.648334361167047,0.0,3.7625279220041468,-1.857761730649961,3.9829830880554327,67.9084218358912,71.89140492394664
7.261999999999422,7.23,4.586122283876362,-0.2611332070598627,-0.4545570288590953,2.7409301654426894,5.15578008436205,-3.3054190391839064,0.0,-1.9179334011201377,2.5037137249667176,0.0,-0.8065082886910762,-1.6660019256923366,0.0,3.809102149098939,-1.8439789344436872,4.0361402610441175,67.85510981988253,71.89125008092665
7.263999999999422,7.23,4.585223514619597,-0.25565802345008465,-0.4441955075184479,2.7342203044174775,5.205941850146448,-3.4048400299088195,0.0,-1.9195390035929702,2.5003640701388585,0.0,-0.7990841407547424,-1.6836494436607305,0.0,3.855599077349994,-1.829922545586535,4.090085342878432,67.80101080735363,71.89109615023207
7.265999999999422,7.23,4.584345569534878,-0.2501964600041659,-0.4337324546882373,2.727309203015661,5.257310003002614,-3.5066567489169413,0.0,-1.9211296969922613,2.4969791411372206,0.0,-0.7915993426152688,-1.7012759383387557,0.0,3.9020070380788145,-1.8155938943329126,4.144819001915353,67.74612414743234,71.89094314934769
7.267999999999422,7.23,4.583488654091376,-0.24474892398301035,-0.42316546766720825,2.7201920871622813,5.309874069975231,-3.610850969117994,0.0,-1.922705360819025,2.49355898099244,0.0,-0.7840547055263887,-1.7188804242747793,0.0,3.9483141949910245,-1.8009945774939327,4.20034190574179,67.69044919029213,71.89079109603392
7.269999999999421,7.23,4.582652978541109,-0.2393158321558151,-0.412492167119656,2.7128642243499232,5.3636211493208314,-3.717399330797096,0.0,-1.9242658762571243,2.490103634713566,0.0,-0.7764511011017786,-1.7364619087535398,0.0,3.994508559283787,-1.786126464151875,4.256654720615316,67.63398528769164,71.89064000830696
7.271999999999421,7.23,4.5818387578673185,-0.23389761070659595,-0.40171020198508417,2.7053209340134656,5.418535860013642,-3.8262732355276876,0.0,-1.9258111262939843,2.486613149301064,0.0,-0.768789461277221,-1.7540193933289818,0.0,4.040578005794271,-1.7709917006262776,4.313758110889938,67.57673179352733,71.89048990441727
7.273999999999421,7.23,4.581046211722929,-0.22849469511976533,-0.3908172544790694,2.6975575980959787,5.474600301171526,-3.9374387614045796,0.0,-1.9273409958410266,2.4830875737566798,0.0,-0.761070778064998,-1.7715518754315593,0.0,4.086510290152444,-1.7555927146301031,4.37165273842825,67.51868806439812,71.89034080282637
7.275999999999421,7.23,4.580275564358937,-0.22310753004442363,-0.3798110451646762,2.6895696717613835,5.531794022210566,-4.050856601332304,0.0,-1.928855371853392,2.479526959090026,0.0,-0.7532961030915059,-1.7890583500454436,0.0,4.132293066892395,-1.7399322185567732,4.430339262001583,67.45985346018077,71.89019272218235
7.2779999999994205,7.23,4.579527044542602,-0.2177365691371183,-0.3686893380721932,2.6813526942061032,5.590094004491881,-4.166482026006333,0.0,-1.9303541434485223,2.475931358321748,0.0,-0.7454665469099999,-1.8065378114503703,0.0,4.177913908467242,-1.7240132118418707,4.489818336679804,67.4002273446139,71.8900456812937
7.27999999999942,7.23,4.57880088546537,-0.21238227488292274,-0.35744994584349193,2.6729022995187934,5.649474655163917,-4.284264873093969,0.0,-1.9318372020231322,2.472300826483123,0.0,-0.7375832780814229,-1.8239892550221368,0.0,4.223360325103492,-1.707838982346994,4.550090613212491,67.33980908588867,71.88989969910116
7.28199999999942,7.23,4.578097324640502,-0.20704511839479214,-0.3460907348759701,2.6642142275343628,5.709907813834708,-4.40414956397286,0.0,-1.933304441368104,2.468635420612051,0.0,-0.7296475220175465,-1.8414116790850619,0.0,4.268619785421536,-1.6914131067179028,4.611156737403485,67.27859805724563,71.88975479464912
7.28399999999942,7.23,4.577416603790441,-0.2017255791912639,-0.3346096304398529,2.6552843346259616,5.771362772625435,-4.526075149204762,0.0,-1.9347557577808325,2.464935199745243,0.0,-0.7216605595818275,-1.8588040868090543,0.0,4.313679737740028,-1.6747394496739363,4.673017349480759,67.21659363757348,71.88961098705424
7.28599999999942,7.23,4.576758968723992,-0.19642414495268462,-0.323004621741615,2.646108604376454,5.83380631006419,-4.6499753837224285,0.0,-1.9361910501745225,2.461200224906621,0.0,-0.7136237254449349,-1.87616548814327,0.0,4.358527631973195,-1.657822162191849,4.73567308346384,67.15379521201011,71.88946829547395
7.287999999999419,7.23,4.57612466920345,-0.19114131125626463,-0.31127376690547065,2.6366831580691583,5.897202739173315,-4.775778832478954,0.0,-1.9376102201839536,2.4574305590917938,0.0,-0.7055384061933339,-1.8934949017777405,0.0,4.403150942021866,-1.6406656785535076,4.799124566530859,67.09020217254185,71.88932673907271
7.289999999999419,7.23,4.575513958801875,-0.1858775812903831,-0.2994151978442854,2.6270042649363825,5.961513969990456,-4.903409007064055,0.0,-1.9390131722672128,2.4536262672485942,0.0,-0.6974060381909707,-1.9107913571237842,0.0,4.447537188551219,-1.6232747122340987,4.863372418387664,67.02581391859974,71.88918633698741
7.291999999999419,7.23,4.574927094750756,-0.18063346554868992,-0.28742712499090206,2.617068352103537,6.026699586640769,-5.032784533526424,0.0,-1.9403998138029066,2.4497874162536593,0.0,-0.6892281051957879,-1.9280538963035205,0.0,4.4916739620412365,-1.6056542506151963,4.928417250641271,66.96062985765042,71.88904710829169
7.293999999999419,7.23,4.574364337778379,-0.17540948150467597,-0.27530784186077306,2.6068720141664135,6.092716938945054,-5.163819351354685,0.0,-1.9417700551823627,2.445914074885014,0.0,-0.6810061357345278,-1.9452815761383466,0.0,4.535548945989434,-1.587809548515154,4.99425966618012,66.89464940577882,71.88890907195895
7.2959999999994185,7.23,4.573825951939259,-0.17020615326750735,-0.26305572941695166,2.596412022339591,6.15952124841493,-5.296422943280305,0.0,-1.943123809896345,2.442006313790689,0.0,-0.6727417002410915,-1.962473470125916,0.0,4.579149940140148,-1.5697461205379346,5.060900258563551,66.82787198826091,71.88877224682446
7.297999999999418,7.23,4.573312204435071,-0.16502401122004257,-0.25066926020893837,2.5856853331149354,6.227065728341365,-5.430500595253526,0.0,-1.9444609946158158,2.438064205453421,0.0,-0.6644364079655783,-1.9796286703948207,0.0,4.622464883610035,-1.5514697322505056,5.12833961142302,66.76029704012389,71.8886366515469
7.299999999999418,7.23,4.572823365427541,-0.15986359164007247,-0.23814700225760613,2.5746890963707365,6.295301717542465,-5.565953685639778,0.0,-1.94578152926629,2.4340878241514567,0.0,-0.6560919036628656,-1.996746289626036,0.0,4.665481877776267,-1.5329863902078988,5.196578297877477,66.6919240066913,71.88850230456877
7.301999999999418,7.23,4.572359707843857,-0.15472543630593916,-0.2254876226594413,2.5634206628742606,6.364178827189975,-5.702680002368136,0.0,-1.94708533709536,2.430077245915563,0.0,-0.6477098640714909,-2.013825462930077,0.0,4.7081892087916675,-1.514302330854576,5.265616879965395,66.622752344111,71.8883692240764
7.303999999999418,7.23,4.57192150717516,-0.1496100920878019,-0.21268989088464313,2.5518775911233424,6.433645099992257,-5.84057408645782,0.0,-1.9483723447329764,2.426032548482338,0.0,-0.6392919941953168,-2.03086534966881,0.0,4.750575369590073,-1.4954240083399235,5.335455908095853,66.5527815198636,71.88823742795945
7.305999999999417,7.23,4.571509041268777,-0.14451811052592364,-0.19975268174520575,2.5400576534760786,6.503647180872551,-5.979527600048966,0.0,-1.9496424822441063,2.4219538112439487,0.0,-0.6308400234021865,-2.0478651352109782,0.0,4.792629081245671,-1.4763580812950066,5.4060959205210555,66.48201101324926,71.88810693377032
7.307999999999417,7.23,4.571122590114856,-0.13945004739744943,-0.1866749780109662,2.527958841521734,6.574130498148416,-6.119429716777673,0.0,-1.950895683173421,2.4178411151944124,0.0,-0.622355701355364,-2.0648240326107334,0.0,4.834339313551761,-1.4571113986266353,5.477537442832538,66.41044031585028,71.88797775868282
7.309999999999417,7.23,4.57076243562815,-0.13440646227323752,-0.17345587265371354,2.515579370650552,6.645039454093555,-6.260167532066929,0.0,-1.9521318845816933,2.413694542872629,0.0,-0.613840793795162,-2.081741284198752,0.0,4.875695304687447,-1.4376909843936891,5.549780987483273,66.3380689319682,71.88784991945147
7.311999999999417,7.23,4.5704288614256825,-0.1293879180663834,-0.1600945707018095,2.5029176837852742,6.716317623649919,-6.401626490661297,0.0,-1.9533510270736214,2.409514178302322,0.0,-0.6052970781894524,-2.09861616307597,0.0,4.9166865798452735,-1.4181040218386534,5.622827053337787,66.26489637903273,71.88772343237052
7.3139999999994165,7.23,4.570122152601123,-0.12439498057414584,-0.14659039069033974,2.4899724542427437,6.7879079599538725,-6.543690828509809,0.0,-1.9545530548168453,2.40530010692908,0.0,-0.5967263392730424,-2.115447974500487,0.0,4.957302968698563,-1.3983578366550833,5.696676125252104,66.19092218798113,71.88759831323324
7.315999999999416,7.23,4.569842595496669,-0.11942821801504175,-0.13294276569457575,2.4767425876999405,6.859753005255499,-6.686244025919897,0.0,-1.9557379155519383,2.401052415554768,0.0,-0.5881303644970286,-2.132236057158819,0.0,4.997534621594317,-1.3784598795788305,5.771328673685454,66.11614590360645,71.88747457729191
7.317999999999416,7.23,4.569590477473284,-0.11448820056292083,-0.11915124393744564,2.4632272232451258,6.931795105735155,-6.829169268745131,0.0,-1.9569055605932397,2.3967711922694868,0.0,-0.5795109394100288,-2.148979784313421,0.0,5.037372024365908,-1.3584177083967994,5.846785154345298,66.04056708487269,71.88735223921799
7.319999999999416,7.23,4.569366086680154,-0.10957549987986437,-0.1052154889647611,2.4494257335013585,7.003976628669231,-6.972349914258528,0.0,-1.9580559448203871,2.392456526381393,0.0,-0.5708698429940282,-2.1656785648191548,0.0,5.076806011669084,-1.3382389694726846,5.923046007867041,65.96418530519635,71.8872313130634
7.321999999999416,7.23,4.569169711824234,-0.10469068864976992,-0.0911352793850835,2.435337723816433,7.076240180357918,-7.115669958280894,0.0,-1.959189026660503,2.3881085083446054,0.0,-0.5622088429779648,-2.1823318440023383,0.0,5.115827778755579,-1.3179313788932752,6.000111659529816,65.88700015269252,71.88711181222234
7.323999999999415,7.23,4.56900164194074,-0.09983434011448959,-0.07691050817430672,2.4209630305201877,7.1485288232129145,-7.259014500103509,0.0,-1.9603047680610008,2.383727229685514,0.0,-0.5535296911525394,-2.1989391043968904,0.0,5.154428891609762,-1.2975027033424893,6.07798251900923,65.80901123038537,71.88699374939459
7.325999999999415,7.23,4.568862166165474,-0.09500702761438028,-0.06254118154824125,2.4063017182570574,7.220786290402335,-7.402270201745439,0.0,-1.9614031344530471,2.3793127829277347,0.0,-0.5448341187097225,-2.2154998663331504,0.0,5.192601295386243,-1.2769607408124788,6.156658980167937,65.73021815638133,71.88687713654926
7.327999999999415,7.23,4.568751573509824,-0.09020932413510191,-0.04802741740966984,2.3913540764086245,7.292957196473632,-7.545325738138873,0.0,-1.9624840947057405,2.374865261516066,0.0,-0.5361238316303829,-2.232013688375956,0.0,5.230337321098958,-1.256313301262625,6.236141420884625,65.65062056400586,71.88676198489048
7.329999999999415,7.23,4.568670152639296,-0.08544180186246315,-0.03336944337946768,2.376120614627646,7.364987242413836,-7.688072234921725,0.0,-1.9635476210711382,2.3703847597397014,0.0,-0.5274005061429479,-2.248480167609693,0.0,5.267629690525834,-1.2355681873371078,6.316430202921737,65.57021810190233,71.88664830482406
7.3319999999994145,7.23,4.568618191656376,-0.08070503174706488,-0.018567594424403082,2.3606020575115565,7.436823413667664,-7.830403690651195,0.0,-1.964593689120286,2.365871372655036,0.0,-0.5186657842755259,-2.264898939769087,0.0,5.304471519306594,-1.2147331752510082,6.397525671832001,65.48901043409381,71.88653610592581
7.333999999999414,7.23,4.568595977888542,-0.07599958308042902,-0.0036223100971228828,2.3447993384496586,7.50841416970873,-7.972217380416026,0.0,-1.9656222776704693,2.3613251960083703,0.0,-0.5099212695230574,-2.2812696792156637,0.0,5.340856318225207,-1.193815995952742,6.479428156903745,65.40699724000794,71.88642539691169
7.335999999999414,7.23,4.568603797682157,-0.07132602308422656,0.011465868593457947,2.328713592684055,7.579709623853447,-8.113414238031357,0.0,-1.9666333687039217,2.3567463261587926,0.0,-0.5011685226500318,-2.2975920987608323,0.0,5.376777992682075,-1.1728243166674384,6.562137971144401,65.32417821446455,71.88631618560895
7.337999999999414,7.23,4.568641936202983,-0.06668491651413237,0.026696302660624564,2.3123461496297804,7.650661712115245,-8.253899214235744,0.0,-1.9676269472783008,2.352134860001596,0.0,-0.4924090576482265,-2.3138659493377247,0.0,5.4122308403749315,-1.151765722922054,6.645655411301831,65.24055306762816,71.88620847892999
7.339999999999414,7.23,4.568710677243973,-0.06207682527973906,0.0420682589441654,2.2956985245044956,7.721224350015471,-8.393581608568763,0.0,-1.9686030014292424,2.3474908948924824,0.0,-0.4836443378674342,-2.330091019524858,0.0,5.447209547220269,-1.130647701147628,6.729980757922465,65.15612152492498,71.88610228284745
7.341999999999413,7.23,4.568810303040986,-0.05750230808185654,0.05758091421545143,2.2787724093224635,7.791353576402043,-8.532375372900528,0.0,-1.9695615220653648,2.342814528572864,0.0,-0.4748757723357284,-2.3462671349257667,0.0,5.481709181560139,-1.1094776219484423,6.8151142754451595,65.07088332692597,71.88599760237112
7.343999999999413,7.23,4.568941094096981,-0.05296192006841095,0.07323335955647184,2.2615696633112803,7.861007683464766,-8.670199384884281,0.0,-1.970502502856121,2.3381058590965482,0.0,-0.46610471228414996,-2.362394157409661,0.0,5.515725186711053,-1.088262724121094,6.901056212329652,64.98483822919762,71.88589444152727
7.345999999999413,7.23,4.569103329015227,-0.048456212510036276,0.08902460498453103,2.2440923028129807,7.93014733228394,-8.806977689923903,0.0,-1.971425940112904,2.3333649847580844,0.0,-0.45733244788897387,-2.3784719842190127,0.0,5.549253371922948,-1.0670100994992318,6.987806801217863,64.89798600212173,71.88579280333958
7.347999999999413,7.23,4.569297284341982,-0.04398573249632601,0.10495358429313692,2.226342490733622,7.9987356534006455,-8.942639710577316,0.0,-1.9723318326638737,2.3285920040230095,0.0,-0.44856020524283613,-2.3945005469508422,0.0,5.582289901826707,-1.045726678691715,7.075366259126577,64.81032643068565,71.88569268981223
7.349999999999413,7.23,4.569523234419041,-0.03955102265358247,0.12101916007873839,2.2083225256072763,8.066738332049429,-9.077120422647383,0.0,-1.9732201817229633,2.323787015460253,0.0,-0.4397891435641562,-2.4104798104191185,0.0,5.614831284457865,-1.024419217773744,7.163734787669541,64.72185931424522,71.88559410191476
7.351999999999412,7.23,4.569781451246502,-0.035152620884767824,0.13722012892240404,2.190034830341535,8.13412367784517,-9.210360497538652,0.0,-1.9740909907535396,2.3189501176769407,0.0,-0.43102035265236094,-2.426409771406338,0.0,5.646874357952483,-1.0030942859818621,7.252912573306871,64.63258446626247,71.88549703956934
7.353999999999412,7.23,4.570072204356024,-0.03079106013222621,0.15355522669526983,2.1714819407121353,8.200862678868956,-9.342306410789778,0.0,-1.974944265327231,2.3140814092557815,0.0,-0.42225485059441115,-2.442290457312902,0.0,5.6784162760183605,-0.981758254454749,7.3428997876196815,64.54250171401975,71.88540150163944
7.355999999999412,7.23,4.570395760694789,-0.026466868163611275,0.17002313395661653,2.152666493674197,8.266929040238468,-9.472910516995661,0.0,-1.9757800129784266,2.3091809886952697,0.0,-0.41349358172628836,-2.458121924713322,0.0,5.709454492290537,-0.9604172860529657,7.43369658760767,64.45161089831336,71.88530748592103
7.357999999999412,7.23,4.570752384520333,-0.022180567381318832,0.18662248141374954,2.1335912155568155,8.332299207390168,-9.602131091639286,0.0,-1.9765982430549431,2.3042489543528393,0.0,-0.404737414851075,-2.4739042578286057,0.0,5.7399867436848275,-0.9390773262816341,7.525303116007002,64.3599118731281,71.88521498913511
7.3599999999994115,7.23,4.571142337306328,-0.017932674655592392,0.2033518554134409,2.11425891020644,8.396952374428686,-9.729932340629999,0.0,-1.9773989665653955,2.2992854043911706,0.0,-0.3959871417135252,-2.489637566924464,0.0,5.770011032866625,-0.9177440953314804,7.617719501626265,64.26740450529631,71.88512400692258
7.361999999999411,7.23,4.571565877659361,-0.013723701181339924,0.2202098034355234,2.0946724471426132,8.460870478019618,-9.85628437860513,0.0,-1.9781821960237675,2.2942904367277484,0.0,-0.38724347572911544,-2.505321986645073,0.0,5.799525609954439,-0.896423081244822,7.710945859697689,64.1740886741429,71.88503453384058
7.363999999999411,7.23,4.57202326124667,-0.009554152358575577,0.23719483956029241,2.074834749787285,8.524038177410652,-9.981163177285724,0.0,-1.978947945291688,2.2892641489878227,0.0,-0.378507050963952,-2.52095767429219,0.0,5.828528953578786,-0.8751195342050054,7.804982292241018,64.07996427111965,71.88494656336067
7.365999999999411,7.23,4.572514740734773,-0.005424527696280249,0.2543054498826385,2.0547487838261302,8.586442821263379,-10.1045504853865,0.0,-1.9796962294189204,2.284206638460843,0.0,-0.36977842136024475,-2.536544808059397,0.0,5.857019751417014,-0.8538384619397748,7.8998288884373995,63.98503119943109,71.88486008786849
7.367999999999411,7.23,4.573040565738845,-0.0013353207393611956,0.2715400978472869,2.034417545757102,8.64807440206266,-10.226433721761293,0.0,-1.980427064482539,2.2791180020604784,0.0,-0.361058060200612,-2.552083585231081,0.0,5.884996880323517,-0.8325846262217418,7.995485725010536,63.88928937365471,71.88477509866524
7.36999999999941,7.23,4.573600982782671,0.002712980981716114,0.28889722948112506,2.0138440516779506,8.708925498940935,-10.346805843615716,0.0,-1.9811404674252642,2.2739983362882543,0.0,-0.3523463598030771,-2.56757422035559,0.0,5.912459386172741,-0.8113625404421566,8.091952866612315,63.79273871935812,71.88469158597043
7.37199999999941,7.23,4.57419623526894,0.006719895979150402,0.30637527850033625,1.993031326360623,8.76899120981365,-10.465665191744112,0.0,-1.9818364558934158,2.268847737200865,0.0,-0.3436436314373966,-2.583016943401695,0.0,5.939406463529336,-0.7901764682278959,8.189230366210312,63.69537917271571,71.88460953892603
7.37399999999941,7.23,4.57482656345961,0.010684948814499624,0.3239726712718945,1.9719823926564668,8.828269073765505,-10.583015314839557,0.0,-1.9825150480749083,2.2636663003811828,0.0,-0.33495010545228876,-2.598411997907162,0.0,5.965837435255996,-0.7690304230659587,8.287318265474411,63.59721068012743,71.88452894560184
7.37599999999941,7.23,4.575492204466037,0.014607670084550677,0.34168783161089067,1.950700261271982,8.886758984659476,-10.6988647749934,0.0,-1.9831762625377007,2.2584541209129707,0.0,-0.32626593160212525,-2.6137596391277973,0.0,5.991751732164853,-0.7479281688945807,8.386216595159826,63.498233197842325,71.88444979300215
7.3779999999994095,7.23,4.576193392248515,0.0184875963871411,0.3595191853971228,1.9291879209505924,8.944463096958648,-10.813226936537308,0.0,-1.9838201180690924,2.253211293359294,0.0,-0.3175911795609079,-2.62906013219494,0.0,6.017148872813225,-0.7268732216158542,8.485925375484134,63.39844669158933,71.88437206707346
7.379999999999409,7.23,4.576930357624868,0.022324270267776645,0.3774651649963734,1.9074483290915867,9.001385724757117,-10.926119740392053,0.0,-1.984446633516222,2.2479379117445957,0.0,-0.30892583961060927,-2.644313750288796,0.0,6.042028443538611,-0.7058688514808412,8.586444616495514,63.297851136217425,71.88429575271294
7.381999999999409,7.23,4.577703328287665,0.026117240147946617,0.3955242134737857,1.885484402833058,9.05753323501323,-11.03756546607815,0.0,-1.985055827628105,2.2426340695404012,0.0,-0.30026982349049336,-2.6595207728345334,0.0,6.0663900788217155,-0.6849180862952439,8.687774318429923,63.19644651534793,71.88422083377785
7.383999999999409,7.23,4.578512528829652,0.029866060236088232,0.41369478858872366,1.8632990106213934,9.112913935961165,-11.147590483503883,0.0,-1.9856477188995207,2.2372998596546183,0.0,-0.29162296539364374,-2.674681483727478,0.0,6.090233442059735,-0.6640237153912861,8.789914472054763,63.09423282104113,71.8841472930959
7.385999999999409,7.23,4.579358180776947,0.033570290422192166,0.4319753665624292,1.840894964285688,9.167537961653037,-11.25622499659223,0.0,-1.9862223254170275,2.23193537442433,0.0,-0.2829850230966101,-2.6897961695931665,0.0,6.113558206825384,-0.6431882943095358,8.892865058996687,62.99121005347904,71.88407511247573
7.387999999999408,7.23,4.580240502629538,0.03722949615707412,0.4503644456116649,1.818275011631398,9.221417153552256,-11.36350278073779,0.0,-1.9867796647073601,2.2265407056120603,0.0,-0.27435567920805665,-2.70486511808744,0.0,6.136364038680219,-0.622414150133449,8.996626052051523,62.887378220667216,71.88400427271874
7.389999999999408,7.23,4.581159709908606,0.040843248317361906,0.4688605492433284,1.7954418295636656,9.274564940054903,-11.469460915987655,0.0,-1.9873197535884282,2.2211159444053514,0.0,-0.2657345425221592,-2.7198886162411338,0.0,6.158650577603793,-0.6017033874185252,9.10119741547394,62.782737338156295,71.88393475363023
7.391999999999408,7.23,4.582116015210201,0.044411123057264815,0.4874622293067372,1.7723980177470484,9.326996214773542,-11.574139517746264,0.0,-1.987842608023117,2.215661181419649,0.0,-0.257121149462752,-2.7348669488533703,0.0,6.1804174210933445,-0.5810578946582379,9.206579105245146,62.67728742878682,71.88386653403197
7.393999999999408,7.23,4.583109628264775,0.04793270164820177,0.5061680688018975,1.749146092804907,9.378727214362234,-11.677581466681998,0.0,-1.9883482429760542,2.2101765067043204,0.0,-0.24851496560427727,-2.7498003969368323,0.0,6.201664107981736,-0.5604793512289853,9.3127710693165,62.571028522457624,71.88379959177412
7.3959999999994075,7.23,4.5841407560020855,0.051407570307368256,0.5249766844435725,1.7256884830584662,9.429775396607901,-11.779832139395335,0.0,-1.9888366722734883,2.2046620097517367,0.0,-0.23991538725596645,-2.7646892362178646,0.0,6.22239010301477,-0.539969234757364,9.41977324782748,62.4639606559204,71.88373390374788
7.397999999999407,7.23,4.585209602620992,0.05483532001631873,0.5438867289823609,1.7020275238025773,9.480159319453982,-11.880939141278724,0.0,-1.989307908466379,2.1991177795092987,0.0,-0.23132174309604603,-2.7795337356936285,0.0,6.242594782222413,-0.5195288288543152,9.527585573296037,62.35608387260169,71.88366944589772
7.399999999999407,7.23,4.586316369663642,0.05821554633063278,0.5628968932852617,1.6781654531124786,9.529898521559419,-11.98095204286059,0.0,-1.9897619626968046,2.1935439043942893,0.0,-0.2227332958431739,-2.7943341562481026,0.0,6.2622774191124515,-0.49915923116224414,9.636207970780063,62.24739822245384,71.8836061932339
7.401999999999407,7.23,4.58746125609359,0.06154784918171914,0.5820059081793512,1.6541044081734058,9.579013404936264,-12.079922120795292,0.0,-1.9901988445677339,2.187940472311438,0.0,-0.2141492439528429,-2.8090907493280968,0.0,6.281437171708992,-0.4788613616632047,9.745640358008318,62.13790376183643,71.88354411984474
7.403999999999407,7.23,4.588644458377368,0.0648318326717934,0.6012125460632173,1.6298464221227127,9.627525120144483,-12.177902104519703,0.0,-1.990618562016207,2.1823075706730606,0.0,-0.20556872332700266,-2.823803755680059,0.0,6.30007307045289,-0.4586359711983352,9.855882645479483,62.02760055342905,71.88348319890854
7.405999999999406,7.23,4.589866170569047,0.06806710486304236,0.620515622291694,1.6053934213922632,9.67545545446087,-12.274945929462463,0.0,-1.9910211211899393,2.1766452864216776,0.0,-0.19699080902581928,-2.8384734041479476,0.0,6.318184006975896,-0.43848365015129864,9.966934736528092,61.91648866617732,71.88342340270542
7.407999999999406,7.23,4.591126584397354,0.07125327756196195,0.6399139963402096,1.5807472235372106,9.722826723378745,-12.371108497561012,0.0,-1.9914065263273462,2.17095370605497,0.0,-0.18841451697103317,-2.85309991053205,0.0,6.335768723755677,-0.4184048372508598,10.078796527356175,61.804568175272536,71.88336470262871
7.409999999999406,7.23,4.592425889354896,0.07438996609982663,0.6594065727557162,1.5559095355359094,9.769661665733276,-12.466445445706826,0.0,-1.991774779640949,2.1652329156529593,0.0,-0.17983880563109117,-2.867683476508218,0.0,6.352825804654434,-0.3983998284505772,10.191467907029423,61.69183916216663,71.88330706919605
7.411999999999406,7.23,4.593764272789085,0.07747678911021601,0.6789923019016997,1.5308819525445783,9.8159833426919,-12.56101292261903,0.0,-1.992125881204135,2.159483000907284,0.0,-0.17126257767885125,-2.8822242886066594,0.0,6.369353666340028,-0.37846878584628507,10.30494875743699,61.57830171462278,71.88325047205977
7.4139999999994055,7.23,4.5951419199943455,0.0805133683044913,0.6986701805051931,1.5056659570894635,9.86181504079357,-12.654867374525583,0.0,-1.9924598288411932,2.153704047152464,0.0,-0.16268468161337402,-2.8967225172491005,0.0,6.385350550585031,-0.3586117465949804,10.419238953213913,61.4639559268031,71.88319488001702
7.415999999999405,7.23,4.596559014305234,0.08349932824607878,0.7184392520140319,1.4802629186786016,9.907180179168067,-12.748065339917378,0.0,-1.9927766180205504,2.147896139399037,0.0,-0.15410391333797124,-2.9111783158428173,0.0,6.400814517435985,-0.3388286318015572,10.534338361625256,61.34880189939392,71.88314026101918
7.417999999999405,7.23,4.598015737190086,0.08643429612438103,0.7382986067727996,1.454674093814858,9.952102221018153,-12.840663253535713,0.0,-1.9930762417511176,2.142059362368449,0.0,-0.14551901768734823,-2.925591819929844,0.0,6.415743439242743,-0.3191192553426818,10.650246842411285,61.2328397397696,71.88308658218088
7.419999999999405,7.23,4.599512268344838,0.08931790152910012,0.7582473820260364,1.4289006263916972,9.996604589401882,-12.93271725965513,0.0,-1.993358690481632,2.13619380052958,0.0,-0.136928689897327,-2.939963146389365,0.0,6.430134995535273,-0.29948333259990845,10.766964247592762,61.11606956219519,71.88303380978796
7.421999999999405,7.23,4.601048785786695,0.0921497762257196,0.7782847617573119,1.4029435484531105,10.04071058730983,-13.024283034631871,0.0,-1.9936239520028742,2.1302995381368346,0.0,-0.12833157701137365,-2.954292392691191,0.0,6.443986668733808,-0.27992048907710126,10.884490421235785,60.998491488069305,71.88298190930509
7.423999999999404,7.23,4.602625465947316,0.0949295539328551,0.7984099763727129,1.3768037812992675,10.084443321993216,-13.115415618604377,0.0,-1.9938720113526358,2.1243766592696676,0.0,-0.11972627921865128,-2.968579636197984,0.0,6.45729574067655,-0.2604302688796344,11.002825199175483,60.8801056462074,71.88293084538287
7.425999999999404,7.23,4.604242483765223,0.09765687010214684,0.8186223022371759,1.3504821369197666,10.127825633463793,-13.206169256156649,0.0,-1.994102850723286,2.1184252478734535,0.0,-0.11111135111902655,-2.9828249335138297,0.0,6.470059289948232,-0.24101214303565643,11.121968408697828,60.760912173165835,71.88288058186366
7.427999999999404,7.23,4.6059000127771315,0.10033136170133142,0.8389210610719012,1.323979319736804,10.17088002705504,-13.296597245688135,0.0,-1.9943164493717949,2.112445387801615,0.0,-0.10248530291099989,-2.9970283198765992,0.0,6.482274189992116,-0.2216655176421063,11.241919868179151,60.640911213607865,71.88283108178702
7.429999999999404,7.23,4.607598225207958,0.10295266700109562,0.8593056192208368,1.2972959286411587,10.213628609904482,-13.386751797169754,0.0,-1.9945127835320506,2.1064371628589424,0.0,-0.09384660149914659,-3.0111898085915048,0.0,6.493937107987579,-0.20238974182065783,11.362679386682618,60.520102920711984,71.8827823073946
7.4319999999994035,7.23,4.609337292059226,0.10552042536628119,0.8797753867939134,1.2704324593045833,10.256093031193311,-13.476683897915219,0.0,-1.9946918263293112,2.1004006568459777,0.0,-0.08519367151804869,-3.0253093905031756,0.0,6.5050445044754515,-0.1831841154707141,11.484246763511178,60.398487456622576,71.88273422013376
7.433999999999403,7.23,4.61111738319564,0.10803427705197775,0.9003298166943613,1.2433893067529835,10.298294425956003,-13.566443185946703,0.0,-1.9948535476966152,2.094335953604442,0.0,-0.07652489627039721,-3.039387033503549,0.0,6.515592633713435,-0.1640478968090928,11.606621787716406,60.27606499294435,71.88268678066075
7.435999999999403,7.23,4.612938667429615,0.11049386300501056,0.9209684035370473,1.2161667681856536,10.340253362254494,-13.656077830495157,0.0,-1.9949979142929835,2.0882431370636065,0.0,-0.0678386185772395,-3.0534226820728714,0.0,6.525577544744447,-0.14498030968761652,11.72980423756266,60.15283571128057,71.88263994884323
7.437999999999403,7.23,4.614801312603528,0.11289882467130112,0.9416906824643401,1.1887650460267853,10.381989791493869,-13.745634419138561,0.0,-1.9951248894232319,2.082122291287544,0.0,-0.05913314153887997,-3.0674162568511054,0.0,6.5349950831614665,-0.1259805506818208,11.853793879946032,60.02879980381559,71.88259368376163
7.439999999999403,7.23,4.616705485669507,0.11524880380955245,0.9624962278655529,1.1611842511964976,10.423523001644192,-13.835157851054912,0.0,-1.995234432959215,2.075973500523222,0.0,-0.050406729205352836,-3.081367654237054,0.0,6.543840893553442,-0.10704779594563966,11.978590469767484,59.9039574739427,71.88254794371018
7.441999999999402,7.23,4.618651352766572,0.11754344231168605,0.9833846520055303,1.1334244065897017,10.46487157311974,-13.924691235839395,0.0,-1.9953265012623207,2.0697968492493586,0.0,-0.041657607155713754,-3.095276746012555,0.0,6.552110422617893,-0.0881812078283118,12.10419374925955,59.778308936937364,71.88250268619691
7.443999999999402,7.23,4.620639079294941,0.11978238203043562,1.0043556035674366,1.105485450752241,10.506053337058516,-14.014275797317064,0.0,-1.9954010471070303,2.063592422226015,0.0,-0.03288396298582363,-3.1091433789891667,0.0,6.559798922927339,-0.06937994125125226,12.23060344726605,59.65185442067687,71.88245786794292
7.445999999999402,7.23,4.622668829987339,0.12196526461448226,1.025408766114285,1.0773672417448927,10.547085335738014,-14.103950781768848,0.0,-1.9954580196053628,2.057360304544876,0.0,-0.024083946704580268,-3.1229673746747983,0.0,6.566901457338042,-0.050643149843737675,12.35781927847408,59.52459416640707,71.88241344488115
7.447999999999402,7.23,4.624740768977159,0.12409173135149873,1.046543856473208,1.049069561187004,10.587983784855327,-14.193753369972143,0.0,-1.9954973641320253,2.051100581680177,0.0,-0.015255671038860268,-3.1367485289578587,0.0,6.573412904031384,-0.03196999183731799,12.485840942597765,59.39652842955656,71.88236937215433
7.4499999999994015,7.23,4.626855059863309,0.12616142301945452,1.0677606230459238,1.02059211847273,10.62876403739802,-14.283718592454674,0.0,-1.9955190222500714,2.044813339540235,0.0,-0.0063972116477044524,-3.150486611806522,0.0,6.579327962179821,-0.01335963571976263,12.61466812351274,59.26765748059912,71.88232560411186
7.451999999999401,7.23,4.629011865771614,0.12817397974652114,1.0890588440483058,0.9919345551540621,10.669440548827694,-14.373879247351324,0.0,-1.9955229316369107,2.0384986645195964,0.0,0.0024933927533947655,-3.1641813669808667,0.0,6.58464115823144,0.00518873434973314,12.744300488341015,59.13798160596586,71.88228209430687
7.453999999999401,7.23,4.631211349412626,0.1301290408799063,1.1104383256813966,0.9630964494860496,10.71002684329624,-14.464265820250453,0.0,-1.9955090260104689,2.032156643551716,0.0,0.011418140357155063,-3.177832511755707,0.0,6.58934685280912,0.023675913362024403,12.874737686485059,59.0075011090067,71.88223879549176
7.455999999999401,7.23,4.633453673135712,0.13202624486393777,1.1318989002356554,0.9340773211308472,10.750535480615675,-14.554906405418908,0.0,-1.9954772350553345,2.0257873641622077,0.0,0.020379066316776683,-3.1914397366520433,0.0,6.593439248222363,0.04210267051325232,13.00597934861042,58.87621631100329,71.88219565961371
7.457999999999401,7.23,4.635738998979277,0.13386522912771243,1.153440424129665,0.9048766360184471,10.790978023700967,-14.64582662779274,0.0,-1.995427484348712,2.019390914522612,0.0,0.02937824288443781,-3.205002705175188,0.0,6.59691239659217,0.06046974449085525,13.1380250855759,58.74412755223344,71.88215263780934
7.4599999999994,7.23,4.638067488717011,0.13564562998262236,1.1750627758839645,0.8754938113631702,10.83136500620652,-14.737049565124106,0.0,-1.995359695286018,2.0129673835046806,0.0,0.038417779634355526,-3.218521053557745,0.0,6.599760208591547,0.07877783898694304,13.270874487310406,58.611235193088504,71.88210968039891
7.4619999999994,7.23,4.64043930390001,0.13736708253007002,1.1967658540301178,0.84592822083621,10.871705900079624,-14.828595669681597,0.0,-1.9952737850059399,2.006516860735185,0.0,0.04749982376858878,-3.2319943905057116,0.0,6.6019764628066175,0.09702761843550646,13.404527121635258,58.477539615244766,71.88206673688002
7.4639999999994,7.23,4.64285460589465,0.1390292205796856,1.218549574954574,0.8161791998957283,10.91200908275375,-14.920482688901062,0.0,-1.9951696663148129,2.0000394366512158,0.0,0.05662656050365262,-3.245422296946156,0.0,6.603554815725684,0.1152197039700319,13.538982533031097,58.34304122288975,71.88202375592086
7.4659999999994,7.23,4.645313555916091,0.14063167657836428,1.2404138706763281,0.7862460512771903,10.952281803708484,-15.012725584393639,0.0,-1.9950472476101329,1.9935352025559934,0.0,0.06580021353580177,-3.258804325774981,0.0,6.6044888123660375,0.1333546695980747,13.674240241347976,58.207740444004834,71.88198068535281
7.4679999999994,7.23,4.64781631505726,0.14217408155044767,1.2623586865568406,0.7561280506478181,10.99253015012564,-15.105336448724312,0.0,-1.9949064328030732,1.9870042506751888,0.0,0.07502304558270347,-3.2721400016035096,0.0,6.604771897550875,0.15143303858957557,13.810299740457614,58.07163773170552,71.88193747216313
7.469999999999399,7.23,4.65036304431319,0.1436560650493821,1.2843839789401428,0.7258244524302013,11.032759011372818,-15.19832441937915,0.0,-1.994747121239833,1.980446674213736,0.0,0.08429735899913794,-3.285428820502668,0.0,6.604397427851031,0.16945528007615207,13.947160496846323,57.93473356564027,71.8818940624866
7.471999999999399,7.23,4.652953904600562,0.14507725512119862,1.3064897127205133,0.6953344958012657,11.072972042048601,-15.291695589346844,0.0,-1.9945692076216925,1.973862567413185,0.0,0.09362549646409091,-3.298670249743776,0.0,6.603358684209038,0.18742180585875756,14.084821948147379,57.79702845345024,71.88185040159762
7.473999999999399,7.23,4.655589056772312,0.14643727828017214,1.3286758588345893,0.6646574108739348,11.113171623326929,-15.38545291374826,0.0,-1.9943725819236149,1.96725202560956,0.0,0.10300984173661887,-3.311863727535025,0.0,6.601648885265375,0.2053329674219577,14.223283501611261,57.65852293229037,71.88180643390163
7.475999999999399,7.23,4.6582686616271465,0.14773575949703366,1.3509423916742487,0.6337924250699489,11.153358822343428,-15.479596111960138,0.0,-1.9941571293112788,1.960615145291743,0.0,0.11245282047761834,-3.325008662752939,0.0,6.599261201409515,0.22318905315350074,14.362544532512317,57.51921757041387,71.88176210292619
7.4779999999993985,7.23,4.660992879913788,0.14897232220012718,1.3732892864160928,0.6027387696934075,11.193533349364333,-15.574121564675808,0.0,-1.9939227300563984,1.9539520241604216,0.0,0.12195690113446098,-3.338104434668197,0.0,6.596188769580891,0.2409902857685697,14.502604382490164,57.37911296882224,71.8817173513124
7.479999999999398,7.23,4.663761872329808,0.15014658828992308,1.3957165162628393,0.5714956867156991,11.233693512488513,-15.66902220536802,0.0,-1.9936692594502161,1.947262761187581,0.0,0.13152459588538065,-3.3511503926654225,0.0,6.592424708847619,0.258736819939119,14.643462357824236,57.2382097629819,71.88167212080614
7.481999999999398,7.23,4.666575799514842,0.1512581781673226,1.418224049591443,0.5400624357835525,11.2738361696322,-15.764287405618596,0.0,-1.9933965877150497,1.9405474566765522,0.0,0.14115846164029183,-3.3641458559566493,0.0,6.587962136793314,0.276428740129577,14.785117727639612,57.096508624609214,71.88162635224883
7.483999999999398,7.23,4.669434822038,0.15230671077621194,1.4408118470022666,0.5084383014629967,11.31395667755128,-15.859902853792114,0.0,-1.993104579913782,1.933806212322653,0.0,0.15086110109447945,-3.377090113288376,0.0,6.582794186745054,0.294066058641147,14.927569722042328,56.95401026352647,71.8815799855688
7.485999999999398,7.23,4.672339100379282,0.15329180366075187,1.4634798582631277,0.47662260073306134,11.354048837659727,-15.955850426540408,0.0,-1.9927930958571956,1.9270391312744197,0.0,0.16063516383147752,-3.389982422642273,0.0,6.576914025878102,0.3116487138682596,15.070817530182296,56.81071542959033,71.88153295977263
7.487999999999397,7.23,4.675288794904759,0.15421307303791654,1.4862280191415853,0.44461469074405136,11.394104838408532,-16.052108052638737,0.0,-1.9924619900090565,1.9202463181954421,0.0,0.1704833474712062,-3.4028220109298037,0.0,6.570314874235573,0.32917656877194934,15.214860298241796,56.666624914694914,71.88148521293671
7.489999999999397,7.23,4.678284065835309,0.15507013388582655,1.5090562481183474,0.4124139768562342,11.434115193991014,-16.14864956865937,0.0,-1.9921111113888563,1.9134278793268034,0.0,0.18040839885921894,-3.4156080736811703,0.0,6.562990024703793,0.34664940957636325,15.359697127347427,56.52173955485138,71.88143668219881
7.491999999999397,7.23,4.681325073208653,0.15586260004845393,1.5319644429742274,0.38001992097573645,11.4740686791501,-16.24544456601114,0.0,-1.9917403034721433,1.9065839225501733,0.0,0.1904131152925772,-3.4283397747292317,0.0,6.5549328639866395,0.36406694469598455,15.50532707140356,56.37606023234713,71.88138730375069
7.493999999999397,7.23,4.684411976834425,0.15659008435731053,1.5549524772426315,0.3474320502053849,11.513952259864915,-16.342458228879302,0.0,-1.9913494040883628,1.8997145574515077,0.0,0.2005003457777405,-3.4410162458891973,0.0,6.546136894624554,0.3814288039030987,15.65174913484482,56.22958787798555,71.88133701283037
7.4959999999993965,7.23,4.687544936242019,0.1572521987707688,1.5780201965191205,0.3146499658291384,11.553751019704775,-16.43965116262514,0.0,-1.990938245316161,1.892819895385418,0.0,0.2106729923153642,-3.4536365866351515,0.0,6.53659575810642,0.39873453774645046,15.798962270305632,56.0823234734101,71.88128574371574
7.497999999999396,7.23,4.690724110620892,0.1578485545317009,1.6011674146191737,0.2816733526496167,11.593448081644269,-16.536979212219542,0.0,-1.9905066533760905,1.8859000495401748,0.0,0.22093401120671985,-3.4661998637746203,0.0,6.52630325912466,0.41598361723426985,15.946965376204226,55.934268053514025,71.88123342971825
7.499999999999396,7.23,4.693949658753032,0.1583787623441632,1.6243939095748798,0.24850198869906814,11.633024525143073,-16.63439327030832,0.0,-1.9900544485206904,1.878955135003362,0.0,0.2312864143759904,-3.478705111122708,0.0,6.515253391026348,0.43317543379673445,16.095757294238975,55.78542270893875,71.88118000317773
7.501999999999396,7.23,4.697221738937239,0.15884243256989333,1.6476994194608956,0.2151357553448905,11.672459298305585,-16.731839074534697,0.0,-1.9895814449219085,1.8719852688281922,0.0,0.24173327070229508,-3.4911513291774643,0.0,6.503440362514989,0.45030929954516274,16.245336806794437,55.635788588663495,71.88112539545793
7.503999999999396,7.23,4.700540508904898,0.15923917544543126,1.671083638039658,0.18157464781154137,11.711729124946869,-16.829256993772027,0.0,-1.989087450555855,1.86499057010046,0.0,0.25227770735490007,-3.5035374847984917,0.0,6.490858625659791,0.46738444784769057,16.395702634254746,55.485366902688455,71.8810695369432
7.505999999999395,7.23,4.70390612572683,0.15956860132071907,1.6945462102155027,0.14781878614133576,11.750808406407842,-16.92658180295809,0.0,-1.9885722670848927,1.8579711600061397,0.0,0.26292291112454313,-3.5158625108910035,0.0,6.477502905270938,0.4844000342436367,16.54685343222188,55.334158924814474,71.88101235703635
7.507999999999395,7.23,4.70731874571087,0.15983032092008054,1.718086727287039,0.11386842661720506,11.789669117977716,-17.023742446258964,0.0,-1.988035689737068,1.8509271618995982,0.0,0.27367212974331934,-3.528125306097836,0.0,6.463368229700967,0.5013551377215514,16.69878778863613,55.18216599552146,71.88095378415758
7.509999999999395,7.23,4.710778524289728,0.16002394562652775,1.7417047219868755,0.0797239736709929,11.828280699801944,-17.1206617883374,0.0,-1.9874775071829247,1.8438587013724184,0.0,0.28452867318497155,-3.5403247345022244,0.0,6.448449963133771,0.5182487623887705,16.851504220796464,55.02938952494855,71.88089374574501
7.511999999999395,7.23,4.714285615898715,0.1601490877903898,1.7653996632975617,0.04538599230125454,11.866609942178266,-17.217256353557524,0.0,-1.9868975014097452,1.836765906322813,0.0,0.2954959149368175,-3.5524596253444494,0.0,6.432743839423797,0.535079839563385,17.005001172278078,54.875830995978866,71.88083216825694
7.5139999999993945,7.23,4.717840173842858,0.16020536106330677,1.789170951032447,0.010855221024812164,11.904620865167919,-17.313436053015,0.0,-1.9862954475932786,1.829648907025569,0.0,0.3065772932339571,-3.564528772755767,0.0,6.416245997548779,0.5518472303229448,17.159277009744702,54.72149196743085,71.88076897717555
7.515999999999394,7.23,4.721442350152943,0.16019238075868092,1.8130179101700368,-0.02386741461353426,11.942274592479407,-17.409103899352036,0.0,-1.985671113967053,1.8225078362025189,0.0,0.3177763122455724,-3.5765309355134125,0.0,6.398953018739806,0.5685497285474781,17.314330019653198,54.56637407735954,71.88070409701274
7.517999999999394,7.23,4.725092295429963,0.16010976423972578,1.8369397849303812,-0.05878078794873911,11.97952921961948,-17.504155709402138,0.0,-1.9850242616893672,1.8153428290934759,0.0,0.32909654320246673,-3.5884648368207817,0.0,6.380861965352463,0.5851860644982738,17.470158404847908,54.41047904647017,71.88063745131808
7.519999999999394,7.23,4.728790158677457,0.15995713133630263,1.860935732582053,-0.09388355649645712,12.0163396763413,-17.598479794791867,0.0,-1.9843546447080973,1.8081540235275684,0.0,0.340541625454158,-3.600329164117304,0.0,6.361970421542343,0.6017549089777381,17.62676028104258,54.25380868164632,71.8805689626889
7.521999999999394,7.23,4.732536087121176,0.15973410479178166,1.8850048169683802,-0.12917414662334006,12.052657583469543,-17.691956640739793,0.0,-1.9836620096234716,1.8009415599949412,0.0,0.3521152674428988,-3.612122568922888,0.0,6.3422765358072,0.618254878119627,17.784133673187423,54.09636487959578,71.88049855278321
7.523999999999393,7.23,4.736330226015521,0.15944031074121276,1.9091460017418065,-0.16465073756340554,12.088431104229851,-17.784458573402866,0.0,-1.9829460955489908,1.793705581718708,0.0,0.36382124758119877,-3.6238436667222453,0.0,6.321779065456385,0.6346845388635064,17.94227651171924,53.938149630615754,71.880426142335
7.525999999999393,7.23,4.740172718436141,0.1590753792221363,1.933358143295564,-0.20031124475803597,12.123604790269063,-17.875849416254663,0.0,-1.9822066339706996,1.786446234727104,0.0,0.3756634150183099,-3.63549103689481,0.0,6.30047742306585,0.6510424151715936,18.10118662869259,53.77916502248011,71.8803516511727
7.527999999999393,7.23,4.744063705058091,0.15863894471940804,1.9576399833822808,-0.23615330249828026,12.158119422619544,-17.965984136131947,0.0,-1.981443348605052,1.7791636679257214,0.0,0.3876456902801927,-3.6470632226964343,0.0,6.278371724973966,0.667326995051041,18.260861753790145,53.61941324445063,71.88027499824076
7.529999999999393,7.23,4.748003323918893,0.158130646745454,1.9819901414097223,-0.27217424584955874,12.19191184792961,-18.05470847974256,0.0,-1.9806559552556366,1.7718580331697305,0.0,0.39977206576633384,-3.658558731299492,0.0,6.255462841869366,0.6835367384495716,18.421299510210677,53.45889659141416,71.88019610162483
7.5319999999993925,7.23,4.751991710165877,0.15755013045740865,2.0064071064045907,-0.30837109184065137,12.224914810369041,-18.14185860162393,0.0,-1.9798441616690647,1.7645294853359463,0.0,0.41204660608568566,-3.669976033898484,0.0,6.231752451517109,0.6996700860975714,18.582497410433135,53.29761746814712,71.88011487858026
7.533999999999392,7.23,4.756028995787087,0.15689704731262452,2.0308892286362155,-0.3447405199010197,12.257056779705248,-18.22726068473804,0.0,-1.979007667390365,1.757178182394626,0.0,0.42447344821274247,-3.681313565888765,0.0,6.2072430936634575,0.7157254693749369,18.74445285185592,53.135578393709224,71.88003124556515
7.535999999999392,7.23,4.760115309325113,0.15617105576407,2.0554347108930533,-0.38127885153311203,12.2882617761486,-18.310730555120323,0.0,-1.9781461636182591,1.7498042854808165,0.0,0.43705680144359527,-3.6925697271264677,0.0,6.1819382271522745,0.731701321286526,18.907163112310347,52.972782005966835,71.87994511827718
7.537999999999392,7.23,4.764250775573105,0.1553718219971565,2.0800415994062287,-0.41798202920938504,12.3184491926766,-18.39207329225082,0.0,-1.9772593330607526,1.7424079589651011,0.0,0.4498009471304598,-3.7037428822782705,0.0,6.155842289277621,0.747596088635501,19.070625345448143,52.809231066247264,71.87985641169541
7.539999999999392,7.23,4.768435515252286,0.15449902070955268,2.1047077744158824,-0.4548455944873802,12.347533615668354,-18.47108283708968,0.0,-1.9763468497914833,1.7349893705235464,0.0,0.462710238171886,-3.7148313612700985,0.0,6.128960757387023,0.763408245489531,19.234836576002728,52.644928464123836,71.87976504012656
7.541999999999391,7.23,4.7726696446702395,0.15355233593555306,2.1294309403778904,-0.49186466534037704,12.3754246448164,-18.5475416000233,0.0,-1.9754083791073638,1.7275486912066444,0.0,0.4757890982344881,-3.7258334598444423,0.0,6.101300212738405,0.7791363080404289,19.399793694924963,52.479877222331865,71.87967091725683
7.543999999999391,7.23,4.776953275359242,0.15253146191656802,2.154208615810597,-0.5290339127059603,12.402026713428711,-18.621220071294605,0.0,-1.974443577388068,1.7200860955070252,0.0,0.4890420206806676,-3.7367474402364587,0.0,6.072868406600395,0.7947788509634226,19.565493454394396,52.314080501814765,71.87957395620916
7.545999999999391,7.23,4.78128651369394,0.15143610401929286,2.1790381227835858,-0.5663475362603378,12.427238910392802,-18.69187643684658,0.0,-1.9734520919579779,1.712601761425693,0.0,0.5024735671754152,-3.7475715319795357,0.0,6.043674328570457,0.8103345253877501,19.731932462707523,52.14754160689896,71.87947406960649
7.547999999999391,7.23,4.785669460487649,0.1502659797030913,2.2039165760532313,-0.603799239432487,12.450954805248031,-18.759256202897753,0.0,-1.972433560951262,1.7050958705364998,0.0,0.5160883659439406,-3.758303932851504,0.0,6.0137282770682505,0.8258020785956618,19.89910717904548,51.98026399059547,71.87937116964095
7.5499999999993905,7.23,4.790102210566568,0.14902081953809387,2.2288408718528383,-0.6413822036792464,12.473062277994348,-18.82309183297493,0.0,-1.9713876131808101,1.6975686080485919,0.0,0.5298911096504392,-3.768942809973164,0.0,5.983041931942171,0.8411803755718219,20.067013908124203,51.812251260025924,71.87926516815013
7.55199999999939,7.23,4.794584852321245,0.14770036827546168,2.2538076763486443,-0.6790890620503687,12.493443355467956,-18.88310240157864,0.0,-1.9703138680118186,1.6900201628664864,0.0,0.5438865528670956,-3.77948630107125,0.0,5.951628429105464,0.8564684225299313,20.23564879473085,51.64350718196911,71.87915597669996
7.55399999999939,7.23,4.799117467234636,0.14630438597119944,2.2788134137768177,-0.7169118720813574,12.511974056322384,-18.938993269120168,0.0,-1.9692119352408737,1.6824507276474525,0.0,0.558079509101087,-3.7899325159183452,0.0,5.919502437094093,0.8716653925474104,20.405007818151375,51.47403568852384,71.87904350667522
7.55599999999939,7.23,4.803700129386125,0.14483264916481617,2.3038542542808886,-0.7548420880616844,12.528524246878176,-18.990455783268185,0.0,-1.96808141498145,1.6748604988558236,0.0,0.5724748473462268,-3.800279537962649,0.0,5.886680235411889,0.8867706534425451,20.575086786495014,51.30384088288259,71.8789276693776
7.55799999999939,7.23,4.80833290493095,0.1432849521140265,2.3289261014738076,-0.7928705327367779,12.542957510339376,-19.03716701236416,0.0,-1.966921897556805,1.6672496768138496,0.0,0.587077488124821,-3.810525426160776,0.0,5.853179794499112,0.9017837980311403,20.745881330922295,51.13292704520976,71.87880837613206
7.559999999999389,7.23,4.813015851554489,0.14166110808655663,2.354024579754066,-0.8309873685140237,12.555131032117382,-19.07878951710281,0.0,-1.9657329634013423,1.659618465748662,0.0,0.6018923989844139,-3.820668217027053,0.0,5.819020857128262,0.9167046769014098,20.91738689978514,50.96129863861634,71.87868553840148
7.561999999999389,7.23,4.817749017900975,0.13996095070996606,2.3791450214110443,-0.8691820682559755,12.564895504257544,-19.11497116723718,0.0,-1.964514182971541,1.6519670738349321,0.0,0.6169245894133024,-3.8307059269128008,0.0,5.784225020995781,0.9315334338461743,21.089598752687625,50.788960315223,71.87855906791063
7.563999999999389,7.23,4.822532442976234,0.13818433538021602,2.4042824535610015,-0.9074433857580511,12.572095052219195,-19.145345010631676,0.0,-1.9632651166676776,1.6442957132327076,0.0,0.6321791051383386,-3.840636554529279,0.0,5.748815822240301,0.9462705440906855,21.262511954478683,50.615916922300094,71.87842887677877
7.565999999999389,7.23,4.827366155524171,0.13633114072950547,2.429431584961884,-0.9457593260232179,12.57656718752256,-19.169529202564902,0.0,-1.9619853147675959,1.6366046001199641,0.0,0.6476610217681068,-3.8504580837277373,0.0,5.712818819576754,0.9609168554514181,21.436121369188637,50.44217350847396,71.8782948776626
7.5679999999993885,7.23,4.832250173376808,0.1344012701536548,2.4545867927624183,-0.9841171154625479,12.57814279003588,-19.18712700375531,0.0,-1.9606743173738757,1.628893954719316,0.0,0.6633754377447948,-3.860168486549892,0.0,5.676261678691791,0.9754736325568162,21.61042165392325,50.26773532998512,71.87815698390837
7.569999999999388,7.23,4.837184502777808,0.1323946533990421,2.479742109248751,-1.0225031721680231,12.576646123929887,-19.197726856138942,0.0,-1.959331654375823,1.62116400131836,0.0,0.6793274665683597,-3.8697657265616856,0.0,5.639174256498735,0.9899426042538583,21.785407252730757,50.0926078569843,71.87801510971505
7.571999999999388,7.23,4.842169137679546,0.1303112482087857,2.5048912086602066,-1.0609030764225773,12.571894891572024,-19.200902545963977,0.0,-1.9579568454277634,1.6134149682830408,0.0,0.695522228257566,-3.879247762482633,0.0,5.6015886848005945,1.004326014315081,21.961072390459073,49.91679677984828,71.87786917030735
7.573999999999388,7.23,4.847204059013948,0.12815104202751715,2.5300273941545104,-1.0993015416319942,12.563700329861545,-19.196213464264073,0.0,-1.9565493999452137,1.6056470880634688,0.0,0.7119648400136571,-3.88861255212231,0.0,5.563539452857315,1.0186266755481685,22.13741106662235,49.7403080154978,71.87771908212015
7.575999999999388,7.23,4.852289233937485,0.12591405376369946,2.5551435850120248,-1.1376823858838532,12.551867353712609,-19.18320497521718,0.0,-1.9551088171205429,1.5978605971915425,0.0,0.7286604060543763,-3.89785805663443,0.0,5.525063488298544,1.0328480273948069,22.314417049297596,49.56314771369597,71.87756476299356
7.5779999999993874,7.23,4.857424615050899,0.12360033560801328,2.580232304178161,-1.176028504360122,12.536194751564821,-19.16140890326526,0.0,-1.9536345859598252,1.5900557362697314,0.0,0.7456140065884678,-3.9069822450977982,0.0,5.48620023576674,1.0469941970863093,22.4920838690749,49.38532226330446,71.87740613237936
7.579999999999387,7.23,4.862610139594431,0.1212099749058589,2.605285666253012,-1.2143218428520435,12.516475437939368,-19.130344150161562,0.0,-1.9521261853426228,1.5822327499503746,0.0,0.7628306859038653,-3.9159830994317972,0.0,5.44699173261709,1.061070064400401,22.670404813086225,49.206838298472434,71.87724311155866
7.581999999999387,7.23,4.8678457286195895,0.11874309608150214,2.6302953660473967,-1.2525433726484885,12.492496768141635,-19.089517453277754,0.0,-1.950583084106503,1.5743918869048046,0.0,0.780315439546688,-3.924858619652256,0.0,5.407482680941729,1.0750813300362907,22.849372919140343,49.02770270473072,71.87707562387106
7.583999999999387,7.23,4.87313128613869,0.11619986261082708,2.6552526678347323,-1.2906730670916808,12.46404092023911,-19.038424296545035,0.0,-1.9490047411581135,1.5665333997816084,0.0,0.7980732005727854,-3.9336068294713624,0.0,5.367720515126276,1.0890345875931713,23.02898096999365,48.84792262496127,71.87690359495492
7.585999999999387,7.23,4.878466698253721,0.11358047903904794,2.6801483954383922,-1.328689880116845,12.430885349398288,-18.976549985280506,0.0,-1.947390605612704,1.558657545153363,0.0,0.8161088248590097,-3.9422257822427733,0.0,5.3277554640881,1.1029373991003297,23.209221487788852,48.66750546521025,71.87672695299909
7.587999999999386,7.23,4.883851832266335,0.11088519303907728,2.7049729233042474,-1.3665717271145663,12.392803319535448,-18.903370895840208,0.0,-1.9457401169639654,1.5507645834511183,0.0,0.8344270754679468,-3.9507135672501796,0.0,5.287640607288284,1.1167983740051588,23.390086728696083,48.4864589003096,71.87654562900568
7.589999999999386,7.23,4.8892865357711095,0.10811429750554835,2.729716168717801,-1.4042954684760474,12.349564517015326,-18.81835591052291,0.0,-1.94405270528608,1.542854778885967,0.0,0.8530326060671035,-3.9590683163343123,0.0,5.247431923554754,1.1306272514777296,23.57156867779265,48.304790879270406,71.87635955706305
7.591999999999386,7.23,4.894770635734522,0.10526813267874868,2.754367585334476,-1.4418368962015617,12.300935750794663,-18.720968047373084,0.0,-1.9423277914698884,1.5349283993570402,0.0,0.8719299434119845,-3.9672882108497984,0.0,5.207188331703253,1.144434985837599,23.75365904422103,48.12250963040891,71.87616867462995
7.593999999999386,7.23,4.900303937562446,0.10234708829194272,2.778916158199986,-1.479170723970736,12.246681742961876,-18.610666293511343,0.0,-1.9405647874949907,1.5269857163452596,0.0,0.8911234689119895,-3.975371488939112,0.0,5.1669717218971645,1.1582338348499635,23.936349256665615,47.93962366616304,71.87597292282865
7.5959999999993855,7.23,4.905886224159333,0.09935160573474786,2.8033504004450513,-1.5162705810892434,12.186566013031394,-18.48690764927362,0.0,-1.9387630967396259,1.5190270047922372,0.0,0.91061739930852,-3.9833164531065366,0.0,5.126846976648445,1.1720374505739755,24.119630459191924,47.75614178755575,71.87577224674767
7.597999999999385,7.23,4.911517254982612,0.09628218022438512,2.8276583518447302,-1.553109010739475,12.120351858624456,-18.349149388794363,0.0,-1.9369221143300361,1.5110525429637571,0.0,0.9304157665062516,-3.991121478070202,0.0,5.0868819803314524,1.185860972376466,24.303493507493265,47.572073088259344,71.87556659575262
7.599999999999385,7.23,4.917196765096241,0.09313936297576113,2.8518275794370607,-1.5896574729720747,12.047803434283239,-18.196851540670195,0.0,-1.935041227530986,1.5030626122972879,0.0,0.9505223966111987,-3.998785018865047,0.0,5.047147616060932,1.1997211216496861,24.487928965591923,47.387426958212416,71.87535592380434
7.601999999999385,7.23,4.922924464227714,0.08992376336045792,2.875845180398154,-1.6258863528802,11.968686929114426,-18.02947958997384,0.0,-1.9331198161789254,1.495057497233062,0.0,0.9709408882427745,-4.006305619164067,0.0,5.007717748777094,1.2136362976924504,24.672927103043392,47.20221308673992,71.87514018978331
7.603999999999385,7.23,4.92870003583324,0.08663605104382317,2.899697787371108,-1.661764974398239,11.882771842745328,-17.846507400160082,0.0,-1.9311572531592018,1.487037485028337,0.0,0.9916745902015655,-4.013681919779431,0.0,4.9686691933860345,1.2276266741309223,24.85847789269352,47.016441465125446,71.87491935781897
7.605999999999384,7.23,4.934523136176196,0.0832769580884745,2.9233715764437065,-1.6972616201607615,11.789832357691923,-17.647420350298848,0.0,-1.9291529049284941,1.4790028655545049,0.0,1.0127265785899497,-4.020912667298904,0.0,4.930081666824639,1.241714295169296,25.044571009039245,46.830122388583305,71.87469339762255
7.607999999999384,7.23,4.9403933934243485,0.07984728101167145,2.9468522779645467,-1.7323435578449073,11.6896488046808,-17.431718679579213,0.0,-1.927106132083458,1.4709539310768376,0.0,1.0340996334986925,-4.027996722806897,0.0,4.892037722957924,1.255923170872721,25.231195827244047,46.643266457577525,71.87446228482158
7.609999999999384,7.23,4.94631040677169,0.07634788278318111,2.970125190378637,-1.76697707339955,11.582009215758902,-17.19892102720267,0.0,-1.9250162899763281,1.462890976016745,0.0,1.0557962153892155,-4.0349330706330235,0.0,4.854622669274407,1.2702793705964728,25.418341422859974,46.45588457843457,71.87422600129455
7.611999999999384,7.23,4.95227374559111,0.07277969474948295,2.99317519725133,-1.8011275115366805,11.466710958159968,-16.9485681516122,0.0,-1.922882729377934,1.4548142966965734,0.0,1.0778184413180338,-4.041720827064855,0.0,4.817924464424378,1.284811113588222,25.605996572306537,46.26798796319701,71.87398453550355
7.6139999999993835,7.23,4.958282948624435,0.06914371846944266,3.0159867876334254,-1.8347593238239457,11.343562439908233,-16.680226808559766,0.0,-1.920704797188293,1.4467241910670607,0.0,1.1001680611668,-4.048359248955233,0.0,4.782033595746897,1.2995488557061956,25.794149754156997,46.079588128665705,71.8737378828227
7.615999999999383,7.23,4.964337523216648,0.06544102744595097,3.038544079900166,-1.8678361246716413,11.21238487604332,-16.39349376283331,0.0,-1.9184818371945804,1.438620958417748,0.0,1.1228464340579603,-4.054847742148619,0.0,4.7470429360564985,1.314525371117056,25.982789151280038,45.89069689458003,71.87348604586006
7.617999999999383,7.23,4.970436944601356,0.061672768737490495,3.060830849172441,-1.9003207554522759,11.073014102185793,-16.08799990363489,0.0,-1.9162131908759341,1.4305048990707931,0.0,1.1458545051520819,-4.06118586964532,0.0,4.713047579109601,1.3297758277659164,26.171902653883585,45.70132638088734,71.87322903477093
7.619999999999383,7.23,4.976580655244746,0.05784016443318056,3.082830558399774,-1.9321753569259201,10.925302419964266,-15.76341442870007,0.0,-1.9138981982540872,1.422376314058775,0.0,1.1691927830380546,-4.067373359417364,0.0,4.680144653344512,1.3453378553495723,26.361477863503172,45.51148900405576,71.87296686755893
7.621999999999383,7.23,4.982768064255416,0.05394451297457666,3.104526393151514,-1.9633614500698497,10.769120456644355,-15.41944905739063,0.0,-1.9115361987884563,1.414235504787301,0.0,1.1928613179410315,-4.073410111785415,0.0,4.648433113687212,1.3612516044752643,26.551502097975025,45.321197472388185,71.87269957036321
7.623999999999382,7.23,4.988998546867506,0.04998719030738697,3.1259013001251983,-1.9938400253267121,10.604359019185216,-15.055862228285934,0.0,-1.9091265323137887,1.406082772683368,0.0,1.2168596809850316,-4.079296206262558,0.0,4.618013511436894,1.3775597956541168,26.741962397428704,45.1304647802994,71.8724271777281
7.625999999999382,7.23,4.995271444004535,0.04596965084633168,3.146938029339506,-2.023571640192035,10.430930920969386,-14.672463232394048,0.0,-1.9066685400180279,1.3979184188306562,0.0,1.2411869447568564,-4.085031907768247,0.0,4.58898774248941,1.3943077567633604,26.932845531329047,44.939304201523704,71.87214973285275
7.627999999999382,7.23,5.001586061931254,0.041893428236629913,3.1676191799338733,-2.052516524960067,10.248772757662136,-14.269116229127485,0.0,-1.9041615654575386,1.3897427435931082,0.0,1.265841665425122,-4.0906176721143535,0.0,4.561458774420848,1.4115434476173916,27.124138006591195,44.74772928122641,71.87186728781761
7.629999999999382,7.23,5.0079416720006,0.037760135896069004,3.187927249448192,-2.080634696337744,10.05784660713237,-13.845744088806317,0.0,-1.9016049556063153,1.3815560462283194,0.0,1.2908218666723357,-4.096054150665164,0.0,4.5355303532343765,1.4293174703172087,27.315826076785655,44.555753826998526,71.87157990378418
7.6319999999993815,7.23,5.0143375105025445,0.03357146732230573,3.2078446864046155,-2.107886078521314,9.858141627178165,-13.402332002817472,0.0,-1.8989980619353117,1.3733586244925546,0.0,1.3161250256982804,-4.101342194074719,0.0,4.511306690868202,1.4476830641026894,27.507895752442725,44.36339189872373,71.87128765116645
7.633999999999381,7.23,5.0207727786212235,0.02932919615097909,3.227353945960121,-2.1342306312105213,9.6496755240092,-12.938930800815239,0.0,-1.896340241517462,1.3651507742392512,0.0,1.3417480615499766,-4.106482855007743,0.0,4.488892134865489,1.46669608351533,27.700332812457045,44.17065779731217,71.87099060976921
7.635999999999381,7.23,5.027246642506206,0.025035175951386268,3.2464375483439865,-2.1596284839131306,9.43249586412382,-12.455659913664698,0.0,-1.8936308581535224,1.356932789013193,0.0,1.3676873260256268,-4.111477389755314,0.0,4.468390821914225,1.4864149587905247,27.893122816584665,43.977566052307395,71.87068886889206
7.637999999999381,7.23,5.033758233463146,0.020691339747890423,3.265078139739726,-2.1840400757702625,9.206681202424544,-11.952709921308642,0.0,-1.890869283513323,1.3487049596426188,0.0,1.3939385973881615,-4.116327258662774,0.0,4.449906317269637,1.506900637540326,28.086251119014698,43.78413140838065,71.87038252739535
7.639999999999381,7.23,5.0403066482683165,0.016299699256888532,3.283258555217405,-2.2074263000129237,8.972342000209586,-11.430344626525034,0.0,-1.8880548982866054,1.3404675738317193,0.0,1.4204970771072636,-4.121034125295698,0.0,4.433541242368071,1.5282165069590297,28.27970288298833,43.59036881073773,71.87007169372606
7.64199999999938,7.23,5.04689094961069,0.011862343831063125,3.300961883270838,-2.229748652044968,8.729621308081198,-10.888902598686958,0.0,-1.8851870933371793,1.3322209157561211,0.0,1.4473573898273189,-4.125599854279821,0.0,4.419396893221922,1.5504282959844222,28.473463096427263,43.396293389474174,71.86975648590143
7.64399999999938,7.23,5.053510166664296,0.007381439104760106,3.3181715314661835,-2.2509693800402815,8.478695190860774,-10.328798136219177,0.0,-1.8822652708537722,1.3239652656640646,0.0,1.4745135867326926,-4.130026507762562,0.0,4.407572852443778,1.573603957075656,28.667516588522417,43.20192044292544,71.86943703144786
7.64599999999938,7.23,5.06016329579254,0.002859225336658163,3.3348712926652246,-2.2710516368451517,8.219772874289378,-9.750521602452007,0.0,-1.8792888454906365,1.3157008994860548,0.0,1.501959152451072,-4.134316340457163,0.0,4.398166597976703,1.5978135275215157,28.86184804722486,43.007265420069224,71.86911346729408
7.64799999999938,7.23,5.066849301385067,-0.0017019845516007591,3.351045411249389,-2.289959631893363,7.953096596613705,-9.154639096987161,0.0,-1.8762572454907143,1.3074280884558747,0.0,1.5296870156006168,-4.138471793245382,0.0,4.391273111800299,1.6231289704669847,29.05644203756812,42.812343902049044,71.86878593961717
7.6499999999993795,7.23,5.073567116826573,-0.006299807239495389,3.366678648740589,-2.3076587817743115,7.678941152068855,-8.541791433418293,0.0,-1.8731699137840168,1.2991470987458342,0.0,1.557689563047972,-4.1424954853307145,0.0,4.386984492031863,1.6496239961371468,29.25128302074232,42.617171582897946,71.86845460364026
7.651999999999379,7.23,5.08031564559574,-0.01093179157032762,3.381756348193341,-2.3241158580458423,7.39761311771121,-7.91269240415787,0.0,-1.8700263090537437,1.2908581911191535,0.0,1.585958657902054,-4.146390204951225,0.0,4.385389571942902,1.6773738640398994,29.446355373830194,42.421764249551906,71.8681196233821
7.653999999999379,7.23,5.087093762491186,-0.015595421405599767,3.3962644967203577,-2.3392991308557955,7.109449759952201,-7.268126324045965,0.0,-1.8668259067627049,1.2825616206023438,0.0,1.6144856612237908,-4.150158898678956,0.0,4.386573549458932,1.706455167236921,29.641643410105676,42.226137761252446,71.86778117135812
7.655999999999379,7.23,5.093900314980075,-0.020288118761241793,3.410189785511711,-2.35317850693118,6.814817622384863,-6.608944856106347,0.0,-1.8635682001326495,1.2742576361803617,0.0,1.6432614573854751,-4.153804659350873,0.0,4.390617630700272,1.7369456000789385,29.837131399787793,42.03030802844634,71.86743942823414
7.657999999999379,7.23,5.100734124663724,-0.025007247212996388,3.42351966671629,-2.365725660512779,6.514110801969462,-5.936063135026866,0.0,-1.8602527010693308,1.2659464805172174,0.0,1.6722764829658159,-4.157330712694669,0.0,4.3975986910519484,1.7689237110994147,30.032803591134684,41.834290991298445,71.86709458243313
7.659999999999378,7.23,5.107593988853333,-0.02975011555546478,3.4362424065739687,-2.3769141558565567,6.207748926209294,-5.250455216356203,0.0,-1.8568789410263709,1.2576283897045746,0.0,1.701520759019238,-4.160740402730334,0.0,4.4075889571197795,1.8024686430429349,30.228644231756792,41.63810259794083,71.86674682969762
7.661999999999378,7.23,5.114478682247731,-0.034513981696623175,3.4483471342177148,-2.386719559991576,5.896174849462808,-4.553148891717306,0.0,-1.8534464718013868,1.2493035930406857,0.0,1.7309839265114673,-4.164037176045483,0.0,4.420655712738738,1.8376598622635034,30.424637590022755,41.44175878258599,71.86639637260875
7.663999999999378,7.23,5.121386958703953,-0.03929605676708774,3.4598238856065002,-2.3951195445167017,5.5798520918487995,-3.845219922195642,0.0,-1.8499548662582888,1.2409723128418055,0.0,1.7606552846688825,-4.167224565058264,0.0,4.436861031950341,1.874576879956451,30.62076797642895,41.24527544363669,71.86604342006564
7.665999999999378,7.23,5.128317553090395,-0.04409350942108244,3.470663642101838,-2.4020939753339268,5.25926204916053,-3.1277857531400723,0.0,-1.846403718970215,1.2326347642880067,0.0,1.7905238319475734,-4.1703061703958815,0.0,4.456261541562012,1.9132989678790837,30.817019764800293,41.048668421927665,71.86568818672797
7.6679999999993775,7.23,5.135269183211411,-0.04890347030399306,3.480858363262148,-2.407624989352814,4.934901006663491,-2.4019987835869765,0.0,-1.8427926467781701,1.2242911553049733,0.0,1.8205783092907046,-4.173285642529199,0.0,4.478908215548875,1.9539048713642342,31.013377413190724,40.85195347923357,71.8653308924243
7.669999999999377,7.23,5.14224055179141,-0.05372303665961218,3.4904010134988517,-2.4116970573558096,4.607276993482573,-1.6690392720986011,0.0,-1.8391212892611835,1.2159416864831853,0.0,1.8508072453098519,-4.176166662814182,0.0,4.504846203163703,1.996472522531829,31.209825484352237,40.655146277179796,71.86497176153203
7.671999999999377,7.23,5.149230348505891,-0.058549277048727824,3.499285582314727,-2.4142970323849875,4.276906517368154,-0.9301079677300699,0.0,-1.8353893091144893,1.2075865510354484,0.0,1.8811990029993024,-4.178952924098571,0.0,4.5341146921917135,2.041078756654199,31.40634866564431,40.458262356686774,71.86461102233108
7.673999999999377,7.23,5.156237252046361,-0.06337923614961072,3.5075070979270317,-2.4154141831936102,3.9443112218804246,-0.18641855991173983,0.0,-1.8315963924330942,1.1992259347935272,0.0,1.911741827571281,-4.181648111057531,0.0,4.566746808333251,2.08779903462762,31.60293178826032,40.26131711807716,71.86424890633748
7.675999999999377,7.23,5.163259932205785,-0.06820993961023196,3.515061634163476,-2.4150402124968693,3.6100145093737046,0.5608099559086126,0.0,-1.8277422488989123,1.190860016244249,0.0,1.9424238949862263,-4.184255880424365,0.0,4.602769551228126,2.1367071744459847,31.799559845652578,40.064325801968224,71.8638856476208
7.677999999999376,7.23,5.170297051971075,-0.07303839892170616,3.521946310606461,-2.413169259951193,3.2745381735711785,1.310360899036322,0.0,-1.8238266118705013,1.1824889666050975,0.0,1.9732333607452766,-4.186779841282077,0.0,4.642203767160997,2.1878750944626817,31.996218011046203,39.86730347106434,71.86352148211054
7.679999999999376,7.23,5.17734726960916,-0.07786161628250929,3.5281592860481843,-2.409797889986376,2.938399084977685,2.061027414017752,0.0,-1.819849238375312,1.1741129499390472,0.0,2.004158408512237,-4.189223535578533,0.0,4.685064158018041,2.2413725710663117,32.19289165393949,39.67026499295706,71.86315664689656
7.681999999999376,7.23,5.184409240733389,-0.0826765894234605,3.533699745404423,-2.40492506480535,2.602105970920934,2.811619777317449,0.0,-1.815809909005222,1.165732123308001,0.0,2.0351872981396673,-4.191590419022144,0.0,4.731359325610639,2.297267013188715,32.389566355499,39.47322502402909,71.86279137952809
7.683999999999376,7.23,5.191481620337412,-0.08748031636427073,3.538567880316162,-2.3985521030486607,2.2661563296819596,3.560972411765573,0.0,-1.8117084277169528,1.1573466369639425,0.0,2.066308412687751,-4.1938838425069,0.0,4.781091850051893,2.3556232558147716,32.586227922768,39.276197994548944,71.86242591731695
7.6859999999993756,7.23,5.198563064784195,-0.0922698000736278,3.542764863744201,-2.3906826247909865,1.9310335150660878,4.3079505272054694,0.0,-1.8075446215397886,1.1489566345765916,0.0,2.097510304045114,-4.196107034205008,0.0,4.83425840047441,2.4165033743789683,32.78286240161843,39.07919809503045,71.86206049664888
7.687999999999375,7.23,5.205652233738525,-0.09704205300627983,3.5462928189308602,-2.3813224836920113,1.5972040239690077,5.0514563141542785,0.0,-1.8033183401937496,1.1405622534961122,0.0,2.128781736787011,-4.198263082452982,0.0,4.890849876020547,2.479966521620709,32.97945608838862,38.88223926391988,71.8616953523085
7.689999999999375,7.23,5.212747792032165,-0.10179410149236394,3.549154783163756,-2.370479687260903,1.2651150151398098,5.790434626917321,0.0,-1.799029455622098,1.1321636250491514,0.0,2.1601117299377304,-4.200354919542885,0.0,4.9508515747252115,2.546068788136708,33.17599554016172,38.68533517665963,71.86133071682136
7.691999999999375,7.23,5.21984841145174,-0.10652298995626551,3.551354666828293,-2.358164306310307,0.935192082563953,6.523878103182735,0.0,-1.7946778614426542,1.123760874866318,0.0,2.1914895963396046,-4.2023853065150245,0.0,5.014243387650926,2.6148630875221657,33.37246758365151,38.488499236165836,71.86096681981735
7.693999999999375,7.23,5.22695277244045,-0.11122578494454397,3.5528972082773316,-2.3443883747705523,0.6078373018246369,7.250831678354269,0.0,-1.7902634723229942,1.115354123239014,0.0,2.2229049793700684,-4.204356819032031,0.0,5.081000015428164,2.686399066641306,33.56885932267605,38.29174456474364,71.86060388741969
7.6959999999993745,7.23,5.23405956570581,-0.11589957894487805,3.553787925078032,-2.3291657811067408,0.2834275626016774,7.970396464424642,0.0,-1.7857862232850408,1.1069434855033684,0.0,2.254347886789696,-4.206271834397293,0.0,5.151091204202657,2.7607230412199826,33.765158144210716,38.095083997450885,71.8602421416616
7.697999999999374,7.23,5.241167493726742,-0.12054149398052164,3.5540330622169596,-2.3125121526301853,-0.03768680473505935,8.681732974754958,0.0,-1.7812460689449816,1.0985290724489822,0.0,2.2858087215469025,-4.208132519763636,0.0,5.2244819978953805,2.8378779566154964,33.96135172302457,37.898530076910475,71.85988179993504
7.699999999999374,7.23,5.248275272154526,-0.1251486849673736,3.553639537855355,-2.2944447340215834,-0.35518310555107346,9.384063687409471,0.0,-1.7766429826947234,1.09011099075001,0.0,2.3172783094087217,-4.2099408215611,0.0,5.301133003638748,2.917903373299114,34.15742802491493,37.702095049557244,71.85952307447218
7.701999999999374,7.23,5.255381631103309,-0.12971834282340788,3.552614887227387,-2.274982261387161,-0.6687670623215755,10.076674950428675,0.0,-1.7719769558313339,1.0816893434161696,0.0,2.348747923329977,-4.211698456156216,0.0,5.381000667262001,3.0008354762898692,34.35337530856576,37.505790863297,71.85916617186277
7.703999999999374,7.23,5.262485316327041,-0.13424769732283806,3.550967205265786,-2.2541448331521337,-0.9781733073546496,10.75891824239805,0.0,-1.7672479966410526,1.0732642302612132,0.0,2.380209304515222,-4.2134069017394635,0.0,5.464037555755631,3.086707107509828,34.54918212606471,37.30962916654408,71.85881129260878
7.705999999999373,7.23,5.269585090280864,-0.13873401968996732,3.5487050885223717,-2.2319537790599404,-1.2831655972898994,11.430210810672161,0.0,-1.7624561294444883,1.0648357483863997,0.0,2.4116546801679664,-4.215067391422833,0.0,5.550192643744666,3.1755478197947307,34.744837322122734,37.113621308594446,71.85845863071718
7.707999999999373,7.23,5.276679733066091,-0.1431746249301609,3.5458375769264947,-2.208431528492874,-1.583536763333711,12.090035717531558,0.0,-1.7576013936095967,1.0564039926765847,0.0,2.443076777959149,-4.216680907515959,0.0,5.6394116011383115,3.2673839510921754,34.94033003204692,36.91777834128398,71.85810837333091
7.709999999999373,7.23,5.283768043258973,-0.14756687389774442,3.5423740958934284,-2.1836014792622667,-1.8791084141726433,12.737941331246434,0.0,-1.752683842538966,1.0479690563066295,0.0,2.4744688372813166,-4.218248176937259,0.0,5.731637079293442,3.362238717214451,35.13564967852494,36.722111021874774,71.85776070039972
7.711999999999373,7.23,5.2908488386244255,-0.15190817510284976,3.538324399258338,-2.157487867936777,-2.1697304109292697,13.373540304484582,0.0,-1.7477035426377086,1.03953103125588,0.0,2.5058246173860748,-4.219769667705787,0.0,5.826808993224838,3.4601323213851267,35.330785967283674,36.52662981710556,71.85741578438923
7.7139999999993725,7.23,5.2979209567168235,-0.1561959862612795,3.5336985134707892,-2.1301156426880454,-2.455280135364242,13.996508086674446,0.0,-1.7426605722681052,1.031090008828647,0.0,2.537138402529475,-4.2212455864506415,0.0,5.92486479761129,3.561082078726954,35.5257288816899,36.3313449083388,71.85707379002869
7.715999999999372,7.23,5.304983255370768,-0.16042781559332425,3.5285066834409804,-2.1015103395366435,-2.7356615738116483,14.606581019875115,0.0,-1.7375550206968238,1.0226460801786978,0.0,2.568405004273459,-4.222675876867248,0.0,6.025739754576225,3.665102553782783,35.72046867636328,36.136266197732795,71.85673487409608
7.717999999999372,7.23,5.312034613085494,-0.16460122287913223,3.522759320383077,-2.0716979627801773,-3.010804240077522,15.203554069446405,0.0,-1.7323869870402393,1.0141993368359583,0.0,2.599619761110668,-4.2240602190440155,0.0,6.129367191459871,3.7722057091384573,35.91499586987489,35.94140331536467,71.85639918523955
7.719999999999372,7.23,5.319073929307211,-0.16871382027969134,3.5164669519542406,-2.040704870282027,-3.2806619607770338,15.787278241448867,0.0,-1.72715657921303,1.0057498712337478,0.0,2.6307785355953013,-4.225398029578602,0.0,6.235678747041421,3.8824010632249024,36.10930123660525,35.74676562722886,71.85606686383412
7.721999999999372,7.23,5.326100124614232,-0.17276327293373694,3.5096401749411306,-2.0085576641955534,-3.545211546377441,16.357657738329607,0.0,-1.7218639128848485,0.997297777235072,0.0,2.661877709174032,-4.226688462400162,0.0,6.3446046049094145,3.9956958554122934,36.30337579783608,35.55236224403536,71.85573804187143
7.723999999999371,7.23,5.333112140810202,-0.1767472993419458,3.5022896106996715,-1.9752830875966065,-3.8044513706082643,16.914646903189627,0.0,-1.7165091104494576,0.9888431506566275,0.0,2.692914174918779,-4.2279304102124335,0.0,6.45607371291251,4.112095216569344,36.49721081215002,35.35820203073161,71.85541284288163
7.725999999999371,7.23,5.340108940931088,-0.18066367155062327,3.494425863509449,-1.9409079273985046,-4.05839987995335,17.458247000905523,0.0,-1.7110923000103337,0.9803860897893679,0.0,2.7238853283673405,-4.229122506472386,0.0,6.5700139878475685,4.2316023433413505,36.69079776521049,35.164293616673945,71.85509138188444
7.727999999999371,7.23,5.347089509171909,-0.18451021514774377,3.48605948196185,-1.9054589238296504,-4.307094053709782,17.988502881721608,0.0,-1.7056136143863045,0.9719266959146569,0.0,2.7547890566788977,-4.230263127819933,0.0,6.6863525047540975,4.3542186744980595,36.884128358992356,34.97064540637601,71.85477376536836
7.729999999999371,7.23,5.354052850739332,-0.1882848090846762,3.477200923461525,-1.868962686665816,-4.550587833649041,18.50549956977553,0.0,-1.7000731901403912,0.9634650738151571,0.0,2.785623726309748,-4.2313503968761195,0.0,6.8050156703817555,4.479944067813402,37.07719450053182,34.777265590763406,71.85446009129522
7.7319999999993705,7.23,5.360997991636431,-0.19198538533722723,3.467860521884261,-1.8314456183276797,-4.788950540696217,19.00935881548383,0.0,-1.6944711666346113,0.9550013322798437,0.0,2.8163881694100845,-4.232382185329906,0.0,6.925929380578792,4.6087769760592545,37.269988290259896,34.5841621588684,71.8541504491283
7.73399999999937,7.23,5.367923978385926,-0.19560992841978075,3.4580484584012443,-1.792933843880094,-5.022265294318729,19.500235646934648,0.0,-1.6888076851131073,0.9465355846025996,0.0,2.8470816691363536,-4.233356117237005,0.0,7.0490191615126845,4.7407146208224615,37.46250200998176,34.39134290990009,71.85384491988185
7.73599999999937,7.23,5.374829877698224,-0.1991564747663182,3.447774735450092,-1.7534531479031994,-5.250627448518601,19.978314951487764,0.0,-1.6830828878155821,0.9380679490740795,0.0,2.8777039440652423,-4.234269572458217,0.0,7.174210294779641,4.875753162984183,37.654728110559056,34.19881546563072,71.85354357618978
7.73799999999937,7.23,5.3817147760905115,-0.20262311199198346,3.437049153807059,-1.7130289181470852,-5.474143056515061,20.4438081148025,0.0,-1.6772969171226453,0.9295985494665864,0.0,2.9082551318856873,-4.235119690169043,0.0,7.3014279265861015,5.013887868831386,37.84665919934965,34.00658728304143,71.85324648239109
7.73999999999937,7.23,5.388577779463039,-0.20600797804862883,3.425881292692452,-1.6716860958312196,-5.692927374407617,20.89694974055251,0.0,-1.6714499147343802,0.9211275155119433,0.0,2.9387357725340983,-4.235903372377108,0.0,7.430597161294024,5.15511327089853,38.03828802745406,33.81466566717687,71.85295369463093
7.741999999999369,7.23,5.395418012638578,-0.20930926028745667,3.41428049282245,-1.6294491324072393,-5.90710341236755,21.33799447023643,0.0,-1.665542020883046,0.9126549833723339,0.0,2.9691467909264673,-4.236617287388673,0.0,7.561643139711873,5.299423322762574,38.229607476814074,33.6230577841598,71.85266526097388
7.743999999999369,7.23,5.402234618870844,-0.21252519444147194,3.4022558423051352,-1.586341952568589,-6.116800540236477,21.767213918799435,0.0,-1.6595733735806228,0.9041810961043425,0.0,2.999489479428235,-4.237257873170699,0.0,7.694491102587135,5.446811547132502,38.42061054720483,33.43177067432441,71.85238122152924
7.745999999999369,7.23,5.409026759327463,-0.2156540635399993,3.389816165266346,-1.5423879232625939,-6.322153152839932,22.184893738298197,0.0,-1.6535441079015534,0.8957060041163799,0.0,3.0297654801904086,-4.237821340559691,0.0,7.829066439813079,5.597271176686779,38.61129034315681,33.24081126542786,71.85210160858466
7.747999999999369,7.23,5.415793612552812,-0.2186941967670066,3.376970013081858,-1.4976098284393755,-6.523299398861871,22.591330818595456,0.0,-1.6474543553008658,0.8872298656199091,0.0,3.0599767674672065,-4.238303676273718,0.0,7.9652947259054026,5.750795287214692,38.80164006084091,33.05018638590733,71.85182644674825
7.7499999999993685,7.23,5.422534373915828,-0.22164396827443045,3.3637256580860333,-1.4520298492570658,-6.720379975788116,22.986830631093373,0.0,-1.64130424296758,0.878752847074855,0.0,3.090125630017962,-4.238700645688651,0.0,8.103101742332827,5.907376922712066,38.991652974944614,32.859902778151245,71.85155575309585
7.751999999999368,7.23,5.429248255047597,-0.22450179596112727,3.350091089623334,-1.4056695494535176,-6.913536992211893,23.37170471880754,0.0,-1.635093893213162,0.8702751236297404,0.0,3.1202146536832434,-4.239007795344458,0.0,8.242413487302418,6.067009212165787,39.18132242556419,32.66996711175938,71.85128953732357
7.753999999999368,7.23,5.435934483273278,-0.2272661402274896,3.33607401230758,-1.3585498655905643,-7.102912897713775,23.746268333668752,0.0,-1.6288234228945782,0.8617968795570936,0.0,3.150246704213081,-4.239220455151779,0.0,8.383156173605725,6.2296854778361475,39.3706418051335,32.480385996769186,71.85102780190269
7.755999999999368,7.23,5.442592301042638,-0.22993550271517832,3.3216818463544064,-1.3106911018772938,-7.288649479572718,24.110838219800073,0.0,-1.622492942871386,0.8533183086847684,0.0,3.1802249104133464,-4.2393337402732545,0.0,8.525256215127655,6.395399334910018,39.55960454540678,32.29116599683029,71.85077054223706
7.757999999999368,7.23,5.449220965363218,-0.23250842504083924,3.3069217298547042,-1.2621129292832183,-7.470886924733671,24.465730539650785,0.0,-1.616102557496175,0.8448396148238431,0.0,3.210152647665181,-4.239342552658151,0.0,8.668640202607667,6.564144782452021,39.74820410450897,32.1023136423118,71.85051774682077
7.759999999999367,7.23,5.455819747239876,-0.23498348753210047,3.291800522860702,-1.2128343886600987,-7.6497629447495585,24.8112589382745,0.0,-1.6096523641375553,0.8363610121938188,0.0,3.240033521861738,-4.239241582212432,0.0,8.81323486922298,6.735916285624952,39.93643395406462,31.913835443331397,71.85026939739602
7.761999999999367,7.23,5.462387931124215,-0.23735930797359575,3.2763248131615406,-1.1628738976020017,-7.825411960813363,25.14773273967748,0.0,-1.6031424527348166,0.8278827258458418,0.0,3.269871353796639,-4.239025307589983,0.0,8.958967046538179,6.910708849185474,40.124287566412455,31.72573790269671,71.85002546910917
7.763999999999367,7.23,5.468924814377152,-0.2396345403702308,3.2605009236314553,-1.112249260786474,-7.997964345505435,25.475455268048474,0.0,-1.5965729053833548,0.8194049920847446,0.0,3.2996701640291124,-4.238687996594021,0.0,9.10576361133562,7.0885180822861855,40.311758401911305,31.538027528754096,71.8497859306654
7.765999999999367,7.23,5.475429706747664,-0.24180787373441,3.2443349210408625,-1.060977683555048,-8.167545717478491,25.794722285760812,0.0,-1.5899437959498584,0.8109280588906612,0.0,3.3294341582423477,-4.2382237061805155,0.0,9.253551423806613,7.269340254632048,40.498839896339696,31.350710848140615,71.84955074448031
7.7679999999993665,7.23,5.481901929870535,-0.2438780309034749,3.2278326262285106,-1.00907578850825,-8.3342762849938,26.105820539324533,0.0,-1.5832551897162945,0.8024521863410699,0.0,3.3591677131033717,-4.237626282058478,0.0,9.402257257547335,7.453172344046978,40.68552544838892,31.163794418439554,71.84931986682848
7.769999999999366,7.23,5.488340816785725,-0.24584376739317304,3.2109996255412927,-0.9565596349085201,-8.49827023398256,26.409026403907724,0.0,-1.5765071430516646,0.7939776470340107,0.0,3.3888753626257446,-4.236889357884357,0.0,9.551807721764318,7.640012075507436,40.871808407249105,30.977284840739273,71.84909324798838
7.771999999999366,7.23,5.494745711481824,-0.24770387029258323,3.1938412834571346,-0.9034447407036263,-8.659635156140316,26.70460461665037,0.0,-1.5696997031105326,0.7855047265133354,0.0,3.418561785029376,-4.236006354050335,0.0,9.702129176055234,7.829857951692499,41.05768206028349,30.791188772099304,71.8488708323828
7.773999999999366,7.23,5.501115968465859,-0.24945715720556647,3.1763627563154873,-0.8497461070030018,-8.818471512453183,26.992807088725044,0.0,-1.5628329075573502,0.7770337236967806,0.0,3.448231790085744,-4.234970476068507,0.0,9.853147638090498,8.022709275086411,41.243139620787204,30.60551293792798,71.84865255871519
7.775999999999366,7.23,5.507450952361626,-0.25110247524349805,3.158569007089211,-0.7954782448596973,-8.974872127497328,27.273871785944976,0.0,-1.5559067843156231,0.7685649513076813,0.0,3.4778903069311404,-4.233774712555163,0.0,10.004788684481724,8.218566161649534,41.42817421582346,30.420264144277876,71.84843836010134
7.777999999999365,7.23,5.513750037538553,-0.252638700073762,3.140464821140978,-0.7406552042311145,-9.128921709836558,27.548021667657785,0.0,-1.5489213513409967,0.7600987363111023,0.0,3.5075423723254557,-4.232411832821371,0.0,10.156977345084165,8.41742954604768,41.61277887413043,30.235449290065795,71.84822816419623
7.779999999999365,7.23,5.5200126077730145,-0.2540647350282551,3.1220548229166623,-0.6852906050121902,-9.280696393870198,27.815463673697423,0.0,-1.5418766164173991,0.7516354203551769,0.0,3.537193119329307,-4.23087438407817,0.0,10.309637990943214,8.619301178398349,41.796946514090344,30.05107537922573,71.84802189331607
7.781999999999365,7.23,5.526238055943951,-0.25537951027595673,3.103343493537417,-0.6293976700550793,-9.43026329853242,28.076387749251197,0.0,-1.5347725769754441,0.7431753602184176,0.0,3.5668477663679483,-4.229154688266669,0.0,10.462694216059502,8.824183612455641,41.98066993175197,29.867149532803637,71.84781946455561
7.783999999999365,7.23,5.532425783764532,-0.25658198206346794,3.084335189261274,-0.5729892601095252,-9.577680098326315,28.330965897655616,0.0,-1.5276092199323446,0.7347189282637263,0.0,3.5965116066465477,-4.227244838525389,0.0,10.61606871311434,9.032080185114568,42.163941788897425,29.683679001003295,71.84762078990072
7.7859999999993645,7.23,5.5385752015516045,-0.25767113202731184,3.065034160794031,-0.5160779106378803,-9.722994602278945,28.579351251338657,0.0,-1.520386521552676,0.7262665128998256,0.0,3.6261899978776104,-4.225136695309299,0.0,10.769683143267029,9.242994987069206,42.346754601143495,29.500671175193034,71.84742577633654
7.787999999999364,7.23,5.544685728034593,-0.25864596658171524,3.0454445734379028,-0.4586758704780879,-9.866244336516436,28.821677151351707,0.0,-1.5131044473294106,0.7178185190507853,0.0,3.6558883522779944,-4.222821882177224,0.0,10.923458000109045,9.456932824409508,42.52910072606795,29.318133599883147,71.84723432595109
7.789999999999364,7.23,5.550756790205542,-0.2595055163855555,3.0255705280748835,-0.4007951423467574,-10.007456126300887,29.058056226226064,0.0,-1.505762951884726,0.7093753686342885,0.0,3.68561212678967,-4.220291781266657,0.0,11.077312467836848,9.673899170887275,42.7109723513517,29.136073984683684,71.84704633603539
7.791999999999364,7.23,5.556787823211954,-0.2602488358921616,3.005416082989933,-0.3424475251927142,-10.146645673514172,29.288579461181037,0.0,-1.4983619788901819,0.7009375010492402,0.0,3.7153668134753186,-4.217537528477547,0.0,11.231164273686339,9.893900110524173,42.89236148292687,28.954500216252086,71.84686169917896
7.793999999999364,7.23,5.562778270294129,-0.26087500298569377,2.984985276546979,-0.2836446584290152,-10.283817125737743,29.513315249048993,0.0,-1.4909014610059872,0.6925053736732942,0.0,3.745157930036836,-4.2145500083895175,0.0,11.38492953465809,10.116942270173343,43.073259933123005,28.773420370240153,71.84668030336316
7.795999999999363,7.23,5.568727582768727,-0.26138311870790254,2.964282150738247,-0.22439806808833623,-10.418962633251823,29.732308414640997,0.0,-1.4833813198391417,0.6840794623707717,0.0,3.7749910104020623,-4.211319848939897,0.0,11.538522598552971,10.343032741581762,43.25365930880319,28.59284272324785,71.84650203205103
7.797999999999363,7.23,5.574635220060315,-0.26177230707917093,2.9433107756345986,-0.16471921496280126,-10.552061890467492,29.945579204670302,0.0,-1.475801465920385,0.6756602620114455,0.0,3.804871595322041,-4.207837415893507,0.0,11.691855879335154,10.57217899243263,43.433550999482854,28.412775764792162,71.84632676427502
7.799999999999363,7.23,5.580500649782758,-0.26204171501788337,2.922075274771336,-0.1046195448046767,-10.683081658509524,30.15312223577316,0.0,-1.4681617987000013,0.6672482870005723,0.0,3.834805222918353,-4.2040928071388874,0.0,11.844839686842198,10.804388765776467,43.61292616542587,28.233228209297263,71.84615437472313
7.801999999999363,7.23,5.586323347872341,-0.2621905123623316,2.9005798515102623,-0.04411054067881308,-10.811975265891299,30.354905393629167,0.0,-1.4604622065626116,0.6588440718204558,0.0,3.8647974191173,-4.20007584684979,0.0,11.997382050871918,11.03966996718673,43.79177572571319,28.05420900811064,71.84598473382383
7.803999999999363,7.23,5.59210279877463,-0.26221789199956297,2.8788288164246767,0.016796222428785958,-10.938682084470493,30.55086867669602,0.0,-1.452702566861292,0.6504481715838055,0.0,3.894853687904662,-4.195776079555717,0.0,12.14938853969407,11.278030538899666,43.97009034628148,27.875727361549483,71.84581770783096
7.805999999999362,7.23,5.597838495687176,-0.26212307010579833,2.8568266157593243,0.07808902062947404,-11.063126978145116,30.74092297863608,0.0,-1.444882745971397,0.6420611625989932,0.0,3.924979501332022,-4.191182764170248,0.0,12.30076207306035,11.519478320121067,44.14786042793025,27.697792730978534,71.84565315890879
7.807999999999362,7.23,5.603529940860251,-0.2619052865032918,2.8345778610221135,0.1397559216495354,-11.185219722057496,30.92494880415138,0.0,-1.4370025993646882,0.6336836429472522,0.0,3.955180289202538,-4.186284868032045,0.0,12.451402729822687,11.764020892603142,44.325076094298666,27.52041485091943,71.8454909452181
7.809999999999362,7.23,5.609176645957959,-0.26156380513877037,2.812087359768538,0.2017847227089354,-11.304854390412597,31.102794913649685,0.0,-1.4290619717044772,0.6253162330717341,0.0,3.9854614283610905,-4.1810710610197965,0.0,12.601207550315621,12.011665410514693,44.5017271798162,27.343603741189,71.8453309210052
7.811999999999362,7.23,5.6147781324821535,-0.2610979146888761,2.7893601476431393,0.26416288561501244,-11.421908711414702,31.274276892992834,0.0,-1.4210606969626451,0.6169595763782022,0.0,4.015828231510623,-4.175529709809681,0.0,12.750070333716168,12.26241841354716,44.677803217631784,27.167369719061426,71.84517293669322
7.8139999999993615,7.23,5.620333932261759,-0.2605069292983331,2.766401521744916,0.3268774689182721,-11.536243388263522,31.43917564549195,0.0,-1.4129985985595677,0.6086143398470056,0.0,4.046285935473392,-4.169648872351935,0.0,12.897881430665027,12.516285622119025,44.85329342753168,26.99172341144617,71.84501683897786
7.815999999999361,7.23,5.625843588010196,-0.2597901894568714,2.7432170753851906,0.3899150569728307,-11.647701385666565,31.597235804393854,0.0,-1.404875489528154,0.6002812146558119,0.0,4.076839688812708,-4.163416292652061,0.0,13.044527531517383,12.773271713462176,45.02818670385797,26.816675767070645,71.84486247092862
7.817999999999361,7.23,5.631306653953779,-0.25894706302125875,2.7198127343069767,0.4532616857417342,-11.756107181906414,31.748164065324296,0.0,-1.3966911727033442,0.5919609168123902,0.0,4.107494538727681,-4.15681939595189,0.0,13.189891450691094,13.033380077297839,45.202471603443314,26.642238068652652,71.84470967209597
7.819999999999361,7.23,5.636722696534066,-0.25797694638910984,2.696194794434135,0.5169027651876895,-11.861265987173798,31.89162743956748,0.0,-1.3884454409386235,0.5836541877965457,0.0,4.138255417130431,-4.149845284416562,0.0,13.333851907696925,13.296612549737373,45.376136333582544,26.46842194504397,71.84455827862652
7.821999999999361,7.23,5.642091295187295,-0.2568792658314592,2.6723699612164555,0.5808229980930931,-11.96296292964801,32.0272514306859,0.0,-1.3801380773512788,0.5753617952100816,0.0,4.16912712581231,-4.142480733445113,0.0,13.47628330557033,13.562969123976806,45.549168740064744,26.295239383322155,71.8444081233869
7.82399999999936,7.23,5.6474120432041595,-0.25565347899138996,2.648345390632951,0.6450062951600869,-12.060962211695973,32.154618138864734,0.0,-1.3717688555983203,0.5670845334334023,0.0,4.200114320603097,-4.1347121887352785,0.0,13.617055507579938,13.832447636295568,45.72155629529616,26.12270274080248,71.84425903609863
7.82599999999936,7.23,5.6526845486732915,-0.25429907655629885,2.624128731909928,0.7094356862522195,-12.155006239568712,32.27326429949829,0.0,-1.3633375401851526,0.5588232242871087,0.0,4.231221494424638,-4.126525764246789,0.0,13.75603361326426,14.105043425821338,45.8932860865469,25.950824756937,71.8441108434839
7.82799999999936,7.23,5.657908435511944,-0.2528155841116406,2.5997281720025143,0.7740932276547445,-12.244814731136147,32.38267926500256,0.0,-1.3548438868093613,0.5505787176966519,0.0,4.26245295913847,-4.11790724122267,0.0,13.893077735049836,14.380748966487417,46.064344804363415,25.779618565062393,71.84396336942581
7.82999999999936,7.23,5.663083344587425,-0.2512025641842202,2.5751524818779283,0.8389599052512939,-12.33008380751923,32.48230294164048,0.0,-1.3462876427420638,0.5423518923577224,0.0,4.293812826085661,-4.108842068443776,0.0,14.028042776928721,14.65955346959062,46.234718731192075,25.609097703951026,71.8438164351431
7.8319999999993595,7.23,5.66820893493293,-0.24945961848328094,2.5504110646256253,0.9040155335413472,-12.410485075968285,32.57152369632216,0.0,-1.337668547249597,0.5341436563997486,0.0,4.325304985216243,-4.099315363909273,0.0,14.160778216927213,14.941442455358368,46.404393730268104,25.439276129114006,71.84366985938212
7.833999999999359,7.23,5.673284885061427,-0.24758639034775515,2.5255140054030787,0.9692386504563816,-12.48566471302696,32.649676251951384,0.0,-1.3289863320584274,0.5259549480444268,0.0,4.356933082705947,-4.089311918153628,0.0,14.29112789537786,15.226397291959866,46.57335523482999,25.270168223797107,71.84352345862709
7.835999999999359,7.23,5.678310894381254,-0.24558256740808873,2.5004721232060354,1.0346064079736876,-12.555242558908741,32.716039593928144,0.0,-1.3202407218664352,0.5177867362557915,0.0,4.388700496959185,-4.078816199430021,0.0,14.418929811318451,15.514394700451513,46.741588237728564,25.101788809602816,71.84337704733139
7.837999999999359,7.23,5.683286684717072,-0.2434478844710044,2.4752970244281496,1.1000944585765131,-12.618811236128186,32.769834914951225,0.0,-1.311431434903889,0.5096400213778476,0.0,4.420610312899932,-4.067812361009882,0.0,14.544015929682539,15.805406224237421,46.90907728150775,24.934153156663413,71.84323043817116
7.839999999999359,7.23,5.688212001939658,-0.24118212663541397,2.450001158146509,1.1656768376684241,-12.675935307770976,32.81022363029409,0.0,-1.3025581835476194,0.5015158357552529,0.0,4.4526652944564304,-4.056284250868838,0.0,14.66621200231844,16.099397661758022,47.075806449042744,24.767276993280568,71.84308344232332
7.841999999999358,7.23,5.693086617707928,-0.23878513264740606,2.424597873036266,1.2313258421195838,-12.726150493365227,32.836305501275675,0.0,-1.2936206749921138,0.49341524433200346,0.0,4.484867855151878,-4.044215424050431,0.0,14.78533740627729,16.39632846130028,47.24175935483228,24.601176514938153,71.84293586977043
7.843999999999358,7.23,5.6979103313263035,-0.23625679850180087,2.39910147577887,1.2970119052040945,-12.768962963139957,32.84711691073514,0.0,-1.2846186119813918,0.48533934522246236,0.0,4.517220026721732,-4.0315891580200125,0.0,14.90120500324366,16.696151077059774,47.406919137049826,24.43586839258442,71.84278752963425
7.845999999999358,7.23,5.702682971720251,-0.2335970812971534,2.373527290783823,1.3627034682816663,-12.80384873450645,32.84162934090779,0.0,-1.2755516936056717,0.47728927024839274,0.0,4.549723425689535,-4.0183884713420515,0.0,15.01362102444354,16.998810285886176,47.57126845047134,24.271369780068618,71.84263823053996
7.847999999999358,7.23,5.707404399532378,-0.2308060033502746,2.347891720992953,1.4283668496846993,-12.830253197876123,32.81874811119678,0.0,-1.2664196161669712,0.46926618543503107,0.0,4.582379217847236,-4.004596146034208,0.0,15.122384985850955,17.304242464517554,47.73478946040626,24.1076983206071,71.84248778101336
7.8499999999993575,7.23,5.712074509340995,-0.2278836565752977,2.3222123094785436,1.493966111394303,-12.847590802397358,32.77731144086143,0.0,-1.2572220741178814,0.4612712914584576,0.0,4.615188080603835,-3.9901947539703624,0.0,15.227289639021333,17.612374827566,47.89746383777131,23.944872152141677,71.84233598991298
7.851999999999357,7.23,5.7166932320023705,-0.22483020713101468,2.2965078014818796,1.5594629242266806,-12.855244935822983,32.71608990953866,0.0,-1.2479587610777894,0.4533058240357898,0.0,4.64815016318776,-3.9751666877214844,0.0,15.328120963400377,17.923124627065466,48.059272755457826,23.782909911441536,71.84218266689936
7.853999999999357,7.23,5.721260537117167,-0.2216459003386141,2.2707982064666257,1.624816432405235,-12.8525680364515,32.633786396654536,0.0,-1.2386293709308223,0.44537105424891243,0.0,4.681265044714564,-3.9594941962372125,0.0,15.424658206484017,18.236398315043107,48.22019688615477,23.621830736787846,71.84202762294261
7.855999999999357,7.23,5.72577643562057,-0.21833106587003237,2.245104859681804,1.6899831185641179,-12.838881978845288,32.529036589014765,0.0,-1.229233599009774,0.43746828879166444,0.0,4.714531690162412,-3.943159425781267,0.0,15.516673978727278,18.552090671336245,48.380216401802215,23.46165426906871,71.84187067087092
7.857999999999357,7.23,5.730240982494578,-0.21488612320485617,2.2194504826420114,1.7549166704156773,-12.813478778724841,32.40041015398796,0.0,-1.2197711433700924,0.42959887012953757,0.0,4.747948404334342,-3.926144466538992,0.0,15.603934410602935,18.870083899757628,48.539310974861344,23.302400651099497,71.84171162596084
7.859999999999356,7.23,5.734654279599604,-0.21131158735104766,2.193859241838176,1.8195678505169293,-12.775621665940907,32.246412683440695,0.0,-1.2102417061578676,0.4217641765601483,0.0,4.781512783928239,-3.9084314053146745,0.0,15.686199379680687,19.190246696718408,48.69745978159728,23.144090524973297,71.84155030657058
7.861999999999356,7.23,5.739016478621072,-0.20760807482167945,2.168356804891098,1.8838843707877067,-12.724546577595843,32.065488520648024,0.0,-1.200644995075423,0.4139656221618663,0.0,4.815221667883957,-3.8900023847278673,0.0,15.763222816012258,19.51243329755824,48.85464150758322,22.986745027234253,71.84138653481747
7.863999999999356,7.23,5.743327784125042,-0.20377630985633208,2.142970393253138,1.9478107736637849,-12.659464126029391,31.8560245883767,0.0,-1.1909807249477642,0.4062046566172387,0.0,4.849071086231621,-3.8708396693007114,0.0,15.834753094446155,19.836482507106002,49.01083435564158,22.830385781658354,71.84122013729993
7.865999999999356,7.23,5.747588456714948,-0.19981713087180022,2.117728830451913,2.011288322009433,-12.579562098302171,31.61635534079037,0.0,-1.18124861939258,0.3984827648970195,0.0,4.883056207726767,-3.850925718800137,0.0,15.900533522729999,20.16221672240569,49.16601605644759,22.67503488941602,71.8410509458636
7.8679999999993555,7.23,5.751798816279441,-0.19573149712225837,2.0926625847554843,2.074254900161893,-12.484008544738563,31.3447689641899,0.0,-1.1714484125958942,0.3908014667899937,0.0,4.91717128662581,-3.830243269158443,0.0,15.960302934358664,20.489440957080806,49.32016388202503,22.52071491638622,71.84087879841124
7.869999999999355,7.23,5.755959245318969,-0.19152049554404044,2.0678038050234737,2.1366449287305636,-12.371955513775848,31.039514951330254,0.0,-1.1615798511946764,0.38316231626315256,0.0,4.951409609030016,-3.8087754212411085,0.0,16.013796395059973,20.817941878472016,49.473254662368646,22.36744887738635,71.840703539755
7.871999999999355,7.23,5.7600701923361255,-0.18718534775469534,2.0431863483956576,2.198389296020107,-12.242543488469359,30.698813170417115,0.0,-1.1516426962667734,0.3755669006363098,0.0,4.985763439306676,-3.78650573765988,0.0,16.060746031538034,21.14748687044636,49.625264805427875,22.21526021708103,71.8405250225089
7.873999999999355,7.23,5.764132175272009,-0.182727417170004,2.01884579836231,2.259415309182026,-12.094906576231812,30.320864542247858,0.0,-1.1416367254274227,0.3680168395549551,0.0,5.020223967181993,-3.763418347740683,0.0,16.100881990580326,21.477823136618724,49.776170320683306,22.06417278733511,71.84034310801842
7.875999999999355,7.23,5.768145784967824,-0.1781482161962142,1.99481947166304,2.3196466684145807,-11.928178497359584,29.903863426502127,0.0,-1.1315617350303329,0.36051378374499243,0.0,5.054781256190307,-3.7394980606479296,0.0,16.133933535836626,21.808676860615005,49.925946846541706,21.914210820781406,71.84015766732311
7.877999999999354,7.23,5.772111688627739,-0.1734494134479202,1.9711464123778895,2.3790034677159495,-11.741499409306405,29.44601180022315,0.0,-1.121417542469874,0.3530594135331875,0.0,5.089424194256871,-3.7147304865382305,0.0,16.159630288457308,22.13975244189612,50.07456968176204,21.76539890038535,71.83996858214739
7.879999999999354,7.23,5.776030633255717,-0.16863284093485115,1.9478673715115231,2.437402225838509,-11.534023592162695,28.945535287316083,0.0,-1.111203988579238,0.34565543711749647,0.0,5.124140447284917,-3.6891021654659784,0.0,16.177703616293474,22.470731827500362,50.22201382110947,21.61776192480344,71.8397757459129
7.881999999999354,7.23,5.779903449035559,-0.16370050115344098,1.9250247703345813,2.4947559511798647,-11.304928006108,28.400701066810548,0.0,-1.1009209401176063,0.338303588572193,0.0,5.1589164167093395,-3.6626007035908037,0.0,16.187888174481053,22.80127396178087,50.36825399541026,21.471325069354457,71.8395790647647
7.883999999999354,7.23,5.783731052619932,-0.15865457401154764,1.9026626457422307,2.55097424436459,-11.05342171350479,27.80983764920447,0.0,-1.0905682923373883,0.33100562557381596,0.0,5.193737202066145,-3.635214916042643,0.0,16.189923597925585,23.131014377739284,50.513264716152136,21.32611374245104,71.83937845860318
7.8859999999993535,7.23,5.787514450290711,-0.15349742350723433,1.880826575925663,2.6059634422044704,-10.778756136672417,27.171356464146122,0.0,-1.0801459716203459,0.32376332683543596,0.0,5.228586569705493,-3.606934975584774,0.0,16.1835563434546,23.459564954796647,50.657020324736166,21.18215353737382,71.83917386210999
7.887999999999353,7.23,5.791254740949613,-0.14823160407529648,1.859563584734791,2.6596268065591295,-10.480236097230295,26.483775149024837,0.0,-1.0696539381691599,0.3165784892387009,0.0,5.263446928842373,-3.577752565981613,0.0,16.16854167620816,23.78651386869975,50.7994950464444,21.039470179313607,71.838965225758
7.889999999999353,7.23,5.794953118894993,-0.14285986650843563,1.838922023246571,2.7118647613382496,-10.157231554409313,25.745742367096543,0.0,-1.0590921887385107,0.30945292465555496,0.0,5.298299316188476,-3.5476610387288448,0.0,16.14464579120447,24.111425759630404,50.94066304913318,20.898089467657417,71.83875251679059
7.891999999999353,7.23,5.798610876337892,-0.1373851633538855,1.8189514272495975,2.7625751804774157,-9.809189928283233,24.956063916373136,0.0,-1.0484607593872641,0.3023884564544762,0.0,5.33312339043678,-3.516655571543864,0.0,16.111648056980382,24.43384214435446,51.080498506603774,20.758037213553223,71.838535720157
7.893999999999353,7.23,5.802229405608086,-0.13181065368115621,1.7997023496171853,2.8116537291702244,-9.435648860084006,24.113729817962824,0.0,-1.037759728230752,0.29538691568951125,0.0,5.367897437871804,-3.4847333267500202,0.0,16.069343363820654,24.753282097308382,51.218975666533666,20.61933917285387,71.83831483938754
7.895999999999352,7.23,5.805810200999157,-0.12613970711267092,1.7812261668719256,2.8589942599412006,-9.036249226522143,23.21794199675241,0.0,-1.0269892181696805,0.2884501369744339,0.0,5.402598390348185,-3.4518936074270252,0.0,16.017544554440477,25.069243223765806,51.35606892277656,20.482020974615764,71.83808989739232
7.897999999999352,7.23,5.8093548602005995,-0.12037590700672497,1.7635748596464897,2.904489264293112,-8.610748189486502,22.26814209073232,0.0,-1.0161493995697188,0.28157995404881164,0.0,5.437201856813893,-3.418138008950326,0.0,15.95608491018165,25.38120294556561,51.49175289175794,20.34610804540788,71.83786093716583
7.899999999999352,7.23,5.812865085264856,-0.11452305268170818,1.7468007672174537,2.9480303796598766,-8.159032028086095,21.264038850969623,0.0,-1.0052404928636123,0.27477819504778755,0.0,5.471682169447293,-3.38347056331527,0.0,15.884820660968105,25.68862011624018,51.62600249260538,20.21162552977424,71.83762802237962
7.901999999999352,7.23,5.816342683058032,-0.10858516057219161,1.7309563168272448,2.9895089502504812,-7.681128468386428,20.205634525813153,0.0,-0.9942627710456163,0.26804667749276234,0.0,5.506012445326537,-3.3478978734482085,0.0,15.803633482608255,25.990936977715524,51.758793030560554,20.078598207283644,71.8373912378442
7.9039999999993515,7.23,5.819789565145088,-0.10256646421156326,1.7160937291064817,3.028816639096008,-7.177218199288525,19.093249564466294,0.0,-0.9832165620264739,0.2613872030259302,0.0,5.540164664352948,-3.3114292345592333,0.0,15.712432940728357,26.28758146505438,51.890100283128035,19.947050406695155,71.83715068982319
7.905999999999351,7.23,5.823207747063554,-0.0964714129426344,1.7022647015535983,3.0658460872351254,-6.647645242790405,17.927544930876653,0.0,-0.9721022508158716,0.25480155191761933,0.0,5.574109763906875,-3.2740767395013393,0.0,15.611158836883378,26.577969859016232,52.01990058831834,19.817005917862705,71.83690650618105
7.907999999999351,7.23,5.826599346944392,-0.09030466926720696,1.68952007270526,3.100491614526342,-6.092925835425495,16.709541293427876,0.0,-0.9609202814986915,0.2482914773814524,0.0,5.60781775042631,-3.2358553650815223,0.0,15.499783409451389,26.861509778603757,52.14817093425468,19.688487902094604,71.83665883634929
7.909999999999351,7.23,5.829966583444606,-0.08407110475809014,1.6779094703202024,3.132649955099491,-5.513755476907461,15.440634353323553,0.0,-0.9496711589713055,0.24185869973846363,0.0,5.641257827768866,-3.196783036330812,0.0,15.378313339999025,27.137603497397446,52.27488904932238,19.561518801773484,71.83640785109587
7.911999999999351,7.23,5.833311772963515,-0.07777579447249253,1.6674809475776375,3.1622210190039732,-4.911013813642576,14.122605598541666,0.0,-0.9383554504047548,0.2355049004770846,0.0,5.67439854185289,-3.1568806658917676,0.0,15.246791515126711,27.405651558555366,52.400033491963974,19.436120250121693,71.83615374208567
7.91399999999935,7.23,5.836637326123245,-0.07142400982399691,1.658280611933113,3.1891086702332934,-4.285767050071522,12.757627823579439,0.0,-0.926973786403132,0.2292317162614349,0.0,5.707207940681542,-3.116172165930431,0.0,15.105298494556635,27.665056654133274,52.52358373915342,19.31231298206903,71.83589672122245
7.91599999999935,7.23,5.8399457435039155,-0.06502120989123437,1.6503522518515077,3.2132215100649484,-3.639267620510184,11.348264839517356,0.0,-0.9155268618276005,0.22304073294514482,0.0,5.7396537484461945,-3.074684430327175,0.0,14.953953638558676,27.91522772517853,52.645520272531186,19.190116747234928,71.83563701976611
7.91799999999935,7.23,5.843239610634868,-0.05857303116457531,1.6437369671197377,3.2344736536140584,-2.9729509082820615,9.897464914259402,0.0,-0.9040154362595595,0.21693347965204757,0.0,5.771703551994957,-3.032447285347124,0.0,14.792915851818718,28.155584230223848,52.765824661144755,19.06955022607769,71.83537488722244
7.91999999999935,7.23,5.846521592255142,-0.05208527575718644,1.6384728088025584,3.25278548671888,-2.28842886667948,8.408547627471322,0.0,-0.8924403340802636,0.21091142298812104,0.0,5.803324997553981,-2.9894934075293405,0.0,14.62238390655932,28.385560521739965,52.884479639724205,18.950630950283195,71.8351105900074
7.92199999999935,7.23,5.849794425868727,-0.045563898133088206,1.6345944351178672,3.2680843898119685,-1.587480475970514,6.885183995138593,0.0,-0.8808024441488096,0.20497596145098218,0.0,5.834485995218934,-2.9458582081543208,0.0,14.442596315070068,28.60461026319112,53.001469181428234,18.833375228463343,71.83484440989157
7.923999999999349,7.23,5.853060914632754,-0.03901499043170488,1.63213278955169,3.2803054153284936,-0.8720390597245948,5.33136990931207,0.0,-0.869102719065711,0.19912842010385434,0.0,5.8651549284083,-2.9015796843358213,0.0,14.253830730649888,28.812210813953683,53.116778564025644,18.717798078210176,71.83457664223582
7.925999999999349,7.23,5.856323919629331,-0.032444766495071234,1.6311148073920754,3.289391905496609,-0.14417657878115453,3.7513931422409432,0.0,-0.8573421740151703,0.19337004558009652,0.0,5.89530086520462,-2.8566982375152925,0.0,14.056402866074256,29.007867505847706,53.23039442853232,18.603913165500842,71.83430759403316
7.927999999999349,7.23,5.859586351583775,-0.025859544729532703,1.631563156527366,3.2952960380612772,0.5939148818049788,2.1497943720287536,0.0,-0.8455218851854863,0.18770200148207117,0.0,5.924893768318988,-2.8112564608909896,0.0,13.850664929762216,29.191117733674687,53.34230482940217,18.4917327523746,71.83403758177677
7.929999999999349,7.23,5.862851162103192,-0.019265729957621897,1.6334960178283167,3.297979288611652,1.3399441230330074,0.5313228895224853,0.0,-0.833642987773735,0.18212536423434333,0.0,5.953904700309298,-2.765298898062559,0.0,13.637003591447444,29.36153478314404,53.452499275472846,18.381267653705244,71.8337669291781
7.9319999999993485,7.23,5.866121334519319,-0.012669794437006405,1.6369269097249868,3.2974127996922307,2.0915439423572595,-1.0991121666852104,0.0,-0.8217066735875518,0.17664111944587124,0.0,5.982306020673478,-2.7188717758863183,0.0,13.415837500913254,29.518731323005255,53.560968760991315,18.272527203771283,71.83349596476259
7.933999999999348,7.23,5.869399874427903,-0.00607825824123552,1.6418645607172644,3.2935776487388306,2.8462958715915736,-2.73649403824615,0.0,-0.8097141882636179,0.1712501588292602,0.0,6.010071571528492,-2.672022715189027,0.0,13.187614394768783,29.662362494052676,53.66770578618646,18.16551923318791,71.83322501937437
7.935999999999348,7.23,5.872689800023412,0.0005023307891781834,1.6483128325498793,3.286465009032764,3.60175600993696,-4.37575290103856,0.0,-0.7976668281287673,0.16595327771720836,0.0,6.037176848775549,-2.624800423550752,0.0,12.952807836846164,29.792128535799954,53.772704367014185,18.060250056608233,71.83295442362243
7.937999999999348,7.23,5.875994132332199,0.007065417307532726,1.6562706956739126,3.2760762002350488,4.355481379102071,-6.011821521062311,0.0,-0.7855659367356371,0.1607511732074446,0.0,6.063599155935879,-2.5772543748179495,0.0,12.711913647144254,29.90777690176524,53.87596003386831,17.956724471435386,71.83268450530369
7.939999999999348,7.23,5.879315885449356,0.013604458711363624,1.6657322574477584,3.262422627559794,5.105056208217442,-7.639690747028247,0.0,-0.7734129011099964,0.15564444295775082,0.0,6.089317738211339,-2.5294344803263593,0.0,12.465446081935381,30.00910382610598,53.977469819225206,17.854945767612698,71.8324155868379
7.941999999999347,7.23,5.882658056884197,0.020112945160973457,1.6766868423453114,3.245525611177327,5.848117559442696,-9.254463581548382,0.0,-0.7612091477514284,0.1506335846425303,0.0,6.114313894765946,-2.481390756987628,0.0,12.213933833374767,30.095955317338028,54.077232234366406,17.754915748383958,71.83214798275037
7.943999999999347,7.23,5.886023618116685,0.02658441915018225,1.6891191222827941,3.2254161099066505,6.582379730628574,-10.851406627781744,0.0,-0.7489561384324568,0.14571899607201688,0.0,6.138571067721861,-2.4331729974164418,0.0,11.957915920483083,30.168227568557374,54.17524723549191,17.65663476174354,71.83188199723546
7.945999999999347,7.23,5.8894155054622335,0.03301249442388285,1.7030092940913553,3.2021343455705145,7.305656917654308,-12.425997807985873,0.0,-0.7366553658437975,0.1409009759649742,0.0,6.1620749068968586,-2.384830447148394,0.0,11.69793754460701,30.225866787411146,54.27151617970121,17.560101742132346,71.83161792183355
7.947999999999347,7.23,5.892836611335389,0.039390874051852647,1.7183333001895156,3.175729336460763,8.015883683492753,-13.9739693890066,0.0,-0.7243083491347456,0.1361797253558663,0.0,6.18481330985975,-2.3364114937291802,0.0,11.434545981398323,30.26886846249742,54.366041771466286,17.46531426178456,71.83135603325084
7.9499999999993465,7.23,5.8962897759941395,0.045713367486989294,1.7350630876806246,3.1462583501260593,8.711132860095567,-15.49134551961769,0.0,-0.7119166293980375,0.13155534960832405,0.0,6.206776437424386,-2.2879633720579515,0.0,11.168286578108571,30.297276095402253,54.4588280003498,17.37226859099659,71.83109659134638
7.951999999999346,7.23,5.8997777798363495,0.05197390645802734,1.7531669004407933,3.1137862870950026,9.389630598609331,-16.974473676681423,0.0,-0.6994817651477607,0.1270278609984199,0.0,6.22795670522273,-2.239531889860454,0.0,10.899698919786559,30.311179438763624,54.54988007083392,17.280959766475423,71.83083983730934
7.953999999999346,7.23,5.90330333630848,0.0581665595710894,1.772609598288463,3.0783850081504633,10.049768378628476,-18.42004962142527,0.0,-0.6870053278371098,0.12259718182412038,0.0,6.248348752474858,-2.191161176574477,0.0,10.629313221088172,30.31071229022086,54.63920432521009,17.191381666832672,71.83058599204276
7.955999999999346,7.23,5.906869085474572,0.0642855455203165,1.79335299704478,3.040132618361186,10.690111883549514,-19.825135673787447,0.0,-0.6744888974601396,0.11826314799135373,0.0,6.267949389494275,-2.142893458276903,0.0,10.35764699222191,30.29604989960517,54.72680816054316,17.103527094223598,71.83033525476675
7.957999999999346,7.23,5.910477588281008,0.07032524483448309,1.8153562232021472,2.9991127212591935,11.309406742237652,-21.187172312363767,0.0,-0.6619340582781985,0.11402551302254527,0.0,6.286757525819195,-2.0947688605949626,0.0,10.085202018452867,30.267406052096614,54.81269994076146,17.01738786108734,71.8300878018488
7.959999999999345,7.23,5.914131321540039,0.0762802101131382,1.838576077006368,2.955413656348912,11.906581223327668,-22.503983291772236,0.0,-0.6493423947076817,0.10988395243029225,0.0,6.304774081137097,-2.04682524085074,0.0,9.812461682981384,30.22502989326939,54.896888904938436,16.93295488092644,71.82984378586488
7.961999999999345,7.23,5.917832673642906,0.08214517473168995,1.862967398008335,2.90912773258381,12.480746044426816,-23.773774631530685,0.0,-0.6367154874011789,0.10583806839702603,0.0,6.322001881367185,-1.999098050011637,0.0,9.5398886532933,30.169202563027174,54.97938507282183,16.85021826206814,71.82960333488997
7.963999999999345,7.23,5.921583941001865,0.08791506001931895,1.8884834275315099,2.8603504695978827,13.031191521990614,-24.995127965942316,0.0,-0.6240549095492451,0.10188739470101049,0.0,6.338445542383896,-1.9516202243822622,0.0,9.267922941610701,30.100233704538418,55.06019914863816,16.76916740337539,71.82936655201355
7.965999999999345,7.23,5.925387325209815,0.09358498093612624,1.9150761630050455,2.80917985738962,13.557382337304295,-26.166988850032723,0.0,-0.6113622234249804,0.09803140182973469,0.0,6.354111343907258,-1.904422106392457,0.0,8.996980341167886,30.018457911633014,55.139342424151664,16.689791090919492,71.82913351507116
7.9679999999993445,7.23,5.929244930896679,0.09915025029607145,1.9426966997009627,2.755715643886209,14.058950229287952,-27.288650691165678,0.0,-0.5986389771886046,0.09426950222359276,0.0,6.369007096059311,-1.8575313933260125,0.0,8.7274512319544,29.92423117398882,55.21682668189416,16.61207759468666,71.82890427658083
7.969999999999344,7.23,5.9331587642534265,0.10460638159973916,1.9712955560586924,2.7000586584273467,14.535684945998373,-28.35973502015825,0.0,-0.5858867019642313,0.09060105559546627,0.0,6.383142000998184,-1.8109731124034667,0.0,8.459699742491027,29.81792737411855,55.292664099407716,16.53601476446278,71.8286788638705
7.971999999999344,7.23,5.937130732187666,0.10994909055560709,2.00082297945406,2.642310177760098,14.98752379462964,-29.38016883150054,0.0,-0.5731069091964309,0.08702537427539814,0.0,6.396526511902345,-1.76476962028618,0.0,8.194063248264351,29.699934883981083,55.366867155256614,16.46159012412376,71.82845727938037
7.973999999999344,7.23,5.9411626420690995,0.11517429538021608,2.031229229947348,2.58257133968265,15.414540125944376,-30.3501597127735,0.0,-0.5603010882897239,0.08354172853364472,0.0,6.409172191397944,-1.7189406248074492,0.0,7.930852182694271,29.57065330229522,55.43944853747643,16.388790963646795,71.82823950112322
7.975999999999344,7.23,5.945256202018899,0.12027811597649476,2.062464840204515,2.520942608062428,15.816931075151407,-31.270169452349865,0.0,-0.5474707045302205,0.08014935184001937,0.0,6.421091571312329,-1.6735032265583987,0.0,7.670350132955553,29.430490366620518,55.51042105503298,16.31760442825129,71.82802548328426
7.977999999999343,7.23,5.949413021694063,0.12525687209559425,2.0944808504088672,2.4575232916216,16.195004859272636,-32.14088676626541,0.0,-0.534617197285054,0.07684744602225435,0.0,6.432298015407497,-1.6284719778556942,0.0,7.4128141905685965,29.279859067248974,55.579797552771964,16.24801760417071,71.82781515694268
7.979999999999343,7.23,5.953634613516035,0.13010708059113138,2.1272290175533524,2.3924111176605556,16.549167903015316,-32.96319972408748,0.0,-0.5217419784721782,0.07363518629112575,0.0,6.442805586507655,-1.5838589565878425,0.0,7.158475525334658,29.119174983146014,55.64759083024663,16.18001760064923,71.82760843089585
7.981999999999343,7.23,5.957922394292165,0.1348254518759662,2.160661999016089,2.3257018607988913,16.879912033063704,-33.738168383950914,0.0,-0.5088464312905632,0.0705117261050704,0.0,6.452628919193953,-1.539673852468128,0.0,6.90754015080391,28.94885385376987,55.713813564722955,16.11359162784593,71.82740519256889
7.983999999999343,7.23,5.962277687178863,0.1394088856908268,2.1947335107674006,2.257489025867026,17.187801946324957,-34.4669980725505,0.0,-0.4959319091986291,0.06747620185186676,0.0,6.461783099004071,-1.495924063304894,0.0,6.660189849898095,28.769309394723187,55.778478238579666,16.048727070412284,71.82720530899195
7.9859999999993425,7.23,5.966701723936378,0.1438544662915403,2.2293984609326123,2.1878635832857647,17.47346312260632,-35.151013670207334,0.0,-0.48299973512718813,0.06452773732964723,0.0,6.470283548850254,-1.452614799024844,0.0,6.416583230427333,28.580951359942972,55.84159707124216,15.98541155658721,71.82700862782937
7.987999999999342,7.23,5.971195647426885,0.1481594571576329,2.264613059741194,2.1169137546255095,17.7375703177864,-35.7916351869997,0.0,-0.4700512009119216,0.061665448013871416,0.0,6.478145923161467,-1.409749191341763,0.0,6.176856881898429,28.38418384857331,55.90318195572152,15.923633022724118,71.82681497844564
7.989999999999342,7.23,5.975760514309915,0.1523212953199208,2.3003349071318713,2.0447248455359563,17.98083674084565,-36.39035484566156,0.0,-0.45708756692956076,0.058888445100911735,0.0,6.485386010066616,-1.367328407142598,0.0,5.941126607074942,28.17940385081171,55.963244399767405,15.863379773226914,71.82662417299431
7.991999999999342,7.23,5.980397297891826,0.15633758539870884,2.3365230594593847,1.971379122871567,18.204003987919364,-36.94871582215991,0.0,-0.44411006192154356,0.05619583932260508,0.0,6.492019641768012,-1.325351763857251,0.0,5.709488704093449,27.967000023866515,56.02179547159002,15.804640535927943,71.82643600751796
7.993999999999342,7.23,5.985106891089101,0.1602060934376019,2.3731380768671912,1.8969557325956032,18.40783277937811,-37.46829273672636,0.0,-0.4311198829887204,0.05358674452935086,0.0,6.498062613109007,-1.2838168452796848,0.0,5.482021277450087,27.74735168668548,56.078845750061205,15.747404512987071,71.82625026304828
7.995999999999341,7.23,5.989890109468407,0.16392474061094967,2.4101420529580193,1.8215306549120798,18.593094522134514,-37.95067393728279,0.0,-0.418118195740832,0.051060281042236366,0.0,6.5035306082162325,-1.2427196165103376,0.0,5.258785558751586,27.520828020261593,56.13440527926511,15.691661427431553,71.82606670669666
7.997999999999341,7.23,5.994747694329671,0.1674915968757902,2.4474986284176854,1.7451766930356376,18.760563699056714,-38.39744557393249,0.0,-0.4051061345847987,0.048615578777089885,0.0,6.508439134995426,-1.2020545368878817,0.0,5.039827220692723,27.28778745904039,56.188483527240535,15.637401565487448,71.82588509272799
7.999999999999341,7.23,5.999680315801736,0.1709048746320053,2.485172990233885,1.6679634920490687,18.91101107048821,-38.81017742736514,0.0,-0.392084803136414,0.046251780145482035,0.0,6.512803467178342,-1.1618146699683487,0.0,4.825177670213332,27.048577258172358,56.24108934873024,15.584615814879838,71.82570516361008
8.001999999999342,7.23,6.004688575923376,0.17416292244739495,2.523131858107581,1.5899575844023213,19.045197659313107,-39.19041042537052,0.0,-0.37905527474069733,0.04396804273935184,0.0,6.516638593556001,-1.1219917897882297,0.0,4.614855309150821,26.803533221009793,56.29223095173789,15.53329569929684,71.82552665103474
8.003999999999342,7.23,6.009773011685615,0.17726421889763336,2.5613434595864786,1.5112224587615661,19.163869480494196,-39.53964575957656,0.0,-0.3660185930869216,0.04176354180733066,0.0,6.519959173987986,-1.0825764828133706,0.0,4.408866752902737,26.552979571268217,56.341915867678715,15.483433409226503,71.82534927690521
8.005999999999343,7.23,6.014934098014243,0.1802073665646731,2.5997774953637816,1.4318186491096996,19.267752968282743,-39.859335498433516,0.0,-0.3529757729052143,0.03963747253185956,0.0,6.522779501747292,-1.0435582451261753,0.0,4.2072079996243685,26.29722895459371,56.39015092490433,15.435021829383285,71.82517275428762
8.007999999999344,7.23,6.020172250674225,0.182991086231183,2.6384050960861556,1.351803841219245,19.357551049028356,-40.15087458164919,0.0,-0.33992780073250256,0.03758905211695318,0.0,6.5251134717429675,-1.0049255745387862,0.0,4.0098655442930635,26.036582554835512,56.43694222538009,15.388054562944316,71.82499678832441
8.009999999999344,7.23,6.025487829080272,0.185614211303082,2.6771987719071983,1.271232993855227,19.43393980434425,-40.415594074954456,0.0,-0.3268756357365321,0.03561752169698573,0.0,6.526974554156756,-0.9666660574399558,0.0,3.8168174335706486,25.771330311062396,56.48229512429261,15.342525952815889,71.8248210771085
8.011999999999345,7.23,6.030881139000213,0.1880756824871905,2.7161323559105846,1.1901584723108645,19.497565668017746,-40.65475556161413,0.0,-0.3138202105875566,0.033722148077120484,0.0,6.528375773033157,-0.9287664502879615,0.0,3.6280342587867445,25.501751222230485,56.52621421237188,15.298431100146018,71.8246453125179
8.013999999999346,7.23,6.036352435139935,0.19037454274647336,2.7551809424137104,1.1086301921259327,19.549043100146424,-40.869546547733826,0.0,-0.3007624323682862,0.03190222531610698,0.0,6.529329689373206,-0.8912127557527549,0.0,3.4434800855595684,25.228113727365685,56.56870330071832,15.255765880293191,71.82446918101151
8.015999999999346,7.23,6.041901923600565,0.1925099325512935,2.7943208210507287,1.026695771080736,19.58895268326469,-41.061076761583415,0.0,-0.2877031835134878,0.030157076162090735,0.0,6.529848388298921,-0.8539902935874175,0.0,3.263113319573172,24.950676150127105,56.60976540793423,15.214526956452408,71.82429236438664
8.017999999999347,7.23,6.047529764200274,0.1944810854415163,2.8335294074254764,0.944400687793356,19.61783958742765,-41.23037523226463,0.0,-0.2746433227715355,0.028486053351827745,0.0,6.529943469876949,-0.8170837663740652,0.0,3.086887508858783,24.669687197639245,56.6494027493715,15.174711791128694,71.82411454050019
8.019999999999348,7.23,6.053236072654524,0.19628732391118628,2.8727851710215297,0.8617884454708094,19.63621235412643,-41.37838803963936,0.0,-0.2615836861809602,0.026888540783368664,0.0,6.529626043214577,-0.7804773203429557,0.0,2.9147520835946272,24.385386504492306,56.68761672831924,15.136318655636124,71.82393538395536
8.021999999999348,7.23,6.059020922609908,0.1979280556248095,2.9120675609597084,0.7789007395734362,19.644541952307954,-41.505976635046245,0.0,-0.24852508805585788,0.02536395457184104,0.0,6.52890672346843,-0.7441546015076663,0.0,2.746653034962216,24.09800521379298,56.72440792896878,15.099346637787523,71.8237545667563
8.023999999999349,7.23,6.0648843475277605,0.19940276997198947,2.951356930103609,0.6957776283445203,19.64326106352906,-41.613916640681815,0.0,-0.23546832197460973,0.023911743997409696,0.0,6.52779563143473,-0.7080988073941128,0.0,2.582533534989938,23.807766588085865,56.75977611100838,15.063795647924794,71.82357175893317
8.02599999999935,7.23,6.070826342414697,0.20071103496524695,2.99063445793173,0.6124577053327187,19.63276355722308,-41.70289704425163,0.0,-0.22241416176711679,0.022531392353935198,0.0,6.526302395419203,-0.6722927346693546,0.0,2.4223344995977416,23.514886643846314,56.793720205715346,15.02966642342564,71.82338662914098
8.02799999999935,7.23,6.076846865397945,0.20185249448426978,3.0298820725207753,0.528978273192702,19.6134041211272,-41.77351971446211,0.0,-0.209363362496233,0.021222417706208252,0.0,6.524436155114077,-0.6367188229972208,0.0,2.265995097238995,23.219574804060514,56.82623831342817,14.996960531806852,71.82319884523503
8.029999999999351,7.23,6.082945839143998,0.20282686586855248,3.0690823719188995,0.44537551818928894,19.585498016005666,-41.826299171898974,0.0,-0.1963166614296317,0.019984373562955793,0.0,6.522205567238597,-0.601359195463998,0.0,2.113453205635892,22.922034564152455,56.857327702298115,14.96568037252828,71.82300807482639
8.031999999999352,7.23,6.089123152119593,0.2036339378593613,3.108218545130002,0.36168468495235,19.549320927860993,-41.86166255872931,0.0,-0.18327477899882216,0.018816849472139907,0.0,6.519618812727676,-0.5661956959291934,0.0,1.9646458191340213,22.622464167185687,56.88698480823458,14.93582917758629,71.82281398582087
8.033999999999352,7.23,6.09537865969441,0.20427356889116183,3.147274292880568,0.2779402511341139,19.505108894814995,-41.879949759392225,0.0,-0.1702384197423808,0.01771947154432385,0.0,6.516683605280583,-0.5312099236643613,0.0,1.8195094091710102,22.321057284860316,56.915205235975826,14.907411010968922,71.82261624694475
8.035999999999353,7.23,6.101712185085207,0.20474568573203952,3.1862337482988243,0.19417610170763822,19.453058289732876,-41.881413632945275,0.0,-0.15720827323087247,0.016691902909167,0.0,6.513407201107482,-0.4963832656485231,0.0,1.677980240276397,22.018003701339858,56.94198376123233,14.880430767029358,71.82241452826169
8.037999999999354,7.23,6.108123520141295,0.2050502824721943,3.225081397601927,0.1104257027155618,19.39332584345323,-41.86622032600418,0.0,-0.14418501497118796,0.015733844109368067,0.0,6.509796409736248,-0.46169692689172004,0.0,1.5399946439017766,21.713489997380844,56.967314333864934,14.854894167818266,71.8222085016832
8.039999999999354,7.23,6.114612425971473,0.2051874198592655,3.2638020008603394,0.026722274332306242,19.326028697168695,-41.83444964324429,0.0,-0.1311693072883166,0.014845033435619714,0.0,6.505857605765243,-0.427131959159895,0.0,1.4054892522325755,21.407700232601,56.99119008207814,14.830807759399482,71.82199784147763
8.041999999999355,7.23,6.121178633412595,0.2051572249790099,3.3023805128892354,-0.05690103685888882,19.251244476085926,-41.786095460243914,0.0,-0.11816180018272407,0.014025247205400548,0.0,6.501596741469249,-0.39266928847442956,0.0,1.2744011939607414,21.10081662401065,57.01360331762269,14.80817890715781,71.82178222478049
8.043999999999356,7.23,6.127821843340083,0.20495989127968467,3.3408020043045306,-0.1404109864499265,19.169011379992714,-41.72106617107548,0.0,-0.10516313216174525,0.013274299987688476,0.0,6.497019360185904,-0.3582897417593311,0.0,1.1466682538102118,20.79302021914918,57.034545542017874,14.787015790092154,71.82156133211002
8.045999999999356,7.23,6.134541726820754,0.2045956789383447,3.379051582775857,-0.2237740617209491,19.079328289789327,-41.639185170520754,0.0,-0.09217393104346339,0.012592044774915268,0.0,6.492130610428593,-0.32397407300764314,0.0,1.0222289974070977,20.484491562316425,57.05400745382082,14.767327394071147,71.82133484789198
8.047999999999357,7.23,6.141337925108363,0.20406491556712333,3.417114314510273,-0.3069563121578289,18.982154892417054,-41.540191378141245,0.0,-0.07919481473166377,0.011978373102767281,0.0,6.4869352606886235,-0.289702989337031,0.0,0.9010228628817671,20.17541135246833,57.07197895698278,14.74912350401353,71.82110246099631
8.049999999999358,7.23,6.148210049482388,0.2033679972573954,3.4549751460087395,-0.38992318107108503,18.877411829966263,-41.42373981872882,0.0,-0.06622639196052948,0.011433215117675033,0.0,6.4814377149050575,-0.2554571773024215,0.0,0.7829902203840178,19.865961091360926,57.088449170350934,14.732414694939642,71.82086386529058
8.051999999999358,7.23,6.155157680930639,0.20250538995949394,3.4926188261522624,-0.4726393384495337,18.764980882066038,-41.289402280891245,0.0,-0.05326926300770769,0.010956539591114978,0.0,6.475642028594457,-0.22121732983075107,0.0,0.6680724004888776,19.556323720477284,57.10340643838656,14.717212321825574,71.82061876021213
8.053999999999359,7.23,6.162180369676443,0.20147763119533635,3.5300298286961556,-0.5550685152327576,18.644705193990806,-41.13666808278239,0.0,-0.04032402037449219,0.010548353879122008,0.0,6.469551925645106,-0.18696417414006428,0.0,0.5562116922760936,19.246684245161063,57.1168383431868,14.703528508176493,71.82036685136329
8.05599999999936,7.23,6.169277634551297,0.20028533210088534,3.5671922752790537,-0.6371733392517045,18.516389566235805,-40.96494498120204,0.0,-0.027391249431708106,0.010208703824672538,0.0,6.463170815791134,-0.15267850100078503,0.0,0.4473513116806825,18.937230344209393,57.128731717911876,14.69137613322062,71.82010785113249
8.05799999999936,7.23,6.1764489622141845,0.19892917979479385,3.6040898590881554,-0.7189151731664435,18.37980082465367,-40.77356026755072,0.0,-0.014471529029970648,0.009937673599913932,0.0,6.456501812791064,-0.11834119569235635,0.0,0.34143534054434943,18.62815296294926,57.13907266173265,14.680768817611288,71.81984147934394
8.059999999999361,7.23,6.183693806219012,0.19740994006883325,3.6407057693636773,-0.8002539548242841,18.234668293560954,-40.56176210132453,0.0,-0.0015654320728455545,0.009735385484489822,0.0,6.44954775334292,-0.08393327100168244,0.0,0.23840863664740186,18.319646887537335,57.14784655642928,14.671720907510094,71.81956746393938
8.061999999999362,7.23,6.191011585932097,0.19572846039475156,3.6770226169736406,-0.8811480405700298,18.080684397535155,-40.32872113901164,0.0,0.01132647394857525,0.009601999575544862,0.0,6.442311216773749,-0.04943590260160255,0.0,0.13821671487595694,18.011911297885995,57.15503808478295,14.66424745691082,71.81928554169377
8.063999999999362,7.23,6.198401685302093,0.19388567324102476,3.713022361344803,-0.9615540521628992,17.91750542086536,-40.073532523262365,0.0,0.024203626461310385,0.009537713424316752,0.0,6.434794545545422,-0.014830467136601189,0.0,0.04080559958182621,17.705150296231487,57.16063125091688,14.658364208050717,71.81899545896759
8.065999999999363,7.23,6.20586345148543,0.1918825996915203,3.7486862390966524,-1.0414267280912366,17.744752456768556,-39.79521830399003,0.0,0.03706546735794711,0.009542761593586357,0.0,6.426999866620647,0.019901416670606742,0.0,-0.05387835186996021,17.399573407927523,57.1646094027536,14.654087569743721,71.81869697249732
8.067999999999364,7.23,6.21339619333106,0.1897203533563626,3.783994694792616,-1.1207187802259213,17.562012581465776,-39.49273036945704,0.0,0.049911442587772345,0.009617415129642648,0.0,6.418929113732981,0.05477784359615902,0.0,-0.1458886543970778,17.0953960505739,57.16695525676735,14.651434593458864,71.81838985022621
8.069999999999364,7.23,6.220999179729217,0.1874001445632478,3.8189273142956193,-1.1993807569154455,17.368840290950043,-39.164953971232976,0.0,0.06274100179334618,0.009761980941853765,0.0,6.41058405060247,0.08981657390202678,0.0,-0.23527892934912314,16.79283996708183,57.16765092521834,14.65042294695751,71.81807387217584
8.071999999999365,7.23,6.228671637829967,0.18492328481507875,3.853462761293238,-1.2773609137985864,17.164759240663038,-38.81071193194115,0.0,0.07555359799450122,0.009976801082415276,0.0,6.401966295133751,0.12503498148718714,0.0,-0.32210316745123974,16.492133617742574,57.16667794606477,14.651070885294551,71.81774883135932
8.073999999999366,7.23,6.2364127511385,0.1822911914970571,3.887578717640148,-1.3546050937926128,16.949264330215836,-38.42876962867671,0.0,0.08834868732173741,0.010262251918381593,0.0,6.393077344626221,0.16044999799091572,0.0,-0.40641602035625146,16.193512525813848,57.164017315753554,14.653397218982196,71.81741453473575
8.075999999999366,7.23,6.244221657495536,0.17950539281326783,3.921251828251239,-1.431056617903557,16.72182417658606,-38.017840847545244,0.0,0.1011257288010714,0.010618743187710944,0.0,6.383918602015763,0.1960780526773468,0.0,-0.4882731204309931,15.897219570580848,57.15964952509486,14.657421279110867,71.81707080420573
8.077999999999367,7.23,6.252097446952739,0.17656753292930458,3.9544576513663077,-1.5066561886971148,16.48188401973428,-37.57659460556485,0.0,0.11388418419238532,0.011046716930751654,0.0,6.374491403154552,0.23193500797951033,0.0,-0.5677314281449373,15.603505221300054,57.15355459842611,14.663162879219914,71.81671747764602
8.079999999999368,7.23,6.260039159554788,0.17347937729361687,3.987170615094828,-1.581341808460229,16.228869104118626,-37.10366303478344,0.0,0.12662351788339823,0.011546646288422058,0.0,6.364797045119138,0.26803609063950157,0.0,-0.6448496060985449,15.312627704910222,57.14571213626816,14.67064227371256,71.81635440998072
8.081999999999368,7.23,6.268045783041631,0.17024281810601138,4.019363981234833,-1.6550487142695631,15.96218857793652,-36.597650419418024,0.0,0.1393431968412282,0.012119034158260766,0.0,6.354836815517707,0.30439581844905556,0.0,-0.7196884183175576,15.024853099917193,57.13610136167203,14.679880112614148,71.81598147428618
8.083999999999369,7.23,6.27611625048655,0.16685987989713033,4.051009817440799,-1.7277093323580732,15.681239948870928,-36.05714346964999,0.0,0.1520426906235399,0.012764411699625833,0.0,6.344612022744418,0.3410279226736482,0.0,-0.7923111529474539,14.740455348448055,57.124701170442684,14.690897392482244,71.81559856292493
8.08599999999937,7.23,6.28424943788785,0.16333272517778682,4.0820789788885845,-1.7992532543279967,15.385414130431249,-35.48072290489368,0.0,0.16472147145107915,0.013483336679561364,0.0,6.3341240271025185,0.37794526633256587,0.0,-0.8627840659042496,14.459716178152902,57.1114901854126,14.703715403290465,71.81520558870307
8.08799999999937,7.23,6.2924441617343945,0.15966366011180386,4.112541100647435,-1.8696072378899786,15.07410110643154,-34.86697640440568,0.0,0.177379014343238,0.014276391651302234,0.0,6.323374272688288,0.41515975860831184,0.0,-0.9311768423760428,14.182924925435923,57.09644681491735,14.71835567112683,71.81480248604419
8.089999999999371,7.23,6.30069917656762,0.15585514016054045,4.142364602015895,-1.9386952349050555,14.746696232527043,-34.21451296355015,0.0,0.19001479731803234,0.015144181958049008,0.0,6.312364319894893,0.4526822657707815,0.0,-0.9975630723261296,13.910378251452654,57.07954931560006,14.734839896571998,71.81438921217206
8.091999999999372,7.23,6.309013172565266,0.15190977564167457,4.171516704105829,-2.006438449559165,14.402607182857768,-33.52197866949948,0.0,0.20262830165755802,0.01608733355551273,0.0,6.30109587835949,0.4905225191245862,0.0,-1.0620207353300675,13.642379742449604,57.060775859639996,14.753189888652686,71.81396574829269
8.093999999999372,7.23,6.317384773174596,0.14783033713914387,4.199963461961968,-2.0727554294984483,14.04126153656758,-32.788073880294455,0.0,0.21521901223960546,0.017106490647922024,0.0,6.289570840138404,0.5286890206208046,0.0,-1.124632689196368,13.37923938637882,57.04010460646035,14.773427494303572,71.81353210076392
8.095999999999373,7.23,6.325812532825438,0.14361976069554377,4.227669812478606,-2.1375621926870836,13.662114983228363,-32.01157175591014,0.0,0.2277864179356675,0.018202313133554582,0.0,6.277791312854931,0.5671889469158653,0.0,-1.1854871558890496,13.121272918326685,57.01751377892816,14.795574523313826,71.813088302242
8.097999999999374,7.23,6.334294934755878,0.13928115271288816,4.254599639315357,-2.2007723926068907,13.264660108002412,-31.191338049291936,0.0,0.2403300120749385,0.0193754738576134,0.0,6.265759652522675,0.6060280528077125,0.0,-1.2446781973101668,12.868801028184762,56.99298174400293,14.81965266878635,71.81263441278928
8.099999999999374,7.23,6.342830388985703,0.13481779448261272,4.2807158559153455,-2.262297524188859,12.848435696850839,-30.326352019540064,0.0,0.25284929297338876,0.02062665567225086,0.0,6.253478495705545,0.6452105751310824,0.0,-1.3023061725404175,12.622148425189025,56.966487097734415,14.845683423195503,71.81217052092993
8.101999999999375,7.23,6.351417230474807,0.1302331462612297,4.305980507587581,-2.322047172541519,12.413036479508282,-29.4157282791356,0.0,0.2653437645261637,0.02195654830586502,0.0,6.240950790634778,0.6847391383446721,0.0,-1.3584781672057167,12.381642755485366,56.938008754441256,14.873687990194433,71.8116967446357
8.103999999999376,7.23,6.3600537175054805,0.12553085080432436,4.330354893426659,-2.3799293061114493,11.958123203698554,-28.458739333230255,0.0,0.27781293686085107,0.023365845046421585,0.0,6.228179826864686,0.7246146631903482,0.0,-1.4133083847789314,12.147613370758656,56.90752603982979,14.903687192395516,71.8112132322253
8.105999999999376,7.23,6.368738030328853,0.12071473626883397,4.3537997086046945,-2.435850615371379,11.483432908760362,-27.454838512903393,0.0,0.29025632704821913,0.024855239246427185,0.0,6.215169263014328,0.7648362799420854,0.0,-1.4669184888804356,11.920389948195806,56.87501878773297,14.935701375425047,71.81072016315801
8.107999999999377,7.23,6.377468270116519,0.11578881839199363,4.376275207281081,-2.4897168974783446,10.988789241237708,-26.403682947603727,0.0,0.30267345986612965,0.02642542066036413,0.0,6.201923152113144,0.8054012478852322,0.0,-1.5194378850594064,11.700300964632453,56.84046744006545,14.969750308637238,71.81021774870268
8.109999999999378,7.23,6.386242458258553,0.11075730185519461,4.3977413860356025,-2.5414334865792245,10.474112630028479,-25.30515616688225,0.0,0.31506386861134494,0.02807707162877371,0.0,6.188445964047066,0.8463048827682385,0.0,-1.5710039301708973,11.48767203063694,56.803853149502714,15.00585308296004,71.80970623246276
8.111999999999378,7.23,6.39505853604855,0.10562458074250151,4.418158187342002,-2.5909057285691452,9.939430115478128,-24.159389870435664,0.0,0.32742709595289854,0.029810863126736753,0.0,6.174742604589219,0.8875404940425314,0.0,-1.6217620573648768,11.282824093474314,56.76515788430044,15.044028006435493,71.80918589073593
8.113999999999379,7.23,6.403914364794927,0.10039523800691626,4.437485722167065,-2.63803949814062,9.384884606607686,-22.96678436120298,0.0,0.33976269481969246,0.031627450698172965,0.0,6.16081843049829,0.9290993337453508,0.0,-1.671865804925334,11.086071521311538,56.7243645345837,15.084292498108159,71.80865703269185
8.11599999999938,7.23,6.412807726395436,0.09507404386283641,4.455684510311955,-2.6827417549143906,8.810743324843651,-21.728027101817855,0.0,0.35207022931395726,0.03352747030111736,0.0,6.146679260179209,0.9709705588781186,0.0,-1.7214767377870162,10.897720084594907,56.681457019340314,15.126662981005449,71.80812000034577
8.11799999999938,7.23,6.421736324408581,0.08966595303067007,4.47271573661812,-2.724921134339532,8.217405182532278,-20.444108833130787,0.0,0.36434927564119374,0.03551153409275132,0.0,6.132331379427,1.013141209083316,0.0,-1.770764251554498,10.718064854158179,56.63642039327483,15.17115477503851,71.80757516831335
8.119999999999381,7.23,6.430697785651361,0.08417610076932325,4.4885415206523795,-2.764488567919189,7.605406841545245,-19.116336687807575,0.0,0.37659942304633653,0.03758022618653123,0.0,6.1177815418161705,1.055596201321045,0.0,-1.8199052502819297,10.547388039191079,56.589240952597144,15.217781990732906,71.80702294333005
8.121999999999382,7.23,6.439689662347504,0.07860979764429203,4.50312519698023,-2.8013579261938393,6.975427202614816,-17.74634374482359,0.0,0.38882027474502434,0.03973409841696507,0.0,6.103036963355834,1.098318343088156,0.0,-1.869083691154072,10.38595679158504,56.5399063387536,15.266557424767718,71.80646376352132
8.123999999999382,7.23,6.448709434844051,0.0729725229933175,4.516431602650732,-2.835446676835511,6.328290090662526,-16.336094504177233,0.0,0.4010114488382173,0.041973666150499245,0.0,6.088105311104795,1.141288365506572,0.0,-1.9184899915355036,10.234021006237477,56.48840563905466,15.317492458360277,71.80589809741494
8.125999999999383,7.23,6.457754514906971,0.06726991706786258,4.5284273680697185,-2.8666765492169004,5.664964925964563,-14.887885816773874,0.0,0.4131725791978069,0.04429940418334144,0.0,6.072994685530666,1.1844849773326807,0.0,-1.9683202965965518,10.091811149493077,56.434729483109805,15.3705969595766,71.80532644268641
8.127999999999384,7.23,6.4668222495984375,0.0615077718468238,4.539081207050839,-2.8949741959636817,4.986565205729096,-13.404342882602533,0.0,0.4253033163106149,0.04671174276884915,0.0,6.057713596501256,1.2278849406099297,0.0,-2.0187756088321294,9.959536149887851,56.37887013396345,15.425879190673395,71.80474932463684
8.129999999999384,7.23,6.475909925729631,0.055692020538584956,4.548364201526098,-2.9202718413211315,4.294344665279445,-11.888410030417669,0.0,0.43740332806799653,0.04921106381816398,0.0,6.042270932913126,1.2714631683063202,0.0,-2.070060784185977,9.837381386604893,56.320821572819945,15.4833457215827,71.80416729440265
8.131999999999385,7.23,6.485014774873697,0.049828725808353874,4.556250076188221,-2.942507905709587,3.5896910416556986,-10.343336112157443,0.0,0.4494723004884642,0.05179769731806427,0.0,6.0266759260881395,1.3151928438563933,0.0,-2.1223834030803657,9.72550681143313,56.26057957627054,15.543001350634194,71.80358092690473
8.133999999999386,7.23,6.494133978913903,0.04392406678921945,4.562715458242877,-2.96162759564408,2.874117423644919,-8.772654482094433,0.0,0.4615099383610654,0.054471918009364906,0.0,6.010938107201054,1.3590455620734572,0.0,-2.1759525283086885,9.624045239451817,56.198141784977196,15.604849033569863,71.80299081854706
8.135999999999386,7.23,6.50326467609241,0.037984324956977344,4.567740117482871,-2.9775834482809223,2.149251238986027,-7.180157679679663,0.0,0.4735159657979864,0.057233942367700186,0.0,5.9950672591348555,1.4029914904262808,0.0,-2.2309773653399976,9.533100842084925,56.133507762838164,15.668889821842859,71.80239758468102
8.137999999999387,7.23,6.5124039675156435,0.03201586896990631,4.57130718206744,-2.9903358202470334,1.4168209992722054,-5.5698670906430445,0.0,0.4854901266857099,0.06008392592599299,0.0,5.979073363291838,1.446999549199568,0.0,-2.287665843961928,9.452747873564707,56.066679045752,15.735122811103826,71.80180185685582
8.139999999999388,7.23,6.521548924063305,0.02602513859471168,4.5734033257010065,-2.9998533111133074,0.678640992973716,-3.9459980166689226,0.0,0.49743218502529396,0.0630219609745235,0.0,5.962966542011832,1.4910376085965957,0.0,-2.3462231432022973,9.383029658237339,55.997659179213045,15.803545100668195,71.80120427988123
8.141999999999388,7.23,6.530696593639887,0.02001862785816839,4.574018922354292,-3.006113112884731,-0.06340581610522665,-2.3129207329141663,0.0,0.5093419251537007,0.06604807467017315,0.0,5.946756997360348,1.5350727004117912,0.0,-2.406850183974254,9.323957861609689,55.92645374410516,15.874151764625813,71.80060550873097
8.143999999999389,7.23,6.539844008700378,0.014002867579998794,4.5731481652473445,-3.0091012781765327,-0.8073863669295578,-0.6751182476998803,0.0,0.5212191518397719,0.06916222758128643,0.0,5.930454947143711,1.579071241518205,0.0,-2.469742115755623,9.275512062691979,55.85307037021691,15.946935835104284,71.8000062053212
8.14599999999939,7.23,6.5489881939759735,0.00798440745567292,4.57078914750332,-3.0088129012928144,-1.551337186420351,0.9628584068235542,0.0,0.533063690250218,0.0723643126887672,0.0,5.914070559081868,1.6229992660948755,0.0,-2.535086824732404,9.237639639197358,55.77751873716694,16.021888298032454,71.7994070351994
8.14799999999939,7.23,6.5581261743211945,0.001969797867664897,4.566943902662616,-3.005252208174606,-2.293284772664119,2.59643643626815,0.0,0.5448753857829032,0.07565415485759142,0.0,5.8976138841191,1.66682266327566,0.0,-2.603063491133146,9.210255970710591,55.69981056260977,16.09899810157381,71.79880866418358
8.149999999999391,7.23,6.567254982601008,-0.004034428390111775,4.561618404093143,-2.9984325530801756,-3.0312662414886624,4.221068124284338,0.0,0.5566541037667074,0.07903151078614024,0.0,5.881094789876082,1.7105074167447862,0.0,-2.673841222916008,9.193244958255255,55.619959577772946,16.178252177217608,71.79821175499055
8.151999999999392,7.23,6.576371667535531,-0.010021774287661045,4.554822523214724,-2.9883763218360357,-3.763349791539394,5.832277255398636,0.0,0.5683997290292273,0.0824960694337109,0.0,5.864522895242552,1.7540198427418159,0.0,-2.747577791544361,9.186459852007312,55.537981490562316,16.25963547333131,71.79761696389363
8.153999999999392,7.23,6.585473301420588,-0.01598579644869064,4.546569947342228,-2.9751147434822784,-4.487654548744225,7.425704137273767,0.0,0.5801121653356169,0.08604745291952098,0.0,5.847907507078314,1.7973268229733845,0.0,-2.824418493343562,9.189724372460013,55.453893936652875,16.343131000797733,71.7970249374506
8.155999999999393,7.23,6.594556987644898,-0.02192012257505256,4.5368780588114,-2.95868761405992,-5.2023693724911695,8.99714828713845,0.0,0.5917913347036478,0.08968521787961048,0.0,5.83125755993267,1.8403960290586885,0.0,-2.9044951569518833,9.202834104367325,55.36771641915108,16.428719890187992,71.79643630933907
8.157999999999394,7.23,6.60361986792878,-0.02781846823537982,4.525767777852953,-2.939142938083216,-5.90577024183544,10.542607927420434,0.0,0.6034371766019129,0.09340885726153003,0.0,5.81458155961091,1.8831961353560802,0.0,-2.9879253137823407,9.22555813748439,55.279470237572724,16.51638145976298,71.7958516973357
8.159999999999394,7.23,6.6126591292149595,-0.03367465286018922,4.5132633723971045,-2.916536494845546,-6.596235888722953,12.058315544131046,0.0,0.615049647039591,0.09721780253066525,0.0,5.797887531314765,1.9256970173188266,0.0,-3.074811544343227,9.25764092365456,55.189178407018275,16.606093293453906,71.79527170047218
8.161999999999395,7.23,6.621672010149029,-0.039482614801425765,4.499392238599342,-2.8909313380723844,-7.272261404058451,13.540768892726181,0.0,0.6266287175575702,0.10111142625672487,0.0,5.781182972965611,1.9678699328974563,0.0,-3.1652410088903067,9.298804316292516,55.09686556854413,16.697831327851652,71.79469689639578
8.163999999999396,7.23,6.630655807095208,-0.045236425332585775,4.484184656361378,-2.8623972385201277,-7.932469608518536,14.986756983479523,0.0,0.6381743741317809,0.10508904504433347,0.0,5.7644748141896756,2.009687684928615,0.0,-3.259285166376846,9.348749755865024,55.002557891825184,16.791569947135645,71.79412783896083
8.165999999999396,7.23,6.639607879641971,-0.050930301485585645,4.467673524467709,-2.831010079899944,-8.575620050126986,16.393380734772997,0.0,0.6496866160004382,0.10914992276804292,0.0,5.7477693813081,2.051124762909838,0.0,-3.3569996812040888,9.407160563608329,54.90628297126834,16.887282084800606,71.79356505606894
8.167999999999397,7.23,6.648525655561572,-0.056558617641819,4.44989408016303,-2.796851218970314,-9.200615561572167,17.758068141029,0.0,0.6611654544274486,0.11329327406933021,0.0,5.731072368536699,2.0921574630385344,0.0,-3.458424513018038,9.473704305430955,54.80806971678277,16.98493933099091,71.79300904777368
8.169999999999398,7.23,6.657406635197255,-0.06211591581673493,4.430883608060398,-2.760006820793598,-9.806506378999543,19.078583955490835,0.0,0.6726109114144767,0.11751826807138444,0.0,5.71438881546533,2.132763985874766,0.0,-3.563584180894267,9.54803518867517,54.70794824042905,17.08451204423009,71.79246028465914
8.171999999999398,7.23,6.666248395261622,-0.06759691459916295,4.410681143201658,-2.720567180006528,-10.392491887877666,20.353034030742382,0.0,0.6840230183741948,0.12182403226668337,0.0,5.697723090758828,2.1729245114552738,0.0,-3.6724881898213098,9.629796456053587,54.60594974016173,17.185969466335173,71.79191920649691
8.173999999999399,7.23,6.675048592039176,-0.07299651672793657,4.389327172902327,-2.6786260385387926,-10.957920118272067,21.57986458675515,0.0,0.6954018147770432,0.1262096565324612,0.0,5.681078881904491,2.2126212521264454,0.0,-3.7851316045257133,9.71862274351481,54.50210638185073,17.289279839330497,71.79138622118123
8.1759999999994,7.23,6.6838049639949695,-0.07830981530862102,4.366863341718946,-2.6342799095633724,-11.502285159806709,22.75785678365477,0.0,0.7067473467832828,0.13067419723010565,0.0,5.664459190727785,2.251838483764116,0.0,-3.9014957534356336,9.814142371877544,54.396451180717165,17.394410523221303,71.79086170393848
8.1779999999994,7.23,6.6925153337996495,-0.08353209869190274,4.343332163496507,-2.587627416618549,-12.025222704678397,23.88611706191436,0.0,0.718059665871568,0.13521668134622122,0.0,5.647866334310216,2.2905625563999843,0.0,-4.021549043982973,9.91597954564775,54.28901788325079,17.50132811355048,71.79034599680128
8.179999999999401,7.23,6.701177609788645,-0.08865885405210716,4.318776744007389,-2.5387686558497005,-12.526503954828275,24.964063775207322,0.0,0.7293388274744028,0.139836110635436,0.0,5.631301950872638,2.328781885570489,0.0,-4.1452478694909285,10.02375643633816,54.17984085059625,17.609998557740333,71.78983940833658
8.181999999999402,7.23,6.709789786879777,-0.09368576971912676,4.293240517201845,-2.487804588225125,-13.006028146833023,25.991410680811875,0.0,0.7405848896299398,0.1445314657279244,0.0,5.61476701013382,2.366486925941428,0.0,-4.272537587555475,10.137095131687607,54.068954944300685,17.72038726931114,71.78934221361183
8.183999999999402,7.23,6.718349946979121,-0.0986087363296048,4.266766997573727,-2.434836467428897,-13.463813955796322,26.968147870430965,0.0,0.7517979116585409,0.14930171016788252,0.0,5.598261827617849,2.4036701289388755,0.0,-4.403353550052303,10.25561943628506,53.95639541521646,17.832459239165765,71.78885465438222
8.185999999999403,7.23,6.726856258909398,-0.10342384687345835,4.239399550622283,-2.379965307966724,-13.899990038395458,27.894520722547842,0.0,0.7629779528714646,0.15414579435281317,0.0,5.581786082363855,2.440325886235833,0.0,-4.5376221656168525,10.378956513113096,53.84219779624704,17.946179143233785,71.78837693948083
8.187999999999404,7.23,6.735306977898661,-0.10812739571974393,4.211181182878181,-2.3232913968747377,-14.31478496647692,28.771007438643814,0.0,0.7741250713179353,0.15906265934723451,0.0,5.565338837486219,2.4764504610074973,0.0,-4.6752619765732835,10.50673835932917,53.72639779951611,18.061511445873855,71.78790924538995
8.189999999999404,7.23,6.743700444669448,-0.11271587671154429,4.182154352473293,-2.2649138513273686,-14.708516787521544,29.598295692689312,0.0,0.7852393225757379,0.16405124054826747,0.0,5.5489185630414415,2.512041908881133,0.0,-4.816184733743066,10.638603113117203,53.6090312184361,18.17842049853816,71.78745171697426
8.191999999999405,7.23,6.752035084170091,-0.11718598042311586,4.152360800780349,-2.2049302234239114,-15.081582428367662,30.377258879497777,0.0,0.7963207585894335,0.16911047118439715,0.0,5.5325231606769485,2.5470999904752842,0.0,-4.960296454258253,10.7741961916017,53.49013383504777,18.296870633305947,71.78700446835371
8.193999999999406,7.23,6.760309403990503,-0.12153459067415798,4.121841405238787,-2.143436152512854,-15.434447135183635,31.108932395897984,0.0,0.8073694265592539,0.1742392856324274,0.0,5.5161499895653385,2.5816260773540334,0.0,-5.107498449354686,10.913171262582196,53.369741332904745,18.416826250991036,71.78656758389579
8.195999999999406,7.23,6.768521992504632,-0.1257587803959523,4.090636053122408,-2.0805250646010727,-15.767634117148006,31.794490332184687,0.0,0.8183853678827742,0.1794366225412003,0.0,5.4997958931631485,2.615623053122252,0.0,-5.257688311048991,11.055191055195065,53.24788921568623,18.538251903620147,71.78614111930638
8.197999999999407,7.23,6.776671516780947,-0.1298558069424992,4.058783535695955,-2.0162879176986093,-16.08171453484271,32.43522289265337,0.0,0.8293686171505967,0.1847014277539799,0.0,5.483457226373769,2.6490952112643344,0.0,-5.410760848542205,11.199928016539113,53.12461273163733,18.661112371163533,71.78572510280085
8.199999999999408,7.23,6.784756720300973,-0.13382310693688065,4.026321461952195,-1.9508129913709353,-16.377297947991956,33.0325148054434,0.0,0.8403192011964445,0.1900326570244878,0.0,5.467129882738085,2.6820481511881313,0.0,-5.566608967083353,11.34706482282109,52.99994680385905,18.7853727324764,71.78531953633545
8.201999999999408,7.23,6.792776420524052,-0.13765829073914146,3.9932861909174497,-1.8841857183072148,-16.655023311762786,33.58782492535669,0.0,0.8512371382014072,0.19542927852431835,0.0,5.45080932132225,2.7144886737843392,0.0,-5.725124483822205,11.496294754710629,52.87392596640656,18.91099843047692,71.78492439688348
8.203999999999409,7.23,6.800729506334322,-0.14135913661722543,3.959712781359269,-1.816488555359546,-16.91555058701825,34.10266718021247,0.0,0.8621224368514273,0.20089027514196267,0.0,5.43449059301787,2.746424677654331,0.0,-5.886198876844415,11.64732194737053,52.74658430609338,19.03795533164675,71.78453963774012
8.20599999999941,7.23,6.808614935403456,-0.1449235846971463,3.9256349576212592,-1.7478008912564524,-17.15955300817069,34.57859296274278,0.0,0.872975095546597,0.206414646575785,0.0,5.418168366015255,2.7778650570015033,0.0,-6.049723965089709,11.799861526086973,52.61795540985192,19.16620977998962,71.78416518984154
8.20799999999941,7.23,6.816431731500089,-0.14834973076280444,3.891085090242581,-1.6781989880341384,-17.387710032917912,35.01717502670159,0.0,0.8837951016604246,0.21200141122515426,0.0,5.401836950253674,2.808819602026512,0.0,-6.215592518187982,11.953639638602612,52.48807231745996,19.295728645626408,71.78380096308636
8.209999999999411,7.23,6.824178981774109,-0.15163581996985706,3.8560941899883088,-1.6077559531503371,-17.600700981337514,35.41999290816436,0.0,0.8945824308468431,0.2176496078854514,0.0,5.385490320693545,2.839298902518215,0.0,-6.383698796401776,12.108393395198112,52.356967479409185,19.426479368238706,71.7834468476479
8.211999999999412,7.23,6.831855834041296,-0.15478024053195913,3.8206919139165607,-1.5365417392365908,-17.799199357587817,35.788619860998395,0.0,0.9053370463924908,0.22335829725391887,0.0,5.369122139293444,2.8693142551924744,0.0,-6.553939021835883,12.263870727313478,52.22467271966872,19.558429995599532,71.78310271526826
8.213999999999412,7.23,6.8394614940909815,-0.1577815174316447,3.7849065821338956,-1.46462316849412,-17.983867835776245,36.12461126910821,0.0,0.9160588986115807,0.22912656325429126,0.0,5.352725775609406,2.898877575201672,0.0,-6.7262117828710295,12.41983017509,52.09121920307591,19.69154921744974,71.78276842052566
8.215999999999413,7.23,6.846995223036835,-0.160638306202218,3.748765203937057,-1.3920639788351854,-18.155353882257153,36.42949447698254,0.0,0.9267479242805556,0.2349535141888831,0.0,5.336294325965138,2.928001312120127,0.0,-6.900418374408172,12.576040613683027,51.956637407076684,19.8258063949922,71.78244380206888
8.217999999999414,7.23,6.854456334728272,-0.16334938682135647,3.712293512102037,-1.3189248890057006,-18.31428597954321,36.70475996392473,0.0,0.9374040461096179,0.2408382837272819,0.0,5.319820631169476,2.9566983706049523,0.0,-7.076463076985328,12.732280927578403,51.82095709752954,19.96117158628334,71.78212868381289
8.219999999999414,7.23,6.861844193237612,-0.16591365775175662,3.6755160041564716,-1.2452636800865289,-18.461270411918207,36.95185377561552,0.0,0.9480271722482552,0.24678003174114438,0.0,5.303297292781531,2.984982035838857,0.0,-7.254253378165846,12.888339641470148,51.68420730828579,20.097615567805914,71.78182287609171
8.221999999999415,7.23,6.869158210435864,-0.16833013015912748,3.638455989554828,-1.1711352909520203,-18.5968885694966,37.1721711188356,0.0,0.9586171958218488,0.25277794499467443,0.0,5.286716687945043,3.0128659037801135,0.0,-7.433700139809913,13.044014515549668,51.546416324260555,20.235109852504866,71.78152617676542
8.223999999999416,7.23,6.876397843667917,-0.17059792233318494,3.6011356417643987,-1.0965919254576506,-18.72169472564145,37.36705102072556,0.0,0.9691739944965596,0.2588312377003863,0.0,5.270070982831239,3.040363816175622,0.0,-7.614717714948144,13.199112112338453,51.407611667714136,20.37362670456481,71.78123837227895
8.225999999999416,7.23,6.88356259353607,-0.1727162543330431,3.5635760543610746,-1.0216831693279256,-18.836214242079105,37.537771952336186,0.0,0.9796974300697423,0.2649391519495654,0.0,5.2533521447447695,3.067489800234364,0.0,-7.797224017991567,13.35344734148484,51.26782008747166,20.513139151199603,71.78095923867127
8.227999999999417,7.23,6.8906520017990704,-0.17468444287454124,3.5257973003248573,-0.9464561149158139,-18.94094215652489,37.68554831695474,0.0,0.9901873480832881,0.27110095802661716,0.0,5.236551952959812,3.094258012810332,0.0,-7.981140551953258,13.506842988254517,51.127067550819085,20.653620991715563,71.78068854253465
8.229999999999418,7.23,6.897665649392342,-0.17650189647358483,3.4878184938142662,-0.8709554922016808,-19.036342108937855,37.81152770629246,0.0,1.000643577457446,0.27731595461613967,0.0,5.219662008363947,3.1206826889048975,0.0,-8.166392396236658,13.65912923078599,50.98537923782561,20.795046804098376,71.78042604192399
8.231999999999418,7.23,6.904603154573696,-0.17816811085650713,3.4496578537847014,-0.795223804589662,-19.122845564472787,37.91678883168411,0.0,1.011065930142784,0.2835834689111343,0.0,5.202673741995986,3.146778094267659,0.0,-8.352908158377325,13.810143150563496,50.84277953785592,20.937391949360702,71.78017148721662
8.23399999999942,7.23,6.911464171197665,-0.17968266464575522,3.411332768897305,-0.7193014682400926,-19.200851293635424,38.00234004262498,0.0,1.0214542007882175,0.28990285663031434,0.0,5.185578422570899,3.1725584818516213,0.0,-8.540619892921901,13.959728239987388,50.69929204805017,21.08063257387398,71.77992462192415
8.23599999999942,7.23,6.918248387120537,-0.18104521532685355,3.3728598632411453,-0.6432269538461137,-19.270725072918783,38.06911835091801,0.0,1.031808166423136,0.29627350195196556,0.0,5.168367163090638,3.1980380518612663,0.0,-8.729462990398249,14.10773391039893,50.55493957356392,21.22474560989363,71.77968518345756
8.23799999999942,7.23,6.924955522737296,-0.1822554955005736,3.3342550624619856,-0.5670369299196057,-19.33279957220319,38.11798888519114,0.0,1.0421275861519397,0.3026948173712716,0.0,5.151030926644314,3.2232309151208622,0.0,-8.919376039086142,14.254015003445762,50.40974412937599,21.36970877447175,71.77945290384774
8.239999999999421,7.23,6.931585329650951,-0.18331330942251414,3.295533659955258,-0.4907664067953489,-19.387374398322493,38.14974470731412,0.0,1.0524122008594319,0.30916624348745847,0.0,5.133560531505022,3.248151059483368,0.0,-9.110300662043484,14.398431308256084,50.26372694348682,21.515500566936353,71.77922751042317
8.241999999999422,7.23,6.938137589474062,-0.1842185298308472,3.2567103828388495,-0.4144488806923172,-19.43471626738052,38.16510692917073,0.0,1.0626617329258066,0.3156872487265683,0.0,5.115946655633811,3.2728123189977514,0.0,-9.302181331587995,14.540847086523563,50.116908461346114,21.662100265101746,71.77900872644786
8.243999999999422,7.23,6.944612112761795,-0.1849710950617806,3.217799457472994,-0.3381164772872049,-19.475059281561837,38.16472507514139,0.0,1.0728758859501393,0.32225732900508974,0.0,5.098179840704153,3.2972283455529006,0.0,-9.494965163182046,14.681130607290628,49.969308351361974,21.809487920359278,71.77879627172125
8.245999999999423,7.23,6.9510087380754095,-0.18557100645130348,3.17881467433994,-0.26180009435773516,-19.508605289287917,38.149177642450375,0.0,1.0830543444815421,0.32887600733912736,0.0,5.0802504957629635,3.321412582719636,0.0,-9.688601690424791,14.819153692953053,49.8209455113597,21.957644351783767,71.77858986314347
8.247999999999424,7.23,6.957327331174735,-0.18601832602098675,3.1397694521353308,-0.18552954314234152,-19.53552431059018,38.11897281815245,0.0,1.093196773757366,0.33554283340320923,0.0,5.0621489006467115,3.3453782415176767,0.0,-9.883042622623954,14.95479127779103,49.67183807587214,22.106551139376172,71.77838921524831
8.249999999999424,7.23,6.963567784337944,-0.18631317444498285,3.1006769009565627,-0.10933368813883047,-19.55595501247921,38.07454931791833,0.0,1.1033028194481087,0.342257383042358,0.0,5.0438652092737435,3.3691382778417207,0.0,-10.078241586203434,15.087920980159733,49.52200342415606,22.25619061655076,71.77819404070682
8.251999999999425,7.23,6.969730015806724,-0.18645572929487866,3.0615498845010185,-0.0332405851281489,-19.570005221874784,38.01627731790239,0.0,1.1133721074088663,0.3490192577404341,0.0,5.02538945293683,3.3927053712891455,0.0,-10.274153851003314,15.218422689342933,49.371458188844436,22.40654586196019,71.77800405080463
8.253999999999426,7.23,6.975813969354801,-0.18644622355868232,3.0224010812092628,0.04272238273909472,-19.577752466323105,37.94445945683335,0.0,1.1234042434374776,0.35582808404734045,0.0,5.006711543722728,3.416091905141639,0.0,-10.470736042350037,15.346178167982849,49.22021826515426,22.557600690741026,71.77781895589528
8.255999999999426,7.23,6.981819613977656,-0.18628494442994112,2.983243044305273,0.1185283709156149,-19.5792445352608,37.85933189104931,0.0,1.1333988130397563,0.36268351296715073,0.0,4.987821278188873,3.439309947263514,0.0,-10.667945839616445,15.47107067094716,49.06829882058355,22.709339645249592,71.77763846583315
8.257999999999427,7.23,6.987746943701181,-0.18597223236277458,2.9440882606978445,0.19415094158299803,-19.57450005699626,37.761065390514375,0.0,1.1433553812024284,0.36958521930875454,0.0,4.968708341430864,3.4623712316905104,0.0,-10.865741661856012,15.592984581476182,48.91571430504204,22.86174798534626,71.7774622903883
8.259999999999428,7.23,6.993595977506982,-0.185508480388441,2.9049492087146276,0.2695639340040584,-19.563509088875865,37.64976646892058,0.0,1.153273492174716,0.37653290100019254,0.0,4.9493623116781595,3.4852871406947568,0.0,-11.064082340985069,15.711805065467138,48.76247846137003,23.014811678276182,71.77729013964621
8.261999999999428,7.23,6.99936675937196,-0.18489413368891783,2.8658384146431306,0.34474133716733973,-19.546233720298652,37.52547854582686,0.0,1.1631526692597554,0.3835262783674315,0.0,4.929772665559515,3.508068687123668,0.0,-11.26292678290116,15.827417744795985,48.60860433621117,23.16851738818376,71.77712172439493
8.26399999999943,7.23,7.0050593584197545,-0.1841296894228465,2.826768508051572,0.4196571647896499,-19.52260869033412,37.3881831434056,0.0,1.1729924146173387,0.3905650933779311,0.0,4.909928784184038,3.530726496823318,0.0,-11.462233616866953,15.939708390647748,48.45410429121412,23.32285246528838,71.7769567565025
8.26599999999943,7.23,7.010673869181586,-0.1832156967990526,2.7877522758569344,0.49428533275214404,-19.492542023711536,37.2378011248173,0.0,1.1827922090797585,0.39764910884899374,0.0,4.889819960188244,3.5532707909699464,0.0,-11.66196083345805,16.04856263792112,48.29899001454747,23.477804934739797,71.77679494928726
8.26799999999943,7.23,7.016210411963948,-0.18215275739268413,2.748802715098098,0.5685995390638023,-19.45591569087674,37.074193985496876,0.0,1.192551511982844,0.40477810762055444,0.0,4.869435405903998,3.575711368147065,0.0,-11.862065411371407,16.153865721889396,48.143272532720694,23.63336348516268,71.77663601788338
8.269999999999431,7.23,7.021669133320502,-0.1809415256987975,2.709933084358667,0.6425731464728438,-19.412586299665076,36.89716521273641,0.0,1.2022697610145765,0.41195189169173374,0.0,4.84876426280686,3.5980575860199204,0.0,-12.06250293341933,16.255502238435476,47.98696222271253,23.789517456891296,71.77647967960382
8.271999999999432,7.23,7.027050206625414,-0.1795827099179469,2.671156953767209,0.7161790678813751,-19.362385827928108,36.706461732912636,0.0,1.211946372084034,0.41917028132024003,0.0,4.827795612408467,3.620318342474358,0.0,-12.263227192094865,16.353355929329613,47.830068824415505,23.946256829888206,71.77632565430372
8.273999999999432,7.23,7.032353832745186,-0.17807707296798006,2.632488253482238,0.7893896547610778,-19.3051224081521,36.501775469482055,0.0,1.2215807392136875,0.42643311408340456,0.0,4.8065184887606645,3.642502056103019,0.0,-12.464189785187495,16.447309494183337,47.6726014534129,24.103572211332285,71.77617366474519
8.275999999999433,7.23,7.037580240805859,-0.17642543371579994,2.593941320545546,0.8621765888176391,-19.240581176739706,36.282745038497815,0.0,1.231172234458482,0.43374024389945887,0.0,4.784921892742284,3.6646166459391485,0.0,-12.665339702056864,16.53724443088617,47.514568614111454,24.261454822855562,71.77602343696702
8.277999999999434,7.23,7.042729689052163,-0.1746286684222998,2.5555309439606004,0.9345107772085982,-19.168525202158847,36.04895761182148,0.0,1.2407202078553938,0.4410915400074522,0.0,4.762994808301896,3.686669510356407,0.0,-12.866622901335711,16.62304090651068,47.355978213258766,24.41989648740089,71.77587470065966
8.279999999999434,7.23,7.047802465794913,-0.17268771239300812,2.5172724078228574,1.0063622516828594,-19.088696507588573,35.799950981393515,0.0,1.2502239874076015,0.4484868859040938,0.0,4.740726220831082,3.708667505073227,0.0,-13.067981881035722,16.70457766085135,47.19683757388121,24.578889615667286,71.77572718954849
8.281999999999435,7.23,7.052798890442546,-0.17060356182617398,2.4791815322962827,1.0777000720798238,-19.00081720498642,35.53521586084241,0.0,1.2596828791076562,0.45592617823565507,0.0,4.718105137842653,3.7306169202213835,0.0,-13.269355242268789,16.781731944938617,47.037153449683004,24.738427192103035,71.77558064178604
8.283999999999436,7.23,7.057719314612262,-0.16837727584907336,2.441274712195351,1.1484922347012534,-18.904590758623506,35.25419846325911,0.0,1.269096167004475,0.46340932564307724,0.0,4.695120612125886,3.752523456462016,0.0,-13.47067724807614,16.854379497035318,46.876932039951825,24.898502760402984,71.77543480035482
8.285999999999436,7.23,7.062564123315708,-0.1660099787322118,2.403568952894741,1.2187055861488731,-18.799703397063674,34.95630339610523,0.0,1.2784631133192597,0.47093624755835306,0.0,4.6717617675467125,3.774392200157414,0.0,-13.67187737917565,16.922394558773124,46.71617900502175,25.059110408460583,71.77528941348234
8.287999999999437,7.23,7.067333736213541,-0.16350286226982938,2.366081903250282,1.2883057433043172,-18.685825693231155,34.640896915808476,0.0,1.2877829586157898,0.47850687295034056,0.0,4.648017827653569,3.7962275976343465,0.0,-13.87287988879535,16.985649934213534,46.55489948234624,25.220244752721968,71.77514423506821
8.289999999999438,7.23,7.072028608932561,-0.16085718831367501,2.32883188517498,1.3572570202142278,-18.56261433258485,34.30731058555364,0.0,1.297054922030871,0.4861211390182466,0.0,4.623878147239413,3.818033428604479,0.0,-14.073603359157518,17.044017094713844,46.39309810323921,25.381900921885883,71.7749990251251
8.291999999999438,7.23,7.076649234438314,-0.15807429144540427,2.2918379194738505,1.4255223627306228,-18.429714089419516,33.954845379942775,0.0,1.3062782015709673,0.49377898983119095,0.0,4.599332246996464,3.8398127788392844,0.0,-14.273960262608975,17.097366332534772,46.23077901034234,25.544074539890556,71.77485355023289
8.29399999999944,7.23,7.081196144455271,-0.1551555817711675,2.255119747501591,1.493063291843423,-18.28676003088819,33.58277627944351,0.0,1.3154519744813515,0.501480374912482,0.0,4.574369851382187,3.861568012231462,0.0,-14.47385653085939,17.145566966133707,46.06794587588023,25.706761708126827,71.77470758400705
8.29599999999944,7.23,7.085669910925752,-0.15210254781999666,2.2186978481687887,1.559839856726199,-18.133379967401474,33.19035739569377,0.0,1.3245753976942645,0.5092252477675436,0.0,4.5489809297922585,3.883300742411347,0.0,-14.673191136282194,17.188487600035092,45.90460192076387,25.869958986815888,71.77456090757975
8.29799999999944,7.23,7.090071147497783,-0.14891675952547664,2.1825934497864568,1.62581059859547,-17.969197166538333,32.77682766562728,0.0,1.333647608362798,0.5170135643547958,0.0,4.5231557411083685,3.9050118041258974,0.0,-14.871855689749895,17.225996442047805,45.7407499346045,26.033663375489848,71.77441331009435
8.299999999999441,7.23,7.094400511031036,-0.14559987126791327,2.1468285362064985,1.6909325265555213,-17.79383334541643,32.34141714784948,0.0,1.3426677244872796,0.5248452814992735,0.0,4.496884881655129,3.9267012246285424,0.0,-15.069734060005814,17.25796168039602,45.576392296696326,26.197872292514862,71.77426458921119
8.301999999999442,7.23,7.098658703108875,-0.14215362495180298,2.1114258466885967,1.7551611066617232,-17.606911953541648,31.883353948559904,0.0,1.3516348456409686,0.532720355249266,0.0,4.4701593365608945,3.948368195370562,0.0,-15.266702020109754,17.284251923035715,45.411530998025235,26.362583553598096,71.77411455162333
8.303999999999442,7.23,7.102846471543363,-0.13857985309089355,2.0764088689036,1.8184502654823176,-17.408061754405384,31.40187179640629,0.0,1.360548053801847,0.5406387391769234,0.0,4.442970534471283,3.9700110443282672,0.0,-15.462626927023248,17.304736701031192,45.24616766435682,26.527795349224057,71.77396301358087
8.305999999999443,7.23,7.106964611858924,-0.13488048187053325,2.041801824471406,1.880752409467941,-17.196920709477077,30.896218275863735,0.0,1.369406414297107,0.5486003826244756,0.0,4.415310405511749,3.991627209344087,0.0,-15.65736744090532,17.319287037355892,45.08030358044994,26.69350622097068,71.77380980142063
8.307999999999444,7.23,7.111013968739097,-0.13105753415437474,2.0076296464294527,1.9420184614458607,-16.973140162678682,30.36566371690443,0.0,1.3782089768666688,0.5566052288984813,0.0,4.387171442336502,4.01321321290324,0.0,-15.850773291156397,17.327776081850587,44.91393971543722,26.85971503666126,71.77365475209848
8.309999999999444,7.23,7.114995437419672,-0.12711313239988023,1.973917948038107,2.0021979155378835,-16.73638931692125,29.809510724839974,0.0,1.386954776851709,0.5646532134154713,0.0,4.35854676403528,4.034764638810058,0.0,-16.0426850966569,17.330079812311613,44.7470767494034,27.026420964317957,71.77349771372135
8.311999999999445,7.23,7.118909965010296,-0.12304950144451882,1.9406929823533814,2.061238911753034,-16.486359986814126,29.22710431824105,0.0,1.3956428365135984,0.5727442618032506,0.0,4.329430182597772,4.05627611126765,0.0,-16.23293424797492,17.326077800789623,44.57971510118318,27.1936234448907,71.77333854607389
8.313999999999446,7.23,7.122758551725536,-0.11886897112212026,1.9079815920374377,2.119088331424249,-16.22277160327577,28.61784262486808,0.0,1.4042721664880278,0.5808782879632239,0.0,4.299816271557898,4.077741276900825,0.0,-16.421342859544012,17.3156540431527,44.411854957388066,27.36132216374826,71.77317712113633
8.315999999999447,7.23,7.126542252005412,-0.11457397866662461,1.8758111489349725,2.1756919145386635,-15.94537643654355,27.981188065713802,0.0,1.4128417673782074,0.5890551921001785,0.0,4.269700436357992,4.099152790292898,0.0,-16.607723799909227,17.298697848810527,44.243496302657206,27.529517020930548,71.77301332358775
8.317999999999447,7.23,7.13026217550451,-0.11016707085852112,1.8442094830204172,2.230994399850094,-15.653964994145925,27.316678935874524,0.0,1.421350631490068,0.5972748587271544,0.0,4.2390789858870415,4.1205023036310955,0.0,-16.79188080808435,17.27510478621568,44.07463895111246,27.698208100177162,71.77284705128963
8.319999999999448,7.23,7.1339194879280985,-0.10565090586769083,1.8132048004181782,2.284939688457317,-15.348371539914622,26.623941268352503,0.0,1.4297977447111823,0.6055371546542263,0.0,4.207949204559261,4.141780461070864,0.0,-16.973608703828656,17.244777678368095,43.90528257897984,27.86739563676353,71.77267821574337
8.321999999999449,7.23,7.137515411693202,-0.10102825474524268,1.7828255903167252,2.337471031280732,-15.028479669352919,25.90270084363651,0.0,1.4381820885337853,0.6138419269712426,0.0,4.17630942421127,4.162976898434679,0.0,-17.15269369921339,17.20762764106849,43.73542675832126,28.037079984194605,71.77250674251587
8.32399999999945,7.23,7.141051226392349,-0.09630200251635816,1.7531005207375094,2.388531240572305,-14.694227865901967,25.152795184576505,0.0,1.4465026422207252,0.6221890010358077,0.0,4.144159095010024,4.184080248854337,0.0,-17.32891381818401,17.163575155121805,43.5650709917994,28.20726157982647,71.77233257162587
8.32599999999945,7.23,7.144528269037804,-0.09147514882622555,1.7240583232811126,2.4380629252499384,-14.345614952246857,24.374185353490414,0.0,1.4547583851115133,0.6305781784789873,0.0,4.111498854482264,4.205078154945621,0.0,-17.502039429916657,17.11255116211658,43.39421474837769,28.377940909507096,71.77215565788478
8.32799999999945,7.23,7.147947934064497,-0.08655080809194356,1.6957276671545372,2.48600874945996,-13.982705341172288,23.56696734746638,0.0,1.4629482990637364,0.6390092352423594,0.0,4.078330593702292,4.225957288068759,0.0,-17.671833900600294,17.054498171840216,43.222857499833935,28.549118471350283,71.77197597118422
8.329999999999451,7.23,7.151311673070704,-0.0815322091148869,1.6681370229831876,2.5323117133444497,-13.605633982080242,22.73138286945812,0.0,1.4710713710231467,0.6474819196610807,0.0,4.044657519611432,4.246703375176572,0.0,-17.838054366846066,16.989371367879357,43.05099875794418,28.72079473877931,71.77179349672349
8.331999999999452,7.23,7.154620994276702,-0.07642269411052885,1.6413145171258683,2.576915454529899,-13.214610892604261,21.867829238059976,0.0,1.4791265957136266,0.6559959506086179,0.0,4.010484212392819,4.26730123368334,0.0,-18.000452632232083,16.917139696552418,42.87863811216856,28.892970123001383,71.77160823516994
8.333999999999453,7.23,7.1578774616833405,-0.07122571711616431,1.615287777437135,2.619764568368614,-12.80992516029619,20.976868188876303,0.0,1.4871129784360275,0.6645510157195134,0.0,3.9758166767926664,4.287734814700757,0.0,-18.158776186546515,16.837786923083247,42.705775267649805,29.06564493509569,71.7714202027455
8.335999999999453,7.23,7.161082693914527,-0.06594484174141205,1.5900837716536238,2.6608049444648643,-12.391948297612302,20.059233316226628,0.0,1.495029537962657,0.6731467697072053,0.0,3.9406623862667045,4.307987254883225,0.0,-18.31276934511854,16.75131263791139,42.53241008331085,29.238819347921876,71.77122943123273
8.337999999999454,7.23,7.164238362730284,-0.060583738231813046,1.5657286398136907,2.699984116516658,-11.96113683483166,19.115835906524133,0.0,1.50287530951195,0.6817828327942381,0.0,3.905030318841383,4.328040937003668,0.0,-18.462174503257497,16.657733195304058,42.35854260981908,29.412493358075793,71.77103596789487
8.339999999999455,7.23,7.16734619120001,-0.05514617982227163,1.5422475223460896,2.737251622015566,-11.518034040488837,18.147768924875002,0.0,1.5106493477856873,0.690458789272362,0.0,3.8689309836158623,4.347877559244535,0.0,-18.606733498303864,16.557082566046155,42.184173127164826,29.58666674814019,71.77083987530501
8.341999999999455,7.23,7.170407951529115,-0.04963603836446754,1.5196643856761527,2.7725593678871414,-11.063270667666641,17.15630893486569,0.0,1.518350730048995,0.6991741862097756,0.0,3.8323764368952187,4.367478213038664,0.0,-18.746189069187373,16.449413085990454,42.00930218158632,29.76133904949337,71.7706412310797
8.343999999999456,7.23,7.1734254625360725,-0.04405727922062534,1.4980018473891648,2.8058619977399446,-10.597564637227242,16.142915758479415,0.0,1.525978559231482,0.7079285323223409,0.0,3.7953802870382147,4.386823469134525,0.0,-18.88028640076049,16.334796082692474,41.833930621560356,29.936509505954163,71.77044012751452
8.345999999999457,7.23,7.176400586781177,-0.03841395542505547,1.4772810031524366,2.837117256039187,-10.121719585749192,15.1092297185963,0.0,1.5335319670261156,0.7167212970247441,0.0,3.757957687225437,4.405893471393026,0.0,-19.008774737604696,16.21332236326919,41.65805963256901,30.112177038550886,71.77023667111989
8.347999999999457,7.23,7.179335227352835,-0.03271020112453642,1.4575212577221763,2.866286344248283,-9.636622226392301,14.057066350184034,0.0,1.541010116961007,0.7255519096764258,0.0,3.7201253155043394,4.42466803765344,0.0,-19.131409049581457,16.085102548023343,41.48169077034824,30.28834021170787,71.77003098205611
8.349999999999458,7.23,7.1822313243219575,-0.026950224318715934,1.4387401624415035,2.8933342638036676,-9.143238494747925,12.98840851725939,0.0,1.5484122074181785,0.7344197590356336,0.0,3.6819013416451365,4.443126766838398,0.0,-19.24795172920704,15.950267236268079,41.3048259923247,30.46499720114472,71.76982319346942
8.351999999999459,7.23,7.185090850879867,-0.021138298932067076,1.4209532616655838,2.9182301407185944,-8.642608478373141,11.905395929765916,0.0,1.5557374745726102,0.7433241929330788,0.0,3.64330538054267,4.461249151307713,0.0,-19.358174299061314,15.80896699315243,41.12746768695258,30.642145763778576,71.76961345073116
8.35399999999946,7.23,7.187915809179997,-0.015278756259314703,1.404173950524061,2.940947526660843,-8.135840157375453,10.810312115998125,0.0,1.5629851952246083,0.7522645181746244,0.0,3.604358432119658,4.4790146933234665,0.0,-19.461859105980167,15.661372149086281,40.94961870067309,30.819783209911567,71.76940191058466
8.35599999999946,7.23,7.190708225908407,-0.009375975836404584,1.388413346346532,2.9614646715242743,-7.624102013195736,9.705568970145308,0.0,1.570154689498628,0.7612400006799456,0.0,3.5650828079217405,4.496403024359233,0.0,-19.55880097780568,15.507672406539841,40.77128236223621,30.997906377969358,71.76918874020556
8.35799999999946,7.23,7.193470147612638,-0.003434375798765212,1.3736801759325927,2.9797647628176116,-7.108614592562693,8.593689058627263,0.0,1.577245323382335,0.7702498658615184,0.0,3.5255020448374506,4.51339402588003,0.0,-19.648808818042156,15.348076252465237,40.59246250414538,31.176511612037395,71.76897411618278
8.359999999999461,7.23,7.196203635822624,0.002541597202443434,1.3599806806450059,2.9958361276236065,-6.590641142331888,7.477285930716945,0.0,1.5842565110807938,0.7792932992454187,0.0,3.485640806620439,4.5299679501407235,0.0,-19.731707113934895,15.182810178265765,40.413163481014266,31.355594742415057,71.76875822342933
8.361999999999462,7.23,7.198910762001069,0.008547478447436347,1.3473185410461381,3.009672393430827,-6.071477457419689,6.359042735995832,0.0,1.5911877171622621,0.7883694473324949,0.0,3.44552477412926,4.5461055395029,0.0,-19.807337334278028,15.01211771301132,40.233390184654695,31.53515106937806,71.76854125403275
8.363999999999463,7.23,7.201593602363855,0.014578795872851597,1.3356948224895906,3.021272604796674,-5.552441107185106,5.241689501068262,0.0,1.5980384584741314,0.797477418695432,0.0,3.405180525424705,4.561788142756507,0.0,-19.875559194670913,14.836258279351632,40.053148055752885,31.715175350304193,71.76832340605708
8.365999999999463,7.23,7.204254232613486,0.020631080983977257,1.3251079427286605,3.0306412935473412,-5.034860224379417,4.127979458465401,0.0,1.6048083058100362,0.8066162853042113,0.0,3.364635407068504,4.576997826954148,0.0,-19.936251769955867,14.655505885189408,39.87244309202903,31.895661790278915,71.76810488230794
8.367999999999464,7.23,7.206894722630385,0.026699879859613272,1.3155536622205293,3.0377885010376584,-4.520062054350583,3.0206648500166615,0.0,1.611496885312033,0.8157850840695688,0.0,3.32391739814362,4.591717483323223,0.0,-19.989314436138223,14.47014766752499,39.691281852817994,32.07660403625658,71.76788588907458
8.369999999999465,7.23,7.209517131167741,0.032780764152928146,1.3070250974009598,3.0427297518572676,-4.009361469911553,1.9224726437601394,0.0,1.6181038795949267,0.8249828185912265,0.0,3.283054968659691,4.605930925912889,0.0,-20.03466762714169,14.2804823078619,39.5096714600527,32.257995174808975,71.76766663486168
8.371999999999465,7.23,7.212123500595806,0.03886934199132598,1.2995127567908917,3.0454859792534896,-3.5040496588096075,0.8360806069452424,0.0,1.6246290285832683,0.8342084610951409,0.0,3.2420769341123457,4.619622981756778,0.0,-20.072253395198214,14.08681834106794,39.32761959567554,32.43982773344948,71.76744732912502
8.373999999999466,7.23,7.214715851740809,0.04496126867976074,1.2930045993861627,3.046083403418529,-3.005383185974938,-0.23590583235503804,0.0,1.6310721300551563,0.843460954541704,0.0,3.201012308029229,4.632779571484814,0.0,-20.10203576740451,13.889472381540989,39.14513449554765,32.622093685476656,71.76722818102431
8.375999999999467,7.23,7.217296178862181,0.05105225711508166,1.287486114387102,3.044553364632684,-2.514573621886787,-1.2909755256197766,0.0,1.6374330398906585,0.8527392148848676,0.0,3.15989015435659,4.645387779493698,0.0,-20.12400089487991,13.688767291871784,38.96222493996765,32.804784458238466,71.76700939820611
8.377999999999467,7.23,7.219866444809508,0.0571380878237743,1.2829404209576143,3.0409321140407686,-2.032777911960543,-2.326731971991844,0.0,1.6437116720263885,0.8620421334605972,0.0,3.118739441518083,4.657435912980172,0.0,-20.138156994907057,13.485030319893808,38.778900240952574,32.98789094467766,71.76679118563024
8.379999999999468,7.23,7.2224285763977,0.06321461854173571,1.2793483863741626,3.035260565543376,-1.5610896405462322,-3.3409117855185806,0.0,1.649907998121337,0.871368579481834,0.0,3.0775888999136125,4.668913549347719,0.0,-20.144534090304614,13.278591230054841,38.59517022646904,33.171403517980856,71.76657374444989
8.381999999999469,7.23,7.2249844600352615,0.069277793262308,1.2766887606425585,3.027584012888914,-1.1005313178725327,-4.331400987042247,0.0,1.6560220469425424,0.8807174026164294,0.0,3.036466884523153,4.679811571709911,0.0,-20.14318355395196,13.069780454450724,38.411045221836375,33.35531204912087,71.76635727095724
8.38399999999947,7.23,7.227535937636485,0.07532365068747561,1.274938325431575,3.0179518165417707,-0.6520477901350823,-5.2962489065795335,0.0,1.662053903482342,0.8900874356241018,0.0,2.9954012441433218,4.690122192425223,0.0,-20.134177469751354,12.858927287672621,38.22653602855145,33.53960592705124,71.76614195560269
8.38599999999947,7.23,7.230084802843911,0.08134833202666882,1.2740720550016782,3.006417065266656,-0.21650084306587628,-6.233679546058665,0.0,1.668003707821872,0.8994774970286308,0.0,2.954419198617606,4.699838964803279,0.0,-20.117607824283596,12.646358147892634,38.04165390080661,33.72427408128939,71.765927982096
8.38799999999947,7.23,7.232632797582612,0.08734808809775232,1.274063286696938,2.9930362176041574,0.20533496109785734,-7.142100317501329,0.0,1.673871653758003,0.9088863938018985,0.0,2.9135472252315378,4.7089567833151,0.0,-20.09358554591485,12.432394924431248,37.856410519991066,33.90930500660452,71.76571552659559
8.389999999999471,7.23,7.235181608962963,0.09331928569525504,1.274883898518393,2.977868728517958,0.6127752031861778,-8.020108135744302,0.0,1.6796579872130364,0.9183129240372818,0.0,2.8728109552376604,4.717471872815405,0.0,-20.062239410095014,12.217353429502252,37.67081796747617,34.09468678951406,71.76550475699023
8.391999999999472,7.23,7.237732866543568,0.09925841320145833,1.2765044913056576,2.960976666474619,1.0052273014231121,-8.866492905378243,0.0,1.685363004448208,0.9277558795910439,0.0,2.832235081259053,4.725381767439492,0.0,-20.02371483102299,12.001541969016516,37.48488869599251,34.280407136284026,71.76529583227654
8.393999999999473,7.23,7.240288139961152,0.10516208542636488,1.2788945731162737,2.9424243260811527,1.3821910245352276,-9.680238496869265,0.0,1.6909870501033253,0.9372140486718544,0.0,2.7918432761008933,4.732685279967588,0.0,-19.978172560734098,11.785260044346504,37.29863549990654,34.46645340212694,71.76508890203348
8.395999999999473,7.23,7.242848936929469,0.11102704767259697,1.2820227435036136,2.9222778411659434,1.7432578903217617,-10.460521355303781,0.0,1.6965305150856973,0.9466862183602535,0.0,2.7516581232834976,4.739382462554078,0.0,-19.92578731700405,11.56879719390823,37.11207148470075,34.652812621293485,71.76488410599424
8.397999999999474,7.23,7.245416701604869,0.11685017903072903,1.2858568755471234,2.9006048028597147,2.0881095353554375,-11.206706925788138,0.0,1.7019938343319458,0.9561711770417409,0.0,2.7117010594029964,4.745474559796924,0.0,-19.866746361294116,11.35243198039972,36.92521003595232,34.83947153776139,71.76468157371372
8.399999999999475,7.23,7.247992813312029,0.1226284949192816,1.290364293675745,2.877473886831658,2.4165151565016942,-11.918344111581288,0.0,1.7073774844662974,0.9656677167392012,0.0,2.671992328232132,4.750963955173803,0.0,-19.80124804733031,11.136431126628604,36.73806478809237,35.026416636237066,71.76448142432943
8.401999999999475,7.23,7.250578585619644,0.12835914889146502,1.295511945538339,2.852954493378961,2.728328135880132,-12.59515800430638,0.0,1.7126819813786005,0.9751746353324435,0.0,2.6325509462976315,4.7558541118972375,0.0,-19.729500359874216,10.921048800137921,36.55064959321103,35.21363417320083,71.76428376641186
8.403999999999476,7.23,7.253175265752627,0.1340394337376678,1.3012665664057639,2.8271164035732204,3.02348196781335,-13.237041140226227,0.0,1.7179078777446257,0.9846907386547354,0.0,2.593394679515186,4.760149509242972,0.0,-19.651719461871785,10.706526044357052,36.36297849015519,35.40111020774433,71.76408869789952
8.405999999999477,7.23,7.25578403432456,0.13966678191857806,1.3075948348300708,2.8000294541515007,3.30198560942555,-13.844043543037369,0.0,1.7230557605102348,0.9942148424583348,0.0,2.5545400303300028,4.763855575386266,0.0,-19.568128266528976,10.493090351805467,36.17506567414312,35.58883063197044,71.76389630611357
8.407999999999477,7.23,7.2584060053718495,0.14523876536868036,1.3144635185298061,2.771763233318664,3.5639183762091187,-14.416361812679966,0.0,1.7281262483597981,1.0037457742430274,0.0,2.5160022347017024,4.7669786177426055,0.0,-19.47895504903231,10.280955372992102,35.98692546709848,35.776781200747465,71.76370666784595
8.409999999999478,7.23,7.2610422266691845,0.1507530947136885,1.321839609710122,2.742386799115106,3.8094245004955436,-14.95432751219291,0.0,1.7331199891877946,1.0132823749436324,0.0,2.477795268186704,4.769525751755285,0.0,-19.384432110677064,10.070320753094947,35.798572288880706,35.964947560633554,71.76351984951427
8.411999999999479,7.23,7.2636936803045975,0.1562076179482873,1.3296904492567148,2.711968421512076,4.038707464832949,-15.458395091713808,0.0,1.73803765759101,1.0228235004742583,0.0,2.439931860308992,4.7715048290058935,0.0,-19.284794506152405,9.861372087278454,35.61002062956578,36.1533152778111,71.76333590737688
8.41399999999948,7.23,7.266361283491476,0.16160031862241267,1.3379838394589407,2.680575348935223,4.25202421430414,-15.929129571448712,0.0,1.742879952397052,1.0323680231287642,0.0,2.402423516369832,4.772924365447672,0.0,-19.18027884271877,9.654280984600597,35.421285022906005,36.341869864895095,71.76315488780111
8.41599999999948,7.23,7.269045889594416,0.16692931358527094,1.3466881451162294,2.6482735994934536,4.449679342319463,-16.367194184901955,0.0,1.7476475942432117,1.0419148328384131,0.0,2.3652805458270447,4.773793470479343,0.0,-19.071122158050347,9.449205229860553,35.23238002107479,36.53059680650327,71.76297682757806
8.41799999999948,7.23,7.27174828934568,0.17219285033646434,1.355772383060586,2.6151277768100467,4.632019333891952,-16.77333816094652,0.0,1.752341323217916,1.0514628382890332,0.0,2.3285120963727644,4.7741217774907,0.0,-18.9575608816458,9.24628903241699,35.04332017077802,36.71948158349853,71.76280175427655
8.419999999999481,7.23,7.27446921222927,0.17738930403304243,1.365206300284938,2.581200910019625,4.799426939294738,-17.148384799390634,0.0,1.7569618965753344,1.0610109679012016,0.0,2.292126192852772,4.773919376424031,0.0,-18.83982988296912,9.045663350936376,34.854119990794246,36.908509695836074,71.76262968663032
8.421999999999482,7.23,7.2772093280101116,0.18251717420013308,1.37496044100159,2.546554317209556,4.952315739714691,-17.49321997042137,0.0,1.7615100865319646,1.0705581706779381,0.0,2.2561297801983313,4.773196748808796,0.0,-18.718161607891687,8.847446283178801,34.66479395098369,37.09766668396765,71.76246063495134
8.423999999999483,7.23,7.279969248386658,0.18757508119111926,1.3850062030671018,2.511247491347608,5.091124955400449,-17.808781144427847,0.0,1.7659866781524434,1.0801034169252608,0.0,2.2205287695801377,4.771964705643436,0.0,-18.59278530358626,8.651743510259937,34.47535645278925,37.28693814877479,71.76229460156404
8.425999999999483,7.23,7.282749528746126,0.19256176244121395,1.3953158843001363,2.4753380075477818,5.216314536133376,-18.09604703581696,0.0,1.7703924673302678,1.0896456988516028,0.0,2.1853280870415253,4.770234328418557,0.0,-18.463926330780488,8.458648785309682,34.28582181123518,37.476309770019185,71.76213158125437
8.427999999999484,7.23,7.28555067000276,0.19747606855583663,1.4058627192883506,2.438881450380728,5.3283605638476335,-18.356027923005186,0.0,1.7747282588676856,1.099184031052582,0.0,2.1505317239220427,4.768016913501661,0.0,-18.331805561216157,8.268244457046878,34.09620423841486,37.66576732331374,71.7619715617286
8.429999999999485,7.23,7.288373120500736,0.20231695927249682,1.4166209073307259,2.401931359830744,5.427750988052022,-18.589756687144394,0.0,1.7789948646576992,1.108717450888054,0.0,2.116142788440553,4.765323920035501,0.0,-18.19663885727711,8.08060201947347,33.906517828445345,37.85529669563204,71.76181452407738
8.431999999999485,7.23,7.291217277964646,0.2070834993320207,1.4275656321946386,2.364539194434187,5.514981706464491,-18.798280594535576,0.0,1.7831931019699256,1.1182450187585387,0.0,2.082163557867988,4.762166921440828,0.0,-18.058636630037597,7.895782679635216,33.71677654385661,38.044883899384374,71.76166044324098
8.433999999999486,7.23,7.294083491481893,0.21177485429198784,1.438673074384371,2.3267543101000574,5.590552996017581,-18.982653832221594,0.0,1.7873237918409552,1.1277658182882901,0.0,2.0485955307813892,4.758557560559743,0.0,-17.91800347143152,7.7138379361712,33.526994203371906,38.23451508509916,71.76150928847107
8.435999999999487,7.23,7.296972063502721,0.21639028631223653,1.449920416621666,2.2886239531081767,5.654966293150882,-19.143930792968842,0.0,1.7913877575689365,1.1372789564222834,0.0,2.0154394789520547,4.754507508428465,0.0,-17.77493785584118,7.534810162161868,33.33718447103038,38.424176552756556,71.76136102378695
8.437999999999487,7.23,7.29988325184499,0.2209291499393022,1.4612858432313494,2.2501932657994512,5.708721317052722,-19.28316009469949,0.0,1.7953858233112472,1.1467835634443497,0.0,1.9826954984800889,4.750028426627582,0.0,-17.629631906134467,7.3587331865654715,33.14736084659465,38.613854761828236,71.76121560842289
8.439999999999488,7.23,7.3028172716921995,0.22539088791371914,1.4727485341079058,2.2115053035120376,5.75231352520883,-19.401379310330295,0.0,1.7993188127833992,1.156278792923494,0.0,1.9503630598448396,4.74513193312368,0.0,-17.482271219028007,7.185632869292049,32.95753665718281,38.80353634008091,71.76107299726371
8.441999999999489,7.23,7.30577429757457,0.2297750270212761,1.4842886539140507,2.172601061372809,5.786231887196337,-19.499610376772868,0.0,1.8031875480567316,1.1657638215953217,0.0,1.9184410565942587,4.739829571488345,0.0,-17.3330347446052,7.015527665688594,32.76772505005973,38.99320809120766,71.7609331412674
8.44399999999949,7.23,7.3087544653242675,0.23408117400660206,1.4958873371314843,2.133519509621749,5.810956960055967,-19.578855646394715,0.0,1.8069928484519333,1.1752378491851516,0.0,1.8869278524466255,4.734132783358166,0.0,-17.182094714855367,6.848429176893173,32.57793898652157,39.182857001351024,71.7607959878726
8.44599999999949,7.23,7.311757873997081,0.23830901156488926,1.5075266695486806,2.094297636224448,5.826959246691839,-19.640094540333656,0.0,1.8107355295250265,1.1847000981791656,0.0,1.8558213266239962,4.7280528839823335,0.0,-17.029616616210138,6.684342683149911,32.38819123680441,39.37247024458541,71.76066148138982
8.44799999999949,7.23,7.314784587753963,0.24245829442515496,1.519189666732129,2.0549704956118267,5.834697817509452,-19.684280760529546,0.0,1.8144164021421327,1.1941498135496116,0.0,1.8251189172787035,4.721601040691925,0.0,-16.875759201220937,6.523267657759339,32.198494375948954,39.56203518742652,71.76052956337547
8.449999999999491,7.23,7.317834637696928,0.24652884553620788,1.5308602499870898,2.0155712624740287,5.834619174813804,-19.712340015983777,0.0,1.818036271639102,1.203586262439716,0.0,1.7948176629119406,4.714788254116701,0.0,-16.720674534734993,6.365198259866843,32.00886078055306,39.751539392434836,71.76040017298789
8.451999999999492,7.23,7.320908023654745,0.2505205523644297,1.5425232202726826,1.9761312896248941,5.827156339268241,-19.725168218398686,0.0,1.8215959370619097,1.213008733813635,0.0,1.7649142417168688,4.707625341970438,0.0,-16.56450807017459,6.210123804764904,31.819302626344665,39.94097062098025,71.76027324732492
8.453999999999493,7.23,7.324004715914782,0.25443336331060357,1.5541642304948313,1.9366801690427955,5.812728137880586,-19.72363010281365,0.0,1.8250961904836394,1.222416538076395,0.0,1.735405008808112,4.70012292522417,0.0,-16.40739875179582,6.058029210804185,31.62983188651004,40.13031683523312,71.76014872174315
8.455999999999493,7.23,7.327124656898126,0.258267284251321,1.5657697565599606,1.8972457952813357,5.791738673464637,-19.70855822998699,0.0,1.8285378163937835,1.2318090066684109,0.0,1.706286031325025,4.692291416487552,0.0,-16.24947913908975,5.908895422375731,31.440460330712916,40.319566199444964,71.76002653015789
8.457999999999494,7.23,7.330267762775864,0.26202237520897237,1.5773270675329265,1.8578544305283482,5.764576956249136,-19.68075232891627,0.0,1.8319215911556521,1.2411854916388467,0.0,1.6775531214178763,4.684141010421761,0.0,-16.090875549783828,5.762699808743795,31.251199524744464,40.5087070805808,71.75990660532526
8.459999999999495,7.23,7.333433925025046,0.26569874715296316,1.5888241952048883,1.8185307706728606,5.731616679219475,-19.64097893992963,0.0,1.8352482825276404,1.2505453652016714,0.0,1.6492018671447033,4.675681676011873,0.0,-15.931708218196881,5.619416538780685,31.06206083074455,40.69772804836107,71.75978887910563
8.461999999999495,7.23,7.3366230119234155,0.26929655893359666,1.6002499033410351,1.7792980118165476,5.693216119823413,-19.589971321095774,0.0,1.8385186492442458,1.2598880192779953,0.0,1.6212276613217662,4.666923150533055,0.0,-15.772091465994212,5.479016931882875,30.873055407939102,40.88661787477008,71.75967328270919
8.463999999999496,7.23,7.339834869982518,0.27281601434900854,1.6115936568444666,1.740177916738213,5.649718151809762,-19.52842958320315,0.0,1.8417334406527817,1.2692128650278944,0.0,1.5936257283831767,4.65787493505192,0.0,-15.612133882673888,5.3414697855374085,30.684194213840655,41.07536553308353,71.75955974692418
8.465999999999497,7.23,7.343069325319227,0.27625735934462453,1.6228455910412414,1.7011908808867657,5.601450352153739,-19.45702102115407,0.0,1.8448933964018712,1.2785193323746535,0.0,1.5663911493151645,4.648546291312405,0.0,-15.451938513389464,5.206741680161267,30.495488005862285,41.263960196465945,71.75944820232823
8.467999999999497,7.23,7.34632618496611,0.27962087934382535,1.6339964812627326,1.6623559975398092,5.548725189234818,-19.376380612264633,0.0,1.8479992461779535,1.2878068695240472,0.0,1.5395188847382268,4.638946239864031,0.0,-15.291603051975478,5.074797261958994,30.306947343298646,41.45239123618498,71.75933857948363
8.469999999999498,7.23,7.349605238121382,0.28290689670783437,1.645037712874958,1.623691121821368,5.491840279631682,-19.287111654570616,0.0,1.8510517094861507,1.2970749424809938,0.0,1.5130037962161405,4.6290835592990325,0.0,-15.131220037287628,4.945599504638152,30.118582589629987,41.64064821948652,71.7592308091165
8.471999999999499,7.23,7.352906257339469,0.28611576832228347,1.655961251880469,1.5852129333235,5.431078702078861,-19.189786520801135,0.0,1.8540514954720653,1.3063230345657215,0.0,1.4868406658746685,4.61896678647393,0.0,-14.970877051200079,4.8191099508915585,29.930403915108897,41.828720907173,71.7591248222819
8.4739999999995,7.23,7.356228999663446,0.28924788330744805,1.6667596161966152,1.5469369971227385,5.366709358265417,-19.084947506142015,0.0,1.8569993027811844,1.3155506459312236,0.0,1.4610242144155943,4.608604217599827,0.0,-14.81065691681532,4.695288934604695,29.742421299592394,42.01659925092144,71.75902055051384
8.4759999999995,7.23,7.359573207700768,0.29230366084876674,1.6774258476944601,1.5088778230237008,5.298987371240222,-18.973107750254883,0.0,1.859895819452784,1.324757293083717,0.0,1.4355491176125188,4.5980039100945485,0.0,-14.650637895638752,4.5740957847754995,29.554644535583975,42.20427339037874,71.75891792596272
8.4779999999995,7.23,7.362938610643901,0.295283548143964,1.6879534850651776,1.4710489228990398,5.228154513209516,-18.854752216221122,0.0,1.862741722845377,1.3339425084074579,0.0,1.4104100213754163,4.587173685098258,0.0,-14.490893882650267,4.455489012149726,29.36708323145428,42.39173365006532,71.7588168815196
8.479999999999501,7.23,7.366324925237561,0.2981880184628642,1.6983365375653063,1.4334628660274806,5.154439655472511,-18.730338711147947,0.0,1.8655376795909278,1.343105839695177,0.0,1.385601555469901,4.576121130562362,0.0,-14.331494598368533,4.339426479575638,29.179746814810535,42.57897053611782,71.75871735092835
8.481999999999502,7.23,7.369731856694346,0.30101756931581986,1.7085694596786292,1.3961313323602862,5.078059234125556,-18.600298935075852,0.0,1.8682843455752343,1.352246849685215,0.0,1.361118345975712,4.564853604829432,0.0,-14.17250577715182,4.225865557072756,28.992644535988227,42.765974732898826,71.75861926888706
8.483999999999503,7.23,7.373159099560643,0.30377272072656214,1.71864712672053,1.3590651636714293,4.999217725984889,-18.46503954658568,0.0,1.8709823659420326,1.361365115606232,0.0,1.3369550265669203,4.553378240629315,0.0,-14.013989351112269,4.11476326259146,28.805785471640316,42.95273709949802,71.75852257113834
8.485999999999503,7.23,7.376606338534685,0.30645401360521435,1.7285648114003482,1.3222744125683281,4.918108129925197,-18.3249432351044,0.0,1.8736323751185502,1.370460228730272,0.0,1.3131062486937009,4.541701949423672,0.0,-13.856003629139193,4.006076389414785,28.619178528401964,43.13924866614822,71.75842719455018
8.487999999999504,7.23,7.380073249238714,0.3090620082171822,1.738318161348326,1.285768389358524,4.834912449510966,-18.180369791362388,0.0,1.8762349968603884,1.3795317939348202,0.0,1.2895666907425838,4.529831426037809,0.0,-13.698603470633035,3.8997616211229995,28.43283244661035,43.32550063057704,71.75833307718739
8.489999999999505,7.23,7.383559498947146,0.3115972827436418,1.7479031776061373,1.2495557067834395,4.749802173412538,-18.03165716876768,0.0,1.8787908443137615,1.3885794292743516,0.0,1.26633106624899,4.5177731535248355,0.0,-13.541840453644532,3.7957756350067955,28.246755804061674,43.51148435431256,71.75824015837424
8.491999999999505,7.23,7.387064747272685,0.314060431929381,1.7573161940735154,1.213644322643627,4.662938750649881,-17.879122529636675,0.0,1.881300520093278,1.3976027655618144,0.0,1.243394131232334,4.505533408212979,0.0,-13.385763037196284,3.6940751947765387,28.06095701978894,43.697191358960616,71.75814837874955
8.493999999999506,7.23,7.390588646812274,0.3164520658138122,1.7665538578981013,1.1780415803509692,4.574474058202204,-17.72306327127366,0.0,1.8837646163735688,1.4066014459603504,0.0,1.220750690720597,4.493118264892143,0.0,-13.230416717634947,3.594617233375205,27.875444357845833,43.882613322468494,71.75805768031432
8.495999999999507,7.23,7.394130843754752,0.31877280854105244,1.7756131107911484,1.1427542474523589,4.484550858957055,-17.56375802781522,0.0,1.8861837149931975,1.4155751255854805,0.0,1.1983956045277002,4.480533602100727,0.0,-13.075844178924822,3.497358926661241,27.69022593108356,44.06774207538838,71.75796800647194
8.497999999999507,7.23,7.3976909784520535,0.32102329724506534,1.784491171248066,1.1077885521767146,4.393303248364038,-17.401467644584507,0.0,1.8885583875694436,1.4245234711179644,0.0,1.1763237923433079,4.467785107478292,0.0,-12.922085436847222,3.4022577586852325,27.50530970490936,44.252569597153645,71.757879302063
8.499999999999508,7.23,7.401268685955735,0.3232041810059676,1.7931855176498623,1.0731502180629624,4.300857088495796,-17.236436122412695,0.0,1.8908891956226115,1.4334461604273736,0.0,1.1545302381913947,4.454878283153626,0.0,-12.769177977115353,3.309271579243035,27.32070350101613,44.43708801237737,71.7577915133935
8.501999999999509,7.23,7.404863596520559,0.32531611987372444,1.8016938722192581,1.0388444967310588,4.207330428519851,-17.06889153001871,0.0,1.8931766907086716,1.4423428822064766,0.0,1.1330099943101641,4.441818451141683,0.0,-12.61715688745372,3.2183586543457317,27.136415001074127,44.62128958718385,71.75770458825798
8.50399999999951,7.23,7.408475336076829,0.3273597839555839,1.8100141858035148,1.004876198861387,4.112833910842451,-16.899046883078896,0.0,1.8954214145591322,1.451213335616404,0.0,1.1117581845027094,4.428610758726203,0.0,-12.466054983723495,3.1294777102067344,26.952451750377257,44.80516672558074,71.757618475958
8.50599999999951,7.23,7.412103526673084,0.3293358525637347,1.818144623454773,0.9712497234501163,4.017471162411521,-16.72710098909093,0.0,1.8976238992271113,1.46005722994253,0.0,1.0907700070044855,4.415260183807893,0.0,-12.315902930202112,3.0425879713066584,26.76882116143674,44.98871196587888,71.75753312731561
8.50799999999951,7.23,7.415747786890734,0.3312450134198081,1.8260835507778694,0.9379690854094919,3.921339170857106,-16.55323925753507,0.0,1.8997846672386984,1.4688742842610274,0.0,1.0700407369103733,4.401771540200903,0.0,-12.166729354147776,2.9576491930581104,26.58553051751604,45.17191797716702,71.75744849468306
8.509999999999511,7.23,7.419407732232131,0.3330879619129834,1.8338295210151254,0.9050379415826679,3.8245286453130967,-16.37763447517869,0.0,1.9019042317487704,1.4776642271159353,0.0,1.0495657282012845,4.388149482862833,0.0,-12.01856095479722,2.874621689556416,26.402586976102725,45.354777555845956,71.75736453194868
8.511999999999512,7.23,7.423082975483513,0.33486540040859547,1.841381262837432,0.8724596152427053,3.727124361903419,-16.20044754665816,0.0,1.9039830967004803,1.4864267962066067,0.0,1.0293404154072454,4.374398513045717,0.0,-11.871422606958943,2.7934663568669635,26.219997572312202,45.53728362222695,71.75728119453916
8.513999999999513,7.23,7.4267731270542265,0.3365780376042824,1.8487376688110424,0.8402371191448448,3.629205493991382,-16.021828200708832,0.0,1.9060217569877453,1.4951617380853857,0.0,1.0093603149411259,4.360522983357544,0.0,-11.725337459375053,2.7141446922664594,26.03776922222024,45.719429217198794,71.75719843941903
8.515999999999513,7.23,7.430477795293521,0.3382265879308475,1.8558977845097808,0.8083731772002145,3.530845927389988,-15.841915662616046,0.0,1.9080206986200945,1.5038688078652973,0.0,0.989621026134713,4.346527102725597,0.0,-11.580327028032459,2.6366188098242094,25.85590872612105,45.901207498966,71.75711622508706
8.517999999999514,7.23,7.434196586786188,0.33981177099514626,1.8628607982428536,0.7768702448378251,3.4321145608090173,-15.660839293617265,0.0,1.9099803988893194,1.5125477689375642,0.0,0.9701182320062548,4.33241494125456,0.0,-11.436411284609504,2.560851452679418,25.674422771708823,46.082611739861385,71.75703451157021
8.519999999999515,7.23,7.437929106628257,0.3413343110624403,1.869626031369068,0.7457305281201062,3.33307559187997,-15.478719198116114,0.0,1.911901326537409,1.5211983926987305,0.0,0.950847699786348,4.318190434973718,0.0,-11.293608740247334,2.4868060023426297,25.493317937180553,46.26363532323471,71.75695326041526
8.521999999999515,7.23,7.441674958683872,0.34279493657578824,1.8761929291690014,0.7149560016754135,3.233788789151428,-15.295666799670084,0.0,1.9137839419253202,1.5298204582871606,0.0,0.9318052812268924,4.30385739046891,0.0,-11.151936524836659,2.4144464853231855,25.312600694259082,46.444271740419296,71.75687243467837
8.523999999999516,7.23,7.445433745824452,0.3441943797101708,1.882561052247483,0.6845484255089345,3.134309750485844,-15.111785386787894,0.0,1.915628697202163,1.5384137523286947,0.0,0.9129869127157498,4.289419489395901,0.0,-11.011410462010275,2.343737577359802,25.132277411134957,46.624514587777895,71.75679199891286
8.525999999999517,7.23,7.449205070151167,0.345533375959165,1.8887300684396542,0.6545093607512842,3.034690148320081,-14.927170629631053,0.0,1.9174360364744447,1.546978068691194,0.0,0.894388615217959,4.274880292872918,0.0,-10.87204514003033,2.274644605508708,24.952354355327028,46.80435756382805,71.75671191915508
8.527999999999517,7.23,7.452988533201698,0.3468126637521015,1.894699745194812,0.6248401844018585,2.934977962272367,-14.741911068750616,0.0,1.919206395975031,1.5555132082477674,0.0,0.876006494062455,4.260243245750891,0.0,-10.733853978756732,2.207133548322005,24.772837696460837,46.983794466448344,71.75663216290918
8.529999999999518,7.23,7.4567837361422376,0.3480329840997488,1.9004699424132228,0.5955421031217227,2.8352176995917757,-14.556088577011383,0.0,1.9209402042315498,1.564018978648402,0.0,0.8578367385917474,4.245511680760673,0.0,-10.596849292879558,2.1411710343294432,24.593733508965443,47.16281919016493,71.75655269913037
8.531999999999519,7.23,7.46059027994558,0.3491950802666771,1.9060406057120973,0.5666161661284977,2.7354506039551554,-14.36977879586821,0.0,1.9226378822339605,1.5724951940997651,0.0,0.8398756216903909,4.230688822537205,0.0,-10.46104235159426,2.0767243390180754,24.415047774688336,47.34142572351841,71.75647349820674
8.53399999999952,7.23,7.464407765556168,0.3502996974685555,1.911411760097927,0.5380632772433767,2.635714853117409,-14.183051547154667,0.0,1.9242998436010796,1.5809416751529408,0.0,0.822119499206676,4.21577779152109,0.0,-10.326443434893704,2.0137613804872214,24.236786385429305,47.519608146511274,71.75639453194057
8.53599999999952,7.23,7.468235794042861,0.35134758259273563,1.9165835040233947,0.5098842061380905,2.536045745921286,-13.995971221539069,0.0,1.9259264947458492,1.5893582484988475,0.0,0.8045648092807023,4.20078160773855,0.0,-10.193061886645822,1.9522507139404726,24.058955145393714,47.69736062813478,71.7563157735285
8.53799999999952,7.23,7.472073966740192,0.3523394839405674,1.9215560038080788,0.482079598827354,2.4364758791641257,-13.808597144778668,0.0,1.9275182350391797,1.5977447467710733,0.0,0.7872080715908152,4.185703194461142,0.0,-10.060906164620246,1.892161525161952,23.881559773566142,47.87467742397449,71.75623719754063
8.539999999999521,7.23,7.47592188537881,0.35327615098998105,1.926329488403157,0.454649987450075,2.3370353148137535,-13.620983922886467,0.0,1.9290754569722135,1.6061010083559526,0.0,0.7700458865290807,4.1705453817469005,0.0,-9.929983887621466,1.8334636231101458,23.7046059060051,48.05155287389459,71.75615877989969
8.541999999999522,7.23,7.47977915220578,0.3541583341769551,1.9309042444812916,0.4275957993804164,2.237751738052599,-13.433181767292083,0.0,1.9305985463168738,1.6144268772095622,0.0,0.7530749343157807,4.155310909864935,0.0,-9.800301879880163,1.776127431751062,23.528099098060284,48.227981399798466,71.75608049785875
8.543999999999523,7.23,7.483645370095374,0.3549867846945686,1.935280611833819,0.4009173657076661,2.1386506066167397,-13.245236801047376,0.0,1.932087882284592,1.6227222026814851,0.0,0.7362919740615855,4.140002432605655,0.0,-9.67186621284836,1.7201239812401803,23.352044826513186,48.40395750346583,71.75600232997903
8.545999999999523,7.23,7.487520142650947,0.35576225430841346,1.939458979058291,0.3746149291218008,2.0397552918832855,-13.057191347094648,0.0,1.9335438376831129,1.6309868393450704,0.0,0.7196938427854741,4.124622520479077,0.0,-9.544682244538105,1.6654248985529094,23.176448491642606,48.57947576446453,71.75592425610714
8.547999999999524,7.23,7.491403074298469,0.35648549518721184,1.943439779520303,0.348688651239636,1.9410872121420535,-12.869084199574328,0.0,1.9349667790712974,1.6392206468339812,0.0,0.7032774543955318,4.109173663803716,0.0,-9.418754656537162,1.6120023976533318,23.001315419216272,48.75453083813572,71.75584625735199
8.549999999999525,7.23,7.495293770372239,0.3571572597475551,1.9472234875744026,0.3231386194045326,1.8426659584735077,-12.680950879115269,0.0,1.9363570669118544,1.6474234896848012,0.0,0.6870397986390834,4.0936582756887665,0.0,-9.29408748882952,1.5598292692824,22.826650862410133,48.92911745365106,71.7557683160612
8.551999999999525,7.23,7.4991918371932895,0.35777830051174103,1.9508106150296967,0.2979648529907893,1.7445094136359522,-12.49282387300706,0.0,1.9377150557219478,1.6555952371855323,0.0,0.6709779400278207,4.078078694912316,0.0,-9.17068417254249,1.5088788704384246,22.65246000365648,49.10323041214126,71.75569041579774
8.553999999999526,7.23,7.503096882140954,0.3583493699777497,1.9542017078465654,0.2731673092420865,1.646633864349668,-12.304732861117708,0.0,1.9390410942216338,1.6637357632297056,0.0,0.6550890167432091,4.062437188698392,0.0,-9.048547560736436,1.459125113615899,22.47874795642287,49.27686458489309,71.75561254131595
8.555999999999527,7.23,7.507008513718051,0.358871220500453,1.957397343051651,0.2487458886716633,1.5490541073469628,-12.116704928377457,0.0,1.9403355254800907,1.6718449461759868,0.0,0.6393702395265757,4.046735955395703,0.0,-8.927679957347715,1.410542455861285,22.305519766922774,49.450014911614986,71.75553467853776
8.557999999999527,7.23,7.510926341610101,0.3593446041832087,1.9603981258590057,0.22470044005030626,1.4517835495407816,-11.928764764611559,0.0,1.9415986870596207,1.6799226687130147,0.0,0.6238188905580635,4.030977127060936,0.0,-8.808083144389878,1.3631058876989282,22.132780415760184,49.62267639876844,71.75545681452863
8.559999999999528,7.23,7.514849976738987,0.35977027277903806,1.963204686985978,0.20103076500670208,1.3548343026468213,-11.740934852464886,0.0,1.942830911157398,1.6879688177293248,0.0,0.6084323223279496,4.015162771949471,0.0,-8.689758407512931,1.3167909219742224,21.960534819509082,49.7948441179644,71.75537893747348
8.561999999999529,7.23,7.5187790313114355,0.36014897760063674,1.9658176801530607,0.17773662226325954,1.2582172725775547,-11.55323564412332,0.0,1.9440325247449566,1.6959832841881681,0.0,0.5932079565034846,3.999294896916348,0.0,-8.57270656001545,1.2715735826562506,21.788787832229723,49.96651320442308,71.75530103665281
8.56399999999953,7.23,7.5227131188626615,0.36048146943851056,1.9682377797575525,0.15481773152913278,1.161942243910075,-11.365685727499713,0.0,1.9452038497054076,1.7039659630070358,0.0,0.5781432827940312,3.9833754497303335,0.0,-8.456927965399375,1.2274303936375461,21.617544246923206,50.13767885549527,71.75522310241847
8.56599999999953,7.23,7.526651854295537,0.3607684984865717,1.9704656787114678,0.13227377707088114,1.0660179597131039,-11.178301982514645,0.0,1.9463452029683899,1.7119167529417294,0.0,0.5632358578168761,3.9674063213038426,0.0,-8.34242255855275,1.18433836756431,21.446808796925854,50.30833632924398,71.75514512616984
8.56799999999953,7.23,7.530594853915589,0.36101081427457005,1.9725020864346858,0.11010441097997303,0.9704521970033351,-10.991099728068187,0.0,1.9474568966427546,1.719835556474815,0.0,0.5484833039657682,3.9513893478414635,0.0,-8.22918986564104,1.1422749947266158,21.276586157244925,50.478480943084875,71.7550671003298
8.569999999999531,7.23,7.5345417354621285,0.36120916560677135,1.974347726994855,0.08830925615518526,0.8752518380860096,-10.804092860264397,0.0,1.948539238146987,1.7277222797082907,0.0,0.5338833082839816,3.9353263129097606,0.0,-8.117229022783475,1.1012182320347688,21.10688094583726,50.648108072483815,71.75498901832108
8.571999999999532,7.23,7.538492118135806,0.3613643005063297,1.9760033373860635,0.06688790901685784,0.7804229380197854,-10.617293982417019,0.0,1.9495925303373842,1.7355768322603082,0.0,0.5194336213434125,3.9192189494309755,0.0,-8.00653879358674,1.0611464921047844,20.937697724832287,50.81721314970984,71.75491087454213
8.573999999999533,7.23,7.542445622622848,0.3614769661648332,1.9774696659387538,0.04583994196894007,0.6859707884318431,-10.430714527333478,0.0,1.9506170716339986,1.743399127165828,0.0,0.5051320561309056,3.903068941603191,0.0,-7.897117585604437,1.0220386324729838,20.76904100170103,50.985791662642924,71.75483266434395
8.575999999999533,7.23,7.5464018711162515,0.3615479088965345,1.9787474708537953,0.025164905623798275,0.5918999778962819,-10.24436487234509,0.0,1.9516131561443575,1.7511890807810284,0.0,0.4909764869429266,3.8868779267494222,0.0,-7.788963465786974,0.983873944957425,20.60091523037231,51.153839153633996,71.7547543840063
8.577999999999534,7.23,7.550360487334148,0.36157787409680514,1.9798375188540438,0.004862330803850772,0.49821444907478796,-10.058254447520353,0.0,1.952581073784987,1.758946612691345,0.0,0.47696484828938157,3.8706474970980786,0.0,-7.682074174983135,0.946632145181306,20.433324812297997,51.321351218416424,71.75467603071442
8.579999999999535,7.23,7.554321096535598,0.3615676062043816,1.9807405839471026,-0.015068269666751611,0.40491755280735653,-9.872391837473046,0.0,1.9535211104007486,1.7666716456230116,0.0,0.4630951338072316,3.854379201497115,0.0,-7.576447141551081,0.9102933622714655,20.266274097468347,51.48832350506744,71.7545976025358
8.581999999999535,7.23,7.558283325534012,0.36151784866699455,1.981457446293361,-0.0346273993679774,0.3120120993279877,-9.68678487714831,0.0,1.9544335478820167,1.7743641053579544,0.0,0.4493653951844396,3.8380745470641484,0.0,-7.472079494133493,0.8748381287432886,20.099767385379106,51.65475171301792,71.75451909839703
8.583999999999536,7.23,7.562246802708403,0.361429343909999,1.9819888911737267,-0.05381557687561808,0.2195004067698398,-9.501440741946743,0.0,1.9553186642797116,1.7820239206519357,0.0,0.43577374109455014,3.821735000774731,0.0,-7.368968073648474,0.8402473705814586,19.93380892595155,51.82063159210945,71.754440518061
8.585999999999537,7.23,7.566211158012679,0.36130283330764446,1.9823357080517878,-0.07263333452785849,0.12738434711289334,-9.316366032521055,0.0,1.9561767339182152,1.789651023155805,0.0,0.42231833614217323,3.805361990990897,0.0,-7.267109444545022,0.806502397524648,19.768402920407027,51.98595894169699,71.75436186210402
8.587999999999537,7.23,7.570176022983144,0.36113905715664557,1.9824986897254309,-0.09108121735637548,0.035665389717487256,-9.131566854558512,0.0,1.957008027506184,1.797245347339752,0.0,0.408997399819447,3.7889569089320094,0.0,-7.166499905369181,0.773584893560716,19.603553522097016,52.15072960979607,71.75428313189309
8.589999999999538,7.23,7.574141030744388,0.3609387546517342,1.982478631563225,-0.10915978217223192,-0.05565535742271076,-8.947048893840488,0.0,1.9578128122452956,1.8048068304204454,0.0,0.3958092054734931,3.772521110089902,0.0,-7.0671354986844905,0.741476907637812,19.439264837290494,52.314939492273105,71.7542043295636
8.591999999999539,7.23,7.578105816013734,0.36070266386289285,1.982276330821135,-0.1268695967973934,-0.1465771085842694,-8.762817486849661,0.0,1.9585913519369293,1.8123354122909592,0.0,0.3827520792847451,3.756055915590167,0.0,-6.969012020387836,0.7101608445956037,19.275540925919252,52.478584532077846,71.7541254579971
8.59399999999954,7.23,7.58207001510439,0.3604315217139863,1.9818925860353689,-0.144211239433219,-0.23709936325802508,-8.578877687177378,0.0,1.9593439070868224,1.8198310354533387,0.0,0.36982439925606625,3.739562613501442,0.0,-6.872125028459696,0.6796194563200632,19.112385802282976,52.64166071851582,71.7540465207988
8.59599999999954,7.23,7.586033265927466,0.3601260639625265,1.9813281964873848,-0.1611852981577624,-0.3272218710266069,-8.395234327964111,0.0,1.960070735007712,1.8272936449537682,0.0,0.3570245942122861,3.723042460094418,0.0,-6.776469851185531,0.6498358331239522,18.949803435714934,52.8041640865609,71.75396752227584
8.59799999999954,7.23,7.589995207992989,0.3597870251803202,1.9805839617372958,-0.17779237054416924,-0.41694459827531244,-8.211892080590356,0.0,1.960772089919986,1.8347231883201907,0.0,0.3443511428099488,3.706496681052268,0.0,-6.682041594883107,0.6207933953547665,18.787797751209645,52.96609071620569,71.75388846741534
8.599999999999541,7.23,7.59395548241004,0.35941513873476505,1.9796606812220952,-0.19403306339287463,-0.5062676966442853,-8.028855509817939,0.0,1.961448223050366,1.8421196155023025,0.0,0.33180257255687706,3.689926472634083,0.0,-6.588835151168653,0.5924758852309349,18.62637263001369,53.12743673184904,71.75380936186272
8.601999999999542,7.23,7.597913731886166,0.35901113677057317,1.9785591539153076,-0.2099079925706889,-0.595191473136469,-7.846129125566964,0.0,1.9620993827286346,1.849482878813831,0.0,0.3193774588411481,3.673333002792874,0.0,-6.49684520379293,0.5648673589064982,18.46553191018071,53.28819830171941,71.75373021190012
8.603999999999543,7.23,7.601869600726155,0.3585757501917152,1.9772801780448366,-0.22541778295021708,-0.6837163618022918,-7.66371743149965,0.0,1.962725814482434,1.8568129328770047,0.0,0.3070744239690346,3.6567174122496144,0.0,-6.406066235076664,0.5379521787639214,18.305279387091822,53.448371637333125,71.75365102442495
8.605999999999543,7.23,7.605822734830313,0.3581097086433903,1.9758245508659253,-0.240563068443385,-0.7718428969280707,-7.481624970568735,0.0,1.963327761130147,1.8641097345691278,0.0,0.2948921362114358,3.6400808155247435,0.0,-6.316492531973214,0.5117150059341864,18.145618813942516,53.60795299298618,71.75357180692869
8.607999999999544,7.23,7.609772781692334,0.3576137404938401,1.9741930684862945,-0.25534449212314797,-0.8595716876612371,-7.2998563676750425,0.0,1.9639054628718764,1.8713732429711716,0.0,0.28282930885830493,3.6234243019284778,0.0,-6.228118191784761,0.4861407930428705,17.986553902197087,53.766938665278495,71.75349256747558
8.609999999999545,7.23,7.613719390396872,0.3570885728158355,1.9723865257406439,-0.26976270642773625,-0.9469033940104864,-7.118416369567464,0.0,1.9644591573785486,1.878603419318325,0.0,0.2708846992804987,3.60674893651126,0.0,-6.140937127557104,0.4612147771804194,17.828088322011737,53.92532499267021,71.75341331468195
8.611999999999545,7.23,7.617662211616906,0.3565349313676775,1.970405716111827,-0.283818373442046,-1.033838704163681,-6.937309882108506,0.0,1.964989079879139,1.8858002269523728,0.0,0.25905710799860593,3.590055760975547,0.0,-6.054943073176577,0.43692247309470117,17.67022570262731,54.08310835506758,71.75333405769489
8.613999999999546,7.23,7.621600897610999,0.3559535405735618,1.9682514316961157,-0.2975121652510193,-1.120378313072151,-6.756542005015699,0.0,1.9654954632460446,1.8929636312758984,0.0,0.24734537775806878,3.5733457945501694,0.0,-5.970129588191594,0.4132496666032193,17.512969632732688,54.24028517343913,71.75325480617182
8.615999999999547,7.23,7.6255351022205184,0.3553451235031691,1.9659244632100705,-0.3108447643600708,-1.2065229022528094,-6.576118064182936,0.0,1.9659785380786183,1.9000935997081714,0.0,0.23574839261015518,3.5566200348283954,0.0,-5.8864900623800285,0.39018240822250244,17.356323660799966,54.396851909459755,71.75317557025971
8.617999999999547,7.23,7.6294644808669245,0.35471040185035146,1.9634256000366241,-0.3238168641778143,-1.2922731207649247,-6.39604364167431,0.0,1.966438532784859,1.9071901016426844,0.0,0.22426507699815515,3.539879458570771,0.0,-5.804017720082527,0.3677070070116179,17.200291295392255,54.552805065182326,71.75309636057457
8.619999999999548,7.23,7.6333886905491735,0.3540500959107947,1.9607556303080722,-0.3364291695565215,-1.3776295673215115,-6.216324603475686,0.0,1.9668756736612925,1.9142531084062677,0.0,0.21289439484824244,3.523125022473827,0.0,-5.722705624320931,0.34581002462664917,17.044876005445197,54.70814118273587,71.75301718818108
8.621999999999549,7.23,7.637307389841332,0.35336492455854585,1.9579153410237358,-0.34868239738590756,-1.462592773498576,-6.036967125082605,0.0,1.9672901849710258,1.921282593219696,0.0,0.20163534866447663,3.5063576639056127,0.0,-5.6425466807198355,0.32447826958281345,16.890081220523054,54.86285684404909,71.75293806457215
8.62399999999955,7.23,7.6412202388904555,0.35265560522130307,1.9549055182001358,-0.3605772772359867,-1.5471631880094117,-5.857977714994013,0.0,1.9676822890200045,1.9282785311597501,0.0,0.1904869786273465,3.489578301609053,0.0,-5.563533641248524,0.30369879172058223,16.73591033105044,55.01694867059859,71.75285900164903
8.62599999999955,7.23,7.6451268994147945,0.3519228538543747,1.9517269470515803,-0.3721145520448769,-1.6313411620132658,-5.679363236177013,0.0,1.9680522062314632,1.9352408991226322,0.0,0.17944836169538564,3.472787836374044,0.0,-5.4856591077995995,0.2834588768721957,16.58236668852056,55.17041332318034,71.7527800117009
8.62799999999955,7.23,7.649027034702402,0.3511673849132206,1.9483804121991222,-0.3832949788475534,-1.7151269354307623,-5.50113092556091,0.0,1.9684001552185881,1.9421696757887086,0.0,0.16851861070926963,3.4559871516791643,0.0,-5.40891553561974,0.2637460417245911,16.429453605680884,55.32324750170406,71.75270110738495
8.629999999999551,7.23,7.652920309610171,0.35038991132449837,1.9448666979059002,-0.39411932954166395,-1.7985206242410636,-5.323288411613359,0.0,1.9687263528553856,1.9490648415885112,0.0,0.1576968734979066,3.4391771143038685,0.0,-5.333295236607313,0.244548028874776,16.277174356697216,55.475447945009336,71.75262230170655
8.631999999999552,7.23,7.6568063905633785,0.34959114445554446,1.9411865883369246,-0.4045883916866195,-1.8815222087375152,-5.145843730047456,0.0,1.9690310143457657,1.9559263786699241,0.0,0.14698233198606014,3.422358574911981,0.0,-5.258790382490793,0.22585280207356453,16.12553217729705,55.62701143070252,71.75254360799957
8.633999999999553,7.23,7.660684945555767,0.34877179408222636,1.9373408678414095,-0.41470296933226697,-1.9641315227210223,-4.968805337703257,0.0,1.9693143532908426,1.962754270866509,0.0,0.1363742013030178,3.4055323686072683,0.0,-5.185393007901175,0.2076485416534081,15.974530264893076,55.77793477501331,71.75246503990638
8.635999999999553,7.23,7.664555644150211,0.3479325683551112,1.9333303212557977,-0.4244638838735338,-2.0463482436114235,-4.792182124644921,0.0,1.9695765817544522,1.9695485036669218,0.0,0.1258717288918537,3.3886993154618583,0.0,-5.113095013350966,0.1899236401359747,15.824171778687809,55.92821483267071,71.75238661135852
8.637999999999554,7.23,7.668418157480015,0.3470741737639019,1.929155734225659,-0.4338719749275123,-2.128171883459638,-4.615983424509412,0.0,1.9698179103268898,1.9763090641853531,0.0,0.11547419361888961,3.371860221018247,0.0,-5.041888168131659,0.17266669801508158,15.674459839760173,56.07784849679683,71.75230833655701
8.639999999999555,7.23,7.672272158250862,0.3461973151000998,1.9248178935446771,-0.44292810122952303,-2.2096017808436064,-4.440219023141911,0.0,1.970038548186865,1.9830359411329532,0.0,0.10518090488294918,3.355015876765586,0.0,-4.971764113140949,0.15586651971044477,15.525397531134923,56.2268326988181,71.75223022995303
8.641999999999555,7.23,7.676117320743466,0.3453026954178587,1.9203175875089753,-0.45163314154476053,-2.290637093633398,-4.264899165548336,0.0,1.9702387031616753,1.9897291247901783,0.0,0.09499120172406342,3.33816706059094,0.0,-4.902714363650381,0.1395121096876839,15.37698789783584,56.37516440839276,71.7521523062286
8.643999999999556,7.23,7.679953320816941,0.3443910159930029,1.9156556062850523,-0.45998799559218784,-2.371276792610319,-4.090034561196242,0.0,1.9704185817855975,1.9963886069800165,0.0,0.0849044519312912,3.321314537206194,0.0,-4.834730312023562,0.12359266873990651,15.229233946923493,56.52284063335381,71.75207458027731
8.645999999999557,7.23,7.683779835912921,0.3434629762801885,1.9108327422896392,-0.46799358497740295,-2.451519655927328,-3.915636387690319,0.0,1.9705783893564903,2.0030143810420453,0.0,0.07492005114936062,3.304459058551224,0.0,-4.767803230394455,0.10809759042614636,15.08213864751851,56.669858419666625,71.75199706718513
8.647999999999557,7.23,7.687596545060445,0.3425192738681917,1.9058497905798042,-0.47565085413125496,-2.531364264396848,-3.7417162928511676,0.0,1.9707183299906135,2.0096064418072705,0.0,0.06503742198387684,3.28760136417399,0.0,-4.701924273314822,0.09301645766187411,14.935704930811184,56.8162148514003,71.75191978221147
8.649999999999558,7.23,7.691403128881641,0.34156060443331737,1.900707549251665,-0.48296077125104064,-2.610808997594299,-3.568286395221409,0.0,1.9708386066756511,2.016164785573709,0.0,0.055256013104861,3.2707421815881315,0.0,-4.637084480379269,0.07833903945671797,14.789935690058273,56.961907050712014,71.75184274077029
8.651999999999559,7.23,7.695199269598205,0.3405876616909254,1.895406819846089,-0.4899243292411643,-2.6898520307640283,-3.3953592830266333,0.0,1.9709394213219438,2.0226894100826494,0.0,0.04557529834846877,3.253882226608682,0.0,-4.5732747788359545,0.06405528779454565,14.644833780567915,57.106932177843106,71.75176595841103
8.65399999999956,7.23,7.698984651038701,0.3396011373450784,1.8899484077597886,-0.4965425466501928,-2.768491332516339,-3.2229480116145206,0.0,1.9710209748119207,2.02918031449558,0.0,0.035994775816687724,3.2370222036664695,0.0,-4.510485986190416,0.050155334650884585,14.500402019673423,57.251287431126634,71.75168945080006
8.65599999999956,7.23,7.70275895864669,0.33860172103632147,1.8843331226602427,-0.5028164686012906,-2.846724663302491,-3.0510660993993293,0.0,1.971083467047728,2.0356374993717194,0.0,0.026513966974940406,3.220162806101771,0.0,-4.448708812809579,0.036629489142739856,14.356643186696928,57.394970047005216,71.75161323370214
8.65799999999956,7.23,7.706521879489684,0.33759010028761055,1.8785617789028999,-0.5087471677130687,-2.924549574655681,-2.879727522336619,0.0,1.9711270969970514,2.0420609666461056,0.0,0.017132415747528426,3.2033047164377884,0.0,-4.387933864532505,0.02346823480578169,14.213560022903597,57.537977300058095,71.7515373229617
8.659999999999561,7.23,7.710273102268943,0.3365669604484107,1.8726351959491447,-0.5143357450079372,-3.0019634091848886,-2.708946706955615,0.0,1.9711520627371302,2.048450719608222,0.0,0.007849687610860065,3.1864486066344857,0.0,-4.328151645293987,0.010662226993791591,14.071155231447465,57.68030650303706,71.75146173448452
8.661999999999562,7.23,7.714012317330103,0.3355329846369928,1.8665541987835341,-0.5195833308051016,-3.0789633013084865,-2.538738521976504,0.0,1.9711585614969476,2.054806762881107,0.0,-0.0013346313155067485,3.1695951383233214,0.0,-4.269352559766642,-0.001797709604709212,13.929431477309471,57.82195500691003,71.7513864842195
8.663999999999563,7.23,7.717739216674639,0.33448885368096176,1.8603196183288384,-0.5244910855954046,-3.1555461787132852,-2.3691182685427767,0.0,1.9711467896976123,2.061129102400923,0.0,-0.010420935179967575,3.1527449630234203,0.0,-4.2115269160267195,-0.013920583337802056,13.788391387228856,57.96292020091171,71.75131158814057
8.665999999999563,7.23,7.721453493972153,0.3334352460560557,1.853932291857451,-0.529060200895271,-3.2317087645252376,-2.200101669097645,0.0,1.9711169429909048,2.06741774539692,0.0,-0.019409599311989947,3.135898722339693,0.0,-4.154664928248386,-0.025715237854592725,13.648037549628489,58.103199512599915,71.7512370622284
8.667999999999564,7.23,7.725154844573482,0.3323728378232601,1.847393063397758,-0.5332919000770783,-3.3074475801754213,-2.031704854939049,0.0,1.9710692162960024,2.073672700371804,0.0,-0.0283009811371802,3.119057048143439,0.0,-4.0987567194308685,-0.037190354267982936,13.508372514535163,58.24279040791777,71.75116292245293
8.669999999999565,7.23,7.728842965524606,0.33130230256428744,1.840702784134093,-0.5371874391733429,-3.382758948946007,-1.8639443524857358,0.0,1.9710038038343691,2.07989397708243,0.0,-0.037095421094045816,3.1022205627359303,0.0,-4.043792324162322,-0.0483544532208816,13.369398793495584,58.38169039125977,71.75108918475536
8.671999999999565,7.23,7.732517555581361,0.33022431131547614,1.833862312798936,-0.540748107652181,-3.4576390001782604,-1.6968370682924974,0.0,1.9709208991628149,2.0860815865208084,0.0,-0.045793243552272045,3.0853898789954997,0.0,-3.989761691423966,-0.05921589686110753,13.231118859489042,58.51989700554157,71.75101586503061
8.673999999999566,7.23,7.7361783152249135,0.32913953250016986,1.8268725160560468,-0.5439752291615797,-3.5320836741249426,-1.5304002728521722,0.0,1.9708206952047091,2.092235540895399,0.0,-0.05439475773226311,3.0685656005086317,0.0,-3.936654687437561,-0.0697828907301999,13.093535146837377,58.65740783227266,71.75094297911004
8.675999999999567,7.23,7.739824946678001,0.3280486318596412,1.8197342688732685,-0.5468701622400954,-3.606088727427155,-1.3646515832269444,0.0,1.9707033842793638,2.0983558536126425,0.0,-0.06290025862561653,3.051748321685567,0.0,-3.8844610985588828,-0.08006348557129635,12.956650051113286,58.79422049163077,71.75087054274405
8.677999999999567,7.23,7.743457153921905,0.32695227238262975,1.8124484548837663,-0.5494343009916778,-3.6796497391956833,-1.1996089445516764,0.0,1.9705691581295648,2.1044425392587107,0.0,-0.07131002791620959,3.0349386278609103,0.0,-3.8331706342194676,-0.09006557906129503,12.820465929047705,58.93033264253744,71.75079857158514
8.679999999999568,7.23,7.747074642714127,0.3258511142335677,1.8050159667345198,-0.5516690757224125,-3.7527621176748656,-1.0352906104562853,0.0,1.9704182079472718,2.110495613581443,0.0,-0.07962433490150672,3.018137095379757,0.0,-3.782772929918509,-0.09979691747246047,12.684985098437068,59.065741982733854,71.75072708117092
8.681999999999569,7.23,7.750677120606758,0.3247458146795725,1.797437706420923,-0.5535759535370693,-3.8254211074657976,-0.871715122456977,0.0,1.9702507243974632,2.1165150934724437,0.0,-0.08784343741367931,3.0013442916698265,0.0,-3.733257550266342,-0.10926509726863537,12.550209838051318,59.20044624885614,71.75065608690745
8.68399999999957,7.23,7.754264296965496,0.32363702801628763,1.7897145856063987,-0.5551564388934416,-3.897621797285416,-0.7089012883666692,0.0,1.9700668976401525,2.1225009969493103,0.0,-0.09596758274007706,2.984560775300113,0.0,-3.6846139920806196,-0.11847756664117046,12.416142387543484,59.33444321650947,71.75058560405296
8.68599999999957,7.23,7.757835882989288,0.3225254054926592,1.7818475259259794,-0.5564120741125749,-3.969359128235061,-0.54686815978146,0.0,1.969866917350553,2.1284533431379558,0.0,-0.10399700854253506,2.9677870960265285,0.0,-3.6368316875358224,-0.1274416269896216,12.282784947361508,59.46773070033963,71.75051564770114
8.68799999999957,7.23,7.761391591730562,0.3214115952347369,1.7738374592728652,-0.5573444398430895,-4.040627902552499,-0.38563500869900125,0.0,1.969650972737415,2.1343721522550254,0.0,-0.11193194377503635,2.951023794825064,0.0,-3.5899000073664538,-0.136164434352304,12.150139678663372,59.60030655410216,71.75044623276554
8.689999999999571,7.23,7.764931138116018,0.3202962421685945,1.7656853280670155,-0.5579551554779228,-4.111422792819117,-0.22522130332988866,0.0,1.9694192525595235,2.1402574455903576,0.0,-0.11977260959912266,2.9342714039129465,0.0,-3.5438082641238124,-0.1446530007916195,12.018208703235974,59.732168670727546,71.75037737396352
8.691999999999572,7.23,7.76845423896793,0.3191799879424648,1.7573920855048972,-0.55824587952194,-4.181738351592952,-0.06564668316510591,0.0,1.9691719451403689,2.146109245489475,0.0,-0.127519220296477,2.9175304467582888,0.0,-3.498545715485894,-0.15291419573908652,11.886994103418823,59.863314982381866,71.7503090858007
8.693999999999573,7.23,7.771960613025937,0.3180634708481907,1.7489586957895655,-0.5582183099089892,-4.251569021437339,0.09306906663523762,0.0,1.9689092383809998,2.1519275753360882,0.0,-0.1351719841780608,2.900801438078749,0.0,-3.4541015676196594,-0.1609547473049152,11.756497922033182,59.993743460522396,71.75024138255557
8.695999999999573,7.23,7.775449980969266,0.3169473257420928,1.740386134340318,-0.5578741842671133,-4.320909145313194,0.2509060414629847,0.0,1.9686313197710565,2.157712459534591,0.0,-0.1427311044891506,2.884084883829664,0.0,-3.4104649785944425,-0.16878124355687366,11.626722162317407,60.12345211594735,71.75017427826475
8.697999999999574,7.23,7.778922065439358,0.3158321839653602,1.7316753879812272,-0.5572152801307675,-4.389752977302481,0.40784424402276187,0.0,1.9683383763980016,2.163463923492505,0.0,-0.150196780309569,2.867381281182188,0.0,-3.367625061845048,-0.1764001337730716,11.497668787869243,60.252438998838514,71.75010778670776
8.699999999999575,7.23,7.782376591062847,0.3147186732640703,1.7228274551079252,-0.5562434150990365,-4.4580946936287456,0.56386361155913,0.0,1.9680305949545556,2.169181993602886,0.0,-0.1575692074484472,2.8506911184918984,0.0,-3.3255708896826572,-0.1838177296732659,11.369339722595889,60.38070219879687,71.75004192139275
8.701999999999575,7.23,7.7858132844748535,0.31360741770894696,1.7138433458320763,-0.5549604469389933,-4.5259284039402665,0.7189440434756627,0.0,1.9677081617443495,2.174866697226654,0.0,-0.16484857933276517,2.8340148752583922,0.0,-3.284291496851383,-0.1910402066330961,11.24173685067232,60.50823984486992,71.74997669554224
8.703999999999576,7.23,7.78923187434254,0.31249903761496733,1.7047240821030527,-0.5533682736334923,-4.593248162819538,0.8730654292678128,0.0,1.9673712626858026,2.180518062674839,0.0,-0.17203508788894686,2.817353022076345,0.0,-3.243775884127987,-0.19807360488560125,11.114862016508795,60.635050105570514,71.74991212207931
8.705999999999577,7.23,7.792632091388889,0.31139414946092936,1.6954706978063943,-0.5514688333728487,-4.6600479814828235,1.0262076766914152,0.0,1.9670200833142544,2.1861361191907016,0.0,-0.17912892441669478,2.8007060205785472,0.0,-3.204013021961964,-0.204923830714147,10.988717024728135,60.76113118888561,71.74984821361375
8.707999999999577,7.23,7.796013668416655,0.3102933658090922,1.68608423883871,-0.549264104490011,-4.726321839632527,1.1783507400865645,0.0,1.9666548087823466,2.1917208969317583,0.0,-0.1861302804543657,2.7840743233713807,0.0,-3.1649918541529014,-0.21159665764091007,10.863303640153346,60.8864813422756,71.74978498242895
8.709999999999578,7.23,7.799376340332442,0.3091972952250031,1.676565763158755,-0.5467561053389991,-4.792063697424286,1.3294746487749034,0.0,1.9662756238586878,2.1972724269516566,0.0,-0.19303934863503172,2.7674583739632417,0.0,-3.1267013015617513,-0.21809772761474722,10.73862358780635,61.011098852662684,71.74972244046903
8.711999999999579,7.23,7.802719844170857,0.30810654219762396,1.666916340814488,-0.5439468941165442,-4.857267507510273,1.479559535447418,0.0,1.9658827129248202,2.202790741181895,0.0,-0.19985632353243887,2.7508586066864056,0.0,-3.089130265852415,-0.2244325522022114,10.614678552918374,61.134982046407615,71.74966059932599
8.71399999999958,7.23,7.806043919118698,0.3070217070598718,1.657137053946001,-0.5408385686270304,-4.921927227119988,1.6285856644595427,0.0,1.965476259970498,2.2082758724133935,0.0,-0.2065814024960772,2.7342754466127843,0.0,-3.05226763325971,-0.23060651378532004,10.491470180952565,61.258129289275004,71.74959947022757
8.71599999999958,7.23,7.809348306539119,0.3059433859096854,1.647228996764281,-0.5374332659910102,-4.98603683013944,1.7765334599495581,0.0,1.9650564485873128,2.213727854277882,0.0,-0.21321478647452777,2.7177093094640883,0.0,-3.016102278379653,-0.23662486676945757,10.369000077639495,61.380538986385886,71.74953906402538
8.71799999999958,7.23,7.81263274999573,0.3048721705317312,1.6371932755058478,-0.5337331622977293,-5.049590319149237,1.9233835336955334,0.0,1.9646234619606795,2.2191467212291083,0.0,-0.21975668082627448,2.7011606015168383,0.0,-2.9806230679777093,-0.24249273880464056,10.247269809025935,61.50220958215742,71.74947939118336
8.719999999999581,7.23,7.815896995276585,0.3038086483198596,1.6270310083633899,-0.52974047220227,-5.112581737382603,2.069116712627306,0.0,1.9641774828602205,2.224532508523841,0.0,-0.22620729611716037,2.6846297195027287,0.0,-2.9458188648104944,-0.24821513202317336,10.126280901537584,61.62313956022882,71.7494204617664
8.721999999999582,7.23,7.819140790418004,0.30275340220042174,1.6167433253925971,-0.5254574484680851,-5.17500518056386,2.213714065908947,0.0,1.9637186936285629,2.229885252202685,0.0,-0.23256684890369725,2.668117050504774,0.0,-2.9116785314562024,-0.2537969242965572,10.006034842056174,61.743327443373694,71.74936228542987
8.723999999999583,7.23,7.822363885728185,0.30170701055655497,1.6063313683954679,-0.5208863814558652,-5.236854808588829,2.357156931509266,0.0,1.9632472761685864,2.2352049890706733,0.0,-0.23883556250140026,2.6516229718497173,0.0,-2.8781909341489027,-0.25924287051426387,9.886533078011327,61.862771793397656,71.74930487140898
8.725999999999583,7.23,7.8255660338105635,0.30067004715354345,1.5957962907804457,-0.5160295985598469,-5.298124857008411,2.499426942177715,0.0,1.9627634119291513,2.2404917566776463,0.0,-0.24501366773735636,2.6351478509971473,0.0,-2.8453449466116827,-0.2645576038868096,9.767777017487772,61.98147121102119,71.74924822850896
8.727999999999584,7.23,7.828746989586862,0.2996430810653577,1.5851392573998175,-0.5108894635928297,-5.358809648277856,2.6405060507456604,0.0,1.9622672818893352,2.245745593298402,0.0,-0.2511014036862427,2.6186920454257643,0.0,-2.8131294538834943,-0.2697456372753485,9.649768029348142,62.099424335747166,71.74919236509531
8.729999999999585,7.23,7.831906510319802,0.29862667660247394,1.574361444364879,-0.5054683761213331,-5.4189036027337725,2.7803765546723316,0.0,1.9617590665412168,2.2509665379126145,0.0,-0.2570990183890177,2.6022559025172365,0.0,-2.7815333561344726,-0.2748113645497807,9.532507443371843,62.216629845712774,71.74913728908462
8.731999999999585,7.23,7.8350443556354135,0.297621393241072,1.5634640388394472,-0.4997687707524787,-5.478401249263768,2.9190211197608864,0.0,1.9612389458712425,2.2561546301845286,0.0,-0.26300676955354285,2.585839759438075,0.0,-2.7505455724643877,-0.27975906197716693,9.41599655041034,62.33308645752549,71.74908300793582
8.733999999999586,7.23,7.838160287544922,0.2966277855537062,1.5524482388123726,-0.49379311637433637,-5.537297235632015,3.056422802966786,0.0,1.9607070993402,2.261309910442411,0.0,-0.2688249252363842,2.569443943019936,0.0,-2.7201550446788367,-0.2845928896419936,9.300236602559,62.44879292608298,71.74902952864198
8.735999999999587,7.23,7.841254070466149,0.2956464031415404,1.5413152528497718,-0.4875439153516187,-5.595586338427563,3.1925650742283764,0.0,1.960163705861865,2.266432419657754,0.0,-0.27455376450506674,2.5530687696387786,0.0,-2.6903507410377685,-0.28931689289960755,9.185228813346033,62.563748044376084,71.74897685772211
8.737999999999587,7.23,7.844325471244403,0.2946777905682347,1.5300662998277679,-0.48102370267875183,-5.653263472602096,3.3274318372495095,0.0,1.959608943780327,2.2715221994242425,0.0,-0.2801935780801128,2.5367145450932584,0.0,-2.661121659970865,-0.2939350038639504,9.070974357938526,62.677950643275224,71.74892500121375
8.739999999999588,7.23,7.847374259172821,0.2937224872955668,1.5187026086465936,-0.4742350450924847,-5.710323700565344,3.4610074491674503,0.0,1.959042990846062,2.2765792919364825,0.0,-0.2857446689561882,2.520381564482763,0.0,-2.632456833754349,-0.29845104293046265,8.957474373365908,62.79139959130002,71.74887396466593
8.741999999999589,7.23,7.850400206012112,0.29278102762086705,1.50722541792697,-0.46718054014632837,-5.766762240808872,3.593276739044775,0.0,1.9584660241907788,2.281603739968478,0.0,-0.2912073530017051,2.504070112085447,0.0,-2.6043453321437675,-0.3028687203347978,8.844729958760977,62.904093794371526,71.7488237531325
8.74399999999959,7.23,7.8534030860096795,0.29185394061634007,1.4956359756897337,-0.4598628152492393,-5.82257447602893,3.724225025124258,0.0,1.9578782203010923,2.2865955868518686,0.0,-0.2965819595362806,2.4877804612366585,0.0,-2.5767762659574114,-0.307191637747785,8.732742175618663,63.01603219554728,71.74877437116595
8.74599999999959,7.23,7.856382675918091,0.2909417500703434,1.4839355390197415,-0.4522845266710744,-5.877755960722587,3.8538381307933145,0.0,1.9572797549910628,2.291554876453912,0.0,-0.3018688318854565,2.4715128742080883,0.0,-2.549738790605001,-0.31142328990683005,8.621512048072551,63.12721377473882,71.74872582281137
8.74799999999959,7.23,7.859338755012859,0.29004497443068583,1.47212537371513,-0.44444835851745124,-5.932302428232046,3.982102399206318,0.0,1.956670803373647,2.2964816531552543,0.0,-0.3070683279121713,2.455267602087994,0.0,-2.5232221095564387,-0.31556706628377895,8.511040563189317,63.237637548412216,71.74867811160154
8.749999999999591,7.23,7.862271105109499,0.28916412675000447,1.4602067539230577,-0.4363570216767444,-5.986209797214634,4.109004706518838,0.0,1.9560515398311127,2.3013759618274348,0.0,-0.31218082052441753,2.4390448846628368,0.0,-2.4972154777454953,-0.3196262527889602,8.401328671281025,63.34730256927071,71.74863124055173
8.751999999999592,7.23,7.86517951057986,0.2882997146332734,1.448180961763099,-0.42801325274203816,-6.039474177517226,4.2345324736907175,0.0,1.955422137984462,2.306237847810163,0.0,-0.31720669815863256,2.422844950300628,0.0,-2.471708204903413,-0.323604033510988,8.292377286235368,63.45620792591995,71.74858521215532
8.753999999999593,7.23,7.868063758367678,0.287452240187491,1.4360492869395,-0.4194198129109328,-6.0920918754377755,4.358673676823519,0.0,1.9547827706619096,2.3110673568883713,0.0,-0.3221463652383917,2.4066680158363094,0.0,-2.4466896588175784,-0.3275034924916926,8.184187285863688,63.564352742515965,71.74854002837965
8.755999999999593,7.23,7.8709236380033545,0.28662219997358723,1.4238130263435402,-0.41057948686617285,-6.144059398355812,4.481416855996351,0.0,1.9541336098664739,2.3158645352690335,0.0,-0.32700024260797345,2.3905142864594477,0.0,-2.4221492685105694,-0.33132761553530155,8.076759512266888,63.67173617839572,71.74849569066261
8.757999999999594,7.23,7.87375894161792,0.2858100849605866,1.411473483647272,-0.401495081640124,-6.195373458719928,4.602751122577318,0.0,1.9534748267427198,2.320629429557766,0.0,-0.3317687679404514,2.374383955604518,0.0,-2.3980765273350486,-0.3350792920508528,7.970094772218879,63.778357427690395,71.74845219990928
8.759999999999595,7.23,7.876569463956187,0.28501638048205546,1.3990319688899415,-0.39216942546617284,-6.2460309773792115,4.722666164985966,0.0,1.952806591542717,2.3253620867352116,0.0,-0.3364523961199694,2.358277204844056,0.0,-2.374460995980201,-0.33876131692659744,7.86419383756763,63.88421571892174,71.74840955648936
8.761999999999595,7.23,7.879355002389064,0.28424156619485724,1.3864897980584103,-0.3826053666201654,-6.296029086249364,4.841152252890252,0.0,1.9521290735912582,2.330062554133202,0.0,-0.34105159959790576,2.3421942037849064,0.0,-2.3512923053855843,-0.34237639243498186,7.759057445653539,63.98931031458114,71.74836776023469
8.763999999999596,7.23,7.882115356925029,0.2834861160402319,1.373848292662914,-0.3728057722550244,-6.345365130307739,4.958200239829147,0.0,1.9514424412503875,2.334730879410739,0.0,-0.34556686872271053,2.3261351099678245,0.0,-2.3285601595585446,-0.34592713016667026,7.65468629974489,64.09364051069257,71.74832681043746
8.765999999999597,7.23,7.884850330220744,0.2827504982072106,1.3611087793095091,-0.36277352723170403,-6.394036668911253,5.073801564251827,0.0,1.9507468618832995,2.3393671105297553,0.0,-0.3499987120431544,2.310100068770652,0.0,-2.3062543382915464,-0.3494160529918223,7.55108106949022,64.19720563635849,71.74828670584871
8.767999999999597,7.23,7.887559727590826,0.2820351750983694,1.3482725892705594,-0.3525115329496481,-6.442041476436686,5.187948248976165,0.0,1.9500425018176604,2.343971295730696,0.0,-0.3543476565848525,2.2940892133152695,0.0,-2.2843646997760345,-0.3528455970467773,7.44824239138726,64.30000505328996,71.74824744467722
8.769999999999598,7.23,7.890243357016741,0.28134060329791966,1.335341058054622,-0.3420227061799101,-6.489377542242716,5.300632899069276,0.0,1.9493295263083972,2.348543483507922,0.0,-0.358614248099928,2.278102664378534,0.0,-2.26288118310973,-0.35621811374411816,7.346170869268153,64.40203815532081,71.74820902458896
8.771999999999599,7.23,7.892901029154853,0.28066723354212725,1.3223155249770844,-0.3313099779040803,-6.536043069957329,5.41184869816212,0.0,1.9486080995000197,2.3530837225849273,0.0,-0.3627990512896963,2.2621405303073883,0.0,-2.2417938106945203,-0.35953587180393604,7.24486707480059,64.50330436790603,71.74817144270662
8.7739999999996,7.23,7.895532557343604,0.28001551069204544,1.3091973327328963,-0.32037629216213825,-6.582036476095488,5.52158940321293,0.0,1.9478783843885195,2.357592061889406,0.0,-0.36690265000034716,2.2462029069383025,0.0,-2.221092690522399,-0.36280105930405737,7.144331548004533,64.60380314760553,71.74813469561006
8.7759999999996,7.23,7.898137757609856,0.2793858737085404,1.2959878269727316,-0.30922460491231213,-6.62735638801494,5.62984933774099,0.0,1.9471405427829092,2.362068550528144,0.0,-0.3709256473915658,2.2302898775212365,0.0,-2.2007680183472194,-0.36601578574681165,7.044564797784038,64.70353398155245,71.74809877933649
8.7779999999996,7.23,7.900716448674374,0.2787787556295826,1.2826883558838909,-0.29785788290597814,-6.6720016412202385,5.736623383556834,0.0,1.9463947352664503,2.366513237761785,0.0,-0.37486866607815716,2.214401512648251,0.0,-2.1808100797403176,-0.3691820841399108,6.94556730247388,64.80249638690779,71.74806368938167
8.779999999999601,7.23,7.903268451956493,0.2781945835497709,1.2693002697772366,-0.28627910258057754,-6.7159712760278305,5.841906971021196,0.0,1.9456411211576208,2.370926172979435,0.0,-0.37873234824466917,2.1985378701869163,0.0,-2.1612092520283657,-0.3723019130888196,6.847339510400303,64.90068991030063,71.74802942070093
8.781999999999602,7.23,7.905793591577953,0.27763377860205013,1.2558249206814283,-0.27449124897345833,-6.759264533606054,5.945696067867305,0.0,1.9448798584708864,2.375307405673168,0.0,-0.38251735573316437,2.1826989952186553,0.0,-2.1419560061121556,-0.37537715889804274,6.749881840455673,64.99811412725546,71.74799596771113
8.783999999999603,7.23,7.9082916943659365,0.2770967559415781,1.2422636619456857,-0.2624973146594746,-6.801880851407292,6.0479871666283636,0.0,1.9441111038773178,2.3796569854123772,0.0,-0.38622437010418714,2.1668849199821345,0.0,-2.123040908165319,-0.37840963767855856,6.653194682686304,65.0947686416061,71.7479633242924
8.785999999999603,7.23,7.910762589855323,0.27658392473169097,1.2286178478522811,-0.25030029871508624,-6.843819858012009,6.148777270717491,0.0,1.9433350126651174,2.3839749618180486,0.0,-0.389854092671141,2.1510956638218204,0.0,-2.1044546212123074,-0.38140109745870965,6.557278398893011,65.19065308489749,71.7479314837905
8.787999999999604,7.23,7.913206110290173,0.27609568813191193,1.214888833239915,-0.2379032057116078,-6.8850813674045614,6.248063879207992,0.0,1.9425517387001008,2.388261384536921,0.0,-0.3934072445082182,2.135331233141798,0.0,-2.0861879065852853,-0.3843532202957219,6.462133323243869,65.2857671157758,71.74790043901967
8.789999999999605,7.23,7.915622090624478,0.27563244328794195,1.201077973139088,-0.22530904474014957,-6.925665372704406,6.345844970369641,0.0,1.9417614343861858,2.3925163032155696,0.0,-0.39688456643210857,2.119591621364955,0.0,-2.06823162525992,-0.3872676243850482,6.367759762898469,65.38011041936718,71.74787018226566
8.791999999999605,7.23,7.918010368522185,0.27519458132356717,1.1871866224205347,-0.21252082847068088,-6.965572039378058,6.4421189840206505,0.0,1.940964250625953,2.3967397674743993,0.0,-0.40028681895770124,2.103876808897617,0.0,-2.0505767390703693,-0.39014586616467556,6.274157998643249,65.47368270664563,71.74784070528888
8.793999999999606,7.23,7.920370784356544,0.2747824873344118,1.173216135457732,-0.1995415722475243,-7.004801697957637,6.536884802755891,0.0,1.9401603367813105,2.400931826881586,0.0,-0.403614782228072,2.0881867630997206,0.0,-2.033214311804085,-0.3929894424115818,6.181328285537062,65.56648371379129,71.74781199932835
8.795999999999607,7.23,7.9227031812087825,0.27439654038346195,1.159167865804438,-0.18637429322346036,-7.04335483629502,6.63014173211894,0.0,1.9393498406343317,2.405092530926956,0.0,-0.40686925591901313,2.072521438260593,0.0,-2.0161355101773704,-0.39579979232746726,6.089270853566577,65.65851320153885,71.74778405510543
8.797999999999607,7.23,7.925007404866158,0.27403711349828097,1.1450431658881641,-0.17302200953448696,-7.081232091381467,6.7218894797873,0.0,1.9385329083483056,2.4092219289958274,0.0,-0.4100510591184297,2.056880775580424,0.0,-1.9993316046929601,-0.39857829961095026,5.9979859083106515,65.74977095451757,71.74775686282823
8.799999999999608,7.23,7.927283303819418,0.2737045736698328,1.1308433867204157,-0.15948773951713555,-7.118434240764067,6.812128133843271,0.0,1.9377096844290542,2.413320070342813,0.0,-0.413161030180918,2.041264703157483,0.0,-1.982793970381168,-0.4013262945134039,5.907473631613147,65.84025678058292,71.74773041219606
8.801999999999609,7.23,7.929530729259683,0.2733992818528269,1.1165698776244748,-0.14577450097009562,-7.1549621935921595,6.9008581402069735,0.0,1.9368803116865623,2.417387004065623,0.0,-0.41620002655789623,2.025673135981161,0.0,-1.9665140874264746,-0.40404505587568185,5.8177341822634165,65.92997051014122,71.74770469240464
8.80399999999961,7.23,7.931749535074823,0.2731215929674942,1.1022239859814331,-0.13188531046174756,-7.190816981327386,6.98808027930893,0.0,1.9360449311969785,2.4214227790788225,0.0,-0.41916892460359445,2.010105975930896,0.0,-1.9504835416817239,-0.4067358131429412,5.728767696683823,66.01891199546674,71.74767969215056
8.80599999999961,7.23,7.933939577845328,0.2728718559027008,1.0878070569951113,-0.11782318268504201,-7.225999748153195,7.073795642084368,0.0,1.93520368226502,2.4254274440876347,0.0,-0.4220686193573635,1.994563111781035,0.0,-1.9346940250723577,-0.40939974835495435,5.6405742896235465,66.10708111001375,71.7476553996373
8.80799999999961,7.23,7.936100716839738,0.2726504135203035,1.0733204334764292,-0.10359112986100094,-7.260511741119394,7.158005605370803,0.0,1.9343567023868415,2.4294010475617283,0.0,-0.4249000243026167,1.979044419211706,0.0,-1.9191373358934347,-0.4120379981092019,5.553154054857998,66.19447774772239,71.74763180258039
8.809999999999611,7.23,7.938232814009659,0.27245760266064883,1.0587654556477222,-0.0891921611919483,-7.294354300059828,7.240711806795825,0.0,1.9335041272134048,2.4333436377090587,0.0,-0.4276640711028702,1.9635497608257482,0.0,-1.9038053790024068,-0.4146516554942382,5.4665070658930555,66.28110182232066,71.74760888821372
8.811999999999612,7.23,7.940335733984402,0.27229375414911505,1.0441434609674158,-0.07462928236540436,-7.327528847320462,7.321916119240158,0.0,1.932646090514405,2.4372552624497192,0.0,-0.4303617093152371,1.9480789861717698,0.0,-1.888690165910923,-0.41724177199077594,5.380633376673464,66.36695326662176,71.74758664329522
8.813999999999613,7.23,7.942409344065303,0.2721591928035951,1.0294557839754037,-0.05990549510940439,-7.360036877336666,7.401620624964404,0.0,1.9317827241427836,2.441135969389875,0.0,-0.4329939060818621,1.9326319317733867,0.0,-1.8737838147791468,-0.4198093593381285,5.295533022294597,66.452032031819,71.7475650541136
8.815999999999613,7.23,7.944453514219743,0.27205423744281687,1.014703756159387,-0.04502379679982553,-7.3918799460993645,7.479827589489537,0.0,1.930914157999891,2.4449858057957337,0.0,-0.435561645799667,1.9172084211647145,0.0,-1.859078550316332,-0.4223553913636146,5.211206019716887,66.53633808677756,71.74754410649444
8.817999999999614,7.23,7.946468117074934,0.2719792008953967,0.9998887058423603,-0.02998718012012401,-7.423059660549732,7.556539435321245,0.0,1.9300405200013204,2.44880481856762,0.0,-0.4380659297689016,1.9018082649321695,0.0,-1.8445667035916018,-0.42488080577272747,5.127652368482129,66.61987141732534,71.74752378580747
8.819999999999615,7.23,7.94845302791149,0.27193439000952035,0.9850119580913476,-0.014798632773706225,-7.453577667941515,7.631758715606942,0.0,1.92916193604347,2.4525930542141183,0.0,-0.4405077758208924,1.886431260762648,0.0,-1.8302407117591033,-0.42738650589786353,5.044872051430949,66.70263202554219,71.74750407697313
8.821999999999615,7.23,7.9504081246568425,0.27192010566314717,0.97007483464741,0.0005388627510262266,-7.483435645212569,7.705488087819378,0.0,1.9282785299708722,2.4563505588263377,0.0,-0.4428882179254785,1.8710771934981703,0.0,-1.8160931177019106,-0.429873362403587,4.96286503542069,66.78461992904948,71.74748496447017
8.823999999999616,7.23,7.952333287878537,0.27193664277463103,0.9550786538768693,0.01602232936309986,-7.512635288405284,7.7777302875567695,0.0,1.927390423544326,2.4600773780522687,0.0,-0.44520830577854387,1.8557458351970388,0.0,-1.802116569599203,-0.4323422149464311,4.88163127204293,66.86583516029964,71.74746643234256
8.825999999999617,7.23,7.9542284007774535,0.27198429031365406,0.9400247307436078,0.03164879549918459,-7.541178302176253,7.8484881025506255,0.0,1.9264977364098717,2.4637735570712898,0.0,-0.44746910437013887,1.8404369452016134,0.0,-1.788303820421448,-0.43479387378741347,4.801170698339902,66.94627776586742,71.74744846420732
8.827999999999617,7.23,7.956093349180988,0.27206333131236915,0.9249143768022259,0.047415295202109395,-7.569066389435514,7.917764346972404,0.0,1.9256005860686503,2.467439140568813,0.0,-0.4496716935336255,1.8251502702127729,0.0,-1.774647727358456,-0.4372291213554959,4.721483237519119,67.02594780574313,71.74743104326225
8.829999999999618,7.23,7.957928021536247,0.2721740428766481,0.9097489002117575,0.06331886814836546,-7.5963012411556425,7.9855618361297465,0.0,1.9246990878476855,2.4710741727110745,0.0,-0.4518171674762922,1.8098855443711614,0.0,-1.7611412511853082,-0.4396487137603318,4.642568799665375,67.10484535262836,71.74741415229373
8.831999999999619,7.23,7.959732308903287,0.2723166961973346,0.8945296057695659,0.07935655962546447,-7.622884526389636,8.0518833616403,0.0,1.9237933548716177,2.4746786971201002,0.0,-0.4539066342919136,1.7946424893453048,0.0,-1.7477774555712984,-0.4420533822527867,4.564427282449462,67.18297049123535,71.74739777368481
8.83399999999962,7.23,7.9615061049484375,0.2724915565614027,0.8792577949649601,0.09552542046019966,-7.648817882538313,8.116731667174609,0.0,1.9228834980354343,2.4782527568488626,0.0,-0.45594121545570776,1.7794208144266985,0.0,-1.7345495063371243,-0.44444383463180215,4.487058571832849,67.26032331759066,71.74738188942351
8.83599999999962,7.23,7.963249305937762,0.27269888336292347,0.8639347660519975,0.11182250689902909,-7.674102905903939,8.180109424851091,0.0,1.9219696259782277,2.4817963943566195,0.0,-0.4579220453021328,1.7642202166319807,0.0,-1.721450670665672,-0.44682075659627896,4.410462542767588,67.33690393834348,71.74736648111107
8.83799999999962,7.23,7.964961810730667,0.2729389301137459,0.8485618141408577,0.12824488044197768,-7.698741142569944,8.242019212372538,0.0,1.9210518450580087,2.4853096514844832,0.0,-0.45985027048600513,1.749040380812279,0.0,-1.7084743162717948,-0.4491848130408025,4.334639059890755,67.41271247008004,71.74735152997079
8.839999999999621,7.23,7.966643520773729,0.2732119444538006,0.8331402313071028,0.14478960763162138,-7.722734079643325,8.302463490986543,0.0,1.9201302593276224,2.488792569431193,0.0,-0.4617270494273614,1.7338809797698669,0.0,-1.695613910536576,-0.4515366492940921,4.259587978212694,67.48774903864361,71.7473370168563
8.841999999999622,7.23,7.968294340094744,0.27351816816093727,0.817671306718058,0.16145375979888354,-7.74608313689551,8.361444584350558,0.0,1.9192049705117853,2.492245188729144,0.0,-0.46355355174055624,1.718741674382238,0.0,-1.6828630196115917,-0.45387689229923317,4.185309143798419,67.56201377846224,71.74732292226066
8.843999999999623,7.23,7.96991417529705,0.27385783716021306,0.8021563267754822,0.17823441276753704,-7.768789658839022,8.418964658385082,0.0,1.918276077985278,2.495667549220673,0.0,-0.465330957648039,1.7036221137337164,0.0,-1.6702153074987227,-0.45620615173481766,4.111802394441423,67.63550683188382,71.74730922632524
8.845999999999623,7.23,7.971502935554155,0.2742311815325497,0.786596575273622,0.19512864651946088,-7.7908549072725455,8.475025702188727,0.0,1.9173436787523297,2.499059690034611,0.0,-0.4670604573792647,1.6885219352547474,0.0,-1.6576645351110963,-0.458525021076239,4.039067560329279,67.70822834851978,71.74729590884905
8.847999999999624,7.23,7.97306053260469,0.2746384255226839,0.7709933335716778,0.21213354482285465,-7.812280054328812,8.529629510092242,0.0,1.9164078674272176,2.502421649563108,0.0,-0.4687432505551927,1.6734407648689862,0.0,-1.6452045593207165,-0.4608340785964968,3.9671044647003395,67.78017848459722,71.74728294929756
8.849999999999625,7.23,7.974586880747725,0.27507978754633905,0.7553478807796447,0.22924619482575992,-7.833066176057368,8.582777664923718,0.0,1.9154687362161091,2.5057534654387856,0.0,-0.4703805455588707,1.6583782171483226,0.0,-1.6328293319983342,-0.46313388830601704,3.8959129244908963,67.85135740232145,71.74727032681236
8.851999999999626,7.23,7.976081896838461,0.2755554801965515,0.7396614939564282,0.24646368661738005,-7.853214246572548,8.634471522553099,0.0,1.9145263749001793,2.509055174512196,0.0,-0.4719735588925396,1.6433338954759877,0.0,-1.6205328990510854,-0.46542500083103855,3.8254927509721908,67.92176526924854,71.74725802022073
8.853999999999626,7.23,7.977545500284344,0.2760657102490893,0.7239354483190733,0.26378311275982474,-7.87272513279637,8.68471219778291,0.0,1.9135808708200273,2.512326812829606,0.0,-0.4735235145217323,1.6283073922178741,0.0,-1.608309399463359,-0.46770795423025696,3.7558437503766147,67.99140225766848,71.7472460080451
8.855999999999627,7.23,7.9789776130415895,0.2766106786669071,0.7081710174618893,0.2812015677930347,-7.89159958982416,8.733500551647667,0.0,1.9126323088614137,2.515568415611147,0.0,-0.47503164320686475,1.6132982889022125,0.0,-1.5961530643463069,-0.4699832747495446,3.6869657245125356,68.06026854400032,71.74723426851286
8.857999999999628,7.23,7.9803781596121715,0.27719058060358653,0.6923694735841992,0.2987161477157629,-7.90983825693901,8.780837180180955,0.0,1.9116807714423518,2.518780017229322,0.0,-0.4764991818227856,1.5983061564077512,0.0,-1.5840582160013241,-0.4722514775146316,3.618858471367151,68.12836430819911,71.74722277956626
8.859999999999628,7.23,7.981747067041262,0.27780560540571725,0.6765320877253909,0.31632394944560427,-7.9274416542996455,8.826722404705361,0.0,1.9107263385015658,2.5219616511879104,0.0,-0.47792737266678864,1.5833305551605734,0.0,-1.5720192670027324,-0.4745130671617669,3.551521785696791,68.19568973317567,71.74721151887246
8.861999999999629,7.23,7.983084264915151,0.2784559366141793,0.6606601300058995,0.3340220702611711,-7.944410180324285,8.87115626369647,0.0,1.9097690874883508,2.5251133501012557,0.0,-0.4793174627555709,1.5683710353397016,0.0,-1.560030719304798,-0.4767685384064524,3.484955459604156,68.26224500422948,71.74720046383364
8.86399999999963,7.23,7.984389685359656,0.2791417519642949,0.644754869872709,0.35180760722961085,-7.96074410979168,8.914138506268653,0.0,1.9088090933538413,2.528235145673995,0.0,-0.48067070311167814,1.5534271370916126,0.0,-1.5480871633780697,-0.4790183765504903,3.4191592831018904,68.32803030849531,71.7471895915972
8.86599999999963,7.23,7.985663263039023,0.27986322338482356,0.6288175763479185,0.3696776566227514,-7.976443592677516,8.95566858732403,0.0,1.907846428543726,2.5313270686812057,0.0,-0.4819883480399274,1.5384983907538154,0.0,-1.5361832773799202,-0.4812630579276237,3.354133044662069,68.39304583440413,71.7471788790662
8.86799999999963,7.23,7.986904935155323,0.2806205169957801,0.6128495182788861,0.3876293133252418,-7.991508653743411,8.995745664403717,0.0,1.9068811629924112,2.5343891489490264,0.0,-0.48327165439437936,1.5235843170876013,0.0,-1.5243138263639697,-0.48350305028821505,3.2898765317510223,68.4572917711588,71.74716830290981
8.869999999999632,7.23,7.988114641448357,0.2814137931050648,0.5968519645884305,0.40565967023812466,-8.005939192893186,9.034368596274875,0.0,1.9059133641186645,2.5374214153357433,0.0,-0.48452188083638603,1.5086844275201061,0.0,-1.5124736615329553,-0.48573881312344674,3.2263895313490853,68.5207683082249,71.74715783957399
8.871999999999632,7.23,7.989292324196055,0.2822432062038983,0.5808261845235411,0.42376581768134264,-8.019734986308105,9.071535943280589,0.0,1.9049430968227479,2.540423895713372,0.0,-0.48574028708429984,1.4937982243957868,0.0,-1.5006577195393853,-0.4879707979296669,3.163671830454778,68.58347563483746,71.74714746529223
8.873999999999633,7.23,7.990437928215369,0.28310890496106383,0.5647734479010312,0.4419448427987277,-8.032895688371843,9.107245969477358,0.0,1.903970423485062,2.5433966169497477,0.0,-0.4869281331554186,1.4789252012374285,0.0,-1.488861021838141,-0.49019944841356966,3.101723216573028,68.6454139395233,71.74713715609633
8.875999999999634,7.23,7.991551400863656,0.2840110322159647,0.5486950253485453,0.4601938289690669,-8.045420834391852,9.141496646576192,0.0,1.9029954039663108,2.5463396048911586,0.0,-0.48808667860079324,1.4640648430167715,0.0,-1.4770786740949768,-0.49242520063902806,3.0405434781869882,68.70658340964044,71.74712688782743
8.877999999999634,7.23,7.992632692040538,0.28494972497051296,0.532592188539321,0.4785098552268676,-8.057309844123177,9.17428565970177,0.0,1.902018095609207,2.5492528843455107,0.0,-0.4892171817334956,1.449216626434847,0.0,-1.4653058656546414,-0.4946484831164416,2.980132405213099,68.76698423093399,71.74711663614708
8.879999999999635,7.23,7.993681754190216,0.28592511437987256,0.5164662104191006,0.4968899956964624,-8.068562026096487,9.205610414974775,0.0,1.9010385532417184,2.5521364790660925,0.0,-0.4903208988510407,1.4343800202120822,0.0,-1.4535378690720986,-0.4968697168356266,2.9204897894390087,68.82661658710963,71.74710637654863
8.881999999999636,7.23,7.994698542304236,0.2869373257420869,0.5003183654235814,0.5153313190431034,-8.079176582750106,9.235468048918229,0.0,1.9000568291818896,2.554990411735893,0.0,-0.4913990834525792,1.4195544853882525,0.0,-1.4417700397101114,-0.49908931524327144,2.861615424944038,68.8854806594242,71.74709608436824
8.883999999999636,7.23,7.9956830139246815,0.2879864784866287,0.48414992968480036,0.5338308879446905,-8.089152616363506,9.263855439683292,0.0,1.8990729732442182,2.5578147039525634,0.0,-0.4924529854516186,1.4047394756322926,0.0,-1.4299978154061357,-0.5013076841661839,2.8035091085018564,68.94357662629479,71.74708573479664
8.885999999999637,7.23,7.996635129147758,0.28907268616191684,0.46796218122485395,0.552385758587762,-8.09848913578667,9.290769220083607,0.0,1.898087032747622,2.560609376213981,0.0,-0.49348385038494647,1.38993443756201,0.0,-1.4182167162112524,-0.5035252216815445,2.7461706399650945,69.00090466292536,71.74707530289047
8.887999999999638,7.23,7.997554850627755,0.2901960564218526,0.4517564001353723,0.5709929801913455,-8.107185063955729,9.316205792418291,0.0,1.897099052524979,2.5633744479044895,0.0,-0.4944929186185485,1.375138811073685,0.0,-1.4064223442035462,-0.5057423179355576,2.689599822631613,69.05746494095253,71.74706476358413
8.889999999999638,7.23,7.998442143581354,0.29135669101143435,0.43553386874118294,0.5896495945622284,-8.115239246185041,9.340161345063038,0.0,1.8961090749342735,2.56610993728178,0.0,-0.4954814245512601,1.3603520296815617,0.0,-1.3946103833780694,-0.5079593549119036,2.6337964635922466,69.11325762810932,71.74705409170157
8.891999999999639,7.23,7.999296975792242,0.2925546857515173,0.4192958717466272,0.6083526356851493,-8.12265045921945,9.362631870795038,0.0,1.8951171398713196,2.568815861464485,0.0,-0.49645059581699313,1.3455735208671533,0.0,-1.3827765996151975,-0.5101767061515592,2.578760374059712,69.16828288790839,71.7470432619681
8.89399999999964,7.23,8.000119317616003,0.293790130522791,0.40304369636302495,0.627099129351347,-8.12941742103127,9.38361318681867,0.0,1.8941232847840959,2.5714922364204633,0.0,-0.4974016524863467,1.3308027064383339,0.0,-1.3709168407289063,-0.5123947364255809,2.524491369678613,69.22254087934387,71.74703224902248
8.89599999999964,7.23,8.000909141985238,0.2950631092490557,0.38677863241581883,0.6458860928288221,-8.135538801339784,9.403100956444588,0.0,1.8931275446886646,2.574139076955823,0.0,-0.4983358062684806,1.3160390028980897,0.0,-1.3590270365961377,-0.5146138013625761,2.470989270816289,69.2760317566127,71.74702102742899
8.89799999999964,7.23,8.001666424414893,0.2963736998798831,0.3705019724299751,0.664710534577571,-8.141013232830971,9.421090712374337,0.0,1.892129952186699,2.5767563967046843,0.0,-0.49925425971413917,1.301281821822843,0.0,-1.3471031993681342,-0.5168342470326517,2.4182539028344587,69.32875566885525,71.74700957168972
8.899999999999642,7.23,8.00239114300771,0.2977219743727555,0.3542150116922667,0.6835694540129482,-8.145839323050872,9.437577881533171,0.0,1.8911305374845861,2.579344208119724,0.0,-0.500158205420757,1.2865305702501662,0.0,-1.335141423764239,-0.5190564094897377,2.3662850963414854,69.38071275991545,71.74699785625694
8.901999999999642,7.23,8.003083278459805,0.29910799867478227,0.3379190482891211,0.7024598413201872,-8.15001566694236,9.452557811385901,0.0,1.8901293284141325,2.581902522463482,0.0,-0.501048825240575,1.2717846510757456,0.0,-1.3231378874483686,-0.5212806142742294,2.3150826874252504,69.43190316812027,71.74698585554552
8.903999999999643,7.23,8.003742814066277,0.300531832704099,0.3216153831187768,0.7213786773229819,-8.15354085999394,9.466025797667914,0.0,1.8891263504548412,2.5844313498004863,0.0,-0.5019272894927718,1.2570434634593584,0.0,-1.311088851487969,-0.523507175878031,2.2646465178665576,69.48232702607888,71.74697354394543
8.905999999999644,7.23,8.004369735726822,0.3019935303310601,0.30530531987656084,0.7403229334088777,-8.156413511963938,9.477977113452003,0.0,1.8881216267577614,2.586930698990188,0.0,-0.5027947561805974,1.2423064032396374,0.0,-1.298990660894947,-0.5257363971741212,2.2149764353330665,69.53198446050115,71.74696089583422
8.907999999999644,7.23,8.004964031951294,0.30349313935934097,0.2889901650121731,0.7592895715140672,-8.15863226114279,9.488407039470175,0.0,1.8871151781708975,2.589400577680756,0.0,-0.5036523702145653,1.2275728633573473,0.0,-1.2868397452477047,-0.527968568812885,2.166072293553771,69.58087559203629,71.74694788559006
8.909999999999645,7.23,8.005525693865142,0.30503070150707184,0.2726712276579432,0.7782755441700067,-8.160195789111082,9.497310895598371,0.0,1.8861070232661663,2.591840992303697,0.0,-0.5045012626427278,1.212842234286864,0.0,-1.2746326193930413,-0.530203968587476,2.1179339524740537,69.62900053513022,71.74693448760426
8.911999999999646,7.23,8.006054715214677,0.30660625238812783,0.256349819527111,0.7972777946140882,-8.161102835950064,9.504684073410157,0.0,1.8850971783678834,2.5942519480693713,0.0,-0.5053425498891475,1.1981139044755207,0.0,-1.2623658842263445,-0.5324428607706249,2.070561278391403,69.67635939790296,71.74692067629437
8.913999999999646,7.23,8.006551092372113,0.30821982149370636,0.2400272547812728,0.8162932569664031,-8.16135221585774,9.510522069697187,0.0,1.8840856575827687,2.5966334489633693,0.0,-0.5061773330016418,1.1833872607904445,0.0,-1.2500362275481367,-0.5346854954253184,2.023954144071882,69.72295228204473,71.74690642611661
8.915999999999647,7.23,8.007014824340303,0.309871432174326,0.2237048498662314,0.8353188564744225,-8.160942833120552,9.514820520847723,0.0,1.883072472831438,2.5989854977438185,0.0,-0.5070066969099549,1.1686616889724644,0.0,-1.2376404249946564,-0.5369321076919108,1.9781124288474983,69.76877928273188,71.74689171157938
8.917999999999648,7.23,8.007445912757108,0.31156110162238354,0.2073839233155887,0.8543515098272019,-8.15987369838993,9.517575237972444,0.0,1.8820576338813724,2.6013080959395927,0.0,-0.507831709695469,1.1539365740966563,0.0,-1.2251753410398687,-0.5391829170542353,1.933036018694615,69.81384048856167,71.74687650725627
8.919999999999648,7.23,8.007844361899362,0.3132888408554104,0.19106579552152686,0.873388125540484,-8.158143945208327,9.518782242656844,0.0,1.8810411483813378,2.603601243849427,0.0,-0.5086534218736106,1.1392113010390392,0.0,-1.2126379300658847,-0.5414381265873758,1.8887248062936073,69.85813598150507,71.74686078779868
8.921999999999649,7.23,8.008210178686326,0.3150546547001712,0.1747517884723332,0.8924256044138331,-8.155752846729664,9.518437803219847,0.0,1.8800230218972178,2.6058649405420127,0.0,-0.5094728656901475,1.1244852549488966,0.0,-1.2000252374984772,-0.5436979221898591,1.845178691069968,69.90166583687943,71.74684452794939
8.92399999999965,7.23,8.008543372682587,0.31685854177774886,0.15844322545633915,0.9114608400606862,-8.15269983257509,9.51653847134958,0.0,1.8790032579492495,2.608099183857005,0.0,-0.5102910544325142,1.1097578217261852,0.0,-1.18733440100403,-0.5459624718030028,1.8023975792171396,69.94443012333835,71.74682770255549
8.92599999999965,7.23,8.008843956100336,0.3187004944897641,0.1421414307320621,0.9304907195119425,-8.148984505764174,9.513081118985212,0.0,1.87798185805061,2.610303970407015,0.0,-0.5111089817573784,1.095028388503432,0.0,-1.1745626517439407,-0.5482319246202906,1.7603813837013056,69.98642890288028,71.74681028658158
8.92799999999965,7.23,8.009111943800955,0.32058049900587526,0.1258477291644603,0.9495121238934531,-8.144606659660262,9.508062975310914,0.0,1.8769588217473416,2.6124792955805525,0.0,-0.511927621035606,1.0802963441315083,0.0,-1.161707315682184,-0.5505064102896233,1.7191300242484888,70.02766223087434,71.74679225512283
8.929999999999652,7.23,8.009347353295828,0.32249853525270733,0.10956344582733529,0.9685219291774942,-8.139566294866864,9.501481663723425,0.0,1.8759341466595556,2.6146251535459633,0.0,-0.5127479247158289,1.065561079668616,0.0,-1.148765814941444,-0.5527860381113937,1.6786434273142556,70.0681301561041,71.74677358341836
8.931999999999652,7.23,8.009550204746345,0.32445457690435786,0.09328990557204447,0.9875170070080327,-8.133863636010652,9.493335238632241,0.0,1.8749078285239063,2.6167415372563148,0.0,-0.5135708237077629,1.050821988871818,0.0,-1.135735669202947,-0.555070896235304,1.638921526036408,70.10783272082756,71.74675424686397
8.933999999999653,7.23,8.009720520962988,0.3264485913746269,0.07702843256281384,1.0064942255993066,-8.127499148347201,9.483622221952071,0.0,1.8738798612372594,2.618828438455307,0.0,-0.5143972267864733,1.036078468690377,0.0,-1.1226144971448377,-0.5573610508589456,1.5999642601710293,70.14676996085454,71.74673422102558
8.935999999999654,7.23,8.00985832740347,0.3284805398111164,0.06078034977907229,1.0254504507069628,-8.120473554122887,9.472341639141552,0.0,1.8728502369015425,2.6208858476841432,0.0,-0.5152280200187112,1.0213299197601744,0.0,-1.1094000179137156,-0.5596565454311044,1.5617715760123172,70.18494190563983,71.74671348165215
8.937999999999654,7.23,8.009963652169837,0.3305503770913441,0.04454697848535966,1.0443825466706982,-8.112787848628233,9.459493054645822,0.0,1.8718189458697165,2.6229137542893946,0.0,-0.5160640662124616,1.0065757468984347,0.0,-1.0960900526236947,-0.5619573998628146,1.5243434262966176,70.222348578392,71.74669200468861
8.939999999999655,7.23,8.010036526004486,0.3326580518210127,0.028329637669491724,1.0632873775270701,-8.10444331587653,9.445076606597546,0.0,1.8707859767928205,2.624912146431865,0.0,-0.5169062043908207,0.9918153595979513,0.0,-1.082682525877137,-0.5642636097491764,1.487679770091139,70.2589899961977,71.74666976628883
8.941999999999656,7.23,8.01007698228502,0.3348035063345738,0.012129643449797212,1.0821618081908468,-8.095441543842808,9.429093040633303,0.0,1.8697513166680526,2.626881011096424,0.0,-0.5177552492912608,0.9770481725200127,0.0,-1.0691754673010392,-0.5665751456049226,1.4517805726678275,70.2948661701605,71.74664674282833
8.943999999999656,7.23,8.010085057017891,0.33698667669822113,-0.004051691547629448,1.1010027057029868,-8.08578443919799,9.411543742681896,0.0,1.868714950887813,2.6288203341028455,0.0,-0.5186119908913603,0.9622736059851663,0.0,-1.0555670130928378,-0.5688919521167476,1.416645805362892,70.32997710555415,71.74662291091704
8.945999999999657,7.23,8.010060788830776,0.3392074927154451,-0.02021305884058629,1.1198069405430506,-8.075474241475254,9.392430770585372,0.0,1.8676768632896799,2.630730100117607,0.0,-0.5194771939619778,0.9474910864609878,0.0,-1.041855407569313,-0.5712139474153287,1.3822754454225399,70.36432280198932,71.74659824741185
8.947999999999658,7.23,8.010004218963603,0.3414658779352741,-0.03635315477013418,1.1385713880035715,-8.064513536605844,9.371756884414374,0.0,1.8666370362072395,2.632610292666684,0.0,-0.5203515976488725,0.9327000470459628,0.0,-1.0280390047120809,-0.5735410223699995,1.3486694758354383,70.39790325359398,71.74657272942942
8.949999999999658,7.23,8.00991539125821,0.3437617496633245,-0.05247068120635752,1.1572929296236385,-8.052905269763324,9.349525575342682,0.0,1.8655954505217411,2.634460894149268,0.0,-0.5212359150836441,0.9178999279486247,0.0,-1.014116269703146,-0.5758730399088958,1.3158278851524987,70.43071844920533,71.74654633435783
8.951999999999659,7.23,8.009794352146558,0.3460950189757743,-0.06856434627907347,1.1759684546786804,-8.040652757458373,9.3257410929528,0.0,1.864552085714482,2.636281885852474,0.0,-0.5221308330249188,0.9030901769610231,0.0,-1.0000857804438323,-0.578209834367461,1.2837506672945416,70.46276837257453,71.74651903986907
8.95399999999966,7.23,8.009641150637467,0.3484655907363701,-0.08463286513193319,1.1945948617231856,-8.027759698826802,9.300408470845346,0.0,1.8635069199198857,2.6380732479669797,0.0,-0.5230370115305594,0.8882702499256485,0.0,-0.9859462290504435,-0.5805512108680136,1.252437821348463,70.49405300258269,71.74649082393115
8.95599999999966,7.23,8.009455838301804,0.35087336361656946,-0.10067496069824744,1.2131690601828442,-8.014230186057087,9.273533550432933,0.0,1.8624599299792077,2.6398349596035775,0.0,-0.5239550836616549,0.8734396111949074,0.0,-0.9716964233199576,-0.5828969447330553,1.2218893513525015,70.52457231346702,71.74646166481952
8.957999999999661,7.23,8.009238469256124,0.35331823011891367,-0.11668936449676452,1.2316879719923688,-8.000068713906872,9.245123002805828,0.0,1.8614110914947988,2.641566998810653,0.0,-0.5248856552189982,0.8585977340822467,0.0,-0.9573352881590786,-0.5852467809349143,1.1921052660712674,70.55432627505748,71.74643154112874
8.959999999999662,7.23,8.008989100144678,0.35580007660371893,-0.1326748174455292,1.2501485332750266,-7.985280188260162,9.215184348561706,0.0,1.860360378884859,2.643269342592547,0.0,-0.5258293045126552,0.8437441013040291,0.0,-0.9428618669700186,-0.587600433584188,1.1630855787611258,70.58331485302267,71.7464004317838
8.961999999999662,7.23,8.008707790119795,0.35831878331916456,-0.1486300706918599,1.2685476960597135,-7.969869933680881,9.183725975500158,0.0,1.8593077654386223,2.6449419669288003,0.0,-0.5267865821651844,0.82887820541128,0.0,-0.9282753229864671,-0.589957585459357,1.1348303069266323,70.6115380091245,71.74636831605113
8.963999999999663,7.23,8.008394600820573,0.36087422443484923,-0.16455388645639552,1.2868824300312038,-7.953843699922659,9.15075715409175,0.0,1.8582532233719,2.6465848467942443,0.0,-0.5277580109489797,0.8139995492104256,0.0,-0.9135749405532986,-0.5923178875798153,1.107339472068654,70.63899570148084,71.7463351735495
8.965999999999664,7.23,8.008049596349888,0.36346626807887733,-0.18044503888908694,1.3051497243090449,-7.937207667358047,9.116288050638495,0.0,1.8571967238829188,2.648197956179907,0.0,-0.5287440856581163,0.7991076461721685,0.0,-0.8987601263437173,-0.5946809588244092,1.0806130994248457,70.66568788483522,71.74630098426007
8.967999999999664,7.23,8.007672843249663,0.36609477637852783,-0.1963023149349393,1.323346589250401,-7.919968451294969,9.0803297380528,0.0,1.8561382372083692,2.6497812681147703,0.0,-0.5297452730150508,0.7842020208276423,0.0,-0.8838304105076759,-0.5970463855974922,1.0546512177031713,70.6916145108341,71.74626572853727
8.969999999999665,7.23,8.007264410474411,0.3687596055045486,-0.2121245152072503,1.3414700582720196,-7.902133105152312,9.042894204190425,0.0,1.8550777326796215,2.6513347546882433,0.0,-0.5307620116123521,0.769282209151062,0.0,-0.8687854477456574,-0.5994137215442539,1.0294538588091218,70.71677552830891,71.74622938711803
8.971999999999666,7.23,8.006824369363015,0.3714606057191098,-0.2279104548660402,1.3595171896863734,-7.883709122472067,9.003994357685343,0.0,1.8540151787790053,2.6528583870734512,0.0,-0.5317947118896577,0.75434775892803,0.0,-0.8536250183020394,-0.6017824873170294,1.005021057567322,70.74117088356465,71.74619194113197
8.973999999999666,7.23,8.006352793608759,0.3741976214274395,-0.24365896449932564,1.3774850685469349,-7.864704437748972,8.963644031241632,0.0,1.8529505431961173,2.6543521355511843,0.0,-0.5328437561458652,0.7393982301087845,0.0,-0.8383490288726169,-0.6041521703940259,0.9813528514382,70.76480052067174,71.74615337210994
8.975999999999667,7.23,8.005849759227589,0.37697049123315474,-0.25936889100485966,1.3953708084974659,-7.845127426064663,8.9218579823511,0.0,1.8518837928840592,2.6558159695345793,0.0,-0.5339094985865553,0.724433195145624,0.0,-0.8229575134210354,-0.6065222249517973,0.9584492802303946,70.78766438176282,71.74611366199322
8.977999999999668,7.23,8.00531534452461,0.37977904799729084,-0.27503909846993657,1.4131715536201481,-7.8249869015178435,8.878651891414757,0.0,1.8508148941155436,2.657249857594461,0.0,-0.5349922654065163,0.7094522393138254,0.0,-0.8074506338992496,-0.6088920717925895,0.9363103858095719,70.80976240733261,71.74607279314219
8.979999999999668,7.23,8.004749630058834,0.3826231189010216,-0.2906684690468499,1.4308844802773506,-7.804292114446905,8.834042357257148,0.0,1.8497438125388102,2.658653767485269,0.0,-0.5360923549071299,0.6944549610154136,0.0,-0.7918286808674337,-0.6112610983274509,0.914936211804318,70.83109453653965,71.74603074834397
8.981999999999669,7.23,8.00415269860618,0.3855025255120521,-0.3062559038215895,1.4485067989418188,-7.783052747447302,8.788046890035268,0.0,1.8486705132332628,2.660027666171617,0.0,-0.5372100376483437,0.67944097206515,0.0,-0.7760920740090935,-0.6136286586158781,0.894326803309764,70.85166070751062,71.74598751082038
8.98399999999967,7.23,8.003524635120742,0.3884170838546562,-0.32180032367337363,1.4660357560100858,-7.761278910190368,8.74068390155338,0.0,1.8475949607647695,2.6613715198553947,0.0,-0.5383455566348162,0.6644098979581812,0.0,-0.7602413625375155,-0.6159940734625089,0.8744822065896021,70.87146085764583,71.74594306423543
8.98599999999967,7.23,8.002865526694357,0.39136660448331956,-0.3373006701226291,1.483468635593936,-7.738981133055802,8.691972693006997,0.0,1.8465171192405685,2.662685294003354,0.0,-0.5394991275357348,0.6493613781188416,0.0,-0.7442772254900909,-0.6183566305711746,0.855402468777124,70.8904949239244,71.74589739270152
8.987999999999671,7.23,8.002175462514481,0.39435089255993955,-0.3527559061650651,1.5008027612848147,-7.716170359595284,8.641933440190957,0.0,1.8454369523636793,2.663968953375231,0.0,-0.5406709389377636,0.6342950661301063,0.0,-0.7282004719073926,-0.6207155847564696,0.8370876375759069,70.90876284321072,71.74585048078663
8.989999999999672,7.23,8.001454533820421,0.3973697479345227,-0.36816501708952254,1.5180354978861548,-7.692857937849211,8.59058717621605,0.0,1.8443544234867992,2.6652224620522555,0.0,-0.5418611526304241,0.6192106299433143,0.0,-0.7120120408943854,-0.6230701582127095,0.8195377609607774,70.92626455255905,71.74580231351982
8.991999999999672,7.23,8.000702833857948,0.40042296522931037,-0.3835270112773325,1.5351642531086893,-7.669055610543579,8.537955771790095,0.0,1.843269495665576,2.666445783466094,0.0,-0.5430699039231812,0.6041077520677647,0.0,-0.6957130015614947,-0.625419540840005,0.8027528868796323,70.9429999895174,71.74575287639703
8.993999999999673,7.23,7.9999204578323235,0.4035103339262545,-0.3988409209809755,1.5521864792239484,-7.64477550419966,8.484061913131217,0.0,1.842182131711235,2.6676388804281257,0.0,-0.5442973019933985,0.5889861297399024,0.0,-0.679304552843767,-0.6277628906269389,0.7867330629567101,70.95896909242924,71.74570215538596
8.995999999999674,7.23,7.999107502859802,0.40663163845775413,-0.41410580307990136,1.5690996746712729,-7.6200301171916,8.428929077586941,0.0,1.8410922942424626,2.6688017151590557,0.0,-0.5455434302642566,0.5738454750718166,0.0,-0.6627880231967447,-0.6300993340891398,0.771478336197866,70.97417180073296,71.74565013693082
8.997999999999674,7.23,7.998264067917642,0.40978665830055594,-0.42932073981144725,1.5859013856138473,-7.5948323067940215,8.372581507047625,0.0,1.8399999457365181,2.669934249318799,0.0,-0.5468083468116514,0.5586855151788768,0.0,-0.64616487016818,-0.6324279667628419,0.7569887526984176,70.98860805525808,71.7455968079565
8.999999999999675,7.23,7.9973902537926795,0.41297516807271234,-0.44448483947487705,1.6025892074394292,-7.569195275263423,8.315044179246726,0.0,1.8389050485794942,2.6710364440365915,0.0,-0.5480920847990127,0.5435059922863512,0.0,-0.6294366798451247,-0.634747853752314,0.7432643573540575,71.00227779851812,71.74554215587219
9.001999999999676,7.23,7.996486163028525,0.41619693763348203,-0.4595972371066584,1.6191607862016533,-7.543132555003032,8.256342777053224,0.0,1.8378075651156853,2.67210825994131,0.0,-0.5493946529389255,0.528306663814945,0.0,-0.6126051661764276,-0.6370580303298655,0.7303051935753438,71.01518097499941,71.74548616857476
9.003999999999676,7.23,7.995551899871439,0.41945173218605064,-0.4746570951251954,1.6356138199980024,-7.516657992862529,8.196503655865389,0.0,1.8367074576960114,2.673149657191913,0.0,-0.550716035980361,0.5130873024452287,0.0,-0.5956721701710956,-0.6393575025869273,0.7181113030062649,71.02731753144487,71.74542883445113
9.005999999999677,7.23,7.994587570214951,0.42273931238294093,-0.4896636039433423,1.651946060280768,-7.489785733629044,8.135553809226174,0.0,1.8356046887254305,2.6741605955080257,0.0,-0.5520561952202828,0.4978476961609919,0.0,-0.5786396589734336,-0.6416452481345541,0.7066827252473048,71.03868741713367,71.74537014238098
9.007999999999678,7.23,7.993593281543283,0.4260594344339748,-0.5046159825471386,1.6681553130975642,-7.46253020276715,8.073520832783352,0.0,1.8344992207093167,2.6751410342005597,0.0,-0.553415069038314,0.4825876482716285,0.0,-0.5615097248163343,-0.6439202168514874,0.6960194975834563,71.04929058415466,71.74531008173811
9.009999999999678,7.23,7.992569142873657,0.42941185021664346,-0.519513479039324,1.6842394402582168,-7.434906088469656,8.01043288672668,0.0,1.8333910162987412,2.676090932202375,0.0,-0.5547925734531369,0.46730697741370386,0.0,-0.5442845838545107,-0.6461813316777978,0.6861216547175936,71.05912698767449,71.74524864239208
9.011999999999679,7.23,7.991515264697549,0.4327963073887351,-0.5343553711463187,1.7001963604251167,-7.406928323082295,7.946318656837112,0.0,1.8322800383346207,2.677010248098918,0.0,-0.5561886026992251,0.4520055175319082,0.0,-0.5269665748798846,-0.648427489451939,0.6769892285095606,71.06819658619918,71.74518581470873
9.01399999999968,7.23,7.99043175892096,0.4362125495030646,-0.5491409666874806,1.7160240501243982,-7.378612063967283,7.881207314287586,0.0,1.8311662498906922,2.6778989401588023,0.0,-0.5576030298224771,0.4366831178396706,0.0,-0.5095581579217738,-0.6506575617889145,0.6686222477213553,71.07649934182945,71.7451215895508
9.01599999999968,7.23,7.989318738803801,0.4396603161241446,-0.5638696040055847,1.7317205446755932,-7.349972673873455,7.815128474340678,0.0,1.8300496143152833,2.6787569663642827,0.0,-0.5590357072933059,0.4213396427597458,0.0,-0.4920619127348958,-0.6528703959971416,0.6610207377687083,71.08403522050878,71.74505595827749
9.017999999999681,7.23,7.988176318898444,0.44313934294663215,-0.5785406523576058,1.7472839390376957,-7.321025700880006,7.748112154087424,0.0,1.828930095271832,2.6795842844416145,0.0,-0.5604864676356927,0.40597497184514664,0.0,-0.47448053717859817,-0.6550648160314607,0.6541847204793726,71.09080419226484,71.74498891274422
9.019999999999682,7.23,7.987004614987537,0.446649361915383,-0.5931535122650188,1.7627123885698706,-7.291786857983259,7.680188729376584,0.0,1.8278076567781427,2.680380851891201,0.0,-0.5619551240706973,0.39058899968084326,0.0,-0.4568168454910811,-0.6572396234796358,0.6481142138583911,71.09680623144291,71.7449204453013
9.021999999999682,7.23,7.98580374402116,0.45019010134694026,-0.6077076158229748,1.7780041097053352,-7.262272002395506,7.6113888910834,0.0,1.8266822632443362,2.6811466260175556,0.0,-0.5634414711729134,0.3751816357666923,0.0,-0.43907376646271334,-0.6593935985796091,0.6428092318605815,71.10204131693206,71.74485054879264
9.023999999999683,7.23,7.9845738240534025,0.4537612860522831,-0.6222024269678437,1.7931573805372432,-7.232497114625374,7.541743600867444,0.0,1.8255538795094763,2.6818815639589904,0.0,-0.5649452855383377,0.3597528043821131,0.0,-0.42125434151286917,-0.6615255012646816,0.638269784170451,71.10650943238306,71.74477921655351
9.025999999999684,7.23,7.983314974178448,0.4573626374606586,-0.6366374417027559,1.8081705413156954,-7.202478277408337,7.4712840465680275,0.0,1.824422470876852,2.6825856227170353,0.0,-0.5664663264621271,0.344302444433064,0.0,-0.40336172267500314,-0.6636340722337373,0.6344958759897426,71.11021056641883,71.74470644240857
9.027999999999684,7.23,7.982027314466252,0.460993873744318,-0.6510121882809146,1.8230419948553058,-7.172231654556358,7.400041597386068,0.0,1.823288003147893,2.683258759185514,0.0,-0.5680043366247098,0.32883050928190827,0.0,-0.38539917049494316,-0.6657180340435571,0.6314875078327506,71.11314471283593,71.74463222066868
9.029999999999685,7.23,7.98071096589789,0.4646547099439788,-0.6653262273465795,1.8377702068530353,-7.141773469793306,7.328047758996824,0.0,1.8221504426547088,2.6839009301792816,0.0,-0.5695590427847416,0.31333696656080723,0.0,-0.36737005184764326,-0.667776092220255,0.6292446753295712,71.11531187079838,71.74455654612795
9.031999999999686,7.23,7.979366050300675,0.4683448580948321,-0.6795791520337657,1.8523537061163056,-7.111119985642986,7.255334128738162,0.0,1.8210097562912337,2.6845120924625534,0.0,-0.5711301564773895,0.2978217979693024,0.0,-0.3492778376778452,-0.6698069363868169,0.627767369037351,71.11671204502252,71.74447941405988
9.033999999999686,7.23,7.977992690283111,0.4720640273529176,-0.6937705880228229,1.8667910847016789,-7.080287482433817,7.181932351013223,0.0,1.819865911542974,2.6850922027768362,0.0,-0.5727173747164808,0.28228499905677684,0.0,-0.33112610067028586,-0.671809241403749,0.6270555742596629,71.11734524595391,71.74440082021357
9.035999999999687,7.23,7.976591009169778,0.47581192412168577,-0.7079001935551932,1.8810809979646719,-7.049292237482602,7.107874073043138,0.0,1.818718876515343,2.685641217868394,0.0,-0.5743203806990235,0.26672657899052,0.0,-0.3129185128552637,-0.6737816685197869,0.627109270874029,71.11721148993519,71.74432076080922
9.037999999999688,7.23,7.975161130936231,0.47958825217857276,-0.7219676594067672,1.8952221645215364,-7.018150504518555,7.033190901102469,0.0,1.8175686199605947,2.686159094515239,0.0,-0.5759388445106939,0.25114656031014726,0.0,-0.29465884315551655,-0.6757228665296964,0.6279284331676313,71.11631079936569,71.74423923253332
9.039999999999688,7.23,7.973703180143992,0.4833927128014108,-0.7359727088203759,1.909213366124096,-6.9868784934044745,6.957914357361358,0.0,1.8164151113033349,2.6866457895536175,0.0,-0.577572423830873,0.23554497866912938,0.0,-0.2763509548804575,-0.6776314729361751,0.629513029681225,71.11464320285236,71.74415623253358
9.041999999999689,7.23,7.972217281875717,0.4872250048945026,-0.7499150973980688,1.9230534474489789,-6.955492350211611,6.8820758374574265,0.0,1.815258320664637,2.687101259903976,0.0,-0.5792207646358852,0.21992188256422351,0.0,-0.2579988031739164,-0.6795061151129371,0.6318630230612218,71.1122087353523,71.74407175841353
9.04399999999969,7.23,7.970703561670619,0.4910848251141903,-0.7637946129539398,1.9367413158028166,-6.924008137699877,6.805706568909987,0.0,1.814098218884741,2.687525462596365,0.0,-0.580883501899099,0.20427733305359885,0.0,-0.23960643242158247,-0.6813454114660842,0.6349783699199181,71.10900743830673,71.74398580822665
9.04599999999969,7.23,7.96916214546022,0.49497186799375187,-0.7776110753283598,1.9502759407452068,-6.892441816253382,6.728837570485876,0.0,1.8129347775443678,2.687918354795267,0.0,-0.582560260286626,0.18861140346446437,0.0,-0.22117797362437303,-0.6831479725909538,0.6388590207037882,71.10503935976658,71.74389838047037
9.047999999999691,7.23,7.96759315950452,0.49888582606746285,-0.791364336164575,1.963656353631442,-6.860809225317314,6.6514996126174415,0.0,1.8117679689846404,2.6882798938238377,0.0,-0.5842506548473962,0.17292417909102076,0.0,-0.2027176417439699,-0.6849124024217171,0.6435049195697906,71.10030455450976,71.74380947407955
9.049999999999692,7.23,7.9659967303286425,0.5028263899936654,-0.8050542786487165,1.9768816470772077,-6.829126065379691,6.573723178968067,0.0,1.810597766325634,2.6886100371875346,0.0,-0.5859542916964111,0.15721575688354295,0.0,-0.18422973302671605,-0.6866372993710299,0.6489160042695448,71.09480308415061,71.74371908842016
9.051999999999692,7.23,7.96437298466004,0.5067932486766904,-0.8186808172143512,1.9899509743476316,-6.797407880536933,6.495538429230791,0.0,1.8094241434835667,2.6889087425971026,0.0,-0.5876707686900684,0.14148624512942476,0.0,-0.16571862231205312,-0.6883212574572006,0.6550922060412876,71.08853501724067,71.74362722328196
9.053999999999693,7.23,7.962722049366321,0.5107860893874845,-0.8322438972127785,2.0028635486732296,-6.765670041680089,6.416975163241002,0.0,1.8082470751866515,2.6891759679909297,0.0,-0.589399676092487,0.12573576312700585,0.0,-0.14718876033159692,-0.6899628674163978,0.6620334495094611,71.08150042936212,71.74353387887159
9.055999999999694,7.23,7.961044051393776,0.5148045978827976,-0.8457434945503475,2.0156186424954514,-6.733927730333684,6.338062786473844,0.0,1.8070665369896184,2.689411671556734,0.0,-0.5911405972318186,0.10996444085297719,0.0,-0.12864467100483537,-0.6915607177975324,0.6697396525917829,71.07369940321334,71.74343905580513
9.057999999999694,7.23,7.95933911770665,0.518848458522794,-0.8591796152941287,2.028215586644663,-6.702195923176776,6.25883027699175,0.0,1.8058825052869427,2.6896158117525877,0.0,-0.5928931091455969,0.09417241862419679,0.0,-0.11009094873737317,-0.6931133960375803,0.6782107264136105,71.06513202868695,71.74334275510056
9.059999999999695,7.23,7.957607375227246,0.5229173543869541,-0.872552295247332,2.0406537694535167,-6.670489377271191,6.179306153897713,0.0,1.8046949573247888,2.6897883473272493,0.0,-0.5946567832142408,0.07835984675469065,0.0,-0.09153225572745952,-0.6946194895152232,0.6874465752294361,71.05579840294047,71.7432449781699
9.061999999999696,7.23,7.955848950776902,0.5270109673881402,-0.8858615994959064,2.0529326358087796,-6.638822616018937,6.099518447343436,0.0,1.8035038712117024,2.689929237339815,0.0,-0.5964311857818687,0.06252688520863536,0.0,-0.0729733192864252,-0.6960775865807978,0.6974470963513031,71.04569863046,71.74314572681129
9.063999999999696,7.23,7.954063971017898,0.5311289783847088,-0.8991076219277992,2.0650516861447663,-6.607209915867262,6.019494670133957,0.0,1.8023092259280742,2.690038441178668,0.0,-0.5982158787636817,0.046673703250082466,0.0,-0.05441892917846411,-0.6974862775607149,0.7082121800839307,71.03483282311689,71.74304500320082
9.065999999999697,7.23,7.952252562396355,0.5352710672905518,-0.9122904847263869,2.077010475381606,-6.575665293775933,5.939261790961957,0.0,1.801111001334398,2.6901159185797283,0.0,-0.6000104202391867,0.030800479090181965,0.0,-0.03587393498502661,-0.698844155734589,0.7197417096663291,71.02320110021805,71.74294280988437
9.067999999999698,7.23,7.950414851086174,0.5394369131829634,-0.92541033783961,2.0888086118116314,-6.544202495458124,5.858846209298119,0.0,1.7999091781783667,2.6901616296439887,0.0,-0.6018143650306426,0.01490739953263076,0.0,-0.01734324349888125,-0.7001498182835053,0.7320355612196859,71.01080358854942,71.74283914976911
9.069999999999698,7.23,7.948550962934056,0.5436261944082299,-0.9384673584263733,2.1004457559372183,-6.512834984403057,5.778273731956806,0.0,1.798703738100817,2.6901755348543444,0.0,-0.6036272652661332,-0.0010053403819334505,0.0,0.001168183847289916,-0.7014018672079562,0.745093603701255,70.99764042241372,71.74273402611497
9.071999999999699,7.23,7.946661023405648,0.5478385886848502,-0.9514617502817748,2.111921619263446,-6.481575931685103,5.697569551349192,0.0,1.7974946636405698,2.690157595091721,0.0,-0.6054486709267681,-0.016937537731918417,0.0,0.0196553335131463,-0.7025989102141421,0.7589156988640325,70.9837117436623,71.74262744252633
9.0739999999997,7.23,7.944745157532865,0.5520737732042983,-0.9643937432427425,2.1232359630489546,-6.450438206561059,5.616758225429086,0.0,1.7962819382381883,2.690107771650464,0.0,-0.607278130377544,-0.032888982070466144,0.0,0.038113142339376294,-0.7037395615674524,0.7735017012219364,70.96901770172096,71.74251940294289
9.0759999999997,7.23,7.942803489862417,0.5563314247292488,-0.9772635925756528,2.1343885970183867,-6.4194343678541275,5.535863659330363,0.0,1.795065546238697,2.6900260262530455,0.0,-0.6091151908814756,-0.04885945578021583,0.0,0.05653649998866626,-0.7048224429120906,0.7888514580202539,70.95355845361095,71.7424099116312
9.077999999999701,7.23,7.940836144405573,0.5606112196891925,-0.9900715783474994,2.1453793780397885,-6.388576656120516,5.454909088688774,0.0,1.7938454728932811,2.6899123210640523,0.0,-0.6109593990966725,-0.06484873442652367,0.0,0.07492025133502803,-0.7058461840559648,0.8049648092110785,70.93733416396482,71.74229897317589
9.079999999999702,7.23,7.9388432445892025,0.5649128342733734,-1.002818004782174,2.1562082087703316,-6.357876986591778,5.3739170646352,0.0,1.7926217043600172,2.6897666187034623,0.0,-0.6128103015560652,-0.08085658710856114,0.0,0.0932591987978253,-0.7068094237200528,0.8218415874334597,70.92034500503725,71.7421865924707
9.081999999999702,7.23,7.936824913208118,0.5692359445209889,-1.0155031996033983,2.166875036273675,-6.327346942883292,5.292909440441357,0.0,1.7913942277036572,2.6895888822592315,0.0,-0.6146674451295762,-0.09688277680773061,0.0,0.11154810461708214,-0.7077108102516476,0.8394816179980263,70.90259115671165,71.74207277470968
9.083999999999703,7.23,7.934781272378739,0.5735802264085993,-1.0281275133658305,2.177379850612252,-6.296997771457049,5.211907359794329,0.0,1.7901630308945058,2.6893790752991853,0.0,-0.6165303774685587,-0.1129270607328764,0.0,0.12978169306692644,-0.7085490023009714,0.8578847188757637,70.88407280650259,71.74195752537835
9.085999999999704,7.23,7.932712443494114,0.5779453559346985,-1.0406913187758393,2.1877226834177126,-6.266840376824722,5.13093124667127,0.0,1.7889281028064303,2.6891371618822184,0.0,-0.6183986474323937,-0.1289891906617981,0.0,0.14795465260427704,-0.7093226694607991,0.8770507006907087,70.86479014955412,71.74184085024483
9.087999999999704,7.23,7.930618547180296,0.5823310092014078,-1.0531950100034109,2.1979036064426873,-6.236885317474656,5.050000796780935,0.0,1.7876894332140283,2.6888631065688244,0.0,-0.6202718054971793,-0.14506891327859373,0.0,0.1660616379501353,-0.7100304928688567,0.896979366716288,70.84474338863478,71.74172275535108
9.089999999999705,7.23,7.928499703254114,0.5867368624932559,-1.0656390019866202,2.2079227300969704,-6.207142802505047,4.96913497053532,0.0,1.7864470127890073,2.6885568744309394,0.0,-0.6221494041464981,-0.16116597050639747,0.0,0.18409727210110421,-0.7106711657728715,0.9176705128749802,70.82393273412885,71.74160324700382
9.091999999999706,7.23,7.9263560306823395,0.5911625923530186,-1.0780237297300574,2.217780201971142,-6.177622688943219,4.888351987510038,0.0,1.785200833095787,2.688218431061146,0.0,-0.6240309982442879,-0.1772800998351206,0.0,0.20205614826903182,-0.7112433940582679,0.9391239277410857,70.80235840402506,71.74148233176614
9.093999999999706,7.23,7.924187647542254,0.5956078756545963,-1.090349647598561,2.2274762053505643,-6.148334479729843,4.807669322349299,0.0,1.7839508865863847,2.6878477425812104,0.0,-0.6259161453898956,-0.19341103464379972,0.0,0.21993283174688805,-0.7117458967386256,0.9613393925463061,70.78002062390225,71.74136001644855
9.095999999999707,7.23,7.921994670983642,0.600072389672911,-1.1026172286075662,2.237010957722593,-6.1192873223453175,4.727103702068247,0.0,1.7826971665946028,2.6874447756499875,0.0,-0.627804406255428,-0.2095585045172239,0.0,0.23772186169927592,-0.7121774064091129,0.984316681187872,70.75691962691246,71.74123630810034
9.097999999999708,7.23,7.9197772171921965,0.6045558121508144,-1.1148269637113286,2.246384709279748,-6.090490008054583,4.646671104702995,0.0,1.7814396673295603,2.687009497470699,0.0,-0.6296953449055446,-0.22572223555652088,0.0,0.25541775287619545,-0.712536669663197,1.0080555602389225,70.73305565376215,71.74111121400108
9.099999999999708,7.23,7.917535401354361,0.6090578213630001,-1.1269793610902348,2.2555977414214916,-6.061950971745214,4.566386759255914,0.0,1.7801783838686023,2.6865418757975954,0.0,-0.6315885290999013,-0.24190195068342063,0.0,0.27301499724892947,-0.7128224474730667,1.032555788960968,70.70842895269115,71.74098474165211
9.101999999999709,7.23,7.9152693376235845,0.6135780961769194,-1.1390749454383606,2.2646503652571432,-6.033678292333187,4.486265146882502,0.0,1.7789133121496215,2.6860418789420146,0.0,-0.6334835305784486,-0.2580973699379302,0.0,0.2905080655671335,-0.7130335155342381,1.0578171193180286,70.68303977945016,71.74085689876819
9.10399999999971,7.23,7.912979139088005,0.618116316110707,-1.1511142572523876,2.273542920112368,-6.005679693709598,4.406320003263917,0.0,1.7776444489628274,2.6855094757778537,0.0,-0.6353799253298538,-0.27430821076920753,0.0,0.30789140883646743,-0.7131686645749445,1.0838392959923562,70.65688839727665,71.74072769326901
9.10599999999971,7.23,7.910664917739558,0.6226721613881254,-1.16309785212293,2.2822757720415447,-5.9779625462013435,4.3265643221085535,0.0,1.7763717919419926,2.6849446357464677,0.0,-0.6372772938433331,-0.29053418831942085,0.0,0.325159459716289,-0.7132267006309683,1.110622056401391,70.62997507686985,71.74059713327125
9.107999999999711,7.23,7.90832678444449,0.6272453129905405,-1.1750263000292755,2.2908493123482203,-5.950533868518135,4.247010359724704,0.0,1.7750953395552167,2.6843473288610005,0.0,-0.639175221344189,-0.30677501570043014,0.0,0.34230663383716214,-0.713206445286625,1.1381651307157323,70.60230009636462,71.74046522708035
9.109999999999712,7.23,7.9059648489152865,0.6318354527059491,-1.1869001846384817,2.299263956115732,-5.923400330158111,4.167669640606116,0.0,1.7738150910952237,2.683717525710183,0.0,-0.6410732980134131,-0.3230304042631424,0.0,0.35932733103812453,-0.7131067358827293,1.1664682418779275,70.57386374130479,71.74033198318271
9.111999999999712,7.23,7.90357921968399,0.636442263175079,-1.1987201026097203,2.3075201407499635,-5.896568254243992,4.088552963971455,0.0,1.7725310466692574,2.683055197461581,0.0,-0.6429711191916969,-0.3393000638594075,0.0,0.37621593652383273,-0.7129264256923725,1.1955311056217703,70.54466630461586,71.74019741023763
9.113999999999713,7.23,7.901170004076907,0.6410654279345883,-1.2104866629047004,2.3156183245360853,-5.870043620761686,4.009670411198803,0.0,1.7712432071885558,2.6823603158643508,0.0,-0.644868285568224,-0.3555837030963827,0.0,0.3929668219419284,-0.7126643840654203,1.2253534304919884,70.51470808657797,71.74006151706996
9.115999999999714,7.23,7.89873730819069,0.6457046314573939,-1.222200486104948,2.32355898521101,-5.843832070173582,3.931031354096742,0.0,1.769951574357488,2.6816328532514673,0.0,-0.6467644033546598,-0.37188102958326386,0.0,0.4095743463810829,-0.7123194965427119,1.2559349178640056,70.48398939479821,71.73992431266223
9.117999999999714,7.23,7.896281236869771,0.6503595591901612,-1.2338622037366633,2.3313426185531783,-5.817938907378392,3.8526444639530784,0.0,1.7686561506623426,2.680872782541492,0.0,-0.6486590844447251,-0.3881917501703557,0.0,0.4260328572903918,-0.7118906649409246,1.2872752619636416,70.45251054418395,71.7397858061476
9.119999999999715,7.23,7.893801893685139,0.6550298975879931,-1.245472457603822,2.338969736991171,-5.792369105990499,3.7745177213042442,0.0,1.7673569393598187,2.6800800772398445,0.0,-0.6505519465597966,-0.4045155711804309,0.0,0.4423366913209026,-0.7113768074091732,1.3193741498865021,70.42027185691575,71.73964600680225
9.121999999999716,7.23,7.891299380914449,0.6597153341463554,-1.2570318991301321,2.3464408682325333,-5.7671273129113425,3.6966584263679136,0.0,1.7660539444652317,2.6792547114396443,0.0,-0.6524426133809558,-0.42085219863239126,0.0,0.4584801750902403,-0.7107768584583832,1.3522312616168797,70.38727366242172,71.7395049240386
9.123999999999716,7.23,7.888773799523431,0.6644155574302814,-1.268541188710402,2.353756553914081,-5.742217853166201,3.6190732100827656,0.0,1.7647471707404767,2.6783966598220994,0.0,-0.6543307146679391,-0.43720133845722065,0.0,0.47445762587138846,-0.7100897689645488,1.3858462700460072,70.35351629735236,71.73936256739836
9.125999999999717,7.23,7.886225249148585,0.6691302571008991,-1.2800009950718272,2.3609173482748482,-5.71764473498051,3.5417680457012466,0.0,1.7634366236817605,2.6775058976564634,0.0,-0.6562158863654385,-0.4535626967062679,0.0,0.4902633522068356,-0.709314506146982,1.4202188409894154,70.31900010555613,71.73921894654555
9.127999999999718,7.23,7.883653828081149,0.6738591239393292,-1.2914119946456477,2.367923816852726,-5.693411655069858,3.464748260881146,0.0,1.7621223095071379,2.6765824007996084,0.0,-0.6580977706972091,-0.4699359797519005,0.0,0.5058916544493982,-0.7084500535226903,1.4553486332032621,70.28372543805692,71.73907407126018
9.129999999999718,7.23,7.881059633252312,0.678601849867999,-1.3027748709495774,2.3747765352057444,-5.669522004118906,3.3880185502240217,0.0,1.760804235143865,2.6756261456951718,0.0,-0.6599760162484456,-0.486320894480599,0.0,0.5213368252311414,-0.7074954108380119,1.4912352983995028,70.2476926530321,71.7389279514316
9.131999999999719,7.23,7.878442760219646,0.6833581279694255,-1.3140903139813602,2.3814760876588306,-5.645978872425109,3.3115829882102314,0.0,1.7594824082156082,2.6746371093723535,0.0,-0.6618502780368953,-0.5027171484785591,0.0,0.5365931498619089,-0.70644959397868,1.5278784812596593,70.21090211579273,71.7387805970524
9.13399999999972,7.23,7.875803303154743,0.6881276525025178,-1.32535901962376,2.388023066076796,-5.622785055683759,3.2354450424812295,0.0,1.7581568370295144,2.6736152694443307,0.0,-0.6637202175731695,-0.5191244502098875,0.0,0.5516549066590486,-0.7053116348594525,1.5652778194471104,70.17335419876505,71.73863201821216
9.13599999999972,7.23,7.873141354832034,0.692910118916452,-1.3365816890612412,2.3944180686641956,-5.599943060891806,3.1596075874222906,0.0,1.756827530563172,2.6725606041063337,0.0,-0.6655855029107105,-0.5355425091875226,0.0,0.5665163672100426,-0.7040805812944608,1.6034329436177013,70.13504928147407,71.73848222509177
9.137999999999721,7.23,7.870457006618756,0.6977052238621736,-1.3477590282085596,2.4006616987926135,-5.577455112348622,3.0840729179999506,0.0,1.7554944984514873,2.6714730921333785,0.0,-0.6674458086859035,-0.55197103613695,0.0,0.5811717965697406,-0.7027554968494535,1.6423434774285919,70.09598775052883,71.73833122795743
9.139999999999722,7.23,7.8677503484660525,0.7025126652015817,-1.3588917471514323,2.406754563855843,-5.555323157732813,3.0088427638108515,0.0,1.7541577509734838,2.670352712877693,0.0,-0.6693008161487561,-0.568409743152886,0.0,0.5956154533940446,-0.7013354606770369,1.682009037545157,70.05616999961012,71.73817903715528
9.141999999999722,7.23,7.8650214689011815,0.7073321420144528,-1.3699805595994214,2.412697274153341,-5.533548874234984,2.9339183033000342,0.0,1.7528172990390503,2.669199446265816,0.0,-0.6711502131846366,-0.5848583438490274,0.0,0.6098415900118725,-0.6998195673360859,1.7224292336458515,70.01559642946003,71.73802566310589
9.143999999999723,7.23,7.862270455020806,0.7121633546031585,-1.3810261823511238,2.4184904418022537,-5.512133674727414,2.85930017810941,0.0,1.7514731541756605,2.6680132727954216,0.0,-0.6729936943275064,-0.6013165535010407,0.0,0.6238444524373222,-0.6982069265964208,1.7636036684249157,69.97426744787407,71.73787111629899
9.145999999999724,7.23,7.859497392485337,0.7170060044952375,-1.3920293347717203,2.4241346796782395,-5.491078713952229,2.7849885075180856,0.0,1.7501253285150637,2.6667941735318603,0.0,-0.6748309607650846,-0.6177840891829267,0.0,0.6376182803239666,-0.6964966632298547,1.8055319375928134,69.93218346969584,71.73771540728866
9.147999999999724,7.23,7.856702365514317,0.7218597944438776,-1.4029907382829063,2.429630600385233,-5.470384894710927,2.7109829029392962,0.0,1.748773834779982,2.6655421301044226,0.0,-0.6766617203364084,-0.6342606698969252,0.0,0.6511573068632521,-0.6946879167887164,1.8482136298742533,69.88934491681383,71.73755854668808
9.149999999999725,7.23,7.853885456882803,0.7267244284263655,-1.4139111158651891,2.434978815254232,-5.4500528740385725,2.6372824824396135,0.0,1.747418686270814,2.6642571247023694,0.0,-0.6784856875221934,-0.650746016697137,0.0,0.6644557586290061,-0.6927798413728886,1.8916483270037956,69.84575221816141,71.7374005451652
9.151999999999726,7.23,7.851046747918738,0.7315996116405649,-1.4247911915725044,2.4401799333711187,-5.430083069347406,2.563885885248938,0.0,1.74605989685237,2.662939140070696,0.0,-0.6803025834284435,-0.6672398528070163,0.0,0.677507855370052,-0.6907716053864341,1.9358356037188211,69.80140580971903,71.73724141343784
9.153999999999726,7.23,7.848186318501279,0.7364850504994773,-1.435631690059078,2.4452345606334642,-5.410475664524917,2.4907912862310146,0.0,1.7446974809406388,2.661588159505695,0.0,-0.6821121357637032,-0.683741903730932,0.0,0.6903078097529757,-0.6886623912848017,1.98077502774993,69.75630613451972,71.73708116226965
9.155999999999727,7.23,7.845304247060059,0.7413804526239471,-1.446433336118426,2.450143298836216,-5.391230615972977,2.417996410286846,0.0,1.7433314534896125,2.660204166850278,0.0,-0.683914078810374,-0.7002518973599685,0.0,0.7028498270570691,-0.6864513953136284,2.0264661598085265,69.71045364265714,71.73691980246566
9.157999999999728,7.23,7.842400610575361,0.7462855268335653,-1.457196854234364,2.4549067447860966,-5.3723476585748,2.3454985466644365,0.0,1.7419618299781723,2.6587871464891046,0.0,-0.6857081533904816,-0.7167695640721466,0.0,0.7151281048234851,-0.6841378272400925,2.0729085535716485,69.66384879129669,71.73675734486834
9.159999999999728,7.23,7.839475484579174,0.7511999831358317,-1.4679229681438675,2.459525489444514,-5.353826311578026,2.273294563151075,0.0,1.7405886263970474,2.6573370833435135,0.0,-0.687494106826293,-0.733294636827269,0.0,0.7271368324606484,-0.6817209100777695,2.1201017556639155,69.6164920446898,71.73659380035372
9.161999999999729,7.23,7.836528943157117,0.7561235327136304,-1.4786124004116052,2.4640001170987156,-5.335665884382546,2.201380920125451,0.0,1.7392118592358576,2.655853962866265,0.0,-0.6892716928961378,-0.74982685125656,0.0,0.7388701908079383,-0.6791998798058839,2.168045305636495,69.56838387419116,71.73642917982765
9.16399999999973,7.23,7.833561058951196,0.7610558879110763,-1.4892658720159448,2.468331204560892,-5.3178654822226425,2.1297536844487874,0.0,1.7378315454702498,2.654337771036117,0.0,-0.6910406717858208,-0.7663659457473118,0.0,0.7503223516596715,-0.6765739850838552,2.2167387359431467,69.51952475827909,71.73626349422224
9.16599999999973,7.23,7.830571903163384,0.7659967622177866,-1.4998841019462084,2.4725193203948845,-5.300424011734245,2.058408543176795,0.0,1.7364477025491336,2.6527884943522304,0.0,-0.6928008100359754,-0.7829116615227106,0.0,0.7614874772513799,-0.6738424869619905,2.266181571913143,69.46991518257931,71.73609675449245
9.167999999999731,7.23,7.827561545559992,0.7709458702516343,-1.5104678068109398,2.4765650241701236,-5.283340186397926,1.987340817074104,0.0,1.73506034838203,2.6512061198284185,0.0,-0.6945518804856885,-0.7994637427170519,0.0,0.7723597197103704,-0.671004658589122,2.316373331721136,69.41955563989171,71.73592897161285
9.169999999999732,7.23,7.8245300544768135,0.775902927740035,-1.521017700456929,2.480468865742384,-5.266612531850127,1.9165454739166279,0.0,1.73366950132653,2.649590634987258,0.0,-0.6962936622127458,-0.8160219364465293,0.0,0.7829332204725354,-0.6680597849180032,2.367313526353861,69.36844663022066,71.73576015657451
9.171999999999732,7.23,7.821477496825018,0.7808676514998227,-1.531534493598718,2.4842313845609243,-5.250239391054886,1.8460171415670033,0.0,1.7322751801758818,2.647942027854058,0.0,-0.6980259404708113,-0.8325859928757905,0.0,0.7932021096673499,-0.6650071624092093,2.419001659573657,69.31658866080846,71.73559032038212
9.173999999999733,7.23,7.818403938097781,0.7858397594157654,-1.5420188934583077,2.487853109001535,-5.234218929329564,1.7757501208108826,0.0,1.7308774041467054,2.646260286950693,0.0,-0.6997485066238538,-0.849155665280453,0.0,0.8031605054729741,-0.6618460987342721,2.4714372278787797,69.26398224617222,71.735419474051
9.175999999999734,7.23,7.815309442377618,0.7908189704177728,-1.552471603414763,2.4913345557250133,-5.218549139218636,1.7057383979430574,0.0,1.7294761928668383,2.6445454012893284,0.0,-0.7014611580781173,-0.865730710105779,0.0,0.8128025134433536,-0.6585759124787381,2.5246197204604472,69.21062790814409,71.73524762860454
9.177999999999734,7.23,7.812194072344416,0.795805004456845,-1.562893322663411,2.4946762290605538,-5.203227845209989,1.6359756570932857,0.0,1.728071566363318,2.6427973603660253,0.0,-0.7031636982119237,-0.8823108870216776,0.0,0.8221222258091668,-0.6551959328458211,2.578548619156627,69.15652617591518,71.7350747950718
9.179999999999735,7.23,7.809057889284129,0.8007975824798134,-1.5732847458843089,2.497878620413518,-5.18825270828919,1.5664552922838615,0.0,1.7266635450505148,2.6410161541542356,0.0,-0.7048559363035934,-0.8988959589742479,0.0,0.8311137207544604,-0.6517054993612796,2.6332233984024964,69.10167758608237,71.73490098448487
9.181999999999736,7.23,7.805900953098139,0.8057964264029207,-1.5836465629196559,2.5009422076970504,-5.1736212303274165,1.4971704192114679,0.0,1.7252521497184006,2.639201773098203,0.0,-0.7065376874577323,-0.9154856922340251,0.0,0.8397710616707553,-0.648103961580109,2.688643525177591,69.04608268269918,71.73472620787678
9.183999999999736,7.23,7.802723322313243,0.8108012590842877,-1.59397945845981,2.503867454786973,-5.159330758299318,1.4281138867472238,0.0,1.723837401520976,2.63735420810627,0.0,-0.7082087725301679,-0.9320798564411303,0.0,0.8480882963904021,-0.6443906787956456,2.7448084589496347,68.98974201732966,71.7345504762793
9.185999999999737,7.23,7.799525054092263,0.8158118042953122,-1.6042841117375695,2.5066548109993962,-5.145378488327954,1.359278288150545,0.0,1.7224193219648392,2.6354734505440924,0.0,-0.709869018051749,-0.9486782246474899,0.0,0.8560594564008996,-0.6405650197515879,2.8017176516149793,68.93265614910601,71.73437380072099
9.187999999999738,7.23,7.796306204245263,0.8208277866910457,-1.6145611962303685,2.509304710590469,-5.131761469553947,1.290655971992634,0.0,1.7209979328979144,2.6335594922277785,0.0,-0.7115182561512733,-0.9652805733563108,0.0,0.8636785560418808,-0.636626362357478,2.859370547435695,68.8748256447896,71.73419619222528
9.189999999999738,7.23,7.793066827241349,0.8258489317795916,-1.6248113793700332,2.5118175722776788,-5.118476607826674,1.2222390527868248,0.0,1.719573256498336,2.6316123254169455,0.0,-0.7131563244777461,-0.9818866825589807,0.0,0.8709395916864217,-0.6325740934081034,2.917766582973296,68.81625107883536,71.73401766180866
9.191999999999739,7.23,7.789806976221047,0.8308749658905663,-1.6350353222597402,2.5141937987821246,-5.105520669215951,1.1540194213243682,0.0,1.7181453152634827,2.629631942807716,0.0,-0.7147830661221989,-0.9984963357695719,0.0,0.877836540908305,-0.6284076083072838,2.976905187019086,68.75693303346007,71.73383822047916
9.19399999999974,7.23,7.786526703009234,0.8359056161426659,-1.6452336793978195,2.516433776391158,-5.092890283342666,1.085988754714223,0.0,1.7167141319991743,2.6276183375256323,0.0,-0.7163983295392654,-1.015109320057099,0.0,0.8843633616368117,-0.624126310796461,3.036785780521102,68.69687209871361,71.73365787923471
9.19599999999974,7.23,7.783226058128624,0.8409406104103779,-1.6554070984080345,2.518537874540815,-5.0805819465274995,1.018138526127081,0.0,1.7152797298090219,2.625571503118518,0.0,-0.7180019684687203,-1.031725426075715,0.0,0.8905139913006137,-0.6197296126884971,3.0974077765077115,68.63606887255409,71.7334766490618
9.197999999999741,7.23,7.779905090813773,0.845979677289877,-1.6655562197759792,2.520506445417436,-5.068592024757153,0.9504600142442508,0.0,1.7138421320839359,2.6234914335492823,0.0,-0.7195938418571601,-1.048344448092995,0.0,0.8962823459622767,-0.6152169336070457,3.1587705800078316,68.5745239609263,71.73329454093412
9.199999999999742,7.23,7.7765638490256235,0.8510225460641428,-1.6756816765912241,2.5223398235778896,-5.0569167564677855,0.8829443124127456,0.0,1.712401362491792,2.621378123188662,0.0,-0.721173813780008,-1.0649661840164588,0.0,0.9016623194448543,-0.6105877007318421,3.2208735879677355,68.51223797784363,71.73311156581136
9.201999999999742,7.23,7.773202379466544,0.8560689466673365,-1.6857840942948452,2.5240383255878176,-5.045552255145599,0.8155823375085642,0.0,1.710957444967248,2.61923156680792,0.0,-0.7227417533640121,-1.0815904354185029,0.0,0.9066477824520421,-0.6058413485502356,3.283716189164553,68.44921154547359,71.73292773463814
9.203999999999743,7.23,7.769820727595876,0.8611186096484705,-1.695864090431974,2.5256022496773154,-5.034494511745104,0.7483648385111223,0.0,1.7095104037017221,2.6170517595714875,0.0,-0.7242975347104035,-1.098217007559864,0.0,0.9112325816832809,-0.6009773186152553,3.347297764116369,68.38544529422651,71.73274305834288
9.205999999999744,7.23,7.7664189376459705,0.8661712661344081,-1.7059222744089995,2.527031875413473,-5.0237393969255075,0.6812824047919648,0.0,1.7080602631335169,2.6148386970295725,0.0,-0.7258410368188668,-1.114845709411793,0.0,0.9154105389452327,-0.5959950593104887,3.411617684989037,68.32093986284812,71.73255754783716
9.207999999999744,7.23,7.762997052638703,0.8712266477922229,-1.7159592472550638,2.528327463389213,-5.013282663106004,0.6143254741213786,0.0,1.7066070479380988,2.61259237511071,0.0,-0.7273721435124596,-1.1314763536770442,0.0,0.9191754502609435,-0.5908940256220019,3.476675315499584,68.255695898515,71.73237121401459
9.209999999999745,7.23,7.7595551144024615,0.8762844867909528,-1.725975601387487,2.529489254927866,-5.003119946341154,0.5474843403975287,0.0,1.7051507830185253,2.6103127901142837,0.0,-0.7288907433636378,-1.148108756809847,0.0,0.9225210849780467,-0.5856736789175503,3.5424700108163902,68.18971405693392,71.73218406775031
9.211999999999746,7.23,7.7560931635896075,0.881344515762778,-1.7359719203807644,2.5305174718029213,-4.993246768017451,0.48074916110246235,0.0,1.703691493496021,2.607999938702998,0.0,-0.7303967296215181,-1.16474273903497,0.0,0.9254411848772838,-0.5803334867332764,3.60900111745603,68.12299500244409,71.73199611990012
9.213999999999746,7.23,7.752611239694384,0.8864064677636531,-1.7459487787387789,2.531412315972433,-4.983658536372656,0.4141099644904722,0.0,1.7022292047006926,2.6056538178953255,0.0,-0.7318900001404758,-1.1813781243660282,0.0,0.9279294632826164,-0.574872922568055,3.6762679731768464,68.05553940812328,71.73180738130013
9.215999999999747,7.23,7.749109381071286,0.891470076233423,-1.7559067416698761,2.532173969327531,-4.974350547839408,0.3475566565140449,0.0,1.7007639421623912,2.603274425057908,0.0,-0.7333704573102408,-1.1980147406231343,0.0,0.9299796041741599,-0.5692914656856854,3.7442699068692815,67.9873479558969,71.73161786276617
9.217999999999748,7.23,7.745587624953872,0.8965350749554484,-1.765846364864453,2.532802593454528,-4.965317988214797,0.28107902749308966,0.0,1.69929573160171,2.6008617578979263,0.0,-0.734838007987575,-1.2146524194500388,0.0,0.9315852613051593,-0.5635886009250446,3.8130062384429895,67.91842133665047,71.73142757509346
9.219999999999748,7.23,7.742046007474022,0.9016011980157693,-1.775768194274712,2.533298329410117,-4.9565559336580405,0.21466675853404116,0.0,1.6978245989211147,2.5984158144554383,0.0,-0.7362925634296434,-1.2312909963308585,0.0,0.9327400573241792,-0.557763818518325,3.882476278710709,67.84876025034546,71.73123652905618
9.221999999999749,7.23,7.73848456368163,0.9066681797618318,-1.7856727658962428,2.533661297509157,-4.948059351517942,0.1483094277044703,0.0,1.6963505701962105,2.5959365930956793,0.0,-0.7377340392291994,-1.2479303106065178,0.0,0.9334375829036913,-0.5518166139174825,3.9526793292690403,67.77836540613825,71.7310447354073
9.22399999999975,7.23,7.73490332756474,0.911735754760802,-1.7955606055510864,2.5338915971245726,-4.939823100992501,0.08199651597032087,0.0,1.6948736716671342,2.5934240925013317,0.0,-0.7391623552516619,-1.2645702054909984,0.0,0.9336713958761746,-0.5457464876289564,4.023614682375992,67.70723752250228,71.73085220487827
9.22599999999975,7.23,7.7313023320701015,0.9168036577574921,-1.805432228671957,2.5339893064988948,-4.9318419336228825,0.01571741290246642,0.0,1.6933939297300666,2.590878311664767,0.0,-0.7405774355741809,-1.2812105280875266,0.0,0.9334350203788723,-0.5395529450567341,4.095281620825456,67.6353773273537,71.73065894817915
9.227999999999751,7.23,7.727681609124169,0.9218716236319201,-1.8152881400872845,2.533954482566989,-4.9241104936237985,-0.0505385778409746,0.0,1.6919113709288753,2.588299249880246,0.0,-0.7419792084267973,-1.2978511294047708,0.0,0.9327219460082818,-0.5332354963538263,4.167679417818641,67.5627855581796,71.73046497599825
9.229999999999752,7.23,7.724041189654524,0.9269393873565267,-1.8251288338067582,2.5337871607895326,-4.916623318053126,-0.11678223324865478,0.0,1.6904260219468572,2.5856869067360924,0.0,-0.743367606135754,-1.314491864373172,0.0,0.9315256269854771,-0.5267936562821638,4.240807336832381,67.48946296216985,71.73027029900223
9.231999999999752,7.23,7.720381103611723,0.9320066839530685,-1.8349547928070504,2.5334873549968107,-4.909374836822784,-0.18302440589989555,0.0,1.6889379095986081,2.5830412821068376,0.0,-0.7447425650690592,-1.3311325918614867,0.0,0.9298394813333145,-0.5202269440809505,4.314664631484495,67.41541029635185,71.73007492783634
9.233999999999753,7.23,7.7167013799915845,0.9370732484492097,-1.844766488817405,2.5330550572424215,-4.902359372553654,-0.24927601911082942,0.0,1.6874470608219874,2.580362376145323,0.0,-0.7461040255843727,-1.3477731746936348,0.0,0.9276568900665765,-0.513534883343469,4.389250545396172,67.34062832772817,71.72987887312433
9.235999999999754,7.23,7.713002046857891,0.9421388158348303,-1.8545643821047817,2.532490237666494,-4.89557114027702,-0.31554806227537036,0.0,1.6859535026701917,2.577650189274772,0.0,-0.7474519319792869,-1.3644134796659482,0.0,0.9249711963960838,-0.5067170019023229,4.464564312051388,67.2651178334173,71.7296821454687
9.237999999999754,7.23,7.709283131365537,0.9472031210180698,-1.8643489212582538,2.5317928443680353,-4.889004246985136,-0.3818515863937737,0.0,1.6844572623039207,2.574904722180829,0.0,-0.7487862324440708,-1.381053377564891,0.0,0.9217757049477958,-0.4997728317230858,4.540605154653495,67.18887960079734,71.72948475545083
9.239999999999755,7.23,7.705544659784095,0.9522658987811249,-1.874120542972355,2.530962803286036,-4.882652691033614,-0.44819769978112767,0.0,1.6829583669836374,2.572125975803564,0.0,-0.750106879016945,-1.3976927431853399,0.0,0.9180636809979131,-0.49270190880631587,4.617372285978912,67.11191442765261,71.72928671363152
9.241999999999756,7.23,7.701786657521823,0.9573268837358175,-1.8838796718290889,2.530000018088991,-4.876510361398241,-0.5145975639484766,0.0,1.6814568440619153,2.5693139513294305,0.0,-0.7514138275419583,-1.4143314553494988,0.0,0.9138283497249725,-0.4855037730978768,4.694864908228051,67.03422312232291,71.72908803055097
9.243999999999756,7.23,7.6980091491501135,0.9623858102789502,-1.893626720078305,2.528904370072485,-4.870571036789029,-0.5810623896488902,0.0,1.679952720975868,2.566468650183196,0.0,-0.7527070376295262,-1.4309693969265127,0.0,0.9090628954799327,-0.4781779684074961,4.77308221287349,66.95580650385588,71.72888871672937
9.245999999999757,7.23,7.694212158428375,0.967442412547464,-1.9033620874161656,2.527675718064533,-4.86482838462419,-0.6476034330810627,0.0,1.6784460252396505,2.5635900740198263,0.0,-0.7539864726196692,-1.447606454852871,0.0,0.9037604610752227,-0.4707240423354496,4.852023380505422,66.87666540216178,71.7286887826672
9.247999999999758,7.23,7.690395708329362,0.9724964243734152,-1.9130861607614216,2.526313898338359,-4.859275959866806,-0.7142319922429685,0.0,1.6769367844370353,2.5606782247163338,0.0,-0.7552520995480467,-1.4642425201536398,0.0,0.8979141470937441,-0.46314154620730924,4.931687580674543,66.79680065817132,71.72848823884587
9.249999999999758,7.23,7.686559821064959,0.9775475792387845,-1.9227993140292252,2.524818724532323,-4.853907203726959,-0.7809594034281648,0.0,1.6754250262140555,2.5577331043635683,0.0,-0.7565038891148147,-1.4808774879645998,0.0,0.8915170112187704,-0.45543003501660223,5.012073971732196,66.71621312399566,71.72828709572785
9.251999999999759,7.23,7.682704518112413,0.9825956102301331,-1.9325019079022177,2.523189987576721,-4.848715442232189,-0.8477970378571547,0.0,1.6739107782717018,2.554754715257986,0.0,-0.7577418156563627,-1.4975112575553569,0.0,0.8845620675857407,-0.447589067375267,5.093181700668132,66.63490366308952,71.72808536375764
9.25399999999976,7.23,7.678829820241032,0.9876402499931182,-1.942194289598626,2.5214274556271947,-4.843693884669025,-0.9147562984366866,0.0,1.6723940683586775,2.551743059893344,0.0,-0.7589658571199999,-1.5141437323534626,0.0,0.8770422861568922,-0.4396182054717651,5.175009902945736,66.55287315041613,71.72788305336186
9.25599999999976,7.23,7.674935747539347,0.9926812306868833,-1.951876792637117,2.519530874004494,-4.8388356218984825,-0.9818486166394358,0.0,1.6708749242641974,2.548698140952374,0.0,-0.7601759950416154,-1.5307748199696118,0.0,0.8689505921196934,-0.4315170150366739,5.257557702334797,66.47012247261554,71.72768017495034
9.257999999999761,7.23,7.671022319442752,0.9977182839383328,-1.9615497365981598,2.517499965140375,-4.834133624548314,-1.0490854494971265,0.0,1.669353373810833,2.5456199612983745,0.0,-0.7613722145263954,-1.547404432223961,0.0,0.8602798653100496,-0.4232850653156086,5.34082421074201,66.38665252817421,71.72747673891622
9.259999999999762,7.23,7.667089554761616,1.002751140796305,-1.9712134268816501,2.5153344285293975,-4.829580741085022,-1.1164782766995085,0.0,1.667829444847388,2.5425085239667804,0.0,-0.7625545042326061,-1.5640324851736165,0.0,0.8510229396612358,-0.4149219290492623,5.424808528039118,66.30246422759798,71.7272727556371
9.261999999999762,7.23,7.663137471709897,1.0077795316856544,-1.9808681544605622,2.5130339406864257,-4.825169695768285,-1.184038597792643,0.0,1.6663031652418097,2.5393638321566443,0.0,-0.7637228563585412,-1.5806588991413302,0.0,0.8411726026795177,-0.40642718246038806,5.509509741888925,66.21755849358642,71.72706823547534
9.263999999999763,7.23,7.659166087934241,1.0128031863612539,-1.9905141956303936,2.5105981551096432,-4.820893086491011,-1.2517779294688731,0.0,1.664774562874114,2.536185889222092,0.0,-0.7648772666326206,-1.5972835987454554,0.0,0.8307215949474387,-0.3978004052474753,5.594926927569091,66.13193626120999,71.72686318877908
9.265999999999764,7.23,7.655175420543594,1.0178218338619294,-2.0001518117541783,2.5080267022488965,-4.816743382507701,-1.3197078029420624,0.0,1.6632436656293372,2.5329746986636885,0.0,-0.7660177343067535,-1.61390651293118,0.0,0.819662609655734,-0.38904118058492526,5.681059147793884,66.0455984780888,71.7266576258827
9.267999999999764,7.23,7.651165486139321,1.022835202464336,-2.009781249002848,2.5053191894792106,-4.812712922054126,-1.3878397614011515,0.0,1.6617105013904907,2.5297302641197548,0.0,-0.7671442621529511,-1.630527575003089,0.0,0.8079882921648477,-0.38014909512944045,5.76790545253399,65.9585461045737,71.7264515571077
9.269999999999765,7.23,7.647136300845861,1.0278430196367851,-2.019402738090725,2.502475201079327,-4.808793909861469,-1.4561853575350012,0.0,1.6601750980315209,2.5264525893576177,0.0,-0.7682568564632853,-1.6471467226590797,0.0,0.7956912395970377,-0.3711237390323962,5.855464878834361,65.87078011392914,71.7262449927635
9.271999999999766,7.23,7.643087880341903,1.0328450119930357,-2.0290164940059423,2.499494298215123,-4.804978414567721,-1.5247561511222996,0.0,1.6586374834102684,2.5231416782647877,0.0,-0.7693555270532056,-1.66376389802565,0.0,0.7827640004600556,-0.3619647059578987,5.943736450630253,65.782301492518,71.72603794314826
9.273999999999766,7.23,7.639020239892115,1.037840905246055,-2.0386227157355856,2.4963760189277933,-4.801258366029482,-1.5935637066798662,0.0,1.6570976853614137,2.5197975348400607,0.0,-0.7704402872682812,-1.6803790476946012,0.0,0.7691990743033928,-0.3526715931062403,6.03271917856159,65.6931112399879,71.72583041854949
9.275999999999767,7.23,7.634933394379427,1.042830424161762,-2.0482215859853605,2.4931198781266812,-4.7976255525373,-1.6626195911627297,0.0,1.655555731689407,2.516420163184557,0.0,-0.7715111539943972,-1.6969921227611529,0.0,0.7549889114080985,-0.3432440012424375,6.122412059785588,65.60321036945956,71.72562242924515
9.277999999999768,7.23,7.630827358337873,1.0478132925127597,-2.0578132708935977,2.4897253675866637,-4.794071617937535,-1.7319353717100414,0.0,1.6540116501613744,2.5130095674926727,0.0,-0.7725681476714727,-1.7136030788635126,0.0,0.7401259125111849,-0.33368153472952994,6.212814077787948,65.51259990771646,71.72541398550442
9.279999999999768,7.23,7.626702145986023,1.0527892330320674,-2.067397919739412,2.4861919559500043,-4.790588058664103,-1.8015226134302296,0.0,1.6524654684999955,2.509565752042947,0.0,-0.7736112923107333,-1.7302118762238876,0.0,0.7246024285656283,-0.3239838015662861,6.303924202192468,65.4212808953959,71.72520509758836
9.281999999999769,7.23,7.622557771260996,1.0577579673668616,-2.076975664644835,2.4825190887326003,-4.787166220683131,-1.8713928772196553,0.0,1.6509172143763395,2.506088721188859,0.0,-0.7746406155155818,-1.7468184796909785,0.0,0.7084107605370202,-0.3141504134289546,6.395741388569458,65.32925438718158,71.72499577575104
9.28399999999977,7.23,7.618394247853074,1.0627192160322323,-2.086546620270756,2.478706188334565,-4.783797296353975,-1.9415577176084877,0.0,1.6493669154026525,2.5025784793495314,0.0,-0.7756561485061231,-1.7634228587839378,0.0,0.6915431592378901,-0.30418098571667684,6.488264578242843,65.23652145199753,71.72478603024038
9.28599999999977,7.23,7.6142115892409405,1.067672698364966,-2.0961108835065,2.474752654055097,-4.780472321209835,-2.0120286806281227,0.0,1.647814599125104,2.4990350310003384,0.0,-0.7766579261474011,-1.7800249877378072,0.0,0.6739918252007623,-0.2940751376001639,6.581492698096104,65.14308317320274,71.72457587129884
9.287999999999771,7.23,7.610009808727533,1.0726181324773627,-2.105668533152893,2.4706578621115938,-4.777182170661431,-2.0828173016943987,0.0,1.6462602930164612,2.4954583806634294,0.0,-0.7776459869813652,-1.7966248455504423,0.0,0.65574890859102,-0.2838324920732037,6.6754246603773275,65.04894064878725,71.72436530916458
9.289999999999772,7.23,7.605788919476544,1.0775552352110938,-2.1152196295986587,2.4664211656629944,-4.773917556627249,-2.1539351035006904,0.0,1.6447040244687006,2.4918485328981603,0.0,-0.7786203732626478,-1.8132224160309045,0.0,0.6368065091606475,-0.2734526760065689,6.770059362503236,64.95409499156895,71.72415435407218
9.291999999999772,7.23,7.601548934549579,1.0824837220911132,-2.1247642144900056,2.4620418948373244,-4.770669024093898,-2.225393593915742,0.0,1.6431458207855432,2.4882054922914176,0.0,-0.7795811309981808,-1.8298176878493282,0.0,0.617156676243939,-0.2629353202038481,6.865395686862536,64.85854732939117,71.72394301625371
9.293999999999773,7.23,7.597289866943971,1.087403307279626,-2.134302310393268,2.4575193567634477,-4.767426947610133,-2.2972042638807846,0.0,1.6415857091749104,2.4845292634478406,0.0,-0.7805283099907212,-1.846410654588243,0.0,0.5967914087962958,-0.2522800594587299,6.961432500618666,64.76229880532084,71.72373130593951
9.295999999999774,7.23,7.593011729631288,1.0923137035301256,-2.143833920450472,2.4528528356070303,-4.764181527718628,-2.3693785853001144,0.0,1.6400237167412794,2.4808198509799544,0.0,-0.7814619638863098,-1.8630013147953444,0.0,0.5757026554772114,-0.24148653261321334,7.058168655511908,64.66535057784726,71.72351923335917
9.297999999999774,7.23,7.588714535596529,1.0972146221415062,-2.153359028027707,2.448041592610731,-4.760922787328888,-2.4419280089208684,0.0,1.6384598704779527,2.4770772594981763,0.0,-0.7823821502257402,-1.8795896720376923,0.0,0.5538823147785875,-0.23055438261622427,7.155602987661302,64.5677038210812,71.72330680874249
9.299999999999775,7.23,7.584398297878039,1.1021057729122614,-2.162877596356183,2.443084866138651,-4.757640568035715,-2.5148639621960536,0.0,1.6368941972592097,2.473301493600726,0.0,-0.7832889305000776,-1.8961757349573092,0.0,0.5313222351995316,-0.21948325658208137,7.253734317366214,64.4693597249541,71.72309404232031
9.301999999999776,7.23,7.5800630296081355,1.1069868640947746,-2.1723895681658814,2.437981871725073,-4.754324526386983,-2.588197847126568,0.0,1.6353267238323475,2.4694925578634197,0.0,-0.7841823702102771,-1.9127595173281633,0.0,0.508014215468789,-0.20827280584822305,7.352561448907955,64.37031949541765,71.7228809443256
9.303999999999776,7.23,7.5757087440544915,1.111857602349712,-2.181894865311686,2.4327318021275497,-4.7509641301051095,-2.6619410380770345,0.0,1.6337574768096,2.465650456829344,0.0,-0.7850625389309716,-1.9293410381144958,0.0,0.48395000481598605,-0.19692268603159577,7.452083170351385,64.27058435464275,71.72266752499414
9.305999999999777,7.23,7.571335454662261,1.1167176927005251,-2.1913933883919214,2.4273338273843805,-4.74754865426654,-2.736104879560802,0.0,1.6321864826599202,2.4617751949984235,0.0,-0.7859295103784518,-1.9459203215304666,0.0,0.4591213032928879,-0.18543255708306583,7.552298253346841,64.17015554121883,71.72245379456567
9.307999999999778,7.23,7.5669431750969816,1.1215668384880748,-2.2008850163592064,2.421787094876562,-4.74406717744359,-2.810700683989835,0.0,1.6306137677006292,2.45786677681685,0.0,-0.7867833624829389,-1.9624973971010649,0.0,0.4335197621458541,-0.17380208333919828,7.653205452932478,64.0690343103522,71.72223976328468
9.309999999999778,7.23,7.562531919288262,1.126404741325381,-2.2103696061235603,2.4160907293942704,-4.740508577813514,-2.885739729384599,0.0,1.629039358088909,2.4539252066664066,0.0,-0.7876241774651552,-1.9790722997242673,0.0,0.4071369842407311,-0.1620309335707073,7.754803507337172,63.96722193406416,71.72202544140134
9.31199999999978,7.23,7.558101701474271,1.1312311010525127,-2.219846992147698,2.4102438332079736,-4.736861529239368,-2.961233257039984,0.0,1.6274632798131452,2.449950488853656,0.0,-0.7884520419172867,-1.9956450697343584,0.0,0.3799645245414092,-0.15011878102687012,7.857091137784237,63.864719701388196,71.72181083917243
9.31399999999978,7.23,7.553652536247041,1.136045615691622,-2.229316986034464,2.404245486144255,-4.7331144973277395,-3.0371924691429477,0.0,1.6258855586840935,2.445942627599008,0.0,-0.7892670468883656,-2.012215752966398,0.0,0.35199389064328485,-0.13806530347514429,7.960067048296039,63.76152891856628,71.72159596686231
9.31599999999978,7.23,7.549184438598608,1.1408479814021382,-2.238779376106359,2.3980947456664548,-4.729255735468345,-3.113628526337985,0.0,1.6243062203258833,2.4419016270256404,0.0,-0.7900692879741628,-2.0287844008217495,0.0,0.32321654336289857,-0.12587018323522284,8.063729925499869,63.657650909243706,71.72138083474357
9.317999999999781,7.23,7.544697423968001,1.145637892436124,-2.248233926977136,2.3917906469602355,-4.725273280861016,-3.1905525452360823,0.0,1.6227252901668268,2.4378274911483158,0.0,-0.7908588654116034,-2.0453510703346174,0.0,0.293623897385033,-0.11353310720671055,8.16807843843506,63.55308701466314,71.7211654530982
9.319999999999782,7.23,7.540191508289094,1.150415041093811,-2.2576803791154405,2.385332203024191,-4.721154950535287,-3.26797559586395,0.0,1.6211427934300402,2.4337202238620375,0.0,-0.7916358841777986,-2.0619158242395232,0.0,0.26320732196853536,-0.10105376688957757,8.27311123836171,63.44783859385655,71.72094983221827
9.321999999999782,7.23,7.535666708039334,1.155179117679321,-2.2671184484004887,2.378718404765617,-4.71688833736851,-3.34590869904944,0.0,1.619558755123859,2.429579828930584,0.0,-0.7924004540937353,-2.078478731039647,0.0,0.23195814171219598,-0.0884318583965231,8.378826958571155,63.34190702383564,71.7207339824068
9.323999999999783,7.23,7.53112304028938,1.1599298104565818,-2.276547825669783,2.3719482211015808,-4.712460806108237,-3.4243628237398545,0.0,1.6179732000320437,2.4254063099749024,0.0,-0.7931526899326832,-2.0950398650759516,0.0,0.19986763738197783,-0.07566708245633252,8.485224214198503,63.23529369978017,71.72051791397868
9.325999999999784,7.23,7.5265605227536385,1.1646668056054543,-2.2859681762588826,2.36502059906542,-4.707859489405072,-3.503348884249694,0.0,1.6163861527037626,2.421199670461366,0.0,-0.7938927115333604,-2.111599306597011,0.0,0.16692704680093043,-0.06275914440728601,8.592301602037246,63.12800003522425,71.72030163726149
9.327999999999784,7.23,7.5219791738417365,1.1693897871780747,-2.295379139533256,2.357934463918823,-4.703071283862268,-3.5828777374347176,0.0,1.6147976374433446,2.416959913689882,0.0,-0.7946206439179576,-2.1281571418294316,0.0,0.1331275658031391,-0.04970775417964846,8.700057700356421,63.02002746223976,71.72008516259618
9.329999999999785,7.23,7.517379012710936,1.1740984370554288,-2.304780328412256,2.3506887192696366,-4.6980828461086475,-3.6629601797891462,0.0,1.6132076782997884,2.412687042781873,0.0,-0.7953366174150153,-2.144713463048796,0.0,0.09846034925303884,-0.03651262626621152,8.808491068720523,62.91137743161759,71.71986850033811
9.331999999999786,7.23,7.51276005931951,1.178792434904167,-2.314171328885266,2.3432822471955568,-4.692880588901651,-3.7436069444632363,0.0,1.6116162990560237,2.4083810606681024,0.0,-0.7960407677872644,-2.1612683686510072,0.0,0.06291651213145821,-0.02317347967984355,8.91760024781211,62.80205141304543,71.71965166085755
9.333999999999786,7.23,7.508122334481091,1.183471458133672,-2.3235516995200918,2.3357139083738674,-4.687450677267535,-3.8248286981983446,0.0,1.6100235232179125,2.404041970076361,0.0,-0.7967332363644566,-2.1778219632239164,0.0,0.026487130689791635,-0.009690037896966628,9.027383759257944,62.69205089528268,71.71943465454062
9.335999999999787,7.23,7.503465859920013,1.1881351818533943,-2.332920970963675,2.327982542217395,-4.681779024686098,-3.906636038176903,0.0,1.6084293740029754,2.3996697735190144,0.0,-0.797414170181233,-2.194374357619143,0.0,-0.01083675632637973,0.0039379712141879315,9.137840105458283,62.58137738633168,71.71921749178996
9.337999999999788,7.23,7.498790658327658,1.1927832788304626,-2.3422786454352273,2.3200869670168474,-4.67585128932736,-3.989039488785057,0.0,1.6068338743288404,2.395264473280407,0.0,-0.7980837221201085,-2.210925669023929,0.0,-0.04906414638276782,0.017710815481685644,9.248967769420123,62.47003241360541,71.71900018302553
9.339999999999788,7.23,7.494096753419826,1.1974154194475894,-2.351624196211898,2.312025980089719,-4.669652870348078,-4.072049498285598,0.0,1.6052370468014026,2.39082607140411,0.0,-0.7987420510596008,-2.2274760210329227,0.0,-0.08820407178961909,0.031628758535581704,9.360765214594329,62.35801752409081,71.71878273868514
9.34199999999979,7.23,7.489384169995139,1.2020312716612778,-2.3609570671070976,2.303798357935941,-4.6631689042563105,-4.155676435399127,0.0,1.6036389137026754,2.386354569680038,0.0,-0.7993893220275676,-2.2440255437197334,0.0,-0.1282655982612923,0.04569205993243398,9.473230884717122,62.245334284508054,71.71856516922517
9.34399999999979,7.23,7.4846529339944965,1.2066305009603477,-2.370276671941629,2.295402856400462,-4.65638426135225,-4.239930585791521,0.0,1.6020394969783385,2.3818499696314284,0.0,-0.8000257063597789,-2.2605743737081263,0.0,-0.16925782340076506,0.05990097529991698,9.586363203656102,62.13198428146525,71.71834748512136
9.34599999999979,7.23,7.479903072561593,1.2112127703247952,-2.379582394007782,2.2868382108429484,-4.649283542254036,-4.324822148466386,0.0,1.6004388182249554,2.3773122725016558,0.0,-0.8006513818638075,-2.277122654242685,0.0,-0.21118987510769674,0.07425575650287372,9.700160575261302,62.01796912160786,71.71812969686917
9.347999999999791,7.23,7.475134614104522,1.2157777401849972,-2.388873585526573,2.2781031363147988,-4.641851074517609,-4.4103612320605015,0.0,1.5988368986768635,2.3727414792409327,0.0,-0.8012665329882329,-2.2936705352588014,0.0,-0.25407090990860276,0.08875665183215228,9.814621383221262,61.90329043176329,71.71791181498455
9.349999999999792,7.23,7.470347588358459,1.2203250683812779,-2.3981495670983235,2.2691963277436615,-4.63407090935971,-4.496557851041467,0.0,1.5972337591927204,2.3681375904928497,0.0,-0.8018713509972523,-2.310218173451798,0.0,-0.29791011120775945,0.1034039062176445,9.929743990924816,61.78794985907956,71.71769385000438
9.351999999999792,7.23,7.465542026449468,1.2248544101238532,-2.4074096271468,2.2601164601256594,-4.625926818493784,-4.583421921806135,0.0,1.5956294202416874,2.3635006065807946,0.0,-0.8024660341506799,-2.3267657323450215,0.0,-0.342716687457421,0.11819776146696058,10.045526741328619,61.671949071158465,71.71747581248708
9.353999999999793,7.23,7.460717960959404,1.2293654179531655,-2.4166530213571438,2.2508621887255145,-4.617402291088428,-4.670963258679355,0.0,1.5940239018892615,2.3588305274942236,0.0,-0.803050787889426,-2.3433133823567065,0.0,-0.38849987024594873,0.1331384565312304,10.161967956830921,61.555289756182084,71.717257713013
9.355999999999794,7.23,7.455875425991968,1.233857741700628,-2.425878972107848,2.2414321492847775,-4.608480530858779,-4.759191569812209,0.0,1.592417223782717,2.3541273528748103,0.0,-0.8036258250264336,-2.35986130086543,0.0,-0.43526891230246073,0.14822622779955077,10.279065939151893,61.43797362303307,71.71703956218497
9.357999999999794,7.23,7.451014457239885,1.238331028449794,-2.435086667897061,2.2318249582383616,-4.599144453301209,-4.848116452979488,0.0,1.5908094051361696,2.349391082002455,0.0,-0.8041913659431548,-2.376409672273927,0.0,-0.4830330854165921,0.16346130942364273,10.396818969220764,61.320002401407706,71.71682137062847
9.359999999999795,7.23,7.4461350920532485,1.2427849224979661,-2.4442752627635116,2.2220392129395803,-4.5893766830822,-4.937747391276314,0.0,1.589200464715236,2.34462171378118,0.0,-0.8047476387915289,-2.392958688071077,0.0,-0.5318016782720032,0.17884393367431806,10.515225307070358,61.20137784192199,71.71660314899235
9.361999999999796,7.23,7.441237369509018,1.2472190653182667,-2.4534438757023738,2.2120734918938947,-4.579159551592505,-5.028093748714132,0.0,1.5875904208212899,2.3398192467248933,0.0,-0.80529487970154,-2.4095085468918214,0.0,-0.5815839941922446,0.1943743313313974,10.634283191739085,61.082101716209756,71.71638490794884
9.363999999999796,7.23,7.436321330481699,1.251633095522182,-2.4625915900764155,2.2019263550015675,-4.568475094678082,-5.119164765716432,0.0,1.5859792912752892,2.334983678943038,0.0,-0.8058333329943237,-2.4260594545747782,0.0,-0.6323893487976292,0.21005273210875305,10.753990841181047,60.9621758170129,71.71616665819394
9.365999999999797,7.23,7.431387017715197,1.256026648822603,-2.471717453022796,2.1915963438094272,-4.5573050505595045,-5.210969554515056,0.0,1.584367093401179,2.3301150081261364,0.0,-0.8063632514008477,-2.442611624217328,0.0,-0.6842270675717521,0.22587936511618587,10.874346452184517,60.84160195826334,71.71594841044785
9.367999999999798,7.23,7.426434475895865,1.260399357997378,-2.4808204748559,2.1810819817719365,-4.545630857952004,-5.303517094448064,0.0,1.5827538440088476,2.3252132315312086,0.0,-0.8068848962861825,-2.459165276227892,0.0,-0.7371064833363464,0.24185445935989375,10.995348200299084,60.72038197515569,71.71573017545478
9.369999999999798,7.23,7.421463751726751,1.264750852853396,-2.489899628466623,2.170381774521762,-4.533433654398511,-5.396816227160465,0.0,1.5811395593766313,2.320278345967106,0.0,-0.8073985378793334,-2.4757206383751575,0.0,-0.791036933633128,0.2579782442832939,11.116994239772131,60.59851772421116,71.71551196398329
9.3719999999998,7.23,7.4164748940030485,1.2690807601912222,-2.4989538487185476,2.1594942101500414,-4.520694274828433,-5.4908756517095485,0.0,1.5795242552333488,2.3153103477797474,0.0,-0.8079044555086234,-2.4922779458339837,0.0,-0.8460277580114041,0.2742509503500277,11.23928270349477,60.47601108333171,71.71529378682648
9.3739999999998,7.23,7.4114679536887555,1.273388703770304,-2.5079820318414705,2.1484177594965286,-4.507393250355204,-5.585703919576682,0.0,1.5779079467398647,2.310309232837259,0.0,-0.8084029378426425,-2.508837441227675,0.0,-0.9020882952200938,0.29067280967097375,11.362211702957763,60.35286395184407,71.71507565480184
9.3759999999998,7.23,7.406442983994551,1.277674304274766,-2.516983034822778,2.137150876449813,-4.4935108073258005,-5.681309429588178,0.0,1.5762906484701635,2.30527499651504,0.0,-0.808894283136695,-2.5253993746663634,0.0,-0.9592278803030082,0.30724405667715077,11.485779328217951,60.2290782505333,71.71485757875125
9.377999999999801,7.23,7.401400040456891,1.2819371792798167,-2.5259556747971836,2.1256919982577793,-4.479026866636121,-5.777700422747501,0.0,1.5746723743919258,2.3002076336807518,0.0,-0.8093787994847454,-2.5419640037811697,0.0,-1.0174558415961186,0.32396492884039324,11.60998364787541,60.10465592166552,71.71463956954094
9.379999999999802,7.23,7.396339181018323,1.286176943218786,-2.53489872843537,2.1140395458484953,-4.4639210433258185,-5.87488497698229,0.0,1.573053137846592,2.2951071386792496,0.0,-0.8098568050767877,-2.5585315937538504,0.0,-1.0767814976256882,0.3408356674437201,11.734822709061962,59.97959892899935,71.71442163806131
9.381999999999802,7.23,7.391260466109029,1.2903932073508155,-2.5438109313321156,2.102191924161683,-4.448172646467056,-5.972871001809268,0.0,1.5714329515289114,2.289973505317454,0.0,-0.8103286284616207,-2.575102417341587,0.0,-1.1372141539060863,0.3578565184033308,11.86029453744129,59.8539092577855,71.7142037952268
9.383999999999803,7.23,7.3861639587295835,1.2945855797292227,-2.5526909773945055,2.090147522490941,-4.431760679361403,-6.071666232921231,0.0,1.5698118274659552,2.2848067268491743,0.0,-0.8107946088149466,-2.5916767548965884,0.0,-1.1987630996362195,0.3750277331441836,11.986397137221287,59.72758891475408,71.71398605197537
9.385999999999804,7.23,7.3810497245349485,1.298753665170559,-2.5615375182308515,2.0779047148368686,-4.414663840059771,-6.171278226700026,0.0,1.5681897769955921,2.279606795959912,0.0,-0.8112550962127183,-2.608254894380182,0.0,-1.2614376042935347,0.3923495695311166,12.11312849117898,59.600639928089464,71.71376841926845
9.387999999999805,7.23,7.375917831919673,1.3028970652243863,-2.5703491625409924,2.0654618602712307,-4.396860522220243,-6.271714354660307,0.0,1.5665668107444088,2.274373704751629,0.0,-0.8117104519096632,-2.6248371313709953,0.0,-1.325246914124537,0.40982229285748106,12.240486560698393,59.4730643473919,71.7135509080903
9.389999999999805,7.23,7.3707683521043235,1.3070153781437936,-2.579124475508659,2.0528173033123034,-4.378328816318947,-6.372981797829326,0.0,1.5649429386050704,2.269107444727507,0.0,-0.812161048622897,-2.6414237690669005,0.0,-1.3902002485309315,0.4274461768932833,12.368469285822139,59.344864243625416,71.71333352944755
9.391999999999806,7.23,7.365601359223118,1.3111081988566742,-2.587861978196625,2.0399693743115184,-4.35904651122945,-6.4750875410680395,0.0,1.5633181697131078,2.263808006776715,0.0,-0.8126072708204957,-2.6580151182803324,0.0,-1.4563067963504597,0.4452215049947945,12.497074585316717,59.21604170905196,71.71311629436867
9.393999999999807,7.23,7.360416930412772,1.3151751189377878,-2.5965601469453996,2.026916389851518,-4.338991096186163,-6.578038367339598,0.0,1.5616925124231225,2.258475381159193,0.0,-0.8130495150149222,-2.674611497426581,0.0,-1.5235757120315807,0.46314857127761055,12.626300356752354,59.08659885715083,71.71289921390319
9.395999999999807,7.23,7.355215145902538,1.3192157265816313,-2.6052174127762453,2.0136566531557216,-4.318139763147477,-6.6818408519319545,0.0,1.5600659742844025,2.253109557490461,0.0,-0.8134881900611761,-2.6912132325046896,0.0,-1.5920161117012603,0.48122768185513254,12.7561444765978,58.95653782252327,71.71268229912107
9.397999999999808,7.23,7.349996089105444,1.3232296065761389,-2.6138321607993324,2.0001884545094857,-4.2964694095745655,-6.786501356641252,0.0,1.5584385620159331,2.247710524726474,0.0,-0.8139237174595322,-2.707820657070519,0.0,-1.6616370691251288,0.4994591561444259,12.886604800330332,58.825860760781346,71.71246556111169
9.399999999999809,7.23,7.3447598467106925,1.3272163402772372,-2.622402729627882,1.9865100716929316,-4.273956641641806,-6.892026023923597,0.0,1.556810281480801,2.2422782711485505,0.0,-0.8143565316626518,-2.724434112201601,0.0,-1.7324476115594003,0.517843328241355,13.017679162561658,58.69456984842142,71.71224901098309
9.40199999999981,7.23,7.339506508777242,1.3311755055842776,-2.630927410799172,1.9726197704254946,-4.25057777789486,-6.998420771023328,0.0,1.5551811376599787,2.2368127843483636,0.0,-0.814787080386973,-2.7410539464533166,0.0,-1.8044567154939968,0.5363805483669493,13.1493653771801,58.5626672826807,71.7120326598608
9.40399999999981,7.23,7.334236168828528,1.3351066769163686,-2.639404448203324,1.9585158048222315,-4.226308853372568,-7.105691284086262,0.0,1.5535511346254829,2.2313140512130367,0.0,-0.8152158249281282,-2.757680515805996,0.0,-1.8776733022863934,0.5550711843868323,13.281661237509539,58.43015528137716,71.7118165188867
9.40599999999981,7.23,7.328948923948324,1.3390094251896338,-2.647832037520811,1.9441964178619102,-4.201125624208869,-7.213843012266756,0.0,1.5519202755128967,2.2257820579103615,0.0,-0.8156432404801791,-2.774314183602484,0.0,-1.9521062336858455,0.5739156234055506,13.414564516485516,58.29703608273232,71.71160059921783
9.407999999999811,7.23,7.323644874877712,1.342883317795417,-2.6562083256696583,1.9296598418668836,-4.175003572730743,-7.322881161838812,0.0,1.5502885624932508,2.2202167898741347,0.0,-0.8160698164584912,-2.790955320475731,0.0,-2.0277643072476983,0.5929142734376132,13.548072966849091,58.163311945175856,71.71138491202495
9.409999999999812,7.23,7.318324126113155,1.3467279185794583,-2.6645314102633533,1.9149042989947278,-4.1479179130683965,-7.432810690320827,0.0,1.5486559967442544,2.2146182317896637,0.0,-0.8164960568259454,-2.8076043042659364,0.0,-2.104656251637594,0.6120675651569307,13.682184321358797,58.0289851471323,71.71116946849111
9.411999999999813,7.23,7.312986786005634,1.3505427878220677,-2.672799339080502,1.8999280017416094,-4.119843597293628,-7.543636300625194,0.0,1.547022578420873,2.208986367579443,0.0,-0.8169224804222653,-2.8242615199267957,0.0,-2.1827907218255245,0.631375953726351,13.816896293021182,57.89405798678882,71.71095427981001
9.413999999999813,7.23,7.307632966860843,1.3543274822193136,-2.681010109547299,1.8847291534573183,-4.0907553221021935,-7.655362435244186,0.0,1.5453883066252436,2.2033211803890262,0.0,-0.8173496212961674,-2.8409273594203786,0.0,-2.262176294169788,0.6508399207088789,13.952206575340448,57.7585327818438,71.71073935718425
9.415999999999814,7.23,7.302262785040393,1.358081554865256,-2.6891616682339254,1.8693059488718833,-4.060627536056025,-7.767993270483743,0.0,1.5437531793759183,2.1976226525731306,0.0,-0.8177780290400045,-2.857602221600148,0.0,-2.342821461390988,0.6704599760620671,14.088112842587451,57.622411869236075,71.71052471182352
9.417999999999815,7.23,7.296876361064024,1.3618045552352422,-2.697251910365999,1.8536565746336604,-4.029434447400538,-7.881532710758362,0.0,1.5421171935764457,2.191890765681979,0.0,-0.8182082691266328,-2.874286512081664,0.0,-2.424734627436422,0.6902366602170514,14.224612750088824,57.485697604853854,71.71031035494268
9.419999999999815,7.23,7.2914738197127615,1.3654960291702918,-2.70527867935225,1.837779209858761,-3.9971500324723483,-7.995984382960092,0.0,1.5404803449832685,2.1861255004479094,0.0,-0.8186409232481235,-2.8909806431004523,0.0,-2.5079241022352545,0.7101705462435197,14.361703934536244,57.3483923632231,71.71009629775935
9.421999999999816,7.23,7.28605529013301,1.3691555188625903,-2.7132397663296124,1.8216720266916553,-3.963748044712237,-8.111351630915474,0.0,1.5388426281729446,2.1803268367723008,0.0,-0.8190765896559384,-2.907685033356592,0.0,-2.592398096345117,0.7302622421018252,14.499384014316572,57.21049853717538,71.70988255149196
9.423999999999817,7.23,7.28062090594154,1.3727825628421164,-2.7211329097269608,1.8053331908767616,-3.9292020242977492,-8.22763750994536,0.0,1.5372040365086908,2.1744947537127923,0.0,-0.8195158835022542,-2.9244001078454858,0.0,-2.678164715490812,0.7505123929833959,14.637650589863174,57.07201853749378,71.70966912735696
9.425999999999817,7.23,7.275170805331319,1.3763766959644215,-2.7289557948487424,1.7887608623408013,-3.893485308409562,-8.34484478154242,0.0,1.5355645621062353,2.168629229470894,0.0,-0.8199594371819203,-2.9411262976743515,0.0,-2.765231954996073,0.7709216837403189,14.776501244028784,56.93295479253782,71.7094560365666
9.427999999999818,7.23,7.269705131178162,1.3799374493995862,-2.736706053479788,1.7719531957856673,-3.856571042144985,-8.462975908182756,0.0,1.5339241957989929,2.1627302413799394,0.0,-0.8204079006747271,-2.9578640398639275,0.0,-2.853607694109444,0.7914908414050289,14.915933542480257,56.79330974784552,71.70924329032577
9.429999999999819,7.23,7.264224031148145,1.3834643506223716,-2.744381263512607,1.7549083412915216,-3.8184321900916447,-8.582033048287782,0.0,1.5322829271025507,2.1567977658934847,0.0,-0.8208619418874311,-2.9746137771349077,0.0,-2.943299690225547,0.8122206378006842,15.055945034115767,56.653085865713635,71.7090308998294
9.43199999999982,7.23,7.258727657805746,1.386956923403588,-2.7519789485985,1.7376244449298044,-3.7790415485735243,-8.702018051354067,0.0,1.5306407441784757,2.1508317785741253,0.0,-0.8213222469951337,-2.9913759576786054,0.0,-3.034315573003165,0.833111892242815,15.196533251504537,56.51228562475457,71.7088188762591
9.43399999999982,7.23,7.253216168722654,1.3904146878026968,-2.759496577823847,1.720099649385801,-3.738371758581105,-8.822932453268695,0.0,1.5289976337974345,2.144832254082801,0.0,-0.8217895207814656,-3.0081510349113545,0.0,-3.126662838381797,0.8541654743325452,15.337695711349594,56.37091151943038,71.70860723077998
9.43599999999982,7.23,7.247689726587197,1.3938371601616708,-2.766931565412947,1.7023320945903757,-3.696395319396153,-8.944777471829376,0.0,1.52735358130164,2.1387991661686057,0.0,-0.8222644869770441,-3.0249394672121976,0.0,-3.2203488424986113,0.875382306841542,15.4794299149739,56.22896605956319,71.7083959745371
9.437999999999821,7.23,7.242148499314347,1.3972238531001222,-2.7742812704588133,1.684319918360447,-3.6530846029213473,-9.067554002488073,0.0,1.5257085705666191,2.1327324876591343,0.0,-0.8227478885956868,-3.041741717643322,0.0,-3.3153807955077674,0.8967633686886757,15.621733348829935,56.08645176982185,71.70818511865178
9.439999999999822,7.23,7.23659266015622,1.4005742755117234,-2.7815429966833363,1.6660612570477324,-3.60841186872354,-9.19126261433875,0.0,1.5240625839623128,2.1266321904514163,0.0,-0.8232404882677495,-3.058558253652838,0.0,-3.4117657553045526,0.918309698008096,15.76460348503323,55.94337118918449,71.70797467421772
9.441999999999823,7.23,7.231022387813041,1.4038879325619316,-2.788713992228257,1.647554246195259,-3.56234927979877,-9.315903546369675,0.0,1.522415602313513,2.1204982455034527,0.0,-0.8237430685700305,-3.0753895467593986,0.0,-3.5095106211568354,0.9400223953082899,15.908037781920017,55.79972687037687,71.70776465229689
9.443999999999823,7.23,7.225437866544476,1.4071643256870336,-2.7957914494783953,1.6287970212010856,-3.514868919065742,-9.441476704002007,0.0,1.5207676048596424,2.1143306228264045,0.0,-0.8242564323515786,-3.092236072218217,0.0,-3.608622127246681,0.9619026267213826,16.052033684629052,55.655521379286036,71.7075550639151
9.445999999999824,7.23,7.219839286281304,1.4104029525945256,-2.8027725049186016,1.6097877179886428,-3.4659428065936204,-9.567981655936645,0.0,1.5191185692138893,2.1081292914774665,0.0,-0.8247814030547709,-3.1090983086680453,0.0,-3.7091068361252204,0.9839516273417487,16.196588625708117,55.510757294349254,71.70734592005738
9.447999999999825,7.23,7.214226842737326,1.4136033072648393,-2.809654239025899,1.5905244736830535,-3.4155429175685064,-9.695417631332234,0.0,1.5174684713217026,2.101894219553478,0.0,-0.8253188250309373,-3.125976737758698,0.0,-3.8109711320842035,1.0061707046526802,16.341700025745013,55.36543720591834,71.70713723166335
9.449999999999825,7.23,7.2086007375214605,1.416764879954426,-2.8164336761983018,1.5710054272927454,-3.3636412010015664,-9.823783517338047,0.0,1.515817285418664,2.095625374185282,0.0,-0.8258695638498874,-3.1428718437586967,0.0,-3.914221214447869,1.0285612420396972,16.487365294023448,55.2195637155986,71.70692900962206
9.451999999999826,7.23,7.2029611782499385,1.419887157200208,-2.8231077847217922,1.5512287203956228,-3.310209599180513,-9.953077857005828,0.0,1.514164983987747,2.0893227215328958,0.0,-0.826434506602555,-3.1597841131426465,0.0,-4.018863090789153,1.0511247023886827,16.633581829203717,55.07313943556275,71.70672126476647
9.453999999999827,7.23,7.197308378658529,1.4229696218254084,-2.8296734767769456,1.5311924978290161,-3.255220067864434,-10.083298847605487,0.0,1.5125115377159792,2.0829862267815358,0.0,-0.8270145621960142,-3.176714034157994,0.0,-4.124902570074573,1.0738626317668016,16.78034702002839,54.926166987839835,71.70651400786822
9.455999999999827,7.23,7.191642558714709,1.426011752946761,-2.8361276084866844,1.510894908382574,-3.198644597220476,-10.21444433937028,0.0,1.5108569154505205,2.0766158541385105,0.0,-0.8276106616401206,-3.193662096370776,0.0,-4.232345255742422,1.0967766631838916,16.927658246052832,54.77864900357851,71.70630724963134
9.457999999999828,7.23,7.185963944729696,1.4290130259831109,-2.8424669800066473,1.4903341054932135,-3.1404552334990132,-10.346511834697532,0.0,1.5092010841541788,2.0702115668310688,0.0,-0.8282237583249006,-3.210628790190086,0.0,-4.341196538719331,1.1198685204315704,17.07551287840078,54.63058812228565,71.70610100068643
9.459999999999829,7.23,7.180272769470257,1.4319729126654033,-2.8486883356596433,1.4695082479411923,-3.0806241014420785,-10.479498487832108,0.0,1.5075440088603802,2.0637733271051952,0.0,-0.8288548282879475,-3.227614606370905,0.0,-4.451461590380554,1.143140021997184,17.223908280544677,54.481986991039285,71.70589527158396
9.46199999999983,7.23,7.174569272270196,1.4348908810480683,-2.854788364115648,1.448415500546307,-3.0191234274182253,-10.61340110505956,0.0,1.5058856526276159,2.0573010962254408,0.0,-0.8295048704709024,-3.244620035495073,0.0,-4.5631453554598025,1.166593085049182,17.37284180911088,54.332848263676794,71.70569007278768
9.46399999999983,7.23,7.168853699141447,1.4377663955217945,-2.86076369861879,1.4270540348631735,-2.9559255632745107,-10.74821614543744,0.0,1.5042259764933872,2.0507948344758002,0.0,-0.8301749069641964,-3.261645567430123,0.0,-4.676252544914764,1.1902297294903335,17.522310814709346,54.183174599957965,71.70548541466731
9.46599999999983,7.23,7.163126302884657,1.4405989168276925,-2.86661091726275,1.4054220298744808,-2.8910030108946474,-10.88393972209307,0.0,1.5025649394276734,2.044254501161704,0.0,-0.8308659832391261,-3.2786916907658017,0.0,-4.790787628754943,1.2140520820747236,17.672312642787855,54.032968664703404,71.70528130749126
9.467999999999831,7.23,7.157387343199169,1.4433879020728413,-2.8723265433159706,1.3835176726810612,-2.824328447449706,-11.020567604117277,0.0,1.500902498285949,2.0376800546131557,0.0,-0.8315791683663784,-3.295758892228082,0.0,-4.906754828838864,1.2380623805842268,17.82284463451042,53.882233126908474,71.70507776141889
9.469999999999832,7.23,7.151637086792302,1.4461328047472122,-2.8779070455980476,1.3613391591875499,-2.7558747513258766,-11.158095219083513,0.0,1.499238607761777,2.0310714521890625,0.0,-0.8323155552200676,-3.312847656070543,0.0,-5.024158111648084,1.2622629780597245,17.973904127659463,53.730970658832874,71.70487478649234
9.471999999999833,7.23,7.145875807487837,1.4488330747419562,-2.8833488389086375,1.3388846947823574,-2.6856150287111142,-11.2965176562227,0.0,1.4975732203390133,2.024428650282807,0.0,-0.8330762606663435,-3.3299584634430226,0.0,-5.14300118104602,1.2866563470820054,18.125488457561648,53.579183935066325,71.70467239262797
9.473999999999833,7.23,7.140103786333573,1.4514881583690467,-2.8886482845101833,1.3161524950106103,-2.6135226408201246,-11.435829670284525,0.0,1.4959062862436454,2.0177516043291064,0.0,-0.8338624257356009,-3.347091791737497,0.0,-5.263287471030032,1.311245084096906,18.277594958036808,53.42687563157086,71.70447058960767
9.475999999999834,7.23,7.134321311707882,1.4540974983822583,-2.8938016906657076,1.2931407862386575,-2.5395712317345898,-11.576025686116258,0.0,1.4942377533953062,2.0110402688122013,0.0,-0.8346752157773345,-3.3642481139111675,0.0,-5.385020138485659,1.3360319137789052,18.430220962369624,53.27404842469989,71.70426938706952
9.477999999999835,7.23,7.1285286794251155,1.4566605339994665,-2.8988053132328795,1.269847806308674,-2.4637347568327916,-11.71709980399078,0.0,1.4925675673584955,2.0042945972754143,0.0,-0.8355158205966673,-3.381427897786807,0.0,-5.508202055952547,1.3610196934270407,18.583363804303353,53.12070499019467,71.70406879449803
9.479999999999835,7.23,7.122726192839779,1.4591767009262433,-2.90365535631551,1.2462718051818351,-2.3859875117802756,-11.85904580571539,0.0,1.4908956712935502,1.9975145423321496,0.0,-0.8363854545715096,-3.398631605330466,0.0,-5.63283580441201,1.3862114173865332,18.73702081905537,52.96684800215901,71.70386882121439
9.481999999999836,7.23,7.116914162949336,1.4616454313807288,-2.9083479729735595,1.2224110455684623,-2.3063041620499116,-12.001857161554433,0.0,1.489222005907395,1.9907000556783316,0.0,-0.8372853567494543,-3.4158596919066504,0.0,-5.758923666106788,1.4116102214894106,18.8911893443535,52.81248013201213,71.70366947636563
9.483999999999837,7.23,7.11109290849554,1.4640661541197468,-2.91287926599269,1.1982638035434852,-2.2246597729375135,-12.145527037997441,0.0,1.4875465094041265,1.9838510881063829,0.0,-0.8382167909232873,-3.4331126055112087,0.0,-5.886467617404142,1.4372193875066994,19.045866721492736,52.657604047421195,71.70347076891393
9.485999999999837,7.23,7.1052627560641595,1.4664382944661367,-2.9172452887143114,1.1738283691454936,-2.141029840035551,-12.290048306406407,0.0,1.4858691174354635,1.976967589520746,0.0,-0.8391810456842104,-3.450390785982158,0.0,-6.015469321713972,1.4630423476047743,19.201050296411527,52.50222241121371,71.70327270762523
9.487999999999838,7.23,7.099424040182986,1.468761274337264,-2.9214420459270034,1.149103046957588,-2.0553903201247823,-12.435413552575083,0.0,1.484189763051117,1.970049508954996,0.0,-0.840179434451763,-3.467694664188768,0.0,-6.145930122474242,1.4890826887979352,19.35673742078674,52.3463378802705,71.70307530105724
9.489999999999839,7.23,7.0935771034179975,1.471034512274674,-2.925465494820097,1.1240861566681724,-1.967717662440691,-12.581615087233482,0.0,1.4825083766491225,1.9630967945906201,0.0,-0.8412132954793913,-3.4850246611992888,0.0,-6.277851036216649,1.5153441573888846,19.512925453146433,52.18995310440084,71.70287855754728
9.49199999999984,7.23,7.087722296467552,1.4732574234748452,-2.9293115460001315,1.098776033609764,-1.8779888402680163,-12.72864495753141,0.0,1.4808248859261894,1.9561093937774598,0.0,-0.8422839918347718,-3.502381187427752,0.0,-6.411232745726059,1.5418306633887326,19.66961175999964,52.03307072519978,71.70268248519942
9.49399999999984,7.23,7.081859978254482,1.4754294198209963,-2.9329760645707843,1.0731710292738297,-1.7861813828140312,-12.876494959534439,0.0,1.479139215828112,1.9490872530558878,0.0,-0.8433929113538707,-3.5197646417603514,0.0,-6.546075593307871,1.5685462849076324,19.82679371698191,51.87569337488912,71.70248709187103
9.49599999999984,7.23,7.075990516015968,1.4775499099158977,-2.9364548712767817,1.0472695117995896,-1.6922734073076104,-13.02515665176605,0.0,1.4774512885003004,1.942030318180766,0.0,-0.8445414665677544,-3.537175410661979,0.0,-6.68237957417819,1.5954952725069043,19.984468710015673,51.71782367514355,71.70229238515923
9.497999999999841,7.23,7.070114285391056,1.4796182991156321,-2.9397437437121905,1.0210698664346618,-1.5962436512678557,-13.174621369829971,0.0,1.4757610232384897,1.9349385341471819,0.0,-0.845731094601326,-3.554613867263553,0.0,-6.820144329992195,1.6226820535035242,20.142634136484375,51.559464235901885,71.70209837238626
9.499999999999842,7.23,7.064231670505703,1.4816339895642472,-2.9428384175933635,0.9945704959653553,-1.4980715048833226,-13.324880242146044,0.0,1.4740683364396734,1.9278118452180553,0.0,-0.8469632570429468,-3.572080370430857,0.0,-6.959369142526982,1.6501112362171937,20.301287406418712,51.40061765416592,71.70190506058464
9.501999999999843,7.23,7.058343064055198,1.4835963802292362,-2.945734588096706,0.9677698211143475,-1.3977370434386678,-13.475924206833849,0.0,1.4723731415533345,1.9206501949536083,0.0,-0.8482394397841695,-3.5895752638156515,0.0,-7.1000529275356,1.6777876141504546,20.460425943694403,51.241286512787276,71.70171245648169
9.503999999999843,7.23,7.052448867383857,1.4855048669377795,-2.9484279112612843,0.9406662809034207,-1.2952210597232887,-13.627744029777338,0.0,1.4706753490330229,1.9134535262427612,0.0,-0.8495611528286612,-3.607098874889956,0.0,-7.242194228789927,1.7057161700918306,20.62004718723938,51.081473379244116,71.7015205664835
9.505999999999844,7.23,7.046549490561836,1.4873588424136743,-2.95091400545618,0.9132583329788589,-1.190505096352284,-13.780330323904394,0.0,1.4689748662883497,1.9062217813364668,0.0,-0.8509299300695591,-3.6246515139643787,0.0,-7.385791212330461,1.7339020801320781,20.780148592249542,50.92118080440871,71.70132939665825
9.507999999999845,7.23,7.040645352458951,1.4891576963148765,-2.953188452912336,0.8855444538970433,-1.0835714779276244,-13.933673569714463,0.0,1.4672715976374548,1.8989549018830276,0.0,-0.8523473290344576,-3.6422334731915313,0.0,-7.5308416609420314,1.762350717583396,20.940727631411125,50.760411321307764,71.70113895271889
9.509999999999845,7.23,7.034736880815371,1.4909008152715713,-2.955246801318503,0.8575231393677165,-0.9744033429634643,-14.087764137087678,0.0,1.4655654442600228,1.8916528289654218,0.0,-0.8538149305973076,-3.659845025555616,0.0,-7.677342968875041,1.7910676567914579,21.101781796128584,50.599167443876745,71.70094924000533
9.511999999999846,7.23,7.028824512309052,1.4925875829246857,-2.957084565480735,0.82919290445232,-0.8629846754968724,-14.242592308408437,0.0,1.4638563041509054,1.884315503140661,0.0,-0.8553343386565686,-3.677486423849307,0.0,-7.825292136832437,1.8200586768301525,21.263308597755856,50.43745166571004,71.7007602634659
9.513999999999847,7.23,7.022908692619789,1.4942173799647513,-2.958697229044726,0.8005522837147416,-0.7493003363017872,-14.398148303036294,0.0,1.4621440720744214,1.876942864481204,0.0,-0.8569071797790007,-3.695157899639173,0.0,-7.974685767243476,1.8493297650689382,21.42530556882967,50.275266458808474,71.70057202763815
9.515999999999847,7.23,7.016989876489766,1.4957895841710176,-2.9600802462801026,0.7715998313217478,-0.633336093621038,-14.554422303156676,0.0,1.4604286395194057,1.8695348526184516,0.0,-0.8585351028085326,-3.7128596622209615,0.0,-8.125520059845968,1.878887120602807,21.587770264302925,50.11261427232604,71.70038453662897
9.517999999999848,7.23,7.01106852778047,1.497303570450715,-2.961229043925629,0.7423341210903069,-0.5150786533281909,-14.711404481043683,0.0,1.4587098946550758,1.8620914067883452,0.0,-0.8602197784397146,-3.730591897566096,0.0,-8.277790807599276,1.9087371575349847,21.750700262776405,49.9494975313178,71.70019779409421
9.519999999999849,7.23,7.005145119525859,1.498758710878355,-2.962139023094089,0.7127537464789487,-0.39451568842808926,-14.86908502776701,0.0,1.4569877222877845,1.8546124658790692,0.0,-0.8619628987553851,-3.7483547672608486,0.0,-8.431493392951118,1.938886508102841,21.914093167726783,49.785918635490475,71.70001180321725
9.52199999999985,7.23,6.999220133981661,1.5001543747349575,-2.9628055612354305,0.6828573205202391,-0.27163586780216015,-15.027454183374582,0.0,1.4552620038187383,1.8470979684808913,0.0,-0.8637661767281652,-3.766148407439724,0.0,-8.586622784481888,1.9693420256375216,22.07794660872915,49.62187995795814,71.69982656668729
9.52399999999985,7.23,6.993294062670686,1.5014899285470782,-2.9632240141565633,0.6526434756913876,-0.146428884101664,-15.186502268582423,0.0,1.4535326172027432,1.839547852938132,0.0,-0.8656313456855713,-3.7839729277146263,0.0,-8.743173533950687,2.000110787348367,22.242258242671777,49.45738384400464,71.69964208667642
9.52599999999985,7.23,6.9873674064240525,1.5027647361255159,-2.9633897180960105,0.6221108637199428,-0.01888548068977733,-15.346219718002523,0.0,1.451799436908062,1.8319620574032882,0.0,-0.8675601587385542,-3.80182841010149,0.0,-8.901139773768076,2.0312000969234023,22.40702575496129,49.29243260985518,71.69945836481648
9.527999999999851,7.23,6.981440675418199,1.5039781586035619,-2.9632979918514066,0.5912581553214673,0.11100252246940603,-15.506597114939824,0.0,1.4500623338774485,1.8243405198932976,0.0,-0.8695543881734258,-3.8197149079460906,0.0,-9.060515214920999,2.0626174869378078,22.572246860715822,49.12702854145892,71.69927540217475
9.529999999999852,7.23,6.975514389207599,1.505129554474655,-2.9629441389576368,0.5600840398660246,0.24324220407902328,-15.66762522778854,0.0,1.4483211754904342,1.8166831783479478,0.0,-0.8716158248072045,-3.8376324448508234,0.0,-9.221293145375936,2.0943707210627096,22.737919305944157,48.96117389328481,71.69909319922897
9.531999999999853,7.23,6.969589076753069,1.5062182796292949,-2.9623234499131916,0.5285872249702489,0.3778395180407782,-15.82929504805811,0.0,1.4465758255269425,1.8089899706904446,0.0,-0.8737462773064752,-3.8555810136043203,0.0,-9.383466428986969,2.126467796067182,22.904040868708503,48.79487088713332,71.69891175584182
9.533999999999853,7.23,6.963665276445574,1.5072436873910633,-2.9614312044521074,0.4967664360117083,0.5147992713579652,-15.991597830058927,0.0,1.4448261441322998,1.8012608348900947,0.0,-0.8759475714701086,-3.8735605751157682,0.0,-9.547027504935702,2.1589169436073226,23.070609360268566,48.62812171096556,71.69873107123412
9.535999999999854,7.23,6.957743536125449,1.5082051285515925,-2.9602626738586375,0.46462041556221173,0.6541251035198233,-16.1545251322773,0.0,1.4430719877837186,1.7934957090271348,0.0,-0.8782215494760907,-3.891571057355932,0.0,-9.711968387730773,2.191726631796569,23.23762262620466,48.4609285177531,71.69855114395776
9.537999999999855,7.23,6.951824413096953,1.5091019514043174,-2.9588131233215798,0.43214792273665215,0.7958194674791215,-16.318068860469857,0.0,1.44131320925832,1.7856945313596513,0.0,-0.8805700690930688,-3.9096123543068453,0.0,-9.878280667794797,2.224905566552773,23.405078547517245,48.29329342435,71.69837197186725
9.539999999999855,7.23,6.945908474138074,1.5099335017768372,-2.957077814324963,0.3993477324539166,0.939883612335817,-16.482221312506663,0.0,1.4395496576027709,1.7778572403926076,0.0,-0.8829950028571234,-3.9276843249222413,0.0,-10.045955512667183,2.258462692717982,23.572975041700687,48.12521851039015,71.69819355209083
9.541999999999856,7.23,6.939996295505518,1.5106991230617086,-2.9550520070715627,0.3662186346063367,1.0863175678408155,-16.646975224992747,0.0,1.4377811781046004,1.7699837749489278,0.0,-0.8854982372145974,-3.9457867921007894,0.0,-10.214983668851454,2.2924071949483107,23.741310063788642,47.9567058172121,71.69801588100074
9.543999999999857,7.23,6.934088462934825,1.5113981562454835,-2.9527309629354956,0.3327594331340928,1.2351201308352633,-16.812323821698147,0.0,1.4360076122652632,1.7620740742426202,0.0,-0.8880816716318292,-3.963919541674242,0.0,-10.385355464336026,2.3267484983720808,23.910081607368415,47.787757346813756,71.69783895418217
9.545999999999857,7.23,6.928185571635554,1.5120299399357964,-2.9501099469399037,0.2989689450009245,1.3862888537408402,-16.978260863826137,0.0,1.434228797775015,1.7541280779539095,0.0,-0.8907472176728218,-3.9820823214126406,0.0,-10.557060811817637,2.3614962690157033,24.079287705562024,47.61837506083977,71.69766276640179
9.547999999999858,7.23,6.922288226281488,1.512593810386303,-2.947184230255507,0.2648459990674414,1.5398200352176625,-17.144780702150257,0.0,1.4324445684896694,1.7461457263063402,0.0,-0.8934967980460162,-4.000274840048741,0.0,-10.730089212656795,2.396660413997987,24.24892643197113,47.44856087960399,71.69748731157512
9.549999999999859,7.23,6.9163970409958235,1.513089101519259,-2.943949092715579,0.2303894348582649,1.6957087131060156,-17.311878331050906,0.0,1.4306547544092814,1.7381269601458111,0.0,-0.8963323456214942,-4.018496766323768,0.0,-10.904429761594514,2.4322510814949245,24.418995901583365,47.278316681149754,71.69731258273312
9.55199999999986,7.23,6.910512639331327,1.5135151449455229,-2.940399825342656,0.1955981012191717,1.8539486597688064,-17.479549444483066,0.0,1.428859181658833,1.7300717210214884,0.0,-0.8992558024200983,-4.036747728056735,0.0,-11.080071152259988,2.468278660478459,24.589494271637403,47.10764430035024,71.69713857198764
9.55399999999986,7.23,6.904635654245418,1.5138712699817622,-2.936531732882064,0.16047085486034315,2.0145323799506203,-17.64779049390752,0.0,1.4270576724709652,1.7219799512685687,0.0,-0.9022691185760487,-4.055027311239428,0.0,-11.257001683498483,2.5047537802340503,24.760419742444142,46.93654552805209,71.69696527049624
9.55599999999986,7.23,6.898766728070187,1.5141568036646271,-2.9323401363371144,0.12500655878176142,2.1774511112693653,-17.816598748218922,0.0,1.4252500451708072,1.7138515940928083,0.0,-0.9053742512749282,-4.073335059159216,0.0,-11.435209266548755,2.5416873096638186,24.931770558161386,46.76502211026434,71.69679266842573
9.557999999999861,7.23,6.892906512477355,1.514371070761654,-2.927820375500589,0.08920408057672365,2.342694827455376,-17.985972355705456,0.0,1.4234361141629561,1.7056865936567873,0.0,-0.9085731636689145,-4.091670471551816,0.0,-11.614681433099166,2.5790903563832788,25.103545007519298,46.59307574739556,71.69662075491486
9.559999999999862,7.23,6.88705566843816,1.5145133937786512,-2.9229678114769024,0.05306229060937554,2.5102522444517943,-18.155910408075915,0.0,1.4216156899206442,1.6974848951678354,0.0,-0.9118678237714042,-4.11003300378607,0.0,-11.795405344251268,2.6169742656216988,25.275741424494043,46.420708093542046,71.69644951803609
9.561999999999863,7.23,6.881214866178233,1.5145830929633104,-2.91777782918911,0.016580060062091624,2.6801108294891103,-18.32641300659249,0.0,1.41978857897714,1.689246444967554,0.0,-0.9152602033333144,-4.128422066082822,0.0,-11.977367800419453,2.655350618937874,25.448358188927017,46.24792075582926,71.69627894475627
9.563999999999863,7.23,6.875384785127463,1.514579486304778,-2.912245839864698,-0.020243741151548443,2.852256813244702,-18.49748133034875,0.0,1.4179545839194063,1.6809711906228602,0.0,-0.9187522767035198,-4.1468370227698195,0.0,-12.160555252194559,2.6942312327650058,25.621393727086776,46.074715293809426,71.6961090208962
9.565999999999864,7.23,6.869566113864931,1.514501889528916,-2.9063672834938807,-0.05741024661252006,3.0266752051970154,-18.669117706735403,0.0,1.4161135033840575,1.6726590810184905,0.0,-0.9223460196760156,-4.165277191574635,0.0,-12.344953812199288,2.7336281568002447,25.79484651217148,45.90109321891784,71.69593973108933
9.567999999999865,7.23,6.863759550058949,1.5143496160889682,-2.900137631253902,-0.09492059576527005,3.2033498122816257,-18.841325684138575,0.0,1.4142651320556312,1.6643100664508756,0.0,-0.9260434083266214,-4.183741842957414,0.0,-12.53054926796212,2.773553672256639,25.968715064748803,45.72705599399047,71.69577105873927
9.569999999999865,7.23,6.857965800402301,1.5141219771513412,-2.8935523878926372,-0.13277593643430208,3.382263260954432,-19.01411010691875,0.0,1.4124092606671943,1.6559240987233093,0.0,-0.9298464178421726,-4.2022301994852445,0.0,-12.717327095836305,2.814020289997231,26.14299795313099,45.552605032845406,71.6956029859764
9.571999999999866,7.23,6.85218558054275,1.5138182815762014,-2.8866070940645745,-0.17097742749304307,3.5633970227648653,-19.187477192721907,0.0,1.4105456760032944,1.6475011312423182,0.0,-0.933757021345354,-4.220741435249794,0.0,-12.905272475989232,2.855040748573293,26.31769379368241,45.377741699930596,71.695435493613
9.573999999999867,7.23,6.846419615008939,1.513437835892578,-2.8792973286120556,-0.20952624168970968,3.746731443539247,-19.36143461217801,0.0,1.4086741609052664,1.6390411191151726,0.0,-0.937777188718385,-4.239274675329815,0.0,-13.094370308487159,2.896628012190606,26.49280125105698,45.20246731004085,71.69526856109783
9.575999999999867,7.23,6.840668637131783,1.5129799442676528,-2.871618710784458,-0.24842356863500925,3.9322457762721643,-19.535991571047248,0.0,1.4067944942788864,1.6305440192483955,0.0,-0.9419088854291698,-4.257828995299939,0.0,-13.284605230498942,2.938795268630632,26.668319038363283,45.02678312810572,71.695102166469
9.577999999999868,7.23,6.8349333889614945,1.5124439084699095,-2.8635669023878094,-0.28767061795663335,4.119918217820157,-19.71115889487798,0.0,1.4049064511043703,1.6220097904472346,0.0,-0.9461540713633734,-4.2764034207871005,0.0,-13.475961634641695,2.981555927154804,26.84424591725442,44.85069036905165,71.69493628630607
9.579999999999869,7.23,6.829214621180382,1.5118290278258018,-2.8551376098571315,-0.32726862262563766,4.309725949489819,-19.886949116247152,0.0,1.4030098024487003,1.6134383935159597,0.0,-0.9505146996663248,-4.294996927075749,0.0,-13.66842368849008,3.0249236164233686,27.020580697940733,44.67419019774022,71.69477089568095
9.58199999999987,7.23,6.823513093011593,1.5111345991695935,-2.846326586243642,-0.36721884245994796,4.5016451816088665,-20.063376564659194,0.0,1.4011043154802492,1.6048297913588947,0.0,-0.9549927155986919,-4.313608438762888,0.0,-13.861975355269934,3.0689121824622463,27.197322239122542,44.49728372898477,71.69460596810731
9.58399999999987,7.23,6.817829572123969,1.5103599167860093,-2.8371296331087588,-0.40752256781039015,4.695651202165747,-20.240457459185862,0.0,1.3991897534856828,1.5961839490821077,0.0,-0.9595900554099406,-4.332236829463792,0.0,-14.05660041575558,3.113535686713553,27.3744694478408,44.319972027648404,71.6944414754892
9.58599999999987,7.23,6.812164834533216,1.5095042723453271,-2.8275426023166874,-0.4481811234348163,4.891718429600644,-20.418210003938135,0.0,1.3972658758890903,1.5875008340956156,0.0,-0.9643086452339895,-4.350880921569099,0.0,-14.252282491389126,3.1588084042086524,27.552021279243498,44.14225610882453,71.69427738806803
9.587999999999871,7.23,6.8065196644995964,1.5085669548305285,-2.817561397717208,-0.4891958725660869,5.08982046982687,-20.596654486467443,0.0,1.3953324382732983,1.5787804162160388,0.0,-0.9691504000113337,-4.3695394860537595,0.0,-14.449005068638485,3.204744821904211,27.729976736265307,43.96413693810321,71.69411367436851
9.589999999999872,7.23,6.800894854422373,1.507547250456115,-2.8071819767101256,-0.5305682211798732,5.289930177559481,-20.77581337920396,0.0,1.3933891924033104,1.5700226677695857,0.0,-0.9741172224422552,-4.38821124233814,0.0,-14.646751524609712,3.251359637224881,27.90833486921837,43.785615431924924,71.69395030114329
9.591999999999873,7.23,6.795291204731252,1.5064444425781829,-2.796400351682693,-0.5722996224684709,5.4920197220247395,-20.955711444048887,0.0,1.3914358862518046,1.5612275636952442,0.0,-0.9792110019758664,-4.406894858201378,0.0,-14.845505153927714,3.2986677568587384,28.087094775292403,43.606692458023595,71.693787233316
9.593999999999873,7.23,6.789709523775079,1.5052578115953406,-2.7852125913111756,-0.6143915815270554,5.696060657120871,-21.136375840247606,0.0,1.3894722640266162,1.5523950816481253,0.0,-0.9844336138396728,-4.425588949746851,0.0,-15.045249196898064,3.3466842958535503,28.266255597961578,43.42736883596177,71.69362443392335
9.595999999999874,7.23,6.784150627708081,1.503986634840034,-2.773614821717587,-0.6568456602590812,5.902023996099051,-21.317836235683306,0.0,1.3874980662001104,1.54352520210279,0.0,-0.9897869181148149,-4.444292081419361,0.0,-15.245966868960991,3.395424577065633,28.445816526296543,43.24764533775883,71.69346186405538
9.597999999999875,7.23,6.778615340373951,1.5026301864598364,-2.761603227472484,-0.699663482507812,6.109880290830241,-21.500124921742167,0.0,1.3855130295403637,1.5346179084565224,0.0,-0.9952727588618773,-4.463002766073475,0.0,-15.447641391447577,3.444904131014344,28.625776794179465,43.06752268861522,71.69329948279469
9.599999999999875,7.23,6.773104493188072,1.5011877372882443,-2.7491740524345913,-0.7428467394212905,6.319599715722482,-21.683276931915703,0.0,1.3835168871440298,1.5256731871323876,0.0,-1.0008929633026589,-4.481719465092093,0.0,-15.650256023646051,3.495138696199162,28.806135679420223,42.887001567733556,71.69313724715377
9.601999999999876,7.23,6.7676189250182555,1.4996585547045018,-2.736323600417887,-0.7863971950583982,6.53115215635107,-21.867330164320016,0.0,1.3815093684707866,1.516691027682024,0.0,-1.0066493410630817,-4.500440588554147,0.0,-15.853794096185393,3.5461442199378093,28.98689250277188,42.70608260923926,71.69297511201114
9.603999999999877,7.23,6.762159482064307,1.4980419024819667,-2.7230482356766634,-0.8303166922440323,6.744507302863445,-22.052325508328448,0.0,1.379490199379232,1.5076714228880426,0.0,-1.012543683482762,-4.519164495450009,0.0,-16.058239045741345,3.5979368597872976,29.168046626843687,42.52476640320197,71.69281303004566
9.605999999999877,7.23,6.756727017736824,1.4963370406245085,-2.7093443831989523,-0.8746071586818375,6.959634748219854,-22.238306975531085,0.0,1.377459102164086,1.498614368865946,0.0,-1.0185777629967656,-4.537889493942916,0.0,-16.263574451069022,3.6505329856121045,29.349597454909865,42.34305349675945,71.69265095166932
9.607999999999878,7.23,6.751322392535599,1.4945432251904178,-2.6952085287985836,-0.9192706133333762,7.17650409133101,-22.42532183525374,0.0,1.3754157955945574,1.4895198651654906,0.0,-1.0247533325951477,-4.556613841674406,0.0,-16.46978407036463,3.7039491823662445,29.53154442961242,42.16094439534595,71.69248882495837
9.609999999999879,7.23,6.7459464739280515,1.492659708103282,-2.680637218996017,-0.9643091730731048,7.395085045154709,-22.61342075488959,0.0,1.3733599949537019,1.4803879148713883,0.0,-1.031072125366066,-4.575335746111485,0.0,-16.67685187995772,3.7582022536590682,29.713887031556247,41.97843956402629,71.69232659558253
9.61199999999988,7.23,6.74060013622812,1.4906857369492665,-2.6656270606779704,-1.0097250596290523,7.615347549815087,-22.80265794531835,0.0,1.3712914120786144,1.4712185247032743,0.0,-1.0375358541282655,-4.59405336493292,0.0,-16.884762114334244,3.813309226177035,29.896624777795225,41.79553942893737,71.6921642067326
9.61399999999988,7.23,6.735284260476059,1.4886205547602225,-2.650174720525733,-1.0555206068196723,7.83726189081014,-22.993091311712178,0.0,1.3692097554012537,1.4620117051148662,0.0,-1.044146211158853,-4.6127648064516755,0.0,-17.093499307489182,3.8692873550365983,30.079757220207203,41.612244378838604,71.69200159904581
9.61599999999988,7.23,6.729999734319623,1.4864633997820127,-2.634276924201917,-1.1016982680979617,8.060798822377134,-23.184782610053205,0.0,1.3671147299897184,1.4527674703922506,0.0,-1.0509048680223436,-4.6314681300703135,0.0,-17.303048335607265,3.9261541301460974,30.26328394375675,41.42855476677293,71.69183871052968
9.617999999999881,7.23,6.724747451897125,1.4842135052274341,-2.6179304552852574,-1.1482606244146167,8.285929696089319,-23.3777976097153,0.0,1.3650060375897521,1.443485838751217,0.0,-1.0578134755071105,-4.650161346765645,0.0,-17.513394461068547,3.9839272836576587,30.447204564643787,41.244470911839514,71.6916754764833
9.619999999999882,7.23,6.719528313722889,1.4818700990130842,-2.601132153942925,-1.1952103924127335,8.512626594763354,-23.5722062624932,0.0,1.3628833766662678,1.434166832433607,0.0,-1.064873663675338,-4.668842419598759,0.0,-17.72452337777573,4.042624798592643,30.63151872833664,41.05999310108007,71.69151182941671
9.621999999999883,7.23,6.714343226575627,1.479432403479495,-2.5838789153296404,-1.2425504329673567,8.740862471763425,-23.768082878493935,0.0,1.3607464424446518,1.4248104778026158,0.0,-1.0720870420327666,-4.687509264246067,0.0,-17.93642125779904,4.102264918727631,30.816226107488017,40.87512159147991,71.69134769896793
9.623999999999883,7.23,6.709193103390301,1.476899635093832,-2.566167687702707,-1.2902837600840444,8.970611295796308,-23.96550630934115,0.0,1.358594926951605,1.4154168054370204,0.0,-1.0794551998245248,-4.706159749546687,0.0,-18.149074799334304,4.1628661598307914,31.00132639973226,40.68985661208549,71.69118301181776
9.625999999999884,7.23,6.704078863154046,1.4742710041344234,-2.547995470241874,-1.3384135501715595,9.201848201301505,-24.164560139180715,0.0,1.3564285190552576,1.40598585022429,0.0,-1.0869797064635132,-4.724791698061099,0.0,-18.36247127596976,4.224447322342081,31.186819325362084,40.50419836623962,71.6910176916017
9.627999999999885,7.23,6.699001430806763,1.471545714356358,-2.5293593105627346,-1.386943151704808,9.434549644551604,-24.36533288401617,0.0,1.3542469045042922,1.3965176514525854,0.0,-1.0946621120977558,-4.743402886635636,0.0,-18.57659858725722,4.287027505593626,31.372704624883397,40.318147033936214,71.69085165881961
9.629999999999885,7.23,6.693961737146994,1.4687229626373517,-2.5102563019121,-1.4358760952952543,9.668693565591571,-24.56791819994778,0.0,1.3520497659657855,1.387012252901614,0.0,-1.1025039483234278,-4.76199104696693,0.0,-18.791445310583338,4.350626123671032,31.55898205644635,40.13170277429594,71.69068483074228
9.631999999999886,7.23,6.688960718743742,1.4658019386030505,-2.4906835800335436,-1.4852161041872267,9.90425955616025,-24.772415100935095,0.0,1.349836783061478,1.3774697029323768,0.0,-1.110506729050119,-4.780553866160117,0.0,-19.00700075433778,4.415262923019187,31.74565139315078,39.944865728164594,71.69051712131537
9.633999999999887,7.23,6.683999317854892,1.4627818242308988,-2.470638319690987,-1.5349671051998297,10.141229033754977,-24.978928186755734,0.0,1.3476076324021455,1.3678900545757977,0.0,-1.1186719515252812,-4.799088987274037,0.0,-19.223255012375297,4.480958001901303,31.93271242022408,39.75763602083577,71.69034844105985
9.635999999999887,7.23,6.679078482352944,1.459661793431661,-2.4501177308378628,-1.5851332401355696,10.379585422019234,-25.187567881887414,0.0,1.3453619876197664,1.3582733656202841,0.0,-1.127001097524716,-4.817594009846409,0.0,-19.440199019770585,4.547731831823423,32.12016493206978,39.57001376489969,71.69017869696947
9.637999999999888,7.23,6.674199165658768,1.4564410116076403,-2.429119054419014,-1.6357188776783171,10.619314337655318,-25.398450686100862,0.0,1.343099519397131,1.3486196986982693,0.0,-1.135495634716167,-4.836066490391376,0.0,-19.657824609865877,4.615605281041598,32.30800872918417,39.38199906322037,71.69000779240454
9.639999999999889,7.23,6.669362326684138,1.4531186351865921,-2.4076395577920597,-1.6867286258048717,10.860403784088481,-25.611699437615897,0.0,1.3408198954945458,1.3389291213717882,0.0,-1.1441570182033023,-4.854503942861438,0.0,-19.87612457261328,4.684599640274245,32.49624361493929,39.19359201204294,71.68983562698223
9.64199999999989,7.23,6.664568929783807,1.449693811130279,-2.385676529754467,-1.7381673447361607,11.102844352136017,-25.82744358974263,0.0,1.338522780773265,1.3292017062171753,0.0,-1.1529866922574399,-4.872903839065252,0.0,-20.095092714215845,4.754736650747204,32.68486939222911,39.00479270423351,71.68966209646263
9.64399999999989,7.23,6.659819944717946,1.4461656764165611,-2.3632272751620516,-1.7900401604560328,11.34662942796578,-26.045819502006573,0.0,1.33620783721526,1.3194375309089672,0.0,-1.1619860922446994,-4.891263609032352,0.0,-20.314723918074424,4.826038534705582,32.87388585997693,38.815601232654,71.68948709263093
9.64599999999989,7.23,6.655116346625756,1.4425333574938555,-2.340289109124006,-1.8423524788276746,11.591755408661186,-26.266970746836577,0.0,1.3338747239389366,1.3096366783031574,0.0,-1.1711566467562784,-4.90958064131524,0.0,-20.535014207049695,4.8985280285320085,33.0632928095001,38.6260176936748,71.6893105031749
9.647999999999891,7.23,6.650459116011132,1.4387959697067396,-2.3168593507589024,-1.8951100003399335,11.83822192574866,-26.491048432986098,0.0,1.3315230972103826,1.299799236519901,0.0,-1.180499779950105,-4.9278522832188685,0.0,-20.755960807053018,4.972228418619347,33.25309002072997,38.43604219082793,71.6891322115579
9.649999999999892,7.23,6.645849238741267,1.4349526166914026,-2.2929353164953503,-1.9483187355182598,12.086032077082974,-26.71821154695202,0.0,1.3291526104497091,1.2899252990258416,0.0,-1.1900169141121721,-4.946075840946842,0.0,-20.97756221198281,5.04716358015267,33.44327725828266,38.24567483860401,71.68895209688668
9.651999999999893,7.23,6.6412877060591216,1.4310023897395792,-2.2685143129001633,-2.0019850210376156,12.335192667532361,-26.948627313761342,0.0,1.3267629142320467,1.2800149647162506,0.0,-1.199709472446263,-4.964248579653176,0.0,-21.199818250028066,5.123358018964218,33.633854267377124,38.054915766396626,71.68877003377375
9.653999999999893,7.23,6.63677551461073,1.426944367129523,-2.24359362901595,-2.0561155365775488,12.585714458954811,-27.182471578609054,0.0,1.3243536562827232,1.2700683379971531,0.0,-1.2095788821012363,-4.982367723387737,0.0,-21.422730151365172,5.200836916634821,33.8248207695963,37.86376512259793,71.68858589219423
9.655999999999894,7.23,6.63231366648833,1.4227776134224919,-2.2181705281890136,-2.110717322462721,12.837612430011545,-27.419929210953164,0.0,1.3219244814661453,1.2600855288676915,0.0,-1.2196265774453425,-5.000430454922897,0.0,-21.646300617279536,5.279626179025166,34.01617645848663,37.672223078849825,71.68839953733647
9.657999999999895,7.23,6.627903169290371,1.4185011787231272,-2.1922422393672862,-2.1657977981355194,13.090906046424351,-27.661194532807706,0.0,1.31947503176787,1.2500666530029545,0.0,-1.2298540035976517,-5.018433915448123,0.0,-21.870533890749357,5.35975248843232,34.20792099499083,37.480289834455164,71.68821082944599
9.659999999999895,7.23,6.623545036199467,1.4141140979020153,-2.165805947846752,-2.2213647815110074,13.345619542348647,-27.906471773118934,0.0,1.317004946269354,1.2400118318375661,0.0,-1.2402626202271345,-5.036375204118557,0.0,-22.09543582853525,5.44124335957924,34.40005400270827,37.28796562095445,71.68801962366273
9.661999999999896,7.23,6.619240286079435,1.4096153897786114,-2.138858785443396,-2.2774265092684005,13.601782213607013,-28.155975550269417,0.0,1.314513861114824,1.229921192650336,0.0,-1.2508539056305883,-5.05425137744275,0.0,-22.321013974826208,5.5241271996591665,34.5925750629768,37.095250706873756,71.68782576985055
9.663999999999897,7.23,6.614989943592577,1.405004056262596,-2.111397820066147,-2.3339916581375078,13.85942872360644,-28.40993138492655,0.0,1.3120014094697015,1.2197948686503053,0.0,-1.2616293611013274,-5.072059448493825,0.0,-22.5472776364998,5.6084333726724696,34.78548370976903,36.90214540264987,71.6876291124189
9.665999999999897,7.23,6.61079503933844,1.400279081451611,-2.0834200446645528,-2.3910693672431975,14.11859942284951,-28.668576245640672,0.0,1.3094672214699972,1.209632999064565,0.0,-1.2725905156012975,-5.0897963859274675,0.0,-22.77423796006275,5.694192268310497,34.97877942439598,36.708650065739974,71.68742949013595
9.667999999999898,7.23,6.60665661001533,1.3954394306831925,-2.0549223655230087,-2.448669261575965,14.379340683044093,-28.93215912980301,0.0,1.3069109241620303,1.1994357292282352,0.0,-1.2837389307502096,-5.107459112788953,0.0,-23.001908010346035,5.781435375660237,35.172461630009124,36.51476510592308,71.6872267359322
9.669999999999899,7.23,6.602575698605917,1.3904840495385757,-2.0259015898712622,-2.5068014766621154,14.641705246919933,-29.200941682798167,0.0,1.304332141431859,1.1892032106770696,0.0,-1.2950762061461893,-5.12504450509047,0.0,-23.23030285103863,5.870195362024284,35.366529685892715,36.3204909908022,71.68702067669491
9.6719999999999,7.23,6.598553354588325,1.3854118627958945,-1.9963544127785637,-2.565476684512984,14.905752594973343,-29.475198858429952,0.0,1.3017304939237133,1.1789356012431427,0.0,-1.3066039850336437,-5.142549390138568,0.0,-23.459439627152697,5.9605061571743025,35.56098288153546,36.12582825151593,71.68681113305138
9.6739999999999,7.23,6.594590634174183,1.380221773330132,-1.9662774032962969,-2.6247061209390465,15.171549330485863,-29.75521962396853,0.0,1.2991055989467337,1.1686330651541543,0.0,-1.3183239603352017,-5.15997054459033,0.0,-23.689337649524177,6.052403043381714,35.75582043047115,35.93077748867008,71.68659791914124
9.6759999999999,7.23,6.590688600575172,1.3749126609570026,-1.935666989811074,-2.6845016143217473,15.439169584297925,-30.041307713458924,0.0,1.2964570703692688,1.1582957731369052,0.0,-1.3302378810660247,-5.177304692215356,0.0,-23.92001848146333,6.145922751598096,35.951041463876315,35.735339378500264,71.68638084237658
9.677999999999901,7.23,6.586848324299692,1.3694833812177467,-1.9045194445671891,-2.7448756159434726,15.708695440967023,-30.333782433252924,0.0,1.2937845184999415,1.147923902525569,0.0,-1.3423475591502427,-5.194548501338917,0.0,-24.151506027680906,6.241103564189173,36.146645023911084,35.53951467927793,71.68615970318902
9.679999999999902,7.23,6.583070883481348,1.3639327641016208,-1.8728308673138916,-2.805841231984371,15.980217388102826,-30.632979524077786,0.0,1.291087549954667,1.1375176373754163,0.0,-1.354654876661033,-5.21169858193996,0.0,-24.383826625628277,6.337985424661501,36.34263005678946,35.34330423797332,71.68593429476277
9.681999999999903,7.23,6.579357364241058,1.358259612702628,-1.84059716802919,-2.8674122573037235,16.253834790849698,-30.939252084342513,0.0,1.2883657675087463,1.1270771685827112,0.0,-1.3671617935077556,-5.228751482375506,0.0,-24.61700913940182,6.436610054859827,36.538995405562794,35.14670899719017,71.68570440275296
9.683999999999903,7.23,6.5757088610846814,1.3524627018067965,-1.8078140486677596,-2.929603211133391,16.52965639368217,-31.25297155980553,0.0,1.2856187699331147,1.1166026940115545,0.0,-1.3798703555956586,-5.245703685700841,0.0,-24.851085056375275,6.537021080156016,36.73573980259896,34.949730002388385,71.68546980498735
9.685999999999904,7.23,6.572126477338174,1.3465407764060435,-1.7744769838759848,-2.9924293748215662,16.807800851893496,-31.57452880519492,0.0,1.2828461518137788,1.1060944186285213,0.0,-1.3927827034859914,-5.262551605552429,0.0,-25.086088586737272,6.639264163198129,36.93286186173839,34.75236840941277,71.68523027115116
9.687999999999905,7.23,6.568611325622394,1.3404925501343798,-1.7405812006121768,-3.0559068317767526,17.088397295392177,-31.90433522388404,0.0,1.280047503353405,1.0955525546459992,0.0,-1.4059010815870006,-5.27929158155768,0.0,-25.322056766125108,6.743387146841144,37.13036007010578,34.55462549234715,71.68498556245294
9.689999999999905,7.23,6.565164528369821,1.33431670362189,-1.7061216566045236,-3.1200525097746463,17.37158592767968,-32.242823992290695,0.0,1.2772224101539673,1.0849773216752032,0.0,-1.4192278479092189,-5.295919874232735,0.0,-25.559029561560347,6.849440206939826,37.328232779554995,34.356502651715516,71.68473543127051
9.691999999999906,7.23,6.561787218385584,1.3280118827615894,-1.671093017573303,-3.1848842258045473,17.65751866316598,-32.59045137628845,0.0,1.2743704529792965,1.0743689468899587,0.0,-1.4327654844215014,-5.312432659325964,0.0,-25.797049980906326,6.95747601574841,37.52647819772125,34.15800142305398,71.68447962077522
9.693999999999907,7.23,6.558480539455342,1.3215766968838933,-1.6354896331372684,-3.250420733647179,17.946359806292133,-32.94769814760501,0.0,1.2714912074962692,1.063727665202367,0.0,-1.4465166080481198,-5.328826021561106,0.0,-26.036164186082445,7.067549916745587,37.72509437865398,33.95912348587883,71.6842178645328
9.695999999999907,7.23,6.555245647002744,1.315009716833023,-1.599305511316843,-3.316681774392486,18.238286776271476,-33.31507110893726,0.0,1.2685842439933441,1.0530537194516474,0.0,-1.4604839823508384,-5.345095947729782,0.0,-26.27642161028514,7.179720111781791,37.92407921299966,33.75987067307969,71.68394988607935
9.697999999999908,7.23,6.552083708799361,1.308309472939251,-1.5625342915387623,-3.3836881301242596,18.533490881640034,-33.69310473734748,0.0,1.2656491270749943,1.0423473606074751,0.0,-1.474670529944628,-5.36123831907827,0.0,-26.517875079479765,7.294047861536776,38.12343041770167,33.56024498076844,71.68367539847011
9.699999999999909,7.23,6.548995905730197,1.3014744528804059,-1.5251692160380104,-3.451461681018475,18.832178149222834,-34.08236295642653,0.0,1.2626854153305318,1.0316088479892995,0.0,-1.4890793457003435,-5.37724890292823,0.0,-26.760580938442377,7.410597700373685,38.32314552518096,33.36024857861783,71.68339410379879
9.70199999999991,7.23,6.5459834326180895,1.2945030994255446,-1.4872030995432373,-3.5200254661241996,19.13457021258217,-34.48344104872777,0.0,1.259692660975702,1.0208384495032568,0.0,-1.5037137107931207,-5.3931233434650805,0.0,-27.004599181643936,7.529437666786342,38.52322187195787,33.1598838207279,71.68310569268577
9.70399999999991,7.23,6.54304749911056,1.2873938080531384,-1.4486282971212079,-3.5894037481200454,19.440905265521934,-34.89696772110377,0.0,1.2566704094652685,1.010036441898377,0.0,-1.5185771076614998,-5.4088571516209925,0.0,-27.24999358928221,7.650639550760729,38.72365658667164,32.95915325706029,71.68280984373192
9.70599999999991,7.23,6.540189330632929,1.2801449244355059,-1.409436670044135,-3.6596220823656234,19.751439086780692,-35.32360733682197,0.0,1.2536181990747177,0.9992031110440087,0.0,-1.5336732359487066,-5.424445693972064,0.0,-27.496831868778557,7.774279159507484,38.92444657744945,32.758059645486085,71.68250622293553
9.707999999999911,7.23,6.537410169411799,1.272754741780561,-1.3696195495308792,-3.7307073905965775,20.066446142666475,-35.76406232971897,0.0,1.2505355604490345,0.9883387522305083,0.0,-1.5490060295051848,-5.43988418056073,0.0,-27.74518580206598,7.900436603176328,39.125588518573146,32.55660596449654,71.68219448306968
9.709999999999912,7.23,6.534711275573308,1.2652214980212126,-1.3291676981988145,-3.802688039643784,20.3862207750695,-36.21907581718029,0.0,1.247422016116333,0.9774436704954275,0.0,-1.5645796745398002,-5.455167651544945,0.0,-27.995131399002453,8.029196602334583,39.32707883638556,32.35479542663065,71.68187426301621
9.711999999999913,7.23,6.532093928320926,1.2575433728419594,-1.2880712690475475,-3.8755939255925544,20.71107848304659,-36.689434430429664,0.0,1.2442770799639584,0.9665181809776746,0.0,-1.5803986290162735,-5.4702909625650324,0.0,-28.2467490572476,8.160648819182462,39.52891369437309,32.15263149267967,71.68154518705276
9.713999999999913,7.23,6.529559427197906,1.249718484531348,-1.2463197617784616,-3.9494565638364882,21.04135730700858,-37.17597138249071,0.0,1.2411002566744689,0.9555626093023244,0.0,-1.5964676434018674,-5.4852487687069456,0.0,-28.500123728940977,8.294888214692547,39.7310889773556,31.9501178867341,71.68120686408969
9.715999999999914,7.23,6.527109093439947,1.2417448866480214,-1.203901976235087,-4.024309185523397,21.377419325470242,-37.67956979627074,0.0,1.2378910411186599,0.9445772919990046,0.0,-1.6127917828869438,-5.500035506927015,0.0,-28.755345094514908,8.432015434100988,39.933600274706365,31.747258612145277,71.68085888685164
9.717999999999915,7.23,6.524744271424036,1.2336205644870317,-1.1608059627283707,-4.100186840937895,21.719652275349212,-38.20116631752946,0.0,1.2346489177025766,0.9335625769571011,0.0,-1.6293764512067666,-5.514645376787817,0.0,-29.012507743963518,8.572137223446159,40.1364428625181,31.544057968481308,71.6805008309994
9.719999999999915,7.23,6.522466330219985,1.2253434313319596,-1.1170189689878192,-4.177126510417305,22.068471307939745,-38.74175504006493,0.0,1.2313733596651601,0.9225188239213242,0.0,-1.646227416211504,-5.529072319337292,0.0,-29.271711365869827,8.715366880153331,40.33961168462193,31.3405205695653,71.68013225418723
9.721999999999916,7.23,6.52027666525166,1.2169113244771272,-1.0725273834540106,-4.2551672234549756,22.424320893948025,-39.30239177329909,0.0,1.2280638283228626,0.9114464050315008,0.0,-1.6633508373466586,-5.543309993943307,0.0,-29.533060944462587,8.861824741004039,40.54310133235727,31.13665136269196,71.67975269504923
9.723999999999917,7.23,6.51817670007555,1.2083220010028268,-1.027316674599811,-4.334350186708607,22.78767689237365,-39.8841986856093,0.0,1.224719772257258,0.9003457054109483,0.0,-1.680753295223935,-5.557351752873352,0.0,-29.79666696493221,9.011638711209232,40.74690602297878,30.93245564913079,71.67936167210956
9.725999999999917,7.23,6.516167888284949,1.1995731332849755,-0.9813713259365506,-4.414718921701296,23.15904879957057,-40.48836936026409,0.0,1.2213406264412343,0.8892171238081041,0.0,-1.6984418234834902,-5.571190613383305,0.0,-30.06264562717641,9.164944838739178,40.951019576575746,30.727939106032643,71.6789586826084
9.727999999999918,7.23,6.514251715548746,1.1906623042189628,-0.934674766327056,-4.496319413080567,23.538982196535507,-41.11617430471611,0.0,1.217925811299006,0.8780610732967082,0.0,-1.7164239431708448,-5.584819227050051,0.0,-30.331119068069036,9.32188793854632,41.15543539136554,30.523107809871725,71.67854320123726
9.729999999999919,7.23,6.512429701794633,1.181587002135636,-0.8872092951894807,-4.579200268386406,23.928061414369115,-41.768966958323546,0.0,1.2144747316946338,0.8668779820403063,0.0,-1.734707699877941,-5.598229846049215,0.0,-30.602215592242707,9.482622271869028,41.360146417207424,30.317968261567124,71.67811467877455
9.73199999999992,7.23,6.510703403547388,1.172344615385378,-0.8389560021339172,-4.663412890374156,24.326912439954143,-42.44819024835583,0.0,1.2109867758432813,0.8556682941275336,0.0,-1.753301703926612,-5.61141428604126,0.0,-30.87606991124546,9.647312286424508,41.56514512716738,30.112527413445193,71.67767254061258
9.73399999999992,7.23,6.509074416433867,1.1629324265640346,-0.7898946805274122,-4.7490116630430395,24.73620608621197,-43.155383749434705,0.0,1.2074613141387984,0.8444324704853285,0.0,-1.7722151739055876,-5.624363885285494,0.0,-31.152823390763025,9.816133424003862,41.77042348694469,29.90679269822104,71.67721618516573
9.73599999999992,7.23,6.507544377867403,1.153347606352034,-0.740003734431766,-4.836054152637133,25.156661453855122,-43.892191507412704,0.0,1.2038976978905844,0.8331709898780375,0.0,-1.7914579839091713,-5.637069459551446,0.0,-31.432624305385726,9.989273002781387,41.975972921950465,29.70077206019772,71.6767449821482
9.737999999999921,7.23,6.506114969925454,1.143587206935381,-0.6892600783019015,-4.924601325013977,25.589049714365068,-44.660370595145444,0.0,1.200295257961963,0.8218843500013033,0.0,-1.811040714867497,-5.649521252339776,0.0,-31.7156281001313,10.166931182557304,42.181784281805406,29.494473988904307,71.67625827070971
9.739999999999922,7.23,6.504787922435651,1.1336481549742772,-0.637639028770086,-5.014717780917885,26.034198247011798,-45.46180047471789,0.0,1.1966533033014297,0.8105730686806569,0.0,-1.8309747104057712,-5.661708879858562,0.0,-32.00199765759838,10.349322022186197,42.38784780199527,29.287907555419242,71.67575535741452
9.741999999999923,7.23,6.503565016286814,1.1235272440818935,-0.5851141877723377,-5.106472010851831,26.492995166108162,-46.29849324847742,0.0,1.192971119357248,0.7992376851859051,0.0,-1.8512721377236616,-5.673621270124906,0.0,-32.291903569206085,10.536674639619433,42.59415306239464,29.08108245165385,71.6752355140485
9.743999999999923,7.23,6.502448086983036,1.113221126772259,-0.5316573161973334,-5.1999366714148465,26.966394278368178,-47.17260488974239,0.0,1.189247966364818,0.787878761673795,0.0,-1.871946054046876,-5.685246595473739,0.0,-32.585524408452514,10.729234486330666,42.800688942333636,28.874009032904315,71.67469797523795
9.745999999999924,7.23,6.501439028460705,1.1027263058323118,-0.47723819715447324,-5.295188885162789,27.455420514222777,-48.08644755331944,0.0,1.1854830774950404,0.7764968847729097,0.0,-1.8930104792726934,-5.696572197654124,0.0,-32.88304700347496,10.927264749427497,43.00744357184412,28.666698364015943,71.67414193586006
9.747999999999925,7.23,6.500539797190183,1.0920391250688348,-0.42182448786581694,-5.392310566260407,27.96117588122787,-49.042503075968924,0.0,1.1816756568506286,0.7650926673265631,0.0,-1.9144804755099338,-5.707584504575659,0.0,-33.18466670538945,11.131047896503466,43.2144042786781,28.459162269546663,71.67356654822477
9.749999999999925,7.23,6.4997524165859835,1.0811557593762327,-0.3653815590858259,-5.491388774423581,28.48484599226239,-50.04343778768577,0.0,1.1778248772957811,0.7536667503114279,0.0,-1.9363722343041831,-5.718268937630739,0.0,-33.49058764788696,11.340887380293184,43.421557530640285,28.251413388363495,71.67297091900377
9.751999999999926,7.23,6.49907898175158,1.0700722040658641,-0.30787232084269023,-5.592516099903562,29.02770722601436,-51.09211876603415,0.0,1.17392987810298,0.7422198049519521,0.0,-1.9587031724418447,-5.728609808359616,0.0,-33.80102299232708,11.557109522494931,43.62888887272048,28.043465233160468,71.67235410588094
9.753999999999927,7.23,6.498521664587504,1.0587842633918654,-0.24925703317508519,-5.695791082541317,29.591134582217443,-52.19163167765374,0.0,1.1699897623987685,0.7307525350532776,0.0,-1.9814920373440705,-5.738590203039811,0.0,-34.116195151036564,11.780065598767825,43.83638285844507,27.835332255448577,71.67171511389364
9.755999999999927,7.23,6.498082719294173,1.0472875382020463,-0.18949310040826878,-5.801318668220459,30.1766102991142,-53.34530036321472,0.0,1.1660035943881928,0.7192656795783898,0.0,-2.004759023196299,-5.74819185356512,0.0,-34.436335979622406,12.010134149950094,44.044022974794494,27.627029916638993,71.67105289143349
9.757999999999928,7.23,6.497764488303945,1.035577412635468,-0.12853484737356233,-5.909210706371887,30.78573330550908,-54.55670833418903,0.0,1.1619703963351737,0.7077600154987742,0.0,-2.028525899112914,-5.7573949927263035,0.0,-34.761686926757626,12.247723548040192,44.25179155994539,27.4185747659224,71.67036632586779
9.759999999999929,7.23,6.497569408680239,1.0236490397806532,-0.06633327582595461,-6.019586492531619,31.420229584271926,-55.829722361288226,0.0,1.1578891452732922,0.6962363609519149,0.0,-2.0528161508133063,-5.766178191708778,0.0,-35.09249912698463,12.493274849511312,44.45966971300066,27.20998452574106,71.66965423874171
9.76199999999993,7.23,6.4975000190251855,1.0114973262000198,-0.0028357991569619156,-6.1325733603233905,32.0819635278882,-57.1685183445266,0.0,1.1537587694183098,0.6846955787436579,0.0,-2.077655137488208,-5.774518177273801,0.0,-35.42903341846529,12.747264973173467,44.66763719475666,27.00127818575701,71.66891538051367
9.76399999999993,7.23,6.497558966941266,0.9991169152169882,0.06201404666400616,-6.248307327625604,32.772950369090104,-58.57760966248465,0.0,1.1495781442501842,0.6731385802389656,0.0,-2.103070265767829,-5.78238962567923,0.0,-35.77156026312159,13.010210245155541,44.87567231842749,26.79247610634473,71.66814842477223
9.76599999999993,7.23,6.497749017096695,0.9865021688523082,0.12827691815337378,-6.366933802081712,33.49536976998723,-60.06187820189013,0.0,1.1453460882282323,0.6615663296909088,0.0,-2.1290911829707335,-5.789764929911385,0.0,-36.120359541032606,13.282670359765778,45.08375182909632,26.58360013277896,71.66735196187528
9.767999999999931,7.23,6.498073059948912,0.9736471482854199,0.19601800778053796,-6.4886083515138155,34.25158065040196,-61.62660826589384,0.0,1.141061358098447,0.6499798490652012,0.0,-2.155749992119607,-5.796613936227024,0.0,-36.47572018401524,13.565252812132115,45.291850770490996,26.37467372145497,71.66652449194596
9.769999999999932,7.23,6.498534121185529,0.9605455927051599,0.2653074183917439,-6.613497545185689,35.04413732883487,-63.27752354728519,0.0,1.136722643746661,0.6383802234261974,0.0,-2.183081491563298,-5.802903645326063,0.0,-36.83793960466918,13.858617866773333,45.49994233748105,26.165722079669674,71.66566441715072
9.771999999999933,7.23,6.499135371947316,0.9471908964018738,0.33622057127827365,-6.7417798722107625,35.875807035626835,-65.02082732708502,0.0,1.1323285625451442,0.626768606960457,0.0,-2.211123442450277,-5.808597872670353,0.0,-37.20732286637503,14.163484135774157,45.707997712459324,25.95677232071617,71.6647700331755
9.773999999999933,7.23,6.4998801399032775,0.933576083940105,0.40883865067422764,-6.873646743679794,36.749588834659875,-66.86324601351416,0.0,1.127877653133327,0.6151462297258593,0.0,-2.2399168677645753,-5.8136568615063835,0.0,-37.58418152624797,14.48063485122085,45.91598588350397,25.747853636303194,71.66383951980717
9.775999999999934,7.23,6.500771921253511,0.9196937832377015,0.48324908750796647,-7.00930358524503,37.66873395351927,-68.81207606307026,0.0,1.1233683685653482,0.6035144052282689,0.0,-2.2695063871695313,-5.818036841008642,0.0,-37.968832066161504,14.810924929203772,46.123873441899164,25.538997488614314,71.66287093051348
9.777999999999935,7.23,6.501814393741145,0.9055361963636854,0.55954608517979,-7.148971026876244,38.6367674671664,-70.87523421305504,0.0,1.118799068748051,0.5918745389441977,0.0,-2.2999405925162453,-5.821689520598501,0.0,-38.36159380577662,15.15528893723191,46.331624356229625,25.330237824673972,71.6618621809036
9.779999999999935,7.23,6.503011430760034,0.8910950678540488,0.6378311899528976,-7.292886196206152,39.65751119962513,-73.06131078784249,0.0,1.114168012082677,0.580228137927465,0.0,-2.3312724695710236,-5.8245615098654895,0.0,-38.76278616490228,15.51475009355548,46.539199719833306,25.121611316102424,71.66081103593572
9.781999999999936,7.23,6.504367116649737,0.8763616503324186,0.7182139081643817,-7.441304121178848,40.73510759206317,-75.37962559811443,0.0,1.1094733462115687,0.5685768216608128,0.0,-2.3635598723092834,-5.826593651568604,0.0,-39.17272510902024,15.890430445884405,46.74655746790028,24.913157627823665,71.65971509572395
9.783999999999937,7.23,6.5058857632731035,0.8613266672122895,0.8008123718039233,-7.594499246425143,41.87404412037369,-77.84028560387402,0.0,1.1047130977576807,0.5569223343408347,0.0,-2.39686605701876,-5.827720252859288,0.0,-39.59171856957819,16.28356239850427,46.953652059918326,24.70491971985969,71.65857177977801
9.785999999999937,7.23,6.5075719279739035,0.8459802722506263,0.885754052954038,-7.752767065664311,43.0791776123128,-80.45424301799073,0.0,1.099885160929176,0.5452665588169694,0.0,-2.431260284459091,-5.8278681970654755,0.0,-40.02006057731915,16.69550178095592,47.16043412248384,24.49694418700925,71.6573783094931
9.787999999999938,7.23,6.50943043301145,0.8303120057211177,0.9731765259774008,-7.9164258691288465,44.355757487878236,-83.23335183197109,0.0,1.094987284843789,0.5336115324439248,0.0,-2.4668184994376308,-5.826955915013135,0.0,-40.45802377944121,17.127742678243376,47.3668500466938,24.28928164199233,71.65613168868613
9.789999999999939,7.23,6.5114663865646785,0.8143107469819946,1.0632282739541448,-8.085818600053582,45.70944649191455,-86.19041977361316,0.0,1.0900170594077836,0.5219594651529142,0.0,-2.503624098375157,-5.824892190827079,0.0,-40.90584992590336,17.581934271725576,47.572841533397934,24.081987148561378,71.65482868195932
9.79199999999994,7.23,6.513685205387919,0.797964663232058,1.1560695324129047,-8.261314807009946,47.146336856868075,-89.33925135282459,0.0,1.0849718995617985,0.510312760101862,0.0,-2.5417687967296945,-5.821574772315069,0.0,-41.36373780176362,18.05989997081518,47.77834507849017,23.875120712159976,71.65346579065015
9.79399999999994,7.23,6.516092639182009,0.7812611542848358,1.2518731584486866,-8.44331266840209,48.67295896040498,-92.69467577404636,0.0,1.0798490276808967,0.4986740373302464,0.0,-2.581353609478241,-5.816888750250587,0.0,-41.83182794477795,18.56365914711254,47.98329138913832,23.66874783697913,71.65203922611745
9.79599999999994,7.23,6.518694796714004,0.7641867932521909,1.350825506308725,-8.632241050539141,50.29627833718327,-96.27255089527577,0.0,1.0746454538883563,0.4870461609223231,0.0,-2.6224899591497652,-5.810704663962591,0.0,-42.310183312626414,19.095451812462493,48.187604720351764,23.46294015974763,71.6505448800994
9.797999999999941,7.23,6.521498173671553,0.7467272631257155,1.4531272806732407,-8.828561539661479,52.02367524342031,-100.08973082639713,0.0,1.0693579540126468,0.47543227027572943,0.0,-2.6653009270297554,-5.802876282439284,0.0,-42.79876484203667,19.65776660695202,48.391202119552005,23.257776172332502,71.6489782918845
9.799999999999942,7.23,6.524509682167508,0.7288672893913393,1.5589943250920413,-9.032770358804122,53.862898689494294,-104.16397981773926,0.0,1.0639830448848935,0.46383581618349723,0.0,-2.7099226639112084,-5.793238000482946,0.0,-43.29740056022062,20.25337247611827,48.593992564802036,23.053342047248627,71.64733461205066
9.801999999999943,7.23,6.527736681707132,0.7105905690296805,1.6686582838990467,-9.24540003924685,55.82198372263976,-108.51380829739088,0.0,1.0585169566412505,0.4522606025695748,0.0,-2.756505976823296,-5.781601778170746,0.0,-43.805746552024715,20.885354409183684,48.795875980050354,22.849732582519767,71.64560856257012
9.803999999999943,7.23,6.531187011281839,0.6918796965691774,1.7823670494249568,-9.467020659191892,57.90911645336285,-113.15819760451069,0.0,1.0529556016626247,0.4407108348742269,0.0,-2.805218107025489,-5.767753538915346,0.0,-44.32323763546416,21.557153567345345,48.996742108137084,22.647052285018116,71.6437943931552
9.805999999999944,7.23,6.534869022042462,0.6727160883084831,1.9003848697651855,-9.69824038333895,60.13242546878576,-118.116167244743,0.0,1.0472945397563456,0.42919117626950976,0.0,-2.856244711444959,-5.751448926873184,0.0,-44.84902503223846,22.272612030554193,49.19646921940564,22.445416614447396,71.64188583385304
9.807999999999945,7.23,6.538791609707896,0.6530799064602774,2.022991942102116,-9.9397049282564,62.499670330711105,-123.40612119365902,0.0,1.0415289391657345,0.41770681309934155,0.0,-2.9097920535031943,-5.7324083087114825,0.0,-45.381897614540684,23.036022198734194,49.39492263059992,22.244953413506387,71.6398760441063
9.809999999999945,7.23,6.542964245449793,0.6329499858602204,2.150483247781946,-10.192095429278199,65.01778713350846,-129.0448863956791,0.0,1.0356535329917689,0.4062635311848155,0.0,-2.9660893982003294,-5.710310888739601,0.0,-45.920182441147446,23.852180547769727,49.591953005425715,22.045804553396387,71.6377575588221
9.811999999999946,7.23,6.547397003417407,0.6123037671264029,2.28316629163735,-10.4561239811376,67.69223675577656,-135.04632529650854,0.0,1.0296625706385458,0.39486780491258244,0.0,-3.0253915878520425,-5.684787791959762,0.0,-46.46161924565204,24.726444885521804,49.78739440491133,21.848127827557768,71.6355222324691
9.813999999999947,7.23,6.552100582271209,0.5911172418722648,2.4213572812339175,-10.73252584870567,70.52608250594928,-141.41936285366378,0.0,1.0235497639690416,0.3835269013258149,0.0,-3.087981745276654,-5.655413960009337,0.0,-47.00320230396135,25.66479336623814,49.98106205290526,21.652099130013383,71.63316118291864
9.815999999999947,7.23,6.557086317003288,0.5693649179359026,2.5653751116042356,-11.022046973620526,73.51869933520543,-148.16521476665855,0.0,1.0173082280073362,0.37224900174873965,0.0,-3.15417400512302,-5.621698705979375,0.0,-47.54098171624834,26.673882139561506,50.17274978032225,21.457914957406828,71.63066473772908
9.817999999999948,7.23,6.56236617583853,0.547019815806349,2.7155322956012773,-11.325424910778617,76.66398591645563,-155.2735359440752,0.0,1.0109304162882184,0.36104334376669467,0.0,-3.2243161037627637,-5.58307479525755,0.0,-48.06981468556602,27.76109639928484,50.36222711212016,21.26579527480938,71.62802238692954
9.819999999999949,7.23,6.5679527350096825,0.5240535117737123,2.8721216864235286,-11.643360687188588,79.94791374510149,-162.7171265558009,0.0,1.0044080513933487,0.3499203865993846,0.0,-3.298791553113378,-5.538885976350295,0.0,-48.58305607756545,28.934586430809535,50.54923596507798,21.07598678310599,71.62522274818397
9.82199999999995,7.23,6.5738591215335616,0.5004362491303034,3.0353974662045378,-11.976478260040112,83.34520608352116,-170.4447418005311,0.0,0.9977320519083412,0.33889200295113087,0.0,-3.3780209696155516,-5.48837300254309,0.0,-49.072176832086846,30.203275594909847,50.733486934720375,20.888766617850273,71.62225355257064
9.82399999999995,7.23,6.580098910621785,0.47613714636461796,3.205548419724285,-12.325267253269141,86.81490028042198,-178.37146416182318,0.0,0.9908924581029244,0.3279717001426722,0.0,-3.462461908072141,-5.430658399766276,0.0,-49.52629945372722,31.5768204668673,50.91465516993067,20.70444649219232,71.61910166212299
9.82599999999995,7.23,6.586685959884642,0.4511245410588129,3.382660991773692,-12.690003506944947,90.29452389671846,-186.3660440541197,0.0,0.9838783602327363,0.3171748724763518,0.0,-3.552606239690654,-5.364730603690177,0.0,-49.931643193682895,33.06549392170181,51.09237586931962,20.523377264287234,71.61575313360686
9.827999999999951,7.23,6.5936341569480525,0.425366520314686,3.5666690980281333,-13.070640805041602,93.69263632605934,-194.23465753692386,0.0,0.976677835685288,0.3065190849785059,0.0,-3.6489736932501917,-5.289428688298919,0.0,-50.270879876928326,34.67994920004211,51.26623949194253,20.345953854460305,71.61219334640283
9.829999999999952,7.23,6.600957050602609,0.3988317027856301,3.757287257568857,-13.466666246830576,96.87960435252246,-201.7007795139583,0.0,0.9692779044781553,0.29602438533608055,0.0,-3.752099635837441,-5.203429841958307,0.0,-50.522418069788294,36.430806640786166,51.43578686682503,20.172620348247854,71.60840721507289
9.831999999999953,7.23,6.608667328635616,0.37149035272251885,3.9539236099494195,-13.876911680327341,99.67677748565248,-208.38151319595772,0.0,0.9616645170974965,0.28571363521110404,0.0,-3.8625145213715673,-5.105243134332345,0.0,-50.65966334432435,38.3279855957022,51.60050452412751,20.00387498393018,71.60437950805769
9.833999999999953,7.23,6.616776099293643,0.3433159201880521,4.1555702524505005,-14.299315470725755,101.84483448644463,-213.76203017670795,0.0,0.9538225944813712,0.2756128431607143,0.0,-3.9807117616984984,-4.993215060869829,0.0,-50.650351999686755,40.379685129003576,51.759820770759056,19.840274520852024,71.60009529161108
9.835999999999954,7.23,6.625291930361508,0.3142871083828415,4.36067085886529,-14.730634322097501,103.0731482311685,-217.17211493572626,0.0,0.9457361469721179,0.2657514679744397,0.0,-4.1071002806909656,-4.865554855963211,0.0,-50.456130875488455,42.59090595337141,51.9131033090453,19.682437202923545,71.59554051196884
9.837999999999955,7.23,6.634219604476565,0.28439055938946467,4.566970814287176,-15.16611629750028,102.97370413152868,-217.7724860266014,0.0,0.9373885065490775,0.25616264245104936,0.0,-4.2419381077096645,-4.72039037624042,0.0,-50.0326588831196,44.96141747398857,52.05965955519352,19.5310431662768,71.59070272147032
9.839999999999955,7.23,6.643558568274031,0.25362420886934395,4.771364365550418,-15.599166317260188,101.08537898102797,-214.5635260679938,0.0,0.9287627127719111,0.24688324356361258,0.0,-4.385244752946905,-4.555867685621475,0.0,-49.33062610542396,47.48313257014321,52.19874124014144,19.38683071550647,71.58557195564791
9.841999999999956,7.23,6.653301095210367,0.2220012688396474,4.969767323914947,-16.021065982240156,96.89674173428128,-206.43420920913528,0.0,0.9198420940881078,0.23795370810302097,0.0,-4.536693771752285,-4.370307658354479,0.0,-48.29818679486959,50.136992712708654,52.32955530871165,19.250586489720057,71.5801417984317
9.843999999999957,7.23,6.6634302564024415,0.189554635974433,5.15706162076089,-16.42084832885038,89.89657855110575,-192.27132835285025,0.0,0.9106110769055864,0.22941747017477332,0.0,-4.695493887462347,-4.162428185795832,0.0,-46.885303792573595,52.88971906376642,52.45128342908875,19.123127327924227,71.57441075701297
9.845999999999957,7.23,6.673917903860938,0.1563412835205901,5.32717451358557,-16.78546422914605,79.65851943403484,-171.14303017908568,0.0,0.9010562280898027,0.2213198916171769,0.0,-4.860277594143366,-3.931627462794199,0.0,-45.05027815596099,55.69115070117333,52.56311230367287,19.00527190256517,71.56838420623804
9.847999999999958,7.23,6.684723003727379,0.12244590458713167,5.473359626166874,-17.100386992909065,65.95640044139772,-142.54949385083597,0.0,0.8911674866138874,0.21370658786380747,0.0,-5.029028494295033,-3.678300024583659,0.0,-42.768157101034255,58.47328365606407,52.66427598943052,18.8978012707786,71.56207726020912
9.849999999999959,7.23,6.695790774136936,0.08798281890389323,5.588723757384243,-17.350751441008406,48.88931971766356,-106.69509671082437,0.0,0.8809394682345687,0.20662113958975037,0.0,-5.199087391111887,-3.404125278413014,0.0,-40.0397533647354,61.15232543934854,52.75410907095109,18.80140966107607,71.55551873202717
9.85199999999996,7.23,6.707053114065217,0.05309508455068781,5.666980465438024,-17.522986955433133,28.974962681030657,-64.69195250569489,0.0,0.87037264863515,0.20010233045865322,0.0,-5.3672736785181145,-3.112239866280809,0.0,-36.89893003008792,63.63476609296261,52.83210557229785,18.71664995835625,71.54875553065409
9.85399999999996,7.23,6.718430679047118,0.017950038432824195,5.703315810330318,-17.606695846909165,7.160333500997826,-18.584033527194908,0.0,0.8594741778471295,0.19418123676434385,0.0,-5.5301351042463756,-2.807200814355601,0.0,-33.41523152119004,65.82740497468549,52.89797378459194,18.643881680190372,71.54185546478232
9.85599999999996,7.23,6.729836634782842,-0.017268805003823252,5.695161767033366,-17.596332508975994,-15.283705445507014,28.881418077253382,0.0,0.8482580917958218,0.1888786480817829,0.0,-5.684296882432239,-2.494685032702507,0.0,-29.689609810031428,67.64964485354996,52.95167417425607,18.58323127673241,71.53490545098848
9.857999999999961,7.23,6.741181670446947,-0.05237259038186028,5.642647937519903,-17.492184344253086,-36.97170155596621,74.70837052299744,0.0,0.836744788400375,0.18420333189801308,0.0,-5.826836844874325,-2.180950872283493,0.0,-25.843115772980312,69.04493864856794,52.99342936873093,18.534573791950656,71.52800316068158
9.859999999999962,7.23,6.7523794561717265,-0.08717892229160207,5.548580797517938,-17.300326368536748,-56.65265915408435,116.19304843978968,0.0,0.8249598060039738,0.180151515821528,0.0,-5.9555925302059585,-1.8721761353924946,0.0,-22.001158313567988,69.98803778721081,53.02370283834955,18.497540772724445,71.521243611074
9.861999999999963,7.23,6.763351577840268,-0.12152253013753578,5.417957116466315,-17.03156398801819,-73.41311997356921,151.36490129220624,0.0,0.8129321168634267,0.1767076786024938,0.0,-6.069325279643981,-1.5738351088664024,0.0,-18.277717881576702,70.48604683419289,53.04315274470528,18.47155304930119,71.51470579400647
9.863999999999963,7.23,6.774031157864821,-0.1552630787486814,5.257172146287932,-16.699713512689495,-86.7733653203364,179.1949721309234,0.0,0.8006922532047697,0.17384642783582616,0.0,-6.167717258795937,-1.2902561434977589,0.0,-14.763642481413756,70.5735624621474,53.05257359515818,18.4558711896528,71.50844478481098
9.865999999999964,7.23,6.784364780144794,-0.1882892977557046,5.073153996107098,-16.319723891229337,-96.66835222077941,199.55357303733598,0.0,0.7882705792357695,0.17153502639479146,0.0,-6.251231689113422,-1.024426140223383,0.0,-11.521143176281843,70.30407804966904,53.05283796466669,18.449653387547883,71.50249135221458
9.867999999999965,7.23,6.794312783199109,-0.22051957227436905,4.872623773965431,-15.906073493996358,-103.34949219083194,212.9960429703632,0.0,0.7756959277915441,0.16973607899089493,0.0,-6.320898075932032,-0.7780239570304939,0.0,-8.584185286815993,69.74047492055905,53.044845962481276,18.452011019552675,71.49685698203395
9.869999999999965,7.23,6.803848296972667,-0.2518998139840086,4.661588434828552,-15.471673849108841,-107.25841621573888,220.48799072933267,0.0,0.762994690462889,0.168409984105359,0.0,-6.378085290102236,-0.5516105540166203,0.0,-5.962887380191507,68.94683941270237,53.02948545271432,18.462055099136936,71.49154055185126
9.871999999999966,7.23,6.812955514617991,-0.28239968195486725,4.445078831198714,-15.027306648442744,-108.91297788567293,223.15757897989016,0.0,0.7501903391702116,0.1675169197165166,0.0,-6.4243061368154475,-0.34489117607731656,0.0,-3.649676280833563,67.98271267773069,53.00760327807747,18.478930601095545,71.48653387917301
9.873999999999967,7.23,6.821627648648488,-0.31200812979178366,4.227085447654351,-14.581489931379693,-108.8250618584175,222.1172886006903,0.0,0.7373032922325796,0.16701828874450142,0.0,-6.461072925044057,-0.1569818829057732,0.0,-1.6254369753028015,66.89986537362529,52.97998652171166,18.50183870713349,71.48182522884515
9.875999999999967,7.23,6.829864899487263,-0.34072899047992056,4.010623709903966,-14.140624865968416,-107.45249223407413,218.35998988499918,0.0,0.7243510181185858,0.16687766023217565,0.0,-6.489804953671143,0.013359785087850407,0.0,0.13533334225194701,65.74110205876633,52.94735227800835,18.530048848295294,71.47740112630365
9.877999999999968,7.23,6.837672631124924,-0.36857701980287805,3.797866724708373,-13.709287834700051,-105.1781465001609,212.7141847192226,0.0,0.7113482798219589,0.16706129811473813,0.0,-6.51177882231981,0.1675558766957168,0.0,1.6607024219675515,64.54042123023882,52.910344096497184,18.562903091242344,71.47324718773953
9.879999999999969,7.23,6.84505984057563,-0.39557458423724684,3.5903003766650685,-13.290569888252142,-102.30696246800429,205.83807692403172,0.0,0.6983074455014189,0.1675383838744816,0.0,-6.528109449098423,0.3070807820927852,0.0,2.978743101364053,63.32392686357002,52.86953319644482,18.59981533076892,71.46934852721374
9.88199999999997,7.23,6.852037935816644,-0.42174902295735095,3.388873439258708,-12.886404319178897,-99.07277108593888,198.23488773909287,0.0,0.6852388152046316,0.16828102995488547,0.0,-6.5397506673292485,0.43337773452612516,0.0,4.115989799128379,62.1110520710139,52.82542272810192,18.640267307311294,71.46569003541322
9.88399999999997,7.23,6.858619796774338,-0.4471306268096729,3.1941291176642483,-12.497853071490805,-95.64930270206168,190.27712077698408,0.0,0.6721509335940381,0.16926416155761548,0.0,-6.547506832212786,0.5478087652154067,0.0,5.096630155982324,60.91582115235836,52.77845369597577,18.68380293702277,71.46225663299853
9.88599999999997,7.23,6.864819076464492,-0.47175113965588267,3.00631339888718,-12.12534216804111,-92.16197322626334,182.23241267521726,0.0,0.659050873099676,0.17046532390536095,0.0,-6.552049560782831,0.6516284242808361,0.0,5.942186107867803,59.7480042727014,52.729011545032776,18.730021964175233,71.45903350920801
9.887999999999971,7.23,6.870649695720904,-0.4956426799325525,2.8254606097184745,-11.768847224246985,-88.69870801418075,174.28720409150182,0.0,0.6459444813740473,0.17186445426225427,0.0,-6.5539359381028035,0.7459733836238333,0.0,6.6714965786085205,58.61410359584753,52.677432757524336,18.778573571810572,71.45600632933491
9.889999999999972,7.23,6.876125488447947,-0.518836988238476,2.651458937230233,-11.428035189081422,-85.31910056488806,166.56672570102123,0.0,0.6328365925355094,0.17344364420693126,0.0,-6.553626111589944,0.8318620384684545,0.0,7.30087011948165,57.51815906932526,52.624011077993266,18.829150318742933,71.45316139673619
9.891999999999973,7.23,6.881259960801177,-0.5413649210834061,2.484099432863589,-11.102370077433756,-82.06178076797701,159.15104661403348,0.0,0.6197312046787661,0.17518690769227308,0.0,-6.5514992394175895,0.9101999750135784,0.0,7.8443210591690145,56.46238723762491,52.56900317332253,18.88148259127889,71.45048576460141
9.893999999999973,7.23,6.8860661347696785,-0.563256126483301,2.3231119556405635,-10.791190280194607,-78.95014613122866,152.0875343033465,0.0,0.6066316274728188,0.1770799636044328,0.0,-6.54786739570061,0.9817885369932557,0.0,8.313835670569276,55.44767683604279,52.51263365674336,18.93533364404632,71.44796730078968
9.895999999999974,7.23,6.890556453147526,-0.5845388513677615,2.1681910774712256,-10.493764071154986,-75.99671474103431,145.40030001404918,0.0,0.5935406040411499,0.1791100370654225,0.0,-6.542987395166849,1.0473347168519251,0.0,8.719637295625079,54.47396710689565,52.455099477337164,18.990495236157653,71.44559471349481
9.897999999999975,7.23,6.8947427283904945,-0.6052398428151418,2.019014431339457,-10.20932873175584,-73.20637348676708,139.09723233643066,0.0,0.5804604111717725,0.18126568092137296,0.0,-6.537070684444014,1.1074612851904981,0.0,9.070433883445041,53.54053295367059,52.396573715789536,19.046783831104786,71.44335754689432
9.899999999999975,7.23,6.898636122282312,-0.62538431479918,1.8752554585812562,-9.937117561027579,-70.57876859373313,133.1751614037042,0.0,0.5673929415096176,0.18353661718777292,0.0,-6.530291526485325,1.1627165312686194,0.0,9.373640369267571,52.64619761530422,52.337208845281346,19.104037310187383,71.44124615546873
9.901999999999976,7.23,6.902247146779442,-0.6449959596393704,1.7365920573225124,-9.676378042001536,-68.11004463273935,127.62360538549322,0.0,0.5543397708987404,0.18591359729468115,0.0,-6.522793724920229,1.2135832839099763,0.0,9.635573609671049,51.7894897782982,52.27713952196571,19.162112142359753,71.43925166432547
9.903999999999977,7.23,6.905585679023603,-0.6640969890493312,1.6027122642201619,-9.426383626169972,-65.79409624175642,122.4274584377982,0.0,0.5413022135532797,0.188388279518642,0.0,-6.51469612459827,1.2604870675335271,0.0,9.861620523228801,50.968758553509396,52.21648496806925,19.22088095320516,71.43736592127442
9.905999999999977,7.23,6.9086609854728955,-0.6827081939390945,1.473317811430382,-9.186440963380317,-63.62345955705214,117.56889740071307,0.0,0.5282813672859751,0.1909531218216335,0.0,-6.506097100004894,1.3038033595607215,0.0,10.056381567835752,50.18225676077628,52.15535100572906,19.280230439181814,71.43558144491087
9.907999999999978,7.23,6.911481751553855,-0.700849015274828,1.3481261785777403,-8.955893919839713,-61.589939613217894,113.02871711102192,0.0,0.5152781506285772,0.19360128832144485,0.0,-6.497078213942519,1.3438639791380265,0.0,10.223792304894692,49.428200531582284,52.093831793283734,19.340059578419286,71.43389137170303
9.909999999999979,7.23,6.914056114300989,-0.718537620602814,1.2268715922929336,-8.734125362610612,-59.68504566758404,108.78725097943429,0.0,0.5022933333433746,0.19632656771598933,0.0,-6.48770719982005,1.3809626705563025,0.0,10.367225928889534,48.70481131392431,52.03201130905275,19.400278095049057,71.43228940410181
9.91199999999998,7.23,6.916391696224885,-0.735790982517075,1.1093053015167684,-8.520557418411611,-57.9002877070596,104.82499260229181,0.0,0.4893275615456271,0.19912330212837737,0.0,-6.4780403944194,1.4153599595739026,0.0,10.489579507794849,48.010344868330236,51.96996462125596,19.460805139691807,71.43076976094777
9.91399999999998,7.23,6.918495639209949,-0.7526249565561578,0.9951953650484509,-8.31465071531093,-56.22737327112555,101.12300333854462,0.0,0.47638137842700623,0.20198632500128888,0.0,-6.468124724998972,1.4472873645975584,0.0,10.593346422312786,47.34311069847112,51.90775897694739,19.521568153972243,71.42932713091963
9.91599999999998,7.23,6.920374637645059,-0.7690543568783533,0.8843261206058121,-8.115902970152987,-54.658333187423324,97.66316780596509,0.0,0.4634552413827278,0.20491090683130087,0.0,-6.457999335172601,1.476951042145572,0.0,10.680677189278668,46.70148449020586,51.84545473775618,19.58250189163924,71.42795662939542
9.917999999999981,7.23,6.922034970277359,-0.7850930286785766,0.7764974556594955,-7.923847178482975,-53.18559702316599,94.4283422796994,0.0,0.45054953619307625,0.2078927076871676,0.0,-6.447696917914628,1.5045349402079535,0.0,10.753430550357258,46.08391547687433,51.78310618584858,19.643547572996127,71.42665375884471
9.919999999999982,7.23,6.923482530482438,-0.8007539167426464,0.6715239647199871,-7.738049586869582,-51.80203332712938,91.40242851868143,0.0,0.43766458878714787,0.21092773559606903,0.0,-6.4372448108801485,1.5302035258553115,0.0,10.813216423635089,45.488930155916194,51.72076221979829,19.704652152909095,71.42541437270738
9.921999999999983,7.23,6.924722854786378,-0.8160491298359955,0.5692340520177617,-7.558107572055447,-50.50096554470638,88.57039644173044,0.0,0.4248006750175221,0.21401231000681564,0.0,-6.426665898549504,1.5541041458116958,0.0,10.861432062687179,44.915133412906805,51.658466956904235,19.76576768570603,71.42423464261026
9.923999999999984,7.23,6.925761149573439,-0.8309900008306306,0.4694690199710619,-7.383647511502767,-49.2761714304194,85.91827244469307,0.0,0.41195802879458215,0.21714302964885612,0.0,-6.415979357086413,1.5763690713044596,0.0,10.89929254791099,44.36120783337577,51.59626025585497,19.82685077286107,71.42311102871605
9.925999999999984,7.23,6.926602315979942,-0.8455871426131818,0.3720821705304119,-7.2143227013922875,-48.12187155715393,83.43310533372252,0.0,0.39913684886474904,0.2203167442015349,0.0,-6.405201270864321,1.5971172716519724,0.0,10.927856547366787,43.82591177704661,51.534178171426404,19.887862081542202,71.4220402529686
9.927999999999985,7.23,6.927250973018993,-0.8598504999075625,0.2769379369925484,-7.0498113578620245,-47.032710905794865,81.10291835947731,0.0,0.3863373044648447,0.2235305292706088,0.0,-6.3943451440467065,1.6164559548869248,0.0,10.948048126219302,43.30807663582588,51.47225335105319,19.948765923936588,71.42101927498977
9.929999999999986,7.23,6.927711479008804,-0.8737893972021815,0.18391105714292655,-6.889814722963367,-46.00373634831335,78.91665331334974,0.0,0.3735595400426751,0.22678166424002866,0.0,-6.383422326137515,1.634481908273969,0.0,10.960675251606647,42.80660358274281,51.41051538157081,20.00952988881318,71.420045270384
9.931999999999986,7.23,6.9279879513940354,-0.8874125830039995,0.09288579385232232,-6.734055286810023,-45.030371990998006,76.86411082665883,0.0,0.3608036791999266,0.2300676126277822,0.0,-6.372442366830932,1.6512826668416711,0.0,10.966445529734022,42.32046003418827,51.34899109314046,20.070124518079623,71.41911561122009
9.933999999999987,7.23,6.928084285058369,-0.9007282706573316,0.0037552059635873186,-6.582275130495036,-44.10839373420234,74.93588970485155,0.0,0.3480698279857732,0.23338600462665182,0.0,-6.3614133126076515,1.6669375339575145,0.0,10.965979620790817,41.848675984796,51.28770482628925,20.1305230221819,71.41822784847115
9.935999999999988,7.23,6.928004169229773,-0.9137441759694676,-0.08357952994499215,-6.434234389677493,-43.23390396631856,73.12332719108255,0.0,0.33535807764714565,0.23673462155511493,0.0,-6.350341955207497,1.6815184744638547,0.0,10.959822701858235,41.390340327623925,51.22667866710296,20.190701029110294,71.41737969621326
9.937999999999988,7.23,6.9277511030794985,-0.9264675518816741,-0.16920974783695697,-6.289709835658687,-42.40330699575117,71.41844138509997,0.0,0.32266850692332844,0.2401113819815881,0.0,-6.339234040241038,1.6950908978929196,0.0,10.948454285655378,40.94459723777823,51.16593265485182,20.250636362547617,71.41656901739944
9.939999999999989,7.23,6.927328410112971,-0.93890522041568,-0.2532198724239832,-6.148493568816865,-41.61328560127001,69.81387656995702,0.0,0.31000118395756193,0.24351432931759742,0.0,-6.328094442696068,1.7077143467231637,0.0,10.932296651504554,40.510642672199566,51.10548496569828,20.310308845344814,71.4157938110431
9.94199999999999,7.23,6.926739251446304,-0.9510636021142171,-0.3356879537832569,-6.010391818117195,-40.860778923363036,68.30285186671523,0.0,0.29735616788611907,0.2469416207031222,0.0,-6.316927314876334,1.7194431024654149,0.0,10.911722102378977,40.08772101968638,51.045352075605656,20.36970012505679,71.41505220066244
9.94399999999999,7.23,6.9259866380568385,-0.962948743180951,-0.41668615919611474,-5.8752238398183785,-40.14296180896454,66.87911340678741,0.0,0.2847335101552693,0.25039151703104645,0.0,-6.305736211322035,1.7303267205200303,0.0,10.887059226747253,39.675121921642386,50.985548905116886,20.42879351873514,71.41434242385202
9.94599999999999,7.23,6.925073442090331,-0.974566340511116,-0.4962812251620219,-5.74282090828576,-39.457225645986064,65.5368900543281,0.0,0.27213325560827045,0.2538623739779057,0.0,-6.29452419445944,1.7404105031772836,0.0,10.858598314841647,39.27217727421686,50.92608894829575,20.487573874565964,71.41366282286171
9.947999999999992,7.23,6.924002407301455,-0.9859217647900009,-0.5745348725599994,-5.61302539186823,-38.801160672819435,64.27085260639828,0.0,0.2595554433777423,0.25735263392548,0.0,-6.283293924073497,1.7497359187999804,0.0,10.826596054871205,38.878258415489924,50.86698438780364,20.546027448274007,71.41301183607764
9.949999999999992,7.23,6.922776158698408,-0.9970200818225395,-0.6515041878638335,-5.4856899070133185,-38.17253971441049,63.07607633143447,0.0,0.24700010761311175,0.2608608186727064,0.0,-6.272047733164051,1.758340974094244,0.0,10.791279614694846,38.49277349642114,50.80824619781249,20.60414179249682,71.4123879903093
9.951999999999993,7.23,6.921397211456689,-1.0078660722439214,-0.727241973197805,-5.360676544118322,-37.569303275530324,61.948006665915955,0.0,0.23446727806816764,0.2643855228501818,0.0,-6.260787692309963,1.7662605454102769,0.0,10.752850197835073,38.11516503088779,50.74988423622588,20.661905657573385,71.41178989379927
9.953999999999994,7.23,6.919867979161729,-1.0184642497485088,-0.801797067867573,-5.237856159000149,-36.98954590979739,60.88242786711559,0.0,0.22195698056988528,0.2679254079605897,0.0,-6.249515664307514,1.7735266741938271,0.0,10.711486148857466,37.74490761788323,50.69190732748278,20.719308902397465,71.41121622988024
9.955999999999994,7.23,6.9181907814349,-1.028818877962526,-0.8752146438311934,-5.117107724281817,-36.43150377714584,59.87543441071696,0.0,0.20946923738646517,0.2714791969778769,0.0,-6.238233350555269,1.7801688310089294,0.0,10.667345671577605,37.38150582752396,50.634323337051875,20.77634241416123,71.4106657512131
9.957999999999995,7.23,6.916367850992737,-1.0389339860750046,-0.947536477398453,-4.998317735417514,-35.89354330085562,58.92340492175319,0.0,0.19700406750978633,0.27504566944625575,0.0,-6.2269423304150955,1.786214151954773,0.0,10.620569213888206,37.02449224169978,50.57713923858053,20.832998035965762,71.41013727454629
9.959999999999996,7.23,6.914401340184747,-1.0488133833313344,-1.0188011992698012,-4.881379666496614,-35.37415083655292,58.022978432796904,0.0,0.18456148686531232,0.2786236570272098,0.0,-6.215644094578839,1.7916876507879578,0.0,10.571281564894232,36.673425639825034,50.520361174540035,20.889268501404157,71.40962967594419
9.961999999999996,7.23,6.9122933270511755,-1.0584606724844545,-1.0890445248538785,-4.766193471370521,-34.87192326875527,57.17103277249529,0.0,0.17214150846050708,0.2822120394488633,0.0,-6.2043400733043095,1.7966124096237972,0.0,10.519593703241563,36.327889320083216,50.463994511102854,20.945147375334496,71.40914188643735
9.963999999999997,7.23,6.910045820938366,-1.0678792622901976,-1.1582994666379516,-4.6526651260289835,-34.3855594548618,56.364664898905424,0.0,0.159744142481286,0.2858097408174307,0.0,-6.193031660246772,1.8010097507143537,0.0,10.465604429797759,35.98748954671044,50.408043887896895,21.000629000155907,71.4086728880528
9.965999999999998,7.23,6.907660767705969,-1.0770723791255112,-1.2265965302302375,-4.540706208511299,-33.91385244145891,55.60117300456762,0.0,0.14736939634469837,0.2894157262551279,0.0,-6.181720232497849,1.804899391478033,0.0,10.409401813015503,35.65185411416373,50.3525132632032,21.05570844698409,71.40822171018729
9.967999999999998,7.23,6.905140054557145,-1.0860430778011931,-1.2939638955480823,-4.430233512971054,-33.455682383088444,54.878040233166395,0.0,0.1350172747148654,0.29302899883298994,0.0,-6.1704071673484355,1.808299584677691,0.0,10.35106447123013,35.32063101941611,50.297405955095385,21.110381471194515,71.4077874262899
9.969999999999999,7.23,6.902485514520131,-1.0947942516343232,-1.3604275844915696,-4.32116869482057,-33.01001009895018,54.19291986044063,0.0,0.12268777948830834,0.29664859677058675,0.0,-6.159093856212911,1.8112272454042737,0.0,10.290662712686672,34.99348723407748,50.24272467896051,21.16464447186401,71.40736915082452
9.972,7.23,6.89969893060694,-1.1033286418397168,-1.4260116163183234,-4.21343794416335,-32.57587120823904,53.5436218044297,0.0,0.11038090975393716,0.30027359087773586,0.0,-6.147781716085413,1.8136980663161588,0.0,10.228259551161969,34.6701075685264,50.188471581789905,21.218494454695875,71.40696603648578
9.974,7.23,6.89678203967269,-1.111648846294398,-1.4907381518217147,-4.106971684980811,-32.152370789824914,52.92810034194095,0.0,0.09809666173232234,0.30390308221601814,0.0,-6.136472198843359,1.8157266224049975,0.0,10.163911612553976,34.350193620737095,50.13464827358321,21.271928998060776,71.40657727164398
9.976,7.23,6.89373653599693,-1.1197573277242683,-1.5546276273108806,-4.001704297774568,-31.7386785167281,52.34444291921408,0.0,0.08583502869828397,0.3075361999602969,0.0,-6.125166798666819,1.8173264664035491,0.0,10.097669945687668,34.033462802983095,50.08125585617081,21.32494622182742,71.40620207799823
9.978000000000002,7.23,6.890564074606443,-1.127656421357759,-1.61769887929635,-3.8975738635791886,-31.33402422027182,51.79085995505408,0.0,0.07359600089033413,0.31117209944251334,0.0,-6.113867057803205,1.8185102158161457,0.0,10.029580748774752,33.71964744008381,50.028294949726025,21.377544758692707,71.40583970841874
9.980000000000002,7.23,6.8872662743572866,-1.135348342087291,-1.6799692606989889,-3.794521927454178,-30.937693842902892,51.26567554420505,0.0,0.06137956541005163,0.3148099603619017,0.0,-6.102574570873714,1.8192896324351755,0.0,9.9596860214153,33.40849393332707,49.975765717206855,21.42972372775338,71.40548944496024
9.982000000000003,7.23,6.883844720792267,-1.1428351911757526,-1.7414547493217964,-3.692493279739554,-30.54902574245703,50.767318977449136,0.0,0.049185706114188155,0.31844898514736575,0.0,-6.091290987890453,1.8196756951045299,0.0,9.888024150700446,33.09976198464576,49.923667886943136,21.481482710088898,71.40515059703203
9.984000000000004,7.23,6.880300968788644,-1.1501189625419435,-1.8021700492531572,-3.591435753518353,-30.167407314116172,50.29431700286901,0.0,0.03701440350186558,0.3220883974591906,0.0,-6.080018016129724,1.8196786664021998,0.0,9.814630438838625,32.79322387604702,49.87200077356041,21.532821726149507,71.40482249970992
9.986000000000004,7.23,6.876636545009596,-1.1572015486559615,-1.8621286858058586,-3.4913000368731826,-29.792271899473825,49.84528675994365,0.0,0.024865634599095077,0.32572744081854765,0.0,-6.068757420987398,1.8193081538358022,0.0,9.739537578746003,32.4886637996869,49.82076329741172,21.583741214766015,71.40450451217774
9.988000000000005,7.23,6.872852950171801,-1.1640847460728176,-1.9213430945379522,-3.3920394986539235,-29.42309595501254,49.41892932471227,0.0,0.012739372842483498,0.32936537735434346,0.0,-6.057511025925653,1.8185731660770856,0.0,9.662776083201551,32.1858772343521,49.76995400267103,21.634242013616152,71.40419601628719
9.990000000000006,7.23,6.8689516611404855,-1.1707702606301176,-1.979824704848804,-3.2936100265911947,-29.05939645492128,49.01402381018027,0.0,0.0006355879638846318,0.33300148665797324,0.0,-6.04628071160651,1.817482164701365,0.0,9.584374672439006,31.884670364454333,49.7195710742254,21.684325341000044,71.40389641522545
9.992000000000006,7.23,6.864934132862332,-1.1772597123334245,-2.0375840185959553,-3.1959698766963753,-28.70072850556025,48.62942197150745,0.0,-0.011445754122486829,0.33663506473740745,0.0,-6.0350684142956865,1.8160431118456202,0.0,9.504360624422018,31.584859537960693,49.66961235348904,21.733992778792118,71.40360513228116
9.994000000000007,7.23,6.860801800145788,-1.1835546399508985,-2.0946306841352222,-3.0990795329849825,-28.346683151041223,48.264043270366486,0.0,-0.023504691429070412,0.3402654230628237,0.0,-6.023876123610521,1.814263514152758,0.0,9.422760091506362,31.286270759979594,49.620075353250215,21.783246256450553,71.40332160970077
9.996000000000008,7.23,6.856556079297572,-1.1896565053369694,-2.1509735661473863,-3.0029015766469866,-27.9968853513448,47.91687035722511,0.0,-0.03554126599888574,0.3438918876966903,0.0,-6.012705879677212,1.8121504633292043,0.0,9.339598386725404,30.98873921899388,49.57095727164991,21.83208803597708,71.403045307627
9.998000000000008,7.23,6.852198369623458,-1.1955666975031256,-2.2066208115794668,-2.9074005638661298,-27.65099211616817,47.58694493424493,0.0,-0.04755552400322571,0.3475137985018236,0.0,-6.001559769755692,1.8097106736071304,0.0,9.254900242528702,30.69210884298539,49.52225500538178,21.880520697730997,71.40277570311278
10.000000000000009,7.23,6.847730054800814,-1.2012865364523797,-2.261579911996584,-2.812542911561325,-27.308690779299415,47.27336396503289,0.0,-0.0595475158321187,0.35113050842149995,0.0,-5.990439924384404,1.8069505163713275,0.0,9.168690044453024,30.396231882926813,49.47396516219312,21.928547127011036,71.40251228920415
10.00200000000001,7.23,6.843152504129808,-1.2068172767925813,-2.3158577626114925,-2.718296790387497,-26.969697399768823,46.97527620067892,0.0,-0.07151729617663394,0.3547413828261743,0.0,-5.979348513092406,1.8038760521829005,0.0,9.080992041900513,30.100968521331822,49.42608407275954,21.97617050132684,71.40225457408638
10.00400000000001,7.23,6.8384670736696656,-1.2121601111424833,-2.369460718232697,-2.624632024391422,-26.633755277341812,46.69187899438529,0.0,-0.0834649241022235,0.3583457989218254,0.0,-5.968287739721873,1.800493060407585,0.0,8.991830537935497,29.806186503750595,49.37860780199747,22.02339427829042,71.40200208028789
10.00600000000001,7.23,6.833675107265937,-1.2173161733433107,-2.42239464634841,-2.5315199967709003,-26.300633571114318,46.422415379587605,0.0,-0.09539046311235588,0.36194314521532067,0.0,-5.957259837400612,1.7968070666348237,0.0,8.90123005978296,29.51176079127981,49.33153215987274,22.070222184064537,71.40175434393727
10.008000000000012,7.23,6.828777937474291,-1.2222865414875272,-2.47466497754223,-2.4389335612333927,-25.970126011053562,46.166171388799796,0.0,-0.10729398120176548,0.36553282103254225,0.0,-5.946267063201296,1.7928233680546017,0.0,8.809215511513845,29.217573232323804,49.284852711757715,22.116658202311303,71.40151091406902
10.010000000000012,7.23,6.823776886385997,-1.2270722407755323,-2.5262767534171036,-2.3468469584936718,-25.642049693311606,45.92247359251896,0.0,-0.11917555089874743,0.36911423608536453,0.0,-5.9353116925214255,1.7885470569423116,0.0,8.7158123102319,28.923512251995575,49.238564788382746,22.162706563590767,71.40127135197352
10.012000000000013,7.23,6.818673266359923,-1.2316742462101375,-2.5772346721867025,-2.2552357374894276,-25.31624395103474,45.690686839425155,0.0,-0.1310352492959681,0.37268681008381366,0.0,-5.924396013216107,1.7839830423869256,0.0,8.621046506928797,28.629472557689333,49.19266349542451,22.208371735163638,71.40103523058815
10.014000000000014,7.23,6.813468380665554,-1.2360934851378689,-2.627543132077615,-2.1640766809295577,-24.99256929320616,45.470212180821605,0.0,-0.142873158069297,0.3762499723900369,0.0,-5.913522319513829,1.7791360703844723,0.0,8.524944893046078,28.335354859484838,49.147143722767446,22.253658411158032,71.40080213392548
10.016000000000014,7.23,6.808163524041291,-1.2403308396454022,-2.6772062726715835,-2.073347734822409,-24.670906404802125,45.260484963808224,0.0,-0.15468936348430173,0.37980316171091266,0.0,-5.902692905743903,1.7740107424074802,0.0,8.42753509367432,28.041065604163638,49.10200015347218,22.298571503063812,71.40057165653599
10.018000000000015,7.23,6.80275998317203,-1.244387148818763,-2.726228014304268,-1.9830279416608323,-24.351155202220266,45.06097307907915,0.0,-0.1664839563900239,0.3833458258263639,0.0,-5.891910059902921,1.7686115325504723,0.0,8.32884564822413,27.746516721726724,49.05722727247921,22.343116130522734,71.40034340300194
10.020000000000016,7.23,6.797259037089794,-1.2482632108723035,-2.774612095625554,-1.893097376967844,-24.033233938556766,44.871175350497566,0.0,-0.17825703219974798,0.3868774213506171,0.0,-5.881176057086378,1.7629428033426864,0.0,8.228906079323544,27.451625383403247,49.0128193750738,22.38729761238605,71.40011698745985
10.022000000000016,7.23,6.791661957501002,-1.251959785153905,-2.8223621094161704,-1.8035370889312208,-23.7170783538778,44.69062005475013,0.0,-0.19000869085852107,0.3903974135238164,0.0,-5.8704931528107185,1.7570088203111869,0.0,8.127746950627635,27.15631377023312,48.96877057513492,22.431121458014488,71.3998920331494
10.024000000000017,7.23,6.785970009043785,-1.2554775940323273,-2.86948153674617,-1.7143290408776908,-23.402640866146992,44.518863560416506,0.0,-0.2017390367972412,0.39390527603158765,0.0,-5.8598635762498885,1.7508137653705234,0.0,8.025399914167535,26.860508851389383,48.9250748131869,22.474593358799282,71.39966817198618
10.026000000000018,7.23,6.780184449478566,-1.2588173246721548,-2.915973779552667,-1.6254560563577578,-23.08988979894903,44.35548907673743,0.0,-0.2134481788731281,0.39740049085026496,0.0,-5.84928952340988,1.744361749108715,0.0,7.921897747815917,26.56414217148489,48.88172586427069,22.517719179885315,71.39944504415601
10.028000000000018,7.23,6.774306529815015,-1.2619796307013453,-2.9618421917069138,-1.5369017666307585,-22.77880864258493,44.200105503218595,0.0,-0.22513623029653013,0.4008825481156363,0.0,-5.8387731502637905,1.7376568220342397,0.0,7.817274383405897,26.26714964617789,48.838717345649435,22.560504952080166,71.39922229772961
10.030000000000019,7.23,6.768337494378328,-1.2649651337759873,-3.007090108634389,-1.4486505603566844,-22.469395345515693,44.05234637198855,0.0,-0.23680330854395665,0.4043509460132,0.0,-5.82831656586911,1.7307029848435223,0.0,7.711564926003621,25.969471365455433,48.796042724359005,22.6029568639359,71.39899958829491
10.03200000000002,7.23,6.762278580817655,-1.2677744250464968,-3.0517208755458682,-1.3606875353167416,-22.16166163350099,43.91186887554186,0.0,-0.24844953525735824,0.407805190688019,0.0,-5.817921825488275,1.7235041977645755,0.0,7.6048056648076,25.671051404032962,48.75369532461387,22.645081253992142,71.39877657860602
10.03400000000002,7.23,6.756131020059416,-1.2704080665291486,-3.0957378743325115,-1.2729984519987012,-21.85563235411801,43.778352973147655,0.0,-0.2600750361296717,0.41124479617238685,0.0,-5.807590923732629,1.7160643890286096,0.0,7.497034076123264,25.371837638361384,48.7116683350755,22.686884603171457,71.39855293824695
10.036000000000021,7.23,6.749896036208129,-1.2728665923865137,-3.1391445491736647,-1.1855696888959255,-21.55134484465855,43.651500569799126,0.0,-0.2716799407766806,0.4146692843296014,0.0,-5.7973257877491795,1.7083874625182065,0.0,7.388288818841743,25.071781569781738,48.66995481598868,22.728373527320183,71.39832834330886
10.038000000000022,7.23,6.743574846397253,-1.2751505101200928,-3.1819444309023828,-1.0983881993806548,-21.248848321689785,43.53103476212648,0.0,-0.28326438259532044,0.418078184812255,0.0,-5.787128270468642,1.7004773046380157,0.0,7.278609722836876,24.77083815341121,48.628547706189714,22.769554769889446,71.39810247607916
10.040000000000022,7.23,6.737168660592531,-1.2772603016781618,-3.2241411601705003,-1.0114414700227825,-20.948203290829024,43.41669914619564,0.0,-0.2948284986085507,0.42147103503351957,0.0,-5.777000143932458,1.6923377904513641,0.0,7.16803777068136,24.46896563238424,48.58743982998871,22.810435194752994,71.39787502474171
10.042000000000023,7.23,6.730678681350149,-1.2791964244816014,-3.2657385094524387,-0.9247174802350346,-20.649480975526128,43.308257182579084,0.0,-0.3063724292969767,0.42484738015001167,0.0,-5.766943092715399,1.6839727891241254,0.0,7.056615073073224,24.166125377107488,48.54662390392619,22.85102177916022,71.39764568308641
10.044000000000024,7.23,6.724106103532031,-1.280959312370249,-3.3067404039247488,-0.8382046631342662,-20.352762763871976,43.20549161451103,0.0,-0.3178963184174277,0.42820677305488486,0.0,-5.756958707459552,1.6753861687153706,0.0,6.944384838356131,23.86228172921984,48.50609254340347,22.89132160682406,71.39741415022753
10.046000000000024,7.23,6.717452113980465,-1.282549376472105,-3.347150941256627,-0.7518918675165593,-20.058139672656853,43.10820393533495,0.0,-0.32940031280872106,0.4315487743798745,0.0,-5.747048478534313,1.666581800352686,0.0,6.831391336510647,23.55740184997678,48.465838269184886,22.931341861144777,71.39718013032966
10.048000000000025,7.23,6.710717891154209,-1.2839670059975234,-3.3869744103452937,-0.665768320851023,-19.765711828091867,43.01621390181758,0.0,-0.34088456218489055,0.4348729525051216,0.0,-5.737213789835934,1.6575635618287408,0.0,6.717679857989189,23.25145557280337,48.425853513767514,22.971089818572462,71.39694333233997
10.050000000000026,7.23,6.703904604728154,-1.2852125689603333,-3.426215309029116,-0.5798235932036987,-19.475587962780544,42.929359090246734,0.0,-0.3523492189161672,0.4381788835756295,0.0,-5.727455912739062,1.6483353406544405,0.0,6.603296667763297,22.944415259782808,48.386130627615046,23.010572842111486,71.39670346972653
10.052000000000026,7.23,6.697013415158557,-1.286286412827669,-3.4648783608106988,-0.4940475620088211,-19.187884928686103,42.8474944925484,0.0,-0.363794437798014,0.44146615152331936,0.0,-5.717776000211418,1.6389010366029186,0.0,6.488288954948559,22.636255661866503,48.34666188524917,23.04979837497202,71.39646026022119
10.054000000000027,7.23,6.690045473215791,-1.2871888651001258,-3.502968530621798,-0.40843037760990636,-18.902727225985345,42.77049214995823,0.0,-0.3752203758085751,0.4447343480936914,0.0,-5.708175081101518,1.6292645637778436,0.0,6.372704778370298,22.32695378260862,48.3074394911924,23.08877393437429,71.39621342556669
10.056000000000028,7.23,6.683001919486492,-1.2879202338237064,-3.5404910396618425,-0.32296242949778925,-18.620246547832757,42.69824082206395,0.0,-0.38662719185486705,0.4479830728761688,0.0,-5.698654054608004,1.6194298522385333,0.0,6.256593008429648,22.01648874524269,48.26845558575496,23.12750710551221,71.39596269126716
10.058000000000028,7.23,6.675883883846941,-1.2884808080348822,-3.577451379341995,-0.23763431317682732,-18.34058134117883,42.63064568930105,0.0,-0.3980150465081157,0.4512119333372866,0.0,-5.689213684937666,1.6094008492138787,0.0,6.140003265627889,21.70484166292989,48.22970225065675,23.16600553568429,71.39570778634103
10.060000000000029,7.23,6.668692484909411,-1.2888708581399613,-3.6138553243671137,-0.15243679759407233,-18.063876383896257,42.56762808723555,0.0,-0.4093841017285849,0.45442054485591354,0.0,-5.679854596157941,1.5991815199361894,0.0,6.022985856102734,21.391995512019438,48.19117151447604,23.204276928599942,71.39544844307598
10.06200000000003,7.23,6.661428829443195,-1.2890906362298251,-3.6497089449885536,-0.06736079306930012,-17.790282378567014,42.50912527120734,0.0,-0.4207345205803187,0.45760853075979213,0.0,-5.670577267248001,1.588775848125732,0.0,5.9055917045278505,21.077935008169785,48.15285535791474,23.24232903887049,71.39518439678523
10.06400000000003,7.23,6.654094011771922,-1.2891403763309768,-3.685018618461567,0.017602680333587473,-17.519955563373003,42.455090210136966,0.0,-0.43206646693618883,0.460775522362725,0.0,-5.661382027351086,1.5781878361560833,0.0,5.787872284722255,20.76264648518641,48.114745718869756,23.28016966669465,71.3949153855644
10.066000000000031,7.23,6.646689113148733,-1.2890202945937252,-3.719791039742017,0.10246252405110126,-17.25305734061346,42.40549140851681,0.0,-0.44338010517364024,0.463921159001793,0.0,-5.652269051229129,1.5674215049299085,0.0,5.669879548311475,20.44611777643758,48.07683449729978,23.317806652748736,71.39464115004851
10.068000000000032,7.23,6.63921520111079,-1.2887305894182186,-3.7540332314582434,0.18722759193621272,-16.989753923445885,42.360312755821425,0.0,-0.45467559986156103,0.46704508807406764,0.0,-5.64323835491901,1.5564808934944376,0.0,5.5516658517772735,20.12833809871344,48.03911355987559,23.35524787329278,71.39436143316837
10.070000000000032,7.23,6.631673328814532,-1.2882714415189278,-3.78775255319518,0.27190672090015405,-16.730216001512197,42.319553402775384,0.0,-0.4659531154386497,0.470146965072308,0.0,-5.634289791588241,1.545370058425286,0.0,5.4332838822256475,19.809297938397272,48.001574744402554,23.392501235503563,71.39407597990612
10.072000000000033,7.23,6.624064534353025,-1.2876430139280768,-3.8209567101292072,0.3565087613332921,-16.474618426170824,42.28322766411773,0.0,-0.4772128158837068,0.473226453619229,0.0,-5.625423047585946,1.5340930730070543,0.0,5.3147865821963025,19.488988939819127,47.964209864002015,23.42957467304688,71.3937845370489
10.074000000000034,7.23,6.6163898400566525,-1.286845451938408,-3.853653761053712,0.44104260735787065,-16.223139916108682,42.251364947697006,0.0,-0.4884548643782063,0.47628322549994284,0.0,-5.616637638683526,1.5226540262384922,0.0,5.196227073827657,19.167403795664022,47.92701071103971,23.466476141900777,71.3934868529405
10.076000000000034,7.23,6.608650251778337,-1.285878882985567,-3.8858521258369354,0.525517226965277,-15.97596278415458,42.22400970992352,0.0,-0.49967942296154594,0.47931696069226326,0.0,-5.607932906497381,1.511057021689804,0.0,5.077658582682921,18.84453613930653,47.88996906078769,23.50321361644266,71.39318267723036
10.078000000000035,7.23,6.600846758164368,-1.284743416470282,-3.9175605923553642,0.6099416920907339,-15.73327268615969,42.2012214377965,0.0,-0.510886652179302,0.4823273473945968,0.0,-5.599308015084427,1.4993061762390556,0.0,4.959134361531771,18.520380438943807,47.85307667480629,23.539795085812933,71.39287176061922
10.080000000000036,7.23,6.592980329911862,-1.2834391435204155,-3.948788322947704,0.6943252086789403,-15.49525839285038,42.18307465791218,0.0,-0.5220767107248465,0.48531408205120996,0.0,-5.590761947699242,1.4874056187144216,0.0,4.840707614371592,18.194931893398174,47.816325304032624,23.576228550568427,71.39255385460105
10.082000000000036,7.23,6.585051919013741,-1.281966136692845,-3.9795448604363126,0.7786771467951885,-15.262111585596317,42.16965897304964,0.0,-0.533249755074638,0.4882768693747074,0.0,-5.582293503699878,1.4753594884685164,0.0,4.722431420959609,17.868186329459164,47.77970669156195,23.612522019638885,71.39222871120083
10.084000000000037,7.23,6.5770624579920725,-1.2803244496150312,-4.009840133764895,0.8630070708378677,-15.034026677072347,42.161079127121624,0.0,-0.5444059391174492,0.49121542236561744,0.0,-5.573901295587439,1.4631719339105902,0.0,4.604358662113972,17.540140100633298,47.743212575106895,23.648683507600285,71.39189608270718
10.086000000000038,7.23,6.569012859120471,-1.2785141165660125,-4.039684463303263,0.9473247699100329,-14.811200657827067,42.15745509947108,0.0,-0.5555454137777952,0.4941294623290128,0.0,-5.565583746162752,1.4508471110220733,0.0,4.486541946027993,17.210789987168333,47.70683468912132,23.684721032278567,71.3915557213999
10.088000000000038,7.23,6.5609040136361765,-1.2765351519964458,-4.0690885658720015,1.031640288409875,-14.593832969805717,42.15892222969174,0.0,-0.5666683266337846,0.4970187188881755,0.0,-5.557339085781411,1.4383891818805603,0.0,4.369033535826773,16.880133097216277,47.67056476657318,23.72064261269809,71.39120737927126
10.090000000000039,7.23,6.552736790942323,-1.2743875499871973,-4.098063559542042,1.1159639569024855,-14.382125407910099,42.165631374352124,0.0,-0.5777748215295554,0.4998829299953351,0.0,-5.549165349686632,1.4258023132168745,0.0,4.251885278579436,16.548166768997813,47.63439454035213,23.75645626738879,71.39085080774092
10.09200000000004,7.23,6.54451203780078,-1.2720712836458532,-4.126620968266318,1.2003064233382754,-14.176282050715729,42.177749097211446,0.0,-0.5888650381824403,0.5027218419395747,0.0,-5.541060375397367,1.4130906750296024,0.0,4.135148535963894,16.214888473828452,47.598315744296876,23.792170013066613,71.39048575736349
10.09400000000004,7.23,6.536230577515858,-1.269586304440391,-4.154772726402977,1.2846786846867995,-13.97650922150658,42.19545789473107,0.0,-0.5999391117849371,0.5055352093520432,0.0,-5.533021800127094,1.4002584392811,0.0,4.018874116763653,15.880295719864513,47.56232011382646,23.82779186370184,71.3901119775283
10.096000000000041,7.23,6.527893209109011,-1.2669325414691066,-4.182531183191981,1.3690921190585663,-13.783015480831416,42.21895645891017,0.0,-0.6109971726015346,0.5083227952086636,0.0,-5.525047058206649,1.3873097786987665,0.0,3.9031122113584087,15.544385956425032,47.52639938616052,23.863329829990192,71.38972921615071
10.098000000000042,7.23,6.519500706484593,-1.2641099006657466,-4.209909107249375,1.4535585183917075,-13.596011651835134,42.248459979709295,0.0,-0.6220393455603584,0.5110843708305677,0.0,-5.517133378482436,1.374248865705084,0.0,3.7879123283515623,15.2071564787439,47.490545300112096,23.898791919241912,71.389337219354
10.100000000000042,7.23,6.511053817586546,-1.261118263938635,-4.236919691146087,1.5380901217851481,-13.415710879673936,42.28420048957444,0.0,-0.6330657498395617,0.5138197158825373,0.0,-5.5092777816591125,1.3610798714997652,0.0,3.6733232334587615,14.86860433300446,47.45474959543724,23.93418613570417,71.38893573114142
10.102000000000043,7.23,6.502553263545788,-1.2579574882424143,-4.263576556140772,1.622699649565213,-13.242328726385551,42.32642725283486,0.0,-0.6440764984483287,0.516528618369785,0.0,-5.501477077553662,1.3478069653173308,0.0,3.5593928907622674,14.528726221507295,47.419004011724596,23.969520481332815,71.38852449305742
10.104000000000044,7.23,6.49399973781792,-1.2546274045808445,-4.289893757139049,1.7074003381784149,-13.07608330265742,42.37540720302776,0.0,-0.6550716978022506,0.5192108746334427,0.0,-5.4937278622254455,1.3344343138832269,0.0,3.446168406415481,14.187518407820642,47.3833002868075,24.004802957029504,71.38810324383701
10.106000000000044,7.23,6.485393905310734,-1.2511278169389064,-4.315885787954437,1.792205976009579,-12.917195438017133,42.43142543149834,0.0,-0.6660514472928275,0.5218662893451795,0.0,-5.486026514944404,1.3209660810919428,0.0,3.333695974862287,13.844976621761566,47.34763015468204,24.040041564360997,71.38767171904303
10.108000000000045,7.23,6.476736401500819,-1.2474585011422574,-4.341567586949425,1.8771309402314682,-12.765888891062717,42.49478573094299,0.0,-0.6770158388506948,0.5244946755014206,0.0,-5.4783691949570175,1.307406427930486,0.0,3.22202082761432,13.501095964055272,47.31198534291143,24.075244307777922,71.38722965068935
10.110000000000046,7.23,6.46802783153845,-1.2436192036418614,-4.366954543138475,1.962190234799739,-12.622390601456106,42.565811197903756,0.0,-0.6879649565021538,0.5270958544176754,0.0,-5.47075183800699,1.293759512671113,0.0,3.1111871846087045,13.155870810519525,47.276357569498984,24.110419197350772,71.38677676684975
10.112000000000046,7.23,6.459268769339729,-1.2396096402213816,-4.392062502838298,2.0473995297154475,-12.486930985523811,42.64484489858967,0.0,-0.6988988759184539,0.5296696557235445,0.0,-5.46317015256473,1.2800294913575407,0.0,3.001238208146924,12.809294715620956,47.24073853920914,24.145574252042007,71.38631279125114
10.114000000000047,7.23,6.450459756664807,-1.2354294946246747,-4.416907776954567,2.132775201686458,-12.359744277446243,42.7322506027991,0.0,-0.7098176639572022,0.5322159173590035,0.0,-5.455619615716708,1.2662205186095563,0.0,2.8922159593936896,12.461360315250579,47.205119939316454,24.180717503533366,71.38583744284982
10.116000000000048,7.23,6.441601302180822,-1.2310784171004425,-4.441507148998371,2.2183343763290897,-12.24106891817171,42.8284135911459,0.0,-0.7207213781951831,0.534734485572653,0.0,-5.448095468662367,1.2523367487718002,0.0,2.784161357392385,12.112059228566396,47.16949343476004,24.215857000629498,71.38535043538954
10.118000000000048,7.23,6.4326938805079905,-1.2265560228608183,-4.465877883930123,2.3040949720621957,-12.131147994367126,42.93374154126072,0.0,-0.7316100664517061,0.5372252149226149,0.0,-5.4405927117629185,1.2383823374333431,0.0,2.677114140530378,11.761381958753105,47.13385066268092,24.251000814258916,71.38485147693984
10.120000000000049,7.23,6.423737931247095,-1.2218618904503338,-4.490037737933477,2.3900757458577084,-12.030229729914302,43.04866549914483,0.0,-0.7424837663015775,0.5396879682808678,0.0,-5.433106099082334,1.2243614433462362,0.0,2.57111283036464,11.409317792550455,47.09818322631811,24.28615704309557,71.38434026941368
10.12200000000005,7.23,6.414733857986411,-1.2169955600213842,-4.514004969227036,2.4762963410246,-11.93856803268347,43.173640942409335,0.0,-0.7533425045765865,0.5421226168418523,0.0,-5.425630132356683,1.2102782307725488,0.0,2.466194697693552,11.055854698405366,47.06248268823653,24.321333819825526,71.38381650806205
10.12400000000005,7.23,6.405682027285877,-1.2119565315119327,-4.537798350027338,2.56277733721725,-11.856423099564548,43.30914894273444,0.0,-0.7641862968542928,0.5445290401362086,0.0,-5.418159054323474,1.1961368722912817,0.0,2.362395730735767,10.70097922310693,47.02674056285941,24.356539318084543,71.38327988094395
10.126000000000051,7.23,6.396582767636084,-1.2067442627208043,-4.561437179782848,2.6495403028745437,-11.784062083014994,43.455697435543776,0.0,-0.7750151469327877,0.5469071260506277,0.0,-5.410686841337467,1.1819415520989072,0.0,2.259750605251441,10.34467638676873,46.99094830827574,24.391781760094855,71.38273006837059
10.128000000000052,7.23,6.387436368389425,-1.2013581672754854,-4.584941299805505,2.7366078503127134,-11.721759822694642,43.61382260560913,0.0,-0.7858290462898938,0.5492567708548195,0.0,-5.403207195193881,1.167696469839626,0.0,2.15829265641332,9.986929576029471,46.95509731728943,24.427069425031164,71.38216674232059
10.130000000000052,7.23,6.378243078660472,-1.1957976124868854,-4.608331109433846,2.8240036937131583,-11.669799646104396,43.78409039809098,0.0,-0.7966279735251618,0.5515778792367123,0.0,-5.395713534073755,1.153405845004702,0.0,2.058053852207018,9.627720435351847,46.919178907675985,24.46241065814867,71.38158956582465
10.132000000000053,7.23,6.369003106192379,-1.190061917085011,-4.63162758386996,2.91175271026632,-11.628474242531228,43.96709816538343,0.0,-0.8074118937827839,0.553870364347041,0.0,-5.38819898251941,1.1390739219435075,0.0,1.9590647681087783,9.26702875631004,46.88318431160921,24.49781388070801,71.38099819231722
10.134000000000054,7.23,6.359716616185805,-1.1841503488289642,-4.654852293841526,2.999881004754377,-11.598086615029274,44.163476461078346,0.0,-0.8181807581534312,0.5561341478546213,0.0,-5.3806563603401605,1.1247049755332545,0.0,1.8613545627568013,8.904832364769277,46.84710466421642,24.53328760073613,71.38039226495255
10.136000000000054,7.23,6.350383730086566,-1.1780621219840808,-4.678027427250133,3.0884159778791647,-11.578951115642159,44.37389099340231,0.0,-0.8289345030527272,0.5583691600136578,0.0,-5.373078170340054,1.1103033175587786,0.0,1.7649509542962876,8.541107005877421,46.81093099121722,24.568840424664497,71.37977141588172
10.138000000000055,7.23,6.34100452432785,-1.1717963946583962,-4.701175812978003,3.1773863986675495,-11.571394569595068,44.59904475161606,0.0,-0.8396730495739011,0.5605753397445685,0.0,-5.365456584749876,1.0958733038593582,0.0,1.66988019704022,8.175826226808725,46.774654195597904,24.604481069890483,71.37913526548839
10.140000000000056,7.23,6.3315790290225165,-1.1653522659899223,-4.724320947037255,3.266822481314705,-11.575757494765298,44.8396803201107,0.0,-0.8503963028119137,0.5627526347299221,0.0,-5.3577834302349245,1.0814193423056604,0.0,1.5761670580453608,7.808961257224001,46.73826504326708,24.640218378311936,71.378483421579
10.142000000000056,7.23,6.322107226600586,-1.158728773175478,-4.747487021259109,3.356755966856534,-11.5923954233787,45.09658239630194,0.0,-0.8611041511560468,0.5649010015272152,0.0,-5.350050171338193,1.0669459016769571,0.0,1.4838347931560218,7.440480887441978,46.70175414763493,24.676061330889745,71.37781547852467
10.144000000000057,7.23,6.31258905038664,-1.151924888330995,-4.770698954734994,3.447220210096164,-11.621680333582871,45.37058052991493,0.0,-0.8717964655476969,0.5670204057003712,0.0,-5.342247892205167,1.0524575215169625,0.0,1.392905122016018,7.070351344352972,46.66511195305082,24.71201906329866,71.37713101634948
10.146000000000058,7.23,6.303024383111392,-1.1449395151723334,-4.793982428237618,3.5382502722462332,-11.66400219932113,45.662552102888114,0.0,-0.8824730986997574,0.5691108219719998,0.0,-5.334367276421369,1.0379588230558516,0.0,1.3033982014904009,6.698536165150682,46.62832871702978,24.74810088273246,71.37642959976225
10.148000000000058,7.23,6.293413055351244,-1.1377714855046843,-4.81736392186771,3.629883019788904,-11.71977066777952,45.97342557090932,0.0,-0.8931338842736377,0.5711722343986477,0.0,-5.326398584776838,1.0234545212966368,0.0,1.2153325968723072,6.3249960690120295,46.591394491189035,24.784316285936455,71.37571077712549
10.150000000000059,7.23,6.28375484388909,-1.1304195555075822,-4.84087075619161,3.7221572300994783,-11.789416874606498,46.304183989543645,0.0,-0.9037786360095617,0.5732046365714738,0.0,-5.31833163075259,1.0089494383762019,0.0,1.1287252501749927,5.949688826920691,46.55429910080985,24.820674978547586,71.37497407935743
10.15200000000006,7.23,6.274049469989133,-1.1228824018014159,-4.864531137156309,3.8151137044275076,-11.873395408120404,46.65586885003695,0.0,-0.9144071468053874,0.5752080318450276,0.0,-5.310155753502641,0.9944485183252254,0.0,1.0435914447233334,5.572569129909851,46.517032122929706,24.857186895830953,71.37421901876066
10.15400000000006,7.23,6.264296597577822,-1.1151586172800867,-4.888374205092013,3.908795388881722,-11.972186434822518,47.02958425217943,0.0,-0.9250191877386635,0.5771824335970552,0.0,-5.301859788080705,0.9799568433668733,0.0,0.9599447651603341,5.193588456095676,46.47958286286039,24.89386222491062,71.37344508777102
10.156000000000061,7.23,6.254495831322431,-1.107246706693111,-4.912430088138155,4.003247504122338,-12.08629799973355,47.42650144411222,0.0,-0.9356145070261717,0.5791278655225798,0.0,-5.293432032633322,0.965479651912535,0.0,0.877797051871274,4.812694936990177,46.44194032901699,24.93071142860331,71.3726517576203
10.158000000000062,7.23,6.244646714598055,-1.099145081958998,-4.93672996045709,4.098517684526725,-12.216268516368606,47.84786376165317,0.0,-0.9461928289145564,0.5810443619658102,0.0,-5.28486021224993,0.9510223584333399,0.0,0.7971583486968934,4.429833223722637,46.404093205930124,24.96774527097476,71.37183847690488
10.160000000000062,7.23,6.234748727333068,-1.0908520571901343,-4.961306105630709,4.194656127662438,-12.362669462562252,48.294992002611224,0.0,-0.9567538524950262,0.5829319682938366,0.0,-5.276131439125202,0.9365905754101606,0.0,0.7180368426557642,4.044944353969393,46.36602982529948,25.00497484475183,71.3710046700513
10.162000000000063,7.23,6.224801283722248,-1.0823658434076644,-4.98619198566912,4.291715754975581,-12.52610829985208,48.76929027465141,0.0,-0.9672972504343814,0.5847907413164934,0.0,-5.267232168648972,0.9221901375919775,0.0,0.6404387942197567,3.65796562059699,46.32773813493294,25.0424116007378,71.37014973567074
10.164000000000064,7.23,6.214803729795885,-1.0736845429229627,-5.011422316097519,4.389752384682882,-12.707231635720397,49.272252358549494,0.0,-0.9778226676137918,0.5866207497572664,0.0,-5.258148150993646,0.9078271288238611,0.0,0.5643684564815916,3.2688304432721873,46.28920566539638,25.080067379394755,71.36927304479113
10.166000000000064,7.23,6.204755340832225,-1.0648061433602298,-5.037033147627663,4.488824917942928,-12.906728649672473,49.805468632119506,0.0,-0.9883297196658476,0.5884220747806648,0.0,-5.248864377717462,0.8935079117417151,0.0,0.4898279813139225,2.877468244591335,46.25041949418173,25.117954444774693,71.36837393895642
10.168000000000065,7.23,6.194655318599527,-1.0557285112924997,-5.0630619549640254,4.588995539476123,-13.12533480588003,50.37063360367217,0.0,-0.9988179913993904,0.5901948105821304,0.0,-5.2393650228432325,0.8792391606725076,0.0,0.41681731033944347,2.4838043326433454,46.21136620717836,25.1560855210019,71.36745172818026
10.170000000000066,7.23,6.184502788412881,-1.0464493854609085,-5.089547733341983,4.690329933904295,-13.36383587691573,50.969554107508365,0.0,-1.0092870351004792,0.591939065047278,0.0,-5.229633377805334,0.8650278981264272,0.0,0.3453340482029419,2.08775979235619,46.17203185720899,25.194473831531916,71.36650568874092
10.172000000000066,7.23,6.17429679598968,-1.0369663695444251,-5.11653110344623,4.792897519189544,-13.623072304916883,51.604158217596584,0.0,-1.019736368696543,0.5936549604880619,0.0,-5.219651779581481,0.8508815353225831,0.0,0.27537331525035796,1.6892513885036406,46.13240191936396,25.233133141437712,71.36553506080168
10.174000000000067,7.23,6.1640363040863,-1.0272769244443676,-5.14405442541208,4.896771698667725,-13.903943928284397,52.27650493909478,0.0,-1.030165473769358,0.5953426344644603,0.0,-5.209401531238744,0.8368079172538103,0.0,0.20692757626557592,1.2881914838844157,46.09246124283757,25.272077803003555,71.36453904584113
10.176000000000068,7.23,6.153720188897057,-1.0173783600449207,-5.1721619226702,5.002030133294616,-14.20741510368312,52.988794740604725,0.0,-1.0405737934008072,0.5970022407012998,0.0,-5.198862814023822,0.8228153728699691,0.0,0.13998644137972013,0.8844879769541731,46.05219399893507,25.311322804938825,71.36351680387389
10.178000000000068,7.23,6.143347236194959,-1.007267826407504,-5.200899816456351,5.108755035851345,-14.53452025454967,53.7433809927474,0.0,-1.0509607298335606,0.5986339501111211,0.0,-5.188014590013648,0.8089127710450733,0.0,0.07453643463440898,0.47804426411925854,46.0115836248812,25.350883825561407,71.36246745044261
10.180000000000069,7.23,6.132916137192037,-0.9969423043532145,-5.2303164718712685,5.217033488988904,-14.886369878401196,54.542782380514645,0.0,-1.0613256419266741,0.6002379519353813,0.0,-5.176834494212106,0.7951095830931547,0.0,0.010560724930432487,0.06875923302429043,45.97061276301619,25.390777290341155,71.36139005335735
10.18200000000007,7.23,6.122425484095223,-0.9863985953836741,-5.260462556441034,5.326957789127287,-15.264157045775104,55.38969635745208,0.0,-1.0716678423838166,0.6018144550179936,0.0,-5.165298714828935,0.7814159527142975,0.0,-0.051961186796222,-0.3434727054742414,45.92926319491667,25.431020434242278,71.36028362915894
10.18400000000007,7.23,6.111873765331763,-0.9756333108864411,-5.291391212193861,5.438625818360048,-15.66916442336265,56.28701370849025,0.0,-1.081986594729024,0.6033636892270088,0.0,-5.153381860305358,0.7678427743872616,0.0,-0.11305383138657828,-0.7587615373089047,45.88751576992291,25.471631369354736,71.35914713927765
10.186000000000071,7.23,6.1012593604160665,-0.9646428605667182,-5.323158242333112,5.55214144664531,-16.10277185247235,57.23783428437936,0.0,-1.0922811100019116,0.6048859070425172,0.0,-5.14105681145363,0.7544017813839178,0.0,-0.17274619473363745,-1.1772215058385522,45.84535032749032,25.5126291583666,71.35797948585693
10.188000000000072,7.23,6.090580534427668,-0.9534234400424006,-5.355822313645918,5.667614966683376,-16.56646451091176,58.24548396317374,0.0,-1.1025505431407392,0.6063813853313268,0.0,-5.12829455685089,0.7411056447657336,0.0,-0.2310722104968129,-1.5989708993579368,45.80274561271156,25.554033894496825,71.35677950720839
10.190000000000072,7.23,6.0798354320676475,-0.9419710175346067,-5.389445175838047,5.785163563980369,-17.061841681077688,59.31353288166026,0.0,-1.112793989017764,0.6078504273319352,0.0,-5.115064009366552,0.7279680849399741,0.0,-0.2880713340279222,-2.024131748767441,45.759679184274354,25.595866788585916,71.35554597286027
10.192000000000073,7.23,6.069022071258437,-0.9302813195807587,-5.424091899023491,5.904911824664985,-17.59062613866517,60.44581496019705,0.0,-1.1230104780867767,0.6092933648766943,0.0,-5.101331801401923,0.7150039976083683,0.0,-0.3437892114307469,-2.452829415103724,45.71612731402858,25.638150264129703,71.35427757815829
10.194000000000074,7.23,6.058138336249448,-0.9183498156921207,-5.459831130614244,6.026992283645411,-18.154674163835864,61.64644871567606,0.0,-1.1331989715975277,0.6107105608820456,0.0,-5.087062056074185,0.7022295962413132,0.0,-0.39827846025543656,-2.8851920422631214,45.67206487722949,25.68090806114243,71.35297293837192
10.196000000000074,7.23,6.047181970188499,-0.9061717018725581,-5.496735372842292,6.151546015643892,-18.755986158451336,62.919859315993335,0.0,-1.1433583563258511,0.6121024121423062,0.0,-5.0722161311777105,0.6896625735643487,0.0,-0.45159958142889745,-3.321349844922433,45.627465232406664,25.724165349849372,71.35163058225604
10.198000000000075,7.23,6.0361505671165645,-0.893741882910341,-5.534881282088614,6.278723271498223,-19.396717827120465,64.270801771201,0.0,-1.1534874387614724,0.613469352467866,0.0,-5.0567523322956225,0.6773222849610767,0.0,-0.503822025754321,-3.7614341951578862,45.58230008967196,25.76794885533964,71.3502489450116
10.200000000000076,7.23,6.025041563341187,-0.8810549533502908,-5.5743499910753584,6.4086841618332135,-20.079191843734645,65.70438507570236,0.0,-1.1635849386877388,0.6148118562149509,0.0,-5.040625590904411,0.6652299571899348,0.0,-0.5550254428137206,-4.205576463314786,45.53653936612437,25.812286994458525,71.3488263605829
10.202000000000076,7.23,6.0138522281418885,-0.8681051770498083,-5.615227454773557,6.541599389728649,-20.805909875422874,67.22609700486728,0.0,-1.173649482078587,0.6161304422614629,0.0,-5.023787102704409,0.6534089263958641,0.0,-0.6053011455435086,-4.653906558955345,45.49015102683556,25.857210026388213,71.34736105322378
10.204000000000077,7.23,6.002579653759583,-0.8548864652197462,-5.657604820558057,6.67765103327341,-21.579564767873084,68.84182911822822,0.0,-1.1836795932278543,0.617425678492061,0.0,-5.006183920707458,0.6418849100891264,0.0,-0.6547538303287509,-5.106551105802259,45.44310090969931,25.90275021855941,71.34585112825872
10.206000000000078,7.23,5.991220744621337,-0.8413923528503423,-5.701578822661593,6.817033377805138,-22.403052603678056,70.55790131667325,0.0,-1.1936736860142971,0.6186981868657757,0.0,-4.987758496808429,0.6306863185829981,0.0,-0.7035036004256205,-5.563631169995707,45.395352532199645,25.94894202975688,71.34429456195653
10.208000000000078,7.23,5.979772205752385,-0.8276159734242968,-5.747252200284686,6.959953796067215,-23.279484220711783,72.38108502509834,0.0,-1.203630054192244,0.6199486491513958,0.0,-4.9684481646466745,0.6198446123539538,0.0,-0.7516883501769374,-6.025259443071883,45.346866877896844,25.99582231253371,71.34268919043055
10.210000000000079,7.23,5.968230530329526,-0.8135500318247072,-5.794734137732609,7.106633672305165,-24.212195609866566,74.31862370144799,0.0,-1.2135468605823774,0.6211778134299,0.0,-4.948184555514465,0.6093947129411206,0.0,-0.7994665792007478,-6.491536759087932,45.29760216013423,26.043430537335077,71.3410326974693
10.21200000000008,7.23,5.95659198633458,-0.7991867753564296,-5.844140723575273,7.257309363254135,-25.20475638661645,76.37824887693081,0.0,-1.2234221250195112,0.6223865014798181,0.0,-4.926892937880849,0.5993754763694671,0.0,-0.8470207199516443,-6.9625477983288,45.24751356014041,26.09180904105859,71.339322601199
10.21400000000008,7.23,5.944852602274395,-0.784517962817537,-5.895595423928499,7.412233184747601,-26.260975230091752,78.56818926943191,0.0,-1.233253710894017,0.6235756171809033,0.0,-4.904491469762782,0.5898302397020548,0.0,-0.8945610793129627,-7.43835579689579,45.196552936327585,26.14100330314593,71.33755623947351
10.216000000000081,7.23,5.933008151946153,-0.7695348315855448,-5.949229562360137,7.571674406919754,-27.38490078183851,80.89716962845327,0.0,-1.243039310100572,0.6247461560946431,0.0,-4.880890351687775,0.5808074532447209,0.0,-0.9423305158107885,-7.918996040816814,45.14466850116571,26.191062252718293,71.33573075388401
10.218000000000082,7.23,5.921054138245065,-0.7542280627245418,-6.00518279539925,7.735920233170065,-28.58081596145447,83.37439479367364,0.0,-1.25277642618177,0.6258992164073591,0.0,-4.855990866361639,0.5723614131902178,0.0,-0.9906099993924705,-8.40446787347921,45.09180446155047,26.242038610734408,71.33384307228488
10.220000000000082,7.23,5.908985776038124,-0.7385877441790336,-6.063603567862929,7.905276727533116,-29.853222944695183,86.00951288609649,0.0,-1.262462355424623,0.6270360114538525,0.0,-4.82968428940391,0.5645531121505933,0.0,-1.0397252313404823,-8.894724884206266,45.03790061806397,26.293989271672075,71.33188988973605
10.222000000000083,7.23,5.8967979741652305,-0.7226033322044646,-6.124649525806048,8.08006964095805,-31.206815104847447,88.81254947709732,0.0,-1.272094165634866,0.6281578840775054,0.0,-4.801850653692744,0.5574512281388413,0.0,-1.0900545387528597,-9.389662871399198,44.98289191796794,26.346975729808808,71.32986764777675
10.224000000000084,7.23,5.884485316681592,-0.7062636113013898,-6.188487856307296,8.260645068074615,-32.6464309663308,91.7938018351986,0.0,-1.2816686722772725,0.6292663231274082,0.0,-4.7723573480607335,0.5511332761715608,0.0,-1.1420383021318152,-9.889105083266628,44.92670795617105,26.40106455580248,71.32777251197354
10.226000000000084,7.23,5.872042043527779,-0.689556653081164,-6.255295511824631,8.447369840763395,-34.176983565059224,94.9636787244995,0.0,-1.2911824116299613,0.6303629824455381,0.0,-4.7410575294559205,0.5456869508062602,0.0,-1.1961902269767224,-10.392784129967353,44.869272417783534,26.45632792993986,71.3256003477234
10.228000000000085,7.23,5.859462030912943,-0.6724697747103981,-6.325259261562294,8.640631531239228,-35.80335643074955,98.33246645548931,0.0,-1.3006316105576199,0.6314497027582637,0.0,-4.7077883264755105,0.5412116926023122,0.0,-1.2531108316877784,-10.900319830182726,44.810502455248766,26.512844239109526,71.32334669435829
10.230000000000086,7.23,5.8467387718311326,-0.6549894978785052,-6.398575491991365,8.8408378927811,-37.53025454800898,101.90999563253388,0.0,-1.3100121524637751,0.6325285369575263,0.0,-4.672368811779824,0.5378205166474782,0.0,-1.313503594890325,-11.41119210026145,44.750307992457635,26.570698745233372,71.32100673769101
10.232000000000086,7.23,5.833865357312001,-0.6371015096325832,-6.47544965181526,9.048415507332605,-39.361994926080435,105.70517488968599,0.0,-1.3193195389380168,0.6336017793388851,0.0,-4.634597721895074,0.5356421467675587,0.0,-1.3781942848602322,-11.924707813767009,44.68859094777335,26.629984333504968,71.31857528127831
10.234000000000087,7.23,5.820834459250341,-0.6187906269594328,-6.556095201313639,9.263807331684465,-41.30221658643995,109.7253473678519,0.0,-1.3285488465738975,0.6346719994563516,0.0,-4.594250906211145,0.5348235045121943,0.0,-1.4481540796460024,-12.439960354426264,44.625244367625946,26.690802349244194,71.31604671687015
10.236000000000088,7.23,5.807638315983284,-0.6000407677080252,-6.640731879696723,9.487468732521833,-43.3534836109354,113.97541221437766,0.0,-1.337694678403129,0.6357420813572637,0.0,-4.5510784939080695,0.5355326068946078,0.0,-1.5245271731911567,-12.955780361389227,44.560151462427726,26.75326353235598,71.3134149947837
10.238000000000088,7.23,5.79426872221431,-0.580834931391283,-6.729583043908502,9.71986146885161,-45.516747127330056,118.4566364322996,0.0,-1.3467511093805726,0.6368152690720243,0.0,-4.504801780058725,0.5379619301391807,0.0,-1.6086636394310434,-13.470675935283845,44.49318453723229,26.817489058073285,71.31067359530557
10.240000000000089,7.23,5.780717025450699,-0.5611551946515843,-6.822871754819408,9.96144491079565,-47.79062254671027,123.16506154819635,0.0,-1.3557116253765056,0.6378952193487989,0.0,-4.455109853091316,0.5423322966824449,0.0,-1.702158373526908,-13.982760362623052,44.42420381115074,26.88361169157687,71.3078155027276
10.24200000000009,7.23,5.766974131863777,-0.540982727803398,-6.920815188284958,10.212663568497506,-50.17042698198969,128.08938476016144,0.0,-1.3645690552080847,0.6389860627328505,0.0,-4.401656019198783,0.5488973366996523,0.0,-1.8068969139209095,-14.48966527156537,44.35305612249836,26.95177706177659,71.30483318427494
10.24400000000009,7.23,5.753030525444935,-0.5202978409778818,-7.023616825739225,10.47392973664923,-52.646908925971005,133.20816627065525,0.0,-1.3733154954015383,0.6400924741785361,0.0,-4.344054130824864,0.5579485593216933,0.0,-1.9251088162147043,-14.988437133938668,44.27957352165051,27.022145055391668,71.30171857704218
10.246000000000091,7.23,5.738876305565779,-0.4990800710991677,-7.13145572985483,10.745599734693112,-55.20458906504178,138.48618586500794,0.0,-1.3819422276637883,0.6412197544225452,0.0,-4.281875003801895,0.5698210361278282,0.0,-2.0594289131186163,-15.475415307783257,44.20357176154613,27.094891325591473,71.2984630871376
10.248000000000092,7.23,5.724501249609976,-0.4773083243332035,-7.24447203682513,11.027941843549192,-57.81962004518361,143.8697479565804,0.0,-1.390439629518852,0.6423739232980086,0.0,-4.214643221358658,0.5848996410714353,0.0,-2.2129661196688564,-15.946090577647668,44.12484870792827,27.170208898629255,71.29505760655752
10.250000000000092,7.23,5.709894909270104,-0.4549610928592996,-7.362747606658663,11.321093625958902,-60.457068957399095,149.28072597540657,0.0,-1.3987970793154383,0.6435618259659405,0.0,-4.141834786074001,0.6036256932538038,0.0,-2.389378228966966,-16.394944708992316,44.04318270941985,27.24830984546121,71.29149255488106
10.252000000000093,7.23,5.695046751408301,-0.43201676984905424,-7.486280588459681,11.625005917587712,-63.06753798651007,154.60916325188293,0.0,-1.4070028579510936,0.6447912525865914,0.0,-4.062876308173535,0.6265036933300805,0.0,-2.5929491031501954,-16.815274341788037,43.95833099346289,27.32942696112889,71.28775795459177
10.254000000000094,7.23,5.679946357013412,-0.4084540922815229,-7.6149525238518,11.939370488501213,-65.5830806393001,159.70434037234813,0.0,-1.4150440513296185,0.6460710711092799,0.0,-3.977146725826927,0.6541076065979834,0.0,-2.8286614071930143,-17.19900722849256,43.87002819056486,27.413815360013437,71.2838435505783
10.256000000000094,7.23,5.6645836945741035,-0.3842527472896354,-7.74848661023765,12.263528378974586,-67.91246594645307,164.36442809702504,0.0,-1.4229064599439298,0.6474113714323383,0.0,-3.883982951044234,0.6870857971546507,0.0,-3.1022530752365887,-17.536526157200452,43.77798513897868,27.501753846883545,71.27973898586222
10.258000000000095,7.23,5.648949486736525,-0.3593941832608907,-7.886396013311167,12.596356509848066,-69.93602352000018,168.32524145486812,0.0,-1.4305745252362634,0.6488236169237048,0.0,-3.782691319235619,0.7261632290527482,0.0,-3.4202385288338535,-17.816526746488883,43.68188818754987,27.593545858974515,71.2754340465244
10.260000000000096,7.23,5.633035690690674,-0.33386267028912536,-8.027921866117413,12.936131817967018,-71.5006092951378,171.2492840798201,0.0,-1.438031286673053,0.6503207958977522,0.0,-3.67256725406751,0.7721389048298062,0.0,-3.7898659347137342,-18.025950307740963,43.58139929755305,27.68951969127218,71.27091898882523
10.262000000000096,7.23,5.6168361120902,-0.30764665306966343,-8.171962114733073,13.280375516783316,-72.41570546731661,172.71731008201346,0.0,-1.4452583887919022,0.6519175608125451,0.0,-3.552926041743854,0.8258757269088961,0.0,-4.21896972112771,-18.150052003135073,43.476157343697416,27.790027616926047,71.26618496062346
10.264000000000097,7.23,5.600347167555195,-0.2807404287817059,-8.316995024076897,13.62568590875294,-72.45232325957849,172.2260653518813,0.0,-1.4522361635439707,0.6536303364868608,0.0,-3.4231478367247767,0.8882791370741221,0.0,-4.715664712731753,-18.17268557412946,43.36578112333622,27.895443404831397,71.26122452816762
10.266000000000098,7.23,5.583568799334614,-0.25314615721184824,-8.461005261655737,13.96757717814561,-71.34715238967019,169.1975659303837,0.0,-1.4589438192308606,0.6554773706575598,0.0,-3.2827396447021666,0.9602602438482855,0.0,-5.287818597312597,-18.07690347965087,43.249874684676676,28.006157635600164,71.25603232027684
10.268000000000098,7.23,5.5665055244832615,-0.2248761637113889,-8.601426089118041,14.30035388993834,-68.81507896331937,163.00675046137096,0.0,-1.4653597715248834,0.6574786914827999,0.0,-3.131415537603085,1.0426791216916071,0.0,-5.942240766829433,-17.84597454607107,43.128035647349925,28.12257016088696,71.25060580823688
10.270000000000099,7.23,5.549167567378019,-0.1959554219630311,-8.735117701181903,14.617065169010212,-64.57331166267987,153.03459312496454,0.0,-1.471462151644214,0.6596559290290417,0.0,-2.96919315006945,1.1362652308154066,0.0,-6.6835500148652125,-17.464893216915005,42.999867158038526,28.245079095736465,71.244946253775
10.2720000000001,7.23,5.531571978330619,-0.16642400249615247,-8.858407350020794,14.90959476355678,-58.379187710445294,138.751190726835,0.0,-1.4772295178300703,0.6620319547506723,0.0,-2.7964991504559014,1.2415152765960134,0.0,-7.51274565914219,-16.92237481844439,42.864993920191374,28.374065953722052,71.23905987391342
10.2740000000001,7.23,5.513743587396116,-0.13633915532242363,-8.96721819345512,15.168945981642228,-50.08048671093876,119.82621752031703,0.0,-1.4826417746527496,0.6646302993485487,0.0,-2.614269098391185,1.3585749119556687,0.0,-8.425616083066423,-16.213186013541723,42.72308226155459,28.509877004635058,71.23295926618965
10.276000000000101,7.23,5.495715594308929,-0.10577658968059443,-9.057306235899361,15.385763816225024,-39.6715022356659,96.25190913068177,0.0,-1.487681267859065,0.6674743304657305,0.0,-2.4240194541962956,1.4871192059718936,0.0,-9.411266319032457,-15.340459967395645,42.57386337252802,28.652801688167724,71.22666506069574
10.278000000000102,7.23,5.4775295747431905,-0.07483046879348768,-9.124604485532709,15.55109211513892,-27.34139320435011,68.44899573716265,0.0,-1.4923339727896767,0.670586210539285,0.0,-2.2278648030881607,1.6262557563639657,0.0,-10.451187910200302,-14.317448903396656,42.417157673428015,28.803049887131237,71.22020756055926
10.280000000000102,7.23,5.459234715622452,-0.043611709348614,-9.165641131518399,15.657292752169079,-13.496700262161701,37.31585949545385,0.0,-1.496590642035394,0.6739857088109532,0.0,-2.0284560483031053,1.774479655423733,0.0,-11.519347043930443,-13.168079505641588,42.2528969785363,28.960730828995317,71.21362780753162
10.282000000000103,7.23,5.440886195020573,-0.012244401361416905,-9.177962748010534,15.698975279687925,1.2582146876494826,4.185323877772843,0.0,-1.5004477412556154,0.6776889978332785,0.0,-1.828828721670026,1.929706263393427,0.0,-12.583639486694853,-11.925815733187925,42.08114025143016,29.12583697827273,71.20697722970289
10.284000000000104,7.23,5.422542786863991,0.01913947443214479,-9.160470507226735,15.673735120475966,16.188086161481394,-29.322463610499728,0.0,-1.5039080018461757,0.6817076034389637,0.0,-1.6321734943466653,2.089393047496878,0.0,-13.608721264757643,-10.63073994952711,41.90207899846721,29.2982361139739,71.2003151124411
10.286000000000104,7.23,5.404263954208538,0.050406451743270395,-9.113583603850698,15.58251208144284,30.52906059072586,-61.5247877386751,0.0,-1.506980467901609,0.686047677210612,0.0,-1.4415659394910434,2.2507382944004135,0.0,-14.559765448609632,-9.325323166141585,41.716030153854696,29.477673661027403,71.1937038148821
10.288000000000105,7.23,5.386106831248418,0.08142822740636937,-9.039184313572536,15.429469247406786,43.59940805772678,-90.9195163407226,0.0,-1.5096800059976607,0.6907097126780235,0.0,-1.259708263481662,2.4109211596417643,0.0,-15.406325625830775,-8.049817648799452,41.52341726692633,29.663785456786606,71.18720272371294
10.290000000000106,7.23,5.368123526386746,0.11208760403083279,-8.940359366671785,15.221424510302091,54.8877774494307,-116.37896346999457,0.0,-1.5120263523431283,0.6956887415921629,0.0,-1.0887336005678492,2.5673350742815537,0.0,-16.125410226371564,-6.838326680557698,41.32474364001625,29.85611906579744,71.1808627058137
10.292000000000106,7.23,5.3503590921671575,0.1422829670191164,-8.821006203738513,14.966985204418904,64.09797097443676,-137.24833733026793,0.0,-1.5140428564740485,0.7009749528800832,0.0,-0.9301040043869988,2.717770860628492,0.0,-16.703141911669803,-5.7163241401063996,41.12056244720163,30.054160219950116,71.17472266715174
10.294000000000107,7.23,5.332850339867736,0.17193090501331557,-8.68539775153024,14.675591344929845,71.14659968654318,-153.34077014255698,0.0,-1.5157551171465395,0.7065546058796877,0.0,-0.7846058437421042,2.8605240788217894,0.0,-17.13484984018824,-4.699874199902766,40.911448384841464,30.257360433455183,71.16880881829664
10.296000000000108,7.23,5.315625493288158,0.20096698508792854,-8.537790282149862,14.356653109448798,76.12521288200426,-164.8543347934687,0.0,-1.517189689826238,0.7124110803891304,0.0,-0.6524229441753608,2.9944238163462966,0.0,-17.423885147786496,-3.79630377805463,40.697973766075116,30.465162344660868,71.16313611073599
10.298000000000108,7.23,5.298704536478111,0.22934500096236368,-8.382127317049825,14.018898921503567,79.24528981019482,-172.2513715975788,0.0,-1.5183729922998395,0.7185259187736628,0.0,-0.5332560692871313,3.118797950146426,0.0,-17.579690699079357,-3.005798038643213,40.480690231869396,30.677020499612986,71.15771073148238
10.300000000000109,7.23,5.28210004102945,0.25703516451940633,-8.22185630403404,13.669971020332504,80.78279527002806,-176.13676846233966,0.0,-1.5193304702466897,0.7248797550119866,0.0,-0.42645763495160227,3.233398244938222,0.0,-17.615665877898003,-2.3233559986451824,40.26011604177266,30.892416610034743,71.1525326518074
10.30200000000011,7.23,5.265818254692651,0.2840217197398791,-8.059847274361916,13.31624499903627,81.03277233810653,-177.15819273914005,0.0,-1.520086028737245,0.731453073192288,0.0,-0.3311584464175943,3.3383082473743393,0.0,-17.54722516877731,-1.7406756342534953,40.03672828519643,31.110869398963473,71.1475976841599
10.30400000000011,7.23,5.249860270997148,0.3103003752442034,-7.898388543083197,12.962818709267138,80.27786656931926,-175.93684920625006,0.0,-1.5206616987277988,0.7382267792347377,0.0,-0.24637335207612798,3.4338514186180245,0.0,-17.390262153821713,-1.2477235203275057,39.810959111883115,31.331939819027397,71.14289893091052
10.306000000000111,7.23,5.234223153726922,0.33587583293648166,-7.739231749639347,12.613609800394226,78.77007313381357,-173.02723952246288,0.0,-1.5210774902004314,0.7451825979061719,0.0,-0.171081313774331,3.520510043022708,0.0,-17.160073283721676,-0.8339041349026387,39.583195032047584,31.55523270796887,71.13842774001645
10.308000000000112,7.23,5.218900942249296,0.36075957587817153,-7.583662534185374,12.27150988052977,76.72277943781818,-168.89952298809348,0.0,-1.521351380795303,0.7523033222491647,0.0,-0.10428105173481872,3.5988595271336186,0.0,-16.870697068747205,-0.48884765314241246,39.35377839073719,31.78039594605415,71.13417433679135
10.310000000000112,7.23,5.2038855047270225,0.3849679884451673,-7.432579674365244,11.938557576057635,74.30972011589105,-163.93706944084408,0.0,-1.5214993944998756,0.7595729474483115,0.0,-0.04502626432171253,3.669518652266878,0.0,-16.534580180385564,-0.20288502340509268,39.12301023843256,32.00711802736494,71.13012826579751
10.312000000000113,7.23,5.1891672340578205,0.408520820695444,-7.286571884258081,11.616106739180838,71.66794174965396,-158.4428410983674,0.0,-1.5215357342080833,0.7669767197419218,0.0,0.007554742650534241,3.7331140940368273,0.0,-16.16247497004982,0.0327081722976193,38.891153972915944,32.23512474988355,71.1262787227995
10.314000000000114,7.23,5.17473559769207,0.4314399729735602,-7.14598650415028,11.304977077794396,68.9026654817367,-152.64996950592558,0.0,-1.521472941561339,0.7745011264671596,0.0,0.05425049229865064,3.7902565997720234,0.0,-15.763485408231938,0.22562505234886096,38.65843928845277,32.464175527259926,71.1226148157127
10.316000000000114,7.23,5.160579560325441,0.45374855944071096,-7.010987754902251,11.005582045096165,66.09269097171217,-146.73354761137023,0.0,-1.5213220658304887,0.7821338478569945,0.0,0.09576511940030641,3.841526104429162,0.0,-15.34519778984547,0.38253929782529417,38.42506611507919,32.694059655904866,71.11912577098406
10.318000000000115,7.23,5.146687900825209,0.4754702039277413,-6.8816043262451565,10.718033432966037,63.29557028209634,-140.8219394759438,0.0,-1.5210928301485547,0.7898636859962513,0.0,0.13272168740104018,3.887463365845564,0.0,-14.913851620091268,0.5091730432903286,38.191208350637865,32.9245927420551,71.11580109269296
10.320000000000116,7.23,5.1330494439622525,0.4966285231450458,-6.757767183520071,10.44222457010081,60.552178932816105,-135.00678466689567,0.0,-1.520793788192005,0.7976804819301258,0.0,0.1656680419123595,3.9285661516934502,0.0,-14.474521817653908,0.6103920857014922,37.95701727774379,33.15561340166829,71.11263067941208
10.322000000000116,7.23,5.1196532251913665,0.5172467573246362,-6.639338955948818,10.177895085635065,57.89055665738224,-129.35141309686657,0.0,-1.5204324677164491,0.8055750284412218,0.0,0.1950838542697133,3.9652884699697633,0.0,-14.03129504306175,0.6903102102472968,37.722624619811604,33.386980284356696,71.1096049041683
10.324000000000117,7.23,5.106488603846614,0.5373475146281713,-6.526136373780116,9.924680436073258,55.32902660607259,-123.89768572209405,0.0,-1.5200154995249626,0.8135389834066021,0.0,0.2213879931866225,3.998041736411518,0.0,-13.58743099454806,0.7523918655098016,37.48814523004419,33.618569433410656,71.10671466345485
10.326000000000118,7.23,5.093545337254054,0.5569526019032076,-6.417947129387333,9.682149197637703,52.878667646999155,-118.6714219340718,0.0,-1.5195487317992131,0.8215647867698422,0.0,0.24494570442615649,4.027197094987514,0.0,-13.145504703772623,0.7995473858755656,37.2536794307706,33.850271970656955,71.10395140142757
10.328000000000118,7.23,5.080813625684445,0.5760829200055934,-6.314542358873549,9.449830739601067,50.54523862471335,-113.68662833340167,0.0,-1.5190373305095963,0.8296455828546991,0.0,0.2660753096079731,4.0530883534471425,0.0,-12.707529008968347,0.8342181123532341,37.019315032821396,34.08199208224835,71.10130711506974
10.330000000000119,7.23,5.0682841358767305,0.5947584066993888,-6.215685738901807,9.227235455124418,48.330654996114255,-108.94874760903986,0.0,-1.518485867031734,0.8377751488626676,0.0,0.2850542856204612,4.076015176119608,0.0,-12.275058145753508,0.8584506630857333,36.78512906970783,34.31364527570241,71.09877434541025
10.33200000000012,7.23,5.055948009069383,0.6129980140721951,-6.12114000086253,9.013869306240007,46.2341089238611,-104.45712623441986,0.0,-1.517898394268851,0.8459478298182949,0.0,0.3021246799339803,4.096246304428181,0.0,-11.849274270688259,0.8739606777579711,36.5511892820676,34.545156876959304,71.0963461590269
10.33400000000012,7.23,5.043796858045939,0.6308197105384226,-6.030671495501412,8.80924407071489,44.2529104318889,-100.20687048795784,0.0,-1.5172785126060275,0.854158479862834,0.0,0.3174978727638218,4.114022664650716,0.0,-11.431059065374816,0.8821869086621181,36.31755538605866,34.776460737140134,71.0940161231988
10.336000000000121,7.23,5.0318227565805795,0.6482404999600057,-5.944053300029036,8.612884370189233,42.38311322123745,-96.19022984001703,0.0,-1.5166294269652452,0.8624024095811372,0.0,0.3313587276830148,4.1295602829014255,0.0,-11.021052589479842,0.8843367607196664,36.08428015637847,35.00749812091253,71.091778277291
10.338000000000122,7.23,5.020018223803957,0.665276452313988,-5.861067245628455,8.424332309422224,40.61997592927327,-92.39761882077607,0.0,-1.515953996129379,0.8706753389300889,0.0,0.34386918705692937,4.143052967369805,0.0,-10.619701406220736,0.8814244273740899,35.85141035109545,35.238216751187906,71.08962710228336
10.340000000000122,7.23,5.00837620534754,0.6819427417904949,-5.781505152999063,8.243150358876738,38.95829865459862,-88.81836456699273,0.0,-1.5152547753839407,0.8789733552851219,0.0,0.355171373704961,4.154674743689092,0.0,-10.227297783506343,0.8743027137263379,35.61898750196799,35.46856998785318,71.08755748982117
10.342000000000123,7.23,4.996890052622839,0.6982536893084644,-5.705169493246128,8.068922958821496,37.392665570904725,-85.44124759114345,0.0,-1.5145340534023848,0.8872928761107295,0.0,0.3653902595233245,4.164582045389838,0.0,-9.844011530667117,0.8636895344450725,35.387048590607705,35.69851612112841,71.08556471173611
10.344000000000124,7.23,4.985553501213793,0.7142228072688732,-5.631873637250999,7.901257204373277,35.91761725980018,-82.25488759353779,0.0,-1.513793884182713,0.895630615775358,0.0,0.37463595801587,4.172915670903252,0.0,-9.469915793515321,0.8501899524045006,35.15562662785825,35.928017762815045,71.0836443906733
10.346000000000124,7.23,4.974360649077612,0.7298628449891301,-5.56144181527528,7.739782880117218,34.527770747420405,-79.24801378999948,0.0,-1.513036114734395,0.9039835560598009,0.0,0.38300569239511273,4.1798025237361225,0.0,-9.10500791379143,0.8343145018170779,34.92475115112043,36.15704132109505,71.08179247221548
10.348000000000125,7.23,4.963305935038735,0.7451858337274413,-5.493708877144507,7.584152043982206,33.217900856260556,-76.40964965528947,0.0,-1.5122624091171284,0.91234891994423,0.0,0.3905854851142374,4.1853571547764465,0.0,-8.749226268742843,0.8164944257268967,34.69444865207981,36.38555654664876,71.08000519872857
10.350000000000126,7.23,4.952384117904677,0.7602031305507255,-5.428519919639797,7.434038307925779,31.982993127085106,-73.72923463068412,0.0,-1.5114742693470937,0.9207241482977141,0.0,0.3974516089418376,4.1896831262489105,0.0,-8.402463843664682,0.7970943560903894,34.46474294534008,36.61353613968619,71.07827908502627
10.352000000000126,7.23,4.941590256418002,0.7749254605536672,-5.365729829891152,7.289135923748375,30.818276007057246,-71.19669973614452,0.0,-1.510673053611678,0.9291068791327355,0.0,0.4036718343024922,4.1928742163223625,0.0,-8.064579153181,0.7764228764529015,34.23565548681696,36.840955409055,71.07661089587197
10.354000000000127,7.23,4.93091969017508,0.7893629571222838,-5.305202780204163,7.149158752928401,29.71923805958405,-68.80250977116154,0.0,-1.5098599921692373,0.9374949291241967,0.0,0.4093065027257008,4.195015482241051,0.0,-7.7354050131529855,0.7547413320651413,34.00720564934679,37.06779197592786,71.07499762527465
10.356000000000128,7.23,4.920368021581847,0.8035252000700971,-5.246811699775733,7.01383917737003,28.681634485096062,-66.5376815700236,0.0,-1.5090362012552205,0.9458862771266806,0.0,0.4144094519224809,4.196184198409603,0.0,-7.414755571272546,0.7322711890471394,33.7794109617964,37.29402551570751,71.07343647750392
10.358000000000128,7.23,4.909931098873723,0.817421251571581,-5.190437741332804,6.882926991564887,27.701486137407176,-64.39378535086009,0.0,-1.508202695268894,0.9542790494550788,0.0,0.41902881423822946,4.19645068430073,0.0,-7.102431927576445,0.709200191474673,33.5522873169743,37.51963753275118,71.07192484972549
10.360000000000129,7.23,4.899605000196501,0.8310596898857849,-5.135969755228486,6.756188304502015,26.775073390203524,-62.36293437273767,0.0,-1.507360397474745,0.9626715067218476,0.0,0.4232077069762642,4.195879035492807,0.0,-6.798226613489571,0.6856875215569754,33.32584915281893,37.744611163329125,71.07046031614806
10.36200000000013,7.23,4.889386018724258,0.8444486409102542,-5.083303779473308,6.63340447066758,25.898926585691285,-60.4377667450534,0.0,-1.5065101494185718,0.9710620320492441,0.0,0.426984830299014,4.1945277696518515,0.0,-6.50192714710712,0.6618681320005932,33.10010961064919,37.96893100291833,71.06904061356752
10.36400000000013,7.23,4.879270648776473,0.8575958076370923,-5.0323425512038185,6.514371062863468,25.069814331503075,-58.611422206928374,0.0,-1.5056527192292855,0.9794491204970986,0.0,0.4303949860389309,4.192450397886776,0.0,-6.21331884114096,0.6378563899613989,32.87508067368481,38.19258295451175,71.06766362819656
10.366000000000131,7.23,4.869255572887854,0.8705084976033871,-4.982995042923541,6.398896894743534,24.284730563948138,-56.87751592659964,0.0,-1.504788808952927,0.987831369566303,0.0,0.4334695287352084,4.18969593064531,0.0,-5.93218700651131,0.6137491475868335,32.65077328855616,38.415554095113606,71.06632738366977
10.368000000000132,7.23,4.859337649779323,0.8831936484403266,-4.935176025287307,6.286803097467386,23.540881036342853,-55.2301107978872,0.0,-1.5039190610444892,0.9962074706552977,0.0,0.4362367585048345,4.186309326185702,0.0,-5.658318667490286,0.5896283341160493,32.427197472118536,38.637832558002614,71.06503003012115
10.370000000000132,7.23,4.849513903176273,0.8956578516314836,-4.888805657084872,6.177922252365067,22.835669698414335,-53.66368928432356,0.0,-1.5030440641254552,1.0045762013619395,0.0,0.4387222639128268,4.182331888652493,0.0,-5.39150388239027,0.5655631480597668,32.20436240554072,38.85940742869566,71.06376983423638
10.372000000000133,7.23,4.839781511419717,0.9079073745926605,-4.843809102297739,6.072097579737285,22.166685290001702,-52.173125545025,0.0,-1.5021643580998663,1.0129364185362293,0.0,0.4409492217865328,4.177801621896101,0.0,-5.131536746051926,0.541611914477079,31.982276517352155,39.080268652838676,71.06254517019083
10.374000000000134,7.23,4.830137797816756,0.9199481811846331,-4.800116173567377,5.969182182693574,21.53168836698705,-50.75365834242285,0.0,-1.5012804387089482,1.021287052000917,0.0,0.4429386598883854,4.172753544395881,0.0,-4.878216136022827,0.5178236612698571,31.7609475568872,39.30040695450334,71.06135451139053
10.376000000000134,7.23,4.820580221678539,0.9317859507670632,-4.757661001058478,5.869038344111641,20.928598900150572,-49.400865059886364,0.0,-1.500392761593352,1.0296270988669374,0.0,0.44470968749062006,4.1672199699638615,0.0,-4.6313462526797515,0.4942394592882333,31.540382659360795,39.51981376357863,71.06019642293943
10.378000000000135,7.23,4.811106369996106,0.9434260958974482,-4.716381725478795,5.771536874277539,20.355484531392364,-48.11063703151929,0.0,-1.4995017459227833,1.0379556183794638,0.0,0.44627969815945145,4.161230758311091,0.0,-4.3907369941119,0.4708935635247232,31.32058840363686,39.73848115112925,71.05906955476611
10.380000000000136,7.23,4.801713949707176,0.9548737787737583,-4.676220213891076,5.6765565064578904,19.810549531182623,-46.87915629531736,0.0,-1.4986077776447995,1.0462717272379376,0.0,0.4476645484332428,4.154813539040251,0.0,-4.156204198925938,0.4478143864762501,31.101570863601346,39.95640177174497,71.05797263534632
10.382000000000136,7.23,4.7924007805096975,0.9661339265137385,-4.637121796895507,5.583983337502038,19.292124472188785,-45.7028738156255,0.0,-1.4977112123977312,1.0545745953401064,0.0,0.44887871555158754,4.147993912177429,0.0,-3.9275697839159776,0.4250253296340948,30.88333565392812,40.17356881203691,71.05690446596503
10.384000000000137,7.23,4.783164788180855,0.9772112453579885,-4.599035025752674,5.4937103105289,18.79865661378569,-44.57848917482778,0.0,-1.4968123781268456,1.062863441905956,0.0,0.44993543694487936,4.14079562796426,0.0,-3.7046617984879817,0.402545494826841,30.665887970918394,40.38997594454888,71.05586391546727
10.386000000000138,7.23,4.774003998363066,0.988110233878071,-4.561911448042407,5.405636736787294,18.328700978328335,-43.502931702470285,0.0,-1.4959115774378262,1.0711375319424743,0.0,0.4508468338139452,4.133240748291296,0.0,-3.4873144136170793,0.38039029363169063,30.44923262900423,40.605617286447675,71.05484991545191
10.388000000000138,7.23,4.764916530781261,0.9988351952651491,-4.525705400501903,5.319667853864808,17.880912090964035,-42.473342988822026,0.0,-1.4950090897173367,1.0793961730146813,0.0,0.45162402080622677,4.125349791857863,0.0,-3.275367859769292,0.3585719701558484,30.233374093427337,40.82048736243887,71.05386145586621
10.39000000000014,7.23,4.7559005938583825,1.0093902487691269,-4.490373817749129,5.235714417540874,17.454036349111757,-41.48706071641284,0.0,-1.4941051730466863,1.0876387122922349,0.0,0.4522772035197665,4.117141864886676,0.0,-3.0686683254923217,0.33710005006629845,30.01831650953956,41.03458107142509,71.05289758096464
10.39200000000014,7.23,4.746954479698591,1.019779340352991,-4.455876055668739,5.153692324721296,17.046904984596964,-40.54160373526216,0.0,-1.4932000659314104,1.0958645338443673,0.0,0.45281576533142376,4.108634778998135,0.0,-2.867067826156817,0.31598172672696684,29.804063729112926,41.24789365648463,71.05195738559755
10.39400000000014,7.23,4.738076559409989,1.0300062526220823,-4.422173728313397,5.0735222650444,16.65842758008502,-39.634658303739556,0.0,-1.4922939888667912,1.1040730561589234,0.0,0.4532483448452838,4.099845157654725,0.0,-2.670424050515976,0.2952221936166443,29.590619333998326,41.460420677801565,71.0510400117999
10.396000000000141,7.23,4.729265278740929,1.0400746140833614,-4.389230557250337,4.995129398906408,16.2875861013825,-38.76406541611896,0.0,-1.4913871457569097,1.11226372986389,0.0,0.45358290508520566,4.090788532416859,0.0,-2.478600191270903,0.2748249307908345,29.377986657429567,41.672157988222665,71.05014464565224
10.398000000000142,7.23,4.7205191540060145,1.0499879077853849,-4.35701223235921,4.918443059810665,15.933429407975314,-37.92780913901305,0.0,-1.490479725202761,1.120436035632175,0.0,0.4538267954085254,4.08147943010377,0.0,-2.2914647646210744,0.2547919519695076,29.16616880323304,41.883101711156876,71.04927051438992
10.400000000000142,7.23,4.7118367682798326,1.059749479385673,-4.3254862831612115,4.843396479098702,15.595068205561722,-37.124005881371716,0.0,-1.4895719016731048,1.1285894822524334,0.0,0.45398680699128724,4.071931451824473,0.0,-2.1088914227922104,0.23512401784066644,28.955168663170873,42.09324822056697,71.04841688373784
10.402000000000143,7.23,4.703216767838203,1.069362544688415,-4.294621959830258,4.769926531268479,15.271670406097389,-36.35089452610521,0.0,-1.4886638365701428,1.1367236048505198,0.0,0.45406922262651694,4.062157344731363,0.0,-1.93075876272835,0.21582082033540115,28.74498893261901,42.30259412283152,71.04758305545053
10.404000000000144,7.23,4.694657858828385,1.0788301966920066,-4.264390123104013,4.697973498225191,14.962456862848768,-35.606827355311026,0.0,-1.4877556792007562,1.1448379632478312,0.0,0.45407986148354684,4.052169067250647,0.0,-1.7569501334771827,0.1968811419273071,28.535632124757115,42.511136240283335,71.04676836504045
10.406000000000144,7.23,4.686158804151165,1.0881554121827435,-4.234763142375483,4.627480850941927,14.666697450034349,-34.8902617052826,0.0,-1.486847567662777,1.1529321404441415,0.0,0.4540241193951252,4.041977848457796,0.0,-1.5873534442611477,0.178302993415579,28.327100583426358,42.71887159625081,71.04597217967716
10.408000000000145,7.23,4.677718420539138,1.0973410579080694,-4.205714801304652,4.558395047130788,14.383707458743642,-34.19975229178137,0.0,-1.485939629654741,1.1610057412138184,0.0,0.453907005169235,4.031594242190736,0.0,-1.4218609747892546,0.16008373314941995,28.119396494793552,42.92579740144916,71.04519389624271
10.410000000000146,7.23,4.669335575816749,1.1063898963600973,-4.177220210344154,4.490665343639857,14.1128442829032,-33.53394415032902,0.0,-1.4850319832166228,1.1690583908054681,0.0,0.4537331733618935,4.021028176427277,0.0,-1.2603691890084028,0.14222017022632555,27.912521897944266,43.13191104158649,71.04443293953076
10.412000000000146,7.23,4.661009186328842,1.115304591197661,-4.149255725623412,4.4242436223977,13.853504371072297,-32.89156614044008,0.0,-1.4841247374082536,1.177089733735988,0.0,0.45350695389451595,4.010288998395072,0.0,-1.1027785532032541,0.12470865383605961,27.706478694513113,43.33721006606334,71.04368876057646
10.414000000000147,7.23,4.652738214525508,1.1240877123328936,-4.121798873682193,4.359084228825227,13.605120421771637,-32.271424966708096,0.0,-1.4832179929313518,1.1850994326709132,0.0,0.45323237885365664,3.999385515831235,0.0,-0.9489933591186238,0.10754515061553427,27.501268657448072,43.54169217765822,71.0429608351063
10.416000000000148,7.23,4.644521666692007,1.1327417407062679,-4.094828281587256,4.295143821725096,13.36715880186253,-31.672399673440303,0.0,-1.482311842700541,1.193087167383758,0.0,0.4529132067712909,3.9883260347636105,0.0,-0.7989215525880433,0.09072531161881195,27.29689343899452,43.74535522310363,71.04224866209815
10.418000000000148,7.23,4.636358590813434,1.1412690727721275,-4.0683236120050585,4.232381233741854,13.139117169194177,-31.09343657309377,0.0,-1.4814063723680955,1.2010526337877176,0.0,0.4525529446489161,3.9771183941458794,0.0,-0.6524745679986607,0.07424453028377526,27.093354577975987,43.948197184466814,71.0415517624428
10.42000000000015,7.23,4.628248074564616,1.149672024715014,-4.042265502839414,4.1707573415621635,12.920522282319055,-30.533544572083702,0.0,-1.480501660806697,1.2089955430337511,0.0,0.45215486795849336,3.9657699976435485,0.0,-0.5095671687990948,0.05809799258687294,26.890653506439406,44.15021617125864,71.04086967769805
10.42200000000015,7.23,4.620189243416459,1.1579528364154927,-4.016635511075938,4.110234945094198,12.71092798154283,-29.99179086061627,0.0,-1.4795977805540361,1.2169156206695892,0.0,0.45172203882669715,3.954287842836798,0.0,-0.3701172941582556,0.04228072041468933,26.688791555726414,44.351410413201734,71.04020196892814
10.42400000000015,7.23,4.612181258850688,1.166113675182732,-3.991416060505194,4.050778654929079,12.509913326927709,-29.46729693604574,0.0,-1.4786947982227137,1.224812605854801,0.0,0.4512573225858257,3.942678548078542,0.0,-0.23404591180474094,0.026787609041735584,26.487769962025467,44.55177825359728,71.03954821562274
10.426000000000151,7.23,4.604223316675505,1.1741566392697498,-3.966590393023965,3.9923547874456173,12.317080880113297,-28.959234931880644,0.0,-1.4777927748785293,1.2326862506273835,0.0,0.4507634028541159,3.930948377221764,0.0,-0.10127687701441501,0.011613459484227682,26.2875898714532,44.75131814323419,71.0389080146874
10.428000000000152,7.23,4.596314645435302,1.1820837611860215,-3.942142523239193,3.934931266972869,12.132055117959911,-28.46682422697258,0.0,-1.4768917663899581,1.2405363192178493,0.0,0.450242795290476,3.9191032624083824,0.0,0.028263202334321523,-0.003246993603083892,26.08825234471002,44.95002863479157,71.0382809795016
10.430000000000152,7.23,4.588454504908079,1.1898970108210196,-3.9180571961220423,3.8784775344737676,11.954480967064988,-27.98932831163119,0.0,-1.4759918237513372,1.2483625874071027,0.0,0.44969786015283186,3.907148825092716,0.0,0.15464509475528615,-0.017799057908405587,25.889758361348687,45.14790837768979,71.03766673903847
10.432000000000153,7.23,4.580642184684689,1.1975982983912266,-3.8943198474804923,3.822964462257509,11.784022449158941,-27.526051889431,0.0,-1.475092993382028,1.2561648419247198,0.0,0.44913081377532044,3.8950903954554055,0.0,0.2779370683451366,-0.032048062820268175,25.692108823691974,45.34495611334934,71.03706493704132
10.434000000000154,7.23,4.572877002824506,1.205189477222224,-3.870916567037953,3.7683642742689893,11.620361428258764,-27.076338195322286,0.0,-1.4741953174036286,1.263942879884579,0.0,0.44854373906741213,3.8829330303483953,0.0,0.39820500833647576,-0.04599934172405413,25.495304560431386,45.5411706708219,71.03647523125329
10.436000000000154,7.23,4.565158304582492,1.2126723463765872,-3.8478340639228366,3.7146504715406494,11.463196451253069,-26.639566512344242,0.0,-1.473298833897071,1.2716965082550002,0.0,0.44793859512705947,3.870681529897912,0.0,0.5155125291947374,-0.05965821685773728,25.299346329935954,45.73655096275948,71.03589729269544
10.438000000000155,7.23,4.5574854612030204,1.2200486531375272,-3.825059634389942,3.661797762425921,11.312241674317589,-26.215149870776337,0.0,-1.4724035771413275,1.2794255433608688,0.0,0.4473172260506016,3.858340452880181,0.0,0.6299210814502314,-0.07302998639603538,25.10423482329707,45.93109598169337,71.03533080499044
10.440000000000156,7.23,4.54985786877617,1.2273200953574865,-3.8025811316090277,3.6097819972643856,11.167225868219843,-25.80253291496512,0.0,-1.4715095778352225,1.287129810415357,0.0,0.44668136901335526,3.8459141309737523,0.0,0.741490053462698,-0.08611991347467876,24.909970667133624,46.12480479659466,71.03477546372828
10.442000000000156,7.23,4.542274947152497,1.234488323680227,-3.780386937369235,3.5585801071569745,11.027891496173007,-25.401189924339498,0.0,-1.4706168633037575,1.2948091430790993,0.0,0.4460326616875297,3.833406681982499,0.0,0.8502768683186811,-0.09893321690340028,24.716554426178106,46.31767654969215,71.03423097587026
10.444000000000157,7.23,4.534736138912597,1.2415549436443298,-3.758465935560135,3.5081700465553394,10.893993858445965,-25.01062297629059,0.0,-1.4697254576902241,1.3024633830448789,0.0,0.4453726490573307,3.8208220221146365,0.0,0.9563370760625671,-0.11147506334827871,24.523986605663595,46.509710453526274,71.03369705918988
10.446000000000158,7.23,4.527240908388044,1.2485215176754585,-3.7368074873012658,3.458530739393101,10.76530029843372,-24.63036023964912,0.0,-1.4688353821352258,1.3100923796459727,0.0,0.4447027896850484,3.8081638773952164,0.0,1.0597244414605922,-0.12375056079185817,24.33226765352938,46.70090578821741,71.0331734417468
10.448000000000158,7.23,4.5197887407305135,1.255389566974217,-3.715401407602151,3.409642028508226,10.641589465346115,-24.25995438845814,0.0,-1.4679466549436926,1.317695989486528,0.0,0.4440244614767903,3.795435794282521,0.0,1.1604910274941707,-0.13576475310370903,24.141397962460932,46.89126189893153,71.03265986139246
10.45000000000016,7.23,4.512379141026151,1.2621605733059493,-3.694237943444053,3.361484628125508,10.522650629084263,-23.898981126614835,0.0,-1.4670592917408114,1.325274076092421,0.0,0.44333896699161573,3.7826411495524086,0.0,1.2586872747747495,-0.14752261557514101,23.951377871778757,47.080778193525504,71.03215606530426
10.45200000000016,7.23,4.505011633452434,1.2688359806983844,-3.673307753183206,3.31404007918617,10.408283043249222,-23.54703781475363,0.0,-1.4661733056177746,1.3328265095812077,0.0,0.4426475383337371,3.7697831595089464,0.0,1.3543620770673295,-0.1590290512901841,23.762207669189912,47.26945414035734,71.03166180954724
10.45400000000016,7.23,4.497685760474992,1.2754171970526234,-3.6526018871830277,3.2672907073281126,10.298295352569301,-23.203742191470614,0.0,-1.465288707268121,1.3403531663498618,0.0,0.4419513416635521,3.75686488857452,0.0,1.4475628531041567,-0.17028888822095617,23.573887592413623,47.45728926624716,71.03117685866079
10.456000000000161,7.23,4.490401082081997,1.281905595672585,-3.632111769589926,3.2212195833354733,10.192505041342455,-22.868731181650205,0.0,-1.464405505115414,1.3478539287791218,0.0,0.4412514813600088,3.7438892573079183,0.0,1.538335614863915,-0.18130687694957498,23.38641783069259,47.6442831545764,71.030700985269
10.458000000000162,7.23,4.483157175053929,1.2883025167176794,-3.611829181173832,3.1758104858900196,10.090737919774362,-22.54165978526011,0.0,-1.463523705432913,1.3553286849533273,0.0,0.4405490038636292,3.7308590498947405,0.0,1.6267250324853668,-0.19208768893096545,23.19979852619955,47.83043544351325,71.03023396971281
10.460000000000163,7.23,4.475953632266657,1.2946092685831554,-3.591746243160574,3.131047866469608,9.992827645349623,-22.222200040528524,0.0,-1.4626433124558633,1.3627773283947593,0.0,0.43984490122695546,3.7177769211506115,0.0,1.7127744959777707,-0.20263591522167923,23.014029775348753,48.015745824354234,71.02977559970299
10.462000000000163,7.23,4.46879006202592,1.3008271292122737,-3.571855401988687,3.0869168162506133,9.898615276609354,-21.910040055920064,0.0,-1.4617643284869473,1.3701997578115102,0.0,0.4391401143965622,3.704645403074291,0.0,1.796526173883724,-0.21295606560914784,22.829111630020538,48.20021403997142,71.02932566999196
10.464000000000164,7.23,4.461666087431416,1.3069573473441753,-3.5521494149282944,3.04340303488192,9.807948856922714,-21.60488310578392,0.0,-1.46088675399543,1.3775958768580603,0.0,0.43843553624879483,3.6914669109846012,0.0,1.8780210690434087,-0.22305256808409643,22.645044098706478,48.38383988335728,71.02888398206376
10.466000000000165,7.23,4.454581345768853,1.3130011437010682,-3.532621336504316,3.0004928010079164,9.720683026034944,-21.30644678496423,0.0,-1.4600105877104579,1.3849655939077228,0.0,0.43773201439918275,3.678243749272309,0.0,1.9572990716026595,-0.2329297686059504,22.461827147582728,48.56662319625812,71.02845034384084
10.468000000000165,7.23,4.447535487928381,1.3189597121181131,-3.5132645056705254,2.958172944426947,9.636678657353608,-21.0144622180441,0.0,-1.4591358267089467,1.3923088218362383,0.0,0.4370303538038761,3.6649781167954716,0.0,2.0343990094007083,-0.24259193111746036,22.279460701517326,48.74856386788903,71.02802456940636
10.470000000000166,7.23,4.4405281778479715,1.3248342206191737,-3.494072533684869,2.916430819779997,9.55580251909727,-20.728673319242354,0.0,-1.4582624664984682,1.3996254778158226,0.0,0.43633131916977014,3.651672111944494,0.0,2.1093586958672232,-0.2520432377702923,22.097944645018,48.92966183372346,71.02760647874146
10.472000000000167,7.23,4.433559091980389,1.3306258124413917,-3.4750392926400844,2.875254281672012,9.477926957579712,-20.448836099299278,0.0,-1.4573905010954864,1.4069154831190427,0.0,0.4356356371885396,3.6383277374009078,0.0,2.1822149755519935,-0.26128778932820307,21.91727882312534,49.10991707435095,71.02719589747629
10.474000000000167,7.23,4.426627918782472,1.3363356070113617,-3.456158904606952,2.834631661135301,9.40292960103903,-20.174718015978787,0.0,-1.4565199230992976,1.414178762931911,0.0,0.4349439986084819,3.6249469046120733,0.0,2.2530037674047922,-0.2703296057187029,21.737463042256884,49.28932961439713,71.02679265665401
10.476000000000168,7.23,4.419734358225555,1.3419647008755047,-3.4374257313505767,2.79455174335093,9.330693082545306,-19.906097365079738,0.0,-1.4556507237619716,1.4214152461756706,0.0,0.4342570601569149,3.6115314380021277,0.0,2.3217601059170545,-0.2791726267078818,21.55849707100609,49.46789952150078,71.02639659250687
10.478000000000169,7.23,4.412878121325914,1.3475141685870762,-3.418834364582915,2.755003746549995,9.261104780634279,-19.642762709092175,0.0,-1.4547828930545892,1.4286248653367477,0.0,0.43357544632476575,3.5980830789379645,0.0,2.388518180231654,-0.28782071267638226,21.380380640900853,49.645626905342894,71.02600754624375
10.48000000000017,7.23,4.406058929694198,1.3529850635520957,-3.4003796167173572,2.7159773020221625,9.194056576418877,-19.384512340857015,0.0,-1.4539164197300414,1.4358075563044146,0.0,0.4328997510240522,3.5846034894675145,0.0,2.4533113713216195,-0.29627764547742735,21.203113447125258,49.82251191672336,71.02562536384862
10.48200000000017,7.23,4.399276515102878,1.3583784188363448,-3.3820565120935826,2.6774624351639362,9.129444626025956,-19.131153779791575,0.0,-1.4530512913826341,1.442963258215711,0.0,0.43223053912804044,3.57109425584628,0.0,2.5161722873336987,-0.30454712936036665,21.02669514920803,49.99855474668105,71.02524989588909
10.48400000000017,7.23,4.392530619070801,1.3636952479354478,-3.363860278643107,2.639449547503802,9.067169147292823,-18.88250329843018,0.0,-1.4521874945047133,1.450091913307214,0.0,0.4315683479030384,3.557556891866827,0.0,2.577132797187737,-0.3126327919454343,20.851125371681068,50.173755625653115,71.02488099733418
10.486000000000171,7.23,4.385820992463991,1.3689365455099307,-3.3457863399680106,2.6019293996457247,9.007134219739033,-18.63838547720066,0.0,-1.4513250145405379,1.4571934667732895,0.0,0.4309136883401451,3.543992842004819,0.0,2.6362240625183264,-0.32053818523747135,20.676403704710896,50.348114822670524,71.02451852738142
10.488000000000172,7.23,4.379147395111908,1.37410328808704,-3.327830307807209,2.564893095076475,8.94924759690174,-18.398632785514398,0.0,-1.4504638359375779,1.464267866630458,0.0,0.43026704639451796,3.53040348439415,0.0,2.6934765680407087,-0.3282667866680397,20.502529704706024,50.521632644586184,71.02416234929221
10.490000000000173,7.23,4.372509595438402,1.3791964347309973,-3.3099879748664045,2.528332064785954,8.893420530191579,-18.16308518739285,0.0,-1.4496039421954177,1.4713150635875483,0.0,0.4296288841391417,3.5167901336427585,0.0,2.7489201504187966,-0.3358220001569188,20.329502894902383,50.69430943533268,71.02381233023506
10.492000000000173,7.23,4.36590737010666,1.3842169276832672,-3.292255307989458,2.4922380526531187,8.83956760348718,-17.931589769984882,0.0,-1.448745315912439,1.4783350109213413,0.0,0.4289996408395902,3.503154043499885,0.0,2.8025840257091934,-0.3432071571853664,20.15732276592959,50.8661455752071,71.02346834113669
10.494000000000174,7.23,4.359340503677495,1.3891656929743263,-3.274628441650443,2.4566031015532532,8.787606577744521,-17.70400039345265,0.0,-1.4478879388304247,1.4853276643573996,0.0,0.42837973395565787,3.4894964093846803,0.0,2.8544968154513124,-0.350425517874635,19.985988776359626,51.03714148018014,71.02313025653976
10.496000000000175,7.23,4.352808788280335,1.3940436410083334,-3.2571036717470347,2.4214195401452967,8.737458244949087,-17.48017736081451,0.0,-1.447031791877222,1.492292981955819,0.0,0.4277695600753593,3.475818370785377,0.0,2.904686571470162,-0.35748027206434213,19.815500353240513,51.207297601227026,71.02279795446753
10.498000000000175,7.23,4.34631202329635,1.3988516671220212,-3.2396774496771696,2.3866799703006203,8.689046290787815,-17.259987106437563,0.0,-1.446176855207613,1.4992309240016786,0.0,0.42716949578642016,3.462121013537546,0.0,2.9531807994549184,-0.3643745403862423,19.64585689261612,51.37661442367891,71.02247131629503
10.500000000000176,7.23,4.339850015053149,1.4035906521190578,-3.222346376682134,2.352377255137192,8.642297165462121,-17.043301901967187,0.0,-1.4453231082424893,1.5061414528999024,0.0,0.42657989848979583,3.4484053719893337,0.0,3.000006481373258,-0.37111137532959754,19.477057760034302,51.54509246659133,71.02215022662563
10.502000000000177,7.23,4.333422576530539,1.4082614627810521,-3.2051071984403325,2.3185045076253923,8.597139962104375,-16.82999957856815,0.0,-1.4444705297064604,1.5130245330743652,0.0,0.426001107159669,3.434672431061017,0.0,3.045190096778348,-0.377693762295258,19.309102291044503,51.712732282129366,71.02183457317386
10.504000000000177,7.23,4.327029527076863,1.4128649523563188,-3.1879567998970444,2.2850550797339118,8.55350630229822,-16.619963264432926,0.0,-1.443619097663991,1.51988013087102,0.0,0.42543344305387765,3.420923128205649,0.0,3.0887576430624804,-0.3841246206360403,19.141989791686257,51.879534454967065,71.02152424665331
10.506000000000178,7.23,4.320670692135443,1.417401961027447,-3.1708922003164215,2.2520225520861836,8.511330228238032,-16.413081136587074,0.0,-1.4427687895541612,1.5267082144648318,0.0,0.4248772103784192,3.407158355277143,0.0,3.1307346547087027,-0.39040680468151545,18.97571953897,52.04549960169942,71.02121914066942
10.508000000000179,7.23,4.314345902980724,1.4218733163586719,-3.1539105485428967,2.2194007240996627,8.47054810109509,-16.209246186089945,0.0,-1.4419195822241457,1.5335087537703873,0.0,0.42433269690957476,3.3933789603116145,0.0,3.171146221589083,-0.3965431047459359,18.810290781351256,52.21062837026623,71.02091915161748
10.51000000000018,7.23,4.308054996463682,1.4262798337239837,-3.137009118459986,2.1871836045820148,8.431098505188132,-16.008355995793092,0.0,-1.4410714519614816,1.5402817203559591,0.0,0.42380017457669794,3.379585749227446,0.0,3.2100170063559434,-0.4025362481182196,18.645702739198935,52.37492143938569,71.02062417858463
10.51200000000018,7.23,4.301797814766126,1.430622316716868,-3.1201853046352657,2.155365402759885,8.392922157583028,-15.810312529876066,0.0,-1.440224374525214,1.5470270873609175,0.0,0.4232799000087412,3.365779487449123,0.0,3.2473712609699605,-0.4083889000334881,18.481954605259258,52.5383795179974,71.02033412325666
10.51400000000018,7.23,4.295574205163549,1.434901557542515,-3.1034366181410094,2.12394051971743,8.355961822772542,-15.615021934434614,0.0,-1.4393783251759782,1.5537448294162965,0.0,0.4227721150471526,3.351960901459539,0.0,3.283232842406898,-0.41410366462575343,18.319045545115614,52.70100334471295,71.02004888982856
10.516000000000181,7.23,4.289384019796148,1.4391183373932988,-3.086760682540664,2.0929035402231837,8.32016223211015,-15.422394348445458,0.0,-1.4385332787050906,1.5604349225684129,0.0,0.4222770472277476,3.3381306802851443,0.0,3.3176252275827047,-0.41968308586176695,18.1569746976455,52.86279368727364,71.01976838491913
10.518000000000182,7.23,4.283227115447731,1.4432734268082807,-3.0701552300319555,2.0622492249251505,8.285470007694324,-15.232343724478607,0.0,-1.4376892094627007,1.5670973442053766,0.0,0.4217949102338709,3.324289476917992,0.0,3.350571527534619,-0.42512964845615103,17.995741175474926,53.02375134201406,71.01949251748898
10.520000000000183,7.23,4.277103353332177,1.447367586017457,-3.053618097738016,2.031972502895218,8.25183359041953,-15.04478765857046,0.0,-1.4368460913850691,1.5737320729864037,0.0,0.4213259043230834,3.310437909678469,0.0,3.3820945008942145,-0.43044577876821866,17.835344065431176,53.18387713333122,71.0192211987624
10.522000000000183,7.23,4.271012598887181,1.4514015652714283,-3.0371472241384647,2.0020684645051197,8.219203171929465,-14.859647228711314,0.0,-1.4360038980210104,1.580339088773779,0.0,0.420870216729352,3.2965765635222226,0.0,3.412216566686447,-0.43563384568092994,17.675782428994257,53.34317191315789,71.01895434215214
10.524000000000184,7.23,4.264954721574996,1.4553761051571381,-3.0207406456328854,1.9725323546172397,8.187530630225066,-14.67684684143672,0.0,-1.4351626025575608,1.5869183725673994,0.0,0.4204280220427058,3.282705991294563,0.0,3.440959816487171,-0.44069616146270363,17.517055302747746,53.50163656044007,71.01869186318781
10.526000000000185,7.23,4.258929594689922,1.459291936900297,-3.0043964932296294,1.94335956607453,8.156769468696758,-14.49631408604749,0.0,-1.4343221778449047,1.5934699064417523,0.0,0.4199994825680272,3.2688267149353765,0.0,3.4683460259699515,-0.44563498261272977,17.359161698829134,53.65927198061745,71.01843367944659
10.528000000000185,7.23,4.252937095172309,1.4631497826550706,-2.9881129893533114,1.9145456334747308,8.12687475836446,-14.31797959601279,0.0,-1.4334825964206004,1.599993673485282,0.0,0.4195847486647306,3.2549392266373856,0.0,3.4943966658715424,-0.4504525106907393,17.202100605380473,53.81607910510698,71.01817971048746
10.530000000000186,7.23,4.246977103428813,1.4669503557815902,-2.971888444764785,1.886086227214953,8.09780308312419,-14.141776917142515,0.0,-1.4326438305331501,1.6064896577420096,0.0,0.4191839590687383,3.2410439899604055,0.0,3.519132912404002,-0.45515089313200907,17.04587098699924,53.9720588907885,71.01792987778774
10.532000000000187,7.23,4.24104950315872,1.4706943611118115,-2.9557212555877777,1.8579771477934695,8.069512487811952,-13.967642382140012,0.0,-1.4318058521649375,1.6129578441553503,0.0,0.4187972411982532,3.227141440904051,0.0,3.5425756571400333,-0.4597322240486346,16.89047178519002,54.127212319492365,71.01768410468239
10.534000000000187,7.23,4.2351541811861075,1.4743824952042237,-2.9396099004367318,1.8302143203563275,8.04196242890869,-13.795514991173073,0.0,-1.430968633054571,1.6193982185140292,0.0,0.4184247114446007,3.213231988941164,0.0,3.5647455163968376,-0.46419854501799945,16.735901918816953,54.28154039748853,71.01744231630548
10.536000000000188,7.23,4.229291027297654,1.478015446587887,-2.923552937640728,1.8027937894770847,8.015113727720822,-13.625336298123909,0.0,-1.430132144718659,1.6258107674000293,0.0,0.41806647544937725,3.1993160180141267,0.0,3.5856628401426867,-0.46855184585946014,16.582160284557432,54.43504415497691,71.01720443953434
10.538000000000189,7.23,4.22345993408591,1.4815938959962527,-2.9075490025587074,1.7757117141586327,7.988928525881712,-13.457050302200518,0.0,-1.4292963584730418,1.6321954781385004,0.0,0.417722628369069,3.185393887496007,0.0,3.605347720449099,-0.4727940654002768,16.42924575735693,54.58772464557873,71.01697040293567
10.54000000000019,7.23,4.21766079679785,1.485118516591202,-2.8915968049814875,1.7489643630466865,7.963370243029352,-13.290603344612828,0.0,-1.4284612454535113,1.6385523387495513,0.0,0.41739325512816844,3.1714659331184234,0.0,3.623819999510592,-0.47692709223176905,16.277157190885315,54.739582945828644,71.01674013671396
10.54200000000019,7.23,4.211893513188539,1.4885899741777129,-2.875695126616363,1.7225481098450894,7.938403536524394,-13.125944010034939,0.0,-1.4276267766360276,1.6448813379018685,0.0,0.41707843066179173,3.1575324678678163,0.0,3.6410992772527946,-0.480952765456711,16.125893417994572,54.89062015466723,71.01651357266181
10.54400000000019,7.23,4.206157983379745,1.492008927409554,-2.859842818650336,1.6964594289236279,7.9139942630817215,-12.963023032593181,0.0,-1.426792922856464,1.651182464868096,0.0,0.41677822014871596,3.143593782851746,0.0,3.657204918548857,-0.48487287542895824,15.97545325117796,55.04083739293407,71.01629064411203
10.546000000000191,7.23,4.20045410972336,1.4953760279863775,-2.8440387993882683,1.6706948911095476,7.890109442196354,-12.80179320613546,0.0,-1.425959654829898,1.6574557094819236,0.0,0.4164926792356942,3.129650148136722,0.0,3.6721560600630743,-0.48868916448626837,15.825835483030927,55.19023580286118,71.01607128589211
10.548000000000192,7.23,4.194781796669461,1.498691920842572,-2.828282051962483,1.645251159654443,7.866717221252341,-12.64220929855312,0.0,-1.4251269431694538,1.6637010620968105,0.0,0.4162218542537978,3.1157018135589243,0.0,3.6859716167398,-0.49240332767720235,15.677038886713355,55.338816547566275,71.01585543427963
10.550000000000193,7.23,4.18914095063889,1.501957244328219,-2.812571622110552,1.6201249863686318,7.843786842209989,-12.48422796994004,0.0,-1.4242947584047256,1.6699185135463237,0.0,0.4159657824276014,3.101749009509141,0.0,3.6986702879548687,-0.4960170134830939,15.529062216413411,55.48658081054664,71.01564302696005
10.552000000000193,7.23,4.183531479900213,1.5051726303824786,-2.796906616018214,1.5953132079155408,7.821288609773662,-12.327807694387761,0.0,-1.4234630709997886,1.676108055106007,0.0,0.4157244920778071,3.0877919476931157,0.0,3.710270563345978,-0.4995318245358493,15.381904207812916,55.63352979517293,71.01543400298584
10.554000000000194,7.23,4.177953294450926,1.5083387046997176,-2.781286198224552,1.570812742259027,7.79919386094834,-12.172908685227108,0.0,-1.4226318513708072,1.6822696784567506,0.0,0.41549800281798493,3.0738308218684294,0.0,3.7207907283376684,-0.502949318332442,15.235563578554038,55.77966472418297,71.01522830273701
10.556000000000195,7.23,4.172406305902794,1.5114560868886808,-2.765709589586742,1.5466205852569166,7.777474935898949,-12.019492823538542,0.0,-1.4218010699032595,1.688403375649612,0.0,0.41528632574600566,3.0598658085589703,0.0,3.7302488693758846,-0.5062710079468663,15.090039028707375,55.92498683917585,71.01502586788322
10.558000000000195,7.23,4.166890427371204,1.514525390624989,-2.7501760653018463,1.5227338073943955,7.756105150031863,-11.867523589764186,0.0,-1.4209706969687808,1.694509139072051,0.0,0.415089463630711,3.045897067747957,0.0,3.7386628788863496,-0.5094983627402737,14.945329241241193,56.06949740010627,71.01482664134747
10.560000000000196,7.23,4.161405573368414,1.517547223797239,-2.734684952983289,1.4991495506512051,7.7350587672231255,-11.716965998264506,0.0,-1.4201407029416375,1.700586961415516,0.0,0.414907411094292,3.0319247435504257,0.0,3.7460504599703643,-0.5126328090699313,14.801432882491794,56.213197684778805,71.0146305672706
10.562000000000197,7.23,4.155951659700605,1.5205221886469673,-2.7192356307897825,1.4758650254969052,7.71431097412266,-11.567786534672098,0.0,-1.4193110582148447,1.7066368356443669,0.0,0.4147401547908693,3.017948964866046,0.0,3.7524291308510738,-0.515675730997664,14.658348602634877,56.35608898834278,71.01443759097766
10.564000000000197,7.23,4.150528603368615,1.5234508819027281,-2.7038275256046305,1.4528775080087477,7.693837855468044,-11.419953095903306,0.0,-1.4184817332159239,1.712658754966085,0.0,0.41458767358169335,3.003969846013015,0.0,3.757816229082498,-0.5186284709983385,14.516075036157627,56.498172622787536,71.01424765894517
10.566000000000198,7.23,4.145136322472272,1.5263338949085243,-2.6884601112634416,1.4301843371069796,7.673616370345919,-11.273434932697286,0.0,-1.4176526984223194,1.7186527128027231,0.0,0.4144499387073183,2.9899874873438175,0.0,3.7622289155332784,-0.5214923306688639,14.37461080233161,56.639449916437954,71.01406071876957
10.568000000000199,7.23,4.139774736118222,1.5291718137468227,-2.673132906828423,1.4077829119026433,7.653624329342831,-11.1282025945592,0.0,-1.4168239243764664,1.7246187027635778,0.0,0.41432691395714905,2.976001975843471,0.0,3.765684178156302,-0.5242685714382156,14.233954505685894,56.77992221345088,71.01387671913677
10.5700000000002,7.23,4.1344437643311664,1.5319652193563738,-2.6578454749075298,1.3856706891531843,7.633840372530976,-10.984227876991538,0.0,-1.4159953817005293,1.7305567186190363,0.0,0.4142185558366641,2.962013385710963,0.0,3.768198835555116,-0.5269584152788667,14.094104736480807,56.91959087331216,71.01369560979296
10.5720000000002,7.23,4.12914332796841,1.5347146876450473,-2.6425974200168496,1.3638451808213996,7.61424394823794,-10.841483770904269,0.0,-1.4151670411108022,1.736466754275575,0.0,0.4141248137326194,2.9480217789244154,0.0,3.769789540357335,-0.5295630454199861,13.955060071181556,57.05845727033464,71.0135173415162
10.5740000000002,7.23,4.123873348637652,1.5374207895978838,-2.627388386984704,1.3423039517334727,7.594815292552793,-10.69994441410093,0.0,-1.414338873431784,1.7423488037518693,0.0,0.4140456300764951,2.9340272057905783,0.0,3.7704727824049247,-0.5320836070626921,13.816819072931853,57.19652279315727,71.01334186608912
10.576000000000201,7.23,4.118633748617922,1.5400840913805598,-2.612218059396039,1.3210446173320436,7.575535409523702,-10.559585044743136,0.0,-1.4135108496099276,1.7482028611559879,0.0,0.41398094050643763,2.9200297054791347,0.0,3.770264891770716,-0.5345212080976196,13.6793802920273,57.33378884424529,71.0131691362726
10.578000000000202,7.23,4.113424450783592,1.5427051544384496,-2.5970861580757636,1.3000648415204463,7.556386052005555,-10.420381956702052,0.0,-1.412682940727063,1.7540289206636352,0.0,0.4139306740279032,2.9060293065423193,0.0,3.7691820416101303,-0.5368769198249753,13.542742266388224,57.470256839391865,71.0129991057801
10.580000000000203,7.23,4.108245378531377,1.545284535591464,-2.5819924396097753,1.279362334594431,7.5373497031183385,-10.282312456709944,0.0,-1.411855118013507,1.759826976497433,0.0,0.4138947531732377,2.892026027420298,0.0,3.76724025085667,-0.5391517776772772,13.406903522031886,57.60592820722141,71.01283172925329
10.582000000000203,7.23,4.103096455710266,1.5478227871248376,-2.5669366949024908,1.2589348512578507,7.5184095582800365,-10.14535482323031,0.0,-1.4110273528608488,1.7655970229071842,0.0,0.4138730941603175,2.878019876932724,0.0,3.7644553867693507,-0.5413467819448022,13.271862573543675,57.74080438869446,71.01266696223813
10.584000000000204,7.23,4.097977606554296,1.5503204568760276,-2.5519187477697627,1.2387801887189536,7.499549507779818,-10.009488266969004,0.0,-1.41019961683442,1.7713390541511123,0.0,0.41386560705044745,2.8640108547568723,0.0,3.7608431673398672,-0.543462898503844,13.137617924547254,57.87488683661453,71.01250476116178
10.586000000000205,7.23,4.092888755618106,1.552778088317884,-2.5369384535661377,1.2188961848640745,7.480754119859749,-9.87469289295334,0.0,-1.4093718816854541,1.7770530644780425,0.0,0.41387219590563745,2.8499989518927236,0.0,3.756419163566986,-0.5455010595477601,13.004168068173358,58.00817701513708,71.01234508331044
10.588000000000205,7.23,4.087829827715209,1.555196220638242,-2.521995697845467,1.1992807165056574,7.4620086242753985,-9.74094966411005,0.0,-1.4085441193629245,1.7827390481105123,0.0,0.41389275894540706,2.8359841511153205,0.0,3.7511988016052213,-0.5474621643208034,12.87151148752696,58.14067639928106,71.01218788680802
10.590000000000206,7.23,4.082800747858901,1.5575753888160804,-2.50709039505394,1.1799316977016774,7.443298896307737,-9.60824036627674,0.0,-1.4077163020250758,1.7883969992287465,0.0,0.4139271887031475,2.821966427414763,0.0,3.7451973647946626,-0.549347079854555,12.739646656152665,58.27238647444233,71.012033130595
10.592000000000207,7.23,4.077801441205758,1.5599161236943917,-2.492222487254665,1.1608470781436604,7.424611441200363,-9.47654757458464,0.0,-1.4068884020506391,1.7940269119555303,0.0,0.41397537218223396,2.8079457484240935,0.0,3.738429995578374,-0.5511566417069689,12.608572038498126,58.403308735910365,71.0118807744085
10.594000000000207,7.23,4.072831833001654,1.5622189520498908,-2.47739194288297,1.1420248416106127,7.405933378998244,-9.345854621154158,0.0,-1.4060603920497363,1.7996287803419078,0.0,0.4140371910118805,2.7939220748354106,0.0,3.7309116973136387,-0.5528916547037578,12.47828609037518,58.53344468838762,71.0117307787628
10.596000000000208,7.23,4.067891848530234,1.5644843966596973,-2.462598755531642,1.123463004486295,7.3872524297655655,-9.216145564047569,0.0,-1.4052322448744738,1.8052025983537083,0.0,0.4141125216028359,2.779895360804444,0.0,3.7226573359829143,-0.554552893681967,12.348787259418533,58.66279584551185,71.01158310493038
10.598000000000209,7.23,4.062981413063791,1.5667129763651135,-2.4478429427653725,1.1051596143373776,7.368556899161895,-9.087405157425955,0.0,-1.4044039336292227,1.8107483598588678,0.0,0.41420123530295877,2.765865554343859,0.0,3.7136816418101586,-0.5561411042354858,12.22007398554177,58.791363729382,71.01143771492377
10.60000000000021,7.23,4.058100451816483,1.568905206132617,-2.4331245449637042,1.0871127485501193,7.349835664357452,-8.959618822860513,0.0,-1.4035754316805882,1.8162660586155246,0.0,0.41430319855270326,2.7518325977055267,0.0,3.7039992107879445,-0.5576570034622248,12.092144701390461,58.91914987008713,71.01129457147759
10.60200000000021,7.23,4.053248889899838,1.5710615971121835,-2.4184436241918266,1.0693205130233092,7.331078160269459,-8.832772621750449,0.0,-1.402746712667073,1.8217556882608772,0.0,0.4144182730405701,2.737796427752003,0.0,3.6936245061205133,-0.559101280712697,11.964997832792244,59.046155805239565,71.01115363803181
10.60400000000021,7.23,4.048426652280487,1.5731826566930507,-2.403800263098589,1.0517810409153043,7.312274366103114,-8.706853228802618,0.0,-1.4019177505084217,1.8272172423007627,0.0,0.4145463158584849,2.7237569763174037,0.0,3.682571859587647,-0.5604745983396032,11.838631799203437,59.17238307951132,71.01101487871476
10.606000000000211,7.23,4.043633663740078,1.575268888557027,-2.389194563841142,1.0344924914430815,7.293414792181729,-8.581847906529767,0.0,-1.4010885194146625,1.8326507140999553,0.0,0.41468717965716045,2.7097141705579104,0.0,3.6708554728341136,-0.5617775924481397,11.713045014152268,59.29783324417498,71.01087825832725
10.608000000000212,7.23,4.038869848837315,1.5773207927294508,-2.3746266470356407,1.0174530487313096,7.274490467051773,-8.457744480726634,0.0,-1.4002589938948296,1.8380560968731499,0.0,0.4148407128014064,2.6956679332920745,0.0,3.65848941858909,-0.563010873646602,11.5882358856783,59.42250785664852,71.01074374232682
10.610000000000213,7.23,4.034135131872065,1.5793388656278944,-2.360096650733474,1.0006609207095223,7.255492924849743,-8.334531316885164,0.0,-1.3994291487653854,1.8434333836766168,0.0,0.41500675952539023,2.6816181833311488,0.0,3.645487641819939,-0.5641750277969098,11.464202816768006,59.54640848004455,71.01061129681256
10.612000000000213,7.23,4.0294294368514905,1.5813236001087096,-2.3456047294225093,0.9841143380555543,7.2364141929186765,-8.212197297511782,0.0,-1.3985989591583214,1.848782567400519,0.0,0.4151851600878436,2.667564835799568,0.0,3.6318639608243037,-0.5652706167646478,11.340944205786123,59.66953668272449,71.01048088851061
10.614000000000214,7.23,4.024752687458156,1.5832754855115054,-2.3311510530528605,0.9678115531834689,7.217246779663124,-8.090731800311602,0.0,-1.3977684005289595,1.8541036407618399,0.0,0.4153757509271394,2.653507802445812,0.0,3.617632068264508,-0.5662981791681229,11.218458446902822,59.79189403785689,71.01035248475972
10.616000000000215,7.23,4.020104807020057,1.585195007701644,-2.316735806086722,0.9517508392742795,7.197983662632233,-7.970124677205909,0.0,-1.396937448663432,1.8593965962979402,0.0,0.4155783648162654,2.6394469919437653,0.0,3.6028055321479044,-0.5672582311260603,11.096743930516284,59.91348212298108,71.01022605349736
10.618000000000215,7.23,4.0154857184825286,1.5870826491108394,-2.302359186571812,0.9359304893478286,7.178618276821538,-7.850366234151093,0.0,-1.3961060796858624,1.864661426360701,0.0,0.4157928310176219,2.625382310184778,0.0,3.58739779675676,-0.5681512670034295,10.975799043670706,60.03430251957582,71.01010156324652
10.620000000000216,7.23,4.010895344381977,1.588938888775941,-2.288021405238003,0.920348815374254,7.1591445031846375,-7.731447211728305,0.0,-1.395274270065229,1.869898123111243,0.0,0.41601897543760474,2.6113136605605525,0.0,3.571422183531025,-0.5689777601549285,10.855622170469413,60.154356812632926,71.00997898310234
10.622000000000217,7.23,4.0063336068214035,1.5907642023759765,-2.273722684616723,0.9050041474235285,7.139556657346897,-7.613358766474841,0.0,-1.3944419966219241,1.8751066785152004,0.0,0.41625662078093323,2.597240944237022,0.0,3.554891891907204,-0.5697381636656468,10.736211692482975,60.27364659023665,71.00985828271962
10.624000000000217,7.23,4.001800427447662,1.5925590622675325,-2.259463258182739,0.8898948328516196,7.119849478513761,-7.496092452929305,0.0,-1.3936092365340034,1.880287084338541,0.0,0.4165055867046751,2.5831640604193646,0.0,3.5378200001163886,-0.5704329110884234,10.617565989152203,60.3921734431483,71.0097394323005
10.626000000000218,7.23,3.997295727430413,1.5943239375185418,-2.2452433695179272,0.8750192355218659,7.100018118567046,-7.379640206363986,0.0,-1.3927759673431264,1.885439332143898,0.0,0.416765689971886,2.5690829066083043,0.0,3.520219465944406,-0.5710624171773633,10.49968343818579,60.50993896439659,71.00962240258238
10.628000000000219,7.23,3.992819427442725,1.5960592939405478,-2.231063271496675,0.8603757350602239,7.0800581313431525,-7.263994326179018,0.0,-1.3919421669601921,1.8905634132874112,0.0,0.4170367446048372,2.5549973788478315,0.0,3.5021031274568153,-0.5716270786170513,10.382562415952513,60.6269447488738,71.00950716482632
10.63000000000022,7.23,3.988371447643289,1.5977655941195121,-2.2169232254925455,0.8459627261430852,7.059965462087508,-7.149147459933815,0.0,-1.3911078136706685,1.895659318916055,0.0,0.41731856203775136,2.5409073719644866,0.0,3.4834837036914257,-0.572127274746938,10.266201297867873,60.74319239293786,71.00939369080572
10.63200000000022,7.23,3.9839517076601947,1.59944329744523,-2.20282350060586,0.8317786178164124,7.0397364370803945,-7.035092587992654,0.0,-1.3902728861396145,1.9007270399654372,0.0,0.4176109512689836,2.5268127797983415,0.0,3.464373795320852,-0.5725633682803924,10.150598458774924,60.85868349402048,71.0092819527954
10.63400000000022,7.23,3.9795601265762333,1.601092860139413,-2.1887643729118658,0.8178218328449884,7.01936775342939,-6.921823008761889,0.0,-1.3894373634164017,1.905766567158047,0.0,0.4179137190125788,2.512713495425822,0.0,3.444785885287504,-0.5729357060179163,10.03575227331933,60.973419650241325,71.00917192356066
10.636000000000221,7.23,3.9751966229156817,1.602714735282501,-2.174746124729152,0.8040908070906188,6.998856469024452,-6.809332324497507,0.0,-1.3886012249391322,1.9107778910019442,0.0,0.4182266698491417,2.498609411374498,0.0,3.4247323394132985,-0.5732446195540265,9.921661116318402,61.08740246002856,71.00906357634696
10.638000000000222,7.23,3.9708611146325308,1.6043093728392575,-2.1607690439079974,0.7905839889181641,6.978199992651691,-6.69761442766225,0.0,-1.3877644505387527,1.9157610017898716,0.0,0.4185496063759541,2.4845004198299683,0.0,3.40422540698622,-0.5734904259773143,9.80832336312405,61.20063352174577,71.00895688486982
10.640000000000223,7.23,3.9665535191001173,1.6058772196832032,-2.1468334231383346,0.7772998386283264,6.957396074262686,-6.5866634878128885,0.0,-1.3869270204428759,1.920715889598772,0.0,0.41888232935625647,2.4703864128349893,0.0,3.3832772213258506,-0.5736734285631765,9.695737389979591,61.313114433325325,71.00885182330492
10.642000000000223,7.23,3.962273753102121,1.607418719619943,-2.132939559277022,0.7642368279161464,6.936442795396118,-6.476473938998409,0.0,-1.3860889152792955,1.9256425442896916,0.0,0.41922463786762443,2.4562672824809626,0.0,3.3618998003297733,-0.5737939174587412,9.583901574370206,61.42484679190812,71.00874836627833
10.644000000000224,7.23,3.958021732824887,1.6089343134094338,-2.119087752694124,0.7513934393542083,6.915338559749127,-6.367040467651139,0.0,-1.3852501160792143,1.9305409555080675,0.0,0.4195763294493791,2.4421429210919214,0.0,3.3401050470027287,-0.5738521703595256,9.47281429536705,61.53583219349028,71.00864648885732
10.646000000000225,7.23,3.9537973738510384,1.6104244387872422,-2.1052783066378993,0.7387681658995843,6.894082083895866,-6.258358000953182,0.0,-1.3844106042801707,1.9354111126843656,0.0,0.4199372002489413,2.4280132214011383,0.0,3.3179047499702685,-0.5738484531773419,9.362473933964903,61.646072232576174,71.00854616654108
10.648000000000225,7.23,3.9496005911543386,1.6118895304848395,-2.0915115266182074,0.7263595104235849,6.872672388151064,-6.150421695661334,0.0,-1.3835703617286796,1.9402530050350735,0.0,0.42030704516707607,2.4138780767204913,0.0,3.295310583978591,-0.5737830206990239,9.252878873413275,61.75556850183856,71.00844737525183
10.650000000000226,7.23,3.9454312990957696,1.6133300202489789,-2.077787719808044,0.7141659852634152,6.851108787576762,-6.043226927374433,0.0,-1.3827293706825805,1.9450666215640193,0.0,0.42068565800193813,2.3997373811027134,0.0,3.272334110382121,-0.5736561172355081,9.1440274995409,61.86432259178528,71.00835009132618
10.652000000000227,7.23,3.94128941142079,1.6147463368601958,-2.0641071944629235,0.7021861117948659,6.829390883130345,-5.936769280227359,0.0,-1.3818876138130982,1.9498519510640093,0.0,0.42107283159185854,2.385591029496656,0.0,3.248986777620341,-0.5734679772608621,9.035918201073553,61.97233609043302,71.00825429150657
10.654000000000227,7.23,3.9371748412577356,1.616138906150475,-2.0504702593578217,0.6904184200252025,6.80751855295244,-5.831044536996824,0.0,-1.3810450742066243,1.954608982118772,0.0,0.42146835795680004,2.371438917895701,0.0,3.225279921685289,-0.5732188260408407,8.92854936994517,62.07961058298794,71.00815995293311
10.656000000000228,7.23,3.933087501117328,1.6175081510201226,-2.0368772232414063,0.6788614482054443,6.78549194379327,-5.726048669604422,0.0,-1.3802017353662102,1.959337703105188,0.0,0.42187202843840277,2.3572809434794424,0.0,3.201224766581049,-0.5729088802505637,8.821919401602125,62.18614765153329,71.00806705313542
10.658000000000229,7.23,3.9290273028932616,1.6188544914538814,-2.023328394307278,0.6675137424612504,6.763311462576223,-5.621777830002917,0.0,-1.3793575812127863,1.9640381021957984,0.0,0.4222836338385636,2.343117004748765,0.0,3.1768324247764776,-0.5725383485809442,8.716026695300755,62.291948874724,71.00797557002475
10.66000000000023,7.23,3.924994157863825,1.620178344536326,-2.0098240796819464,0.6563738564416618,6.740977768097692,-5.518228341432562,0.0,-1.3785125960861055,1.968710167361579,0.0,0.4227029645564747,2.3289470016544804,0.0,3.1521138976524314,-0.5721074323334995,8.610869654398005,62.39701582748842,71.00788548188642
10.66200000000023,7.23,3.920987976694536,1.6214801244665726,-1.996364584929271,0.6454403509849715,6.718491762862035,-5.415396690034075,0.0,-1.3776667647454102,1.9733538863749605,0.0,0.4231298107240562,2.3147708357195955,0.0,3.127080075944495,-0.5716163260031868,8.506446686635169,62.50135008073696,71.00779676737213
10.66400000000023,7.23,3.9170086694417487,1.6227602425723373,-1.9829502135710992,0.6347117938010227,6.695854585051023,-5.313279516806162,0.0,-1.3768200723698354,1.977969246813094,0.0,0.4235639623397269,2.300588410155408,0.0,3.101741740182399,-0.5710652178489538,8.402756204414738,62.60495320107805,71.00770940549279
10.666000000000231,7.23,3.913056145557202,1.6240191073233743,-1.9695812666238302,0.624186759169257,6.673067600626882,-5.211873609895178,0.0,-1.3759725045585416,1.9825562360613338,0.0,0.4240052094004301,2.2863996299714984,0.0,3.076109561126983,-0.5704542904516523,8.299796625070327,62.70782675054086,71.00762337561119
10.668000000000232,7.23,3.909130313893482,1.6252571243443261,-1.9562580421506397,0.6138638276518618,6.6501323955682885,-5.111175897205339,0.0,-1.3751240473305884,1.9871148413169426,0.0,0.42445334203188495,2.2722044020798027,0.0,3.050194100205756,-0.5697837212590705,8.197566371129646,62.80997228630554,71.00753865743519
10.670000000000233,7.23,3.905231082710364,1.6264746964270143,-1.9429808348291016,0.603741585821385,6.627050768238808,-5.011183439318279,0.0,-1.3742746871245473,1.9916450495929938,0.0,0.42490815061697634,2.258002635392854,0.0,3.0240058099478246,-0.5690536831177643,8.09606387057054,62.91139136044018,71.00745523101071
10.672000000000233,7.23,3.901358359682002,1.627672223542199,-1.9297499355339396,0.5938186260022118,6.6038247218870625,-4.91189342271085,0.0,-1.3734244107978602,1.9961468477224682,0.0,0.4253694259222477,2.2437942409163583,0.0,2.9975550344190784,-0.5682643447914605,7.9952875570700925,63.0120855196451,71.0073730767152
10.674000000000234,7.23,3.89751205190494,1.628850102850836,-1.9165656309346475,0.5840935460253149,6.58045645727831,-4.8133031532608115,0.0,-1.37257320562595,2.0006202223625245,0.0,0.4258369592224239,2.2295791318362146,0.0,2.970852009658347,-0.5674158714657687,7.8952358702467915,63.1120563050041,71.0072921752509
10.676000000000235,7.23,3.8936920659069134,1.6300087287148546,-1.9034282031077152,0.5745649489957156,6.55694836545679,-4.715410050029957,0.0,-1.3717210593010771,2.005065159998944,0.0,0.42631054242293254,2.2153572236001087,0.0,2.943906864115238,-0.5665084252390093,7.795907255895741,63.21130525174284,71.00721250763858
10.678000000000235,7.23,3.8898983076564084,1.6311484927074833,-1.8903379291631994,0.5652314430721079,6.533303020638564,-4.61821163931507,0.0,-1.3708679599309614,2.0094816469507344,0.0,0.42678996818036685,2.201128433993839,0.0,2.9167296190903547,-0.5655421655989522,7.6973001662170315,63.30983388899426,71.0071340552113
10.680000000000236,7.23,3.88613068257296,1.6322697836231472,-1.8772950808853799,0.5560916412581222,6.509523173234272,-4.521705548956863,0.0,-1.3700138960371575,2.0138696693748743,0.0,0.42727503002083167,2.1868926832124655,0.0,2.8893301891784406,-0.564517249885267,7.59941306003716,63.40764373957103,71.0070567996082
10.682000000000237,7.23,3.882389095538148,1.6333729874869578,-1.8642999243872382,0.5471441612047195,6.485611743001586,-4.425889502898004,0.0,-1.369158856553203,2.018229213271196,0.0,0.4277655224561391,2.172649893926458,0.0,2.8617183827150847,-0.5634338337375454,7.502244403023643,63.50473631974481,71.00698072276845
10.684000000000237,7.23,3.878673450907276,1.6344584875638193,-1.851352719778505,0.5383876250232302,6.461571812326668,-4.330761315980742,0.0,-1.3683028308225285,2.0225602644874088,0.0,0.42826124109783276,2.158399991342927,0.0,2.833903902227436,-0.562292071528779,7.405792667892759,63.601113139032876,71.00690580692563
10.686000000000238,7.23,3.8749836525216983,1.6355266643671704,-1.8384537208470126,0.5298206591085622,6.437406619634575,-4.236318888976102,0.0,-1.3674458085961494,2.026862808724214,0.0,0.4287619827689406,2.144142903262112,0.0,2.8058963448894647,-0.5610921167840934,7.310056334610557,63.69677569999108,71.00683203460164
10.688000000000239,7.23,3.87131960372177,1.6365778956673838,-1.8256031747531019,0.5214418939721288,6.413119552927847,-4.1425602038356395,0.0,-1.3665877800301311,2.03113683154056,0.0,0.42926754561350533,2.1298785601292294,0.0,2.7777052029821747,-0.5598341225847518,7.215033890587108,63.79172549801423,71.00675938860134
10.69000000000024,7.23,3.8676812073603997,1.6376125564998387,-1.81280132173682,0.5132499640840557,6.388714143453132,-4.049483319158091,0.0,-1.3657287356828416,2.035382318358969,0.0,0.4297777292037759,2.115606895081821,0.0,2.7493398643591718,-0.5585182419572344,7.120723830864,63.88596402114292,71.00668785200692
10.69200000000024,7.23,3.864068365817169,1.638631019172689,-1.8000483948376609,0.5052435077242473,6.364194059495193,-3.9570863658626934,0.0,-1.3648686665119854,2.0395992544709696,0.0,0.4302923346450822,2.101327843992729,0.0,2.720809612917947,-0.557144628247403,7.027124658295261,63.9794927498772,71.00661740817246
10.69400000000024,7.23,3.860480981013007,1.6396336532743399,-1.7873446196265887,0.4974211668419057,6.339563100297921,-3.865367543061756,0.0,-1.36400756387144,2.043787625042606,0.0,0.43081116467834946,2.087041345508831,0.0,2.692123629077208,-0.5557134354796851,6.934234883721672,64.07231315699708,71.00654804071876
10.696000000000241,7.23,3.856918954425383,1.6406208256806536,-1.7746902139500929,0.48978158692311113,6.314825190111839,-3.774325114124975,0.0,-1.3631454195078794,2.047947415120021,0.0,0.431334023780215,2.0727473410856625,0.0,2.6632909902605446,-0.5542248187012379,6.842053026138491,64.16442670738951,71.006479733528
10.698000000000242,7.23,3.8533821871040015,1.6415929005618968,-1.762085387686023,0.4823234168660889,6.289984372367517,-3.683957402928318,0.0,-1.3622822255572085,2.052078609635107,0.0,0.4318607182607463,2.058445775018045,0.0,2.634320671386671,-0.5526789343111095,6.750577612856783,64.25583485788198,71.00641247073877
10.700000000000243,7.23,3.849870579686976,1.6425502393894462,-1.7495303425109499,0.4750453088637991,6.265044803974439,-3.5942627902806237,0.0,-1.3614179745407973,2.056181193411209,0.0,0.43239105635871444,2.044136594466866,0.0,2.6052215453665024,-0.5510759403743769,6.65980717965827,64.34653905708274,71.00634623674101
10.702000000000243,7.23,3.8463840324174527,1.6434932009422667,-1.7370252716788057,0.4679459182935011,6.240010749744592,-3.505239710521059,0.0,-1.3605526593615318,2.0602551511688802,0.0,0.4329248483344261,2.0298197494821153,0.0,2.57600238360723,-0.54941599692131,6.569740270943892,64.43654074522728,71.00628101617117
10.704000000000244,7.23,3.8429224451606694,1.644422141313175,-1.7245703598105517,0.46102390361295803,6.214886576940245,-3.4168866482809923,0.0,-1.3596862732996806,2.064300467531683,0.0,0.43346190656008726,2.0154951930223217,0.0,2.5466718565235884,-0.5476992662315945,6.480375439876059,64.52584135403126,71.00621679390731
10.706000000000245,7.23,3.8394857174214216,1.6453374139149017,-1.7121657826946266,0.4542779262629583,6.189676749945171,-3.3292021354039205,0.0,-1.3588188100085816,2.0683171270320195,0.0,0.4340020456076883,2.0011628809705,0.0,2.517238534056432,-0.5459259131036694,6.39171124851476,64.61444230654978,71.00615355506454
10.708000000000245,7.23,3.836073748361919,1.646239369485966,-1.6998117070979304,0.4477066505758441,6.1643858250586545,-3.2421847480173493,0.0,-1.3579502635101575,2.072305114116997,0.0,0.43454508233440176,1.98682277214674,0.0,2.4877108861987525,-0.5440961051092603,6.303746267947486,64.70234501704277,71.00609128499026
10.710000000000246,7.23,3.8326864368200084,1.647128356096371,-1.6875082905870973,0.44130874368974926,6.139018445411471,-3.1558331037506533,0.0,-1.3570806281902605,2.076264413154308,0.0,0.43509083596548037,1.9724748283175557,0.0,2.4580972835292214,-0.5422100128331896,6.216479078413191,64.78955089084656,71.00602996925974
10.712000000000247,7.23,3.8293236813277463,1.6480047191531342,-1.675255681359816,0.43508287546826047,6.113579336003104,-3.0701458590932464,0.0,-1.3562098987938591,2.0801950084381335,0.0,0.4356391281746522,1.9581190142021203,0.0,2.428405997753316,-0.5402678100985704,6.129908269420248,64.87606132425131,71.00596959367155
10.714000000000247,7.23,3.825985380130294,1.6488688014056632,-1.6630540180859548,0.4290277184252262,6.088073298859265,-2.9851217068873446,0.0,-1.355338070420058,2.0840968841950476,0.0,0.43618978316201185,1.9437552974754935,0.0,2.398645202252077,-0.5382696741775053,6.044032439858546,64.96187770438476,71.0059101442433
10.716000000000248,7.23,3.822671431205128,1.649720942950984,-1.6509034297582514,0.4231419476544501,6.0625052083089255,-2.900759373950064,0.0,-1.3544651385169728,2.0879700245899366,0.0,0.4367426277294092,1.929383648768978,0.0,2.3688229726385215,-0.5362157859874224,5.958850198105833,65.04700140910154,71.00585160720738
10.718000000000249,7.23,3.8193817322815327,1.6505614812388358,-1.6388040355523312,0.41742424076401535,6.036880006379871,-2.817057618819588,0.0,-1.353591098876453,2.0918144137319015,0.0,0.43729749135331614,1.9150040416677072,0.0,2.3389472873217083,-0.5341063302731696,5.874360162128323,65.13143380687819,71.00579396900652
10.72000000000025,7.23,3.8161161808603685,1.6513907510766364,-1.6267559446958155,0.4118732778149966,6.011202698311837,-2.7340152296202755,0.0,-1.3527159476286603,2.095630035680168,0.0,0.437854206255214,1.9006164527055809,0.0,2.3090260280784243,-0.5319414957750667,5.790560959575732,65.21517625671423,71.00573721628996
10.72200000000025,7.23,3.812874674234091,1.6522090846343305,-1.6147592563462876,0.4064877412643271,5.985478348186191,-2.6516310220419226,0.0,-1.3518396812365103,2.0994168744499717,0.0,0.43841260746946326,1.8862208613576725,0.0,2.2790669806324915,-0.529721475383036,5.70745122787079,65.29823010803841,71.0056813359092
10.72400000000025,7.23,3.8096571095070058,1.6530168114491284,-1.6028140594778837,0.401266315911597,5.959712074671087,-2.569903837428294,0.0,-1.3509622964899846,2.1031749140184353,0.0,0.4389725329087017,1.87181725003021,0.0,2.249077835241591,-0.5274464662770294,5.625029614293359,65.38059670062077,71.00562631491412
10.726000000000251,7.23,3.806463383615742,1.6538142584301403,-1.5909204327762783,0.39620768884956936,5.933909046881061,-2.4888325409704635,0.0,-1.3500837905003056,2.1069041383304166,0.0,0.4395338234267523,1.8574056040482387,0.0,2.219066187291569,-0.5251166700539135,5.543294776059188,65.46227736448982,71.005572140549
10.728000000000252,7.23,3.8032933933499273,1.6546017498629169,-1.5790784445418373,0.3913105494182078,5.908074480349871,-2.4084160200004856,0.0,-1.3492041606939968,2.1106045313043276,0.0,0.4400963228790604,1.8429859116410878,0.0,2.189039537898123,-0.5227322928410191,5.46224538039347,65.54327341985514,71.00551880024861
10.730000000000253,7.23,3.8001470353730484,1.6553796074138998,-1.567288152600714,0.3865735891620209,5.8822136331153825,-2.3286531823809753,0.0,-1.3483234048068216,2.114276076837938,0.0,0.44065987818070096,1.8285581639257344,0.0,2.159005294515772,-0.5202935453965949,5.381880104599311,65.62358617703536,71.00546628163468
10.732000000000253,7.23,3.7970242062434822,1.6561481501347912,-1.5555496042236627,0.38199550179053426,5.856331801915383,-2.2495429549866603,0.0,-1.3474415208776034,2.1179187588141177,0.0,0.44122433936190886,1.814122354888172,0.0,2.1289707715539814,-0.5178006431973126,5.302197636121068,65.70321693639075,71.00541457251181
10.734000000000254,7.23,3.793924802435682,1.6569076944668468,-1.5438628360523519,0.3775749831417115,5.8304343184929275,-2.171084282273657,0.0,-1.346558507241947,2.121532561106569,0.0,0.4417895596212311,1.7996784813628965,0.0,2.0989431910003433,-0.5152538065131421,5.223196672602867,65.78216698826142,71.00536366086429
10.736000000000255,7.23,3.790848720361502,1.657658554245098,-1.532227874032958,0.37331073114815166,5.8045265460100754,-2.0932761249327876,0.0,-1.34567436252585,2.12511746758549,0.0,0.4423553953762387,1.7852265430106016,0.0,2.068929683050643,-0.5126532604697377,5.144875921942242,65.86043761290986,71.0053135348521
10.738000000000255,7.23,3.7877958563916505,1.6584010407025098,-1.5206447333568247,0.36920144580589936,5.778613875568572,-2.0161174586229955,0.0,-1.3447890856392135,2.128673462123209,0.0,0.44292170631188166,1.770766542294178,0.0,2.0389372867456643,-0.5099992350986476,5.067234102339036,65.93803008046861,71.00526418280765
10.740000000000256,7.23,3.7847661068772513,1.6591354624740788,-1.5091134184079738,0.3652458291457111,5.752701722836204,-1.9396072727813913,0.0,-1.3439026757692618,2.132200528599763,0.0,0.44348835542647286,1.7562984844531322,0.0,2.008972950614592,-0.5072919653755528,4.9902699423396815,66.0149456508925,71.00521559323218
10.742000000000257,7.23,3.781759368171507,1.6598621256008756,-1.4976339227172606,0.3614425852066276,5.726795524777364,-1.863744569506288,0.0,-1.3430151323738726,2.135698650908424,0.0,0.4440552090753404,1.7418223774765005,0.0,1.9790435333248153,-0.504531691246806,4.913982180876987,66.09118557391552,71.00516775479251
10.744000000000257,7.23,3.7787755366514446,1.660581333534037,-1.486206228922964,0.3577904200117101,5.700900736486478,-1.788528362509978,0.0,-1.3421264551748224,2.1391678129611678,0.0,0.4446221370121626,1.72733823207437,0.0,1.9491558043379695,-0.5017186576445185,4.838369567305463,66.16675108901208,71.00512065631754
10.746000000000258,7.23,3.7758145087397352,1.6612933871387103,-1.474830308737609,0.3542880415458039,5.67502282812282,-1.713957676137856,0.0,-1.3412366441509458,2.142607998694088,0.0,0.44518901242802256,1.7128460616480725,0.0,1.919316444571998,-0.49885311449046693,4.763430861432319,66.24164342536278,71.0050742867951
10.748000000000259,7.23,3.772876180926574,1.6619985846979584,-1.4635061229208173,0.3509341597352002,5.649167281945186,-1.6400315444508182,0.0,-1.3403456995312295,2.146019192072749,0.0,0.44575571198820585,1.6983458822591788,0.0,1.8895320470690875,-0.4959353166890873,4.689164833544293,66.31586380182443,71.00502863536873
10.75000000000026,7.23,3.7699604497916077,1.6626972219166218,-1.452233621257993,0.34772748642907203,5.623339589445079,-1.5667490103679222,0.0,-1.3394536217878237,2.1494013770974716,0.0,0.4463221158667584,1.6838377125973356,0.0,1.8598091176692086,-0.49296552410981065,4.6155702644302785,66.38941342690404,71.00498369133432
10.75200000000026,7.23,3.767067212025901,1.6633895919251485,-1.4410127425446424,0.3446667353825674,5.597545248576673,-1.4941091248662621,0.0,-1.3385604116289953,2.1527545378085575,0.0,0.44688810777885885,1.6693215739470717,0.0,1.8301540756891082,-0.4899440015590452,4.542645945400018,66.46229349873728,71.0049394441373
10.75400000000026,7.23,3.7641963644539245,1.6640759852833893,-1.429843414576139,0.34175062224144775,5.57178976108222,-1.4221109462353905,0.0,-1.3376660699920135,2.1560786582914453,0.0,0.44745357501101046,1.6547974901536286,0.0,1.8005732546065005,-0.48687101874205263,4.470390678298815,66.53450520507054,71.00489588336936
10.756000000000261,7.23,3.761347804055565,1.664756689984366,-1.418725554142744,0.33897786452816503,5.5460786299112135,-1.350753539383453,0.0,-1.336770598035979,2.159373722681799,0.0,0.44801840844910423,1.6402654875879072,0.0,1.771072902749249,-0.48374685021501973,4.39880327551846,66.60604972324712,71.00485299876559
10.758000000000262,7.23,3.7585214279881325,1.6654319914580111,-1.4076590670296953,0.3363471816292774,5.52041735673177,-1.2800359751925203,0.0,-1.3358739971345999,2.1626397151705152,0.0,0.44858250260436217,1.6257255951106149,0.0,1.741659183989315,-0.48057177532758216,4.3278825600044355,66.6769282201969,71.00481078020134
10.760000000000263,7.23,3.7557171336083686,1.6661021725748848,-1.3966438480221837,0.333857294784107,5.494811439532626,-1.2099573299204573,0.0,-1.3349762688689142,2.165876620008679,0.0,0.449145755637233,1.6111778440356719,0.0,1.7123381784412295,-0.47734607815612523,4.257627365259485,66.74714185243009,71.00476921768957
10.762000000000263,7.23,3.752934818494437,1.66676751364987,-1.3856797809150345,0.3315069270745491,5.469266370314181,-1.1405166846471468,0.0,-1.334077415019973,2.1690844215124225,0.0,0.44970806937922575,1.5966222680929796,0.0,1.683115883164876,-0.47407004742809217,4.188036535343696,66.81669176603414,71.00472830137784
10.764000000000264,7.23,3.75017438046789,1.6674282924458486,-1.374766738526921,0.3292948034159472,5.443787632866882,-1.0717131247624527,0.0,-1.3331774375614742,2.1722631040677243,0.0,0.4502693493527571,1.5820589033905925,0.0,1.653998212872324,-0.47074397643763033,4.119108924871131,66.88557909667442,71.00468802154555
10.766000000000265,7.23,3.747435717615604,1.6680847841773592,-1.363904582718934,0.32721965054895147,5.418380700635435,-1.003545739493986,0.0,-1.3322763386523668,2.175412652135126,0.0,0.45082950478902456,1.567487788376392,0.0,1.6249910006384902,-0.4673681629528321,4.050843399003153,66.95380496959807,71.00464836860122
10.768000000000265,7.23,3.744718728311673,1.6687372615142417,-1.3530931644173385,0.3252801970322843,5.393051034667093,-0.9360136214722767,0.0,-1.3313741206294119,2.1785330502543734,0.0,0.45138844864395045,1.5529089637993057,0.0,1.5960999986153737,-0.4639429091148679,3.983238833438512,67.02137049964125,71.00460933307976
10.770000000000266,7.23,3.7420233112392496,1.6693859945852656,-1.3423323236403522,0.32347517323633923,5.367804081642471,-0.8691158663315295,0.0,-1.3304707859997238,2.181624283048978,0.0,0.4519460976122309,1.5383224726701659,0.0,1.5673308787496394,-0.4604685213292899,3.9162941144003107,67.08827679123952,71.00457090563984
10.772000000000267,7.23,3.7393493654123335,1.670031250981748,-1.3316218895287797,0.3218033113375452,5.34264527198713,-0.8028515723437444,0.0,-1.3295663374332767,2.1846863352307047,0.0,0.4525023721395308,1.523728360222244,0.0,1.5386892335032845,-0.45694531014979556,3.850008138619937,67.15452493844131,71.00453307706125
10.774000000000267,7.23,3.7366967901974926,1.6706732957611612,-1.3209616803803452,0.32026334531342987,5.317580018062414,-0.73721984008459,0.0,-1.3286607777553932,2.1877191916039753,0.0,0.45305719643285436,1.5091266738715448,0.0,1.5101805765771565,-0.453373590154723,3.78437981331803,67.22011602492447,71.00449583824249
10.776000000000268,7.23,3.73406548533551,1.6713123914507295,-1.3103515036875655,0.3188540109383217,5.292613712433769,-0.6722197721290462,0.0,-1.3277541099392143,2.1907228370701914,0.0,0.45361049846913226,1.49451746317691,0.0,1.481810343637076,-0.44975367981656317,3.719408056182626,67.28505112401541,71.00445918019804
10.778000000000269,7.23,3.731455350962956,1.67194879805102,-1.2997911561790099,0.31757404577963216,5.267751726214893,-0.6078504727750573,0.0,-1.3268463370981491,2.193697256631985,0.0,0.4541622100020735,1.479900779799991,0.0,1.4535838930423144,-0.4460859013647769,3.655091795344526,67.34933129871158,71.00442309405611
10.78000000000027,7.23,3.72886628763367,1.6725827730395246,-1.2892804238637972,0.3164221891946637,5.242999407486165,-0.5441110477937539,0.0,-1.3259374624783178,2.19664243539738,0.0,0.45471226656730274,1.46527667746515,0.0,1.4255065065761852,-0.4423705806421746,3.591429969349987,67.41295760170607,71.00438757105606
10.78200000000027,7.23,3.7262981963401534,1.6732145713742377,-1.278819082079184,0.31539718232789243,5.2183620797855825,-0.4810006042044854,0.0,-1.325027489450985,2.1995583585838787,0.0,0.45526060748583025,1.4506452119193434,0.0,1.3975833901785057,-0.43860804695514294,3.5284215271308716,67.47593107541522,71.00435260254609
10.78400000000027,7.23,3.7237509785348637,1.6738444454972277,-1.2684068955410988,0.31449776810867713,5.193845040670595,-0.4185182500731761,0.0,-1.324116421504985,2.2024450115224683,0.0,0.4558071758659026,1.4360064408920366,0.0,1.3698196746796816,-0.4347986329179964,3.466065427972257,67.53825275200876,71.00431817998101
10.786000000000271,7.23,3.7212245361514027,1.674472645338205,-1.2580436183974832,0.31372269124934926,5.169453560349242,-0.35666309433272314,0.0,-1.3232042622391478,2.2053023796615436,0.0,0.4563519186032513,1.4213604240552038,0.0,1.3422204165361764,-0.4309426742917035,3.404360641477673,67.59992365344213,71.0042842949198
10.788000000000272,7.23,3.718718771625599,1.6750994183180865,-1.247728994284304,0.31307069824364137,5.145192880378859,-0.2954342466238655,0.0,-1.3222910153547245,2.2081304485707536,0.0,0.45689478637979786,1.4067072229834632,0.0,1.314790598567127,-0.4270405098172699,3.3433061475320014,67.66094479149146,71.00425093902346
10.790000000000273,7.23,3.7162335879164714,1.6757250093525564,-1.2374627563840994,0.3125405373654143,5.121068212430814,-0.2348308171554132,0.0,-1.3213766846478183,2.2109292039447657,0.0,0.4574357336608427,1.3920469011143877,0.0,1.2875351306918617,-0.4230924810440307,3.2829009362621564,67.72131716779064,71.0042181040528
10.792000000000273,7.23,3.713768888527077,1.6763496608556265,-1.2272446274869335,0.3121309586676458,5.097084737119609,-0.1748519165825071,0.0,-1.320461274001822,2.2136986316069533,0.0,0.4579747186907822,1.3773795237090485,0.0,1.2604588506680952,-0.4190989321531144,3.2231440079955913,67.78104177387064,71.00418578186623
10.794000000000274,7.23,3.7113245775252333,1.6769736127431925,-1.2170743200536278,0.31184071398164526,5.07324760289469,-0.11549665590170566,0.0,-1.3195447873798631,2.216438717513006,0.0,0.4585117034873914,1.3627051578128158,0.0,1.2335665248305516,-0.4150602097763326,3.1640343732167446,67.8401195912011,71.00415396441785
10.796000000000275,7.23,3.7089005595641096,1.6775971024365908,-1.206951536281149,0.31166855691646267,5.04956192499351,-0.05676414636198768,0.0,-1.3186272288172676,2.219149447754451,0.0,0.45904665383469934,1.3480238722164801,0.0,1.2068628488298019,-0.4109766628107346,3.1055710525215012,67.8985515912335,71.004122643755
10.798000000000275,7.23,3.7064967399026907,1.6782203648661531,-1.1968759681700294,0.31161324285846037,5.026032784454052,0.0013465006096797794,0.0,-1.3177086024140316,2.2218308085621166,0.0,0.4595795392745245,1.333335737417714,0.0,1.1803524483710746,-0.406848642229102,3.047753076569718,67.95633873544698,71.0040918120167
10.800000000000276,7.23,3.704113024426098,1.6788436324747613,-1.1868472975937054,0.31167352897101996,5.002665227185445,0.05883617346886094,0.0,-1.3167889123273184,2.2244827863094967,0.0,0.4601103330966686,1.3186408255829294,0.0,1.1540398799528273,-0.4026765008865874,2.9905794860359234,68.01348197539531,71.00406146143123
10.802000000000277,7.23,3.701749319665775,1.6794671352214003,-1.176865196369657,0.3118481741943572,4.979464263094927,0.11570576060150817,0.0,-1.3158681627639737,2.22710536751606,0.0,0.4606390123278452,1.3039392105095522,0.0,1.1279296316048442,-0.398460593323771,2.934049331558274,68.06998225275623,71.0040315843145
10.804000000000277,7.23,3.699405532819525,1.6800911005847128,-1.1669293263322391,0.3121359392454204,4.956434865269769,0.17195615035975642,0.0,-1.31494635797306,2.229698538850466,0.0,0.4611655577193465,1.2892309675887577,0.0,1.1020261236256526,-0.3942012755663389,2.878161673685777,68.12584049938216,71.00400217306795
10.806000000000278,7.23,3.697081571771404,1.6807157535665516,-1.1570393394070948,0.3125355866178495,4.933581969212492,0.22758823108673187,0.0,-1.314023502238425,2.2322622871337234,0.0,0.46168995373351884,1.2745161737686952,0.0,1.0763337093190388,-0.38989890492164064,2.8229155828239496,68.18105763735281,71.00397322017676
10.808000000000279,7.23,3.6947773451114614,1.6813413166955335,-1.147194877687046,0.3130458805819742,4.910910472127989,0.2826028911309004,0.0,-1.3130995998712929,2.234796599342263,0.0,0.46221218852905177,1.259794907518243,0.0,1.050856675729459,-0.38555383977232316,2.768310139178899,68.23563457902911,71.003944718208
10.81000000000028,7.23,3.6924927621553314,1.6819680100305932,-1.1373955735093595,0.3136655871848306,4.888425232260944,0.3370010188509305,0.0,-1.3121746552028846,2.2373014626109446,0.0,0.46273225394514006,1.2450672487913022,0.0,1.0255992443761226,-0.3811664393672798,2.7143444326999315,68.28957222710896,71.0039166598089
10.81200000000028,7.23,3.6902277329636624,1.6825960511645355,-1.1276410495342897,0.3143934742501794,4.8661310682821455,0.39078350261154604,0.0,-1.311248672577078,2.2397768642359908,0.0,0.4632501454845441,1.2303332789916868,0.0,1.0005655719855715,-0.37673706361012277,2.6610175630207813,68.34287147468416,71.00388903770494
10.81400000000028,7.23,3.687982168361393,1.68322565522759,-1.1179309188247997,0.3152283113785065,4.8440327587222045,0.4439512307711295,0.0,-1.3103216563430964,2.242222791677854,0.0,0.46376586229558925,1.2155930809386115,0.0,0.9757597512225301,-0.3722660728453909,2.608328639399466,68.39553320529888,71.00386184469833
10.816000000000281,7.23,3.685755979956867,1.6838570348909634,-1.10826478492737,0.3161688699469917,4.822135041451236,0.49650509166163026,0.0,-1.3093936108482336,2.2446392325640137,0.0,0.4642794071531363,1.2008467388328148,0.0,0.951185811418848,-0.36775382764269693,2.556276780656886,68.44755829300934,71.00383507366622
10.818000000000282,7.23,3.683549080160782,1.684490400370394,-1.098642241953802,0.3172139231094298,4.800442613203111,0.5484459735612326,0.0,-1.3084645404306265,2.2470261746917006,0.0,0.46479078643855304,1.1860943382233458,0.0,0.9268477193003418,-0.36320068857901067,2.50486111511421,68.49894760244477,71.00380871755898
10.820000000000283,7.23,3.6813613822049795,1.685125959429704,-1.0890628746639308,0.31836224579608985,4.7789601291427966,0.5997747646605252,0.0,-1.3075344494120582,2.249383606030571,0.0,0.46530001011874095,1.1713359659750218,0.0,0.9027493797113453,-0.3586070160192908,2.454080780529118,68.54970198886977,71.0037827693989
10.822000000000283,7.23,3.6791928001610628,1.685763917384352,-1.07952625854916,0.3196126147135012,4.757692202475544,0.6504923530223126,0.0,-1.3066033420908105,2.251711514725295,0.0,0.4658070917242183,1.1565717102365953,0.0,0.8788946363367921,-0.3539731698956282,2.4039349240309402,68.59982229824726,71.0037572222782
10.824000000000284,7.23,3.6770432489588507,1.6864044771049862,-1.070031959916739,0.32096380834415283,4.736643404096422,0.7005996265357766,0.0,-1.3056712227345593,2.2540098890981,0.0,0.4663120483263255,1.1418016604096382,0.0,0.8552872724216514,-0.3492995094851148,2.354422702054784,68.64930936730306,71.00373206935785
10.826000000000285,7.23,3.6749126444046607,1.6870478390209953,-1.0605795359747001,0.3224146069460957,4.715818262278932,0.7500974728652459,0.0,-1.3047380955733157,2.256278717651243,0.0,0.4668149005135659,1.1270259071181687,0.0,0.8319310114875433,-0.3445863931866017,2.3055432802746854,68.69816402359115,71.00370730386584
10.828000000000285,7.23,3.6728009031994233,1.6876942011240592,-1.0511685349173825,0.3239637925524377,4.695221262401366,0.7989867793939407,0.0,-1.3038039647924171,2.258517989069431,0.0,0.46731567236712235,1.112244542179037,0.0,0.8088295180463686,-0.33983417829653095,2.257295833535848,68.74638708556013,71.00368291909598
10.830000000000286,7.23,3.670707942956621,1.6883437589716985,-1.0417984960114648,0.32561014897072105,4.674856846709671,0.8472684331629665,0.0,-1.3028688345255666,2.260727692222167,0.0,0.4678143914355674,1.0974576585730826,0.0,0.7859863983107823,-0.3350432207839992,2.209679545786017,68.7939793626201,71.00365890840612
10.832000000000287,7.23,3.6686336822200594,1.6889967056908228,-1.0324689496824382,0.32735246178217375,4.654729414115392,0.8949433208060347,0.0,-1.3019327088479242,2.2629078161660625,0.0,0.46831108870883004,1.0826653504170847,0.0,0.7634052009013604,-0.33021387506524713,2.162693610006066,68.84094165521105,71.00363526521713
10.834000000000287,7.23,3.6665780404814616,1.6896532319812771,-1.0231794176014486,0.3291895183408256,4.634843320027659,0.9420123284798736,0.0,-1.3009955917692495,2.265058350147072,0.0,0.46880579859140387,1.0678677129365122,0.0,0.7410894175502956,-0.32534649377769903,2.116337228139802,68.88727475487141,71.00361198301121
10.836000000000288,7.23,3.6645409381978906,1.6903135261193865,-1.013929412772442,0.3311201077724816,4.615202876217778,0.9884763417908129,0.0,-1.3000574872271022,2.267179283602689,0.0,0.4692985588748705,1.0530648424390985,0.0,0.7190424838014826,-0.320441427553744,2.0706096110231074,68.93297944430773,71.00358905533083
10.838000000000289,7.23,3.6625222968089957,1.6909777739614984,-1.0047184396195497,0.33314302097354453,4.595812350715369,1.0343362457176015,0.0,-1.2991183990800943,2.269270606164082,0.0,0.46978941070973657,1.0382568362892355,0.0,0.6972677797068326,-0.31549902479438696,2.0255099783123978,68.97805649746489,71.00356647577729
10.84000000000029,7.23,3.6605220387540847,1.6916461589475225,-0.995545994074649,0.3352570506096797,4.576675967734785,1.0795929245306644,0.0,-1.2981783311012012,2.2713323076581853,0.0,0.47027839857662856,1.023443792883215,0.0,0.6757686305186874,-0.31051963144292943,1.9810375584124955,69.02250667959694,71.00354423800944
10.84200000000029,7.23,3.658540087489021,1.6923188621044678,-0.9864115636650445,0.3374609911143146,4.557797907630657,1.124247261707958,0.0,-1.2972372869711324,2.2733643781097377,0.0,0.47076557025687005,1.0086258116253168,0.0,0.6545483073781889,-0.3055035907588187,1.9371915884039481,69.06633074733872,71.00352233574267
10.84400000000029,7.23,3.656576367502944,1.6929960620499767,-0.9773146276012069,0.3397536386869671,4.53918230688149,1.1683001398474717,0.0,-1.296295270271757,2.2753668077432745,0.0,0.47125097680246264,0.993802992904756,0.0,0.6336100279994723,-0.30045124309180177,1.8939713139698169,69.10952944877758,71.0035007627474
10.846000000000291,7.23,3.654630804334817,1.693677934995855,-0.9682546568645207,0.34213379129139554,4.5208332581000485,1.211752440576615,0.0,-1.2953522844795957,2.277339586985078,0.0,0.4717346725055089,0.9789754380734976,0.0,0.6129569573495519,-0.2953629256565225,1.851375989322039,69.15210352352618,71.00347951284822
10.848000000000292,7.23,3.652703324589796,1.694364654751599,-0.9592311142949825,0.3446002486535638,4.502754810069632,1.2546050444583292,0.0,-1.29440833295937,2.2792827064650765,0.0,0.4722167148670885,0.9641432494249464,0.0,0.5925922083237795,-0.29023897230768503,1.8094048771273203,69.19405370279522,71.00345857992254
10.850000000000293,7.23,3.650793855955426,1.6950563927279165,-0.9502434546788036,0.3471518122594166,4.484950967804951,1.2968588308942461,0.0,-1.2934634189576166,2.281196157018711,0.0,0.4726971645656288,0.9493065301735159,0.0,0.572518842416746,-0.285079713315915,1.768057248432693,69.23538070946691,71.0034379578996
10.852000000000293,7.23,3.6489023272176593,1.6957533179402462,-0.9412911248358661,0.34978728535245684,4.467425692636717,1.338514678024695,0.0,-1.2925175455963636,2.283079929688755,0.0,0.4731760854247807,0.934465384435084,0.0,0.5527398703885159,-0.27988547514443285,1.7273323825907034,69.27608525816868,71.00341764075938
10.854000000000294,7.23,3.647028668276703,1.6964555970122683,-0.9323735637069878,0.35250547293112094,4.450182902318803,1.379573462625685,0.0,-1.2915707158668748,2.2849340157271003,0.0,0.47365354438083335,0.9196199172083414,0.0,0.533258252926079,-0.27465658022666106,1.6872295671843252,69.31616805534722,71.00339762253155
10.856000000000295,7.23,3.6451728101626886,1.697163394179413,-0.92349020244095,0.3553051817459444,4.43322647115703,1.420036060002837,0.0,-1.2906229326234544,2.286758406596503,0.0,0.47412961144968496,0.9047702343570309,0.0,0.5140769012999058,-0.2693933467448716,1.6477480979515904,69.35562979934289,71.00337789729448
10.858000000000295,7.23,3.64333468505117,1.697876871292361,-0.9146404644812484,0.35818522029651234,4.416560230158545,1.4599033438821976,0.0,-1.289674198577324,2.2885530939722996,0.0,0.47460435969339804,0.88991644259309,0.0,0.4951986780155087,-0.2640960884099891,1.6088872787100232,69.39447118046425,71.00335845917428
10.860000000000296,7.23,3.641514226278447,1.6985961878205385,-0.9058237656525235,0.36114439882818883,4.400187967200846,1.4991761862979254,0.0,-1.2887245162905618,2.2903180697440826,0.0,0.47507786518635076,0.87505864946069,0.0,0.4766263974598965,-0.2587651142426434,1.5706464212808655,69.43269288106286,71.00333930234373
10.862000000000297,7.23,3.639711368356718,1.699321500855605,-0.8970395142466363,0.36418152932861775,4.384113427219467,1.5378554574767844,0.0,-1.2877738881701148,2.292053326017354,0.0,0.4755502069810218,0.8601969633211808,0.0,0.45836282654283206,-0.25340072835558536,1.5330248454131734,69.47029557560839,71.00332042102156
10.864000000000297,7.23,3.6379260469890586,1.700052965114935,-0.8882871111083489,0.3672954255239902,4.368340312413444,1.5759420257193781,0.0,-1.2868223164618737,2.2937588551151427,0.0,0.4760214670734121,0.845331493338936,0.0,0.4404106853327889,-0.2480032297375484,1.496021878707783,69.50727993076357,71.00330180947135
10.866000000000298,7.23,3.63615819908423,1.7007907329450904,-0.8795659497205783,0.37048490287507024,4.3528722824675725,1.613436757278011,0.0,-1.285869803244823,2.2954346495795983,0.0,0.47649173036813786,0.8304623494681063,0.0,0.42277264768752215,-0.24257291203866083,1.4596368565412023,69.54364660545963,71.00328346200084
10.868000000000299,7.23,3.63440776277132,1.7015349543252856,-0.870875416289189,0.3737487785729736,4.337712954790633,1.650340516231112,0.0,-1.2849163504252588,2.2970807021735604,0.0,0.4769610846432042,0.8155896424402749,0.0,0.40545134187915727,-0.23711006335748908,1.4238691219894632,69.57939625097151,71.00326537296098
10.8700000000003,7.23,3.6326746774142107,1.702285776870844,-0.8622148898272942,0.3770858715346912,4.322865904768693,1.6866541643540502,0.0,-1.2839619597310772,2.2986970058820964,0.0,0.4774296205144797,0.8007134837530165,0.0,0.38844935121371316,-0.23161496602980147,1.3887180257519347,69.6145295109932,71.00324753674514
10.8720000000003,7.23,3.6309588836258815,1.703043345836645,-0.8535837422390362,0.3804950023983508,4.308334666032596,1.722378560986301,0.0,-1.2830066327061338,2.300283553914025,0.0,0.47789743139989616,0.7858339856593615,0.0,0.37176921464497636,-0.22608789641913643,1.3541829260751712,69.6490470217131,71.00322994778827
10.8740000000003,7.23,3.6292603232825424,1.703807804120561,-0.844981338402818,0.3839749935182094,4.2941227307387875,1.7575145628947846,0.0,-1.2820503707046762,2.301840339703422,0.0,0.47836461348338577,0.7709512611581557,0.0,0.3554134273826402,-0.22052912470925207,1.3202631886767973,69.68294941188952,71.00321260056631
10.876000000000301,7.23,3.6275789395376035,1.7045792922668852,-0.8364070362539605,0.3875246689593678,4.280233549862755,1.7920630241332112,0.0,-1.2810931748858483,2.3033673569110973,0.0,0.47883126567856826,0.7560654239853263,0.0,0.33938444149463776,-0.2149389146985319,1.286958186669464,69.71623730292586,71.00319548959533
10.878000000000302,7.23,3.625914676835479,1.7053579484697465,-0.8278601868667615,0.3911428544922006,4.266670533504143,1.8260247958973261,0.0,-1.280135046208267,2.304864599426062,0.0,0.47929748959221274,0.7411765886060363,0.0,0.32368466650358335,-0.20931752359642272,1.2542673004849063,69.74891130894585,71.00317860943076
10.880000000000303,7.23,3.624267480925228,1.7061439085765155,-0.819340134535933,0.3948283775864914,4.253437051202824,1.8594007263759034,0.0,-1.2791759854246738,2.3063320613669838,0.0,0.479763389487485,0.7262848702077385,0.0,0.308316469977256,-0.20366520182197329,1.222189917798139,69.78097203686875,71.00316195466688
10.882000000000303,7.23,3.6226372988740323,1.7069373060911963,-0.8108462168573957,0.39858006740526675,4.240536432265196,1.8921916605972346,0.0,-1.2782159930766566,2.3077697370836177,0.0,0.4802290722469897,0.7113903846941132,0.0,0.29328217811304574,-0.19798219280453794,1.1907254334517898,69.81242008648414,71.00314551993593
10.884000000000304,7.23,3.621024079080513,1.7077382721778072,-0.8023777648084122,0.40239675479831744,4.227971966099791,1.9243984402711054,0.0,-1.2772550694894504,2.309177621158241,0.0,0.4806946473356358,0.6964932486798956,0.0,0.2785840763162985,-0.19226873278671655,1.1598732493806383,69.84325605052706,71.0031292999077
10.886000000000305,7.23,3.61942777128789,1.708546935663747,-0.7939341028270396,0.40627727229539967,4.215746902561641,1.9560219036259174,0.0,-1.2762932147668096,2.310555708407068,0.0,0.4811602267633224,0.6815935794865817,0.0,0.26422440977248624,-0.18652505062958463,1.1296327745363421,69.87348051475246,71.0031132892888
10.888000000000305,7.23,3.61784832659698,1.7093634230431483,-0.7855145488908855,0.4102204540991053,4.203864452304544,1.9870628852408614,0.0,-1.2753304287859524,2.311903993881658,0.0,0.4816259250474637,0.6666914951390099,0.0,0.2502053840131369,-0.1807513676202765,1.100003424812401,69.90309405800963,71.00309748282203
10.890000000000306,7.23,3.6162856974790407,1.7101878584802153,-0.7771184145951521,0.4142251360773912,4.192327787140537,2.017522215872964,0.0,-1.2743667111925883,2.3132224728703212,0.0,0.4820918591753726,0.6517871143628174,0.0,0.2365291654754612,-0.17494789728198018,1.0709846229693891,69.93209725231651,71.0030818752859
10.892000000000307,7.23,3.614739837788456,1.711020363812547,-0.7687450052299547,0.4182901557557577,4.1811400404059205,2.04740072227877,0.0,-1.2734020613960129,2.3145111408995183,0.0,0.48255814856650053,0.6368805565827578,0.0,0.22319788205560656,-0.16911484518639422,1.0425757985604456,69.96049066293355,71.003066461494
10.894000000000307,7.23,3.613210702775272,1.7118610585544445,-0.7603936198569023,0.4224143523090646,4.170304307333061,2.076699227030563,0.0,-1.2724364785642808,2.3157699937352603,0.0,0.4830249150345567,0.6219719419218792,0.0,0.210213623655479,-0.16325240876870203,1.0147763878570855,69.9882748484375,71.00305123629458
10.896000000000308,7.23,3.6116982490975755,1.7127100599002003,-0.7520635513849294,0.42659656655297423,4.159823645427396,2.105418548326748,0.0,-1.2714699616194585,2.3169990273844974,0.0,0.48349228274950407,0.6070613912015588,0.0,0.19757844272307012,-0.15736077714511063,0.9875858337753252,70.01545036079457,71.0030361945699
10.898000000000309,7.23,3.6102024348337274,1.7135674827273721,-0.7437540866453687,0.43083564093500915,4.149701074848855,2.133559499796488,0.0,-1.2705025092329465,2.3181982380965263,0.0,0.4839603781994581,0.5921490259423813,0.0,0.18529435478622722,-0.1514401309330075,0.9610035858021618,70.0420177454337,71.00302133123586
10.90000000000031,7.23,3.6087232194944394,1.7144334396000367,-0.7354645064662576,0.4351304195252131,4.139939578797155,2.1611228902981123,0.0,-1.269534119820883,2.319367622364382,0.0,0.4844293301524763,0.5772349683658589,0.0,0.17336333897980455,-0.14549064207377396,0.9350290999224139,70.06797754131898,71.0030066412414
10.90200000000031,7.23,3.6072605640347106,1.7153080407720251,-0.7271940857458709,0.4394797480064027,4.130542103900231,2.1881095237112844,0.0,-1.2685647915396214,2.320507176926247,0.0,0.4848992696182684,0.5623193413969847,0.0,0.16178733856613844,-0.13951247365830818,0.9096618385459525,70.09333028102228,71.00299211956823
10.90400000000031,7.23,3.605814430865612,1.7161913941901386,-0.7189420935254732,0.44388247366399686,4.121511560605207,2.2145201987226963,0.0,-1.267594522281287,2.32161689876686,0.0,0.4853703298098163,0.5474022686676117,0.0,0.1505682614487829,-0.13350577975529396,0.8849012704353493,70.11807649079492,71.00297776123027
10.906000000000311,7.23,3.6043847838659295,1.7170836054973428,-0.7107077930612886,0.44833744537541087,4.1128508235713115,2.2403557086050365,0.0,-1.2666233096694064,2.3226967851189313,0.0,0.4858426461049198,0.5324838745206517,0.0,0.13970798067944917,-0.1274707052422601,0.8607468706339404,70.14221669063926,71.0029635612732
10.908000000000312,7.23,3.602971588393662,1.7179847780359414,-0.7024904418956818,0.4528435135990018,4.104562732064016,2.2656168409891673,0.0,-1.265651151054619,2.3237468334645746,0.0,0.4863163560076771,0.5175642840150821,0.0,0.12920833495808565,-0.12140738563947061,0.8371981203943535,70.16575139437983,71.00294951477417
10.910000000000313,7.23,3.601574811297378,1.7188950128507259,-0.6942892919275511,0.45739953036255115,4.096650090349911,2.29030437762917,0.0,-1.2646780435104605,2.3247670415367416,0.0,0.486791599109895,0.5026436229317587,0.0,0.11907112912604237,-0.11531594694668248,0.8142545071074925,70.18868110973393,71.00293561684143
10.912000000000313,7.23,3.600194420927435,1.7198144086921028,-0.6861035894819312,0.46200434925127015,4.089115668091623,2.3144190941601797,0.0,-1.2637039838292288,2.325757407320671,0.0,0.4872685170524429,0.48772201778002083,0.0,0.10929813465225618,-0.10919650548280978,0.7919155242320154,70.21100633838178,71.00292186261379
10.914000000000314,7.23,3.5988303871470553,1.7207430620191961,-0.6779325753788065,0.4666568253953138,4.081962200742194,2.3379617598488593,0.0,-1.262728968517921,2.326717929055358,0.0,0.48774725348655495,0.47279959580508213,0.0,0.09989109011239736,-0.10304916772853144,0.7701806712243187,70.23272757603618,71.0029082472605
10.916000000000315,7.23,3.597482681343271,1.7216810670029246,-0.6697754850011368,0.47135581545678784,4.075192389938378,2.360933137336145,0.0,-1.2617529937942562,2.3276486052350283,0.0,0.48822795403507363,0.45787648499620187,0.0,0.09085170166091733,-0.09687403017187596,0.7490494534690401,70.25384531251171,71.00289476598076
10.918000000000315,7.23,3.5961512764377286,1.7226285155290515,-0.6616315483620979,0.4761001776162338,4.068808903892205,2.3833339823723447,0.0,-1.2607760555827663,2.3285494346106375,0.0,0.48871076625365295,0.4429528140956211,0.0,0.08218164349593238,-0.09067117915682,0.728521382210113,70.27436003179331,71.00288141400343
10.920000000000316,7.23,3.5948361468973626,1.7235854972012083,-0.6534999901715415,0.4808887715585761,4.062814377780264,2.405165043544232,0.0,-1.259798149510972,2.3294204161913874,0.0,0.48919583959191193,0.42802871260826025,0.0,0.07388255831688295,-0.08444069073493377,0.7085959744823765,70.29427221210437,71.00286818658675
10.922000000000317,7.23,3.593537268744936,1.7245520993438885,-0.6453800299016788,0.48572045845851536,4.057211414130145,2.4264270619940325,0.0,-1.2588192709056334,2.3302615492462606,0.0,0.4896833253545456,0.4131043108121677,0.0,0.06595605777490265,-0.07818263052010631,0.6892727530437657,70.31358232597428,71.00285507901805
10.924000000000317,7.23,3.592254619569452,1.725528407005412,-0.637270881851995,0.4905941009653514,4.0520025832034,2.447120771130169,0.0,-1.2578394147890777,2.331072833305578,0.0,0.4901733766623936,0.3981797397697072,0.0,0.05840372291583216,-0.07189705354638494,0.6705512463080966,70.33229084030538,71.00284208661347
10.926000000000318,7.23,3.590988178536432,1.7265145029608588,-0.6291717552134019,0.49550856318721936,4.047190423374565,2.4672468963295473,0.0,-1.256858575875608,2.3318542681625787,0.0,0.49066614841346573,0.38325513133947875,0.0,0.051227104615809836,-0.06558400412895897,0.6524309882784691,70.35039821643913,71.0028292047176
10.928000000000319,7.23,3.5897379263980733,1.7275104677149709,-0.6210818541316363,0.500462710674722,4.04277744150555,2.4868061546313207,0.0,-1.2558767485679851,2.332605853875026,0.0,0.49116179724392867,0.36833061818895985,0.0,0.04442772400937247,-0.05924351572832313,0.6349115184812977,70.36790491022208,71.00281642870338
10.93000000000032,7.23,3.5885038455032734,1.7285163795050194,-0.6130003777699154,0.5054554104039406,4.038766113314924,2.5057992544219174,0.0,-1.2548939269539925,2.3333275907668387,0.0,0.4916604814890484,0.35340633380785924,0.0,0.03800707290999377,-0.052875610817650104,0.6179923819009941,70.38481137207077,71.00280375397176
10.93200000000032,7.23,3.5872859198075346,1.7295323143036385,-0.6049265203708587,0.510485530758807,4.035158883741502,2.524226895111202,0.0,-1.2539101048030763,2.3340194794297484,0.0,0.4921623611440885,0.33848241252217054,0.0,0.031966614222989465,-0.04648030075340533,0.6016731289153133,70.40111804703618,71.00279117595149
10.93400000000032,7.23,3.5860841348827437,1.730558345821623,-0.596859471317689,0.5155519415128194,4.031958167301663,2.542089766799706,0.0,-1.2529252755630655,2.334681520724986,0.0,0.4926675978251658,0.3235589895089219,0.0,0.02630778235071537,-0.04005758564923706,0.5859533152313872,70.41682537486741,71.00277869009881
10.936000000000321,7.23,3.58489847792683,1.7315945455106885,-0.5887984151947259,0.5206535138100833,4.029166348439823,2.5593885499367746,0.0,-1.2519394323569673,2.335313715785002,0.0,0.4931763547300553,0.30863620081159976,0.0,0.02103198358998028,-0.033607454253172554,0.5708325018224537,70.43193379007491,71.00276629189736
10.938000000000322,7.23,3.583728937773303,1.732640982566193,-0.5807425318471848,0.5257891201456597,4.0267857818715935,2.5761239149694113,0.0,-1.2509525679798452,2.3359160660152103,0.0,0.4936887965989485,0.29371418335625077,0.0,0.01614059652159701,-0.027129883828154663,0.556310254865311,70.44644372199258,71.00275397685789
10.940000000000323,7.23,3.5825755049006704,1.7336977239298188,-0.5726909964402987,0.5309576343452014,4.024818792918879,2.59229652198199,0.0,-1.249964674895772,2.336488573095778,0.0,0.4942050896751552,0.27879307496823563,0.0,0.011634972391988711,-0.02062484003595093,0.5423861456785035,70.46035559483963,71.00274174051813
10.942000000000323,7.23,3.581438171441743,1.7347648342922126,-0.5646429795177769,0.5361579315438595,4.023267677836578,2.6079070203263717,0.0,-1.2489757452348638,2.337031238983434,0.0,0.4947254016657463,0.2638730143896392,0.0,0.007516435486768283,-0.014092276824469833,0.5290597506612608,70.4736698277813,71.00272957844255
10.944000000000324,7.23,3.5803169311928156,1.7358423760955826,-0.5565976470596198,0.541388888164441,4.022134704130136,2.622956048242663,0.0,-1.247985770790391,2.3375440659133226,0.0,0.4952499017021357,0.2489541412973135,0.0,0.0037862834962031793,-0.007532136318518346,0.516330651233208,70.4863868349889,71.00271748622211
10.946000000000325,7.23,3.57921177962274,1.7369304095362514,-0.5485541605393088,0.5466493818947976,4.021422110863473,2.6374442324703358,0.0,-1.246994743015971,2.338027056400893,0.0,0.49577876030059403,0.23403659632154913,0.0,0.0004457878724769298,-0.0009443487140361461,0.5041984337748683,70.49850702569933,71.0027054594742
10.948000000000325,7.23,3.57812271388188,1.7380289925671635,-0.5405116769803895,0.551938291664428,4.0211321089567065,2.651372187849753,0.0,-1.2460026530228354,2.3384802132438236,0.0,0.4963121493226863,0.21912052106536256,0.0,-0.0025038058213449474,0.005671167824156837,0.49266268956896886,70.51003080427338,71.00269349384236
10.950000000000326,7.23,3.577049732810955,1.7391381809003432,-0.5324693490124702,0.5572544976202726,4.021266881473055,2.664740516913955,0.0,-1.2450094915771812,2.3389035395239883,0.0,0.49685024193562993,0.20420605812438486,0.0,-0.005061277570740249,0.01231450726106241,0.48172301474256757,70.52095857025361,71.00268158499618
10.952000000000327,7.23,3.575992836949774,1.740258028009306,-0.5244263249266589,0.5625968811016829,4.021828583894405,2.677549809470733,0.0,-1.2440152490975973,2.3392970386094625,0.0,0.49739321257256547,0.18929335110734527,0.0,-0.0072254325776451465,0.01898577578661682,0.4713790102100324,70.53129071842113,71.00266972863116
10.954000000000327,7.23,3.574952028545856,1.7413885851314166,-0.5163817487304596,0.567964324614545,4.022819344384926,2.6898006421748626,0.0,-1.2430199156525745,2.339660714156568,0.0,0.49794123689273007,0.17438254465713235,0.0,-0.008995100936961221,0.025685091907174613,0.46163028161687386,70.54102763885153,71.00265792046841
10.956000000000328,7.23,3.5739273115629424,1.7425299012701958,-0.5083347602021553,0.5733557118045374,4.024241264042129,2.7014935780905636,0.0,-1.2420234809580917,2.3399945701119655,0.0,0.4984944917415287,0.15947378447242452,0.0,-0.010369137321759652,0.032412586533321325,0.45247643928446085,70.55016971697012,71.00264615625458
10.958000000000329,7.23,3.5729186916894036,1.7436820231975727,-0.5002844949447002,0.578769927429504,4.026096417134789,2.7126291662441258,0.0,-1.2410259343752847,2.3402986107147905,0.0,0.49905315511049114,0.14456721732987507,0.0,-0.011346420677291951,0.03916840306397255,0.4439170981556336,70.55871733360618,71.00263443176182
10.96000000000033,7.23,3.5719261763465338,1.7448449954560807,-0.4922300844391513,0.5842058573309229,4.0283868513272285,2.7232079411665673,0.0,-1.2400272649081931,2.3405728404988215,0.0,0.4996174060971072,0.12966299110684193,0.0,-0.01192585392392025,0.045952697466714834,0.43595187774123956,70.56667086504605,71.0026227427873
10.96200000000033,7.23,3.570949774696744,1.746018860360995,-0.4841706560976647,0.5896623884044505,4.0311145878891255,2.733230422426639,0.0,-1.2390274612015881,2.340817264294717,0.0,0.5001874248645287,0.11476125480464443,0.0,-0.012106363669083223,0.05276563835434082,0.42858040206760034,70.57403068308578,71.00261108515338
10.96400000000033,7.23,3.5699894976516444,1.7472036580024113,-0.4761053333160874,0.5951384085695214,4.034281621890515,2.742697114153794,0.0,-1.2380265115388853,2.341031887232281,0.0,0.5007633926011293,0.09986215857234215,0.0,-0.01188689992841911,0.05960740705753068,0.421802299624943,70.58079715508238,71.00259945470732
10.966000000000331,7.23,3.5690453578800274,1.7483994262472617,-0.46803323552617465,0.6006328067379847,4.0378899223811535,2.751608504551467,0.0,-1.2370244038401292,2.341216714742783,0.0,0.5013454914799083,0.08496585373101274,0.0,-0.011266435856169656,0.06647819769362907,0.41561720331680496,70.58697064400428,71.00258784732108
10.968000000000332,7.23,3.5681173698157425,1.7496062007412678,-0.4599534782474643,0.606144472781757,4.041941432553737,2.759965065400495,0.0,-1.236021125660069,2.3413717525613276,0.0,0.5019339046177282,0.07007249279852373,0.0,-0.010243967484994298,0.07337821723146351,0.41002475041043923,70.59255150848082,71.00257625889127
10.970000000000333,7.23,3.567205549665469,1.7508240149108272,-0.4518651731388419,0.6116722974994728,4.046438069890302,2.7677672515528267,0.0,-1.2350166641863103,2.3414970067292717,0.0,0.5025288160343735,0.055182229514780926,0.0,-0.008818513475327689,0.0803076855521499,0.4050245824882406,70.59754010285059,71.00256468533883
10.972000000000333,7.23,3.566309915416387,1.7520528999648328,-0.44376742804982994,0.6172151725821121,4.0513817262911305,2.7750155004155546,0.0,-1.234011006237551,2.341592483596698,0.0,0.5031304106114158,0.040295218867437636,0.0,-0.006989114874417325,0.08726683550582616,0.4006163454002102,70.60193677720886,71.00255312260907
10.974000000000334,7.23,3.5654304868437436,1.7532928848964229,-0.43565934707163756,0.6227719905775868,4.056774268185612,2.7817102314252895,0.0,-1.2330041382618966,2.3416581898249316,0.0,0.5037388740508755,0.025411617118055896,0.0,-0.004754834885184006,0.09425591296425366,0.3967996892174863,70.60574187745385,71.00254156667134
10.976000000000335,7.23,3.56456728551832,1.7545439964846576,-0.427540030588007,0.628341644854266,4.062617536624279,2.787851845513038,0.0,-1.2319960463352644,2.341694132389118,0.0,0.504354392833658,0.010531581828697192,0.0,-0.0021147586450501474,0.10127517686922236,0.3935742681869572,70.60895574533198,71.00253001351894
10.978000000000335,7.23,3.5637203348137945,1.7558062592961234,-0.4194085753258954,0.6339230295634221,4.068913347351438,2.7934407245596002,0.0,-1.2309867161598653,2.341700318580849,0.0,0.5049771541777608,-0.004344728111061846,0.0,0.0009320069851114836,0.10832489927669312,0.39093974068698717,70.61157871848195,71.00251845916894
10.980000000000336,7.23,3.5628896599140067,1.75707969568646,-0.4112640744060314,0.6395150396005775,4.075663490857685,2.798477230841626,0.0,-1.2299761330627716,2.341676756010848,0.0,0.5056073459962227,-0.019217152456715597,0.0,0.004386333621755067,0.11540536539660758,0.3888957691842675,70.6136111304777,71.00250689966197
10.982000000000337,7.23,3.562075287820119,1.7583643258018093,-0.4031056173933872,0.6451165705657353,4.082869732411608,2.8029617064684307,0.0,-1.2289642819945714,2.3416234526117017,0.0,0.506245156854811,-0.034085529581022705,0.0,0.008249071549002977,0.12251687362829208,0.3874420201918296,70.61505331087022,71.00249533106205
10.984000000000337,7.23,3.5612772473576766,1.759660167580184,-0.39493229034760874,0.6507265187224733,4.090533812069972,2.8068944728097596,0.0,-1.2279511475281013,2.341540416640663,0.0,0.5068907759294206,-0.048949696445829624,0.0,0.012521049898387286,0.1296597355913788,0.3865781642282337,70.61590558522823,71.00248374945647
10.986000000000338,7.23,3.56049556918357,1.760967236752752,-0.3867431758734476,0.6563437809558854,4.098657444665745,2.810275829914456,0.0,-1.226936713857274,2.3414276566824905,0.0,0.5075443929631733,-0.06380948857353635,0.0,0.017203076817820778,0.13683427615216492,0.3863038757779633,70.61616827517744,71.00247215095541
10.988000000000339,7.23,3.559730285792892,1.7622855468450376,-0.37853735317123965,0.6619672547293509,4.1072423197731265,2.813106055920455,0.0,-1.2259209647959837,2.341285181652364,0.0,0.5082061982231972,-0.07866474001822323,0.0,0.022295939629623025,0.14404083344532442,0.3866188332530513,70.61584169843891,71.00246053169197
10.99000000000034,7.23,3.558981431525698,1.7636151091780328,-0.3703138980874773,0.6675958380401157,4.116290101648908,2.8153854064560746,0.0,-1.2249038837771022,2.34111300079885,0.0,0.508876382457066,-0.09351528333645615,0.0,0.027800404977422026,0.15127975889088555,0.3875227189559604,70.61492616886578,71.00244888782174
10.99200000000034,7.23,3.558249042573661,1.7649559328692201,-0.3620718831655228,0.6732284293736671,4.125802429149504,2.817114114032732,0.0,-1.223885453851563,2.3409111237069187,0.0,0.5095551368488824,-0.10836094955778522,0.0,0.03371721896174574,0.15855141720638166,0.3890152190437487,70.61342199647896,71.0024372155227
10.99400000000034,7.23,3.5575331569866284,1.7663080248335026,-0.3538103776965134,0.678863927656886,4.135780915622677,2.8182923874295613,0.0,-1.222865657687532,2.340679560301039,0.0,0.5102426529749812,-0.12320156815495842,0.0,0.04004710726411487,0.16585618641407873,0.3910960234935444,70.61132948750154,71.00242551099508
10.996000000000342,7.23,3.5568338146790754,1.7676713897840381,-0.3455284477705082,0.6845012322099598,4.146227148773453,2.818920411069756,0.0,-1.2218444775696669,2.340418320848312,0.0,0.5109391227592378,-0.13803696701386559,0.0,0.046790775259440996,0.17319445784318044,0.39376482606936075,70.6086489443914,71.00241377046076
10.998000000000342,7.23,3.556151057436455,1.7690460302329776,-0.3372251563279298,0.6901392426970409,4.157142690503211,2.8189983443891804,0.0,-1.220821895398467,2.340127415961681,0.0,0.5116447384279516,-0.15286697240323344,0.0,0.05394890811653044,0.1805666361269019,0.3970213242902759,70.60538066587317,71.00240199016345
11.000000000000343,7.23,3.5554849289214454,1.7704319464921017,-0.32889956321135566,0.6957768590756334,4.168529076721325,2.8185263211972535,0.0,-1.2197978926897157,2.3398068566031953,0.0,0.5123596924642932,-0.16769140894409149,0.0,0.061522170886489154,0.18797313919430766,0.4008652194000116,70.60152494696814,71.00239016636816
11.002000000000344,7.23,3.5548354746800945,1.7718291366733567,-0.3205507252177136,0.7014129815446958,4.180387817128426,2.81750444903047,0.0,-1.2187724505740105,2.339456654087334,0.0,0.5130841775622844,-0.18251009957902808,0.0,0.06951120857881783,0.19541439825679308,0.40529621633793717,70.597082079023,71.00237829536093
11.004000000000344,7.23,3.5542027421478584,1.773237596689284,-0.3121776961509406,0.7070465104914422,4.192720394970551,2.8159328084987636,0.0,-1.217745549796389,2.3390768200843954,0.0,0.5138183865802934,-0.1973228655412568,0.0,0.0779166462249818,0.20289085778909405,0.4103140237115338,70.59205234973714,71.00236637344868
11.006000000000345,7.23,3.5535867806555332,1.774657320253342,-0.30377952687516246,0.7126763464368299,4.205528266763291,2.8138114526249876,0.0,-1.216717170716048,2.3386673666239495,0.0,0.5145625124940163,-0.21212952632351628,0.0,0.0867390889292357,0.2104029755046954,0.41591835377034314,70.58643604318844,71.00235439695878
11.008000000000346,7.23,3.5529876414350827,1.7760882988801188,-0.2953552653684563,0.7183013899797189,4.218812861985127,2.8111404061777936,0.0,-1.215687293306153,2.3382283060983444,0.0,0.5153167483489278,-0.22692989964682206,0.0,0.09597912190647613,0.21795122232551192,0.42210892238144254,70.58023343985732,71.00234236223876
11.010000000000346,7.23,3.552405377625355,1.7775305218854303,-0.2869039567772577,0.7239205417396918,4.232575582739032,2.8079196649982348,0.0,-1.2146558971537509,2.337759651266286,0.0,0.5160812872121686,-0.24172380142909897,0.0,0.10563731050689366,0.22553608234570136,0.4288854490064716,70.57344481664953,71.002330265656
11.012000000000347,7.23,3.5518400442776907,1.7789839763863038,-0.2784246434714773,0.7295327022985194,4.246817803381566,2.8041491953203344,0.0,-1.2136229614597709,2.3372614152564735,0.0,0.5168563221238496,-0.2565110457537093,0.0,0.11571420022718505,0.2331580527894703,0.43624765668024873,70.56607044691711,71.00231810359736
11.014000000000348,7.23,3.5512916983614216,1.7804486473008423,-0.269916365100392,0.735136772140263,4.26154087011844,2.7998289330860056,0.0,-1.2125884650391328,2.336733611571299,0.0,0.5176420460477426,-0.27129144483790957,0.0,0.1262103167080886,0.24081764396272362,0.4441952719910106,70.5581106004777,71.00230587246871
11.016000000000348,7.23,3.550760398769253,1.7819245173479683,-0.2613781586493801,0.7407316515900002,4.276746100565782,2.7949587832546587,0.0,-1.2115523863209452,2.3361762540906157,0.0,0.5184386518213356,-0.28606480900125225,0.0,0.13712616571799274,0.248515379198404,0.45272802506231086,70.54956554363253,71.00229356869484
11.018000000000349,7.23,3.550246206322537,1.7834115670470436,-0.25280905849756796,0.7463162407511659,4.2924347832761,2.7895386191077636,0.0,-1.2105147033488095,2.33558935707556,0.0,0.5192463321052201,-0.3008309466339644,0.0,0.14846223312236984,0.25625179479536037,0.46184564953661295,70.54043553918208,71.0022811887187
11.02000000000035,7.23,3.5497491837764232,1.784909774717362,-0.2442080964764619,0.7518894394414963,4.30860817722801,2.7835682815488747,0.0,-1.2094753937812273,2.3349729351724435,0.0,0.5200652793317858,-0.31558966416532563,0.0,0.1602189848387776,0.2640274399505794,0.47154788256061597,70.5307208464406,71.00226872900122
11.02200000000035,7.23,3.5492693958248975,1.786419116477512,-0.23557430192963674,0.7574501471275705,4.325267511278854,2.7770475783993613,0.0,-1.2084344348921048,2.334327003416709,0.0,0.5208956856531921,-0.3303407660320762,0.0,0.17239686677716892,0.27184287668460433,0.48183446477235065,70.52042172124838,71.00225618602073
11.02400000000035,7.23,3.548806909105695,1.7879395662446094,-0.22690670177355748,0.7629972628579376,4.342413983579185,2.7699762836902972,0.0,-1.20739180357137,2.3336515772369424,0.0,0.5217377428885926,-0.3450840546468785,0.0,0.1849963047652424,0.27969867975996565,0.4927051402900878,70.50953841598253,71.00224355627262
11.026000000000352,7.23,3.5483617922050943,1.7894710957333917,-0.21820432055961098,0.7685296851948258,4.360048760948144,2.762354136950979,0.0,-1.2063474763256883,2.3329466724589567,0.0,0.5225916424705723,-0.3598193303668667,0.0,0.19801770445856598,0.2875954365924287,0.5041596567030903,70.49807117956567,71.00223083626877
11.028000000000352,7.23,3.547934115662583,1.7910136744551766,-0.20946618053742652,0.7740463121444247,4.378172978208808,2.754180842494348,0.0,-1.2053014292792945,2.3322123053099313,0.0,0.52345757539078,-0.37454639146230984,0.0,0.21146145123519727,0.2955337471548721,0.5161977650642626,70.4860202574728,71.00221802253706
11.030000000000353,7.23,3.547523951975398,1.792567269716679,-0.2006913017195669,0.7795460410857356,4.396787737482431,2.7454560686999288,0.0,-1.2042536381749238,2.3314484924226195,0.0,0.5243357321447142,-0.3892650340854214,0.0,0.2253279100745211,0.3035142238735877,0.528819219884726,70.47338589173617,71.0022051116209
11.032000000000354,7.23,3.5471313756029326,1.7941318466186846,-0.19187870194767262,0.785027768697986,4.415894107440627,2.7361794472945964,0.0,-1.2032040783748654,2.330655250839614,0.0,0.5252263026756379,-0.40397505223934854,0.0,0.2396174254200225,0.3115374915167974,0.5420237791303721,70.46016832094821,71.00219210007859
11.034000000000354,7.23,3.546756462971011,1.7957073680545756,-0.18302739696014492,0.7904903908866036,4.435493122514424,2.7263505726317305,0.0,-1.2021527248621207,2.329832598017676,0.0,0.5261294763175892,-0.41867623774737106,0.0,0.25433032102570535,0.319604187075169,0.5558112042204355,70.4463677802624,71.00217898448284
11.036000000000355,7.23,3.546399292476028,1.797293794708709,-0.17413640046145454,0.7959328027077474,4.4555857820591775,2.7159690009692223,0.0,-1.2010995522416805,2.328980551832126,0.0,0.527045441737451,-0.4333683802223489,0.0,0.2694668997858673,0.32771495963410346,0.5701812600281265,70.43198450139201,71.00216576142013
11.038000000000356,7.23,3.5460599444889422,1.798891085054641,-0.1652047241931657,0.8013538982913943,4.476173049474281,2.7050342497468143,0.0,-1.2000445347419186,2.328099130581295,0.0,0.5279743868760538,-0.4480512670364478,0.0,0.28502744354793147,0.3358704702375641,0.5851337148833757,70.41701871260676,71.00215242749013
11.040000000000356,7.23,3.5457385013591334,1.8004991953531955,-0.15623137800676679,0.8067525707629797,4.497255851276642,2.693545796863297,0.0,-1.1989876462161024,2.327188352991035,0.0,0.5289164988882716,-0.46272468329118566,0.0,0.3010122129080404,0.34407139174320445,0.6006683405777326,70.4014706387272,71.00213897930493
11.042000000000357,7.23,3.545435047418105,1.802118079650377,-0.14721536993840115,0.8121277121635935,4.51883507612676,2.6815030799541755,0.0,-1.1979288601440263,2.3262482382192933,0.0,0.5298719640820804,-0.4773884117878334,0.0,0.3174214469891053,0.35231840866854425,0.6167849123714649,70.38534050111713,71.0021254134886
11.044000000000358,7.23,3.54514966898304,1.8037476897751206,-0.1381557062855941,0.8174782133687315,4.54091157380645,2.668905495670188,0.0,-1.1968681496337683,2.3252788058607363,0.0,0.5308409678565481,-0.49204223299821237,0.0,0.33425536320100674,0.3606122170279417,0.6334832090029181,70.36862851767333,71.00211172667625
11.046000000000358,7.23,3.5448824543602,1.8053879753368771,-0.12905139168607369,0.8228029640056058,4.563486154147005,2.6557523989574507,0.0,-1.1958054874235677,2.324280075951443,0.0,0.5318236946387098,-0.5066859250359249,0.0,0.3515141569826353,0.3689535241600838,0.6507630127001629,70.3513349028133,71.00209791551347
11.048000000000359,7.23,3.544633493848163,1.8070388837230342,-0.11990142919878567,0.8281008523690175,4.58655958590675,2.6420431023396387,0.0,-1.194740845883838,2.3232520689736456,0.0,0.5328203278193088,-0.5213192636280666,0.0,0.36919800152546395,0.3773430485457331,0.6686241091950099,70.33345986746052,71.00208397665553
11.05000000000036,7.23,3.544402879740899,1.8087003600961653,-0.11070482038720494,0.833370765335796,4.610132595596837,2.627776875202961,0.0,-1.1936741970192983,2.3221948058605344,0.0,0.5338310496873515,-0.535942022087454,0.0,0.38730704747833034,0.385781519615433,0.6870662877394121,70.31500361902717,71.00206990676658
11.05200000000036,7.23,3.5441907063306752,1.810372347391107,-0.10146056540504796,0.8386115882778119,4.634205866254187,2.612952943084383,0.0,-1.19260551247125,2.3211083080011106,0.0,0.5348560413634567,-0.5505539712854257,0.0,0.4058414226331223,0.39426967754689146,0.7060893411243426,70.29596636139453,71.00205570251887
11.05400000000036,7.23,3.543997069910788,1.8120547863118617,-0.09216766308449315,0.84382220497357,4.658780036160421,2.5975704869638956,0.0,-1.1915347635199778,2.319992597245096,0.0,0.5358954827319449,-0.565154879625251,0.0,0.42480123159103733,0.4028082730517264,0.7256930657011658,70.27634829489072,71.00204136059189
11.056000000000362,7.23,3.543822068778115,1.8137476153283199,-0.08282511102701848,0.8490014975183913,4.6838556975056465,2.5816286425614154,0.0,-1.1904619210872898,2.318847695907899,0.0,0.5369495523716477,-0.5797445130161976,0.0,0.4441865554090991,0.41139806715127325,0.745877261405583,70.25614961626597,71.00202687767155
11.058000000000362,7.23,3.5436658032354837,1.8154507706728042,-0.07343190569696739,0.8541483462331941,4.709433394995973,2.5651264996389296,0.0,-1.1893869557392023,2.317673626775621,0.0,0.53801842748539,-0.5943226348483144,0.0,0.46399745122661157,0.4200398309411259,0.766641731784201,70.23537051866498,71.00201225044918
11.060000000000363,7.23,3.5435283755938514,1.8171641863364274,-0.06398704251795719,0.8592616295718856,4.7355136244035165,2.5480631013087764,0.0,-1.1883098376887613,2.316470413110127,0.0,0.5391022838281081,-0.6088890059679728,0.0,0.484233951871223,0.4287343453440801,0.7879862840237734,70.21401119159697,71.00199747562074
11.062000000000364,7.23,3.5434098901742845,1.818887794065265,-0.054489515972245536,0.8643402240273758,4.762096831057894,2.530437443348507,0.0,-1.1872305367990115,2.3152380786541515,0.0,0.540201295633573,-0.6234433846542224,0.0,0.5048960654442782,0.43748240085114376,0.8099107289831837,70.19207182090258,71.00198254988577
11.064000000000364,7.23,3.5433104533097426,1.8206215233563379,-0.044938319703173815,0.8693830040362293,4.789183408277873,2.5122484735232997,0.0,-1.1861490225861142,2.3139766476364585,0.0,0.541315635539673,-0.6379855265960181,0.0,0.525983774885135,0.44628479725025816,0.832414881228223,70.16955258871812,71.00196746994634
11.066000000000365,7.23,3.5432301733466485,1.8223653014534031,-0.035332446620807756,0.8743888418819699,4.816773695742126,2.493495090916569,0.0,-1.1850652642226134,2.312686144777042,0.0,0.5424454745122232,-0.6525151848703699,0.0,0.5474970375141169,0.45514234334237264,0.8554985590692235,70.14645367343692,71.00195223250614
11.068000000000366,7.23,3.5431691606462485,1.8241190533425506,-0.02567088901089854,0.8793566075970546,4.844867977797843,2.4741761452695457,0.0,-1.1839792305408587,2.311366595292374,0.0,0.5435909817672596,-0.6670321099214829,0.0,0.5694357845537871,0.4640558566445012,0.8791615846016104,70.12277524966778,71.00193683426939
11.070000000000366,7.23,3.5431275275857486,1.825882701747601,-0.015952638647289696,0.8842851688635374,4.873466481706148,2.4542904363306537,0.0,-1.1828908900365835,2.310018024900688,0.0,0.5447523246917846,-0.6815360495409357,0.0,0.5917999206282075,0.4730261630793838,0.9034037837494351,70.09851748819028,71.00192127193972
11.072000000000367,7.23,3.5431053885592214,1.827656167125305,-0.00617668690789744,0.8891733909124413,4.902569375823027,2.4338367132154546,0.0,-1.1818002108726429,2.3086404598273,0.0,0.5459296687629243,-0.696026748848973,0.0,0.614589323239877,0.4820540966513617,0.928224986311953,70.07368055590702,71.00190554221896
11.074000000000368,7.23,3.5431028599782817,1.82943936766034,0.003657975105605395,0.8940201364218625,4.932176767714641,2.4128136737781114,0.0,-1.180707160882916,2.307233926809975,0.0,0.5471231774654519,-0.7105039502769677,0.0,0.6378038422240184,0.49114049910806085,0.9536250260133069,70.04826461579287,71.00188964180619
11.076000000000368,7.23,3.5431200602725132,1.8312322192601,0.013552356444269612,0.8988242654138289,4.9622887022059565,2.3912199639950376,0.0,-1.179611707576377,2.3057984531043187,0.0,0.5483330122076531,-0.7249673935511227,0.0,0.6614432991799021,0.5002862195874849,0.9796037405553895,70.02226982684084,71.00187356739623
11.078000000000369,7.23,3.5431571098896497,1.8330346355492806,0.02350746618437932,0.903584635149939,4.992905159361384,2.3690541773618436,0.0,-1.1785138181413286,2.3043340664892025,0.0,0.549559332235482,-0.7394168156774816,0.0,0.6855074868788921,0.5094921142500876,1.006160971673942,69.99569634400478,71.00185731567872
11.08000000000037,7.23,3.5432141312954926,1.8348465278642523,0.0335243132958541,0.9083001000258094,5.02402605239643,2.3463148543042416,0.0,-1.1774134594498187,2.3028407952722163,0.0,0.550802294544982,-0.7538519509283172,0.0,0.7099961686489044,0.5187590458954037,1.033296565197967,69.96854431813867,71.00184088333664
11.08200000000037,7.23,3.543291248973564,1.8366678052472218,0.043603906506404416,0.9129695114643579,5.0556512255190915,2.3230004816041023,0.0,-1.1763105980622264,2.301318668295154,0.0,0.5520620537929188,-0.7682725308299752,0.0,0.7349090777349724,0.5280878835627884,1.0610103711125163,69.94081389593254,71.00182426704505
11.084000000000371,7.23,3.5433885894244836,1.8384983744401795,0.053747254161298726,0.917591717807955,5.087780451699994,2.2991094918413233,0.0,-1.1752052002320335,2.2997677149395086,0.0,0.5533387622056094,-0.7826782841522439,0.0,0.7602459166356181,0.5374795021158321,1.0893022436249256,69.91250521984479,71.00180746346972
11.086000000000372,7.23,3.543506281165058,1.8403381398786292,0.06395536407859857,0.9221655642094763,5.1204134303700455,2.2746402628527576,0.0,-1.1740972319107763,2.2981879651319987,0.0,0.5546325694858869,-0.7970689368993323,0.0,0.7860063564147327,0.5469347818099725,1.1181720412345737,69.88361842803118,71.00179046926576
11.088000000000372,7.23,3.543644454727079,1.842187003685099,0.07422924339971566,0.9266898925222897,5.153549785044576,2.249591117209038,0.0,-1.1729866587531879,2.2965794493501113,0.0,0.5559436227181785,-0.8114442123025358,0.0,0.8121900359886826,0.5564546078428476,1.1476196268062222,69.85415365427,71.00177328107621
11.090000000000373,7.23,3.5438032426558164,1.844044865662432,0.08456989843514283,0.9311635411892158,5.187189060872896,2.2239603217103103,0.0,-1.1718734461225317,2.294942198627645,0.0,0.5572720662716687,-0.8258038308146696,0.0,0.8387965613883488,0.5660398698869201,1.1776448676470328,69.82411102788355,71.00175589553058
11.092000000000374,7.23,3.5439827795081977,1.8459116232868533,0.09497833450520853,0.9355853451304991,5.221330722112152,2.1977460869020367,0.0,-1.170757559096131,2.293276244560276,0.0,0.5586180417014854,-0.840147510106361,0.0,0.8658255049958391,0.5756914616038608,1.2082476355873082,69.79349067365587,71.00173830924318
11.094000000000374,7.23,3.5441832018506645,1.8477871717008116,0.1054555557757026,0.9399541356308316,5.255974149524505,2.1709465666118515,0.0,-1.1696389624710959,2.291581619311126,0.0,0.5599816876479035,-0.8544749650642844,0.0,0.8932764047555939,0.585410280140222,1.239427807065055,69.76229271174675,71.00172051881181
11.096000000000375,7.23,3.544404648256694,1.8496714037055948,0.11600256508821881,0.9442687402254732,5.291118637696566,2.143559857508599,0.0,-1.168517620770257,2.2898583556163246,0.0,0.5613631397335139,-0.8687859077914306,0.0,0.9211487633596377,0.5951972256038823,1.27118526321443,69.73051725760155,71.00170252081598
11.098000000000376,7.23,3.544647259303978,1.8515642097537162,0.12662036378505764,0.9485279825855115,5.32676339228015,2.115583998684682,0.0,-1.1673934982483045,2.288106486790582,0.0,0.5627625304583327,-0.8830800476095058,0.0,0.9494420474067273,0.6050532005207527,1.303519889958152,69.69816442185726,71.00168431181541
11.100000000000376,7.23,3.5449111775712425,1.8534654779410709,0.1373099515285313,0.9527306824023121,5.362907527153395,2.08701697126285,0.0,-1.1662665588981402,2.286326046732741,0.0,0.5641799890928129,-0.8973570910635538,0.0,0.9781556865351603,0.6149791092712226,1.336431578103953,69.66523431024427,71.00166588834823
11.102000000000377,7.23,3.5451965476347036,1.8553750939988602,0.14807232611451024,0.9568756552712069,5.399550061501279,2.0578566980286372,0.0,-1.1651367664574457,2.2845170699313275,0.0,0.5656156415687391,-0.9116167419289033,0.0,1.0072890725290233,0.6249758575058261,1.369920223445157,69.63172702348423,71.0016472469294
11.104000000000378,7.23,3.5455035160641426,1.8572929412852826,0.15890848328004986,0.9609617125744749,5.436689916814723,2.0281010430896336,0.0,-1.1640040844154702,2.282679591470078,0.0,0.5670696103679564,-0.9258587012205403,0.0,1.0368415583976671,0.6350443515395736,1.403985726865447,69.59764265718333,71.00162838404877
11.106000000000378,7.23,3.5458322314185917,1.85921890077699,0.16981941650493268,0.9649876613636685,5.474325913807379,1.997747811562835,0.0,-1.1628684760200438,2.280813647033453,0.0,0.568542014408926,-0.9400826672050093,0.0,1.066812457428213,0.6451854977244292,1.4386279944479186,69.56298130172158,71.00160929616949
11.108000000000379,7.23,3.5461828442416152,1.861152851060308,0.18080611680696165,0.9689523042413439,5.512456769249349,1.9667947492913398,0.0,-1.1617299042848193,2.278919272912115,0.0,0.570032968931064,-0.9542883354149541,0.0,1.0972010422109075,0.6554002017993654,1.473846937588487,69.52774304213753,71.00158997972602
11.11000000000038,7.23,3.546555507056176,1.8630946683222196,0.19186957253083692,0.9728544392422556,5.551081092717083,1.9352395425916322,0.0,-1.1605883319967487,2.2769965060083837,0.0,0.5715425853768461,-0.968475398666407,0.0,1.1280065436371647,0.6656893682174518,1.5096424731137406,69.49192795800849,71.00157043112223
11.11200000000038,7.23,3.546950374359071,1.8650442263411102,0.20301076913044805,0.9766928597140767,5.590197383258729,1.9030798180328827,0.0,-1.1594437217237943,2.275045383841646,0.0,0.5730709712716551,-0.9826435470789352,0.0,1.1592281498701338,0.6760538994494173,1.546014523403304,69.45553612332625,71.00155064672956
11.114000000000381,7.23,3.54736760261493,1.8670013964772736,0.21423068894441183,0.9804663541977116,5.629804025974333,1.8703131422494796,0.0,-1.1582960358228886,2.2730659445537307,0.0,0.5746182301013395,-0.9967924680987752,0.0,1.1908650052876868,0.6864946952631109,1.5829630165168194,69.41856760636816,71.00153062288497
11.116000000000382,7.23,3.54780735024975,1.8689660476631786,0.22553031096468495,0.9841737063072669,5.669899288510316,1.8369370217882395,0.0,-1.1571452364481354,2.2710582269142234,0.0,0.5761844611874775,-1.010921846525053,0.0,1.2229162093976806,0.6970126519783079,1.6204878863255998,69.38102246956336,71.00151035588897
11.118000000000382,7.23,3.5482697776439682,1.8709380463934955,0.2369106105980793,0.9878136946097544,5.71048131746765,1.8029489029917443,0.0,-1.155991285559265,2.2690222703257383,0.0,0.5777697595603111,-1.0250313645392353,0.0,1.2553808157254365,0.7076086616962728,1.6585890726490584,69.34290076935446,71.00148984200352
11.120000000000383,7.23,3.548755047125047,1.8729172567148806,0.24837255942050712,0.9913850925045965,5.751548134723362,1.7683461719191467,0.0,-1.154834144930346,2.2669581148291167,0.0,0.5793742158293517,-1.0391207017379178,0.0,1.2882578306733368,0.7182836115035225,1.6972665213959846,69.3042025560539,71.00146907744988
11.122000000000384,7.23,3.549263322959558,1.8749035402155216,0.259917124923782,0.9948866681030122,5.793097633664969,1.7331261543059622,0.0,-1.1536737761587608,2.264865801108563,0.0,0.5809979160516302,-1.0531895351690959,0.0,1.3215462123525217,0.7290383826491998,1.7365201847107632,69.2649278736958,71.00144805840657
11.124000000000384,7.23,3.5497947713447564,1.8768967560144392,0.2715452702548016,0.9983171841073638,5.835127575337536,1.6972861155643741,0.0,-1.1525101406744394,2.2627453704967024,0.0,0.5826409415975837,-1.0672375393720337,0.0,1.3552448693866337,0.7398738496954843,1.776350021124594,69.2250767598824,71.001426781007
11.126000000000385,7.23,3.5503495603996225,1.87889676075055,0.2832579539469367,1.001675397690545,5.8776355845031665,1.6608232608254956,0.0,-1.1513431997493728,2.260596864979555,0.0,0.584303369014577,-1.0812643864208817,0.0,1.38935265968764,0.750790879640474,1.8167559957118375,69.18464924562561,71.00140524133745
11.128000000000386,7.23,3.5509278601553604,1.8809034085714862,0.2950561296434519,1.0049600603754976,5.920619145612802,1.6237347350252458,0.0,-1.1501729145073956,2.2584203272014203,0.0,0.5859852698880398,-1.0952697459721685,0.0,1.4238683892037407,0.761790331012945,1.8577380802515202,69.143645355183,71.00138343543452
11.130000000000386,7.23,3.551529842545334,1.8829165511221757,0.30694074581278186,1.0081699179149435,5.9640755986903065,1.5860176230353353,0.0,-1.1489992459342515,2.256215800469659,0.0,0.5876867107002339,-1.1092532853163144,0.0,1.4587908106394356,0.7728730529384431,1.899296253394132,69.10206510588884,71.00136135928297
11.132000000000387,7.23,3.5521556813944253,1.8849360375331818,0.3189127454554881,1.011303710171427,6.008002135128911,1.547668949841075,0.0,-1.1478221548879428,2.2539833287593747,0.0,0.5894077526866319,-1.1232146694333087,0.0,1.4941186221478246,0.7840398841761076,1.9414305008337498,69.05990850797957,71.00133900881332
11.134000000000388,7.23,3.5528055524078,1.886961714408803,0.33097306580272146,1.0143601709977599,6.052395793400228,1.5086856807675426,0.0,-1.1466416021093686,2.2517229567179715,0.0,0.5911484516899281,-1.1371535610526953,0.0,1.5298504659952636,0.7952916521256947,1.9841408154856177,69.01717556441375,71.00131637989936
11.136000000000388,7.23,3.5534796331590583,1.8889934258149341,0.3431226380060151,1.0173380281179678,6.097253454676082,1.4690647217558936,0.0,-1.1454575482332603,2.2494347296695913,0.0,0.5929088580116815,-1.151069620718025,0.0,1.5659849271985369,0.8066291718042308,2.0274271976692293,68.9738662706865,71.00129346835573
11.138000000000389,7.23,3.5541781030777586,1.891031013266691,0.35536238681823445,1.0202360030088429,6.142571838363612,1.428802919691492,0.0,-1.1442699537994123,2.247118693619422,0.0,0.5946890162615945,-1.1649625068559177,0.0,1.6025205321347085,0.8180532447917346,2.0712896552970124,68.92998061463831,71.00127026993532
11.14000000000039,7.23,3.5549011434362936,1.8930743157157972,0.367693230265511,1.0230528107822041,6.188347497554191,1.3878970627855578,0.0,-1.1430787792642194,2.2447748952578523,0.0,0.5964889652044615,-1.1788318758498924,0.0,1.6394557471238858,0.8295646581454995,2.1157282040686876,68.88551857625814,71.00124678032682
11.14200000000039,7.23,3.5556489373361018,1.8951231695377377,0.3801160793099883,1.0257871600679764,6.234576814386848,1.346343881012121,0.0,-1.1418839850125204,2.242403381964483,0.0,0.598308737604791,-1.1926773821191312,0.0,1.6767889769851507,0.8411641832823871,2.1607428676713933,68.84048012748065,71.00122299515203
11.144000000000391,7.23,3.5564216696931936,1.8971774085186788,0.3926318375032101,1.028437752898201,6.281255995326866,1.3041400466022068,0.0,-1.1406855313697597,2.2400042018119763,0.0,0.6001483600691204,-1.2064986782023324,0.0,1.7145185635659472,0.8528525748286045,2.2063336779856426,68.7948652319777,71.00119890996334
11.146000000000392,7.23,3.557219527222976,1.8992368638421566,0.4052414006299816,1.0310032845920922,6.328381066360844,1.261282174596797,0.0,-1.1394833786144565,2.2375774035697185,0.0,0.6020078528860833,-1.220295414846808,0.0,1.7526427842452457,0.8646305694365177,2.252500675297185,68.74867384494354,71.00117452024072
11.148000000000392,7.23,3.5580426984243547,1.9013013640755385,0.4179456563425379,1.0334824436422614,6.375947868108908,1.2177668234607761,0.0,-1.1382774869910084,2.235123036707321,0.0,0.6038872298642162,-1.2340672411030205,0.0,1.7911598504109012,0.8764988845679484,2.2992439085148835,68.70190591287454,71.00114982138942
11.150000000000393,7.23,3.5588913735630956,1.903370735156256,0.4307454837848556,1.03587391160223,6.423952050855763,1.173590495759421,0.0,-1.137067816722813,2.2326411513979063,0.0,0.6057864981675853,-1.2478138044246923,0.0,1.83006790591156,0.8884582172435469,2.3465634353946325,68.65456137334216,71.00112480873679
11.152000000000394,7.23,3.5597657446544226,1.9054448003778168,0.44364175320694615,1.0381763629753604,6.472389069501713,1.1287496388995901,0.0,-1.1358543280257227,2.2301317985212,0.0,0.6077056581492497,-1.2615347507746892,0.0,1.8693650254836327,0.9005092427577641,2.394459322769427,68.60664015476027,71.00109947752969
11.154000000000394,7.23,3.560666005444838,1.9075233803755929,0.4566353255689726,1.0403884651053366,6.52125417843547,1.0832406459374537,0.0,-1.1346369811218362,2.2275950296664035,0.0,0.6096447031826229,-1.2752297247368345,0.0,1.9090492131538024,0.9126526133590152,2.4429316467856395,68.55814217614599,71.00107382293163
11.156000000000395,7.23,3.5615923513931356,1.909606293112394,0.4697270521350354,1.0425088780683258,6.570542426330528,1.03705985645463,0.0,-1.1334157362536263,2.225030897134829,0.0,0.6116036194907909,-1.2888983696338336,0.0,1.9491184006176345,0.9248889568946463,2.4919804931455705,68.509067346874,71.00104784001958
11.158000000000396,7.23,3.562544979650596,1.911693353863827,0.4829177740564759,1.0445362545669656,6.620248650867,0.9902035575049721,0.0,-1.1321905536984163,2.2224394539423056,0.0,0.6135823859738322,-1.3025403276514997,0.0,1.9895704455949048,0.9372188754203111,2.5416059573563614,68.45941556642504,71.0010215237814
11.160000000000396,7.23,3.5635240890403344,1.9137843752034427,0.49620832194455117,1.046469239826314,6.670367473381286,0.942667984633764,0.0,-1.1309613937831962,2.2198207538213195,0.0,0.6155809740342258,-1.3161552399694347,0.0,2.030403130162263,0.9496429437734509,2.5918081449852846,68.40918672412732,71.0009948691126
11.162000000000397,7.23,3.564529880035783,1.9158791669876798,0.5095995154323376,1.0483064714919144,6.720893293445903,0.8944493229714752,0.0,-1.1297282168997977,2.2171748512228913,0.0,0.6175993474004122,-1.3297427468983778,0.0,2.0716141590639756,0.9621617081105555,2.642587171921545,68.35838069889184,71.00096787081338
11.164000000000398,7.23,3.5655625547382908,1.917977536340605,0.5230921627257269,1.0500465795301228,6.77182028338213,0.8455437084041773,0.0,-1.1284909835204173,2.2145018013181703,0.0,0.619637461948591,-1.343302488024376,0.0,2.1132011580014725,0.9747756844079446,2.6939431646445735,68.30699735894095,71.00094052358553
11.166000000000398,7.23,3.5666223168538074,1.9200792876384578,0.5366870601433821,1.0516881861308551,6.8231423827083475,0.7959472288225813,0.0,-1.1272496542135022,2.2118016599997348,0.0,0.6216952655228418,-1.356834102359986,0.0,2.1551616719025297,0.9874853569258345,2.745876260498929,68.2550365615304,71.00091282202933
11.168000000000399,7.23,3.567709371668641,1.9221842224940013,0.5503849916455289,1.053229905612912,6.874853292527229,0.7456559254518718,0.0,-1.1260041896599957,2.209074483882578,0.0,0.623772697753673,-1.370337228502673,0.0,2.1974931631709453,1.0002911766355178,2.79838660797583,68.20249815266457,71.0008847606404
11.1700000000004,7.23,3.5688239260242614,1.9242921397406887,0.5641867283514628,1.0546703443320469,6.926946469855044,0.6946657942644903,0.0,-1.1247545506699461,2.2063203303047825,0.0,0.6258696898750827,-1.3838115048006048,0.0,2.240193009917631,1.0131935596094799,2.8514743670013605,68.14938196680524,71.0008563338066
11.1720000000004,7.23,3.5699661882911244,1.9264028354166471,0.5780930280456601,1.0560081005919437,6.979415121896842,0.6429727874778193,0.0,-1.1235006981994842,2.2035392573278347,0.0,0.6279861645402741,-1.3972565695260228,0.0,2.2832585041741065,1.026192885374411,2.905139709231413,68.09568782657314,71.00082753580455
11.174000000000401,7.23,3.5711363683415005,1.928516102748487,0.5921046346723883,1.0572417645582775,7.032252200271221,0.5905728151391916,0.0,-1.1222425933681708,2.20073132373661,0.0,0.630122035636112,-1.4106720610563799,0.0,2.3266868500894464,1.0392894952270133,2.959382818353399,68.04141554244339,71.0007983607968
11.176000000000402,7.23,3.5723346775212783,1.930631732134943,0.6062222778187188,1.058369918176032,7.085450395189094,0.5374617467999885,0.0,-1.1209801974767153,2.1978965890389626,0.0,0.6322772080964856,-1.4240576180634248,0.0,2.3704751621117524,1.052483690512675,3.014203890394751,67.98656491243328,71.00076880282803
11.178000000000402,7.23,3.573561328620724,1.932749511130353,0.6204466721858556,1.0593911350902594,7.139002129590639,0.48363541328142556,0.0,-1.119713472025069,2.195035113464947,0.0,0.6344515777146785,-1.43741287971043,0.0,2.4146204631553503,1.065775730867026,3.0696031340382612,67.93113572178392,71.00073885582218
11.180000000000403,7.23,3.5748165358441715,1.934869224427981,0.6347785170486987,1.0603039805704628,7.192899553245393,0.42908960853384315,0.0,-1.1184423787308955,2.1921469579656323,0.0,0.6366450309549214,-1.45073748585774,0.0,2.459119682754916,1.0791658324205473,3.1255807709442713,67.8751277426345,71.00070851357877
11.182000000000404,7.23,3.5761005147786173,1.9369906538431951,0.6492184957035766,1.061107011438793,7.247134536820488,0.3738200915917895,0.0,-1.1171668795484175,2.189232184211491,0.0,0.6388574447632724,-1.4640310772768304,0.0,2.503969655207828,1.0926541659664275,3.1821370360797445,67.81854073369001,71.00067776976977
11.184000000000404,7.23,3.5774134823612047,1.939113578296503,0.6637672749040863,1.0617987760022543,7.301698665922356,0.3178225886271635,0.0,-1.1158869366876414,2.1862908545903594,0.0,0.6410886863779941,-1.4772932958730487,0.0,2.5491671177060864,1.106240855091927,3.239272178054194,67.76137443988176,71.00064661793596
11.186000000000405,7.23,3.578755656845561,1.9412377737964581,0.6784255042849962,1.0623778139891145,7.356583235117734,0.2610927951023765,0.0,-1.1146025126339651,2.183323032204937,0.0,0.6433386131396064,-1.4905237849172415,0.0,2.5947087084592524,1.119925974273613,3.296986459462548,67.70362859202112,71.00061505148366
11.188000000000406,7.23,3.5801272577669763,1.9433630134224418,0.6931938157741745,1.0628426564897249,7.41177924193991,0.2036263780258496,0.0,-1.1133135701681618,2.180328780869815,0.0,0.6456070723007988,-1.5037221892864159,0.0,2.64059096480984,1.1337095469368712,3.355280157234861,67.64530290644632,71.00058306368118
11.190000000000406,7.23,3.5815285059063893,1.9454890673073326,0.7080728229925211,1.0631918259019542,7.467277380886627,0.14541897831200856,0.0,-1.1120200723867473,2.1773081651080233,0.0,0.6478939008363911,-1.516888155713638,0.0,2.6868103213427585,1.147591543480193,3.4141535629929294,67.58639708466251,71.00055064765544
11.192000000000407,7.23,3.5829596232531653,1.9476157026200702,0.7230631206418922,1.063423835881449,7.523068037416551,0.08646621324768322,0.0,-1.1107219827227228,2.174261250147049,0.0,0.6501989252535908,-1.5300213330473191,0.0,2.733363107990383,1.1615718792649,3.4736069834137666,67.52691081297446,71.00051779638824
11.194000000000408,7.23,3.584420832966635,1.9497426835481257,0.7381652838810224,1.0635371912969356,7.579141281951134,0.026763679067384416,0.0,-1.1094192649667036,2.1711881019143497,0.0,0.652521961402702,-1.5431213725200783,0.0,2.7802455481349715,1.175650412570873,3.5336407405999255,67.46684376211306,71.00048450271298
11.196000000000408,7.23,3.5859123593363744,1.9518697712798876,0.7533798676894626,1.0635303881907825,7.635486863889705,-0.033693046360773415,0.0,-1.1081118832884185,2.1680887870323007,0.0,0.6548628142885868,-1.5561879280273219,0.0,2.8274537567101263,1.1898269425191956,3.5942551724566196,67.40619558685442,71.00045075931104
11.198000000000409,7.23,3.5874344277412002,1.9539967239869738,0.7687074062195669,1.0634019137450472,7.692094205645462,-0.09490840073625151,0.0,-1.106799802258589,2.164963372812584,0.0,0.6572212778830739,-1.5692206564157192,0.0,2.874983738303163,1.204101206962505,3.655450633075615,67.34496592563248,71.0004165587081
11.20000000000041,7.23,3.588987264606858,1.9561232968064821,0.78414841213658,1.0631502462532356,7.748952396710749,-0.1568868344123766,0.0,-1.1054829868711824,2.161811927249992,0.0,0.6595971349385874,-1.5822192177817156,0.0,2.92283138526023,1.2184728803440712,3.7172274931258493,67.28315440014488,71.00038189327073
11.20200000000041,7.23,3.590571097362378,1.9582492418231898,0.7997033759468917,1.062773855098005,7.806050187760287,-0.21963280736574475,0.0,-1.1041614025660373,2.1586345190156164,0.0,0.6619901568032731,-1.595183275780235,0.0,2.970992475796139,1.232941571526724,3.7795861402506965,67.22076061495201,71.00034675520271
11.204000000000411,7.23,3.592186154395075,1.9603743080517144,0.8153727653145426,1.062271200735047,7.863375984801518,-0.283150786046761,0.0,-1.1028350152518511,2.155431217449418,0.0,0.6644001032378825,-1.608112497943702,0.0,3.019462672110889,1.247506821592801,3.8425269794718018,67.15778415706968,71.00031113654148
11.206000000000412,7.23,3.5938326650041716,1.9624982414186494,0.8311570243660866,1.0616407346833898,7.920917843381536,-0.3474452401094492,0.0,-1.1015037913295433,2.1522020925521415,0.0,0.6668267222347242,-1.6210065560115363,0.0,3.0682375185149917,1.2621681016164843,3.9060504335994706,67.09422459555505,71.00027502915452
11.208000000000412,7.23,3.595510859353019,1.9646207847446864,0.847056572983931,1.060880899522363,7.978663462860629,-0.41252063901855873,0.0,-1.1001676977159631,2.1489472149765643,0.0,0.6692697498389837,-1.6338651262702086,0.0,3.1173124395656635,1.2769248104099797,3.9701569436493838,67.0300814810864,71.00023842473578
11.210000000000413,7.23,3.5972209684198906,1.9667416777267388,0.8630718060882997,1.059990128895473,8.036600180762857,-0.47838144853233633,0.0,-1.0988267018679683,2.1456666560180517,0.0,0.6717289099727288,-1.6466878899040172,0.0,3.166682738216151,1.2917762722451185,4.034846969265711,66.9653543455363,71.00020131480201
11.212000000000414,7.23,3.5989632239473313,1.9688606569200797,0.8792030929079834,1.0589668475214367,8.094714967214468,-0.5450321270590051,0.0,-1.0974807718068385,2.142360487604403,0.0,0.6742039142619329,-1.6594745333566403,0.0,3.2163435939803495,1.3067217345521116,4.100120989150321,66.90004270153888,71.0001636906892
11.214000000000414,7.23,3.6007378583900365,1.9709774557205098,0.8954507762400635,1.0578094712126331,8.152994419481507,-0.6124771218854734,0.0,-1.0961298761430416,2.139028782284963,0.0,0.6766944618668627,-1.6722247487036026,0.0,3.2662900611150922,1.3217603655973194,4.165979501498107,66.83414604205096,71.00012554354907
11.216000000000415,7.23,3.6025451048612394,1.9730918043465688,0.911815171698821,1.0565164069012245,8.21142475661841,-0.6807208652765766,0.0,-1.0947739841013302,2.135671613218974,0.0,0.6792002393161971,-1.6849382340357053,0.0,3.316517066822405,1.3368912521420624,4.232423024438196,66.76766383990712,71.0000868643453
11.218000000000416,7.23,3.604385197077584,1.9752034298218089,0.9282965669540625,1.0550860526732093,8.26999181423982,-0.7497677704433832,0.0,-1.093413065546167,2.1322890541631523,0.0,0.6817209203452365,-1.6976146938535015,0.0,3.3670194094741466,1.3521133970845993,4.2994520964809,66.70059554736918,71.00004764385008
11.220000000000416,7.23,3.606258369302468,1.9773120559571418,0.9448952209591247,1.0535167978106723,8.328681039428256,-0.8196222273790754,0.0,-1.0920470910074709,2.12888117945847,0.0,0.6842561657385923,-1.7102538394728821,0.0,3.417791756861514,1.3674257170875999,4.367067276970269,66.63294059567029,71.00000787264057
11.222000000000417,7.23,3.6081648562878277,1.9794174033332819,0.9616113631688408,1.0518070228424958,8.387477485790983,-0.890288598561229,0.0,-1.0906760317066706,2.1254480640161044,0.0,0.6868056231777719,-1.7228553894417895,0.0,3.4688286444718393,1.3828270401936034,4.435269146542007,66.5646983945532,70.99996754109522
11.224000000000418,7.23,3.610104893214352,1.9815191892832962,0.9784451927477805,1.0499550996038005,8.446365808679657,-0.9617712145191879,0.0,-1.0892998595830599,2.1219897833025474,0.0,0.6893689270940543,-1.7354190699681107,0.0,3.520124473795277,1.3983161034310656,4.504058307586575,66.49586833180373,70.99992663939031
11.226000000000418,7.23,3.6120787156301017,1.983617127875285,0.9953968777691048,1.0479593913043876,8.50533026058683,-1.034074369265375,0.0,-1.087918547320438,2.118506413323852,0.0,0.6919456985270848,-1.7479446153587377,0.0,3.571673510663892,1.413891550413796,4.573435384717257,66.42644977277934,70.99988515749659
11.228000000000419,7.23,3.6140865593875184,1.9857109298952067,1.012466554404402,1.0458182526064557,8.564354686734102,-1.1072023155897734,0.0,-1.0865320683740336,2.1149980306089837,0.0,0.6945355449896425,-1.760431768469809,0.0,3.6234698836257975,1.4295519289367786,4.643401025242952,66.35644205993259,70.99984308517554
11.23000000000042,7.23,3.616128660578803,1.987800302829868,1.0296543261049045,1.0435300297118655,8.623422520866944,-1.18115926021654,0.0,-1.0851403969976836,2.111464712192262,0.0,0.6971380603390269,-1.772880281168081,0.0,3.6755075823569117,1.4452956885715154,4.713955899645397,66.28584451233073,70.99980041197612
11.23200000000042,7.23,3.6182052554696504,1.9898849508500998,1.0469602627745151,1.0410930604592306,8.682516781271755,-1.2559493588221868,0.0,-1.083743508271271,2.1079065355948696,0.0,0.6997528246555225,-1.7852899148034105,0.0,3.727780456113022,1.4611211782641926,4.78510070206064,66.21465642517066,70.9997571272313
11.234000000000421,7.23,3.6203165804313215,1.9919645747941348,1.0643843999351028,1.0385056744311099,8.741620067031338,-1.3315767109147383,0.0,-1.0823413781283895,2.104323578805405,0.0,0.7023794041284412,-1.797660440692249,0.0,3.7802822122247717,1.4770266439402264,4.856836150764314,66.14287706929039,70.9997132200547
11.236000000000422,7.23,3.6224628718710368,1.9940388721512121,1.0819267378845612,1.0357661930715814,8.800714554535281,-1.4080453545735678,0.0,-1.080933983384238,2.1007159202594523,0.0,0.7050173509502213,-1.809991640612103,0.0,3.8330064146383,1.4930102261188476,4.92916298866059,66.07050569067663,70.99966867933722
11.238000000000422,7.23,3.6246443661606826,1.9961075370454264,1.0995872408481575,1.0328729298144768,8.859781994262214,-1.4853592610495276,0.0,-1.0795213017637098,2.0970836388181624,0.0,0.707666203219081,-1.8222833073068039,0.0,3.885946482504111,1.5090699575415905,5.002081983774296,65.99754150996955,70.99962349374385
11.240000000000423,7.23,3.6268612995638114,1.9981702602198452,1.1173658361237326,1.0298241902225536,8.918803707851596,-1.5635223292256044,0.0,-1.0781033119296708,2.0934268137458014,0.0,0.7103254848507703,-1.83453524500248,0.0,3.939095688816919,1.5252037608188196,5.075593929745942,65.92398372196442,70.99957765171035
11.242000000000424,7.23,3.6291139081609267,2.0002267290209144,1.1352624132213478,1.0266182721378867,8.977760585482857,-1.6425383799381228,0.0,-1.0766799935114078,2.089745524686259,0.0,0.7129947054999345,-1.8467472699340717,0.0,3.992447159109098,1.5414094460985255,5.149699646329303,65.8498314951108,70.99953114144012
11.244000000000424,7.23,3.6314024277730446,2.002276627383177,1.1532768229980142,1.023253465843757,9.036633083580275,-1.7224111501588237,0.0,-1.0752513271332156,2.086039851638503,0.0,0.7156733604916077,-1.8589192108821742,0.0,4.045993870200317,1.5576847087617955,5.2243999798910075,65.77508397101005,70.99948395090105
11.246000000000425,7.23,3.6337270938835173,2.0043196358143285,1.1714088767881714,1.0197280542383134,9.095401222862563,-1.803144287038612,0.0,-1.0738172944431223,2.0823098749309357,0.0,0.7183609307634414,-1.8710509097200334,0.0,4.099728649006064,1.5740271271497457,5.299695803911934,65.69974026391064,70.99943606782257
11.248000000000426,7.23,3.636088141558116,2.006355431380628,1.1896583455306282,1.016040313020285,9.154044586756314,-1.8847413418136112,0.0,-1.0723778781417068,2.0785556751946563,0.0,0.7210568828191775,-1.8831422219704108,0.0,4.153644171407519,1.5904341603266385,5.375588019489747,65.62379946020278,70.99938747969253
11.250000000000426,7.23,3.638485805363364,2.008383687692698,1.2080249588927088,1.0121885108870194,9.21254232019305,-1.9672057635747016,0.0,-1.0709330620110067,2.0747773333355966,0.0,0.7237606686939604,-1.8951930173720748,0.0,4.207732961185394,1.6069031458843068,5.4520775558422585,65.54726061791209,70.99933817375435
11.252000000000427,7.23,3.6409203192831177,2.0104040748917282,1.2265084043923933,1.008170909745116,9.270873128809868,-2.0505408929017768,0.0,-1.0694828309434798,2.070974930505514,0.0,0.7264717259320677,-1.9072031804555931,0.0,4.2619873890201365,1.6234312977931074,5.529165370811052,65.47012276619317,70.99928813700423
11.254000000000428,7.23,3.6433919166333855,2.0124162596361153,1.2451083265192817,1.0039857649339246,9.329015278574257,-2.134749955364378,0.0,-1.0680271709709936,2.067148548071825,0.0,0.72918947757764,-1.9191726111280896,0.0,4.3163996715609345,1.6400157043048513,5.6068524513648175,65.3923849048235,70.99923735618832
11.256000000000428,7.23,3.645900829975395,2.0144199050885643,1.2638243258552473,0.9996313254621771,9.38694659585379,-2.2198360548905196,0.0,-1.0665660692938297,2.0632982675862586,0.0,0.7319133321790043,-1.931101225266615,0.0,4.370961870565869,1.656653325913327,5.685139814101987,65.31404600369811,70.9991858178001
11.258000000000429,7.23,3.648447291026898,2.016414670903674,1.282655958195693,0.9951058342580087,9.444644467951859,-2.3058021670058135,0.0,-1.065099514309653,2.0594241707523198,0.0,0.7346426838071939,-1.9429889553196857,0.0,4.425665892115414,1.6733409933782581,5.764028505751881,65.23510500232594,70.99913350807782
11.26000000000043,7.23,3.6510315305717183,2.0184002132160375,1.301602733672362,0.9904075284326298,9.502085844130965,-2.3926511319454726,0.0,-1.063627495642442,2.055526339391532,0.0,0.7373769120892766,-1.9548357509165863,0.0,4.480503485901484,1.6900754058187117,5.843519603674013,65.15556080932795,70.99908041300196
11.26200000000043,7.23,3.653653778367551,2.0203761846288835,1.320664115878702,0.9855346395578995,9.559247237145158,-2.4803856476417177,0.0,-1.0621500041713239,2.051604855408468,0.0,0.7401153822570736,-1.9666415794839218,0.0,4.535466244594021,1.7068531288820956,5.923614216354675,65.07541230193827,70.99902651829295
11.264000000000431,7.23,3.6563142630520136,2.0223422342032866,1.3398395209988208,0.9804853939580452,9.61610472530376,-2.569008262589956,0.0,-1.0606670320593068,2.047659800754525,0.0,0.7428574452119201,-1.9784064268689265,0.0,4.590545603287108,1.723670592995198,6.004313483900374,64.9946583255084,70.99897180940877
11.266000000000432,7.23,3.6590132120469594,2.0242980074479773,1.3591283169411188,0.9752580130157688,9.672633955088484,-2.6585213685969307,0.0,-1.059178572781863,2.0436912573904618,0.0,0.7456024376060402,-1.9901302979689577,0.0,4.645732839026367,1.7405240917037275,6.085618578527299,64.91329769301564,70.99891627154294
11.268000000000432,7.23,3.6617508514610657,2.0262431463097745,1.378529822477729,0.969850713492971,9.728810144346363,-2.74892719341478,0.0,-1.057684621155328,2.039699307247658,0.0,0.7483496819411894,-2.0018132173665637,0.0,4.701019070419295,1.757409780107143,6.167530705046115,64.83132918457619,70.99885988962231
11.270000000000433,7.23,3.664527405990706,2.0281772891646797,1.398043306390936,0.9642617078663195,9.784608086080956,-2.8402277932649964,0.0,-1.0561851733650909,2.0356840321881093,0.0,0.7510984866851278,-2.0134552299695105,0.0,4.7563952573300785,1.7743236733955285,6.250051101341414,64.74875154696386,70.99880264830527
11.272000000000434,7.23,3.667343098819123,2.0301000708096524,1.4176679866277966,0.9584892046778736,9.840002152864606,-2.9324250452570086,0.0,-1.0546802269935296,2.0316455139631295,0.0,0.7538481464065828,-2.0250564016550565,0.0,4.8118522006602005,1.7912616454956463,6.333181038844998,64.6655634931349,70.9987445319799
11.274000000000434,7.23,3.6701981515139206,2.032011122455106,1.4374030294642215,0.9525314089009748,9.894966301894302,-3.02552063970612,0.0,-1.0531697810476577,2.0275838341707653,0.0,0.7565979419292679,-2.036616819917759,0.0,4.867380542216004,1.8082194278332155,6.41692182300218,64.58176370176008,70.99868552476227
11.276000000000435,7.23,3.673092783922895,2.033910071718148,1.4572475486798353,0.9463865223215969,9.949474080713953,-3.119516072356243,0.0,-1.0516538359864445,2.0234990742119137,0.0,0.7593471405055626,-2.0481365945200416,0.0,4.922970764664204,1.8251926082187224,6.501274793730328,64.49735081676458,70.99862561049491
11.278000000000436,7.23,3.676027214068227,2.0357965426166,1.4772006047449633,0.9400527439353412,10.003498633625714,-3.21441263651315,0.0,-1.0501323937477665,2.0193913152451293,0.0,0.7620949960104662,-2.0596158581446917,0.0,4.978613191576109,1.8421766298641995,6.586241325868752,64.41232344687674,70.9985647727455
11.280000000000436,7.23,3.679001658039061,2.0376701555638275,1.49726120402115,0.9335282703602494,10.057012708812975,-3.3102114150943853,0.0,-1.0486054577749515,2.015260638140134,0.0,0.7648407491563602,-2.071054767048436,0.0,5.034297987561117,1.859166790538355,6.671822829619043,64.3266801651864,70.99850299480545
11.282000000000437,7.23,3.682016329882501,2.03953052736441,1.5174282979766542,0.9268112962655951,10.109988666197504,-3.406913272602531,0.0,-1.0470730330428721,2.0111071234300124,0.0,0.7675836277291912,-2.082453501715679,0.0,5.090015158489847,1.876158241867742,6.758020750974999,64.24041950871397,70.99844025968896
11.284000000000438,7.23,3.6850714414930517,2.0413772712106866,1.5377007824184108,0.9199000148167991,10.162398486052957,-3.504518847028802,0.0,-1.0455351260835404,2.006930851262104,0.0,0.7703228468465865,-2.093812267511431,0.0,5.145754551806949,1.893145988791504,6.844836572141063,64.1535399779909,70.99837655013197
11.286000000000438,7.23,3.6881672025005448,2.043209996680206,1.558077496741994,0.9127926181366012,10.21421377839676,-3.603028541694579,0.0,-1.0439917450111724,2.002731901347593,0.0,0.7730576092384671,-2.1051312953324484,0.0,5.201505856933525,1.9101248891774691,6.932271811938481,64.06604003665288,70.99831184859136
11.288000000000439,7.23,3.6913038201565813,2.0450283097341164,1.5785572232011615,0.905487297782604,10.265405793182143,-3.702442517038976,0.0,-1.0424428995466617,1.9985103529097903,0.0,0.7757871055506657,-2.1164108422555037,0.0,5.2572586057587065,1.9270896536072917,7.020328026198007,63.97791811104642,70.99824613724442
11.29000000000044,7.23,3.6944814992195343,2.0468318127165266,1.5991386861986006,0.8979822452412889,10.315945431311537,-3.8027606823607956,0.0,-1.0408886010414224,1.9942662846311319,0.0,0.7785105146720378,-2.127651192181685,0.0,5.313002173219693,1.9440348453383691,7.109006808138153,63.889172589850055,70.99817939798821
11.29200000000044,7.23,3.697700441838158,2.048620104354871,1.619820551599539,0.8902756524385864,10.365803256492114,-3.90398268752398,0.0,-1.0393288625005597,1.9899997745988904,0.0,0.7812270040855379,-2.138852656475599,0.0,5.368725777969384,1.960954880450256,7.198309788728015,63.79980182371138,70.99811161243939
11.294000000000441,7.23,3.700960847433845,2.0503927797613137,1.6406014260699266,0.8823657122670635,10.41494950795404,-4.0061079146361855,0.0,-1.0377636986053063,1.9857109002496105,0.0,0.7839357302437289,-2.1500155745982426,0.0,5.424418483130268,1.9778440281833405,7.2882386370334284,63.709804124900614,70.99804276193404
11.296000000000442,7.23,3.70426291258159,2.0521494304352217,1.6614798564409337,0.8742506191297732,10.463354114050762,-4.109135469710284,0.0,-1.0361931257346906,1.9813997383122937,0.0,0.7866358389691048,-2.16114031473232,0.0,5.4800691971331,1.9946964114773296,7.378795060545492,63.619177766982276,70.99797282752778
11.298000000000442,7.23,3.7076068308897048,2.0538896442667447,1.6824543291015457,0.8659285695007888,10.51098670676081,-4.213064174319714,0.0,-1.0346171619863727,1.977066364750332,0.0,0.7893264658796526,-2.1722272743986974,0.0,5.5356666746384775,2.011506007717209,7.469980805490136,63.527920984505734,70.99790178999586
11.300000000000443,7.23,3.710992792878355,2.055613005541531,1.70352326942108,0.8573977625024248,10.557816637108935,-4.3178925572584586,0.0,-1.0330358271966085,1.9727108547022278,0.0,0.7920067368399633,-2.1832768810626626,0.0,5.5911995175391995,2.02826664969403,7.561797657117708,63.43603197271605,70.99782962983376
11.302000000000444,7.23,3.714420985856967,2.0573190949466156,1.7246850412034789,0.8486564004991237,10.60381299152433,-4.423618846217585,0.0,-1.0314491429592807,1.9683332824211042,0.0,0.7946757684382519,-2.1942895927285764,0.0,5.646656176040871,2.044972026787958,7.654247439971281,63.34350888728629,70.99775632725758
11.304000000000444,7.23,3.7178915938005788,2.0590074895775117,1.745937946175269,0.839702689707962,10.648944609152277,-4.530240959490477,0.0,-1.029857132643956,1.9639337212130443,0.0,0.7973326684895187,-2.2052658985215237,0.0,5.70202494981806,2.06161568638063,7.747332018132525,63.25034984407246,70.99768186220498
11.306000000000445,7.23,3.721404797225206,2.0606777629465407,1.7672802235091114,0.8305348408257079,10.693180100134628,-4.637756497719481,0.0,-1.0282598214129048,1.9595122433742818,0.0,0.7999765365651097,-2.216206319254442,0.0,5.757293989242779,2.078191035503849,7.841053295443825,63.156552918892345,70.99760621433617
11.308000000000446,7.23,3.7249607730622856,2.062329484992432,1.7887100493848926,0.8211510696723324,10.736487864873661,-4.74616273569744,0.0,-1.0266572362370359,1.9550689201272675,0.0,0.8026064645488638,-2.2271114079792236,0.0,5.812451296681871,2.0946913427313447,7.93541321570541,63.06211614732956,70.99752936303497
11.310000000000446,7.23,3.728559694532285,2.0639622220912264,1.8102255365903388,0.8115495978508507,10.778836114292284,-4.855456614237974,0.0,-1.0250494059106936,1.9506038215556574,0.0,0.8052215372199675,-2.2379817505202344,0.0,5.867484727859564,2.1111097403200403,8.030413762846209,62.967037524564084,70.99745128741029
11.312000000000447,7.23,3.7322017310175544,2.065575537068516,1.8318247341631562,0.8017286534233428,10.820192891102499,-4.965634732128985,0.0,-1.0234363610652624,1.9461170165382486,0.0,0.8078208328626204,-2.2488179659886325,0.0,5.922381993281009,2.1274392266070303,8.126056961067109,62.871315005230514,70.99737196629762
11.314000000000448,7.23,3.735887047934502,2.067168989213051,1.8535056270767258,0.7916864716029716,10.860526092092607,-5.076693338184459,0.0,-1.0218181341815242,1.9416085726819108,0.0,0.8104034239025362,-2.2596207072758516,0.0,5.977130659712413,2.143672668668118,8.222344874955283,62.774946503305614,70.9972913782609
11.316000000000448,7.23,3.7396158066051925,2.068742134291749,1.8752661359713987,0.7814212954617851,10.899803491442155,-5.188628323410301,0.0,-1.0201947596007155,1.9370785562535449,0.0,0.8129683775702667,-2.270390661524569,0.0,6.031718151712978,2.15980280524342,8.31927960956824,62.6779298920261,70.99720950159434
11.318000000000449,7.23,3.743388164128448,2.0702945245661306,1.897104116933455,0.7709313766540604,10.937992765071805,-5.301435213300164,0.0,-1.018566273534233,1.9325270321111363,0.0,0.8155147565912348,-2.2811285505754473,0.0,6.086131753213554,2.1758222499350444,8.416863310486262,62.58026300383848,70.99712631432475
11.32000000000045,7.23,3.7472042732505635,2.0718257088102217,1.9190173613238037,0.7602149761549121,10.975061516034144,-5.415109160278411,0.0,-1.016932714071931,1.9279540636339294,0.0,0.8180416199023641,-2.2918351313879155,0.0,6.140358609136662,2.1917234946815984,8.515098163831842,62.481943630381934,70.99704179421377
11.32200000000045,7.23,3.751064282235726,2.073335232329946,1.941003595658507,0.7492703650138522,11.010977300949001,-5.529644936307203,0.0,-1.0152941211889595,1.923359712651794,0.0,0.8205480233950664,-2.302511196433208,0.0,6.194385727052136,2.2074989135136156,8.613986396254708,62.38296952250586,70.99695591876056
11.324000000000451,7.23,3.75496833473625,2.074822636984041,1.9630604815432224,0.7380958251229586,11.045707657485499,-5.645036925675903,0.0,-1.013650536751091,1.9187440393738298,0.0,0.8230330206843217,-2.3131575740578816,0.0,6.248199978862441,2.223140766593617,8.713530274881194,62.2833383903233,70.99686866520449
11.326000000000452,7.23,3.75891656966274,2.076287461206519,1.9851856156636563,0.7266896499992651,11.07922013289075,-5.761279117991016,0.0,-1.0120020045184805,1.9141071023162834,0.0,0.825495663903464,-2.323775128815979,0.0,6.301788102511379,2.238641204543823,8.813732107226283,62.18304790330183,70.99678001052811
11.328000000000452,7.23,3.7629091210542844,2.0777292400307164,2.0073765298341186,0.7150501455809571,11.111482313563181,-5.878365101385953,0.0,-1.010348570147816,1.909448958229822,0.0,0.8279350045242984,-2.334364761768037,0.0,6.355136703709732,2.253992273064176,8.914594241067322,62.08209569039299,70.99668993146031
11.330000000000453,7.23,3.7669461179488173,2.0791475051149386,2.0296306911062674,0.7031756310369106,11.142461855666163,-5.996288055969842,0.0,-1.0086902811927978,1.904769662026255,0.0,0.8303500942019802,-2.344927410745054,0.0,6.408232257670998,2.2691859178423845,9.01611906427761,61.980479340202116,70.99659840447973
11.332000000000454,7.23,3.7710276842537493,2.0805417847697454,2.051945501940114,0.6910644395890781,11.172126516775428,-6.115040747535666,0.0,-1.0070271871029066,1.90006926670476,0.0,0.8327399856441173,-2.355464050575598,0.0,6.461061110850309,2.2842139897573315,9.118309004618787,61.87819640119946,70.99650540581825
11.334000000000454,7.23,3.77515393861701,2.081911603986887,2.0743183004393515,0.678714919347182,11.200444188551357,-6.234615521548309,0.0,-1.0053593392204112,1.8953478232776872,0.0,0.8351037335034228,-2.3659756932741787,0.0,6.513609482679361,2.299068250376348,9.221166529490535,61.775244381974204,70.99641091146474
11.336000000000455,7.23,3.7793249942986256,2.083256484469926,2.0967463606530417,0.6661254341551339,11.227382930424636,-6.355004297433402,0.0,-1.0036867907755662,1.89060538069604,0.0,0.8374403952931333,-2.376463388189042,0.0,6.565863467290022,2.313740377746019,9.324694145636157,61.67162075153288,70.99631489716903
11.338000000000456,7.23,3.783540959042969,2.0845759446665597,2.1192268929456755,0.6532943644485589,11.25291100428138,-6.476198563188638,0.0,-1.002009596879954,1.8858419857746873,0.0,0.8397490323244148,-2.386928222107495,0.0,6.617809035219031,2.3282219724756676,9.428894398802752,61.56732293964316,70.99621733844592
11.340000000000456,7.23,3.787801934951818,2.085869499802672,2.1417570444375915,0.6402201081227549,11.276996910131027,-6.598189370339584,0.0,-1.000327814517938,1.881057683117422,0.0,0.8420287106647744,-2.397371319316985,0.0,6.669432035086429,2.342504564111551,9.533769873354755,61.46234833722472,70.99611821057947
11.342000000000457,7.23,3.792108018358369,2.0871366619181266,2.1643338995176946,0.6269010814103778,11.299609422737548,-6.720967329262207,0.0,-0.998641502536171,1.8762525150419367,0.0,0.8442785021165036,-2.407793841620046,0.0,6.720718195239824,2.356579617799189,9.639323191839265,61.35669429678829,70.99601748862756
11.344000000000458,7.23,3.796459299702346,2.0883769399043293,2.186954480430384,0.6133357197680966,11.320717629191808,-6.844522604895145,0.0,-0.9969507216311324,1.8714265215048171,0.0,0.8464974852140447,-2.4181969883013354,0.0,6.771653125356886,2.370438541230262,9.74555701450217,61.25035813292416,70.99591514742633
11.346000000000458,7.23,3.800855863406365,2.0895898395435673,2.2096157479385443,0.5995224787714138,11.340290967399955,-6.968844912864905,0.0,-0.9952555343346521,1.8665797400266526,0.0,0.8486847462390722,-2.428581996045001,0.0,6.822222317998421,2.384072691869589,9.85247403875361,61.143337122841444,70.99581116159506
11.348000000000459,7.23,3.805297787753696,2.090774863550149,2.2323146020644105,0.5854598350168037,11.3582992654596,-7.093923516047343,0.0,-0.9935560049973854,1.8617122056173618,0.0,0.8508393802520232,-2.4389501388006027,0.0,6.872411150104222,2.397473384456844,9.960076998581673,61.03562850695933,70.995705505541
11.35000000000046,7.23,3.80978514476759,2.0919315116133537,2.2550478829100418,0.5711462870302708,11.374712781892697,-7.21974722158956,0.0,-0.9918521997702126,1.8568239507018423,0.0,0.8529604921386759,-2.4493027275959234,0.0,6.922204884424232,2.4106318987765887,10.068368663913077,60.92722948955147,70.99559815346456
11.35200000000046,7.23,3.814318000092327,2.0930592804422035,2.277812371559095,0.5565803561813853,11.389502246700834,-7.34630437841615,0.0,-0.9901441865835268,1.851915005046043,0.0,0.8550471976703362,-2.4596411102949833,0.0,6.971588670877434,2.4235394876893688,10.177351839919709,60.81813723944453,70.99548907936423
11.354000000000461,7.23,3.8188964128761493,2.094157663812068,2.300604791061496,0.5417605876017998,11.402638903205464,-7.473582875244405,0.0,-0.9884320351243983,1.8469853956835838,0.0,0.8570986245760336,-2.4699666712997135,0.0,7.0205475478313595,2.436187385415431,10.287029366270069,60.70834889077218,70.99537825704225
11.356000000000462,7.23,3.8235204356562487,2.095226152613111,2.3234218075025463,0.526685551107207,11.414094550632402,-7.601570139132851,0.0,-0.9867158168115707,1.8420351468430252,0.0,0.8591139136250981,-2.4802808311936757,0.0,7.069066443294906,2.44856681606177,10.397404116324266,60.59786154378539,70.99526566010965
11.358000000000462,7.23,3.828190114245978,2.096264234900581,2.3462600311579034,0.5113538421216466,11.42384158739672,-7.730253134588093,0.0,-0.9849956047682957,1.8370642798759091,0.0,0.8610922197183637,-2.4905850463264407,0.0,7.117130176017893,2.4606690023820748,10.508478996272013,60.486672265720074,70.99515126199209
11.360000000000463,7.23,3.832905487624461,2.0972713959469544,2.3691160177357955,0.4957640826030185,11.431853055040781,-7.859618363254793,0.0,-0.9832714737929694,1.8320728131856958,0.0,0.8630327129861454,-2.500880808337177,0.0,7.164723456490743,2.472485174758082,10.620256944212302,60.37477809172293,70.99503503593523
11.362000000000464,7.23,3.8376665878287706,2.098247118295929,2.391986269707722,0.47991492196861335,11.438102682774977,-7.989651864213721,0.0,-0.9815435003275725,1.8270607621577106,0.0,0.8649345798910936,-2.511169643616176,0.0,7.2118308878382775,2.4840065803899285,10.732740929174236,60.26217602583634,70.99491695501058
11.364000000000464,7.23,3.8424734398488622,2.099190881818266,2.4148672377287936,0.4638050380194168,11.442564932567315,-8.120339214913017,0.0,-0.9798117624239008,1.8220281390902335,0.0,0.8667970243338887,-2.521453112703082,0.0,7.258436966601926,2.495224492681861,10.845933950078026,60.14886304204313,70.99479699212115
11.366000000000465,7.23,3.847326061525437,2.100102163769482,2.4377553221487536,0.4474331378618983,11.445215044724689,-8.251665532757434,0.0,-0.9780763397075786,1.8169749531268562,0.0,0.868619268759691,-2.5317328096206992,0.0,7.304526083405163,2.5061302208087506,10.959839034635518,60.03483608537179,70.99467512000732
11.368000000000466,7.23,3.852224463450918,2.1009804388493767,2.460646874614604,0.4307979588259418,11.446029083905437,-8.383615477380772,0.0,-0.9763373133398684,1.811901210190237,0.0,0.8704005552631655,-2.5420103611434,0.0,7.350082523497641,2.516715119447752,11.074459238189771,59.92009207306285,70.99455131125262
11.370000000000466,7.23,3.8571686488737247,2.1018251792633937,2.4835381997656336,0.41389826937752805,11.44498398549942,-8.516173253626052,0.0,-0.9745947659772676,1.8068069129173814,0.0,0.8721401466898404,-2.5522874259991895,0.0,7.39509046717387,2.526970598658471,11.18979764249294,59.80462789579671,70.99442553828965
11.372000000000467,7.23,3.8621586136060286,2.102635854785801,2.50642555702152,0.3967328700247285,11.442057602308552,-8.649322615258114,0.0,-0.9728487817289092,1.8016920605965931,0.0,0.8738373277314337,-2.5625656940046806,0.0,7.439533990063153,2.5368881338938594,11.30585735442217,59.68844041898376,70.99429777340593
11.374000000000468,7.23,3.8671943459351827,2.103411932824674,2.529305162464035,0.3793005942155208,11.43722875145767,-8.783046869433036,0.0,-0.9710994461117811,1.7965566491062157,0.0,0.8754914060127985,-2.5728468851323103,0.0,7.483397063288089,2.54645927612331,11.422641504633152,59.571526484116546,70.9941679887497
11.376000000000468,7.23,3.872275826539003,2.1041528784886636,2.552173190812738,0.3616003092258888,11.430477261462215,-8.917328881948428,0.0,-0.9693468460037837,1.791400670855312,0.0,0.8771017131679814,-2.5831327485093114,0.0,7.526663553489807,2.555675662048198,11.54015324615116,59.453882910184745,70.99403615633591
11.378000000000469,7.23,3.8774030284051,2.104858154655534,2.5750257774949032,0.3436309170366212,11.421784019376425,-9.052151083298252,0.0,-0.9675910695946415,1.7862241147264102,0.0,0.8786676059029018,-2.59342506134801,0.0,7.569317222718703,2.564529024389405,11.658395752899224,59.3355064951525,70.99390224805173
11.38000000000047,7.23,3.8825759167544427,2.1055272220424355,2.597859020809754,0.3253913551971766,11.411131017942239,-9.187495475555375,0.0,-0.9658322063347143,1.781026966020466,0.0,0.8801884670420365,-2.603725627807307,0.0,7.6113417281907045,2.573011202225284,11.77737221816382,59.21639401749879,70.9937662356626
11.38200000000047,7.23,3.887794448969343,2.1061595392778956,2.62066898418693,0.30688059767493686,11.398501402656839,-9.323343640104769,0.0,-0.964070346881726,1.775809206404161,0.0,0.8816637065565326,-2.6140362777851895,0.0,7.652720621909526,2.581114151357932,11.897085852997792,59.096542237819946,70.99362809081774
11.384000000000471,7.23,3.893058574526057,2.1067545629754902,2.643451698538933,0.28809765568812457,11.383879518673384,-9.459676746249382,0.0,-0.9623055830454613,1.7705708138596925,0.0,0.8830927625710324,-2.6243588656424417,0.0,7.693437350156796,2.5888299546845532,12.017539884561,58.97594790049459,70.99348778505559
11.386000000000472,7.23,3.8983682349321778,2.107311747809163,2.6662031647071416,0.26904157852061805,11.36725095744709,-9.596475560710342,0.0,-0.960538007730469,1.765311762637178,0.0,0.8844751023465475,-2.6346952688577563,0.0,7.73347525285257,2.5961508325502503,12.138737554398913,58.854607735410426,70.99334528980934
11.388000000000472,7.23,3.903723363669019,2.1078305465901557,2.68891935600078,0.24971145431685446,11.348602603036218,-9.733720458042253,0.0,-0.9587677148768332,1.7600320232098259,0.0,0.8858102232366103,-2.6450473866147455,0.0,7.772817562790139,2.603069153057643,12.260682116659797,58.73251845975247,70.99320057641226
11.390000000000473,7.23,3.9091238861391657,2.108310410345504,2.711596220828073,0.23010641085497013,11.327922677965166,-9.871391431983703,0.0,-0.9569947993990506,1.7547315622319921,0.0,0.8870976536139985,-2.6554171383213965,0.0,7.811447404749723,2.6095774423083986,12.38337683625089,58.60967677985189,70.99305361610277
11.392000000000474,7.23,3.914569719619379,2.1087507883980625,2.7342296854186077,0.2102256162962885,11.305200788554588,-10.0094681077622,0.0,-0.955219357123096,1.7494103425002705,0.0,0.8883369537652319,-2.665806462062843,0.0,7.849347794497203,2.6156683945509585,12.506824986934552,58.486079393094805,70.99290438002936
11.394000000000474,7.23,3.9200607732190367,2.1091511284479956,2.7568156566357414,0.19006827990922864,11.280427969621492,-10.147929755371779,0.0,-0.9534414847217263,1.7440683229177374,0.0,0.8895277167501138,-2.676217312988376,0.0,7.88650163767475,2.621334882208545,12.63102984936517,58.361722989890154,70.99275283925533
11.396000000000475,7.23,3.925596947844288,2.109510876655695,2.779350024877698,0.16963365276567113,11.253596728450432,-10.286755303840653,0.0,-0.9516612796481083,1.7387054584614927,0.0,0.890669569223527,-2.686651661633927,0.0,7.922891728591754,2.626569965760965,12.755994709067991,58.2366042556954,70.99259896476339
11.398000000000476,7.23,3.931178136168096,2.1098294777260573,2.8018286670657955,0.14892102840778504,11.224701087935195,-10.425923356504958,0.0,-0.9498788400678366,1.7333217001536183,0.0,0.8917621722167604,-2.6971114921813504,0.0,7.958500748925271,2.6313669034535834,12.881722854360833,58.110719873099,70.99244272745983
11.400000000000476,7.23,3.9368042226063436,2.1101063749940665,2.8242474497180394,0.1279297434832885,11.193736628789285,-10.565412207303943,0.0,-0.948094264789439,1.7279169950356779,0.0,0.892805221875653,-2.7075988006561142,0.0,7.993311266340723,2.6357191608066723,13.008217574220415,57.984066523958205,70.99228409817862
11.402000000000477,7.23,3.942475083300171,2.1103410105116116,2.8466022321061235,0.10665917834708587,11.160700530722002,-10.705199858110243,0.0,-0.9463076531934429,1.7224912861468802,0.0,0.8937984501528774,-2.7181155930651375,0.0,8.027305733044491,2.639620419898211,13.135482156094378,57.85664089159056,70.99212304768494
11.404000000000478,7.23,3.9481905861047073,2.1105328251354734,2.8688888694936607,0.08510875762719855,11.12559161247626,-10.845264037107892,0.0,-0.9445191051601138,1.71704451250603,0.0,0.894741625451702,-2.7286638834767833,0.0,8.060466484281445,2.6430645883931967,13.26351988366112,57.728439663017625,70.99195954667874
11.406000000000478,7.23,3.953950590584358,2.1106812586164048,2.891103216453263,0.06327795075288256,11.088410370623766,-10.985582218229274,0.0,-0.9427287209959505,1.7115766090973725,0.0,0.8956345532186836,-2.739245692045132,0.0,8.092775736791396,2.646045808292812,13.392334034538797,57.59945953125896,70.99179356579775
11.408000000000479,7.23,3.959754948014805,2.1107857496892293,2.9132411302598835,0.04116627244280477,11.049159017012661,-11.126131641660967,0.0,-0.9409366013590486,1.7060875068604395,0.0,0.8964770764827702,-2.749863042980936,0.0,8.124215587239785,2.6485584643769355,13.521927877945785,57.46969719767428,70.99162507562006
11.41000000000048,7.23,3.965603501391865,2.1108457361638724,2.935298474357617,0.018773283151131775,11.007841514762784,-11.266889335426429,0.0,-0.9391428471834478,1.700577132684013,0.0,0.8972690763383554,-2.760517962471836,0.0,8.154768010638985,2.6505971923137817,13.652304672314703,57.33914937435186,70.99145404666656
11.41200000000048,7.23,3.9714960854473547,2.110860655017242,2.957271121896955,-0.0039014105306297044,10.964463612704263,-11.407832138052736,0.0,-0.9373475596025618,1.6950454094042855,0.0,0.8980104723699819,-2.771212476554566,0.0,8.184414858777542,2.6521568864111607,13.783467662862098,57.20781278654061,70.99128044940271
11.414000000000481,7.23,3.9774325266720956,2.110829942485866,2.979154959339269,-0.02685815551821409,10.919032878155384,-11.54893672232614,0.0,-0.9355508398718256,1.6894922558073344,0.0,0.8987012230163851,-2.7819486089421526,0.0,8.213137858675928,2.653232706984097,13.915420079116396,57.07568417512363,70.99110425424003
11.416000000000482,7.23,3.983412643346196,2.1107530341591945,3.0009458901251094,-0.05009725192778132,10.871558727936925,-11.690179620140043,0.0,-0.9337527892906765,1.6839175866359741,0.0,0.89934132587179,-2.7927283788092394,0.0,8.240918611088151,2.6538200873146116,14.048165132406803,56.942760299130335,70.99092543153714
11.418000000000482,7.23,3.9894362455767247,2.1106293650734615,3.0226398384026787,-0.07361895281989131,10.822052457521552,-11.831537248437169,0.0,-0.9319535091239931,1.6783213126010803,0.0,0.8999308179224117,-2.8035537985388723,0.0,8.26773858906958,2.653914740180046,14.181706013315583,56.809037938284646,70.99074395160022
11.420000000000483,7.23,3.9955031353429065,2.11045836980601,3.04423275281266,-0.09742346399645707,10.770527268218219,-11.972985936245724,0.0,-0.9301531005231338,1.6727033403974598,0.0,0.9004697757162585,-2.8144268714342875,0.0,8.293579136632166,2.6535126639273123,14.316045889097005,56.6745138955861,70.99055978468311
11.422000000000484,7.23,4.001613106548931,2.110239482569966,3.0657206103253634,-0.12151094385286276,10.716998292293916,-12.114501952807831,0.0,-0.9283516644466968,1.6670635727243202,0.0,0.9009583154645299,-2.8253495893993628,0.0,8.318421467508935,2.6526101480716546,14.451187901065747,56.539184999920856,70.9903729009866
11.424000000000484,7.23,4.007765945084495,2.1099721373091507,3.0870994201259774,-0.14588150328742797,10.661482615937393,-12.256061536796317,0.0,-0.9265493015811535,1.6614019083104166,0.0,0.901396593072945,-2.83632393059163,0.0,8.34224666405037,2.6512037783993914,14.58713516195805,56.40304810869958,70.99018327065762
11.426000000000485,7.23,4.0139614288931496,2.1096557677931167,3.108365227543509,-0.1705352056703895,10.60399929997226,-12.397640926614297,0.0,-0.9247461122614867,1.6557182419439085,0.0,0.9017848041016201,-2.847351857051842,0.0,8.365035676275783,2.649290441555736,14.72389075326898,56.26610011051847,70.98999086378745
11.428000000000486,7.23,4.02019932804855,2.109289807712185,3.129514118018826,-0.1954720668745589,10.544569398230106,-12.539216391769866,0.0,-0.9229421963919825,1.6500124645069827,0.0,0.9021231836521768,-2.8584353123142727,0.0,8.386769321103264,2.6468673290998876,14.861457722569218,56.12833792784026,70.98979565040948
11.430000000000486,7.23,4.02647940483868,2.108873690772354,3.150542221107034,-0.22069205536979683,10.483215973497982,-12.68076426531638,0.0,-0.9211376533673229,1.6442844630152689,0.0,0.902412006181013,-2.869576219002072,0.0,8.40742828178216,2.6439319410113034,14.99983908080503,55.98975851969151,70.98959760049654
11.432000000000487,7.23,4.032801413858105,2.108406850789958,3.1714457145092525,-0.24619509238342407,10.419964110958338,-12.822260977346723,0.0,-0.9193325819941257,1.638534120662077,0.0,0.90265158523781,-2.8807764764120884,0.0,8.426993107552098,2.640482088632512,15.139037799585095,55.85035888437218,70.98939668395727
11.434000000000488,7.23,4.039165102108317,2.107888721785934,3.1922208281286992,-0.2719810521286641,10.354840929044084,-12.963683089528045,0.0,-0.9175270804130808,1.6327613168674673,0.0,0.9028422731285847,-2.8920379580937396,0.0,8.445444213552886,2.6365158970356752,15.279056808458101,55.71013606217394,70.98919287063204
11.436000000000488,7.23,4.045570209106211,2.1073187380795644,3.2128638481458394,-0.2980497621031826,10.287875587636073,-13.10500733066132,0.0,-0.9157212460218398,1.626965927332174,0.0,0.9029844605027245,-2.903362509426586,0.0,8.46276188100932,2.6320318068016473,15.419898992184953,55.5690871381032,70.98898613028815
11.438000000000489,7.23,4.052016467000726,2.1066963343815486,3.233371121107214,-0.32440100345975714,10.2190992935356,-13.246210633248293,0.0,-0.9139151753988063,1.6211478240963597,0.0,0.9030785758637567,-2.914751945201351,0.0,8.47892625771485,2.6270285752024725,15.561567188009871,55.42720924460454,70.98877643261442
11.44000000000049,7.23,4.058503600697676,2.1060209458862613,3.253739058022437,-0.3510345114510711,10.148545303149787,-13.387270171046174,0.0,-0.9121089642279798,1.6153068756032152,0.0,0.9031250850036885,-2.926208047209231,0.0,8.493917358837695,2.621505276779829,15.70406418293417,55.284499564280736,70.98856374721491
11.44200000000049,7.23,4.06503132799277,2.105292008363044,3.2739641384637284,-0.37794997595058805,10.076248922334086,-13.528163397588717,0.0,-0.9103027072250102,1.6094429467673463,0.0,0.9031244903611357,-2.9377325618443875,0.0,8.507715068072388,2.615461303314386,15.847392710997415,55.14095533260459,70.988348043602
11.444000000000491,7.23,4.071599359712843,2.1045089582463783,3.294042914662245,-0.4051470420514145,10.002247503341758,-13.66886808565005,0.0,-0.9084964980646083,1.6035558990479617,0.0,0.9030773303034634,-2.949327197724546,0.0,8.520299139159173,2.608896363182487,15.991555450569788,54.99657384061899,70.98812929118878
11.446000000000492,7.23,4.078207399865254,2.103671232724781,3.3139720155953856,-0.4326253107450128,9.926580438837533,-13.809362367626154,0.0,-0.9066904293094712,1.597645590526784,0.0,0.902984178333603,-2.9609936233347067,0.0,8.531649197792772,2.6018104800993034,16.136555021660413,54.851352437620136,70.98790745928055
11.448000000000492,7.23,4.084855145795461,2.102778269828261,3.3337481510591505,-0.4603843396815719,9.849289152939097,-13.949624776806706,0.0,-0.9048845923408666,1.5917118759906472,0.0,0.9028456422223095,-2.972733464698927,0.0,8.541744743941019,2.59420399124935,16.282393983245896,54.7052885338198,70.98768251706569
11.450000000000493,7.23,4.091542288352711,2.1018295085141716,3.353368115719592,-0.4884236440137881,9.770417089257682,-14.08963428950845,0.0,-0.903079077291027,1.5857546070187216,0.0,0.9026623630668762,-2.9845483030851807,0.0,8.550565154592757,2.586077544807525,16.42907483062355,54.5583796029821,70.98745443360565
11.452000000000494,7.23,4.098268512063808,2.100824388751292,3.372828793137323,-0.5167426973257494,9.690009695916482,-14.229370368039326,0.0,-0.9012739729774984,1.579773632074292,0.0,0.9024350142775588,-2.996439672748248,0.0,8.558089686952956,2.5774320968559987,16.576599992793806,54.41062318503031,70.98722317782412
11.454000000000494,7.23,4.105033495314903,2.099762351601962,3.392127159759032,-0.545340932648551,9.608114407533732,-14.368813004461336,0.0,-0.8994693668395886,1.5737687966010028,0.0,0.9021643004932205,-3.0084090587155905,0.0,8.564297482101631,2.5682689077045846,16.724971829876456,54.26201688861902,70.98698871849548
11.456000000000495,7.23,4.1118369105412205,2.0986428393021006,3.4112602888699195,-0.5742177435642084,9.524780624165324,-14.507942765118152,0.0,-0.8976653448770523,1.5677399431234909,0.0,0.9018509564278703,-3.0204578946210696,0.0,8.569167569131373,2.5585895376241767,16.874192630565084,54.112558393667314,70.9867510242324
11.458000000000496,7.23,4.118678424424658,2.097465295338924,3.430225354500984,-0.6033724853993608,9.440059687210418,-14.64674083589242,0.0,-0.8958619915911504,1.561686911352293,0.0,0.9014957456500532,-3.0325875605913204,0.0,8.57267886977649,2.5483958420051995,17.024264609624254,53.96224545384821,70.98651006347247
11.460000000000496,7.23,4.125557698099136,2.0962291645261875,3.449019635285091,-0.6328044765101885,9.354004852292213,-14.78518906815629,0.0,-0.8940593899282199,1.555609538292932,0.0,0.9010994592972186,-3.044799381189514,0.0,8.574810203544867,2.537689965954977,17.175189905434024,53.81107589903023,70.98626580446425
11.462000000000497,7.23,4.132474387363615,2.0949338930767643,3.467640518255794,-0.6625129996598929,9.266671259134888,-14.9232700253774,0.0,-0.8922576212258708,1.5495076583590452,0.0,0.9006629147274738,-3.0570946234210785,0.0,8.575540293361344,2.5264743383502006,17.326970577586156,53.65904763766608,70.98601821525223
11.464000000000498,7.23,4.139428142902641,2.0935789286723767,3.486085502582931,-0.692497303490013,9.178115898466913,-15.060967030341923,0.0,-0.8904567651619459,1.543381103489439,0.0,0.9001869541112761,-3.0694744948059056,0.0,8.57484777172935,2.5147516653625126,17.479608604536526,53.50615865912448,70.985767263661
11.466000000000498,7.23,4.146418610514298,2.092163720530287,3.5043522032390846,-0.7227566040867711,9.088397575990156,-15.198264212954921,0.0,-0.8886568997063539,1.5372297032689293,0.0,0.899672442965838,-3.081940141521356,0.0,8.572711187414946,2.502524923477243,17.633105881318,53.352407035960596,70.9855129172786
11.4680000000005,7.23,4.153445431345418,2.090687719466765,3.522438354591087,-0.7532900866435631,8.997576873463505,-15.335146558577899,0.0,-0.8868581010758868,1.5310532850528276,0.0,0.8991202686352195,-3.0944926466202385,0.0,8.569109012654943,2.4897973520272263,17.78746421731809,53.1977909261209,70.98525514343899
11.4700000000005,7.23,4.160508242133891,2.089150377957125,3.5403418139108536,-0.784096907220628,8.905716106959426,-15.471599956862935,0.0,-0.885060443692131,1.5248516740949016,0.0,0.8985313387193057,-3.10713302832778,0.0,8.564019650888163,2.4765724452655173,17.942685334125645,53.04230857507804,70.98499390920368
11.4720000000005,7.23,4.167606675457919,2.087551150192158,3.5580605647999586,-0.8151761946028475,8.812879282361255,-15.607611251042481,0.0,-0.8832640001425669,1.5186246936786638,0.0,0.8979065794549792,-3.119862238421377,0.0,8.557421445006078,2.4628539440023514,18.09877086345059,52.88595831789172,70.98472918134232
11.474000000000501,7.23,4.174740359992024,2.0858894921307356,3.5755927205225073,-0.8465270522565465,8.719132048178498,-15.743168287633317,0.0,-0.8814688411449509,1.5123721652518216,0.0,0.8972469340529557,-3.132681160696719,0.0,8.549292686116166,2.4486458268332263,18.255722345120574,52.72873858119196,70.98446092631254
11.476000000000502,7.23,4.1819089207696205,2.0841648615484103,3.5929365272410325,-0.8781485603860816,8.624541645767325,-15.878259966514312,0.0,-0.8796750355150685,1.506093908563694,0.0,0.8965533609940206,-3.145590609523677,0.0,8.539611622808607,2.4339523009868107,18.41354122515876,52.57064788508018,70.98418911023893
11.478000000000502,7.23,4.189111979451969,2.0823767180817994,3.610090367150313,-0.9100397780909256,8.529176857052608,-16.012876291336923,0.0,-0.8778826501379279,1.499789741805436,0.0,0.8958268322883733,-3.158591328495048,0.0,8.528356470913591,2.4187777928221936,18.572228853945887,52.411684844945256,70.98391369889114
11.480000000000503,7.23,4.196349154603282,2.080524523268552,3.627052761504225,-0.9421997456238713,8.433107949857543,-16.147008420228648,0.0,-0.8760917499424701,1.4934594817528604,0.0,0.895068331702077,-3.1716839891710533,0.0,8.515505423733803,2.403126938006667,18.731786484470604,52.251848173190254,70.98363465766086
11.482000000000504,7.23,4.203620061971778,2.078607740582701,3.643822373530959,-0.9746274867509029,8.336406620956197,-16.280648716750395,0.0,-0.8743023978798594,1.487102943911681,0.0,0.894278852954589,-3.184869189922192,0.0,8.501036662733318,2.387004571405894,18.89221527067129,52.09113668086705,70.98335195153834
11.484000000000504,7.23,4.21092431477645,2.0766258354651894,3.6603980112321644,-1.0073220112132046,8.239145936973424,-16.413790801069645,0.0,-0.8725146549053973,1.4807199426649609,0.0,0.8934593978915691,-3.198147454872763,0.0,8.484928368661157,2.3704157167195707,19.05351626587238,51.92954927921518,70.98306554508756
11.486000000000505,7.23,4.218261523999309,2.074578275349376,3.6767786300618504,-1.0402823172917002,8.141400273265676,-16.54642960131297,0.0,-0.8707285799641173,1.4743102914225783,0.0,0.8926109746371234,-3.2115192329470994,0.0,8.467158733084567,2.353365575896067,19.2156904213185,51.76708498110237,70.98277540242087
11.488000000000506,7.23,4.225631298682866,2.072464529681303,3.6929633354811515,-1.0735073944744475,8.04324525092518,-16.678561405063128,0.0,-0.8689442299800905,1.4678738027724954,0.0,0.8917345957298027,-3.224984897020244,0.0,8.447705970304046,2.335859518360415,19.378738584808826,51.60374290236375,70.98248148717258
11.490000000000506,7.23,4.233033246232596,2.070284069934529,3.708951385385347,-1.1069962262271453,7.94475767205821,-16.8101839109679,0.0,-0.8671616598494731,1.4614102886336149,0.0,0.8908312762466976,-3.238544743174498,0.0,8.426548329619036,2.3179030700903103,19.542661499434608,51.43952226303709,70.98218376247169
11.492000000000507,7.23,4.240466972724121,2.0680363696193176,3.7247421923998423,-1.1407477928669425,7.846015453496661,-16.941296280430414,0.0,-0.8653809224373095,1.4549195604100202,0.0,0.8899020319199886,-3.2521989900629387,0.0,8.403664107910176,2.2995019025750376,19.707459802421834,51.274422388491956,70.9818821909138
11.494000000000508,7.23,4.2479320832148595,2.0657209042859743,3.740335326042146,-1.174761074539687,7.7470975591100135,-17.07189918935295,0.0,-0.8636020685781134,1.4484014291463834,0.0,0.8889478772503242,-3.2659477783806956,0.0,8.379031662501022,2.28066182169227,19.873134024081367,51.108442710450575,70.98157673453194
11.496000000000508,7.23,4.255428182059854,2.063337151522125,3.755730514747217,-1.2090350543006945,7.648083930892366,-17.201994879909826,0.0,-0.861825147080215,1.441855705684314,0.0,0.8879698236214656,-3.279791170444443,0.0,8.352629424259387,2.2613887565378175,20.039684586868326,50.941582767898495,70.98126735476683
11.49800000000051,7.23,4.262954873231519,2.060884590943731,3.7709276477539095,-1.2435687212990731,7.549055419006341,-17.331587212327708,0.0,-0.8600502047338788,1.4352822008194535,0.0,0.8869688774204966,-3.2937291498802277,0.0,8.324435910895485,2.2416887482428023,20.207111804552238,50.773842207883845,70.98095401243609
11.50000000000051,7.23,4.270511760643018,2.05836270417963,3.785926776850622,-1.2783610740656026,7.4500937109726335,-17.460681716656037,0.0,-0.8582772863231679,1.428680725459071,0.0,0.8859460381680269,-3.307761621419417,0.0,8.294429740411559,2.2215679388127567,20.37541588149934,50.605220786203105,70.98063666770244
11.50200000000051,7.23,4.278098448474988,2.0557709748493993,3.8007281179786303,-1.3134111239041308,7.351281260200118,-17.58928564451376,0.0,-0.8565064346415374,1.42205109077997,0.0,0.8849022966625937,-3.321888410802227,0.0,8.262589644655055,2.201032560022115,20.544596912068183,50.435718367973195,70.98031528004138
11.504000000000511,7.23,4.28571454150533,2.053108888534332,3.81533205269199,-1.3487178983864334,7.252701214057414,-17.71740802080341,0.0,-0.8547376905111176,1.4153931083864808,0.0,0.8838386331435216,-3.3361092647879396,0.0,8.228894482925048,2.1800889223971662,20.714654880118932,50.265334928088656,70.97998980820759
11.506000000000512,7.23,4.293359645441774,2.0503759327413182,3.8297391294732948,-1.3842804449504647,7.154437341692375,-17.845059695388343,0.0,-0.8529710928056563,1.4087065904683178,0.0,0.8827560154763937,-3.350423851270602,0.0,8.193323255579394,2.158743404319557,20.885589658637524,50.09407055156326,70.97966021020079
11.508000000000512,7.23,4.301033367256934,2.0475715968594317,3.8439500649049956,-1.4200978346019248,7.056573961810427,-17.97225339473405,0.0,-0.8512066784770552,1.4019913499581098,0.0,0.8816553973651272,-3.3648317594986374,0.0,8.155855117587965,2.137002441281295,21.05740100947411,49.92192543375633,70.97932644323043
11.510000000000513,7.23,4.308735315525554,2.044695372109004,3.8579657446964166,-1.4561691657190814,6.959195870627511,-18.099003773520103,0.0,-0.849444482585461,1.395247200688388,0.0,0.8805377165945892,-3.379332500396512,0.0,8.116469391975594,2.114872515321144,21.230088583196334,49.74889988048355,70.97898846367988
11.512000000000514,7.23,4.316465100763672,2.04174675148299,3.8717872245670346,-1.4924935679607925,6.862388270216984,-18.225327466235605,0.0,-0.8476845383328281,1.3884739575478247,0.0,0.8794038933075671,-3.393925506986231,0.0,8.075145583096448,2.0923601446710336,21.403651919056696,49.57499430801248,70.97864622706918
11.514000000000514,7.23,4.324222335769405,2.038725229680412,3.8854157309870283,-1.5290702062777215,6.766236697473133,-18.35124313877691,0.0,-0.8459268770998997,1.3816714366365366,0.0,0.8782548283196842,-3.408610134906189,0.0,8.03186338968043,2.0694718736395123,21.578090445073524,49.40020924294396,70.97829968801749
11.516000000000515,7.23,4.3320066359650715,2.0356303030316787,3.898852661776563,-1.5658982850267693,6.670826953916802,-18.476771540073912,0.0,-0.8441715284865121,1.374839455420255,0.0,0.8770914014757838,-3.4233856630244963,0.0,7.986602717590483,2.046214262757931,21.753403478224485,49.22454532197975,70.97794880020423
11.518000000000516,7.23,4.339817619740376,2.032461469415573,3.9120995865657155,-1.6029770521888154,6.576245036570648,-18.601935553777874,0.0,-0.8424185203551428,1.3679778328831729,0.0,0.8759144700510884,-3.4382512941437016,0.0,7.939343692229112,2.0225938792133165,21.929590224751454,49.04800329157801,70.97759351632946
11.520000000000516,7.23,4.347654908796373,2.0292182281676996,3.925158247117411,-1.6403058036899278,6.482577070133303,-18.726760250051615,0.0,-0.8406678788776099,1.3610863896792975,0.0,0.8747248672002208,-3.453206155793465,0.0,7.89006667053126,1.9986172875900923,22.106649780575218,48.87058400749817,70.97723378807339
11.522000000000517,7.23,4.355518128489941,2.025900079980187,3.9380305575162,-1.6778838878262987,6.389909240682776,-18.851272937511567,0.0,-0.8389196285848238,1.3541649482821345,0.0,0.8735234004570551,-3.4682493011075075,0.0,7.838752252480314,1.9742910409411636,22.284581131818054,48.69228843423672,70.97686956605477
11.524000000000518,7.23,4.363406908178514,2.022506526792436,3.950718604226161,-1.71571070979326,6.298327731139866,-18.97550321537881,0.0,-0.8371737924194845,1.3472133331325362,0.0,0.8723108502880875,-3.483379709780857,0.0,7.78538129208356,1.949621672206854,22.463383155432233,48.513117644356484,70.97650079978871
11.526000000000518,7.23,4.371320881564782,2.019037071672704,3.9632246460216876,-1.7537857363188667,6.207918658722609,-19.099483025906267,0.0,-0.8354303917916139,1.3402313707845486,0.0,0.8710879687018912,-3.4985962891031765,0.0,7.729934907743313,1.9246156859984562,22.643054619931956,48.33307281771096,70.97612743764292
11.52800000000052,7.23,4.379259687041145,2.0154912186903218,3.9755511137953623,-1.7921085004026724,6.11876801462182,-19.22324670715781,0.0,-0.8336894466368188,1.3332188900491384,0.0,0.8698554779168177,-3.513897875063729,0.0,7.672394491960122,1.8992795507607894,22.823594186226124,48.152155240567545,70.97574942679367
11.53000000000052,7.23,4.387222968033657,2.011868472778318,3.987700610247597,-1.8306786061604863,6.030961606127463,-19.346831046225805,0.0,-0.8319509754771515,1.3261757221356243,0.0,0.8686140690891235,-3.5292832335232585,0.0,7.612741720304643,1.8736196913267016,23.005000408548934,47.97036630463127,70.97536671318021
11.53200000000052,7.23,4.395210373345239,2.008168339586258,3.9996759094631664,-1.869495733776082,5.94458500143343,-19.470275332983565,0.0,-0.8302149954844547,1.319101700790713,0.0,0.8673644011032412,-3.544751061447903,0.0,7.550958559595506,1.8476424818739576,23.187271735485147,47.787707505973245,70.97497924145839
11.534000000000521,7.23,4.403221557497929,2.0043903253230644,4.011479956380218,-1.9085596445610367,5.859723477347033,-19.593621414480268,0.0,-0.8284815225460617,1.311996662435002,0.0,0.8661070994258062,-3.5602999882000215,0.0,7.487027275221169,1.821354239293218,23.37040651108665,47.60418044386654,70.9745869549532
11.536000000000522,7.23,4.411256181073977,2.0005339365896084,4.023115866157794,-1.9478701861240983,5.776461970126718,-19.71691375009743,0.0,-0.8267505713327251,1.3048604462968567,0.0,0.8648427550247112,-3.5759285768806555,0.0,7.420930437544799,1.7947612169735945,23.5544029760764,47.419786819533726,70.97418979561013
11.538000000000523,7.23,4.419313911055574,1.9965986802008573,4.034586923448339,-1.9874272976517378,5.694885029669442,-19.840199467598087,0.0,-0.8250221553686404,1.2976928945435484,0.0,0.8635719233543262,-3.591635325718133,0.0,7.352650927332328,1.767869599010524,23.73925926913613,47.23452843480942,70.97378770394555
11.540000000000523,7.23,4.427394421163036,1.9925840629973415,4.0458965815821175,-2.0272310153018083,5.615076777265572,-19.96352842021209,0.0,-0.823296287103431,1.2904938524095715,0.0,0.86229512340765,-3.6074186694972354,0.0,7.282171940145353,1.7406854948384791,23.92497342827351,47.048407190722166,70.97338061899568
11.542000000000524,7.23,4.435497392191276,1.9884895916457237,4.057048461670885,-2.067281477712542,5.537120867136547,-20.086953244914405,0.0,-0.8215729779859633,1.2832631683220779,0.0,0.8610128368359449,-3.623276981023125,0.0,7.209476989641905,1.7132149342891834,24.111543392264185,46.86142508600037,70.97296847826455
11.544000000000525,7.23,4.44362251234441,1.9843147724282306,4.068046351638597,-2.1075789316294364,5.46110045196668,-20.210529422066582,0.0,-0.8198522385398551,1.2760006940233417,0.0,0.8597255071362148,-3.6392085726141796,0.0,7.134549909729994,1.6854638630742587,24.298967002164606,46.673584215506025,70.97255121767063
11.546000000000525,7.23,4.451769477568359,1.980059111020711,4.078894205187349,-2.1481237376529405,5.38709815263728,-20.334315336606615,0.0,-0.8181340784405379,1.2687062846902215,0.0,0.8584335389065623,-3.6552116976177076,0.0,7.057374855520581,1.6574381386892647,24.48724200289039,46.484886768601676,70.97212877149207
11.548000000000526,7.23,4.45993799188132,1.9757221122590756,4.089596140707155,-2.188916376110232,5.315196032367242,-20.458372340986376,0.0,-0.8164185065937453,1.2613797990505693,0.0,0.8571372971692338,-3.671284551942479,0.0,6.977936303028683,1.6291435267343972,24.676366044855616,46.29533502745498,70.9717010723106
11.550000000000527,7.23,4.468127767702015,1.9713032798938648,4.100156440138584,-2.229957453054798,5.245475575460859,-20.582764820072548,0.0,-0.8147055312152828,1.2540210994965646,0.0,0.8558371067609339,-3.687425275601859,0.0,6.8962190475733385,1.6005856976454886,24.86633668566773,46.10493136528627,70.971268050954
11.552000000000527,7.23,4.47633852617562,1.9668021163326874,4.110579547797667,-2.271247706397968,5.178017670859821,-20.707560258242495,0.0,-0.812995159911956,1.24663005219496,0.0,0.8545332517897163,-3.703631954261318,0.0,6.812208200829392,1.5717702238273163,25.05715139187278,45.91367824456428,70.97082963643706
11.554000000000528,7.23,4.484569997497317,1.9622181223702602,4.1208700691728675,-2.312788012177045,5.1129026006929,-20.832829308924797,0.0,-0.8112873997635126,1.239206527194221,0.0,0.8532259751576136,-3.719902620783998,0.0,6.72588918648633,1.5427025771799294,25.248807540745872,45.72157821515499,70.97038575590086
11.556000000000529,7.23,4.492821921233424,1.9575507969057697,4.131032769704309,-2.3545793909651795,5.050210034013298,-20.958645866850723,0.0,-0.8095822574054818,1.2317503985286018,0.0,0.8519154781477493,-3.7362352567679893,0.0,6.637247734471681,1.5133881270069687,25.441302422120653,45.52863391242984,70.9699363345505
11.55800000000053,7.23,4.5010940466400635,1.9527996366472689,4.141072573555829,-2.396623014428695,4.990019025910914,-21.0850871433036,0.0,-0.8078797391127666,1.2242615443191363,0.0,0.8506019200747379,-3.7526277940689,0.0,6.546269873698732,1.4838321382942135,25.634633240252857,45.334848055338,70.96948129559085
11.56000000000053,7.23,4.509386132979391,1.947964135802805,4.150994562390774,-2.4389202120381634,4.932408022183755,-21.212233744671533,0.0,-0.8061798508838841,1.2167398468716266,0.0,0.8492854179966474,-3.7690781163013445,0.0,6.4529419233009735,1.45403977034489,25.828797115711563,45.140223444449276,70.96902056016084
11.56200000000053,7.23,4.517697949833379,1.9430437857579677,4.16080397416286,-2.481472477940159,4.877454869750598,-21.340169754630832,0.0,-0.8044825985257136,1.2091851927716353,0.0,0.8479660464868908,-3.7855840603128588,0.0,6.357250482317526,1.4240160757577143,26.023791087292643,44.94476295997259,70.96855404726523
11.564000000000531,7.23,4.5260292774152076,1.938038074739525,4.170506201933744,-2.5242814779973006,4.825236832985236,-21.468982820309073,0.0,-0.8027879877386436,1.2015974729765788,0.0,0.8466438374639672,-3.802143417623833,0.0,6.25918241779662,1.3937659997323677,26.219612113948017,44.74846955975683,70.96808167370484
11.566000000000532,7.23,4.534379906878332,1.932946487464805,4.180106792729335,-2.5673490570049045,4.7758306161517545,-21.598764242800417,0.0,-0.8010960242020095,1.1939765829049707,0.0,0.8453187800769731,-3.8187539358269937,0.0,6.158724851286046,1.3632943796865569,26.416257076725085,44.55134627727915,70.96760335400424
11.568000000000533,7.23,4.542749640623309,1.9277685047764601,4.18961144644723,-2.610677246093353,4.729312392119587,-21.729609072430264,0.0,-0.7994067136596975,1.1863224225229134,0.0,0.8439908206445293,-3.8354133199399607,0.0,6.05586514368182,1.3326059451680239,26.613722780709846,44.353396219627356,70.9671190003372
11.570000000000533,7.23,4.551138292602497,1.9225036032622318,4.199026014828002,-2.6542682703260883,4.685757837537915,-21.86161620919256,0.0,-0.7977200620058247,1.17863489642794,0.0,0.8426598626446032,-3.8521192337044554,0.0,5.9505908784083426,1.3017053180442946,26.8120059569677,44.15462256548213,70.96662852244982
11.572000000000534,7.23,4.559545688622779,1.917151254859316,4.208356500503457,-2.6981245565040277,4.645242174650409,-21.994888508810874,0.0,-0.7960360753703913,1.1709139139303129,0.0,0.8413257667526195,-3.8688693008256703,0.0,5.842889842905234,1.270597012952659,27.011103264475643,43.95502856310529,70.96613182758094
11.574000000000535,7.23,4.567971666646469,1.9117109264429024,4.217609056135304,-2.742248741188123,4.607840219933528,-22.129532894903413,0.0,-0.7943547602048093,1.1631593891319127,0.0,0.8399883509249978,-3.8856611061453625,0.0,5.732750008397754,1.2392854379923761,27.211011292039483,43.75461752834027,70.96562882037975
11.576000000000535,7.23,4.57641607709059,1.9061820793984414,4.2267899836580884,-2.7866436789527778,4.573626439745828,-22.265660477764474,0.0,-0.792676123367217,1.1553712410028496,0.0,0.8386473905252746,-3.9024921967422155,0.0,5.620159507929446,1.207774895641178,27.4117265601898,43.55339284263091,70.9651194028207
11.578000000000536,7.23,4.584878783124767,1.9005641691771604,4.235905733640587,-2.8313124508838934,4.542675013180277,-22.4033866803068,0.0,-0.7910001722075087,1.1475493934559478,0.0,0.8373026184896583,-3.919360082953001,0.0,5.50510661263685,1.1760695838777417,27.613245523050377,43.35135795106463,70.96460347411501
11.580000000000537,7.23,4.593359660967962,1.894856644834328,4.244962904780284,-2.876258373336442,4.515059902318358,-22.542831371746413,0.0,-0.7893269146519922,1.139693775419287,0.0,0.8359537255288767,-3.936262239308052,0.0,5.387579706247469,1.1441735974920846,27.81556457017253,43.14851636044671,70.96408093061925
11.582000000000537,7.23,4.60185860018435,1.8890589485497302,4.253968243545918,-2.921485006967666,4.490854930092714,-22.684119009649006,0.0,-0.7876563592876099,1.131804320906946,0.0,0.8346003603631078,-3.953196105374581,0.0,5.267567257783139,1.1120909295660018,28.0186800283291,42.94487163741101,70.96355166574011
11.584000000000538,7.23,4.6103755039786405,1.8831705151297897,4.262928643983555,-2.966996166063274,4.4701338659748995,-22.82737879099777,0.0,-0.7859885154456575,1.1238809690881677,0.0,0.8332421299865316,-3.970159086501264,0.0,5.145057792451413,1.079825473105674,28.22258816326158,42.74042740657417,70.96301556983575
11.586000000000539,7.23,4.618910289491181,1.877190771490725,4.2718511477020416,-3.01279592817538,4.452970519716465,-22.97274481298699,0.0,-0.7843233932849519,1.115923664355139,0.0,0.8318785999581074,-3.987148554457554,0.0,5.020039860708318,1.0473810228091878,28.427285181373975,42.53518734873914,70.96247253011312
11.58800000000054,7.23,4.627462888093236,1.8711191361221045,4.280742944054196,-3.0588886440923733,4.43943884338545,-23.120356244292715,0.0,-0.7826610038743899,1.1079323563895964,0.0,0.830509294715089,-4.0041618479610515,0.0,4.892502005475684,1.014761276952083,28.632767231367037,42.329155199154116,70.96192243052116
11.59000000000054,7.23,4.636033245682827,1.8649550185301114,4.289611370530581,-3.1052789481624745,4.429613041956192,-23.270357507622386,0.0,-0.7810013592748594,1.0999070002285039,0.0,0.8291336979056108,-4.021196273086214,0.0,4.7624327274961225,0.9819698393744395,28.839030405806,42.122334745833456,70.96136515163946
11.59200000000054,7.23,4.644621322981596,1.858697818659788,4.298463913383243,-3.1519717689943754,4.423567692728834,-23.42289847440067,0.0,-0.779344472620477,1.0918475563290273,0.0,0.8277512527367996,-4.038249103547593,0.0,4.629820448808281,0.9490102215538919,29.046070742616067,41.914729827946545,70.96080057056261
11.594000000000541,7.23,4.653227095833153,1.852346926295482,4.307308208497354,-3.1989723405601445,4.421377873875971,-23.57813467250767,0.0,-0.777690358199106,1.0837539906330798,0.0,0.826361362334695,-4.055317580850601,0.0,4.494653474323918,0.9158858447494587,29.25388422649823,41.70634433428082,70.96022856077906
11.596000000000542,7.23,4.661850555503439,1.8459017204386599,4.316152042529355,-3.246286213727473,4.423119302437423,-23.73622750804956,0.0,-0.7760390315321556,1.0756262746317065,0.0,0.824963390112238,-4.072398914302738,0.0,4.356919951487272,0.8826000422019046,29.462466790259718,41.49718220178556,70.95964899204529
11.598000000000543,7.23,4.670491708983639,1.8393615686622056,4.325003354330807,-3.293919268250362,4.428868482111561,-23.897344502211336,0.0,-0.7743905094536321,1.0674643854295822,0.0,0.8235566601416511,-4.089490280877954,0.0,4.216607827995385,0.8491560613772874,29.671814316051794,41.28724741420206,70.95906173025385
11.600000000000543,7.23,4.679150579296252,1.8327258264402506,4.3338702366779485,-3.3418777252495255,4.438702861221093,-24.061659544316118,0.0,-0.7727448101884484,1.0592683058099452,0.0,0.822140457527367,-4.106588824926613,0.0,4.073704807556,0.8155570662410732,29.881922636508744,41.07654400078711,70.95846663729586
11.602000000000544,7.23,4.687827205804938,1.8259938364525277,4.342760938327688,-3.3901681602161173,4.452701001265892,-24.229353162297606,0.0,-0.7711019534299869,1.0510380243002602,0.0,0.8207140287758029,-4.123691657723314,0.0,3.9281983036572936,0.7818061395513697,30.09278753578118,40.865076035135694,70.95786357091687
11.604000000000545,7.23,4.696521644528826,1.8191649278621629,4.3516838664216655,-3.4387975165748847,4.470942756512243,-24.400612811879753,0.0,-0.7694619604169375,1.0427735352389678,0.0,0.8192765821580821,-4.140795856844453,0.0,3.7800753913205276,0.7479062851606044,30.304404750456854,40.65284763410955,70.9572523845664
11.606000000000545,7.23,4.705233968461991,1.8122384155657505,4.360647589260936,-3.48777311984554,4.493509465110603,-24.575633185855573,0.0,-0.767824854009406,1.0344748388436429,0.0,0.8178272880620334,-4.157898465367079,0.0,3.629322756803493,0.7138604303162992,30.516769970362258,40.43986295687767,70.95663292723992
11.608000000000546,7.23,4.713964267898879,1.8052135994144713,4.369660839474854,-3.5371026924440216,4.520484152279926,-24.754616544960417,0.0,-0.766190658764345,1.0261419412809492,0.0,0.8163652793295507,-4.174996490880255,0.0,3.4759266452187116,0.6796714279524383,30.72987883923794,40.226126204075655,70.9560050433136
11.610000000000547,7.23,4.722712650766473,1.7980897634049333,4.378732517608885,-3.586794369168431,4.551951746148491,-24.937773071950698,0.0,-0.7645594010103283,1.017774854738765,0.0,0.8148896515755679,-4.192086904299585,0.0,3.3198728060259626,0.6453420589642348,30.94372695528054,40.011641617090305,70.95536857237084
11.612000000000547,7.23,4.731479242964088,1.7908661748383141,4.387871696157286,-3.636856713417763,4.58799930689766,-25.1253212506228,0.0,-0.7629311089216934,1.0093735975008795,0.0,0.8133994634848699,-4.2091666384751,0.0,3.1611464363537563,0.6108750344602125,31.15830987154416,39.79641347747601,70.95472334902017
11.614000000000548,7.23,4.740264188711688,1.7835420834462918,4.3970876240679635,-3.6872987341951573,4.628716269918306,-25.317488271643803,0.0,-0.7613058125921375,1.0009381940246986,0.0,0.8118937370828654,-4.226232586582122,0.0,2.999732122099189,0.5762729979866668,31.373623096193946,39.58044610651038,70.95406920270432
11.616000000000549,7.23,4.749067650907714,1.7761167204821378,4.406389731748292,-3.738129903951299,4.674194703758469,-25.5145104672144,0.0,-0.7596835441077856,0.9924686750223835,0.0,0.8103714579766377,-4.243281600284003,0.0,2.8356137767493754,0.5415385277209114,31.58966209260396,39.36374386489538,70.95340595749934
11.61800000000055,7.23,4.757889811497449,1.7685892977752333,4.4157876366023325,-3.7893601773277723,4.724529583717336,-25.716633776747138,0.0,-0.7580643376198146,0.9839650775459091,0.0,0.8088315755624044,-4.26031048765494,0.0,2.6687745778613645,0.5066741386308394,31.8064222792914,39.1463111526119,70.9527334319033
11.62000000000055,7.23,4.76673087185302,1.7609590067471472,4.4252911491316524,-3.8410000108647404,4.779819082024454,-25.924114245921906,0.0,-0.7564482294167004,0.9754274450765247,0.0,0.8072730031956686,-4.277316010850224,0.0,2.499196901130235,0.4716822845997011,32.02389902967979,38.928152408934764,70.95205143861455
11.62200000000055,7.23,4.77559105316618,1.7532250173872752,4.434910279633943,-3.8930603837422226,4.840164875635744,-26.13721856167568,0.0,-0.7548352579961635,0.9668558276191369,0.0,0.8056946183202398,-4.294294883510304,0.0,2.326862251967296,0.4365653605162036,32.24208767168143,38.70927211261617,70.95135978429761
11.624000000000551,7.23,4.784470596855132,1.7453864771859018,4.444655245535775,-3.9455528196295737,4.905672472779257,-26.356224625898548,0.0,-0.7532254641369023,0.9582502818021664,0.0,0.8040952625523832,-4.311243767884047,0.0,2.1517511945021592,0.401325704331445,32.46098348709151,38.489674782245565,70.95065826933708
11.626000000000552,7.23,4.793369764986673,1.7374425100223891,4.454536479398226,-3.998489409723543,4.976451559495624,-26.581422170842814,0.0,-0.7516188909702068,0.9496108709834437,0.0,0.8024737417163186,-4.328159271655401,0.0,1.9738432779132202,0.3659655990854527,32.68058171078397,38.269364976794215,70.94994668757818
11.628000000000553,7.23,4.802288840715062,1.7293922150060286,4.464564637636707,-4.05188283706156,5.0526163675411215,-26.813113419511343,0.0,-0.7500155840515478,0.9409376653627699,0.0,0.8008288258272656,-4.345037944456321,0.0,1.7931169599815926,0.3304872749074908,32.900877529699436,38.04834729635345,70.94922482605288
11.630000000000553,7.23,4.811228128739074,1.7212346652669144,4.474750609999198,-4.105746402203703,5.134286065156683,-27.051613794575548,0.0,-0.7484155914322672,0.9322307421017797,0.0,0.7991592490182482,-4.361876274047467,0.0,1.6095495277531215,0.29489291099568293,33.12186608161545,37.82662638307592,70.94849246469137
11.632000000000554,7.23,4.820187955778815,1.712968906694,4.485105529850248,-4.1600940503842265,5.221585172354998,-27.297252679686075,0.0,-0.7468189637314611,0.9234901854517833,0.0,0.7974637094068929,-4.378670682146465,0.0,1.4231170151819588,0.2591846375829158,33.343542453687775,37.60420692232921,70.94774937601699
11.634000000000555,7.23,4.829168671073944,1.7045939566172925,4.495640785311563,-4.214940400241565,5.314644002542116,-27.550374237385036,0.0,-0.7452257542082008,0.914716086890333,0.0,0.7957408688983119,-4.395417519881852,0.0,1.2337941176173912,0.22336453789738703,33.56590168075135,37.38109364407286,70.94699532482421
11.636000000000555,7.23,4.838170646905086,1.6961088024309117,4.506368031313821,-4.270300774244554,5.413599132470381,-27.81133828820761,0.0,-0.7436360188342162,0.9059085452672678,0.0,0.7939893529202803,-4.412113062848743,0.0,1.0415541029829916,0.1874346501277044,33.78893874336907,37.157291324469135,70.9462300678382
11.638000000000556,7.23,4.847194279140302,1.6875124001534934,4.517299202618525,-4.32619123094217,5.51859390271887,-28.080521255981665,0.0,-0.7420498163671722,0.8970676669610693,0.0,0.792207750086797,-4.428753505740146,0.0,0.846368719483729,0.15139696940392092,34.01264856561488,36.9328047877398,70.94545335335468
11.640000000000557,7.23,4.856239987808632,1.6788036729221583,4.528446527873345,-4.382628599174581,5.629778951117165,-28.358317184796036,0.0,-0.7404672084247061,0.888193566046403,0.0,0.7903946117860708,-4.4453349565253735,0.0,0.6482080996623989,0.1152534498074609,34.23702601257763,36.707638908281275,70.94466492085891
11.642000000000557,7.23,4.86530821770283,1.6699815094159722,4.539822544769431,-4.4396305143947306,5.747312781770699,-28.64513883362105,0.0,-0.7388882595593508,0.879286364473775,0.0,0.788548451689041,-4.461853430144269,0.0,0.44704066061167674,0.07900600642455116,34.4620658875704,36.48179861305151,70.94386450062191
11.644000000000558,7.23,4.874399439013586,1.6610447622045201,4.551440116374797,-4.497215457262221,5.87136237261369,-28.941418855130586,0.0,-0.7373130373345413,0.8703461922623226,0.0,0.7866677451742583,-4.4783048416830376,0.0,0.2428330001320549,0.04265651745940356,34.68776292902952,36.25528888424354,70.94305181327306
11.646000000000559,7.23,4.883514147997651,1.651992246016874,4.563312448723985,-4.555402794684948,6.002103824712203,-29.247611065903012,0.0,-0.7357416124018488,0.861373187706794,0.0,0.7847509286651922,-4.494684998994051,0.0,0.03554978860911903,0.006206826425233622,34.91411180708552,36.02811476226097,70.94222656934649
11.64800000000056,7.23,4.892652867682473,1.6428227359258736,4.5754531097510105,-4.6142128234990105,6.139723056866994,-29.564191815872384,0.0,-0.7341740585796328,0.8523674975998765,0.0,0.7827963988757288,-4.510989594718356,0.0,-0.17484634363428658,-0.030341255567017816,35.14110711978765,35.80028134901232,70.94138846879997
11.65000000000056,7.23,4.901816148610116,1.6335349654422364,4.587876049660044,-4.673666816993892,6.284416549429375,-29.891661465673124,0.0,-0.7326104529333035,0.8433292774711223,0.0,0.780802511959613,-4.527214197665447,0.0,-0.3883949237740929,-0.06698594740040274,35.36874338896129,35.57179381154309,70.94053720050438
11.65200000000056,7.23,4.911004569623448,1.6241276245125877,4.600595622836477,-4.73378707450805,6.436392141645497,-30.230545981377702,0.0,-0.7310508758573724,0.8342586918437869,0.0,0.7787675825596507,-4.5433542435003265,0.0,-0.60513775899201,-0.103725495400222,35.597015055676174,35.3426573860246,70.93967244170076
11.654000000000561,7.23,4.92021873869778,1.6145993574150252,4.61362661141014,-4.794596974339981,6.595869887291222,-30.581398657077308,0.0,-0.72949541115953,0.8251559145110442,0.0,0.776689882752127,-4.5594050246827305,0.0,-0.8251190643569314,-0.14055817061273793,35.825916475301646,35.11287738212229,70.93879385742395
11.656000000000562,7.23,4.9294592938213855,1.6049487605453265,4.6269842505924,-4.856121030241773,6.763082973855898,-30.94480197681546,0.0,-0.7279441461469202,0.8160211288331037,0.0,0.7745676408822102,-4.575361679597762,0.0,-1.0483855964054491,-0.17748226588592833,36.055441912122554,34.882459187765974,70.93790109988853
11.658000000000563,7.23,4.938726903928581,1.595174380086346,4.640684255919962,-4.918384951786321,6.938278711085773,-31.321369628562618,0.0,-0.7263971717148731,0.8068545280569434,0.0,0.7723990402856364,-4.591219180810772,0.0,-1.2749867927688212,-0.21449609272140904,36.28558553348723,34.651408274348675,70.9369938078359
11.660000000000563,7.23,4.948022269889313,1.5852747095525408,4.654742852550404,-4.981415708926067,7.121719595311676,-31.711748684233864,0.0,-0.7248545824383072,0.797656315660462,0.0,0.7701822178921879,-4.606972322372335,0.0,-1.504974918216639,-0.2515979778639804,36.516341403456444,34.41973020238187,70.93607160583832
11.662000000000564,7.23,4.957346125559524,1.5752481872009017,4.669176806768009,-5.0452416010905505,7.313684456671182,-32.116621961218506,0.0,-0.7233164766660494,0.788426705723037,0.0,0.7679152627063373,-4.622615706091172,0.0,-1.7384052175113958,-0.288786259592439,36.747703475919415,34.18743062763769,70.9351341035571
11.664000000000565,7.23,4.966699238896887,1.5650931932988361,4.684003459873406,-5.109892331202607,7.514469697099512,-32.53671058252821,0.0,-0.7217829566183178,0.7791659233246471,0.0,0.7655962141603473,-4.6381437266841194,0.0,-1.9753360754925633,-0.32605928367222853,36.97966558713895,33.95451530781237,70.93418089495133
11.666000000000565,7.23,4.976082413146851,1.5548080472387569,4.699240764647152,-5.175399085029076,7.72439062781759,-32.9727767545014,0.0,-0.7202541284876292,0.7698742049758929,0.0,0.7632230603351978,-4.653550555702234,0.0,-2.215829184833623,-0.36341539892727387,37.21222144768511,33.7209901097475,70.9332115574326
11.668000000000566,7.23,4.985496488104365,1.5443910044882585,4.714907324595751,-5.2417946163217355,7.943782916000532,-33.425626783052344,0.0,-0.718730102543412,0.7605517990814866,0.0,0.7607937360445977,-4.668830124121118,0.0,-2.4599497219404847,-0.40085295238478463,37.445364633712266,33.48686101725024,70.93222565096251
11.670000000000567,7.23,4.99494234145707,1.5338402533638091,4.731022436209036,-5.30911333824844,8.173004151379379,-33.89611435175,0.0,-0.7172109932405798,0.7511989664399923,0.0,0.7583061207775774,-4.683976103470996,0.0,-2.7077665314845185,-0.43837028394312255,37.67908857752995,33.252134139557036,70.931222717087
11.672000000000567,7.23,5.004420890216213,1.5231539116148365,4.747606134480517,-5.377391421663521,8.41243554472765,-34.38514408758918,0.0,-0.7156969193323756,0.7418159807828817,0.0,0.755758036495132,-4.698981885368103,0.0,-2.959352320087637,-0.47596572050873975,37.9133865574128,33.0168157204904,70.93020227790319
11.674000000000568,7.23,5.013933092242106,1.5123300228039358,4.764679241967523,-5.446666900821073,8.662483771529665,-34.893675443210206,0.0,-0.7141880039877659,0.7324031293562494,0.0,0.7531472452766433,-4.713840559293085,0.0,-3.2147838597002223,-0.5136375695439591,38.14825168658954,32.7809121483632,70.92916383495273
11.676000000000569,7.23,5.023479947871486,1.50136655246766,4.78226342169604,-5.5169797871954485,8.92358297563943,-35.42272692757649,0.0,-0.7126843749137004,0.7229607135488626,0.0,0.7504714468120923,-4.728544888444391,0.0,-3.474142201233808,-0.551384111962744,38.383676901344444,32.54442996669063,70.92810686803507
11.67800000000057,7.23,5.033062501654814,1.4902613840409586,4.800381234246433,-5.588372192140891,9.196196949439676,-35.973380720782195,0.0,-0.7111861644825506,0.7134890495705868,0.0,0.7477282757364203,-4.743087283474464,0.0,-3.7375128990294852,-0.5892035943067824,38.619654948158086,32.30737588577665,70.92703083393474
11.68000000000057,7.23,5.042681844212227,1.4790123145267906,4.819056199391118,-5.660888459197639,9.480821508925525,-36.5467877127864,0.0,-0.7096935098650312,0.7039884691856326,0.0,0.7449152988030817,-4.757459773893796,0.0,-4.004986246757695,-0.6270942201291518,38.85617836980549,32.06975679524838,70.92593516505387
11.68200000000057,7.23,5.052339114217663,1.4676170498907446,4.838312862694261,-5.734575306935942,9.777987084298013,-37.144173010525456,0.0,-0.7082065531689494,0.6944593205055152,0.0,0.742030011894351,-4.771653976902193,0.0,-4.276657525355551,-0.6650541405074504,39.09323949032225,31.831579777620398,70.92481926794264
11.684000000000571,7.23,5.06203550052151,1.45607320015862,4.858176867527083,-5.809481983323542,10.088261549089632,-37.76684196310934,0.0,-0.706725441584089,0.6849019688471484,0.0,0.7390698368671376,-4.785661063377312,0.0,-4.5526272636103196,-0.7030814436028691,39.33083039873813,31.592852122979615,70.92368252171775
11.686000000000572,7.23,5.071772244423129,1.4443782741928504,4.878675033001127,-5.885660432707336,10.412253313600608,-38.4161867607493,0.0,-0.7052503275335796,0.6753167976620498,0.0,0.7360321182340808,-4.799471720717365,0.0,-4.833001511992549,-0.7411741431760532,39.56894293146741,31.353581344891865,70.92252427635927
11.688000000000573,7.23,5.081550642105609,1.4325296741213516,4.89983543837644,-5.963165476617871,10.750614711542266,-39.09369366978767,0.0,-0.7037813688320643,0.6657042095432792,0.0,0.7329141196814406,-4.813076112197013,0.0,-5.117892130324333,-0.7793301659651155,39.807568653231954,31.113775197642276,70.92134385087422
11.690000000000573,7.23,5.091372047246329,1.420524689389835,4.921687514562895,-6.042055009737468,11.104045712315047,-39.800950973817514,0.0,-0.7023187288509941,0.6560646273174708,0.0,0.7297130204272146,-4.826463832452363,0.0,-5.4074170898358425,-0.8175473378257821,40.04669883637967,30.87344169493507,70.92014053131474
11.692000000000574,7.23,5.101237873818184,1.4083604904057903,4.944262143401599,-6.122390212521246,11.473297995354557,-40.53965769951939,0.0,-0.7008625766913631,0.6463984952301111,0.0,0.7264259114255287,-4.8396238586617315,0.0,-5.701700790111289,-0.8558233685288038,40.286324438444545,30.63258913019225,70.9189135686368
11.694000000000575,7.23,5.111149599097775,1.396034121739211,4.967591765490721,-6.204235782127131,11.859179427525048,-41.31163321565076,0.0,-0.6994130873641895,0.6367062802331613,0.0,0.7230497914264064,-4.85254449693239,0.0,-6.000874391348985,-0.8941558351054519,40.52643607777644,30.391226098607902,70.91766217638434
11.696000000000575,7.23,5.121108766898507,1.3835424948416293,4.991710497407018,-6.287660183498736,12.262558989706386,-42.11882780477043,0.0,-0.6979704419790103,0.6269884733851506,0.0,0.719581562904186,-4.865213323338856,0.0,-6.305076162252286,-0.9325421636290766,40.767024007048505,30.149361521132967,70.91638552818148
11.698000000000576,7.23,5.131116991048301,1.37088238024114,5.016654259272422,-6.372735922656544,12.684372204596928,-42.96333431995877,0.0,-0.6965348279406299,0.6172455913750491,0.0,0.7160180278726739,-4.877617118983957,0.0,-6.61445184372099,-0.970979609319239,41.008078084427076,29.907004670586943,70.91508275501403
11.700000000000577,7.23,5.14117595913366,1.358050399166743,5.042460913725626,-6.459539844491475,13.125627124447554,-43.84740105323453,0.0,-0.6951064391543607,0.6074781781825868,0.0,0.7123558836113292,-4.889741798368369,0.0,-6.929155028315422,-1.00946523485608,41.24958774216153,29.664165200117353,70.91375294227888
11.702000000000577,7.23,5.151287436534061,1.3450430145504841,5.0691704174834715,-6.5481534576244105,13.587410945064331,-44.77344595881604,0.0,-0.6936854762398467,0.5976868068891694,0.0,0.7085917183346075,-4.901572330255602,0.0,-7.249347555205418,-1.0479958867973949,41.491541952323324,29.42085317425456,70.91239512657788
11.704000000000578,7.23,5.161453270773148,1.331856521350449,5.09682498681816,-6.63866328919985,14.070897321115472,-45.744072393138175,0.0,-0.6922721467536022,0.58787208165534,0.0,0.7047220068458128,-4.913092650105307,0.0,-7.575199919977215,-1.086568169999839,41.733929189386565,29.177079102842626,70.91100829222918
11.706000000000579,7.23,5.17167539621602,1.3184870361315888,5.125469278436029,-6.731161272826673,14.577354467699243,-46.76208655494149,0.0,-0.6908666654202068,0.5780346398826599,0.0,0.7007431062289099,-4.9242855630156095,0.0,-7.906891698232547,-1.1251784199618913,41.97673738930509,28.932853978161443,70.90959136746653
11.70800000000058,7.23,5.181955839145052,1.3049304858345505,5.1551505874246555,-6.8257451732694445,15.108154144460801,-47.83051683319081,0.0,-0.6894692543720263,0.5681751545801806,0.0,0.6966512516461728,-4.935132635961711,0.0,-8.244611981350728,-1.1638226730305004,42.2199539046954,28.688189315597786,70.90814322029318
11.71000000000058,7.23,5.192296723250223,1.291182595655042,5.185919064140268,-6.9225190519365265,15.664781631486822,-48.95263529849233,0.0,-0.6880801433971826,0.558294336958288,0.0,0.6924425523276158,-4.945614077939441,0.0,-8.588559822063646,-1.2024966344494838,42.46356545568229,28.443097198270745,70.90666265395303
11.71200000000058,7.23,5.20270027557388,1.2772388759476787,5.217827952140328,-7.021593777713744,16.248846820992163,-50.131981605560995,0.0,-0.6866995701952492,0.5483929392756415,0.0,0.6881129878606839,-4.955708606414089,0.0,-8.938944686575349,-1.241195644279732,42.707558075904984,28.197590326070934,70.90514840197592
11.714000000000581,7.23,5.213168832954381,1.2630946080586045,5.250933849530708,-7.12308758826303,16.862096565702423,-51.372389610704055,0.0,-0.6853277806399897,0.5384717579684308,0.0,0.6836584049162153,-4.965393298231544,0.0,-9.295986908791114,-1.279914641293294,42.9519170531124,27.951682069637858,70.90359912275026
11.716000000000582,7.23,5.2237048490180245,1.2487448289803011,5.285296996397525,-7.227126707554046,17.506428444124587,-52.678017049860884,0.0,-0.683965029048045,0.5285316370950691,0.0,0.6790745145813386,-4.97464342286326,0.0,-9.659918140740938,-1.3186481250436008,43.196626863696565,27.70538652987169,70.90201339356825
11.718000000000583,7.23,5.234310901774425,1.2341843147097482,5.320981591335596,-7.333846026134194,18.183906124908166,-54.05337867016516,0.0,-0.682611578452212,0.5185734721340856,0.0,0.6743568905123092,-4.983432255521607,0.0,-10.030981791408196,-1.3573901164492903,43.44167110042084,27.458718603662614,70.90038970408345
11.720000000000583,7.23,5.2449897018768254,1.2194075621772613,5.358056140474399,-7.443389851481213,18.896776537587733,-55.503383262035776,0.0,-0.6812677008773681,0.5085982141782447,0.0,0.6695009681737006,-4.991730867287335,0.0,-10.409433443801587,-1.3961341174132864,43.68703239249162,27.211694056618704,70.89872644911033
11.722000000000584,7.23,5.255744101616133,1.2044087695977133,5.396593842844924,-7.555912736736624,19.647489085540858,-57.03337510025546,0.0,-0.6799336776165714,0.49860687457411457,0.0,0.6645020454960561,-4.9995078889249465,0.0,-10.795541237106145,-1.434873070244644,43.93269231699805,26.964329603689883,70.89702192068793
11.724000000000585,7.23,5.2665771047256,1.1891818150781872,5.436673016434152,-7.671580397203428,20.438717169391996,-58.64918037220724,0.0,-0.678609799504107,0.4886005300634897,0.0,0.6593552853665123,-5.006729244510102,0.0,-11.18958619694927,-1.4735993179804128,44.178631300597104,26.71664299872078,70.89527429931789
11.726000000000585,7.23,5.277491877082344,1.1737202332961358,5.478377569846212,-7.790570725224915,21.273382325727468,-60.35715925021859,0.0,-0.6772963671812889,0.4785803284914475,0.0,0.6540557204696156,-5.013357850338417,0.0,-11.591862492005282,-1.5123045671438433,44.424828510151244,26.468653134123365,70.8934816442746
11.728000000000586,7.23,5.288491758402392,1.1580171900395133,5.521797525139398,-7.913074915462119,22.154681327223027,-62.1642643535629,0.0,-0.6759936913497305,0.46854749515565963,0.0,0.648598261123944,-5.01935327380569,0.0,-12.002677589062346,-1.5509798550590208,44.67126173082265,26.22038015204769,70.89164188287035
11.730000000000587,7.23,5.299580275037751,1.1420654543747613,5.5670295981456395,-8.03929871417565,23.086116636387025,-64.07810644462253,0.0,-0.6747020930052845,0.45850333988307534,0.0,0.6429777069214555,-5.024671346019586,0.0,-12.422352270935384,-1.5896155246181218,44.9179072298954,25.971845568647982,70.88975279854338
11.732000000000587,7.23,5.310761153997481,1.1258573681795538,5.614177843413617,-8.169463807914214,24.071530656213923,-66.10702831323368,0.0,-0.6734219036440754,0.4484492649336812,0.0,0.637188763178909,-5.029263720789624,0.0,-12.85122047177151,-1.6282012104272587,45.164739604312274,25.72307241330224,70.88781201761452
11.734000000000588,7.23,5.322038338329922,1.1093848127444192,5.663354371858338,-8.303809369038007,25.115144276949337,-68.2601879228635,0.0,-0.6721534654298078,0.4383867738470256,0.0,0.631226063465909,-5.03307737130639,0.0,-13.28962887177304,-1.6667258416245632,45.41173160958687,25.474085384951152,70.88581699453803
11.736000000000589,7.23,5.333416004020461,1.0926391721102666,5.714680150257773,-8.44259377777927,26.221600278276796,-70.54765202058242,0.0,-0.670897131308634,0.42831748136615466,0.0,0.6250841997966998,-5.0360540142127155,0.0,-13.737936177392415,-1.7051776684817648,45.65885396735536,25.224911028089537,70.88376499544489
11.73800000000059,7.23,5.344898578578617,1.0756112927669497,5.768285892918263,-8.586096543079243,27.39601220919605,-72.98050154673003,0.0,-0.669653265054333,0.4182431245960564,0.0,0.6187577624813991,-5.03812944882839,0.0,-14.196511992642035,-1.7435443223179365,45.906075148365346,24.97557793138038,70.88165307974572
11.74000000000059,7.23,5.356490761510216,1.0582914392907599,5.8243130571383315,-8.734620447246769,28.64401943119983,-75.57095031418876,0.0,-0.668422241222082,0.40816557558050603,0.0,0.6122413921515493,-5.039232796939771,0.0,-14.665735161014254,-1.7818129214744847,46.153361127141615,24.726116952386203,70.87947807952781
11.74200000000059,7.23,5.368197546895041,1.0406692454456254,5.882914955532107,-8.888493942550477,29.971849069865858,-78.33247855192106,0.0,-0.6672044449833587,0.39808685551311074,0.0,0.6055298471372008,-5.03928562571228,0.0,-15.145991423927882,-1.8199702404001117,46.400675103895416,24.47656147254049,70.8772365764359
11.744000000000591,7.23,5.380024248318022,1.0227336602133092,5.944257999814897,-9.048073831151118,31.38638566881991,-81.27998300772862,0.0,-0.666000271807427,0.38800915083663645,0.0,0.5986180902193203,-5.038200932809463,0.0,-15.63767019838351,-1.8580029646447478,46.6479771884426,24.226947687240383,70.87492487568298
11.746000000000592,7.23,5.391976526432842,1.0044728881516467,6.00852309227307,-9.213748263232388,32.89524936740646,-84.4299453572203,0.0,-0.6648101269456979,0.377934831530633,0.0,0.5915013998684489,-5.035881968560386,0.0,-16.141160220690935,-1.8958980622750716,46.89522403992221,23.97731493685711,70.87253897677932
11.748000000000593,7.23,5.404060419470916,0.985874323406667,6.075907182779976,-9.385940091666459,34.50688341256903,-87.80062063278243,0.0,-0.6636344246637236,0.3678664719427186,0.0,0.5841755124803099,-5.032220864823891,0.0,-16.656843730859112,-1.9336433125972483,47.14236845493531,23.727706085571178,70.8700745405065
11.750000000000593,7.23,5.416282377046006,0.9669244766244207,6.146625010778668,-9.56511062483147,36.23065174074606,-91.41224721147644,0.0,-0.6624735871507655,0.35780687458578153,0.0,0.5766368039289009,-5.027097033824813,0.0,-17.185088778387822,-1.9712280470672348,47.389358895298365,23.478167956290854,70.86752685158922
11.752000000000594,7.23,5.428649297644961,0.9476088939222544,6.220911052966842,-9.75176382191914,38.07694718807337,-95.28727949859314,0.0,-0.661328043018051,0.3477590974044049,0.0,0.5688825211051443,-5.020375292396864,0.0,-17.72623910796594,-2.008644176208154,47.63613894487543,23.22875183156213,70.86489077643756
11.754000000000595,7.23,5.441168570237455,0.9279120669887555,6.299021698228974,-9.946450976656378,40.05731054802175,-99.45064368486018,0.0,-0.6601982252724455,0.3377264851123085,0.0,0.5609110771672339,-5.011903657403186,0.0,-18.280600923902924,-2.0458876020780314,47.88264668283634,22.979514032398832,70.86216071523518
11.756000000000595,7.23,5.453848120480779,0.9078173332897488,6.3812376712594565,-10.149775934920902,42.18456010628991,-103.93001564581476,0.0,-0.6590845686210414,0.3277127053226505,0.0,0.5527224282254521,-5.001510746175563,0.0,-18.848425622917926,-2.082960150888844,48.1288139581066,22.73051658944495,70.85933054755155
11.758000000000596,7.23,5.466696462037335,0.8873067652699015,6.467866724684142,-10.362400887883954,44.47293031049288,-108.75611790031468,0.0,-0.6579875059216012,0.31772179033963077,0.0,0.5443185544291202,-4.989002701070653,0.0,-19.42988731004928,-2.1198722083387698,48.374565546597516,22.48182802394176,70.85639357053927
11.760000000000597,7.23,5.4797227535584625,0.8663610473644199,6.55924661536455,-10.585052772972082,46.93821667785163,-113.96302911521565,0.0,-0.6569074635412083,0.30775818565934576,0.0,0.5357040753301856,-4.974159539019462,0.0,-20.02505355037392,-2.1566463060722785,48.61981816890917,22.233524259756233,70.8533424286654
11.762000000000597,7.23,5.49293686191238,0.8449593395869576,6.65574837251657,-10.818530296937864,49.59792160956447,-119.58849428173292,0.0,-0.6558448553169415,0.2978268064479507,0.0,0.5268870385260485,-4.956730804442423,0.0,-20.63384733117069,-2.1933219984380568,48.86447934139375,21.9856896924171,70.85016903381086
11.764000000000598,7.23,5.506349432236369,0.8230791264599544,6.75777985111698,-11.063711563891331,52.47139201954493,-125.67421541865107,0.0,-0.6548000747226279,0.28793310353537815,0.0,0.5178799326876447,-4.936430376176112,0.0,-21.25599757681648,-2.2299624942381104,49.108446027544616,21.738418446929387,70.846864474474
11.766000000000599,7.23,5.5199719653586525,0.8006960501357676,6.865789540530457,-11.32156223908781,55.579933930140605,-132.26609001691708,0.0,-0.6537734847280507,0.2780831407947435,0.0,0.5087009921726153,-4.912930245049154,0.0,-21.890974721314613,-2.2666636823472692,49.35160304936798,21.49181586338695,70.84341891275493
11.7680000000006,7.23,5.533816903040369,0.7777837267724212,6.980270560447496,-11.59314409581529,58.94688044065642,-139.41434524606836,0.0,-0.6527654046818168,0.26828368618465404,0.0,0.4993758818737235,-4.885853037344122,0.0,-22.537906734242874,-2.303566432509452,49.59382120938437,21.246000258424985,70.83982146780936
11.7700000000006,7.23,5.547897721297095,0.7543135456544424,7.101764716707014,-11.879623661728704,62.597576248153025,-147.17348694047732,0.0,-0.6517760933441081,0.2585423192299646,0.0,0.48993987958387875,-4.854763009591438,0.0,-23.19546952869798,-2.340873390797754,49.83495506281949,21.001105021787026,70.83606008460652
11.7720000000006,7.23,5.562229031718954,0.730254451304689,7.230866397361183,-12.182280478303904,66.55922198336397,-155.60193873751342,0.0,-0.6508057269240191,0.2488675583233918,0.0,0.4804407113860809,-4.819155181411617,0.0,-23.861743745127207,-2.3788719616335796,50.074840265954876,20.75728112123213,70.832121387187
11.774000000000601,7.23,5.576826690137676,0.7055727100942392,7.3682259479891234,-12.502514176764832,70.86049175330443,-164.76118131291116,0.0,-0.649854370615794,0.23926901196353123,0.0,0.47094224654353845,-4.7784422060095935,0.0,-24.534027369461064,-2.417965828194733,50.31329041007606,20.514700106265025,70.82799051634109
11.776000000000602,7.23,5.591707911066951,0.6802316648894693,7.514551950397325,-12.841849102531404,75.53079268565078,-174.71410402283084,0.0,-0.6489219416496893,0.22975755891849858,0.0,0.461529326052021,-4.731938505311769,0.0,-25.208590355938437,-2.4587182831386336,50.55009323056308,20.27355772235032,70.8236509529134
11.778000000000603,7.23,5.606891384888496,0.6541914844738921,7.670611504555432,-13.201934509424456,80.59896909262723,-185.5221364360096,0.0,-0.6480081612381798,0.2203455633232536,0.0,0.45231408822803854,-4.678841126050254,0.0,-25.88035323456614,-2.5019119181322296,50.78500605715972,20.03407827293132,70.81908433009104
11.780000000000603,7.23,5.622397392502442,0.6274089194333881,7.8372271276707455,-13.584537280343984,86.09115653043482,-197.2405142879976,0.0,-0.6471124919584129,0.21104713186448376,0.0,0.4434442707377131,-4.618206720256326,0.0,-26.542466493981394,-2.5486309753909158,51.017750344470656,19.796519897005144,70.8142702414758
11.782000000000604,7.23,5.638247908713388,0.5998370837582185,8.015268162146796,-13.991522549955437,92.02734974452623,-209.91072540936472,0.0,-0.6462340560085548,0.20187842141570256,0.0,0.43511411604327943,-4.548924049899285,0.0,-27.185761414630743,-2.6003750375107817,51.248005092200906,19.561180964833046,70.80918605703395
11.784000000000605,7.23,5.654466680412407,0.5714252928409433,8.205633522666492,-14.42481528175072,98.41604765130707,-223.54874211543105,0.0,-0.6453715283437153,0.19285800660527708,0.0,0.4275786878906125,-4.469681519137781,0.0,-27.79803646151423,-2.6592158535811037,51.475398935043074,19.328407831777284,70.80380676682036
11.786000000000605,7.23,5.671079257831763,0.5421190056039085,8.40922107659296,-14.886332491477337,105.24606246478368,-238.12704332182244,0.0,-0.6445229968760433,0.18400731751987942,0.0,0.4211726128055924,-4.37892955364781,0.0,-28.36313767445399,-2.7280130121671515,51.69950065769568,19.098604225606124,70.7981048833018
11.788000000000606,7.23,5.688112945686243,0.5118599435918999,8.62687678125656,-15.37787106220626,112.4742218906152,-253.5476473438204,0.0,-0.6436857796865758,0.17535115747174757,0.0,0.4163344646404914,-4.274838356900613,0.0,-28.85978979177245,-2.8107086466086115,51.91980788130947,18.872242565937782,70.79205044724725
11.790000000000607,7.23,5.705596624447264,0.48058649612848336,8.859313747878735,-15.90092963974358,120.00727668901908,-269.60246723587915,0.0,-0.6428561866128198,0.1669183084158402,0.0,0.41363814091628015,-4.155252983467255,0.0,-29.26014344520799,-2.912725503302654,52.13573369179433,18.649877506302957,70.78561119809729
11.792000000000607,7.23,5.723560368689173,0.4482345716235437,9.106987631651869,-16.456434860693644,127.67595395353142,-285.91649083104517,0.0,-0.6420292099355657,0.15874222533187343,0.0,0.41383248186763044,-4.017650268169619,0.0,-29.528034783901017,-3.041494182833035,52.346591068852696,18.432161913683498,70.77875298253619
11.794000000000608,7.23,5.742034758003506,0.4147391238767908,9.369910488973858,-17.044332871348754,135.1990493115143,-301.8691911567055,0.0,-0.6411981269364928,0.1508618076125029,0.0,0.41788974873843143,-3.859106666418058,0.0,-29.61702888866613,-3.20712896286728,52.55157517820069,18.219865294666317,70.77144047286701
11.796000000000609,7.23,5.7610497364114055,0.38003666868709246,9.647381697848122,-17.66299937934405,142.13635871508848,-316.49156862426565,0.0,-0.6403539974382499,0.14332221044667914,0.0,0.4270618451836068,-3.6762934566333407,0.0,-29.468472415368108,-3.4232469069469302,52.74974398870951,18.013894238544548,70.76363822725406
11.79800000000061,7.23,5.780632832548536,0.34406920138902763,9.937614718851878,-18.30842194175923,147.83233831081856,-328.342997072195,0.0,-0.6394850451563292,0.13617561560974545,0.0,0.4429394085311902,-3.4655269824070123,0.0,-29.010063508824445,-3.707863316974116,52.939998394055216,17.81531361998318,70.7553120140384
11.80000000000061,7.23,5.800806518171044,0.30679000154842395,10.237248619623607,-18.973130489946165,151.3596575862836,-335.3879856254312,0.0,-0.6385759281130643,0.12948181100052047,0.0,0.4675018150902579,-3.222916776600324,0.0,-28.155908905035304,-4.084169536796049,53.121064236753966,17.625365881946387,70.74643011870035
11.80200000000061,7.23,5.821584486676671,0.26817180137452257,10.540764210233826,-19.644919890149446,151.48568189708632,-334.9233362317835,0.0,-0.6376069384723265,0.1233083260539769,0.0,0.5031344587860067,-2.944670731704979,0.0,-26.809680944229207,-4.580775081868034,53.291480608765,17.445483504766653,70.73696411353166
11.804000000000611,7.23,5.842966732145681,0.22821757730077874,10.83989077479755,-20.30555321303637,146.70598036421129,-323.65226231674364,0.0,-0.6365532352275256,0.11772974183655904,0.0,0.5525735705609858,-2.6276244962577193,0.0,-24.8731403921595,-5.230671283942927,53.44960185725525,17.27728674652616,70.72688860378142
11.806000000000612,7.23,5.864933584997098,0.1869736199628617,11.123200077198543,-20.929876726988663,135.4101659644974,-298.0484135605099,0.0,-0.6353843087243587,0.11282567595001891,0.0,0.6187233088384838,-2.27004124017354,0.0,-22.26240540825289,-6.067849734679256,53.59362504760609,17.12255547491189,70.71618052251799
11.808000000000613,7.23,5.887439389892628,0.1445433777532173,11.37621976603924,-21.486074009179266,116.24318060720138,-255.14784812132186,0.0,-0.63406398945568,0.10867692202230306,0.0,0.7042893412514131,-1.8726463228058159,0.0,-18.9328463378848,-7.1205126739278075,53.72165946806984,16.983162120388346,70.70482158845819
11.810000000000613,7.23,5.910407272086969,0.1010989038217487,11.582472384105362,-21.937948369296898,88.65848353675672,-193.76094796790517,0.0,-0.6325513903324123,0.10535944823237164,0.0,0.8112127727905136,-1.4396965017618586,0.0,-14.909163127258221,-8.40073136640141,53.83185625371307,16.860955693923117,70.69281194763619
11.812000000000614,7.23,5.933727153385034,0.05688517191100395,11.725696686389231,-22.249794890715723,53.50356073322313,-115.7545842960463,0.0,-0.6308031088416481,0.10293656854959199,0.0,0.9399889148810585,-0.9796722000520826,0.0,-10.310345610385012,-9.892707562630902,53.92260490416824,16.757598147277402,70.68020305144564
11.814000000000615,7.23,5.957259245722503,0.012212382069301454,11.793002888745137,-22.393317011404612,13.302658818295038,-26.670649974340694,0.0,-0.6287767088789702,0.10145055101069622,0.0,1.0890941153057696,-0.5050738555304504,0.0,-5.353963821909135,-11.544787813016551,53.992768471277905,16.67437468734137,70.66714315861927
11.816000000000615,7.23,5.980844035763182,-0.03256596053192471,11.777996761399839,-22.354473147505608,-28.095127494719105,65.04565510233623,0.0,-0.6264349701527692,0.10091580384126375,0.0,1.2548207762066257,-0.03101018412693346,0.0,-0.32797553700588156,-13.271463214726893,54.041879218332916,16.612021571053955,70.65390078938687
11.818000000000616,7.23,6.00431734711854,-0.07708609428503571,11.682521116492124,-22.137293151511123,-66.50416372598106,150.2114085697981,0.0,-0.6237498852430243,0.10131588925401325,0.0,1.4317122565057847,0.42717447245785833,0.0,4.465923104122712,-14.96792822847255,54.070200129759485,16.57062325846998,70.64082338822946
11.820000000000617,7.23,6.027526683863447,-0.12100985860689861,11.51613709788443,-21.76274244591379,-98.56726289903303,221.45856562351003,0.0,-0.6207052763039013,0.10260554500815355,0.0,1.6135010753335157,0.856411359369631,0.0,8.775068292357533,-16.532454843038824,54.0786217016539,16.54961370739087,70.62823540904478
11.822000000000617,7.23,6.050344404805133,-0.1640536083537105,11.29361566434557,-21.26322585726952,-122.49555916088521,274.8555991001667,0.0,-0.6172973628688163,0.10471708419957892,0.0,1.794187392589122,1.2476304470323216,0.0,12.43799148435095,-17.88677694058809,54.0684643833011,16.54787949283493,70.61634387613603
11.824000000000618,7.23,6.072674862710604,-0.20600390391119022,11.031642303256241,-20.675365929142437,-138.11430373266708,310.0089309862522,0.0,-0.6135333839460042,0.10756907848219854,0.0,1.9688639352848876,1.5962391956155533,0.0,15.393164967276954,-18.986532492879395,54.04128834888723,16.56392729068953,70.60521563957676
11.826000000000619,7.23,6.0944552609897125,-0.24671943052391576,10.745999169915132,-20.03382498963124,-146.39925393928073,329.04826931710005,0.0,-0.6094289882821037,0.11107491516838863,0.0,2.1340924417625553,1.9015367233894584,0.0,17.66053389723693,-19.820396547695555,53.9987564507982,16.59606502281744,70.59482147361564
11.82800000000062,7.23,6.115651954966512,-0.28612292680002416,10.449873845764813,-19.36759388882783,-148.87337483007394,335.3053805835559,0.0,-0.6050052711667152,0.1151495588623741,0.0,2.2878752585781106,2.1655913679465018,0.0,19.31149084537813,-20.40194783067208,53.94253929241973,16.642556616426706,70.58509590884644
11.83000000000062,7.23,6.136254520581734,-0.32418820941392607,10.153275946248378,-18.698707513394993,-147.12983618326462,332.26891353441454,0.0,-0.6002861206095255,0.11971393630494309,0.0,2.4293895687739187,2.3920779687273965,0.0,20.440691543559424,-20.75952517587341,53.874243398913244,16.701731846879664,70.5759752457929
11.83200000000062,7.23,6.156269471761392,-0.36092641597605457,9.863200180278485,-18.042596421455883,-142.56245097786166,322.99325080663294,0.0,-0.5952961894267411,0.1246971778663235,0.0,2.558648772939451,2.5853523196752963,0.0,21.146002391563854,-20.927589891711477,53.795358240547955,16.772051214327096,70.56740945487505
11.834000000000621,7.23,6.175714717634269,-0.39637385889635257,9.58414627116042,-17.409221666694222,-136.2670326702536,309.8816545676843,0.0,-0.5900595315203422,0.13003730169960315,0.0,2.6761935580935576,2.7498345354895424,0.0,21.51709075117932,-20.94085986412602,53.707224508378616,16.852135449383752,70.55935995776237
11.836000000000622,7.23,6.194615177813098,-0.4305824093764492,9.31872327519882,-16.80439598525522,-129.04432011165895,294.6919772025468,0.0,-0.584598793672241,0.13568093954553317,0.0,2.7828537892895695,2.8896586890888623,0.0,21.630523719136626,-20.831036247778183,53.61102279068677,16.940771354156208,70.55179414484297
11.838000000000623,7.23,6.212999563237006,-0.4636124307053801,9.068195942664547,-16.230979261176152,-121.44752599571368,278.640280614925,0.0,-0.5789348118255113,0.14158256621921161,0.0,2.8795842704205983,3.0085105833161725,0.0,21.5488530632409,-20.62540137655618,53.50777755502433,17.03690387201362,70.54468142703796
11.840000000000623,7.23,6.230898143768106,-0.49552787131888654,8.832921576137075,-15.689835025931187,-113.84044351719896,262.52775088452506,0.0,-0.5730864741582269,0.14770353560337846,0.0,2.967361011010328,3.1095815944780876,0.0,21.321732929013,-20.346556942927666,53.398370159515935,17.139621369109438,70.53799152862537
11.842000000000624,7.23,6.248341275394513,-0.5263930215359276,8.612674566300937,-15.180541505588412,-106.45015607905904,246.8559306336108,0.0,-0.5670707456720309,0.15401109836335136,0.0,3.0471211760091936,3.1955859426677247,0.0,20.987837496077958,-20.0127567276599,53.283555770641854,17.248138499019348,70.5316942696612
11.844000000000625,7.23,6.265358477907726,-0.55627047679445,8.406875881256985,-14.701894816524554,-99.40907766590195,231.91868304228362,0.0,-0.5609027816188641,0.1604774904474825,0.0,3.1197320909949253,3.2688076982279353,0.0,20.57690826374097,-19.63848808807323,53.16398088415217,17.361779120993212,70.52576000514537
11.846000000000625,7.23,6.281977894902386,-0.5852199395631703,8.2147495035114,-14.25225231687952,-92.78617532833643,217.87052867636825,0.0,-0.5545960830394042,0.16707912932014257,0.0,3.1859783910131116,3.331157962542262,0.0,20.11161933706433,-19.235108432764836,53.04019968494936,17.479960512141282,70.52016019709063
11.848000000000626,7.23,6.2982260105917565,-0.6132975852403756,8.035425823243086,-13.829759830908264,-86.60914701745924,204.77521359013554,0.0,-0.5481626661055047,0.17379592607328587,0.0,3.2465598475507673,3.384231872500438,0.0,19.60914982788487,-18.811441081541858,52.912688499544686,17.602179381330405,70.51486788087509
11.850000000000627,7.23,6.314127533996911,-0.6405557961734705,7.868007917491854,-13.432497572229588,-80.87970403450724,192.63919847786144,0.0,-0.5416132291519673,0.18061070717220895,0.0,3.3020950519253645,3.429360582692579,0.0,19.08245255563766,-18.3742918375464,52.78185817086023,17.727999787784153,70.50985795864439
11.852000000000627,7.23,6.329705388737223,-0.6670431284393509,7.711612535108408,-13.058570619390174,-75.58386599049376,181.4342360903076,0.0,-0.534957308964865,0.18750873347232622,0.0,3.3531279769974875,3.467656445331449,0.0,18.54125122458631,-17.92887766993214,52.64806446920901,17.85704286282373,70.50510733203274
11.854000000000628,7.23,6.344980766741137,-0.6928044199809177,7.565394195981429,-12.706162343981779,-70.69876489821968,171.1123077168999,0.0,-0.528203422536344,0.19447730246183847,0.0,3.4001356525908086,3.5000511944556907,0.0,17.992811765218637,-17.479173124720344,52.51161676893935,17.98897814404151,70.50059491298086
11.856000000000629,7.23,6.359973218293972,-0.7178809795518283,7.4285582257538225,-12.373563535924774,-66.19705902442193,161.615325155002,0.0,-0.521359193184343,0.20150542019471152,0.0,3.443535957501428,3.5273276816495773,0.0,17.442533279315317,-17.02818562894284,52.37278524818274,18.12351630493363,70.49630155311637
11.85800000000063,7.23,6.37470076050864,-0.7423108170958101,7.3003666810583026,-12.05918588955154,-62.04973579038099,152.8813026740136,0.0,-0.5144314614099208,0.20858353083204784,0.0,3.4836950013154198,3.5501459925928742,0.0,16.894398300481445,-16.57817200543739,52.23180685611028,18.26040306867697,70.49220992478725
11.86000000000063,7.23,6.389179992829436,-0.7661288904827983,7.180139814762563,-11.761565658054348,-58.227842506238204,144.84817789974534,0.0,-0.5074263816065925,0.21570329345093686,0.0,3.5209338490797757,3.569064821892105,0.0,16.351314915590965,-16.13080765867011,52.08889026293296,18.39941411483053,70.4883043777635
11.86200000000063,7.23,6.403426212525129,-0.7893673530538621,7.067254835150886,-11.479361323890718,-54.7035116423367,137.45608434737932,0.0,-0.5003495060488611,0.22285739748605038,0.0,3.555534502880021,3.584558922767667,0.0,15.815376471108648,-15.687318281169834,51.944219974899134,18.5403508128161,70.48457078771523
11.864000000000631,7.23,6.417453525989209,-0.8120557927073153,6.961143106730277,-11.21134780537397,-51.450527505463555,130.6486162648073,0.0,-0.4932058576583651,0.23003940970063674,0.0,3.5877451429218787,3.597033344869539,0.0,15.288058763726866,-15.248582183008557,51.797959765295346,18.683036641265684,70.48099640656103
11.866000000000632,7.23,6.431274953526694,-0.8342214573485551,6.861286533865728,-10.956408829220432,-48.4445991454131,124.37344697026447,0.0,-0.4859999929882158,0.23724364689499888,0.0,3.6177846759982373,3.606835061436975,0.0,14.770369911178406,-14.81520973742492,51.650255545069356,18.827314175474857,70.47756972054421
11.868000000000633,7.23,6.444902526500304,-0.8558894641522905,6.767213597966497,-10.713528505934827,-45.66344876511025,118.5825402975456,0.0,-0.478736056746131,0.2444650696532613,0.0,3.6458466592994654,3.6142624818822986,0.0,14.262964419813866,-14.38760506254204,51.501237773641975,18.973042545428214,70.47428031907019
11.870000000000633,7.23,6.458347376459053,-0.8770829917402613,6.67849534021051,-10.481782752843008,-43.08678756936552,113.23211301862159,0.0,-0.47141782903277757,0.2516991933246292,0.0,3.6721026733755644,3.619573253856032,0.0,13.766230141813852,-13.966013936091644,51.35102349149811,19.120095284033553,70.47111877553166
11.872000000000634,7.23,6.4716198163307626,-0.8978234553915441,6.594741464565053,-10.260330952189154,-40.69622602305894,108.2824514349765,0.0,-0.4640487663246945,0.2589420131617446,0.0,3.696705216262087,3.6229906813563053,0.0,13.280354672486515,-13.550561044560231,51.19971804072739,19.268358499524755,70.46807654025214
11.874000000000635,7.23,6.484729414027752,-0.9181306659977527,6.51559665967186,-10.04840806423037,-38.47514886830639,103.69764890454283,0.0,-0.4566320370921072,0.2661899411245223,0.0,3.719790185207401,3.624709021674564,0.0,12.805376123379144,-13.141278965236504,51.04741652722605,19.417729317811062,70.46514584503711
11.876000000000635,7.23,6.497685058959536,-0.9380229737995481,6.440737189247802,-9.8453173075618,-36.40857422730774,99.44530689977736,0.0,-0.44917055281591656,0.27343975232877793,0.0,3.7414790053122244,3.624897872230096,0.0,12.34122199415817,-12.73813073322063,50.89420506825989,19.568114550237055,70.46231961849695
11.878000000000636,7.23,6.510495022012348,-0.9575173980919137,6.369867769785643,-9.650423450800336,-34.4830088397491,95.49622622088755,0.0,-0.4416669950569691,0.280688539497155,0.0,3.761880456948132,3.6237058167294407,0.0,11.887738956527857,-12.341027423198826,50.740161861026756,19.719429550128755,70.45959141115551
11.880000000000637,7.23,6.523167009572326,-0.9766297441284038,6.302718735360192,-9.4631467177492,-32.686306705500165,91.82410449222289,0.0,-0.43412383913410735,0.28793367407358184,0.0,3.7810922467094255,3.6212634667815466,0.0,11.444715680996966,-11.94984185054931,50.58535810137802,19.871597227949472,70.45695532932749
11.882000000000637,7.23,6.535708212156544,-0.9953747084316259,6.239043478143953,-9.282957283254545,-31.007535290525677,88.40524922354933,0.0,-0.4265433748846249,0.2951727729067738,0.0,3.799202360178694,3.617686008514895,0.0,11.01190032468412,-11.564419246203961,50.4298587766375,20.024547200145246,70.45440597678275
11.884000000000638,7.23,6.548125348186486,-1.0137659736563567,6.178616147077903,-9.109370323153003,-29.436851448214878,85.21831129944744,0.0,-0.41892772490999547,0.3024036696050729,0.0,3.8162902290638714,3.613075342541632,0.0,10.589013912556599,-11.184585567342209,50.2737233522339,20.178215051045086,70.45193840327899
11.886000000000639,7.23,6.56042470340006,-1.0318162940708553,6.12122958421115,-8.941941575011779,-27.965387936575546,82.244040952311,0.0,-0.41127886064974345,0.3096243898238269,0.0,3.832427740299642,3.607521888700475,0.0,10.175760553437469,-10.810153957981571,50.117006368451555,20.33254169068087,70.44954805913243
11.88800000000064,7.23,6.572612166356149,-1.049537572632541,6.06669347731627,-8.780263364141847,-26.58515062463257,79.46506653121364,0.0,-0.4035986165755081,0.3168331298752327,0.0,3.847680110451403,3.60110611350138,0.0,9.771835211915635,-10.440929759478484,49.95975796082407,20.48747279425605,70.44723075508011
11.89000000000064,7.23,6.584693260443025,-1.0669409305433322,6.014832707713241,-8.623961049880581,-25.288926012427538,76.86569533535035,0.0,-0.3958887027543878,0.32402823815506077,0.0,3.8621066451432347,3.593899827385919,0.0,9.376929590203192,-10.076714382911813,49.80202431543504,20.642958311339747,70.44498262677479
11.89200000000064,7.23,6.596673172760844,-1.0840367700818516,5.965485873276697,-8.472689849253369,-24.070198427171388,74.43173519328172,0.0,-0.3881507159943778,0.3312081989658512,0.0,3.8757614001737672,3.5859672902484268,0.0,8.99073654679745,-9.717308287213937,49.6438480685389,20.798952034793924,70.44280010333283
11.894000000000641,7.23,6.6085567802096925,-1.100834831426802,5.918503968023243,-8.326131998095859,-22.92307612939153,72.15033517548028,0.0,-0.3803861497540008,0.3383716183857799,0.0,3.8886937584071637,3.577366156692764,0.0,8.612953381686356,-9.362513254103026,49.485268658395725,20.955411221032975,70.4406798794287
11.896000000000642,7.23,6.620348673079083,-1.1173442441092936,5.873749201264275,-8.183994213077177,-21.84222551821934,70.00984371982017,0.0,-0.37259640297234303,0.34551721188946793,0.0,3.900948934359949,3.568148286878754,0.0,8.243284243441076,-9.012134109820506,49.32632263596283,21.112296254530786,70.43861889049361
11.898000000000643,7.23,6.632053176402362,-1.1335735736622499,5.83109394093177,-8.046005421514494,-20.822812631803792,67.99968245624078,0.0,-0.364782787953707,0.35264379347399566,0.0,3.9125684165839845,3.5583604442665226,0.0,7.8814418563744,-8.66598001168761,49.167043940053475,21.26957035058186,70.43661429063533
11.900000000000643,7.23,6.643674369310302,-1.1495308639721744,5.790419767259682,-7.91191472923215,-19.860451175891075,66.11023409091466,0.0,-0.35694653742246396,0.3597502660821362,0.0,3.923590356416841,3.548044897878942,0.0,7.5271487218844335,-8.32386539250293,49.00746414171384,21.427199291230483,70.43466343294432
11.902000000000644,7.23,6.655216102592015,-1.1652236757822876,5.751616624486332,-7.781489599891985,-18.951156367005087,64.33274282125957,0.0,-0.34908881084788596,0.36683561314696755,0.0,3.9340499103859363,3.5372399437006106,0.0,7.180137914044771,-7.985610636228103,48.84761266185676,21.585151190039355,70.43276385189611
11.904000000000645,7.23,6.666682014648047,-1.180659121745866,5.714582059610496,-7.654514222152887,-18.091303937511967,62.659225881410805,0.0,-0.3412107001252943,0.37389889110870034,0.0,3.9439795424721185,3.525980357381153,0.0,6.840153563102784,-7.651042543039593,48.687516965596714,21.74339628200242,70.43091324759914
11.906000000000645,7.23,6.6780755459998415,-1.1958438983840458,5.679220538476805,-7.530788043685792,-17.277593712581602,61.08239495095176,0.0,-0.3333132346883413,0.3809392227768067,0.0,3.953409291528257,3.5142977884030753,0.0,6.506951100028925,-7.319994629727677,48.52720273622831,21.90190673543848,70.42910947166679
11.908000000000646,7.23,6.689399952501443,-1.2107843152628512,5.645442830584572,-7.410124453473762,-16.50701723028437,59.59558629025081,0.0,-0.3253973861174672,0.3879557914291645,0.0,3.962367008381247,3.50222110422492,0.0,6.180297319273723,-6.9923073018820325,48.36669403137532,22.06065648315003,70.42735051452534
11.910000000000647,7.23,6.700658317383124,-1.2254863216692593,5.613165455013373,-7.292349595975439,-15.776828933848266,58.192698589320514,0.0,-0.31746407230120993,0.3949478355555275,0.0,3.9708785664976136,3.4897766915505275,0.0,5.859970304405417,-6.667827926759783,48.206013423480215,22.2196210705092,70.4256344939894
11.912000000000647,7.23,6.711853562242319,-1.2399555310352155,5.582310180746665,-7.1773013026406804,-15.08452051843783,56.868137631397914,0.0,-0.30951416119979785,0.4019146441657746,0.0,3.9789680495445396,3.476988720750841,0.0,5.545759251532226,-6.3464108297560475,48.0451821265089,22.378777518452953,70.42395964496185
11.914000000000648,7.23,6.722988457084594,-1.2541972433312225,5.552803575460777,-7.064828127959211,-14.42779806329975,55.61676697648605,0.0,-0.30154847425429254,0.4088555525944918,0.0,3.986657918713247,3.4638793785319506,0.0,5.237464217755187,-6.027917232654989,47.884220110488464,22.53810419964152,70.42232431012998
11.916000000000649,7.23,6.7340656295062455,-1.268216465627007,5.524576597540634,-6.954788478717473,-13.80456162370743,54.43386396373766,0.0,-0.2935677894792508,0.4157699387428031,0.0,3.9939691622770037,3.45046907316693,0.0,4.934895815883619,-5.712215148069363,47.72314620528418,22.697580726264725,70.4207269315489
11.91800000000065,7.23,6.745087573100252,-1.2820179309954682,5.497564226695115,-6.847049826456007,-13.212886996017923,53.315080415167145,0.0,-0.2855728442722221,0.4226572197063665,0.0,4.000921429519757,3.4367766159614823,0.0,4.6378748719174006,-5.399179241474881,47.561978194833614,22.85718784817935,70.41916604301296
11.92000000000065,7.23,6.756056655158611,-1.2956061159172814,5.4717051290831815,-6.7414879942791215,-12.651009403632653,52.25640749736629,0.0,-0.27756433796944485,0.42951684874519047,0.0,4.007533150885048,3.422819382081404,0.0,4.3462320580789084,-5.0886906698532695,47.40073290290348,23.0169073602287,70.41764026313217
11.92200000000065,7.23,6.766975123736385,-1.3089852563268702,5.446941353335308,-6.637986510188462,-12.117308882100527,51.254144263452005,0.0,-0.2695429341736888,0.43634831255676043,0.0,4.013821645949921,3.4086134534147834,0.0,4.059807511246391,-4.780636904048478,47.23942627129554,23.176722017741522,70.41614828903707
11.924000000000651,7.23,6.777845114135993,-1.3221593624257257,5.423218054270904,-6.536436020008699,-11.610297168406108,50.304869455208,0.0,-0.26150926287712273,0.4431511288188704,0.0,4.019803220618777,3.394173745759103,0.0,3.778450444331607,-4.474911540415478,47.07807343131479,23.336615459331764,70.41468889064656
11.926000000000652,7.23,6.7886686548642405,-1.33513223237599,5.400483241478314,-6.436733753761891,-11.128605923028681,49.405416196111524,0.0,-0.2534639223995663,0.44992484397284527,0.0,4.025493254752333,3.3795141222999723,0.0,3.502018756325293,-4.1714141061228895,46.91668876921248,23.496572136228767,70.41326090544125
11.928000000000653,7.23,6.799447673109257,-1.347907464975642,5.378687550245733,-6.338783040040254,-10.67097613400973,48.55284925044425,0.0,-0.2454074811601359,0.45666903122145397,0.0,4.030906281292007,3.3646474950748737,0.0,3.23037864530218,-3.8700498614968155,46.755285986229026,23.656577247460316,70.41186323368935
11.930000000000653,7.23,6.810183999779764,-1.360488471406347,5.357784032614398,-6.242492863536836,-10.236248570359761,47.74444456269012,0.0,-0.23734047929837132,0.46338328871899026,0.0,4.0360560578068645,3.3495859158830092,0.0,2.963404227550976,-3.570729602015478,46.59387815378906,23.81661668029204,70.4104948340811
11.932000000000654,7.23,6.8208793741449085,-1.372878486135898,5.337727966574621,-6.147777461430334,-9.823355167982237,46.9776708255848,0.0,-0.2292634301591574,0.470067237933703,0.0,4.040955631275076,3.334340657904957,0.0,2.7009771651110905,-3.2733694619430107,46.43247776433343,23.976676955396723,70.40915471973015
11.934000000000655,7.23,6.831535448109141,-1.3850805770490529,5.318476681644651,-6.054555954792973,-9.43131124516722,46.250172855094895,0.0,-0.22117682165424346,0.47672052216511196,0.0,4.045617396812411,3.3189222891273906,0.0,2.442986303305979,-2.9778907210953847,46.27109677821873,24.136745176288155,70.40784195450688
11.936000000000655,7.23,6.84215379015332,-1.397097654873332,5.2999893992658755,-5.962752011607098,-9.059208456857016,45.55975657679633,0.0,-0.21308111751183068,0.4833428052007973,0.0,4.050053150973917,3.303340738524117,0.0,2.18932731932379,-2.6842196158372054,46.10974666706361,24.29680898260758,70.40655564967119
11.938000000000656,7.23,6.852735888970247,-1.4089324819598925,5.282227086618584,-5.872293538343746,-8.706208407528667,44.9043754510609,0.0,-0.20497675842451168,0.4899337700990173,0.0,4.054274140180115,3.2876053558212295,0.0,1.9399023824773984,-2.392287155094774,45.948438453878865,24.4568565068976,70.40529496077647
11.940000000000657,7.23,6.863283156820195,-1.4205876804738262,5.265152322613309,-5.783112397381128,-8.37153685186468,44.28211818455854,0.0,-0.1968641631048278,0.4964931180850647,0.0,4.058291104753822,3.2717249655681813,0.0,1.694619826453819,-2.1020289419231992,45.787182750280564,24.61687633453903,70.4040590848196
11.942000000000657,7.23,6.8737969326296735,-1.4320657400430856,5.248729174946053,-5.695144147827937,-8.054478420563267,43.69119759320252,0.0,-0.18874372925677652,0.5030205675506039,0.0,4.062114318996946,3.2557079161452673,0.0,1.4533938336167627,-1.813385000969814,45.62598979105171,24.776857466562245,70.40284725761396
11.944000000000658,7.23,6.88427848485452,-1.4433690249106226,5.232923087223696,-5.608327807570366,-7.754371815817022,43.12994049712172,0.0,-0.18061583447080765,0.5095158531464499,0.0,4.06575362768702,3.2395621242591575,0.0,1.2161441312407963,-1.5262996120234287,45.4648694662886,24.93678928507673,70.40165875136533
11.946000000000659,7.23,6.894729014126566,-1.4544997806301976,5.217700775270367,-5.522605634586699,-7.470605427296437,42.596778541815084,0.0,-0.17248083704910577,0.5159787249602238,0.0,4.069218479329891,3.22329511541008,0.0,0.9827956994181811,-1.2407211497199855,45.303831351342836,25.096661521089292,70.40049287243212
11.94800000000066,7.23,6.905149655701426,-1.4654601403426075,5.203030131818236,-5.4379229257728525,-7.202613325017751,42.090239851564064,0.0,-0.16433907676738335,0.5224089477712986,0.0,4.072517956467046,3.206914060754957,0.0,0.7532784902801614,-0.9566019293838361,45.14288473474699,25.256464224507475,70.39934895925447
11.95000000000066,7.23,6.915541481723456,-1.476252130665745,5.188880138868453,-5.35422783169939,-6.949871590358239,41.60894143166889,0.0,-0.1561908755787571,0.5288063003761746,0.0,4.075660803302727,3.1904258107397014,0.0,0.527527158105412,-0.6738980589144069,44.982038644290455,25.416187736145403,70.39822638043586
11.95200000000066,7.23,6.925905503322553,-1.4868776772289058,5.175220787081012,-5.271471185877975,-6.711894950781544,41.15158224530178,0.0,-0.1480365382648683,0.5351705749781831,0.0,4.078655450886751,3.1738369258289936,0.0,0.30548079984308546,-0.3925692965765113,44.821301871396635,25.575822661569404,70.39712453296605
11.954000000000661,7.23,6.936242672556289,-1.4973386098790606,5.162023001617375,-5.1896063472553555,-6.4882336876335,40.716936898906944,0.0,-0.1398763530388899,0.5415015766359881,0.0,4.081510040063283,3.1571537046230147,0.0,0.08708270555128717,-0.11257891451499469,44.66068299393392,25.73535984663749,70.39604284057141
11.956000000000662,7.23,6.94655388420974,-1.507636667584367,5.14925857391748,-5.108589054777776,-6.278470789720684,40.30384987724929,0.0,-0.13171059210471925,0.5477991227659345,0.0,4.0842324423730645,3.1403822096164444,0.0,-0.12771988175996127,0.1661064322115736,44.500190397581044,25.894790354602428,70.39498075218347
11.958000000000663,7.23,6.956839977464413,-1.5177735030580024,5.136900098944378,-5.028377292980059,-6.082219328352087,39.91123027555141,0.0,-0.12353951217627279,0.554063042693751,0.0,4.086830279076782,3.123528290825201,0.0,-0.3389759973925691,0.4435168313004821,44.33983229585281,26.054105444661708,70.39393774051452
11.960000000000663,7.23,6.967101737446775,-1.527750687123401,5.124920917475644,-4.948931167652992,-5.899120032151567,39.53804698175493,0.0,-0.11536335496047623,0.5602931772515449,0.0,4.089310938449497,3.106597607480312,0.0,-0.546731177833838,0.7196792338099616,44.17961674888268,26.213296551849723,70.3929133007324
11.962000000000664,7.23,6.977339896666094,-1.5375697128401857,5.113295063061759,-4.870212790731566,-5.728839042280199,39.183324266898325,0.0,-0.10718234760729262,0.5664893784164061,0.0,4.091681591480732,3.0895956479650897,0.0,-0.7510276757269334,0.9946175699361862,44.01955168104762,26.372355268178584,70.39190694922621
11.964000000000665,7.23,6.9875551363505695,-1.54723199940844,5.101997213308239,-4.792186173626099,-5.571065830779425,38.846137745990525,0.0,-0.09899670312983166,0.5726515089872637,0.0,4.093949206100802,3.072527748151727,0.0,-0.9519046674050871,1.2683528601982412,43.85964489751145,26.53127332494377,70.39091822245521
11.966000000000665,7.23,6.997748087690096,-1.5567388958674924,5.0910026451710095,-4.7148171282896065,-5.425511266587707,38.525610675650086,0.0,-0.09080662079739654,0.578779442296933,0.0,4.096120560042162,3.0553991082753655,0.0,-1.1493984534319348,1.5409033222637507,43.69990409975571,26.690042576119176,70.38994667587488
11.968000000000666,7.23,7.0079193329933895,-1.5660916846040298,5.080287193983732,-4.6380731753786835,-5.291905815426024,38.2209105582336,0.0,-0.08261228650408514,0.5848730619565603,0.0,4.098202252433607,3.038214808467999,0.0,-1.3435426525629044,1.8122844736413943,43.54033690015908,26.84865498277459,70.38899188293368
11.970000000000667,7.23,7.01806940676669,-1.575291584683136,5.069827215961922,-4.561923458922614,-5.169997861211844,37.93124602524287,0.0,-0.07441387311540082,0.5909322616298808,0.0,4.1002007142157995,3.020979823060543,0.0,-1.5343683895133515,2.082509230458607,43.38095083568025,27.00710259845487,70.38805343413512
11.972000000000667,7.23,7.028198796720749,-1.5843397550147258,5.059599553952018,-4.4863386669670415,-5.059552137970808,37.655863975530366,0.0,-0.06621154079513392,0.5969569448349412,0.0,4.102122217458196,3.0036990337490432,0.0,-1.7219044768884024,2.3515880025331444,43.22175338069309,27.165377555467185,70.38713093616028
11.974000000000668,7.23,7.0383079447123835,-1.593237297366833,5.049581506214465,-4.411290957705044,-4.9603482623872335,37.39404694624963,0.0,-0.05800543731465502,0.6029470247710847,0.0,4.103972883650207,2.98637724170996,0.0,-1.9061775915980272,2.619528784936987,43.06275195901821,27.32347205202759,70.3862240110458
11.976000000000669,7.23,7.048397247626475,-1.6019852592362722,5.039750798048499,-4.336753890650342,-4.872179358184276,37.14511069666107,0.0,-0.04979569834659381,0.60890242416919,0.0,4.1057586910327,2.9690191787397557,0.0,-2.087212446048927,2.886337246239849,42.90395395518947,27.481378340224047,70.38533229541352
11.97800000000067,7.23,7.058467058203907,-1.610584636586349,5.030085556082984,-4.262702362445184,-4.79485076446779,36.90840198683347,0.0,-0.04158244774476294,0.6148230751632624,0.0,4.107485481030549,2.9516295174853204,0.0,-2.2650319543730477,3.1520168136087263,42.74536672499106,27.639088714756642,70.3844554397477
11.98000000000067,7.23,7.068517685820609,-1.6190363764605036,5.020564285072529,-4.18911254692964,-4.728178821014955,36.68329653500268,0.0,-0.033365797812062614,0.6207089191816364,0.0,4.109158963841599,2.9342128808240977,0.0,-2.4396573939207387,3.4165687549283246,42.58699760529527,27.79659550242091,70.38359310771618
11.98200000000067,7.23,7.078549397222589,-1.6273413794800697,5.011165847051372,-4.1159618391299,-4.67198972425158,36.46919713888875,0.0,-0.025145849558020683,0.6265599068561292,0.0,4.110784723233407,2.916773850445803,0.0,-2.611108562215544,3.6799922580967506,42.428853923229894,27.95389105230269,70.38274497553259
11.984000000000671,7.23,7.088562417221503,-1.6355005022336633,5.001869442709323,-4.043228802851227,-4.626118448348987,36.26553194764617,0.0,-0.016922692947483386,0.6323759979475999,0.0,4.112368220594932,2.899316974681706,0.0,-2.7794039295369575,3.942284507639688,42.27094300469901,28.110967726657158,70.38191073135616
11.986000000000672,7.23,7.0985569293551025,-1.6435145595651193,4.99265459486458,-3.970893121586562,-4.5904077264915495,36.071752872354146,0.0,-0.008696407141906337,0.638157161286452,0.0,4.113914798287313,2.8818467756219275,0.0,-2.94456078726801,4.203440758776694,42.11327218227981,28.267817892446956,70.38109007472676
11.988000000000673,7.23,7.108533076516622,-1.6513843267663386,4.983501133917552,-3.898935552474874,-4.564707087925768,35.88733412405445,0.0,-0.0004670607346236588,0.6439033747266882,0.0,4.1154296823349155,2.864367755556354,0.0,-3.106595392115578,4.463454409063498,41.95584880251512,28.424433913517195,70.38028271603231
11.990000000000673,7.23,7.118490961556969,-1.6591105416808944,4.974389185178085,-3.827337883064322,-4.548871946907416,35.71177086933141,0.0,0.0077652880186482864,0.6496146251122006,0.0,4.1169179844953,2.846884402770671,0.0,-3.2655231062839363,4.722317067725444,41.7986802326192,28.580808143387323,70.37948837600652
11.992000000000674,7.23,7.128430647863354,-1.666693906723781,4.965299157965791,-3.7560828906543904,-4.542762740121179,35.544577994314665,0.0,0.016000590972854112,0.6552909082540295,0.0,4.1183847037448595,2.8294011967251165,0.0,-3.4213585336555132,4.98001862278944,41.64177386661259,28.73693291864179,70.37870678525438
11.994000000000675,7.23,7.138352159917819,-1.6741350908222503,4.956211736389622,-3.6851543040086137,-4.546244109560474,35.38528896877778,0.0,0.024238809869058242,0.6609322289173852,0.0,4.119834727214921,2.8119226126403167,0.0,-3.574115652007718,5.236547306114393,41.48513713090072,28.89280055290334,70.37793768380405
11.996000000000675,7.23,7.148255483838926,-1.6814347312822837,4.9471078717184565,-3.614536767245419,-4.5591841282294645,35.23345480271999,0.0,0.03247991611125445,0.6665386008172711,0.0,4.1212728306118205,2.7944531255116356,0.0,-3.723807941271022,5.491889756414129,41.32877748930834,29.048403331374047,70.37718082068238
11.998000000000676,7.23,7.158140567909714,-1.6885934355848724,4.937968776259406,-3.544215805729191,-4.581453566367652,35.08864308845742,0.0,0.04072389054352399,0.6721100466215743,0.0,4.1227036781531226,2.77699721357098,0.0,-3.8704485078111186,5.74603108036115,41.172702447582544,29.203733505930757,70.3764359535133
12.000000000000677,7.23,7.168007323094848,-1.6956117831159443,4.92877591866484,-3.474177793797031,-4.612925196202783,34.950437121826376,0.0,0.048970723226611224,0.6776465979605457,0.0,4.1241318220512815,2.759559361212809,0.0,-4.014050204697461,5.9989549118554475,41.01691955737424,29.358783290762418,70.37570284813665
12.002000000000677,7.23,7.177855623549751,-1.7024903268334501,4.919511020592844,-3.4044099241689456,-4.653473133513474,34.818435096618295,0.0,0.057220413213041166,0.6831482954416128,0.0,4.125561701575233,2.7421440613991988,0.0,-4.154625747901239,6.2506434695388755,40.86143641970856,29.513544858538076,70.37498127824664
12.004000000000678,7.23,7.187685307124349,-1.7092295948748366,4.910156054648979,-3.3349001789004897,-4.702972214531168,34.6922493668319,0.0,0.06547296831995353,0.6886151886684856,0.0,4.126997641719921,2.724755817557298,0.0,-4.292187828348711,6.501077612633295,40.706260687953495,29.66801033709442,70.37427102504792
12.006000000000679,7.23,7.197496175863927,-1.7158300921078569,4.900693243539974,-3.2656373017472884,-4.761297406933627,34.571505771746715,0.0,0.07372840489892574,0.6940473362635678,0.0,4.128443851513181,2.7073991449812183,0.0,-4.42674921974023,6.750236895178639,40.55140007029556,29.82217180663315,70.37357187692871
12.00800000000068,7.23,7.207287996509439,-1.7222923016274205,4.891105060372218,-3.1966107718204735,-4.828323253881713,34.455843019201204,0.0,0.08198674760204838,0.6994448058926834,0.0,4.129904421989383,2.6900785717492246,0.0,-4.558322882031493,6.998099618746823,40.39686233173094,29.976021297418086,70.37288362914902
12.01000000000068,7.23,7.217060500999517,-1.728616686200951,4.881374230029887,-3.127810778420957,-4.903923350228581,34.344912122797616,0.0,0.09024802914366015,0.7048076742911598,0.0,4.131383323858824,2.67279863916653,0.0,-4.686922060462187,7.2446428837069865,40.242655295580875,30.12955078796263,70.3722060835435
12.01200000000068,7.23,7.226813386976247,-1.7348036896645043,4.871483731569088,-3.0592281969487,-4.9879698501877066,34.2383758890648,0.0,0.09851229005712747,0.710136027290333,0.0,4.132884404902002,2.6555639017431396,0.0,-4.812560380007087,7.489842639118833,40.088786844539186,30.28275220369835,70.37153904823754
12.014000000000681,7.23,7.23654631829672,-1.7408537382716984,4.861416801565701,-2.9908545657908054,-5.080333005884345,34.135908450886674,0.0,0.10677957844616603,0.7154299598435531,0.0,4.134411387117808,2.6383789267159927,0.0,-4.935251935117272,7.7336737313322494,39.93526492126012,30.435617416115285,70.3708823373754
12.016000000000682,7.23,7.246258925552157,-1.746767241997325,4.851156938355622,-2.9226820640993725,-5.18088073633519,34.03719484375563,0.0,0.11504994973023941,0.7206895760507802,0.0,4.13596786365483,2.6212482931243968,0.0,-5.055011374613533,7.976109951373842,39.78209752849601,30.58813824236455,70.37023577086056
12.018000000000683,7.23,7.255950806596371,-1.7525445957973367,4.840687907106926,-2.8547034903767226,-5.28947822650472,33.94193062163777,0.0,0.12332346638362257,0.7259149891808996,0.0,4.1375572955550695,2.6041765904476954,0.0,-5.171853981590536,8.21712408120399,39.62929272879203,30.74030644531378,70.36959917410582
12.020000000000683,7.23,7.265621527085156,-1.7581861808267474,4.829993745664067,-2.786912241791805,-5.405987556173777,33.84982150944212,0.0,0.13160019766779352,0.7311063216908774,0.0,4.139183008339473,2.587168416814352,0.0,-5.285795748189207,8.456687938931255,39.476858643748436,30.89211373404548,70.36897237779391
12.022000000000684,7.23,7.275270621028078,-1.7636923656168386,4.819058771104692,-2.7193022941574285,-5.53026735842934,33.76058308927446,0.0,0.13988021935686024,0.736263705240915,0.0,4.140848188464984,2.5702283767918432,0.0,-5.396853445095695,8.69477242307538,39.324803452858845,31.043551764788006,70.36835521764685
12.024000000000685,7.23,7.284897591354047,-1.7690635072129266,4.807867586949976,-2.6518681825034234,-5.662172507641524,33.67394051782573,0.0,0.14816361345579743,0.7413872807047726,0.0,4.142555879682812,2.5533610787673005,0.0,-5.505044685628527,8.931347555973847,39.17313539193526,31.194612142268618,70.36774753420389
12.026000000000685,7.23,7.294501910491918,-1.77429995227382,4.7964050909695874,-2.5846049821859842,-5.801553836839837,33.589628272401235,0.0,0.15645046791132888,0.7464771981744542,0.0,4.144308979327901,2.536571131929351,0.0,-5.610387984280924,9.166382526431903,39.02186275113002,31.345286421477365,70.36714917260738
12.028000000000686,7.23,7.304083020967245,-1.7794020381339883,4.784656483522559,-2.5175082904782853,-5.9482578844318725,33.507389923238854,0.0,0.16474087631533807,0.7515336169584658,0.0,4.1461102345696155,2.519863142862332,0.0,-5.712902809592751,9.399845731720387,38.87099387256557,31.495566109830023,70.36655998239559
12.030000000000687,7.23,7.313640336016199,-1.7843700938293487,4.772607276375398,-2.4505742085920352,-6.102126670227801,33.426977929894655,0.0,0.1730349376007797,0.7565567055728857,0.0,4.147962238653713,2.5032417117649377,0.0,-5.812609631236571,9.63170481903037,38.72053714758474,31.645442669717887,70.36597981730263
12.032000000000687,7.23,7.323173240217559,-1.7892044410874897,4.76024330193888,-2.3837993240839523,-6.262997500742593,33.3481534595954,0.0,0.18133275573006957,0.7615466417245038,0.0,4.14986742716576,2.4867114283060703,0.0,-5.909529961213602,9.861926726498329,38.570501013633155,31.794907521431064,70.36540853506422
12.034000000000688,7.23,7.33268109014354,-1.7939053952830561,4.7475507228649745,-2.317180693605238,-6.430702803745203,33.27068622556747,0.0,0.1896344393760765,0.7665036122853273,0.0,4.151828074345913,2.4702768671319832,0.0,-6.003686389069999,10.090477723919635,38.420893950787466,31.94395204644203,70.3648459972295
12.036000000000689,7.23,7.342163215030128,-1.7984732663589453,4.734516041945461,-2.2507158259559956,-6.605069992011467,33.19435434345565,0.0,0.1979401015957868,0.7714278132577572,0.0,4.15384628948505,2.45394258303945,0.0,-6.0951026110587145,10.317323453272444,38.271724477943415,32.09256759103451,70.36429206897793
12.03800000000069,7.23,7.351618917467469,-1.8029083597138869,4.72112611225389,-2.1844026654102233,-6.785921356215766,33.11894420404123,0.0,0.20624985949689745,0.7763194497297959,0.0,4.155924013431755,2.4377131058312775,0.0,-6.183803453190983,10.542428969177212,38.12300114867852,32.24074547026297,70.36374661894149
12.04000000000069,7.23,7.361047474110731,-1.807210977056918,4.707368147472695,-2.118239575280497,-6.9730739868650256,33.04425036055879,0.0,0.21456383389754274,0.7811787358196609,0.0,4.158063015239464,2.4215929348712444,0.0,-6.269814888139878,10.765758779420265,37.974732546804525,32.38847697222653,70.36320951903105
12.04200000000069,7.23,7.37044813641176,-1.8113814172292042,4.693229732347503,-2.0522253216947726,-7.1663397251397765,32.97007542899648,0.0,0.22288214897947545,0.7860058946092218,0.0,4.160264888982593,2.405586533356989,0.0,-6.353164045979952,10.98727688567196,37.826927281626624,32.535753362640754,70.36268064426739
12.044000000000691,7.23,7.379820131371724,-1.8154199769936046,4.678698833210998,-1.9863590575608927,-7.365525142460597,32.89622999984453,0.0,0.23120493193508396,0.7908011580657153,0.0,4.162531050769775,2.3896983223305646,0.0,-6.433879218769321,11.206946824531041,37.67959398292595,32.68256588968997,70.36215987261592
12.046000000000692,7.23,7.389162662314826,-1.819326951792337,4.663763808519122,-1.9206403066973694,-7.570431548544231,32.82253255983393,0.0,0.23953231260865393,0.7955647669512448,0.0,4.164862735981734,2.373932674447536,0.0,-6.511989859004142,11.424731709027531,37.53274129568336,32.828905789142134,70.36164708482549
12.048000000000693,7.23,7.3984749096830535,-1.8231026364730543,4.6484134193429085,-1.8550689481118587,-7.780855027654702,32.74880942228043,0.0,0.24786442313234647,0.8002969707195817,0.0,4.167260996760495,2.358293907526735,0.0,-6.58752657200019,11.64059427071583,37.386377874563195,32.97476428970718,70.36114216427038
12.050000000000693,7.23,7.407756031851824,-1.826747325983612,4.632636839759911,-1.789645200411445,-7.996586502689246,32.67489466471941,0.0,0.2562013975574281,0.8049980273998792,0.0,4.169726699775501,2.342786277904043,0.0,-6.660521102282052,11.854496902487469,37.240512378175815,33.120132618619834,70.36064499679566
12.052000000000694,7.23,7.417005165966262,-1.8302613160357777,4.616423667089976,-1.7243696063314078,-8.217411826669977,32.60063007258621,0.0,0.26454337148133944,0.8096682034669073,0.0,4.1722605242912865,2.327413973614706,0.0,-6.731006314086741,12.066401702230484,37.095153463139276,33.2650020074266,70.36015547056587
12.054000000000695,7.23,7.426221428797747,-1.833644903738106,4.599763931921037,-1.659243017371572,-8.443111901137742,32.525865087762405,0.0,0.27289048167121355,0.8143077736975103,0.0,4.174862960559968,2.312181107429758,0.0,-6.799016166115181,12.276270517457734,36.95030977796013,33.40936369795642,70.35967347591655
12.056000000000695,7.23,7.435403917620265,-1.836898388198187,4.582648107871687,-1.594266578531633,-8.673462820869021,32.450456760873756,0.0,0.2812428656845175,0.8189170210130053,0.0,4.177534308560535,2.2970917097732113,0.0,-6.864585680692,12.484064991020949,36.805989956754544,33.55320894845382,70.35919890520836
12.058000000000696,7.23,7.444551711105974,-1.84002207109446,4.565067121038547,-1.5294417131390168,-8.908236044257016,32.37426970628944,0.0,0.28960066148755237,0.8234962363073263,0.0,4.180274677105292,2.2821497215477358,0.0,-6.927750907521336,12.689746608020208,36.6622026128313,33.696529039853274,70.35873165268458
12.060000000000697,7.23,7.4536638702393,-1.8430162572177686,4.547012359077799,-1.4647701077648692,-9.147198588617698,32.29717605883386,0.0,0.2979640070725327,0.8280457182607466,0.0,4.183083983332268,2.2673589868972197,0.0,-6.988548882252339,12.893276744010171,36.518956332158105,33.839315282172436,70.35827161433053
12.062000000000697,7.23,7.462739439248804,-1.8458812549828378,4.528475679871867,-1.4002536972256856,-9.390113249600539,32.219055431285554,0.0,0.3063330400740595,0.8325657731390884,0.0,4.1859619526006036,2.252723245935635,0.0,-7.0470175800948684,13.094616714594656,36.37625966673383,33.98155902100231,70.35781868773614
12.064000000000698,7.23,7.4717774465559135,-1.8486173769098353,4.509449419733907,-1.335894649669884,-9.636738843801762,32.139794871797264,0.0,0.31470789738580285,0.837056714578383,0.0,4.188908118803975,2.238246127472147,0.0,-7.1031958647507505,13.293727826489677,36.23412112788899,34.123251644071786,70.35737277196077
12.066000000000699,7.23,7.4807769057395745,-1.851224940076194,4.489926401104687,-1.2716953517502927,-9.886830473597525,32.059288820432286,0.0,0.32308871477822776,0.8415188633549985,0.0,4.1919218251152275,2.223931141762962,0.0,-7.157123432950256,13.490571430122802,36.09254917953693,34.2643845878637,70.35693376740063
12.0680000000007,7.23,7.4897368165157445,-1.853704266538867,4.469899939698441,-1.207658393885075,-10.140139813135399,31.97743906407251,0.0,0.3314756265182697,0.8459525471413285,0.0,4.195002225173189,2.209781673320972,0.0,-7.208840754906925,13.685108973822677,35.95155223139863,34.404949344260174,70.3565015756588
12.0700000000007,7.23,7.498656165730596,-1.8560556837271955,4.449363851056535,-1.1437865556110443,-10.396415414345256,31.894154689011682,0.0,0.33986876499181884,0.8503581002471834,0.0,4.198148284720507,2.195800973814281,0.0,-7.2583890110245335,13.877302059637444,35.81113863222353,34.54493746719405,70.35607609941758
12.0720000000007,7.23,7.507533928366201,-1.8582795248065802,4.428312456470093,-1.0800827910346351,-10.655403031756952,31.809352030607904,0.0,0.3482682603299371,0.8547358633470866,0.0,4.201358783699114,2.1819921550850334,0.0,-7.305810025210493,14.067112500805017,35.671316663029735,34.68434057928388,70.35565724231361
12.074000000000702,7.23,7.516369068557402,-1.8603761290131575,4.406740588235228,-1.0165502143869896,-10.916845964841658,31.722954619426204,0.0,0.3566742400397416,0.8590861831937644,0.0,4.2046323188074535,2.168358182319889,0.0,-7.351146195167555,14.254502380880213,35.53209453038491,34.82315037843043,70.35524490881534
12.076000000000702,7.23,7.525160540618491,-1.8623458419596972,4.384643594207202,-0.9531920856906997,-11.180485416527404,31.634893123360744,0.0,0.36508682864084807,0.863409412318145,0.0,4.207967306521421,2.154901867403137,0.0,-7.3944404200508895,14.43943411450652,35.393480359751265,34.96135864435203,70.3548390041033
12.078000000000703,7.23,7.5339072900782815,-1.8641890159129506,4.362017341622537,-0.890011796546709,-11.44606086647865,31.54510528528341,0.0,0.3735061473083323,0.867705908716282,0.0,4.211361986578348,2.141625862483331,0.0,-7.435736025891758,14.621870509800795,35.25548218891532,35.098957245037546,70.35443943395288
12.080000000000704,7.23,7.5426082547220545,-1.8659060100427016,4.338858220161019,-0.8270128560507279,-11.713310457673431,31.4535358558217,0.0,0.38193231352312185,0.8719760355236403,0.0,4.214814425921088,2.1285326537835947,0.0,-7.475076689199212,14.801774832300255,35.11810796152495,35.235938143095076,70.35404610462002
12.082000000000704,7.23,7.55126236563886,-1.867497190642788,4.315163144222514,-0.7641988768492535,-11.981971394761917,31.36013652092463,0.0,0.3903654407307212,0.8762201606772754,0.0,4.218322523096697,2.115624555685104,0.0,-7.512506359159625,14.979110870401087,34.981365520753585,35.372293401976115,70.3536589227297
12.084000000000705,7.23,7.5598685482725605,-1.8689629313243834,4.2909295543965715,-0.7015735613459129,-12.251780352647268,31.264865823930975,0.0,0.39880563800919155,0.8804386565664781,0.0,4.221884013101806,2.102903705112428,0.0,-7.548069178859724,15.153843002198064,34.84526260311222,35.50801519205481,70.35327779516703
12.086000000000706,7.23,7.568425723474992,-1.870303613181852,4.266155418105978,-0.6391406880693686,-12.522473893692679,31.16768908190687,0.0,0.4072530097472633,0.884631899672512,0.0,4.225496472664384,2.0903720562483423,0.0,-7.581809405961287,15.325936263614588,34.70980683242897,35.64309579654294,70.3529026289719
12.088000000000706,7.23,7.576932808559578,-1.8715196249315094,4.2408392294086115,-0.5769040982144331,-12.79378889192966,31.0685782960738,0.0,0.41570765533342313,0.8888002701981319,0.0,4.229157325949225,2.0780313756044313,0.0,-7.613771333255341,15.495356417692753,34.575005714014125,35.77752761722197,70.35253333123609
12.090000000000707,7.23,7.585388718353684,-1.872611363023649,4.2149800079452575,-0.5148676823683492,-13.065462962620618,30.967512056198473,0.0,0.4241696688568457,0.8929441516876238,0.0,4.232863850672127,2.0658832374726614,0.0,-7.643999209521582,15.662070024893357,34.44086662902949,35.91130317997455,70.35216980900404
12.092000000000708,7.23,7.593792366248019,-1.8735792317282172,4.188577297024321,-0.45303536743439954,-13.337234895515332,30.86447543886738,0.0,0.4326391388209283,0.8970639306381443,0.0,4.236613184605606,2.0539290197812905,0.0,-7.672537161111747,15.826044514237303,34.30739682907803,36.04441514009854,70.35181196917657
12.094000000000708,7.23,7.602142665241328,-1.8744236431945427,4.1616311608377226,-0.3914111037651111,-13.608845090134396,30.75945989961632,0.0,0.441116147870225,0.9011599961031974,0.0,4.24040233245675,2.042169900377093,0.0,-7.699429114668152,15.987248255101381,34.17460343103033,36.17685628738784,70.35145971841817
12.096000000000709,7.23,7.6104385289786505,-1.8751450174855517,4.1341421808055845,-0.3299988525173363,-13.880035991415347,30.652463158933138,0.0,0.44960077253149244,0.9052327392891198,0.0,4.244228173095844,2.0306068537539192,0.0,-7.724718721376463,16.145650629464498,34.04249341210229,36.30861955096533,70.35111296306762
12.09800000000071,7.23,7.618678872781394,-1.8757437825869259,4.106111451050649,-0.26880257324140727,-14.15055252406699,30.543489082196388,0.0,0.45809308296951334,0.9092825531454806,0.0,4.248087467112493,2.019240648245695,0.0,-7.748449283137862,16.30122210438466,33.911073605198105,36.43969800385423,70.35077160905234
12.10000000000071,7.23,7.626862614667494,-1.8762203743916825,4.077540573006633,-0.20782621171639268,-14.420142523996216,30.432547553657024,0.0,0.46659314275835406,0.9133098319503515,0.0,4.251976864674164,2.0080718437000433,0.0,-7.770663681029482,16.453934304472327,33.78035069453048,36.57008486727559,70.35043556180608
12.10200000000071,7.23,7.634988676359927,-1.8765752366606814,4.048431649168017,-0.14707368804322984,-14.688557165197464,30.319654344610235,0.0,0.47510100866860927,0.9173149708914122,0.0,4.2558929136604835,1.9971007896464188,0.0,-7.791404306402277,16.603760084112732,33.65033121153012,36.69977351466063,70.35010472619075
12.104000000000712,7.23,7.643055984281874,-1.8768088209595848,4.018787275991891,-0.08654888500717131,-14.955551380529394,30.204830975944642,0.0,0.483616730471173,0.9212983656438964,0.0,4.259832068045142,1.9863276239705452,0.0,-7.810712994944878,16.75067359917887,33.521021531053854,36.82875747536788,70.34977900642173
12.106000000000712,7.23,7.651063470536851,-1.8769215865728215,3.9886105359656567,-0.026255636720572767,-15.220884274845309,30.088104575292956,0.0,0.49214035075799545,0.9252604119464041,0.0,4.263790696495955,1.9757522721045786,0.0,-7.828630964018093,16.894650377966865,33.392427867900594,36.95703043809674,70.34945830599733
12.108000000000713,7.23,7.659010073872154,-1.8769140003951255,3.9579049888573503,0.033802282443433196,-15.484319528992774,29.969507729042363,0.0,0.5006719047802353,0.9292015051756162,0.0,4.267765091162538,1.9653744467401084,0.0,-7.845198753539891,17.035667391078494,33.26455627364226,37.084586253989684,70.34914252763195
12.110000000000714,7.23,7.666894740624006,-1.876786536801241,3.926674662168297,0.09362116861638307,-15.745625793254458,29.84907832949577,0.0,0.5092114203041443,0.9331220399209594,0.0,4.271751476620134,1.95519364806867,0.0,-7.8604561706735945,17.173703119970167,33.13741263377613,37.21141893941734,70.34883157319348
12.112000000000714,7.23,7.674716425642826,-1.8765396774944054,3.8949240408105834,0.15319739888966508,-16.00457706886489,29.72685941750396,0.0,0.5177589174849764,0.937022409560285,0.0,4.275746018937325,1.9452091645520768,0.0,-7.8744422385440505,17.308737623884078,33.011002665203264,37.337522678441424,70.3485253436447
12.114000000000715,7.23,7.6824740931971025,-1.8761739113342395,3.8626580560345127,0.21252744145072466,-16.260953076307533,29.602899020917,0.0,0.5263144087591233,0.9409030058376174,0.0,4.2797448348349185,1.935420074222409,0.0,-7.8871951491770425,17.440752604876874,32.88533191403642,37.462891824952315,70.34822373898874
12.116000000000716,7.23,7.690166717854392,-1.8756897341446912,3.829882073633707,0.2716078653922991,-16.514539609170924,29.477249989226763,0.0,0.5348778987546339,0.9447642184440268,0.0,4.283744000902841,1.9258252465090844,0.0,-7.898752220827028,17.569731470661846,32.7604057537401,37.587520904478765,70.34792665821887
12.118000000000716,7.23,7.697793285338032,-1.8750876485026935,3.7966018814579003,0.3304353501874548,-16.76512887242366,29.349969824795174,0.0,0.5434493842202006,0.94860643460269,0.0,4.287739562841806,1.9164233445880814,0.0,-7.909149859827651,17.695659394984524,32.63622938360283,37.71140461566933,70.34763399927216
12.120000000000717,7.23,7.705352793358211,-1.8743681635082121,3.762823676265651,0.3890066948240097,-17.012519804052584,29.22112051108197,0.0,0.5520288539726208,0.9524300386591533,0.0,4.291727544696555,1.9072128282459526,0.0,-7.918423527068034,17.81852337525732,32.51280782754229,37.83453783144532,70.3473456589876
12.122000000000718,7.23,7.712844252416117,-1.8735317945363699,3.728554049951231,0.4473188265927675,-17.25651837909811,29.09076833830253,0.0,0.5606162888626922,0.9562354116778392,0.0,4.295703958047653,1.8981919572490615,0.0,-7.926607709166987,17.938312287186623,32.390145933240845,37.95691559982726,70.34706153306811
12.124000000000718,7.23,7.72026668657994,-1.8725790629723444,3.6937999751817827,0.5053688095248671,-17.49693789521334,28.958983726960426,0.0,0.5692116617594285,0.9600229310457861,0.0,4.29966481112933,1.889358795206205,0.0,-7.93373589438612,18.055016936136074,32.268248371609374,38.07853314443764,70.34678151604702
12.126000000000719,7.23,7.727619134231593,-1.8715104959297453,3.658568790482496,0.5631538524744502,-17.73359923896925,28.825841049710768,0.0,0.5778149375523968,0.9637929700845915,0.0,4.303606117841433,1.8807112139105742,0.0,-7.93984055329198,18.168630104981986,32.14711963657486,38.19938586468352,70.34650550125838
12.12800000000072,7.23,7.734900648783079,-1.8703266259531834,3.6228681848090036,0.620671316843774,-17.96633113222707,28.691418452020002,0.0,0.586426073171967,0.9675458976715122,0.0,4.307523906624334,1.872246898145184,0.0,-7.944953124148382,18.279146598230874,32.02676404518719,38.31946933562447,70.34623338081167
12.13000000000072,7.23,7.742110299361533,-1.8690279907057492,3.5867061816474584,0.6779187239488322,-18.194970357998287,28.555797672093576,0.0,0.595045017627124,0.9712820778706172,0.0,4.311414229166642,1.8639633509336266,0.0,-7.949104002989696,18.3865632821853,31.907185738038443,38.43877930753149,70.34596504556993
12.13200000000072,7.23,7.749247171462015,-1.867615132642119,3.550091122683814,0.7348937620244954,-18.419361965314053,28.419063860547432,0.0,0.6036717120605299,0.9750018695748787,0.0,4.3152731689166375,1.8558578992166355,0.0,-7.9523225382999705,18.4908791209618,31.788388679988334,38.55731170514446,70.34570038513279
12.134000000000722,7.23,7.756310367567253,-1.8660885986680142,3.5130316510846824,0.7915942928691357,-18.639359452727263,28.281305400300763,0.0,0.6123060898203706,0.9787056261600171,0.0,4.319096849369677,1.8479276999328464,0.0,-7.954637030194458,18.59209520818416,31.670376661187035,38.675062626635466,70.3454392878225
12.136000000000722,7.23,7.763299007733599,-1.864448939786728,3.475536694432795,0.848018358129657,-18.85482493017214,28.142613727167387,0.0,0.6209480765485386,0.9823936951508994,0.0,4.322881442105125,1.840169746480938,0.0,-7.956074733976643,18.690214794195548,31.553153298386743,38.79202834228747,70.34518164067421
12.138000000000723,7.23,7.7702122301425325,-1.8626967107334425,3.4376154473605425,0.9041641852288006,-19.06562925900649,28.00308315161929,0.0,0.6295975902846194,0.9860664179012216,0.0,4.326623174548001,1.8325808755388038,0.0,-7.956661867919998,18.785243308655332,31.436722036532185,38.908205292897655,70.34492732942984
12.140000000000724,7.23,7.777049191617182,-1.860832469598045,3.399277353925325,0.9600301929375447,-19.271652170161644,27.862810682192915,0.0,0.6382545415851029,0.9897241292871634,0.0,4.330318337432127,1.8251577742142233,0.0,-7.956423625102541,18.877188378409087,31.32108615061973,39.023590087915714,70.34467623853544
12.142000000000724,7.23,7.783809068103364,-1.8588567774371527,3.3605320897704836,1.0156149965963424,-19.47278236042209,27.721895850999836,0.0,0.646918833657206,0.9933671574156547,0.0,4.333963291943235,1.817896987500467,0.0,-7.955384189102937,18.96605984054356,31.20624874781374,39.138179503328445,70.34442825114218
12.144000000000725,7.23,7.790491055114772,-1.856770197876042,3.321389544115455,1.070917412989868,-19.66891756695243,27.580440541797046,0.0,0.6555903625066486,0.9969958233478419,0.0,4.33755447652241,1.8107949260093759,0.0,-7.9535667533496,19.051869750563206,31.09221276980835,39.25197047930207,70.34418324911042
12.146000000000726,7.23,7.797094368142008,-1.8545732967011692,3.2818598016184635,1.1259364648808334,-19.85996462028108,27.438548821060373,0.0,0.6642690170986736,1.0006104408382632,0.0,4.341088413312074,1.8038478739536998,0.0,-7.950993543898896,19.134632385649024,30.978980995422802,39.36496011759421,70.34394111301701
12.148000000000726,7.23,7.803618243025249,-1.8522666414439601,3.241953124154549,1.180671385209317,-20.04583947603926,27.29632677249362,0.0,0.6729546795315946,1.004211316090224,0.0,4.344561714228645,1.7970519973500156,0.0,-7.947685845405959,19.21436424298541,30.86655604341718,39.477145678748556,70.34370172216573
12.150000000000727,7.23,7.810061936290419,-1.8498508009565295,3.201679932551049,1.2351216209648965,-20.226467225838938,27.153882335392662,0.0,0.6816472252221024,1.007798747527771,0.0,4.347971086647988,1.790403352413087,0.0,-7.9436640300405355,19.291084033165387,30.75494037551565,39.5885245790847,70.34346495460035
12.152000000000728,7.23,7.816424725448824,-1.8473263449799768,3.1610507883218117,1.2892868367397057,-20.401782087753965,27.011325147269307,0.0,0.690346523101541,1.0113730255846203,0.0,4.351313338691806,1.783897894112354,0.0,-7.938947589091831,19.364812668709124,30.64413629962378,39.699094387496565,70.34323068712035
12.154000000000728,7.23,7.822705909260294,-1.8446938437058866,3.1200763754403966,1.3431669179713233,-20.571727376945507,26.868766391124282,0.0,0.6990524358223567,1.0149344325103429,0.0,4.35458538410505,1.7775314848612236,0.0,-7.933555167000277,19.43557324775471,30.534145973226394,39.808852822072936,70.34299879529934
12.156000000000729,7.23,7.828904807959928,-1.8419538673316465,3.0787674821913815,1.3967619738851715,-20.736255457044205,26.72631864774267,0.0,0.7077648199738786,1.0184832421940304,0.0,4.357784246716508,1.7712999033098724,0.0,-7.927504597549504,19.503391033003606,30.42497140695201,39.917797746553454,70.34276915350546
12.15800000000073,7.23,7.83502076344867,-1.8391069856101714,3.0371349831375865,1.4500723401468252,-20.89532767296808,26.584095753367276,0.0,0.7164835263066008,1.0220197200056291,0.0,4.360907064476672,1.765198853212613,0.0,-7.920812941950202,19.56829342602593,30.316614468290126,40.025927166633956,70.34254163492409
12.16000000000073,7.23,7.841053139447951,-1.836153767394605,2.995189821239619,1.5030985812353308,-21.04891426591665,26.442212663088487,0.0,0.725208399964116,1.0255441226550581,0.0,4.363951093068927,1.7592239723412835,0.0,-7.913496528547445,19.63030993705234,30.209076885447516,40.133239226134705,70.34231611158222
12.162000000000731,7.23,7.847001321618759,-1.8330947801785422,2.952942990162593,1.5558414925492887,-21.196994271337182,26.300785320270023,0.0,0.7339392807218397,1.0290566980691822,0.0,4.366913709092026,1.7533708414166504,0.0,-7.905570993884937,19.689472150399915,30.102360251329262,40.23973220304541,70.34209245437468
12.164000000000732,7.23,7.852864717645536,-1.8299305896322988,2.910405516803249,1.6083021022580783,-21.33955540070983,26.159930532312394,0.0,0.7426760032316719,1.0325576852866365,0.0,4.3697924128137,1.7476349930305324,0.0,-7.8970513248635195,19.74581368569913,29.996466027631385,40.34540450546025,70.34187053309164
12.166000000000732,7.23,7.858642757285376,-1.82666175913572,2.867588444068941,1.6604816729111838,-21.476593908042574,26.01976585303628,0.0,0.7514183972717339,1.0360473143704616,0.0,4.372584830496999,1.7420119205321662,0.0,-7.887951901736871,19.799370155106654,29.891395549031095,40.45025466741641,70.3416502164475
12.168000000000733,7.23,7.864334892383057,-1.8232888493080028,2.824502813938158,1.712381702819129,-21.608114442006084,25.88040947194978,0.0,0.7601662880003427,1.0395258063384716,0.0,4.37528871630262,1.7364970868533312,0.0,-7.878286541694713,19.850179116705352,29.787150027460925,40.55428134464975,70.34143137211068
12.170000000000734,7.23,7.869940596852498,-1.8198124175349735,2.781159650830331,1.7640039272200387,-21.73412988467226,25.741980110645443,0.0,0.7689194962133601,1.0429933731111656,0.0,4.37790195377233,1.7310859332476494,0.0,-7.868068542791922,19.89828002430863,29.68373055645458,40.65748331027969,70.34121386673426
12.172000000000734,7.23,7.87545936662529,-1.8162330174942325,2.737569945310742,1.815350319246313,-21.854661177847248,25.604596926553107,0.0,0.7776778386040966,1.0464502174770334,0.0,4.3804225568998,1.7257738879207567,0.0,-7.857310727992501,19.943714173898513,29.581138115550495,40.75985945043669,70.34099756598718
12.174000000000735,7.23,7.880890719566991,-1.8125511986785556,2.693744638154324,1.8664230907063408,-21.969737138012654,25.46837942425872,0.0,0.7864411280249548,1.049896533074983,0.0,4.382848670796919,1.7205563745292283,0.0,-7.846025489108509,19.986524646939902,29.479373574741437,40.861408759844295,70.34078233458573
12.176000000000736,7.23,7.8862341953619195,-1.8087675059179025,2.6496946047901204,1.9172246926965792,-22.079394260905296,25.33344737458042,0.0,0.7952091737500051,1.0533325043936212,0.0,4.385178571964822,1.7154288205273798,0.0,-7.834224830425885,20.026756250822828,29.37843769895768,40.96213033736755,70.34056803632522
12.178000000000736,7.23,7.891489355367245,-1.804882478900358,2.6054306401460714,1.9677578160596894,-22.183676516777286,25.19992074157726,0.0,0.8039817817377182,1.0567583067870583,0.0,4.387410668180144,1.7103866653424962,0.0,-7.821920411822616,20.064455456693224,29.278331152572196,41.06202338153953,70.34035453411173
12.180000000000737,7.23,7.896655782437173,-1.800896651692298,2.560963443911732,2.0180253917047573,-22.28263513738487,25.06791961765007,0.0,0.8127587548930895,1.0601741065068764,0.0,4.389543498008155,1.7054253683604021,0.0,-7.809123591198354,20.099670334939493,29.179054503916237,41.161087186076735,70.34014168999298
12.182000000000738,7.23,7.901733080718094,-1.7968105522580393,2.5163036062344055,2.068030590805931,-22.376328395756687,24.93756416687892,0.0,0.821539893328433,1.0635800607498627,0.0,4.391575729955438,1.7005404167048077,0.0,-7.795845466049243,20.132450488607198,29.080608229795253,41.259321135394025,70.33992936518928
12.184000000000738,7.23,7.906720875415564,-1.7926247019791994,2.471461593862091,2.11777682489608,-22.464821379788212,24.80897457672743,0.0,0.8303249946221325,1.0669763177210927,0.0,4.3935061612756074,1.695727332795306,0.0,-7.782096914036556,20.162846985017442,28.982992719994083,41.35672470012945,70.33971742012353
12.186000000000739,7.23,7.911618812534034,-1.7883396151739603,2.4264477367445436,2.167267745872328,-22.548185760703372,24.682271018232612,0.0,0.8391138540746587,1.0703630167118778,0.0,4.395333716442497,1.690981681670363,0.0,-7.767888632412641,20.19091228586671,28.886208281762272,41.45329743268775,70.33950571445001
12.18800000000074,7.23,7.916426558590238,-1.7839557986163954,2.3812722151016863,2.216507245930544,-22.626499557411712,24.557573614785454,0.0,0.847906264961224,1.0737402881921372,0.0,4.397057445305689,1.6862990780633116,0.0,-7.753231176183837,20.216700176085475,28.790255144269658,41.54903896281267,70.33929410708234
12.19000000000074,7.23,7.921143800301199,-1.779473751055983,2.3359450469665686,2.265499457446062,-22.699846897775682,24.43500241959932,0.0,0.8567020187804348,1.0771082539166446,0.0,4.3986765209440515,1.6816751932207064,0.0,-7.738134994904631,20.2402656917324,28.695133463024256,41.64394899319539,70.33908245621964
12.192000000000741,7.23,7.9257702442478015,-1.7748939627373996,2.290476076208043,2.314248752818104,-22.76831777778366,24.31467740195315,0.0,0.8655009054983698,1.0804670270446581,0.0,4.4001902372332005,1.6771057614540856,0.0,-7.7226104680135155,20.261665047197617,28.60084332424385,41.73802729512789,70.33887061937175
12.194000000000742,7.23,7.930305616514881,-1.7702169149206435,2.2448749610363796,2.3627597442955284,-22.832007819602865,24.196718442289384,0.0,0.8743027137875099,1.0838167122723772,0.0,4.401598006143217,1.6725865864175171,0.0,-7.706667938635397,20.280955561984747,28.507384749173575,41.83127370420824,70.33865845338181
12.196000000000742,7.23,7.934749662308819,-1.7654430794015126,2.199151162993097,2.411037283801693,-22.891018029462447,24.08124533624131,0.0,0.8831072312600192,1.0871574059776785,0.0,4.402899354783175,1.6681135471049966,0.0,-7.690317745791344,20.298195587336156,28.41475769834289,41.92368811610476,70.33844581444765
12.198000000000743,7.23,7.939102145553603,-1.7605729180324179,2.1533139364244267,2.459086462776361,-22.945454556289686,23.968377807659945,0.0,0.8919142446948658,1.0904891963765526,0.0,4.404093922209136,1.6636826035629984,0.0,-7.673570254969983,20.313444432959354,28.32296207575529,42.0152704823851,70.33823255814039
12.200000000000744,7.23,7.943362848466303,-1.755606882243481,2.1073723184360023,2.5069126120527154,-22.995428451994286,23.858235530708473,0.0,0.900723540258343,1.0938121636906928,0.0,4.405181456012265,1.6592898023151157,0.0,-7.656435887030013,20.326762294104757,28.23199773300469,42.10602080641647,70.33801853942116
12.202000000000744,7.23,7.947531571112948,-1.750545412563827,2.0613351193246086,2.5545213017876898,-23.04105543426444,23.750938161091913,0.0,0.9095349037175531,1.09712638032563,0.0,4.406161808703688,1.6549312814969017,0.0,-7.638925145415951,20.338210179237006,28.141864473313237,42.195939139341554,70.3378036126548
12.204000000000745,7.23,7.951608130945731,-1.7453889381429488,2.015210913481129,2.6019183414639473,-23.082455652706614,23.64660537649042,0.0,0.9183481206464789,1.1004319110588554,0.0,4.4070349339125245,1.6506032757005658,0.0,-7.621048641683248,20.347849838532316,28.052562055485893,42.28502557613536,70.33758763162126
12.206000000000746,7.23,7.9555923623224905,-1.7401378762719806,1.9690080307572015,2.6491097799819907,-23.11975345912822,23.545356926268674,0.0,0.9271629766242719,1.1037288132373373,0.0,4.407800882413259,1.6463021205302586,0.0,-7.602817119340372,20.355743693424458,27.96409019777723,42.37328025174662,70.33737044952386
12.208000000000746,7.23,7.959484116009374,-1.7347926319046798,1.9227345482865237,2.696101905861033,-23.153077182728108,23.447312690538478,0.0,0.9359792574254416,1.107017136983866,0.0,4.4084597979983,1.6420242568700827,0.0,-7.584241476028014,20.361954767411305,27.87644858166669,42.46070333732783,70.33715191899452
12.210000000000747,7.23,7.963283258667598,-1.7293535971778848,1.876398282750257,2.7429012475674117,-23.18255891092554,23.352592748659156,0.0,0.9447967492016458,1.1102969254116464,0.0,4.409011913211185,1.6377662348680184,0.0,-7.565332784066033,20.366546618322666,27.789636855539243,42.54729503655659,70.33693189209583
12.212000000000748,7.23,7.966989672325167,-1.723821150931172,1.8300067830745501,2.789514573989524,-23.208334276524084,23.261317457269804,0.0,0.9536152386548173,1.1135682148465769,0.0,4.4094575449553535,1.6335247176401115,0.0,-7.546102309409313,20.369583272238362,27.703654638268304,42.63305558205121,70.33671022031952
12.214000000000748,7.23,7.970603253834413,-1.7181956582253999,1.7835673235468437,2.8359488950784413,-23.230542251872677,23.173607537959136,0.0,0.9624345132014052,1.1168310350566641,0.0,4.409797089992941,1.629296484700376,0.0,-7.526561529063509,20.371129159233877,27.618501522699084,42.717985231882565,70.33648675458164
12.216000000000749,7.23,7.974123914316171,-1.7124774698597904,1.7370868973363285,2.8822114626736015,-23.24932495065191,23.08958417469246,0.0,0.9712543611275041,1.1200854094880273,0.0,4.410031020347384,1.625078435122727,0.0,-7.506722147019953,20.37124905111833,27.534177079029895,42.80208426618397,70.33626134521387
12.21800000000075,7.23,7.977551578591389,-1.7066669218871582,1.6905722104027068,2.928309771533222,-23.264827437881056,23.009369121131584,0.0,0.9800745717347101,1.1233313555069606,0.0,4.4101598786230145,1.6208675904423036,0.0,-7.486596108777618,20.37000800131768,27.45068085809058,42.8853529838603,70.33603384195088
12.22000000000075,7.23,7.98088618460093,-1.700764335126856,1.6440296757762445,2.974251560589372,-23.27719754870877,22.933084818001923,0.0,0.9888949354765415,1.1265688846475514,0.0,4.410184273254074,1.6166610973043563,0.0,-7.466195614527187,20.367471287043266,27.368012394516423,42.967791699397424,70.33580409391385
12.222000000000751,7.23,7.984127682814285,-1.6947700146749707,1.5974654081910125,3.020044814447973,-23.28658571652047,22.860854520682977,0.0,0.9977152440852954,1.1297980028643466,0.0,4.410104873694886,1.6124562298696672,0.0,-7.445533131078989,20.363704353873995,27.286171209817546,43.04940073977208,70.33557194958962
12.224000000000752,7.23,7.987276035627898,-1.6886842494112553,1.5508852190521731,3.065697765154364,-23.29314481086531,22.79280243722133,0.0,1.0065352906892386,1.1330187107895915,0.0,4.4099224055621065,1.6082503919862343,0.0,-7.424621402622557,20.35877276286802,27.20515681534311,43.13018044146264,70.33533725680576
12.226000000000752,7.23,7.990331216753735,-1.6825073115022475,1.5042946117171938,3.111218894245502,-23.297029985678744,22.729053876992317,0.0,1.0153548699200408,1.1362310039945935,0.0,4.409637645739131,1.6040411191376114,0.0,-7.403473460410937,20.352742140307846,27.124968715140536,43.210131147560276,70.33509986270082
12.228000000000753,7.23,7.993293210598721,-1.6762394558999798,1.457698777069941,3.156616935110345,-23.298398538251252,22.669735410265925,0.0,1.024173778010382,1.1394348732547614,0.0,4.409251417451943,1.5998260801788922,0.0,-7.382102631467387,20.345678130171258,27.045606408710043,43.28925320498007,70.33485961369011
12.230000000000754,7.23,7.996162011635589,-1.669880919835641,1.4111025893657332,3.201900875680505,-23.297409779370355,22.614975038964985,0.0,1.0329918128817022,1.1426303048179216,0.0,4.408764585324751,1.5956030788720221,0.0,-7.360522546416916,20.337646349408946,26.96706939365565,43.36754696177131,70.33461635542696
12.232000000000754,7.23,7.998937623765681,-1.6634319223075085,1.3645106023245948,3.2470799614738803,-23.29422491504215,22.56490237893894,0.0,1.041808774222037,1.1458172806755047,0.0,4.408178050422919,1.5913700552323995,0.0,-7.338747146547602,20.3287123460989,26.88935716823307,43.44501276452536,70.33436993275842
12.234000000000755,7.23,8.001620059674154,-1.6568926635624204,1.3179270454491618,3.2921636990146417,-23.28900694018132,22.51964885411621,0.0,1.0506244635539368,1.1489957788362544,0.0,4.407492745289719,1.5871250866994353,0.0,-7.316790690210919,20.31894156053696,26.812469233796325,43.52165095588011,70.33412018967644
12.236000000000756,7.23,8.004209340178043,-1.6502633245700111,1.2713558205429276,3.3371618596537416,-23.281920544641594,22.479347902939352,0.0,1.059438684292457,1.152165773602107,0.0,4.406709628982537,1.582866389143996,0.0,-7.294667758672186,20.308399289312888,26.7364050971442,43.59746187211915,70.33386696926334
12.238000000000756,7.23,8.006705493567516,-1.643544066488885,1.2248004984037832,3.382084483814943,-23.273132031948098,22.444135197534678,0.0,1.0682512417932277,1.1553272358459417,0.0,4.40582968211319,1.578592317726105,0.0,-7.272393261525019,20.297150652411933,26.661164272768588,43.67244584086369,70.33361011363228
12.240000000000757,7.23,8.009108554940692,-1.6367350301238506,1.1782643156671002,3.426941885692337,-23.262809251082803,22.414148876117594,0.0,1.077061943390602,1.1584801332908934,0.0,4.4048539018960495,1.5743013676165378,0.0,-7.249982441785154,20.285260563372525,26.58674628500654,43.746603178854954,70.3333494638615
12.242000000000758,7.23,8.01141856553226,-1.6298363353732859,1.1317501717718976,3.4717446584263603,-23.251121541668805,22.389529789189012,0.0,1.0858705984259243,1.1616244307910022,0.0,4.403783297206689,1.5699921745963916,0.0,-7.227450880781534,20.272793702522602,26.513150670098167,43.81993418982525,70.33308485992342
12.244000000000758,7.23,8.01363557203614,-1.6228480806656502,1.0852606260229576,3.5165036797865077,-23.238239692897235,22.370421760137816,0.0,1.0946770182659118,1.164760090612929,0.0,4.402618883652792,1.565663515548739,0.0,-7.20481450296283,20.259814493309126,26.440376978152933,43.89243916245418,70.33281614060712
12.246000000000759,7.23,8.015759625922326,-1.6157703423840986,1.0387978947210548,3.5612301183902098,-23.224335916542145,22.356971860927526,0.0,1.1034810163112123,1.167887072718593,0.0,4.40136167865798,1.561314308857063,0.0,-7.1820895807405645,20.24638708172772,26.368424775026334,43.96411836840898,70.33254314343532
12.24800000000076,7.23,8.017790782748055,-1.6086031742780975,0.9923638483327777,3.6059354404887856,-23.209583834414193,22.349330703615234,0.0,1.1122824079951177,1.1710053350484824,0.0,4.400012696558372,1.5569436147249305,0.0,-7.159292739489101,20.23257531885352,26.29729364411021,44.0349720604639,70.33226570457411
12.25000000000076,7.23,8.019729101463309,-1.6013466068608742,0.9459600086707036,3.6506314173529426,-23.194158480613996,22.347652748524663,0.0,1.121081010772499,1.1741148338055676,0.0,4.398572943710449,1.5525506354320777,0.0,-7.136440962826342,20.218442746467304,26.226983188038798,44.10500047069787,70.33198365873666
12.252000000000761,7.23,8.02157464371068,-1.5940006467914671,0.8995875460539565,3.6953301332920203,-23.17823631895971,22.35209662997645,0.0,1.1298766440989683,1.1772155237396769,0.0,4.397043413607873,1.5481347155419098,0.0,-7.113551598298586,20.20405258576595,26.157493030313702,44.17420380876625,70.33169683907995
12.254000000000762,7.23,8.023327473119506,-1.5865652762400746,0.8532472764184095,3.740043994343069,-23.161995275983024,22.36282550056727,0.0,1.1386691294002615,1.18030735843222,0.0,4.395425082003919,1.5436953420756536,0.0,-7.090642363594592,20.18946772914199,26.08882281685067,44.24258226024319,70.33140507709386
12.256000000000762,7.23,8.024987654594142,-1.5790404522353234,0.8069396583449816,3.7847857376679275,-23.145614789910212,22.380007395081627,0.0,1.1474582900318973,1.1833902905812854,0.0,4.393718902034852,1.5392321446688866,0.0,-7.067731353416771,20.174750735011298,26.020972217450986,44.310135985032815,70.3311082024838
12.258000000000763,7.23,8.02655525359619,-1.571426105992002,0.7606647899736191,3.8295684416987408,-23.129275876074946,22.403815615226208,0.0,1.1562439512290505,1.1864642722870034,0.0,4.391925799338788,1.5347448957258507,0.0,-7.044837047136948,20.159963825665844,25.953940927200502,44.37686511584399,70.33080604304449
12.260000000000764,7.23,8.028030335420409,-1.563722142217719,0.7144224057696227,3.874405537074834,-23.113161209242524,22.434429136484106,0.0,1.165025940046673,1.1895292553372543,0.0,4.390046667163196,1.5302335105876925,0.0,-7.02197831736863,20.145168888124278,25.88772866779968,44.44276975672695,70.33049842452664
12.262000000000764,7.23,8.02941296446399,-1.5559284383968575,0.6682118731079857,3.9193108184165886,-23.097455223366005,22.472033038509483,0.0,1.173804085289799,1.1925851914937318,0.0,4.388082361453165,1.5256980477306006,0.0,-6.9991744395884155,20.130427477950665,25.82233518882719,44.50784998166736,70.33018517049456
12.264000000000765,7.23,8.030703203488773,-1.5480448440501062,0.6220321886403216,3.964298456984926,-23.08234422934024,22.51681896061246,0.0,1.182578217434019,1.1956320327784535,0.0,4.386033695911339,1.5211387090103414,0.0,-6.976445102943512,20.115800826009924,25.75776026894088,44.57210583323494,70.32986610217583
12.266000000000766,7.23,8.03190111287596,-1.5400711799677422,0.5758819744077754,4.009383014278241,-23.06801655137229,22.568985584025874,0.0,1.1913481685360094,1.1986697317608033,0.0,4.383901437019141,1.5165558399696457,0.0,-6.953810422384252,20.10134984812637,25.694003717018457,44.63553732128238,70.32954103830083
12.268000000000766,7.23,8.033006749872772,-1.5320072374147358,0.5297594736620198,4.054579456622183,-23.05466268264619,22.6287391427997,0.0,1.200113772134078,1.2016982418452815,0.0,4.3816862990076615,1.5119499302256214,0.0,-6.931290952266629,20.08713515761092,25.631065373241608,44.69814442169187,70.32920979493348
12.270000000000767,7.23,8.034020167830414,-1.523852777305635,0.4836625463550136,4.099903170811498,-23.042475461026722,22.69629396533624,0.0,1.208874863138588,1.2047175175601263,0.0,4.379388938765163,1.507321613954419,0.0,-6.908907701573296,20.073217080621315,25.56894511012631,44.75992707516545,70.32887218529176
12.272000000000768,7.23,8.03494141543266,-1.5156075293470617,0.4375886642566396,4.145369980867404,-23.031650265621224,22.771873048760842,0.0,1.2176312777121112,1.2077275148469977,0.0,4.377009950666821,1.5026716704908112,0.0,-6.886682150907206,20.059655674319675,25.5076428335026,44.82088518605497,70.32852801955758
12.274000000000768,7.23,8.035770535914265,-1.5072711911455208,0.3915349056576176,4.190996165978513,-23.022385235101982,22.855708668521196,0.0,1.2263828531391625,1.2107281913520151,0.0,4.3745498613106815,1.4980010250610203,0.0,-6.864636271419739,20.046510747790876,25.44715848344647,44.881018621229266,70.32817710467573
12.276000000000769,7.23,8.03650756626833,-1.4988434272780837,0.3454979496131928,4.236798479698327,-23.014881508784068,22.948043025824607,0.0,1.2351294276852898,1.213719506718385,0.0,4.372009124142382,1.4933107496674172,0.0,-6.842792545841481,20.033841885686112,25.387492035167448,44.94032720897379,70.32781924414124
12.27800000000077,7.23,8.037152536441656,-1.4903238683233557,0.299474069681011,4.282794170477794,-23.00934349155481,23.049128935756258,0.0,1.243870840445287,1.2167014228809858,0.0,4.369388113949255,1.4886020641444833,0.0,-6.821173991793367,20.021708474555044,25.328643499853925,44.99881073792015,70.32745423777408
12.28000000000077,7.23,8.037705468517032,-1.4817121098499724,0.2534591271042862,4.329001003617339,-23.005979143865773,23.159230559180852,0.0,1.252606931180252,1.2196739043632379,0.0,4.3666871212028555,1.4838763374061035,0.0,-6.799804187565794,20.010169731831635,25.270612925480176,45.05646895600135,70.32708188148153
12.282000000000771,7.23,8.038166375881287,-1.4730077113596984,0.20744856338882445,4.375437284729269,-23.005000298120763,23.278624181807796,0.0,1.2613375401431637,1.2226369185766957,0.0,4.3639063462267345,1.4791350889050396,0.0,-6.7787073005646,19.99928473743786,25.213400397576702,45.1133015694299,70.3267019670066
12.284000000000772,7.23,8.038535262377845,-1.4642101951820097,0.1614373922196631,4.422121884808509,-23.006623002932375,23.407599044108792,0.0,1.270062507892581,1.2255904361237606,0.0,4.361045893164373,1.4743799903262165,0.0,-6.7579081186351955,19.98911246797063,25.157006039967534,45.16930824169424,70.32631428166178
12.286000000000772,7.23,8.038812121442408,-1.455319045316838,0.11542019065999329,4.4690742670173425,-23.011067896869587,23.546458226110566,0.0,1.278781675094076,1.2285344311040607,0.0,4.358105763719681,1.469612867536802,0.0,-6.737432084492358,19.979711833436813,25.101430015476264,45.22448859257131,70.32591860804757
12.288000000000773,7.23,8.03899693522027,-1.446333706221939,0.06939108957162271,4.516314515298235,-23.01856061348606,23.695519591453227,0.0,1.2874948823088859,1.2314688814249926,0.0,4.355085850640114,1.4648357028168428,0.0,-6.717305333497923,19.971141716501453,25.046672526604063,45.278842197151015,70.32551472375508
12.290000000000774,7.23,8.039089673663634,-1.4372535815411025,0.023343763192478238,4.563863364937984,-23.029332219601088,23.855116795506735,0.0,1.296201969769247,1.2343937691170268,0.0,4.351985930909612,1.4600506373957738,0.0,-6.69755473504852,19.963461014213575,24.992733816181396,45.33236858486933,70.32510240105073
12.292000000000774,7.23,8.039090293607192,-1.4280780327691753,-0.022728582197495406,4.6117422352164805,-23.0436196890067,24.025600362778924,0.0,1.3049027771398012,1.237309080654422,0.0,4.348805658615597,1.4552599743215353,0.0,-6.6782079378561905,19.956728682172773,24.93961416799595,45.38506723854706,70.32468140654301
12.294000000000775,7.23,8.038998737820055,-1.4188063778495807,-0.06883322059524777,4.659973264284276,-23.061666413995045,24.207338839331786,0.0,1.313597143264372,1.240214807282027,0.0,4.345544557450957,1.450466181690611,0.0,-6.659293419428014,19.95100378109815,24.88731390739892,45.4369375934306,70.32425150082952
12.296000000000776,7.23,8.03881493403201,-1.4094378896997268,-0.11497791965658105,4.708579346425154,-23.083722757343615,24.40072002645487,0.0,1.322284905897345,1.243110945348921,0.0,4.342202012808295,1.4456718962692365,0.0,-6.6408405400777095,19.946345525758268,24.835833401891403,45.48797903623144,70.32381243812284
12.298000000000776,7.23,8.038538793931862,-1.399971794659363,-0.16117095522492675,4.75758417187292,-23.110046647662145,24.6061523024259,0.0,1.3309659014188013,1.2459974966497382,0.0,4.338777263419669,1.4408799275381634,0.0,-6.622879601832117,19.94281333621674,24.78517306169273,45.53819090416188,70.32336396585461
12.300000000000777,7.23,8.038170212135515,-1.3904072708565984,-0.20742112709681118,4.807012269365966,-23.140904221300225,24.82406603983317,0.0,1.3396399645324197,1.2488744687745106,0.0,4.335269392490698,1.4360932621954612,0.0,-6.605441912627676,19.940466891343434,24.73533334029222,45.58757248396306,70.32290582425529
12.302000000000778,7.23,8.037709065121195,-1.3807434464859076,-0.25373777612059395,4.856889051638774,-23.17657051433581,25.054915126636196,0.0,1.3483069279451054,1.2517418754680139,0.0,4.331677318272834,1.4313150691547398,0.0,-6.5885598562305665,19.939366184533235,24.686314734985874,45.636123010922674,70.32243774590854
12.304000000000778,7.23,8.037155210129056,-1.3709793979920393,-0.3001308027324556,4.907240864066649,-23.21733020852182,25.299178599919884,0.0,1.3569666220271497,1.2545997369996458,0.0,4.327999784012215,1.4265487050788719,0.0,-6.572266968354907,19.939571581566142,24.638117787398752,45.68384166787962,70.32195945527837
12.306000000000779,7.23,8.03650848402219,-1.3611141481532862,-0.3466106870417491,4.958095036698744,-23.263478435458513,25.55736240215135,0.0,1.3656188744516025,1.2574480805449224,0.0,4.3242353472073995,1.4217977204925891,0.0,-6.556598019500245,19.941143880530486,24.590743083994443,45.73072758421222,70.32147066820666
12.30800000000078,7.23,8.03576870210582,-1.351146664057091,-0.393188510586787,5.00947993993494,-23.315321643689312,25.830001270689177,0.0,1.3742635098114164,1.2602869405798451,0.0,4.320382368101363,1.4170658665210498,0.0,-6.541589105082193,19.94414437371621,24.5441912565713,45.77677983480808,70.32097109137938
12.31000000000078,7.23,8.034935656901183,-1.3410758549604236,-0.4398759798920016,5.061425044124715,-23.373178533892943,26.11766077233386,0.0,1.3829003492127434,1.2631163592893997,0.0,4.316438997325702,1.4123571023053965,0.0,-6.527277743487934,19.948634911367613,24.49846298274663,45.821997439012534,70.32046042175917
12.312000000000781,7.23,8.034009116870406,-1.3309005700267895,-0.48668545196827045,5.113960983390791,-23.437381067865925,26.420939495851044,0.0,1.3915292098425827,1.265936386991592,0.0,4.312403162606348,1.4076756031507998,0.0,-6.513702982753575,19.954677967162123,24.45355898642797,45.86637935955271,70.31993834598069
12.314000000000782,7.23,8.03298882508829,-1.3206195959310936,-0.533629961910156,5.167119624007488,-23.508275557565284,26.740471416660302,0.0,1.4001499045088412,1.2687470825786027,0.0,4.3082725544305465,1.4030257694677735,0.0,-6.50090551663479,19.96233670525402,24.409480038271017,45.90992450143666,70.31940453970768
12.316000000000782,7.23,8.031874497856684,-1.3102316543228945,-0.5807232527569701,5.220934137693451,-23.586223841114208,27.076928449272913,0.0,1.4087622411505807,1.2715485139766307,0.0,4.304044610564267,1.3984122365727862,0.0,-6.488927810922602,19.97167504868894,24.366226956123423,45.95263171082356,70.31885866694698
12.318000000000783,7.23,8.030665823256701,-1.2997353991378358,-0.6279798077990675,5.275439080211082,-23.671604553373022,27.431023204596954,0.0,1.4173660223160596,1.2743407586262858,0.0,4.299716499297023,1.3938398854207845,0.0,-6.477814240949787,19.982757748953773,24.323800605452497,45.99449977386462,70.31830037931712
12.320000000000784,7.23,8.029362459633731,-1.2891294137462181,-0.6754148855267312,5.330670475700929,-23.76481449944586,27.803511970918823,0.0,1.4259610446058817,1.277123903985437,0.0,4.29528510127766,1.3893138543490595,0.0,-6.467611241336039,19.995650456377675,24.28220189975495,46.03552741551277,70.31772931526771
12.322000000000784,7.23,8.027964034009733,-1.2784122079267808,-0.7230445574365905,5.386665907218729,-23.86627014034178,28.195197939236817,0.0,1.434547098078267,1.2798980480566131,0.0,4.290746989789313,1.3848395519196384,0.0,-6.458367469135848,20.01041979104012,24.241431800945445,46.07571329829937,70.31714509924481
12.324000000000785,7.23,8.026470140416851,-1.267582214652785,-0.7708857489298642,5.443464613986169,-23.9764092009427,28.606934695679577,0.0,1.4431239656132027,1.2826632999413126,0.0,4.286098409294516,1.3804226709564447,0.0,-6.450133981685366,20.02713341377051,24.201491319720564,46.11505602107893,70.31654734079949
12.326000000000786,7.23,8.024880338145952,-1.2566377866764205,-0.818956283558042,5.50110759591413,-24.09569241145805,29.03963000600928,0.0,1.4516914222317663,1.2854197804236045,0.0,4.281335252062039,1.3760692038826137,0.0,-6.442964430588656,20.04586009673838,24.162381515893607,46.15355411773884,70.31593563363245
12.328000000000786,7.23,8.02319414990307,-1.2455771928963875,-0.8672749308950833,5.559637726009641,-24.2246053946765,29.49424991970489,0.0,1.460249234366639,1.2881676225858647,0.0,4.276453032664795,1.3717854594749528,0.0,-6.436915273452638,20.066669793029316,24.124103498694286,46.191206055877515,70.3153095545718
12.330000000000787,7.23,8.021411059866248,-1.2343986144922305,-0.9158614583410621,5.619099871335449,-24.36366071256886,29.971823223870135,0.0,1.4687971590792812,1.2909069724595081,0.0,4.271446860113316,1.367578081164157,0.0,-6.432046005164109,20.08963370447934,24.086658427026915,46.228010235449446,70.31466866247636
12.332000000000788,7.23,8.019530511634553,-1.2231001408075948,-0.9647366871906314,5.67954102325458,-24.513400087159933,30.47344628022795,0.0,1.477334943218791,1.2936379897139871,0.0,4.266311407360834,1.363454067023311,0.0,-6.428419410714254,20.11482434689245,24.050047509678794,46.26396498737992,70.31401249705871
12.334000000000788,7.23,8.017551906060397,-1.2116797649630457,-1.0139225533309955,5.7410104377620454,-24.674396812083966,31.00028828177868,0.0,1.485862322516907,1.2963608483875997,0.0,4.261040877883648,1.359420791602551,0.0,-6.426101841814497,20.142315611589172,24.01427200546878,46.29906857215222,70.313340577621
12.336000000000789,7.23,8.015474598955494,-1.2001353791774134,-1.0634421729685122,5.803559786782587,-24.847258372873934,31.553596969326634,0.0,1.494379020612977,1.2990757376639515,0.0,4.255628969003775,1.3554860297847775,0.0,-6.425163519816414,20.172182822023256,23.979333223325078,46.333319178370644,70.31265240169571
12.33800000000079,7.23,8.013297898659985,-1.1884647697747799,-1.1133199138209138,5.8672433213976465,-25.03262929582331,32.134704852049374,0.0,1.5028847480019984,1.301782862698306,0.0,4.250068831578887,1.351657982856639,0.0,-6.425678867754024,20.20450278395095,23.94523252227789,46.36671492130438,70.31194744358227
12.34000000000079,7.23,8.011021063463305,-1.1766656118522114,-1.1635814722537219,5.932118048057376,-25.231194247200175,32.74503598060077,0.0,1.5113792008980649,1.3044824454984867,0.0,4.244353025636587,1.347945307010665,0.0,-6.427726874673064,20.239353827334753,23.911971311351394,46.399253841419366,70.31122515277076
12.342000000000791,7.23,8.008643298864413,-1.1647354635811265,-1.2142539568850748,5.9982439189351,-25.443681406703075,33.38611332593397,0.0,1.5198620600046286,1.3071747258653887,0.0,4.238473471475336,1.3443571445186808,0.0,-6.43139149580465,20.276815837803063,23.8795510493358,46.43093390290559,70.3104849522414
12.344000000000792,7.23,8.006163754657862,-1.1526717601127654,-1.2653659792332035,6.06568403769301,-25.670866141317426,34.05956682209222,0.0,1.5283329891819886,1.3098599623987495,0.0,4.232421395691388,1.3409031578440362,0.0,-6.436762092587408,20.31697027505317,23.84797324441731,46.461752992211416,70.30972623662873
12.346000000000792,7.23,8.003581521831014,-1.1404718070555682,-1.316947752035516,6.1345048820497405,-25.91357500816835,34.767142136658634,0.0,1.536791634001261,1.3125384335743324,0.0,4.2261872715190805,1.3375935669910175,0.0,-6.443933917050726,20.359900175067718,23.81723945364019,46.49170891659773,70.30894837023791
12.348000000000793,7.23,8.000895629256377,-1.1281327734893587,-1.3690311959280053,6.204776544673611,-26.172690117552417,35.510710238348736,0.0,1.5452376201727602,1.3152104388993069,0.0,4.219760752788823,1.3344391904242656,0.0,-6.453008645649423,20.405690132392593,23.787351282169844,46.52079940272785,70.3081506848977
12.350000000000794,7.23,7.998105040161597,-1.1156516844780375,-1.4216500552387585,6.276572994070302,-26.4491538900544,36.29227783734275,0.0,1.5536705518352685,1.3178763001533547,0.0,4.213130600711698,1.331451489930434,0.0,-6.4640949683015885,20.454426257978703,23.758310382321937,46.54902209531347,70.30733247763541
12.352000000000794,7.23,7.995208648358079,-1.103025413038998,-1.474840023719963,6.34997235729129,-26.743974244478082,37.11399878031449,0.0,1.5620900096909618,1.3205363627237883,0.0,4.206284602589374,1.3286426198381807,0.0,-6.477309239133685,20.506196107194132,23.730118452315075,46.57637455584094,70.30649300815602
12.354000000000795,7.23,7.992205274207447,-1.0902506715236553,-1.528638881119129,6.425057226459723,-27.058230256192623,37.9781864886127,0.0,1.5704955489688253,1.3231909970438496,0.0,4.199209481420766,1.326025481062334,0.0,-6.492776196297488,20.561088571535386,23.70277723469819,46.60285426140716,70.30563149610535
12.356000000000796,7.23,7.989093660303221,-1.077324002359306,-1.5830866415723035,6.5019149912938365,-27.393078328338007,38.88732753452126,0.0,1.5788866971972175,1.3258406001443617,0.0,4.191890795229554,1.323613780494405,0.0,-6.510629759208666,20.619193726269746,23.676288514395594,46.62845860370092,70.30474711809651
12.358000000000796,7.23,7.985872466842997,-1.0642417680979794,-1.6382257148896635,6.580638200004103,-27.749758921032253,39.84409645672732,0.0,1.5872629517636945,1.3284855973299818,0.0,4.184312824765856,1.3214220963247205,0.0,-6.531013912681645,20.680602624676123,23.650654116301983,46.65318488817262,70.3038390044746
12.360000000000797,7.23,7.982540266664199,-1.0510001407129868,-1.6941010818966105,6.661324951148273,-28.12960388611279,40.85137192170492,0.0,1.5956237772373307,1.3311264439925805,0.0,4.176458448036878,1.319465949953266,0.0,-6.554083688726592,20.74540702766327,23.62587590234859,46.677030333444335,70.30290623579293
12.362000000000798,7.23,7.979095539914065,-1.0375950900784847,-1.7507604850905176,6.744079319246589,-28.53404445680137,41.912254342196235,0.0,1.6039686024254771,1.3337636275756495,0.0,4.168308999890658,1.3177618852270387,0.0,-6.5800062582522045,20.813699055261413,23.601955767948397,46.6999920710233,70.3019478389717
12.364000000000798,7.23,7.975536668321857,-1.0240223715615453,-1.8082546359732228,6.829011817184801,-28.96461994268255,43.030085066648994,0.0,1.6122968171330339,1.3363976697051898,0.0,4.159844114607895,1.3163275558328096,0.0,-6.608962146612181,20.885570743717615,23.57889563771059,46.7220671453934,70.300962783104
12.366000000000799,7.23,7.971861929038547,-1.010277512649938,-1.8666374405200976,6.916239898660839,-29.42298718010007,44.20846725341723,0.0,1.6206077685879725,1.3390291285043172,0.0,4.151041549142981,1.3151818217771207,0.0,-6.641146588877026,20.961113488572465,23.55669746029771,46.74325251457578,70.29994997487348
12.3680000000008,7.23,7.968069488006112,-0.9963557985320914,-1.9259662443449217,7.005888504155282,-29.910930785900536,45.45128853945383,0.0,1.6289007574917278,1.3416586011107876,0.0,4.141876984288058,1.3143448560011164,0.0,-6.67677104294058,21.040417350020864,23.535363202273416,46.7635450512676,70.29890825354101
12.3700000000008,7.23,7.964157392815454,-0.9822522565385343,-1.9863020992112856,7.098090654116462,-30.430374257583015,46.76274560336996,0.0,1.6371750336472242,1.3442867264188545,0.0,4.132323800604057,1.3138382623080267,0.0,-6.716064881124383,21.123570191902907,23.5148948407642,46.78294154468985,70.29783638545405
12.372000000000801,7.23,7.960123565008505,-0.9679616393465332,-2.0477100526194194,7.192988093234349,-30.983391954240506,48.1473707047152,0.0,1.6454297911105003,1.3469141880694082,0.0,4.122352825458316,1.3136852059273494,0.0,-6.75927728386821,21.21065661962802,23.49529435472509,46.80143870330251,70.2967330580276
12.374000000000802,7.23,7.955965791776603,-0.9534784068417617,-2.1102594622531528,7.290731989813778,-31.572221978719774,49.61006025192092,0.0,1.6536641628039774,1.349541717715098,0.0,4.111932046915909,1.313910558203204,0.0,-6.806679362440913,21.30175667495727,23.476563714561006,46.8190331585769,70.29559687313791
12.376000000000802,7.23,7.951681717003608,-0.9387967065227286,-2.1740243370927033,7.3914836943203595,-32.199279960168134,51.15610540618334,0.0,1.6618772145202603,1.3521700985903597,0.0,4.10102628953516,1.3145410570766933,0.0,-6.858566541427256,21.396944236545373,23.458704869810468,46.835721470054956,70.29442633986542
12.378000000000803,7.23,7.94726883159864,-0.9239103523255771,-2.23908370696795,7.495415561124199,-32.8671737048693,52.79122466175339,0.0,1.6700679382346253,1.3548001694197382,0.0,4.089596846297224,1.3156054852338381,0.0,-6.915261236097234,21.49628506408822,23.44171973454307,46.85150013197163,70.2932198665147
12.380000000000804,7.23,7.942724463059867,-0.9088128017389884,-2.305522022220343,7.602711837256804,-33.57871863835347,54.52159824672906,0.0,1.6782352446318995,1.3574328287019282,0.0,4.077601059932232,1.3171348680131714,0.0,-6.977115864704336,21.59983441035432,23.4256101700568,46.866365581775234,70.29197575183204
12.382000000000804,7.23,7.938045764207624,-0.8934971310716964,-2.3734295849276132,7.7135696215557354,-34.33695389828454,56.35390405182096,0.0,1.6863779547388176,1.3600690394113149,0.0,4.0649918457634655,1.3191626934090568,0.0,-7.044516241335111,21.707634108703427,23.410377964382945,46.880314210949564,70.29069217533251
12.384000000000805,7.23,7.933229701022572,-0.8779560087290637,-2.4429030127805955,7.828199896805699,-35.14515884898426,58.295354603321336,0.0,1.6944947905358885,1.3627098341637855,0.0,4.051717146843569,1.3217251567674544,0.0,-7.117885401188878,21.819709023166133,23.396024808010583,46.89334237862789,70.28936718663847
12.386000000000806,7.23,7.928273039522959,-0.8621816663510891,-2.5140457361270103,7.946828636266103,-36.00686966576774,60.35373433130524,0.0,1.7025843644027923,1.3653563208990087,0.0,4.037719310566372,1.3248614330459643,0.0,-7.197687917119999,21.936062722853364,23.382552265129984,46.90544642859287,70.28799869372286
12.388000000000806,7.23,7.923172331614822,-0.8461658676631554,-2.586968527833486,8.069697984131086,-36.925895468601276,62.537436018913624,0.0,1.7106451672278546,1.368009689137418,0.0,4.02293437406024,1.328613979792653,0.0,-7.284434773905843,22.056672211230932,23.36996173955565,46.916622710383926,70.28658444993957
12.390000000000807,7.23,7.917923899850863,-0.8298998748942722,-2.661790064357294,8.197067506765316,-37.90633325391484,64.85549481843891,0.0,1.718675554984603,1.3706712168767317,0.0,4.007291243454352,1.333028874277244,0.0,-7.378688874931375,22.181481502205525,23.358254434322845,46.92686760539088,70.28512203971373
12.392000000000808,7.23,7.912523821038622,-0.8133744126275282,-2.738637514618635,8.329215507683013,-38.952580559151656,67.31761753782307,0.0,1.7266737335460327,1.3733422781999505,0.0,3.9907107495016843,1.3381561884648692,0.0,-7.4810712646205415,22.310393787259414,23.347431303750916,46.936177559003966,70.28360886275487
12.394000000000808,7.23,7.906967908647794,-0.7965796289666995,-2.8176471507282432,8.466440393764445,-40.069344367899255,69.93420397396694,0.0,1.7346377414691854,1.3760243516743942,0.0,3.9731045589792915,1.3440504057290603,0.0,-7.592268158661409,22.44326187886418,23.337492996520773,46.94454912012813,70.28204211664891
12.396000000000809,7.23,7.901251693981779,-0.7795050539351915,-2.8989649710916816,8.60906207256311,-41.26164418544525,72.71635581226157,0.0,1.7425654304379619,1.3787190296292369,0.0,3.9543739177022736,1.35077088331408,0.0,-7.713038882289688,22.579876542436512,23.328439788017967,46.95197898966019,70.28041877767816
12.39800000000081,7.23,7.895370406102111,-0.7621395550737972,-2.982747321529104,8.757423349980257,-42.534806433473506,75.67586691167975,0.0,1.750454442999678,1.3814280284070186,0.0,3.9344081968165234,1.3583823645145112,0.0,-7.844224823687321,22.719952238939236,23.320271499831232,46.95846407988769,70.27873557971893
12.40000000000081,7.23,7.889318950529504,-0.7444712902789772,-3.069161493345343,8.911891283041472,-43.89444625918821,78.82518650041762,0.0,1.7583021871694622,1.3841531996923124,0.0,3.91308320921923,1.3669555442499917,0.0,-7.986759513459277,22.86310968901111,23.312987403858113,46.96400158721366,70.27698899107178
12.402000000000811,7.23,7.883091886796066,-0.7264876580327573,-3.1583862681277792,9.072858422622557,-45.34643143656811,82.17734371759266,0.0,1.7661058074048663,1.3868965430274232,0.0,3.8902592574572754,1.3765676910416453,0.0,-8.141679939931466,23.00885453268594,23.306586107935278,46.96858908115985,70.27517518909512
12.404000000000812,7.23,7.876683404995484,-0.7081752453313342,-3.2506123665945776,9.240743853895717,-46.89682113449237,85.7458177867041,0.0,1.7738621513696486,1.3896602196299415,0.0,3.86577886827606,1.3873033271520137,0.0,-8.310139200274797,23.15655119115469,23.30106541926318,46.972224613283736,70.27329003254691
12.406000000000812,7.23,7.870087301579389,-0.6895197738388077,-3.346042741941236,9.415993905549682,-48.55176977961542,89.54433254946395,0.0,1.7815677318092966,1.3924465676284596,0.0,3.8394641622152506,1.3992549665575589,0.0,-8.49342056413846,23.305390832993854,23.296422181106806,46.97490685048396,70.27132903159077
12.408000000000813,7.23,7.863296954788833,-0.6705060450974776,-3.4448926353549574,9.599082349234745,-50.31738284639287,93.58654667591446,0.0,1.7892186827504608,1.3952581188290585,0.0,3.811113799484356,1.4125239070915874,0.0,-8.692952982071201,23.454352101165618,23.292652077301554,46.97663523821155,70.26928731551311
12.410000000000814,7.23,7.856305300303621,-0.6511178860467126,-3.547389280737342,9.790509843937626,-52.19950690318843,97.88560103002932,0.0,1.7968107091116858,1.3980976171129524,0.0,3.7804994362290616,1.4272210679752781,0.0,-8.910327994535798,23.602152964113966,23.2897493979388,46.977410200385684,70.26715959832448
12.412000000000814,7.23,7.84910480795717,-0.6313380966780814,-3.653771104670934,9.990802290575111,-54.2034303122309,102.45347170809498,0.0,1.8043390286744945,1.4009680385409173,0.0,3.7473616189979126,1.4434678562732137,0.0,-9.147317872809058,23.74719171221381,23.287706758224985,46.977233384392775,70.26494014261776
12.414000000000815,7.23,7.8416874607245415,-0.6111484024373641,-3.7642862130606085,10.20050764295095,-56.33346324545132,107.30006035248691,0.0,1.8117983052147781,1.403872613196481,0.0,3.71140504107169,1.461397034494833,0.0,-9.405894627522313,23.88747473299931,23.28651476085082,46.97610796147845,70.26262272232927
12.416000000000816,7.23,7.8340447376773135,-0.5905294150421968,-3.8791898836581424,10.420190563541395,-58.592355725851846,112.43193156944831,0.0,1.819182571441034,1.406814848728709,0.0,3.6722930845186346,1.4811535451404927,0.0,-9.688249221311152,24.020528278949826,23.286161590258352,46.9740389951878,70.26020058544614
12.418000000000816,7.23,7.82616760325105,-0.5694606068048155,-3.9987406890056314,10.650424105763063,-60.98049984861857,117.8505797926149,0.0,1.8264851402401854,1.4097985554447117,0.0,3.6296415798938613,1.5028952244636846,0.0,-9.996809873051763,24.14329102314539,23.28663252491451,46.97103389332858,70.25766641824309
12.420000000000817,7.23,7.818046506039513,-0.5479203054427976,-4.1231947517342125,10.891777336403155,-63.4948469502205,123.5500742238916,0.0,1.833698502614395,1.4128278726348618,0.0,3.5830117368866254,1.5267933044383892,0.0,-10.334257679076268,24.251983846471727,23.28790935110391,46.96710296226453,70.25501231336844
12.422000000000818,7.23,7.809671391475977,-0.5258857188615571,-4.252797478060822,11.14479747049549,-66.12745247236755,129.5138909572463,0.0,1.840814210637989,1.415907295567454,0.0,3.5319022423015034,1.5530325554640787,0.0,-10.70353681631739,24.341953134917706,23.289969658877535,46.96226008619398,70.25222974507152
12.424000000000818,7.23,7.80103173425776,-0.5033330026579811,-4.387771921362794,11.409984666407635,-68.86354171566414,135.71069843673027,0.0,1.8478227438276469,1.4190417022336677,0.0,3.475740599041078,1.5818108584916617,0.0,-11.107855222965407,24.407484092975626,23.292785997760813,46.956523558351904,70.24930955611272
12.426000000000819,7.23,7.7921165982926945,-0.48023738729479837,-4.528302695291228,11.687757119781994,-71.67897146067574,142.08882224443386,0.0,1.8547133575870594,1.4222363784186571,0.0,3.4138739094418558,1.6133379091729583,0.0,-11.550669738580408,24.441581539067315,23.296324866895194,46.949917095558064,70.24624196245325
12.42800000000082,7.23,7.782914734366531,-0.456573387186393,-4.674514093030128,11.978403518495243,-74.5369515889375,148.5690910054567,0.0,1.861473912988773,1.4254970389712716,0.0,3.3455595140464265,1.6478326435008253,0.0,-12.035647077959775,24.435717879594993,23.300545511919882,46.94247107173369,70.24301658365357
12.43000000000082,7.23,7.77341472868803,-0.43231512040752507,-4.826440801034014,12.282019331254457,-77.38389876384308,155.0357817987196,0.0,1.8680906882803217,1.4288298421853804,0.0,3.269956217184146,1.6855188309310751,0.0,-12.566588578738063,24.37955227657742,23.30539849993357,46.93422400900103,70.2396225089346
12.432000000000821,7.23,7.763605218925296,-0.40743677530616323,-4.983989377579739,12.598422921075054,-80.14434081294515,161.32548427481578,0.0,1.8745481744165613,1.4322413929303168,0.0,3.186117306875163,1.7266181085206562,0.0,-13.14730235787136,24.260632605680474,23.310824045664994,46.92522436518246,70.23604841084745
12.434000000000822,7.23,7.753475198106057,-0.38191326854398083,-5.146888605838844,12.92704733516053,-82.71490785685941,167.2139579802167,0.0,1.8808288599850265,1.4357387285283176,0.0,3.0929872565952277,1.7713395399044085,0.0,-13.781401524413646,24.064104217610236,23.316750068749194,46.91553265133652,70.23228272008572
12.436000000000822,7.23,7.743014430330479,-0.3557211469472926,-5.314627114479932,13.266804231794056,-84.95768211923341,172.40157137723938,0.0,1.8869130155566591,1.439329279367262,0.0,2.989404920500765,1.8198646076631144,0.0,-14.472002098865307,23.77246862303613,23.323089977244837,46.905223898432624,70.22831387567746
12.438000000000823,7.23,7.732214004673521,-0.32883979092580823,-5.486377583286553,13.615918412004229,-86.69359490824985,176.49881980345816,0.0,1.8927784942595267,1.4430207939467847,0.0,2.874117205513306,1.872326452943466,0.0,-15.221290849026447,23.36546271112802,23.329740201527276,46.89439046264508,70.22413066417235
12.440000000000824,7.23,7.721067053246581,-0.3012529764236908,-5.660908843887718,13.971735762311887,-87.69722024043328,179.01486289480002,0.0,1.8984005746625048,1.4468212157568217,0.0,2.7458085357314035,1.9287822811719946,0.0,-16.02993438544908,22.820165392661796,23.336577553160907,46.88314510648979,70.2197226596507
12.442000000000824,7.23,7.709569653490995,-0.2729508396107135,-5.836490773546129,14.330515238173225,-87.69524684930758,179.35405931070838,0.0,1.903751883950999,1.450738497656756,0.0,2.6031526484948095,1.9891783461216046,0.0,-16.896311604457498,22.111480546072798,23.343456565568143,46.87162420949562,70.21508077506377
12.444000000000825,7.23,7.697721919687047,-0.24393225571113242,-6.010802543734566,14.687227879793667,-86.37202256274405,176.8279095983063,0.0,1.908802453136322,1.4547803392833294,0.0,2.4448938065145094,2.053308063315936,0.0,-17.81557911548884,21.213182676829483,23.350207098850003,46.859990839977556,70.21019793882756
12.446000000000826,7.23,7.68552926004215,-0.21420758101097281,-6.180862598801004,15.035402920451176,-83.3865161023639,170.69190271493758,0.0,1.9135199693805773,1.4589538360264647,0.0,2.2699633946798503,2.1207658599318027,0.0,-18.77863169959735,20.09972310740206,23.356632667601183,46.848437258022344,70.20506992562352
12.448000000000826,7.23,7.673003730008025,-0.18380160736954074,-6.3430077215728335,15.367080685917545,-78.40509682406307,160.21689434985058,0.0,1.917870298788002,1.4632650362641317,0.0,2.0776337223625836,2.190902476988481,0.0,-19.77110178945168,18.748943979693166,23.36251016860819,46.83718623377196,70.19969640238014
12.450000000000827,7.23,7.660165349830879,-0.1527564417961215,-6.492955814358083,15.67294791322168,-71.15255278033146,144.8003342841785,0.0,1.9218183487354754,1.4677184187185341,0.0,1.8677022893000919,2.2627913104769677,0.0,-20.772646186797818,17.14569021821335,23.367591894170456,46.826490396338485,70.19408229050894
12.452000000000828,7.23,7.647043183083469,-0.12113386796153511,-6.625987299100149,15.942731792784896,-61.47860144647211,124.11138872831847,0.0,1.925329312566261,1.472316324542248,0.0,1.6406863826789664,2.335218924283894,0.0,-21.7568640446918,15.286014598768233,23.37161079450822,46.816628754766654,70.18823954927487
12.454000000000828,7.23,7.633675913795434,-0.08901661713199373,-6.73726654818591,16.165899659898027,-49.42869868246721,98.24555341431814,0.0,1.9283702833361702,1.4770584064815506,0.0,1.3979917808033568,2.406714006446781,0.0,-22.692216716215935,13.181263902774363,23.37428970096618,46.807899660276,70.18218936124218
12.456000000000829,7.23,7.620111645798209,-0.056507945027345616,-6.822292840162886,16.33264163252834,-35.2986690074881,67.8440669667162,0.0,1.930912137379638,1.4819411828554572,0.0,1.1420065613918484,2.4756251549232253,0.0,-23.5442003815657,10.86094607861033,23.375354446531137,46.80060990808043,70.17596435461157
12.45800000000083,7.23,7.606406714280859,-0.023729055551113945,-6.87742345834387,16.435011150992057,-19.64815056333057,34.12351346365037,0.0,1.9329314882668789,1.4869577953625785,0.0,0.8760707628644848,2.540247358236636,0.0,-24.278711500746954,8.37314887341957,23.374549542060866,46.795060428048885,70.16960997010975
12.46000000000083,7.23,7.592623462201557,0.009185732976930351,-6.900365873810199,16.46799859195634,-3.254456955010202,-1.2245952254336308,0.0,1.9344124305180208,1.4920980547960774,0.0,0.6042928177877005,2.5989814762260144,0.0,-24.866099437936043,5.781651556270188,23.37165375418899,46.791529950730734,70.16318370491973
12.462000000000831,7.23,7.578827166009234,0.04209567761245454,-6.890516728553903,16.430271058592183,12.992155633613747,-36.2621490914161,0.0,1.9353477715412761,1.4973488127978904,0.0,0.33122354146296185,2.650496306719564,0.0,-25.28500787065462,3.1597817478955665,23.36649243062646,46.790258851037386,70.15675128166384
12.464000000000832,7.23,7.565082521103169,0.07486126183854094,-6.8490520938038415,16.324369782958396,28.226334015653883,-69.10508377960923,0.0,1.9357395169310008,1.5026946300299209,0.0,0.06144425217313465,2.6938569146759708,0.0,-25.525007630718807,0.5822005604821526,23.358944336018286,46.79143569409695,70.15038003011523
12.466000000000832,7.23,7.551450224511538,0.10735163564865964,-6.77874260843908,16.15630745270443,41.7376776383829,-98.20704149637724,0.0,1.9355985196085144,1.5081186442166081,0.0,-0.2008443976789025,2.7285906308091112,0.0,-25.58733992536554,-1.8834169616684062,23.34894271609402,46.795188608137295,70.14413132423131
12.468000000000833,7.23,7.5379841622857695,0.13945073774613295,-6.683548594995867,15.934685668611388,53.05589383367215,-122.54506380955613,0.0,1.934943379156639,1.5136035010190412,0.0,-0.45214800137768263,2.7546809036563866,0.0,-25.483697330629823,-4.1828448443752455,23.336472032043886,46.8015825735552,70.13805460559908
12.470000000000834,7.23,7.524729536483069,0.17106136963442234,-6.568105866532656,15.669574137361021,61.97438929440206,-141.67093899598717,0.0,1.933798819987917,1.5191322109169554,0.0,-0.6898654541309523,2.7725000638210995,0.0,-25.23356550247128,-6.278724877904548,23.321562284839004,46.81062242933815,70.13218471417716
12.472000000000834,7.23,7.5117220285609765,0.20210701083453642,-6.437221569567121,15.371412011420219,68.51962118039583,-155.64421321426553,0.0,1.9321938403898233,1.5246888316565599,0.0,-0.9123292929935292,2.7827057462231863,0.0,-24.8609578483119,-8.150836691114941,23.304282237445506,46.822260328380786,70.1265425658263
12.474000000000835,7.23,7.498987884146317,0.2325316266783898,-6.2954676132338045,15.05012233737006,72.88846478280091,-164.89546934260892,0.0,1.9301599032182222,1.5302589295910316,0.0,-1.1187280257335155,2.786128269795979,0.0,-24.39132707652802,-9.793971613282114,23.28473207358766,46.836405830493206,70.12113790408087
12.476000000000836,7.23,7.486544676841527,0.26229799767813305,-6.146910807857691,14.71452484217119,75.37775151800976,-170.07259904682425,0.0,1.9277293612144015,1.5358298233869765,0.0,-1.3089567200075467,2.7836700010445856,0.0,-23.84915556677901,-11.214516244355924,23.26303574388448,46.8529368392823,70.11597258316678
12.478000000000836,7.23,7.474402475012759,0.29138517274499753,-5.994976645682138,14.372040210426828,76.32311410364669,-171.90745579586576,0.0,1.9249342153741262,1.5413906469083063,0.0,-1.4834410492094119,2.776227938155057,0.0,-23.25639826759815,-12.426751914990236,23.239333369862607,46.87170998815995,70.11104335802256
12.480000000000837,7.23,7.462565169545615,0.31978557396935187,-5.842418870473615,14.028624954058602,76.05489747466927,-171.11979359327228,0.0,1.9218052243261774,1.5469322819658966,0.0,-1.642968060673736,2.7646420118777435,0.0,-22.631708074259446,-13.449543689472252,23.2137742207804,46.89256961942672,70.10634384020713
12.482000000000838,7.23,7.451031786354561,0.34750213690688403,-5.691359313424392,13.688859298032842,74.87160870107775,-168.35949395657371,0.0,1.9183713300394878,1.5524472105858695,0.0,-1.7885424143991475,2.7496660318778305,0.0,-21.990253080713625,-14.303737211085174,23.186510729092856,46.91535499178925,70.1018657208821
12.484000000000838,7.23,7.439797676291359,0.3745457199906862,-5.543365944520386,13.356118137487751,73.02751718656388,-164.17966185080584,0.0,1.914659339994979,1.5579293273027561,0.0,-1.9212748752343336,2.7319558273918756,0.0,-21.34391354752221,-15.010317673099756,23.157693801936794,46.939905705627645,70.09759950756444
12.486000000000839,7.23,7.428855531341733,0.40093289398940846,-5.399545307934434,13.032773097182261,70.72993269406145,-159.03081610884163,0.0,1.9106938008206238,1.5633737404010253,0.0,-2.0423021463516315,2.7120689520508736,0.0,-20.701679848202915,-15.589236827882852,23.127469449787867,46.96606554084707,70.09353499063494
12.48800000000084,7.23,7.4181962148784635,0.42668413768462404,-5.260634135030167,12.720392565609963,68.14216818214697,-153.2674551737384,0.0,1.9064970047546583,1.5687765804104736,0.0,-2.1527332923849394,2.6904712552290206,0.0,-20.07012430587729,-16.058757249903575,23.095976583096565,46.99368498989183,70.0896615729884
12.49000000000084,7.23,7.407809416834928,0.4518224156589171,-5.127081896651782,12.419921786257083,65.38924354384537,-147.16057469453793,0.0,1.9020890814843643,1.5741348259149495,0.0,-2.253616818052771,2.6675468835507403,0.0,-19.453868383550468,-16.43516192187686,23.063345746994607,47.0226227798432,70.0859685268378
12.492000000000841,7.23,7.397684155981159,0.4763720895040338,-4.9991208653614505,12.131835577347871,62.564436353882364,-140.9120082769899,0.0,1.8974881397532177,1.5794461510241566,0.0,-2.3459227701279466,2.64360944280303,0.0,-18.85600371684934,-16.732701796552746,23.02969855358488,47.05274664798107,70.08244520156595
12.494000000000842,7.23,7.3878091551488065,0.5003581058625219,-4.876823178886903,11.856262614939284,59.735607551600665,-134.66825729727333,0.0,1.8927104335676153,1.584708795273512,0.0,-2.4305351746110033,2.6189129606793387,0.0,-18.27845011175753,-16.963685544736474,22.995147600172004,47.08393358927217,70.07908118944417
12.496000000000842,7.23,7.378173114537935,0.5238054063523567,-4.760145940999658,11.593083574829418,56.95078785303741,-128.53269295208824,0.0,1.8877705361452262,1.5899214546911962,0.0,-2.508251209037719,2.5936619285252984,0.0,-17.72224821756986,-17.138644797805455,22.959796705302917,47.11606974631205,70.07586645161497
12.498000000000843,7.23,7.368764905394739,0.5467385106882552,-4.648966054256911,11.342006855249847,54.24285014216197,-122.57575372140943,0.0,1.8826815109351904,1.5950831917879555,0.0,-2.579784498467272,2.5680201114298615,0.0,-17.187792158752472,-17.266531354903684,22.923741337951384,47.14905006935368,70.07279140730506
12.500000000000844,7.23,7.359573702754704,0.5691812321978209,-4.543106622920548,11.102625908214115,51.63327842048952,-116.84316488438205,0.0,1.8774550734236797,1.600193361885901,0.0,-2.645770724263746,2.54211806117376,0.0,-16.675010580816377,-17.354919700756014,22.887069152026758,47.18277783878003,70.06984699080678
12.502000000000844,7.23,7.350589072360735,0.5911564927799249,-4.4423566435172415,10.87446193750996,49.13513136228255,-111.36239668000128,0.0,1.8721017404164337,1.6052515532300622,0.0,-2.7067743392852814,2.5160593999011507,0.0,-16.18350522837891,-17.410199724849978,22.849860566903168,47.21716411488447,70.06702468178764
12.504000000000845,7.23,7.341801023654098,0.612686211376893,-4.3464854670731485,10.656995207470837,46.75532911150341,-106.14764367833888,0.0,1.8666309654346365,1.6102575385408904,0.0,-2.7632956180367434,2.4899260052758123,0.0,-15.712655561403595,-17.43775203301179,22.812189355503996,47.25212715918627,70.06431651469026
12.506000000000846,7.23,7.333200038028845,0.6337912459476616,-4.255253255946729,10.449687633791003,44.496392454064456,-101.20360840669622,0.0,1.8610512600765095,1.6152112359580795,0.0,-2.815777571954859,2.463782249092132,0.0,-15.261696766554884,-17.442102881079023,22.774123216110496,47.28759185645599,70.06171507256649
12.508000000000846,7.23,7.3247770793452505,0.6544913737223949,-4.16841841198266,10.251998788364514,42.35775006200641,-96.52834250386891,0.0,1.8553703019154995,1.6201126776333306,0.0,-2.864612462723418,2.4376784395900426,0.0,-14.829777242183303,-17.42705847392848,22.7357243140356,47.32348915589491,70.05921346993051
12.510000000000847,7.23,7.316523591963807,0.6748052983026716,-4.085742739317388,10.063396983201416,40.33671119120567,-92.11535838961473,0.0,1.8495950298952026,1.6249619845196135,0.0,-2.9101477787953223,2.4116536046692914,0.0,-14.416000430794655,-17.395819843929214,22.69704978592462,47.35975554242311,70.05680532834774
12.512000000000848,7.23,7.308431490216909,0.6947506751030199,-4.00699492912842,9.883366713594087,38.42918268712558,-87.95518378796734,0.0,1.8437317283586085,1.6297593461622761,0.0,-2.9526916238775813,2.3857377356202787,0.0,-14.019454827044946,-17.35108022189339,22.65815220372962,47.396332543909054,70.05448474763867
12.514000000000848,7.23,7.300493142206978,0.7143441488704217,-3.931952812935262,9.711413433335936,36.63019253290801,-84.03649502967386,0.0,1.8377861008954652,1.634505004518331,0.0,-2.992517516875127,2.3599535926560233,0.0,-13.639235123973144,-17.29510705307214,22.61907999809972,47.433166276749006,70.05224627484873
12.51600000000085,7.23,7.292701350041261,0.733601398713551,-3.8604047210252217,9.547066394540892,34.93426819211088,-80.34693445538558,0.0,1.8317633351598777,1.6391992410153635,0.0,-3.0298686318776005,2.3343181563579076,0.0,-13.27445676587206,-17.229810791037885,22.57987784254967,47.47020702997871,70.05008487252837
12.51800000000085,7.23,7.285049328028938,0.7525371873453858,-3.7921501978075005,9.38988009963726,33.33570668680776,-76.87369250125705,0.0,1.8256681597358024,1.6438423662141066,0.0,-3.0649615219115005,2.308843793971903,0.0,-12.924265630546886,-17.15680244805316,22.54058700069108,47.50740888670765,70.04799588739873
12.52000000000085,7.23,7.277530679930135,0.7711654121906132,-3.7270002613023756,9.239434772242047,31.828764431445084,-73.60391555130201,0.0,1.8195048940329406,1.6484347115630769,0.0,-3.0979893765643842,2.2835391965464615,0.0,-12.587844141056289,-17.07744166678558,22.501245639269865,47.54472938084356,70.04597502011343
12.522000000000851,7.23,7.270139376023155,0.7894991567112105,-3.664777345143567,9.095336147208743,30.40778792986357,-70.52498553995162,0.0,1.813277492093539,1.6529766228344978,0.0,-3.129124864663262,2.2584101321105297,0.0,-12.26441478300679,-16.99287684836335,22.46188910991931,47.582129186641,70.04401829656031
12.524000000000852,7.23,7.262869730517934,0.8075507408204268,-3.605315024787492,8.957214800249668,29.067301150583603,-67.62470573416628,0.0,1.8069895810898653,1.6574684549117067,0.0,-3.1585226112013927,2.2334600512303853,0.0,-11.953241756917787,-16.904078649440343,22.42255020253056,47.61957183842357,70.04212204095413
12.526000000000852,7.23,7.255716379669116,0.8253317696335821,-3.548457602195068,8.824725177844966,27.802061379068622,-64.89141836086029,0.0,1.800644495197191,1.6619105676634744,0.0,-3.1863213540923416,2.2086905740867167,0.0,-11.653631308601899,-16.811867957860645,22.38325937301871,47.65702347781471,70.04028285083342
12.528000000000853,7.23,7.248674260815028,0.8428531800789101,-3.4940596028261486,8.697544443736327,26.60709231675639,-62.314073140190644,0.0,1.7942453054403038,1.6663033226927801,0.0,-3.2126458219856575,2.1841018824086555,0.0,-11.364931139910555,-16.71693927735779,22.344044948085614,47.69445262589516,70.03849757398078
12.530000000000854,7.23,7.241738592477091,0.8601252850896828,-3.4419852236297097,8.575371225375545,25.477700922959066,-59.88226082995739,0.0,1.7877948460336661,1.6706470807893887,0.0,-3.2376083698496965,2.159693034942363,0.0,-11.086529196592968,-16.619880297215637,22.304933309374302,47.731829977850566,70.03676328722487
12.532000000000854,7.23,7.2349048555886055,0.8771578152400402,-3.392107759503993,8.457924319372049,24.409482794860743,-57.58622218179691,0.0,1.7812957376664174,1.674942199948976,0.0,-3.26131040463024,2.135462221403755,0.0,-10.81785205091168,-16.521188291590168,22.26594905919286,47.76912821784794,70.0350772770408
12.534000000000855,7.23,7.2281687758755595,0.8939599577862074,-3.3443090274414073,8.344941397079541,23.398319611865784,-55.416839947845304,0.0,1.774750408123003,1.6791890338483704,0.0,-3.2838436291993376,2.1114069668873197,0.0,-10.558363037543838,-16.421283882910696,22.227115169775384,47.80632185206965,70.03343702184503
12.536000000000856,7.23,7.221526307380109,0.9105403931432567,-3.298478801511759,8.236177738340796,22.44037122587921,-53.36561952192234,0.0,1.7681611105775863,1.6833879306878314,0.0,-3.3052911290965388,2.0875242963270186,0.0,-10.30756025722665,-16.320522611777147,22.18845311784372,47.84338705802149,70.03184017586521
12.538000000000856,7.23,7.214973617095674,0.9269073288735384,-3.2545142674109906,8.131405011842949,21.53206427720017,-51.42466227391684,0.0,1.761529939854821,1.6875392323285994,0.0,-3.3257283232592134,2.0638108667094692,0.0,-10.064974529832321,-16.219204679407337,22.1499830060488,47.88030154841702,70.03028455446582
12.540000000000857,7.23,7.208507070668562,0.9430685312924958,-3.2123195020898745,8.030410113605225,20.670078695187943,-49.58663450587653,0.0,1.754858846910142,1.6916432736676634,0.0,-3.345223797031341,2.0402630732265608,0.0,-9.830167354257465,-16.117583165517146,22.11172367269564,47.91704444811123,70.02876812080686
12.542000000000858,7.23,7.202123219112435,0.9590313548153719,-3.1718049816634646,7.932994070142026,19.851333057630765,-47.84473412272829,0.0,1.7481496517487916,1.6957003822028338,0.0,-3.3638400332061025,2.0168771343461382,0.0,-9.60272891455837,-16.015870972373037,22.07369279100396,47.953596182716595,70.02728897372056
12.544000000000858,7.23,7.195818786477276,0.9748027691776548,-3.132887119153211,7.838971009306212,19.072969498333872,-46.19265649436033,0.0,1.7414040549735383,1.6997108777501793,0.0,-3.3816340546623644,1.9936491598128034,0.0,-9.382276158557406,-15.914246702766704,22.03590695901363,47.98993837768184,70.02584533669547
12.54600000000086,7.23,7.18959065841263,0.9903893846654904,-3.095487832454798,7.748167199340513,18.332338643073363,-44.62456053279671,0.0,1.7346236481258823,1.7036750722830427,0.0,-3.398657990261887,1.9705752048171612,0.0,-9.168450965489185,-15.812859644235369,21.998381781121278,48.026053766744,70.02443554786528
12.54800000000086,7.23,7.183435871564974,1.005797475491539,-3.0595341421260858,7.660420154966762,17.626984900519165,-43.13503567649481,0.0,1.727809922963899,1.7075932698677307,0.0,-3.4149595740464362,1.9476513129512876,0.0,-8.960918412246407,-15.711834002658165,21.961131942122865,48.06192610878492,70.02305805090778
12.55000000000086,7.23,7.177351603750445,1.021033001448203,-3.0249577980544022,7.575577808213234,16.954632322665642,-41.719070232153406,0.0,1.7209642798012177,1.7114657666756319,0.0,-3.430582586377269,1.9248735500697438,0.0,-8.759365142749164,-15.611272504288157,21.92417127453825,48.09754011222846,70.02171138676671
12.552000000000861,7.23,7.171335164846394,1.0361016279647752,-2.9916949337190766,7.493497740964137,16.313171168039386,-40.37202134956979,0.0,1.7140880350155971,1.7152928510553993,0.0,-3.445567244462703,1.902238030774472,0.0,-8.563497841392275,-15.511259465417822,21.887512819906622,48.132881366210796,70.02039418611741
12.554000000000862,7.23,7.165383988348061,1.0510087446885708,-2.9596857465603392,7.4140464757968045,15.700645242506294,-39.08958677968313,0.0,1.7071824278217225,1.7190748036518775,0.0,-3.4599505486945166,1.879740938918785,0.0,-8.373041809043261,-15.411863412468367,21.85116888466512,48.16793627783951,70.01910516250463
12.556000000000862,7.23,7.1594956235397165,1.0657594827029941,-2.9288742028600834,7.337098821466028,15.115240050938121,-37.8677784770824,0.0,1.7002486263908976,1.7228118975609985,0.0,-3.473766590336207,1.8573785432646572,0.0,-8.187739638383283,-15.31313932172122,21.81515109115391,48.202692014932985,70.0178431060869
12.558000000000863,7.23,7.153667728232902,1.080358730488141,-2.899207765504371,7.262537269338258,14.555271763896089,-36.70289804632135,0.0,1.6932877333900263,1.7265043985119126,0.0,-3.48704682535464,1.8351472092165906,0.0,-8.007349984293642,-15.215130536669234,21.77947042423172,48.2371364536975,70.01660687792922
12.560000000000864,7.23,7.147898062027602,1.0948111487221677,-2.8706371430105464,7.190251437124785,14.019176983547283,-35.59151398921298,0.0,1.6863007910033159,1.7301525650692977,0.0,-3.4998203185424663,1.8130434073842663,0.0,-7.831646424329739,-15.117870411637853,21.74413727393234,48.27125813085894,70.01539540479128
12.562000000000864,7.23,7.14218448005542,1.1091211840144681,-2.8431160582475803,7.12013755637848,13.505503279796633,-34.53044068255127,0.0,1.6792887854924503,1.7337566488501313,0.0,-3.5121139615264263,1.791063719587535,0.0,-7.6604164039756775,-15.02138372257623,21.709161474545475,48.3050461998175,70.01420767436298
12.564000000000865,7.23,7.136524927166874,1.1232930816547801,-2.8166010353453945,7.052098000378573,13.012900459262182,-33.516718998462494,0.0,1.6722526513442466,1.7373168947503332,0.0,-3.5239526677825785,1.7692048428045084,0.0,-7.493460261245855,-14.925687879466151,21.67455234046438,48.338490390440654,70.01304273090503
12.566000000000866,7.23,7.130917432527883,1.1373308974557748,-2.7910512033689834,6.986040849214333,12.54011252489084,-32.54759846989307,0.0,1.665193275049007,1.7408335411776035,0.0,-3.5353595473722352,1.7474635914716015,0.0,-7.330590325228491,-14.830793969416018,21.64031869910611,48.37158097215038,70.01189967125649
12.568000000000866,7.23,7.125360104593263,1.151238508760505,-2.7664281154202572,6.921879489078605,12.085970281698234,-31.620520899416682,0.0,1.658111498547694,1.7443068202874774,0.0,-3.5463560637617833,1.7258368984696957,0.0,-7.171630083303544,-14.73670765501166,21.606468921176752,48.404308719996436,70.01077764117319
12.570000000000867,7.23,7.119851126427631,1.1650196246803144,-2.742695581920358,6.859532242986922,11.649384543570825,-30.733105308975883,0.0,1.6510081223816602,1.7477369582202855,0.0,-3.556962174787879,1.704321815069296,0.0,-7.016413411974002,-14.643429948733687,21.57301094852731,48.436664883440685,70.009675831968
12.572000000000868,7.23,7.114388751346543,1.1786777956234409,-2.7198195169148236,6.798922030341036,11.229339896748236,-29.883134130190342,0.0,1.6438839085747898,1.7511241753371456,0.0,-3.567196459568933,1.68291551005769,0.0,-6.864783866502106,-14.550957881095766,21.53995231981849,48.468641157605,70.00859347742349
12.574000000000868,7.23,7.108971298852897,1.1922164221695912,-2.6977677963313713,6.739976052952971,10.82488897709822,-29.06854053858547,0.0,1.6367395832745428,1.7544686864535408,0.0,-3.5770762329389125,1.6616152682302026,0.0,-6.716594024819329,-14.45928507750819,21.507300194191405,48.50022965676099,70.0075298509524
12.57600000000087,7.23,7.10359715084569,1.2056387633411787,-2.676510127203894,6.682625505334359,10.435147220316345,-28.287396839897198,0.0,1.629575839175458,1.7577707010693895,0.0,-3.5866176487848715,1.6404184883940565,0.0,-6.571704881467255,-14.368402256640616,21.475061373120745,48.53142288986297,70.00648426298372
12.57800000000087,7.23,7.098264748080137,1.2189479443177094,-2.656017926955724,6.626805307234161,10.059288046511053,-27.53790382203191,0.0,1.6223933377460522,1.7610304235947147,0.0,-3.5958357935008873,1.6193226810060075,0.0,-6.429985287617391,-14.278297661176854,21.443242320608995,48.56221373794398,70.00545605855297
12.58000000000087,7.23,7.092972586859843,1.2321469636359388,-2.6362642119098285,6.572453856575056,9.696538443119753,-26.818380991976596,0.0,1.6151927112777968,1.7642480535703364,0.0,-3.604744770624901,1.5983254655421666,0.0,-6.291311433502118,-14.188957430266953,21.411849181865076,48.59259543321485,70.00444461507993
12.582000000000871,7.23,7.087719215943389,1.2452386999148752,-2.617223494263189,6.519512801094409,9.346174912635306,-26.127257622738632,0.0,1.6079745647728545,1.7674237858830761,0.0,-3.613357777597568,1.5774245676801113,0.0,-6.155566369864854,-14.100365921636733,21.3808878005961,48.622561539719484,70.00344934031558
12.584000000000872,7.23,7.082503233649081,1.258225918141467,-2.598871686827139,6.467926827139862,9.007519754128921,-25.46306454108383,0.0,1.6007394776854693,1.7705578109752191,0.0,-3.6216871754717035,1.5566178163579432,0.0,-6.022639565298912,-14.012505990176761,21.350363735028406,48.6521059354163,70.00246967044471
12.586000000000872,7.23,7.07732328514299,1.2711112755498437,-2.5811860148950267,6.417643464202531,8.679937649984128,-24.824426592332358,0.0,1.5934880055303804,1.773650315048001,0.0,-3.629744552304238,1.5359031407626276,0.0,-5.892426496592825,-13.92535922886458,21.320282272763475,48.681222795566576,70.00150506833005
12.588000000000873,7.23,7.072178059896622,1.2838973271242737,-2.5641449346534047,6.368612903893029,8.362832531575572,-24.210055723698087,0.0,1.5862206813702144,1.7767014802590468,0.0,-3.6375407808783744,1.5152785672895126,0.0,-5.764828269431344,-13.838906177051788,21.290648444563278,48.70990657732274,70.00055502188602
12.590000000000874,7.23,7.067066289301673,1.2965865307535214,-2.5477280576032704,6.3207878321775555,8.05564469981447,-23.618744632575535,0.0,1.5789380171926268,1.7797114849137297,0.0,-3.6450860713299313,1.4947422165065667,0.0,-5.639751267017997,-13.75312650044652,21.261467037151522,48.7381520054194,69.99961904257093
12.592000000000874,7.23,7.061986744430335,1.3091812520620285,-2.5319160805039655,6.274123273793885,7.757848178530679,-23.049360930772785,0.0,1.5716405051868516,1.7826805036504818,0.0,-3.6523900191872616,1.474292300149893,0.0,-5.517106824385449,-13.667999146523794,21.23274260510876,48.765954058879096,69.99869666398786
12.594000000000875,7.23,7.056938233930572,1.321683768941279,-2.516690720394486,6.228576447860741,7.468948280564589,-22.500841779951394,0.0,1.5643286189283758,1.7856087076201463,0.0,-3.659461649277516,1.4539271181713722,0.0,-5.39681092634538,-13.583502478585002,21.20447948193198,48.79330795865279,69.99778744058477
12.596000000000876,7.23,7.051919602046615,1.3340962758028174,-2.502034654285416,6.1841066337795665,7.188479368202186,-21.97218895746965,0.0,1.5570028144796009,1.7884962646595057,0.0,-3.6663094559022946,1.433645055854602,0.0,-5.278783927200391,-13.499614391250454,21.176681790323638,48.820209156123035,69.99689094644667
12.598000000000876,7.23,7.046929726755713,1.3464208875726713,-2.4879314631497964,6.1406750466056135,6.916002791207113,-21.462464315445345,0.0,1.5496635314135707,1.7913433394591012,0.0,-3.672941439641871,1.4134445810115224,0.0,-5.162950290497752,-13.416312409793477,21.149353451767922,48.84665332240307,69.996006774171
12.600000000000877,7.23,7.041967518012894,1.3586596434453533,-2.474365579873221,6.098244721136292,6.651104987190903,-20.97078559917159,0.0,1.5423111937671967,1.7941500937255497,0.0,-3.6793651411086947,1.3933242412689324,0.0,-5.049238347248812,-13.333573775402884,21.122498195447974,48.87263633837249,69.99513453382046
12.602000000000878,7.23,7.037031916096124,1.3708145104141793,-2.4613222408525948,6.056780404029378,6.393395730423386,-20.496322594053197,0.0,1.5349462109297871,1.7969166863385295,0.0,-3.6855876719367755,1.373282661451558,0.0,-4.937580071170044,-13.251375518183474,21.096119566552648,48.898154285394426,69.99427385194707
12.604000000000879,7.23,7.032121890044861,1.3828873865933247,-2.448787440959514,6.016248453322521,6.1425065164287265,-20.038293572999336,0.0,1.5275689784721371,1.7996432735026269,0.0,-3.691615743263478,1.3533185410663107,0.0,-4.827910869622863,-13.169694519465937,21.070220934016913,48.92320343666454,69.99342437068145
12.60600000000088,7.23,7.027236436185531,1.394880104345836,-2.4367478916084,5.976616744779085,5.898089070846448,-19.5959620187317,0.0,1.520179878920976,1.8023300088942606,0.0,-3.6974556919336456,1.333430651890654,0.0,-4.720169389039851,-13.088507564792003,21.04480549773627,48.94778024914606,69.99258574688233
12.60800000000088,7.23,7.022374576737969,1.4067944332307214,-2.425190981691499,5.937854584534075,5.659813972068148,-19.168633597760973,0.0,1.5127792824831046,1.8049770438038881,0.0,-3.7031135046324026,1.3136178356666186,0.0,-4.614297333726018,-13.007791388763286,21.019876295292416,48.9718813560496,69.99175765134201
12.61000000000088,7.23,7.017535358497304,1.4186320827812242,-2.414104741162895,5.8999326275583,5.427369378100551,-18.7556533648727,0.0,1.505367547723181,1.8075845272737072,0.0,-3.7085948401319904,1.2938790019009956,0.0,-4.510239297016401,-12.927522712788752,20.99543620822355,48.9955035598195,69.99093976804305
12.612000000000881,7.23,7.012717851586196,1.4303947051254755,-2.4034778070719103,5.862822801499325,5.200459848958739,-18.356403178858532,0.0,1.497945022198763,1.8101526062310704,0.0,-3.713905049819457,1.2742131257713276,0.0,-4.407942603855481,-12.847678276633221,20.97148796787063,49.01864382559212,69.99013179346275
12.614000000000882,7.23,7.007921148272701,1.4420838974598629,-2.3932993918628718,5.8264982354945065,4.978805256668756,-17.97029931195027,0.0,1.4905120430558796,1.8126814256177988,0.0,-3.719049196655411,1.2546192461366994,0.0,-4.307357163941129,-12.768234864554097,20.948034160827476,49.04129927509366,69.98933343592114
12.616000000000883,7.23,7.003144361849432,1.4537012043846864,-2.3835592537733548,5.790933193584949,4.762139775662935,-17.596790236975774,0.0,1.4830689375881438,1.8151711285156478,0.0,-3.7240320726993352,1.2350964636516473,0.0,-4.208435334645563,-12.689169326713857,20.92507723402091,49.06346718094939,69.9885444149703
12.618000000000883,7.23,6.998386625569932,1.4652481201109575,-2.37424766917679,5.75610301238971,4.550210946991193,-17.23535457767461,0.0,1.475616023762145,1.8176218562680793,0.0,-3.728858215323803,1.2156439389813913,0.0,-4.111131792991063,-12.61045859646923,20.90261949944472,49.08514496137626,69.98776446082098
12.620000000000884,7.23,6.9936470916385485,1.4767260905465427,-2.3653554067278924,5.721984042727415,4.342778810351125,-16.88549920889625,0.0,1.4681536107116253,1.8200337485985818,0.0,-3.733531922228162,1.1962608911159718,0.0,-4.015403416015603,-12.532079704062562,20.880663138569147,49.10633017523539,69.98699331380453
12.622000000000885,7.23,6.988924930250325,1.488136515269257,-2.356873703180823,5.6885535948978045,4.139615098467384,-16.546757494571857,0.0,1.4606819992027518,1.8224069437256996,0.0,-3.73805726535174,1.1769465957809486,0.0,-3.921209168918209,-12.454009787175286,20.85921020644605,49.12702051742107,69.98623072386712
12.624000000000885,7.23,6.984219328677675,1.4994807493939581,-2.3487942407604545,5.655789887358884,3.94050248882874,-16.218687652409184,0.0,1.4532014820725774,1.8247415784749972,0.0,-3.7424381037772645,1.157700383941925,0.0,-3.82851000042183,-12.376226098746562,20.838262635528018,49.14721381456627,69.9854764500943
12.626000000000886,7.23,6.979529490400862,1.5107601053401867,-2.3411091259766454,5.623671998556469,3.745233908225969,-15.900871235221894,0.0,1.4457123446426428,1.82703778838811,0.0,-3.746678095706675,1.1385216404002876,0.0,-3.7372687448370003,-12.29870601241005,20.81782223921857,49.16690802104504,69.9847302602636
12.628000000000887,7.23,6.974854634279487,1.5219758545064286,-2.3338108697801494,5.59217982168221,3.553611885928116,-15.592911719677002,0.0,1.4382148651094844,1.8292957078290752,0.0,-3.7507807095839905,1.1194098024773715,0.0,-3.6474500303498982,-12.221427025858558,20.797890715168766,49.18610121525444,69.9839919304232
12.630000000000887,7.23,6.970193993762407,1.5331292288566503,-2.3268923689667376,5.561294022153795,3.365447951693308,-15.294433194036836,0.0,1.430709314913699,1.8315154700881355,0.0,-3.7547492344330773,1.100364358784247,0.0,-3.5590201930957654,-12.144366762408351,20.778469648334607,49.20479159616041,69.98326124449503
12.632000000000888,7.23,6.965546816133657,1.5442214224243556,-2.3203468887434004,5.530995997627182,3.180562075136053,-15.00507913719171,0.0,1.4231959590890568,1.8336972074831406,0.0,-3.758586789471997,1.0813848480744876,0.0,-3.4719471966132676,-12.06750297100157,20.759560513808452,49.2229774800918,69.98253799390025
12.634000000000889,7.23,6.9609123617921655,1.555253592739052,-2.314168046377137,5.501267840365402,2.998782143269513,-14.724511281934044,0.0,1.4156750565930705,1.8358410514587553,0.0,-3.762296333060177,1.0624708581771243,0.0,-3.3862005563059623,-11.990813524856593,20.741164679436576,49.24065729776986,69.98182197720644
12.63600000000089,7.23,6.956289903563127,1.566226862179676,-2.3083497958529393,5.472092301802023,2.819943473310608,-14.452408556019193,0.0,1.4081468606202856,1.8379471326836043,0.0,-3.7658806710295725,1.0436220250071946,0.0,-3.301751268566078,-11.914276418950285,20.72328340823358,49.25782959156007,69.98111299979365
12.63800000000089,7.23,6.951678726039127,1.5771423192592129,-2.302886413473154,5.443452759149686,2.643888358081383,-14.188466095099416,0.0,1.4006116188994928,1.8400155811455114,0.0,-3.7693424644466145,1.0248380316513503,0.0,-3.2185717442419666,-11.8378697664945,20.70591786060466,49.274493012935004,69.98041087353967
12.64000000000089,7.23,6.947078124949164,1.5880010198444634,-2.297772484335499,5.415333183915459,2.4704656415632877,-13.932394322109612,0.0,1.3930695739759416,1.842046526244988,0.0,-3.7726842368475757,1.0061186075259838,0.0,-3.1366357461542256,-11.761571794549154,20.689069096384504,49.29064632013748,69.97971541652198
12.642000000000891,7.23,6.942487406553898,1.5988039883146412,-2.293002889631708,5.38771811219517,2.2995303223650287,-13.683918088131977,0.0,1.3855209634795813,1.8440400968871056,0.0,-3.7759083809863627,0.9874635276055568,0.0,-3.055918330387908,-11.6853608388975,20.67273807670163,49.3062883760343,69.97902645273594
12.644000000000892,7.23,6.937905887065516,1.609552218662237,-2.2885727947130565,5.360592616628367,2.1309431830500007,-13.442775870174565,0.0,1.3779660203802635,1.845996421571895,0.0,-3.779017165130456,0.9688726117187956,0.0,-2.976395791107997,-11.609215338294367,20.656925665676358,49.321418146151565,69.97834381182793
12.646000000000893,7.23,6.933332892090749,1.6202466755393632,-2.28447763787296,5.333942279904342,1.9645704434388511,-13.20871902167124,0.0,1.3704049732307748,1.8479156284834004,0.0,-3.782012738937622,0.9503457239106057,0.0,-2.898045608664023,-11.533113828184662,20.6416326319595,49.33603469688313,69.97766732884263
12.648000000000893,7.23,6.928767756095641,1.6308882952525743,-2.2807131198004487,5.307753169717682,1.8002834361574314,-12.981511071849493,0.0,1.3628380463985112,1.84979784557753,0.0,-3.784897138943365,0.9318827718675808,0.0,-2.8208464007664324,-11.457034933978468,20.626859650118575,49.35013719386501,69.97699684398358
12.650000000000894,7.23,6.924209821890777,1.6414779867089706,-2.2772751936616378,5.282011815079193,1.637958302841668,-12.760927070422458,0.0,1.3552654602865435,1.8516432006688113,0.0,-3.7876722936865606,0.9134837064051768,0.0,-2.744777876533091,-11.380957363958629,20.612607301877656,49.36372490050816,69.97633220238582
12.652000000000895,7.23,6.919658440135756,1.6520166323162053,-2.274160055769363,5.256705183894868,1.4774757095400957,-12.546752974343743,0.0,1.3476874315447709,1.8534518215161824,0.0,-3.7903400284984547,0.8951485210146317,0.0,-2.66982079321829,-11.304859901888136,20.598876077216428,49.37679717668371,69.97567325390014
12.654000000000895,7.23,6.915112968861765,1.6625050888388493,-2.27136413680394,5.231820661731808,1.318720579972924,-12.338785073621926,0.0,1.3401041732718135,1.8552238359079376,0.0,-3.7929020699781977,0.8768772514678806,0.0,-2.5959569154499187,-11.228721399376926,20.58566637533393,49.38935347755445,69.97501985288838
12.656000000000896,7.23,6.910572773011187,1.6729441882134108,-2.2688840935505876,5.207346031695782,1.1615818454150817,-12.13682945342749,0.0,1.3325158952082523,1.856959371745944,0.0,-3.795360050176164,0.8586699754787488,0.0,-2.523168976812272,-11.15252076806099,20.572978505481295,49.40139335254757,69.97437185802886
12.658000000000897,7.23,6.906037223993253,1.6833347383241652,-2.2667168011214174,5.1832694553504375,1.0059522100694565,-11.940701489940508,0.0,1.3249228039217735,1.858658557129224,0.0,-3.7977155105046063,0.8405268124189154,0.0,-2.4514406436233176,-11.076236971640666,20.560812687667987,49.41291644446317,69.97372913213115
12.660000000000897,7.23,6.90150569925478,1.6936775237418082,-2.264859345632061,5.159579454613042,0.8517279308879953,-11.750225377584698,0.0,1.3173251029847508,1.8603215204370351,0.0,-3.7999699053936866,0.822447923087064,0.0,-2.380756480764885,-10.999849017820251,20.549169053245507,49.42392248871461,69.97309154196012
12.662000000000898,7.23,6.896977581865132,1.7039733064268268,-2.2633090173050188,5.136264894566212,0.6988086108816325,-11.565233685474183,0.0,1.3097229931447578,1.861948390411528,0.0,-3.8021246057094173,0.8044335095298993,0.0,-2.311101919434027,-10.923335950186168,20.538047645371915,49.43441131269611,69.97245895806803
12.664000000000899,7.23,6.892452260114566,1.7142228263993629,-2.2620633039736373,5.113314967129218,0.5470970050369272,-11.385566941064418,0.0,1.3021166724884665,1.8635392962401176,0.0,-3.8041809019488504,0.7864838149136395,0.0,-2.242463226691897,-10.846676840057585,20.527448419360535,49.444382835274624,69.97183125463516
12.6660000000009,7.23,6.887929127125193,1.7244268023772344,-2.2611198849623353,5.090719175536353,0.39649883802794156,-11.211073239150794,0.0,1.294506336599367,1.865094367637615,0.0,-3.8061400072265346,0.7685991234448605,0.0,-2.174827476694839,-10.769850778339592,20.517371242915708,49.453837066401434,69.97120830931715
12.6680000000009,7.23,6.883407580473816,1.7345859323836796,-2.260476625320236,5.068467319573388,0.24692263297690928,-11.041607874496593,0.0,1.2868921787097167,1.8666137349282876,0.0,-3.808003060065318,0.7507797603393841,0.0,-2.108182523498804,-10.692836867406616,20.507815896258144,49.46277410684199,69.97059000310014
12.6700000000009,7.23,6.878887021825971,1.7447008943262934,-2.260131570386809,5.046549481526499,0.09827955057728006,-10.877032996500416,0.0,1.2792743898470844,1.868097529127871,0.0,-3.8097711270034016,0.7330260918382783,0.0,-2.042516975335703,-10.615614213040939,20.49878207214197,49.471194148019734,69.9699762201617
12.672000000000901,7.23,6.874366856580518,1.7547723465485388,-2.2600829406694305,5.024956012801043,-0.049516762051901,-10.717217284429108,0.0,1.2716531589758628,1.86954588202568,0.0,-3.8114452050288454,0.7153385252698538,0.0,-1.9778201702655696,-10.538161916449667,20.490269375766182,49.47909747197268,69.96936684773885
12.674000000000902,7.23,6.869846493524181,1.7648009283551325,-2.260329127014,5.0036775211704585,-0.19655031336023557,-10.562035641850466,0.0,1.2640286731340706,1.8709589262668804,0.0,-3.8130262238516304,0.6977175091567668,0.0,-1.914082153114426,-10.460459066381041,20.482277324581297,49.48648445141984,69.96876177600114
12.676000000000903,7.23,6.865325344495474,1.7747872605125274,-2.2608686860508334,4.982704858618165,-0.3429029007413269,-10.411368908998094,0.0,1.2564011175657674,1.8723367954350165,0.0,-3.81451504802285,0.6801635333673037,0.0,-1.8512936536125097,-10.382484731360325,20.474805347993655,49.493355549935984,69.96816089792964
12.678000000000903,7.23,6.860802824057463,1.7847319457256416,-2.2617003358991066,4.962029109737793,-0.48865423577799416,-10.265103591891613,0.0,1.248770675849375,1.873679624134896,0.0,-3.815912478909731,0.6626771293100326,0.0,-1.7894460656523172,-10.304217952063885,20.467852786968137,49.49971132223304,69.96756410920118
12.680000000000904,7.23,6.856278349178885,1.794635569091921,-2.2628229521140315,4.9416415806593355,-0.633882061805313,-10.123131607118701,0.0,1.2411375300221863,1.8749875480758984,0.0,-3.8172192565345955,0.6452588701710376,0.0,-1.7285314275900412,-10.225637733849318,20.461418893530784,49.50555241454663,69.9669713080774
12.682000000000905,7.23,6.851751338923135,1.8044986985337519,-2.264235563861825,4.921533788470924,-0.7786622642016452,-9.98535004126213,0.0,1.2335018607013246,1.8762607041557986,0.0,-3.8184360612852446,0.6279093711930162,0.0,-1.668542403517895,-10.146723039458834,20.455502830171845,49.51087956512649,69.96638239529833
12.684000000000905,7.23,6.847221214144693,1.814321885210193,-2.265937350308302,4.901697451107912,-0.9230689737826062,-9.85166092402537,0.0,1.2258638472014058,1.8774992305451967,0.0,-3.819563515503715,0.6106292899955111,0.0,-1.6094722654381381,-10.067452781912598,20.450103669150405,49.51569360482999,69.9657972739804
12.686000000000906,7.23,6.842687397192566,1.8241056639089264,-2.2679276372076482,4.882124477682739,-1.0671746636401083,-9.721971014175187,0.0,1.2182236676491405,1.8787032667726213,0.0,-3.820602184959817,0.5934193269356817,0.0,-1.5513148762730553,-9.98780581760847,20.44522039170074,49.51999545781778,69.96521584951851
12.688000000000907,7.23,6.838149311620364,1.8338505534192915,-2.2702058936785785,4.862806959230786,-1.2110502397380165,-9.596191597479343,0.0,1.2105814990950963,1.8798729538104026,0.0,-3.8215525802154127,0.5762802255089039,0.0,-1.4940646736475802,-9.907760939644442,20.440851887141097,49.523786142351014,69.96463802949211
12.690000000000907,7.23,6.8336063819026505,1.8435570568872053,-2.2727717291556813,4.843737159849011,-1.3547651255471191,-9.474238295872617,0.0,1.2029375176228374,1.8810084341613802,0.0,-3.822415157884936,0.5592127727887097,0.0,-1.4377166543843394,-9.82729687138017,20.43699695188491,49.52706677168983,69.96406372357474
12.692000000000908,7.23,6.829058033157223,1.8532256621527352,-2.275624890504289,4.824907508205616,-1.498387340975344,-9.356030887134773,0.0,1.1952918984556449,1.8821098519465314,0.0,-3.823190321797256,0.5422177999054021,0.0,-1.382266359652665,-9.746392260254057,20.4336542883546,49.529838555092525,69.96349284344713
12.694000000000909,7.23,6.824503690873003,1.8628568420710452,-2.278765259287698,4.8063105894004154,-1.6419835758239496,-9.241493134410746,0.0,1.187644816061003,1.8831773529935953,0.0,-3.8238784240636154,0.5252961825628493,0.0,-1.3277098607155635,-9.665025671872861,20.430822503797803,49.532102798915716,69.96292530271351
12.69600000000091,7.23,6.819942780643263,1.8724510548173974,-2.282192849176001,4.787939137156849,-1.7856192579763244,-9.130552624946404,0.0,1.179996444253044,1.8842110849267675,0.0,-3.8244797660560295,0.5084488415928977,0.0,-1.2740437452202287,-9.583175584391123,20.428500109005842,49.5338609078151,69.96236101682094
12.69800000000091,7.23,6.815374727903885,1.8820087441768536,-2.285907803486187,4.769786026327795,-1.929358616504161,-9.023140617452382,0.0,1.1723469562931208,1.8852111972575405,0.0,-3.8249945993001906,0.49167674354683844,0.0,-1.221265103979229,-9.50082038319824,20.42668551693405,49.53511438604749,69.96179990298154
12.70000000000091,7.23,6.810798957676429,1.89153033981929,-2.289910392843508,4.751844265698496,-2.0732647398538493,-8.919191897545318,0.0,1.1646965249886765,1.8861778414767678,0.0,-3.8254231262866627,0.47498090132343873,0.0,-1.1693715181910864,-9.417938355931918,20.425377041223513,49.53586483887404,69.96124188009756
12.702000000000911,7.23,6.8062148943157625,1.9010162575602996,-2.2942010129544204,4.7341069910709574,-2.217399629256467,-8.818644640749007,0.0,1.157045322790567,1.8871111711480109,0.0,-3.8257655012038203,0.45836237483298337,0.0,-1.1183610470499368,-9.334507687837268,20.42457289462336,49.5361139740653,69.96068686868867
12.704000000000912,7.23,6.801621961262037,1.9104668996085343,-2.298780182481675,4.71656745861519,-2.3618242474853224,-8.721440282568725,0.0,1.1493935218890012,1.8880113420022648,0.0,-3.826021830595799,0.44182227169672406,0.0,-1.0682322156948694,-9.25050645749191,20.42427118731342,49.53586360350879,69.96013479082221
12.706000000000913,7.23,6.797019580796822,1.9198826548000039,-2.3036485410123584,4.699219038473618,-2.506598563066864,-8.62752339518088,0.0,1.1417412943082264,1.888878512034101,0.0,-3.8261921739484026,0.42536174798125825,0.0,-1.0189840034506916,-9.165912632918355,20.424469925125567,49.53511564491954,69.9595855700451
12.708000000000913,7.23,6.792407173803218,1.9292638988198267,-2.3088068471098877,4.682055208605857,-2.6517815900335204,-8.536841570305452,0.0,1.1340888120001222,1.8897128415993212,0.0,-3.8262765442057844,0.4089820089671744,0.0,-0.9706158323120628,-9.080704068106087,20.425167007663752,49.53387212365454,69.95903913131829
12.710000000000914,7.23,6.7877841595297905,1.9386109944119003,-2.3142559764411117,4.665069548861899,-2.797431423290511,-8.44934530785313,0.0,1.126436246936822,1.8905144935141898,0.0,-3.8262749082204444,0.3926843099513364,0.0,-0.9231275556235974,-8.994858499966972,20.426360226320853,49.53213517463224,69.9584954009531
12.712000000000915,7.23,6.783149955358177,1.947924291576937,-2.31999691996981,4.648255735272561,-2.943605269652544,-8.364987909961137,0.0,1.1187837712025013,1.8912836331562883,0.0,-3.826187187138912,0.3764699570822083,0.0,-0.8765194469089708,-8.9083535457488,20.42804726219175,49.52990704435764,69.9579543065494
12.714000000000915,7.23,6.778503976574254,1.9572041277592895,-2.326030782207968,4.631607534546776,-3.0903594745914913,-8.283725380051335,0.0,1.1111315570844538,1.892020428567085,0.0,-3.8260132567253393,0.3603403082274361,0.0,-0.8307921888018972,-8.821166700933352,20.430225683881094,49.5271900930545,69.95741577693559
12.716000000000916,7.23,6.773845636142743,1.966450828022969,-2.332358779516287,4.615118798766041,-3.2377495447209346,-8.205516326563348,0.0,1.1034797771635876,1.8927250505562667,0.0,-3.825752947625027,0.3442967738729834,0.0,-0.7859468620321743,-8.73327533764665,20.432892945204678,49.52398679690572,69.9568797421104
12.718000000000917,7.23,6.769174344485181,1.9756647052172427,-2.338982238445403,4.598783460266988,-3.3858301660299928,-8.130321871031907,0.0,1.0958286044044454,1.893397672807901,0.0,-3.8254060455697787,0.3283408180529449,0.0,-0.7419849344195995,-8.644656703610762,20.43604638278278,49.52029975040303,69.9563461331858
12.720000000000917,7.23,6.764489509261175,1.984846060132177,-2.345902594109333,4.582595526703742,-3.5346552178646053,-8.058105560193228,0.0,1.088178212244875,1.8940384719884857,0.0,-3.8249722915268323,0.31247395930919863,0.0,-0.6989082498285683,-8.555287921668068,20.439683213524408,49.51613166880763,69.95581488233204
12.722000000000918,7.23,6.759790535152873,1.9939951816444783,-2.3531213885826103,4.5665490762822705,-3.6842777826418014,-7.988833281819254,0.0,1.0805287746854546,1.8946476278569526,0.0,-3.824451381792979,0.2966977716798669,0.0,-0.6567190170355289,-8.465145989910665,20.443800532000413,49.51148539072294,69.95528592272335
12.724000000000919,7.23,6.75507682365264,2.00311234685397,-2.3606402693125674,4.550638253159584,-3.834750151269328,-7.922473183991617,0.0,1.0728804663787865,1.895225323376667,0.0,-3.8238429680353954,0.2810138857155744,0.0,-0.6154197984612277,-8.374207782449458,20.44839530770448,49.50636388078095,69.95475918848544
12.72600000000092,7.23,6.750347772853892,2.0121978212110263,-2.3684609875381266,4.534857263001188,-3.986123824231205,-7.85899559753842,0.0,1.0652334627187559,1.8957717448294935,0.0,-3.823146657280563,0.26542398952229096,0.0,-0.5750134987188473,-8.282450050859245,20.45346438219998,49.50077023244391,69.9542346146439
12.72800000000092,7.23,6.745602777245091,2.0212518586352712,-2.3765853967063886,4.519200368690707,-4.1384495082873505,-7.798372961367889,0.0,1.0575879399298698,1.8962870819319755,0.0,-3.822362011852589,0.24992982982951994,0.0,-0.5355033529286366,-8.18984942633825,20.45900446615119,49.49470767092275,69.95371213707394
12.73000000000092,7.23,6.740841227506928,2.0302747016258507,-2.385015450878182,4.503661886186174,-4.291777108724397,-7.740579750442189,0.0,1.0499440751567624,1.8967715279536626,0.0,-3.821488549262103,0.23453321308243547,0.0,-0.49689291474873887,-8.096382422622364,20.465012136237117,49.48817955621361,69.95319169245073
12.732000000000921,7.23,6.736062510312698,2.039266581363554,-2.393753203113605,4.488236180517932,-4.446155717083467,-7.6855924061433445,0.0,1.0423020465539747,1.8972252798376603,0.0,-3.8205257420469074,0.21923600655639952,0.0,-0.45918604407097535,-8.002025439696816,20.47148383194655,49.48118938625475,69.9526732182013
12.734000000000922,7.23,6.731266008131946,2.048227717805072,-2.4028008038284288,4.472917661923607,-4.601633594280038,-7.633389268790889,0.0,1.034662033376098,1.8976485383234225,0.0,-3.8194730175653824,0.20404013949222477,0.0,-0.4223868943295402,-7.906754768349862,20.478415852252045,49.473740800204766,69.95215665245681
12.736000000000923,7.23,6.726451099037428,2.0571583197696564,-2.4121604991120575,4.457700782116106,-4.758258149020691,-7.583950512077724,0.0,1.0270242160683796,1.8980415080718285,0.0,-3.8183297577436583,0.1889476042503686,0.0,-0.3864998993694831,-7.810546595615528,20.48580435216173,49.46583758184409,69.95164193400582
12.738000000000923,7.23,6.721617156515482,2.066058585018447,-2.4218346289975288,4.442580030680996,-4.916075911411965,-7.537258079196505,0.0,1.0193887763578786,1.8984043977925995,0.0,-3.8170952987774953,0.17396045748195366,0.0,-0.3515297598205167,-7.713377011154818,20.49364533914687,49.4574836631016,69.95112900224846
12.740000000000924,7.23,6.716763549279922,2.074928700326721,-2.4318256256738313,4.42754993160014,-5.075132501646671,-7.4932956204347985,0.0,1.011755897345259,1.898737420374054,0.0,-3.8157689307897122,0.15908082131455115,0.0,-0.31748142892100784,-7.615222014626938,20.501934669443525,49.4486831277073,69.95061779715083
12.742000000000925,7.23,6.71188964108957,2.083768841549311,-2.4421360116305704,4.412605039898849,-5.235472593644643,-7.452048432021025,0.0,1.0041257635973178,1.8990407930152702,0.0,-3.8143498974440786,0.1443108845501968,0.0,-0.28436009773527937,-7.5160575241049745,20.510668044227007,49.43944021497373,69.95010825920073
12.744000000000925,7.23,6.706994790569569,2.0925791736794412,-2.4527683977247605,4.397739938414267,-5.397139873516013,-7.413503396008548,0.0,0.9964985612403221,1.8993147373606294,0.0,-3.812837395516397,0.12965290387315898,0.0,-0.2521711797066713,-7.4158593855924515,20.51984100565693,49.429759323706286,69.94960032936322
12.746000000000926,7.23,6.702078351036659,2.1013598509012175,-2.463725481159252,4.382949234683133,-5.56017699270776,-7.377648920987477,0.0,0.9888744780542527,1.8995594796368027,0.0,-3.8112305744236203,0.11510920506447686,0.0,-0.22092029448703507,-7.31460338370016,20.529448932791933,49.41964501624525,69.94909394903718
12.748000000000927,7.23,6.6971396703285855,2.1101110166360146,-2.475010043362013,4.368227557947459,-5.724625515686837,-7.344474883417867,0.0,0.9812537035680238,1.8997752507921613,0.0,-3.809528535711765,0.10068218422026154,0.0,-0.1906132509825498,-7.212265253545031,20.5394870373722,49.40910202264004,69.94858906001224
12.750000000000927,7.23,6.6921780906378645,2.118832803582989,-2.4866249477551827,4.353569556277086,-5.8905258620067675,-7.313972569380053,0.0,0.9736364291557716,1.8999622866386257,0.0,-3.807730332503347,0.08637430897033821,0.0,-0.16125602955423385,-7.108820693935424,20.549950359468575,49.3981352449574,69.94808560442598
12.752000000000928,7.23,6.687192948350121,2.1275253337539533,-2.4985731374025195,4.338969893808502,-6.057917242598894,-7.286134616540164,0.0,0.966022848134289,1.9001208279959498,0.0,-3.805834968905152,0.07218811969358702,0.0,-0.13285476331046095,-7.004245381909949,20.560833762997035,49.38674976172464,69.94758352472167
12.754000000000929,7.23,6.682183573887271,2.1361887185028463,-2.510857632523509,4.324423248099672,-6.226837590124754,-7.260954956130792,0.0,0.958413155861678,1.9002511208384294,0.0,-3.8038413993770765,0.058126230725996486,0.0,-0.10541571842757523,-6.8985149886994215,20.572131931097235,49.37495083250895,69.94708276360619
12.75600000000093,7.23,6.677149291555819,2.144823058550027,-2.5234815278621063,4.309924307601058,-6.397323483221986,-7.238428754748233,0.0,0.9508075498373103,1.900353416444018,0.0,-3.8017485280628396,0.04419133155711641,0.0,-0.07894527343362585,-6.79160519718428,20.583839361374427,49.36274390263402,69.94658326400845
12.75800000000093,7.23,6.672089419400561,2.1534284440016283,-2.5364479898977215,4.2954677692433965,-6.569410064473227,-7.218552355769276,0.0,0.9432062298031574,1.9004279715458163,0.0,-3.799555208083399,0.030386188010318227,0.0,-0.05344989738938277,-6.683491720922375,20.595950361003673,49.35013460803421,69.94608496903788
12.76000000000093,7.23,6.667003269064057,2.162004954364202,-2.549760253885717,4.281048336143181,-6.743130951926204,-7.2013232201913615,0.0,0.9356093978465737,1.9004750484859012,0.0,-3.7972602407939067,0.016713643401760903,0.0,-0.028936126899670907,-6.5741503248245055,20.608459041695838,49.337128780247255,69.94558782194309
12.762000000000931,7.23,6.661890145652178,2.170552658554896,-2.5634216207143603,4.266660715427209,-6.918518143992201,-7.186739866701119,0.0,0.9280172585046014,1.9004949153714565,0.0,-3.7948623750051125,0.003176619672682346,0.0,-0.005410541887549959,-6.463556847557702,20.621359314525126,49.32373245154591,69.94509176607103
12.764000000000932,7.23,6.656749347606155,2.179071614907401,-2.5774354535648043,4.252299616177919,-7.0956019175516145,-7.174801810777463,0.0,0.9204300188698658,1.9004878462331225,0.0,-3.792360306170205,-0.010221881510788844,0.0,0.017120259936710205,-6.351687225758629,20.6346448846178,49.30995186020816,69.94459674482596
12.766000000000933,7.23,6.651580166581503,2.1875618711739055,-2.5918051743603456,4.237959747501654,-7.274410719097434,-7.165509502635908,0.0,0.9128478886981317,1.9004541211855162,0.0,-3.789752675538084,-0.02347877769662582,0.0,0.03864968998039304,-6.238517520141685,20.648309245702357,49.295793455926315,69.94410270162868
12.768000000000933,7.23,6.646381887334276,2.196023464523321,-2.6065342599908714,4.223635816722351,-7.454971048752163,-7.158864263822332,0.0,0.905271080517587,1.9003940265898303,0.0,-3.7870380692742023,-0.03659090463142434,0.0,0.05917119711536508,-6.1240239435887585,20.662345674521497,49.28126390535441,69.9436095798759
12.770000000000934,7.23,6.641153787615106,2.2044564215360145,-2.6216262382980795,4.209322527703552,-7.637307336999474,-7.1548682222652955,0.0,0.8976998097399114,1.900307855218406,0.0,-3.7842150175502005,-0.049555015297642946,0.0,0.07867829753569955,-6.008182891309465,20.67674722510691,49.266370097792866,69.94311732289978
12.772000000000935,7.23,6.635895138071524,2.2128607581953195,-2.6370846838067528,4.195014579302014,-7.821441813980271,-7.153524245597577,0.0,0.8901342947732034,1.9001959064211773,0.0,-3.781281993603627,-0.062367779011346436,0.0,0.0971646061938689,-5.890970973162639,20.691506722917744,49.251119151009604,69.94262587392734
12.774000000000935,7.23,6.630605202159088,2.2212364798760893,-2.65291321318707,4.180706663956558,-8.007394371213376,-7.154835872559287,0.0,0.88257475713681,1.9000584862938479,0.0,-3.778237412769187,-0.07502578058869241,0.0,0.11462386988249709,-5.772365048231292,20.706616758844426,49.23551841719561,69.94213517604004
12.776000000000936,7.23,6.625283236061863,2.2295835813305653,-2.669115480432678,4.1663934664161895,-8.195182415613777,-7.1588072422970095,0.0,0.8750214215781227,1.8998959078476623,0.0,-3.775079631483127,-0.08752551959000043,0.0,0.13105000202747488,-5.652342261744926,20.722069683080036,49.2195754890534,69.94164517213343
12.778000000000937,7.23,6.619928488622847,2.2379020466718442,-2.685695171739003,4.152069662611874,-8.384820715696954,-7.165443021376071,0.0,0.8674745161913924,1.8997084911806037,0.0,-3.771806946262429,-0.09986340965084112,0.0,0.14643711925654246,-5.530880084443766,20.73785759886141,49.20329820601545,69.94115580487686
12.780000000000937,7.23,6.614540201284947,2.2461918493552373,-2.702656000066075,4.137729918676725,-8.576321239876313,-7.1747483283261655,0.0,0.859934272538609,1.8994965636498298,0.0,-3.768417592660783,-0.11203577791012964,0.0,0.16077957980512883,-5.407956354480538,20.753972356083374,49.18669466058975,69.94066701667313
12.782000000000938,7.23,6.6091176080431655,2.2544529521578234,-2.720001699369984,4.1233688901197185,-8.769692986782323,-7.186728655544389,0.0,0.8524009257724882,1.8992604600451535,0.0,-3.764909744203332,-0.12403886454591001,0.0,0.17407202381855227,-5.2835493219554115,20.770405544789284,49.16977320482903,69.94017874961831
12.784000000000939,7.23,6.603659935408663,2.262685307156505,-2.7377360184869515,4.108981221158379,-8.964941807556585,-7.201389788384479,0.0,0.8448747147616078,1.8990005227633286,0.0,-3.7612815113025513,-0.13586882243012732,0.0,0.18630941560620498,-5.157637696179929,20.78714848854261,49.15254245691899,69.93969094546159
12.78600000000094,7.23,6.598166402385416,2.2708888557048947,-2.755862714653948,4.094561544216246,-9.162070220102622,-7.21873772126638,0.0,0.8373558822177349,1.8987171019828994,0.0,-3.7575309401577295,-0.14752171691432514,0.0,0.19748708789919378,-5.030200695764892,20.804192237684052,49.135011307881044,69.93920354556509
12.78800000000094,7.23,6.592636220460208,2.2790635284093685,-2.7743855466497775,4.080104479591234,-9.36107721530763,-7.238778570646976,0.0,0.8298446748253623,1.8984105558393392,0.0,-3.753656011640798,-0.15899352575902453,0.0,0.20760078815822297,-4.901218101626067,20.821527562480064,49.117188928383854,69.93871649086392
12.79000000000094,7.23,6.5870685936067375,2.2872092451046284,-2.793308267540617,4.065604635301311,-9.561958055285285,-7.261518484700284,0.0,0.8223413433734842,1.898081250600173,0.0,-3.749654640171535,-0.17028013922002883,0.0,0.21664672697251786,-4.770670312999875,20.839144946169082,49.09908477565716,69.93822972182625
12.792000000000941,7.23,6.581462718304634,2.295325914829141,-2.812634617014132,4.0510566071142335,-9.76470406373071,-7.286963549564592,0.0,0.8148461428896349,1.8977295608397582,0.0,-3.745524672585435,-0.1813773603058605,0.0,0.22462162858433418,-4.638538406558569,20.857034577912792,49.08070860050074,69.93774317841354
12.794000000000942,7.23,6.575817783574238,2.303413435800826,-2.8323683132865254,4.036454978768327,-9.969302408523774,-7.315119692023864,0.0,0.8073593327761902,1.8973558696133699,0.0,-3.7412638869978405,-0.19228090522109542,0.0,0.23152278356581965,-4.504804198711393,20.87518634566048,49.06207045438044,69.93725680004093
12.796000000000943,7.23,6.570132971028006,2.3114716953933834,-2.8525130445671936,4.021794322391572,-10.175735876766575,-7.345992578503104,0.0,0.7998811769489464,1.8969605686301951,0.0,-3.736869991668283,-0.20298640401115542,0.0,0.2373481036664761,-4.369450311173965,20.893589828935717,49.04318069660215,69.93677052553787
12.798000000000943,7.23,6.564407454939435,2.319500570113661,-2.8730724600660826,4.007069199126476,-10.383982642496498,-7.379587510270132,0.0,0.7924119439779608,1.8965440584248336,0.0,-3.732340623869297,-0.21348940142492268,0.0,0.24209617883984005,-4.232460239883259,20.912234291555166,49.0240500015539,69.93628429310907
12.800000000000944,7.23,6.558640402330449,2.3274999255804865,-2.8940501605293973,3.992274159968411,-10.594016027375607,-7.415909314752268,0.0,0.7849519072306517,1.8961067485268237,0.0,-3.7276733487644185,-0.22378535801213018,0.0,0.2457663364469089,-4.093818427329606,20.931108674291146,49.00468936600436,69.93579804029551
12.802000000000945,7.23,6.552830973078196,2.3354696165053963,-2.915449688289961,3.9774037468252725,-10.805804254723531,-7.454962232892667,0.0,0.7775013450171262,1.895649057627743,0.0,-3.7228656583004094,-0.2338696514734478,0.0,0.24835870262194487,-3.9535103383700765,20.95020158748993,48.98511011644628,69.93531170393621
12.804000000000945,7.23,6.546978320042232,2.343409486675709,-2.937274516819346,3.962452493806425,-11.019310197331338,-7.496749802491183,0.0,0.7700605407377051,1.895171413745322,0.0,-3.717914970119236,-0.24373757828164827,0.0,0.24987426577246882,-3.811522539579456,20.969501303659392,48.96532391647064,69.93482522013002
12.806000000000946,7.23,6.541081589213123,2.3513193689404153,-2.9595280397698325,3.9474149287490183,-11.234491119571572,-7.541274737495066,0.0,0.7626297830326002,1.894674254384046,0.0,-3.712818626495787,-0.2533843555932085,0.0,0.2503149421706165,-3.6678427821855273,20.98899575004096,48.945342774157396,69.93433852419835
12.808000000000947,7.23,6.53513991988347,2.3591990851993634,-2.9822135594953765,3.9322855749897805,-11.45129841440124,-7.5885388032295324,0.0,0.7552093659336847,1.8941580266916151,0.0,-3.7075738933077744,-0.26280512347018276,0.0,0.24968364357639433,-3.5224600886246917,21.0086725011819,48.92517904946632,69.93385155064823
12.810000000000947,7.23,6.529152444842428,2.367048446396241,-3.0053342750420375,3.9170589533903986,-11.669677335943941,-7.638542687583589,0.0,0.7477995890182854,1.8936231876106335,0.0,-3.7021779590448203,-0.2719949474329349,0.0,0.24798434681550885,-3.3753648427416936,21.028518771525494,48.904845461610556,69.93336423313605
12.812000000000948,7.23,6.523118290594779,2.374867252515868,-3.0288932695997928,3.9017295846245386,-11.889566728430891,-7.691285868195653,0.0,0.7404007575649099,1.8930702040248475,0.0,-3.69662793386425,-0.2809488213649428,0.0,0.24522216521488213,-3.226548883643479,21.048521408038194,48.88435509639402,69.93287650443222
12.814000000000949,7.23,6.517036577605647,2.38265529258633,-3.0528934974093174,3.8862919917344327,-12.110898752380999,-7.74676647571467,0.0,0.7330131827108131,1.892499552899209,0.0,-3.690920848701718,-0.2896616707914292,0.0,0.24140342177770643,-3.076005603201937,21.068666882894536,48.86372141349233,69.93238829638686
12.81600000000095,7.23,6.510906420571947,2.390412344686505,-3.077337770119173,3.870740702964781,-12.33359860900549,-7.804981153246988,0.0,0.7256371816112777,1.8919117214129733,0.0,-3.685053654445355,-0.29812835655402026,0.0,0.23653572395691505,-2.9237300471831063,21.088941286241614,48.8429582536545,69.93189953989611
12.81800000000095,7.23,6.504726928721672,2.398138175959537,-3.102228742590936,3.855070254881453,-12.557584263933947,-7.865924912135442,0.0,0.7182730776004727,1.8913072070850498,0.0,-3.679023221182807,-0.30634367890419456,0.0,0.23062803986140898,-2.7697190199617334,21.10933031906743,48.82207984580265,69.93141016487007
12.82000000000095,7.23,6.498497206142121,2.4058325426328406,-3.127568898152101,3.8392751957821454,-12.782766171474243,-7.92959098425778,0.0,0.7109212003537434,1.8906865178907175,0.0,-3.6728263375311565,-0.31430238203851496,0.0,0.2236907757028683,-2.613971192759182,21.129819286198412,48.80110081400328,69.93092010020169
12.822000000000951,7.23,6.492216352138175,2.4134951900452233,-3.153360533299133,3.82335008940574,-13.009047000740118,-7.995970671073719,0.0,0.7035818860511427,1.890050172368811,0.0,-3.666459710060431,-0.32199915909895793,0.0,0.2157358542629107,-2.456487215320156,21.150393089453793,48.780036184283524,69.93042927373732
12.824000000000952,7.23,6.485883461621709,2.4211258526817314,-3.1796057418558537,3.807289518946589,-13.236321365104555,-8.065053189695714,0.0,0.6962554775420163,1.8893986997184213,0.0,-3.659919962822095,-0.32942865766175644,0.0,0.20677679413047229,-2.2972698309189203,21.171036220985826,48.758901391262924,69.92993761224875
12.826000000000953,7.23,6.479497625533229,2.428724254216833,-3.206306398595363,3.7910880913793705,-13.464475556565823,-8.13682551630707,0.0,0.6889423245104169,1.8887326398841102,0.0,-3.653203636994674,-0.3365854857382395,0.0,0.1968287894277957,-2.136323994558955,21.19173275683732,48.73771228456984,69.92944504140716
12.828000000000953,7.23,6.473057931296785,2.436290107566566,-3.233464142337033,3.774740442099453,-13.693387286744208,-8.211272227302166,0.0,0.6816427836410968,1.888052543628591,0.0,-3.646307190659373,-0.34346421831099094,0.0,0.18590878971025115,-1.9736569942010105,21.21246635074924,48.71648513500966,69.9289514857589
12.830000000000954,7.23,6.466563463309215,2.4438231149502867,-3.2610803585336505,3.758241239882904,-13.922925436360018,-8.28837533857752,0.0,0.6743572187858076,1.8873589725917828,0.0,-3.639226998719385,-0.3500594044283635,0.0,0.17403557969058275,-1.8092785748236002,21.233220228253614,48.69523664044988,69.92845686870349
12.832000000000955,7.23,6.460013303464694,2.4513229679626596,-3.289156161367641,3.741585192169366,-14.152949815177621,-8.36811414345903,0.0,0.6670860011296103,1.8866524993350953,0.0,-3.631959352977307,-0.35636557488003295,0.0,0.16122985840218892,-1.6432010650865108,21.253977181088956,48.67398393138505,69.92796111247401
12.834000000000955,7.23,6.453406531715578,2.4587893476565377,-3.3176923753794005,3.7247670506699926,-14.383310934533307,-8.450465049808955,0.0,0.6598295093568538,1.8859337073697708,0.0,-3.624500462385897,-0.3623772504754864,0.0,0.14751431737873036,-1.475439506332687,21.274719561976855,48.65274457614324,69.9274641381201
12.836000000000956,7.23,6.446742226670425,2.4662219246373858,-3.346689516655127,3.707781617301493,-14.613849794695957,-8.535401416917804,0.0,0.6525881298164703,1.8852031911680351,0.0,-3.616846453488215,-0.3680889509466125,0.0,0.13291371738913899,-1.3060117836260914,21.29542927980118,48.63153658569237,69.92696586549356
12.838000000000957,7.23,6.440019466230059,2.4736203591698978,-3.376147773606178,3.690623750446056,-14.844397689438125,-8.622893392847697,0.0,0.6453622566861847,1.8844615561558133,0.0,-3.608993371063957,-0.3734952044944831,0.0,0.1174549632280349,-1.1349387584835782,21.316087795232797,48.6103784180044,69.9264662132372
12.840000000000957,7.23,6.433237328262456,2.480984301297456,-3.4060669873768505,3.6732883715355342,-15.074776030317544,-8.71290775295829,0.0,0.6381522921352103,1.8837094186856915,0.0,-3.6009371789995894,-0.37859055799903396,0.0,0.10116717602194118,-0.9622444029170251,21.336676116844885,48.58928898193213,69.92596509877701
12.842000000000958,7.23,6.4263948913171465,2.488313390975086,-3.436446631922609,3.6557704719567328,-15.304796193285249,-8.8054077404109,0.0,0.6309586464849667,1.8829474059887685,0.0,-3.592673761400683,-0.3833695879088441,0.0,0.0840817624719513,-0.7879559343583896,21.35717479776598,48.568287640551546,69.92546243831752
12.844000000000959,7.23,6.419491235379753,2.4956072582165314,-3.4672857938061106,3.638065120273003,-15.534259390343884,-8.90035290951051,0.0,0.6237817383673154,1.8821761561040526,0.0,-3.5841989239655243,-0.387826911826365,0.0,0.06623248041389734,-0.6121039509948737,21.377563932919415,48.547394213921976,69.92495814684139
12.84600000000096,7.23,6.41252544266718,2.502865523256092,-3.4985831517639405,3.6201674697555477,-15.762956569074873,-8.997698972811309,0.0,0.6166219948797693,1.881396317783966,0.0,-3.57550839563989,-0.39195720080176644,0.0,0.0476555000380641,-0.4347225669944813,21.39782315690006,48.526628981212546,69.9244521381126
12.84800000000096,7.23,6.405496598463842,2.5100877967258195,-3.530336956102682,3.6020727662159326,-15.99066834293615,-9.097397652973568,0.0,0.6094798517370927,1.8806085503745553,0.0,-3.5665978305734525,-0.395755192346149,0.0,0.028389460072554173,-0.25584954705372837,21.4179316425409,48.50601268214362,69.92394432468453
12.85000000000096,7.23,6.398403791999225,2.517273679848674,-3.562545007988819,3.5837763561292637,-16.21716495529769,-9.199396540422937,0.0,0.6023557534186751,1.8798135236689373,0.0,-3.5574628103989534,-0.3992157041720966,0.0,0.008475518198058144,-0.07552643964991305,21.43786810022317,48.48556651768875,69.92343461791192
12.852000000000961,7.23,6.3912461173669115,2.524422764648209,-3.5952046387029553,3.565273695035323,-16.442206280230305,-9.30363895792122,0.0,0.5952501533109996,1.8790119177325417,0.0,-3.548098846855817,-0.40233364866638943,0.0,-0.012042605072455574,0.10620129167011211,21.457610777986076,48.4653121499825,69.92292292796859
12.854000000000962,7.23,6.384022674485069,2.5315346341753213,-3.628312688934898,3.5465603562026855,-16.665541863088848,-9.410063833214803,0.0,0.5881635138445065,1.8782044226986703,0.0,-3.5385013847803313,-0.40510404809630807,0.0,-0.03311858984705437,0.2892841396833272,21.477137462492458,48.44527170137695,69.92240916386942
12.856000000000963,7.23,6.376732570098246,2.5386088627525782,-3.6618654882022383,3.5276320395384495,-16.886911003933765,-9.51860558097739,0.0,0.5810963066240867,1.8773917385329106,0.0,-3.528665805484943,-0.40752205054706064,0.0,-0.05470348846714637,0.47366842833567896,21.49642548090894,48.42546775258966,69.9218932334986
12.858000000000963,7.23,6.36937491882012,2.545645016236596,-3.695858834481133,3.5084845807237413,-17.10604288680967,-9.629193995310331,0.0,0.5740490125524129,1.876574574764951,0.0,-3.5185874305494402,-0.409582946583748,0.0,-0.07674570612868002,0.6592961918589058,21.51545170375899,48.4059233398841,69.92137504364308
12.860000000000964,7.23,6.3619488442167125,2.5526426522988928,-3.730287974143975,3.489113960552577,-17.322656757845966,-9.741754154102937,0.0,0.5670221219452551,1.8757536501863523,0.0,-3.5082615260469887,-0.4112821866267001,0.0,-0.09919099138120091,0.8461050590284295,21.534192548808974,48.38666195122336,69.92085450003233
12.862000000000965,7.23,6.35445347992932,2.5596013207256063,-3.7651475823044938,3.4695163144490366,-17.53646215505763,-9.856206336587109,0.0,0.5600161346378887,1.874929692512874,0.0,-3.497683307227956,-0.4126153990241563,0.0,-0.12198243738717489,1.0340281434797411,21.55262398604674,48.36770752133745,69.92033150738419
12.864000000000965,7.23,6.346887970836271,2.5665205637363973,-3.800431743676469,3.4496879421350024,-17.74715919260283,-9.97246595544351,0.0,0.5530315600816623,1.87410343800997,0.0,-3.4868479436843813,-0.41357840880093333,0.0,-0.14506049483097572,1.2229939410465789,21.57072154381349,48.34908442564411,69.9198059694576
12.866000000000966,7.23,6.339251474252354,2.573399916322817,-3.836133934057592,3.429625317417996,-17.954438902095504,-10.090443504829691,0.0,0.5460689174297343,1.873275631080133,0.0,-3.4757505650175706,-0.4141672570561695,0.0,-0.16836299736670726,1.4129262351273246,21.588460316148286,48.33081747296346,69.91927778911175
12.868000000000967,7.23,6.331543161164561,2.5802389066063403,-3.87224700255503,3.4093250980658927,-18.157983633372655,-10.210044525701973,0.0,0.5391287356109521,1.8724470238108264,0.0,-3.464386267030849,-0.4143782209772924,0.0,-0.19182520048575122,1.6037440111257515,21.605814971405067,48.31293189696764,69.91874686837271
12.870000000000967,7.23,6.32376221750253,2.5870370562162077,-3.9087631546738004,3.3887841357325614,-18.357467516876515,-10.331169589792747,0.0,0.532211553390806,1.8716183754817997,0.0,-3.4527501184687686,-0.41420783443107356,0.0,-0.21537983466777674,1.7953613810477016,21.622759762200317,48.2954533463068,69.91821310850712
12.872000000000968,7.23,6.315907845441851,2.5937938806871363,-3.945673936393112,3.3679994858957807,-18.552556989529165,-10.453714303580696,0.0,0.5253179194183387,1.8707904520306826,0.0,-3.4408371683231684,-0.4136529090861257,0.0,-0.2389571736521665,1.9876875193657524,21.639268536748634,48.27840787335478,69.91767641010341
12.874000000000969,7.23,6.307979264738121,2.6005088898768847,-3.9829702193592773,3.3469684177661336,-18.742911385651023,-10.577569333552868,0.0,0.51844839225786,1.8699640254758472,0.0,-3.4286424537253057,-0.41271055601442136,0.0,-0.262485118629648,2.180626611288534,21.655314751641477,48.26182192151929,69.91713667316077
12.87600000000097,7.23,6.2999757140893875,2.6071815884035705,-4.020642187326517,3.325688424123046,-18.92818359410326,-10.702620454003526,0.0,0.5116035404042778,1.8691398732956377,0.0,-3.416161008441871,-0.41137820771243044,0.0,-0.2858892991056935,2.3740778145894352,21.670871486122163,48.2457223110639,69.91659379718607
12.87800000000097,7.23,6.2918964525243535,2.6138114761025495,-4.058679323978951,3.304157231031704,-19.10802078241901,-10.828748618544399,0.0,0.5047839422808175,1.8683187777631924,0.0,-3.4033878719910056,-0.4096536404752442,0.0,-0.3090931911272573,2.5679352361597694,21.685911457907153,48.23013622339137,69.91604768129852
12.88000000000097,7.23,6.283740760813442,2.6203980485025675,-4.097070402268139,3.2823728073923295,-19.282065188228803,-10.9558300564135,0.0,0.49799018621787833,1.8675015252362281,0.0,-3.3903180993925073,-0.40753499704993396,0.0,-0.33201825349238145,2.7620879244537333,21.700407040601043,48.21509118374169,69.91549822434274
12.882000000000971,7.23,6.275507942899563,2.6269407973208034,-4.135803475400645,3.26033337427121,-19.44995497778393,-11.083736394564575,0.0,0.4912228704117453,1.8666889054013034,0.0,-3.3769467715641124,-0.40502080948691743,0.0,-0.3545840824773215,2.956419878985234,21.71433028274818,48.2006150422616,69.91494532500978
12.884000000000972,7.23,6.267197327345135,2.63343921097631,-4.174865869609182,3.2380374139610435,-19.611325170839475,-11.212334806396326,0.0,0.4844826028618548,1.8658817104722556,0.0,-3.3632690063732373,-0.40211002210093766,0.0,-0.37670858551828135,3.150810078019648,21.727652928559827,48.18673595340664,69.91438888196646
12.886000000000973,7.23,6.258808268791682,2.639892775121261,-4.2142441788388325,3.2154836787165753,-19.765808630579343,-11.341488187839188,0.0,0.47777000128529346,1.865080734342687,0.0,-3.3492799703506404,-0.39880201444595464,0.0,-0.39830817417408737,3.3451325255755293,21.740346440350848,48.17348235364186,69.9138287939927
12.888000000000973,7.23,6.250340149428029,2.6463009731893012,-4.253924261476619,3.1926711991102263,-19.91303711665296,-11.471055361358612,0.0,0.4710856930072067,1.8642867716925733,0.0,-3.3349748910693653,-0.39509662420129654,0.0,-0.4192979765725517,3.5392563188118022,21.752382022714492,48.1608829374127,69.9132649601272
12.890000000000974,7.23,6.241792380462889,2.652663286960175,-4.293891239248158,3.169599291951464,-20.05264239875192,-11.600891308257086,0.0,0.464430314825782,1.8635006170492785,0.0,-3.3203490701887954,-0.3909941698595857,0.0,-0.4395920694068894,3.7330457368244305,21.763730648457717,48.148966631363294,69.912697279821
12.892000000000975,7.23,6.233164403597399,2.658979197139717,-4.33412949839938,3.146267567713099,-20.184257427489793,-11.730847429463308,0.0,0.4578045128504862,1.8627230638034917,0.0,-3.3053978971598528,-0.38649547310048593,0.0,-0.45910372939985494,3.9263603518118892,21.77436308631262,48.137762566786364,69.91212565309898
12.894000000000975,7.23,6.224455692492908,2.665248183954149,-4.374622693274109,3.1226759374075157,-20.307517558667865,-11.860771834787986,0.0,0.45120894231222997,1.8619549031808291,0.0,-3.290116863583356,-0.3816018807283861,0.0,-0.4777457039931276,4.119055163491409,21.784249930433152,48.12730005029563,69.91154998072878
12.896000000000976,7.23,6.215665754229129,2.671469727757535,-4.415353752389768,3.0988246188561104,-20.422061826318107,-11.99050966040117,0.0,0.44464426734417895,1.861196923170107,0.0,-3.274501578209095,-0.376315286046593,0.0,-0.4954305008484854,4.3109807575566474,21.793361631677712,48.11760853271963,69.91097016439734
12.898000000000977,7.23,6.206794130747567,2.677643309651123,-4.456304887103608,3.074714142295937,-20.527534259223845,-12.119903414049892,0.0,0.438111160731937,1.8604499074095404,0.0,-3.258547782558601,-0.37063814953584534,0.0,-0.512070695566979,4.501983488862754,21.801668530670625,48.108717576223725,69.91038610689435
12.900000000000977,7.23,6.197840400274949,2.6837684121131864,-4.497457602950515,3.050345355268764,-20.623585234933575,-12.248793347286538,0.0,0.43161030363187664,1.859714634032391,0.0,-3.2422513671496827,-0.36457351870071436,0.0,-0.5275792568436074,4.691905689906182,21.809140892626488,48.10065681967586,69.90979771230235
12.902000000000978,7.23,6.188804178721257,2.6898445196378855,-4.538792713720865,3.025719426739466,-20.70987286461701,-12.3770178537224,0.0,0.42514238525644366,1.8589918744738774,0.0,-3.225608388295682,-0.3581250469443341,0.0,-0.5418698880802107,4.8805859050345965,21.81574894391234,48.09345594228071,69.90920488619305
12.904000000000979,7.23,6.179685121046808,2.6958711193815525,-4.580290358332898,3.000837850392901,-20.786064401471982,-12.504413892058837,0.0,0.4187081025253119,1.8582823922414233,0.0,-3.2086150854471356,-0.35129701132937974,0.0,-0.5548573842795528,5.067859150677093,21.821462910313095,48.08714462551622,69.9086075358293
12.90600000000098,7.23,6.170482922592774,2.7018477018147076,-4.621930020538946,2.975702447061189,-20.851837664788142,-12.630817432382921,0.0,0.4123081596813444,1.8575869416506174,0.0,-3.191267899038074,-0.3440943290819941,0.0,-0.5664580028417622,5.25355720172701,21.8262530569557,48.08175251341659,69.9080055703723
12.90800000000098,7.23,6.161197320369425,2.707773761378021,-4.663690551488434,2.9503153662365933,-20.906882471217997,-12.756063923949482,0.0,0.4059432678703925,1.8569062665295482,0.0,-3.173563488793621,-0.3365225726949547,0.0,-0.5765898466820597,5.437508904040095,21.830089729837056,48.07730917125589,69.90739890109295
12.91000000000098,7.23,6.151828094296381,2.7136487971403542,-4.705550195153229,2.924679086629035,-20.95090206430952,-12.879988782410484,0.0,0.39961414468405854,1.856241098894449,0.0,-3.1554987524500073,-0.32858798348742535,0.0,-0.5851732578893138,5.619540512830409,21.83294339889105,48.0738440426965,69.90678744158755
12.912000000000981,7.23,6.142375068389174,2.7194723134569285,-4.747486616602531,2.898796415731589,-20.98361453292479,-13.002427894197732,0.0,0.39332151366465,1.8555921575998857,0.0,-3.1370708448324534,-0.32029748348059595,0.0,-0.5921312199502383,5.799476056556338,21.834784702518437,48.07138640547758,69.90617110799602
12.914000000000982,7.23,6.132838111886419,2.7252438206256064,-4.789476933095412,2.8726704883621608,-21.0047542088201,-13.123218135521803,0.0,0.38706610377167217,1.8549601469669956,0.0,-3.1182771972308303,-0.3116586854521505,0.0,-0.5973897663779176,5.977137725691,21.835584493493425,48.069965325729164,69.90554981922259
12.916000000000983,7.23,6.123217140312035,2.7309628355392084,-4.831497747939373,2.846304764154834,-21.014073033398432,-13.242197903221124,0.0,0.38084864880932,1.8543457553935503,0.0,-3.09911553700758,-0.30267990103703213,0.0,-0.6008783934073713,6.152346285566886,21.835313886149898,48.06960961100799,69.90492349715788
12.918000000000983,7.23,6.113512116467038,2.7366288823317473,-4.873525187043124,2.819703023980138,-21.011341883479176,-13.359207654484829,0.0,0.3746698868145872,1.853749653949874,0.0,-3.079583907367095,-0.2933701467482509,0.0,-0.6025304742593699,6.324921512275456,21.833944304739585,48.07034776216184,69.90429206690142
12.920000000000984,7.23,6.1037230513456056,2.7422414930164156,-4.915534938071403,2.7928693652796164,-20.996351845864144,-13.474090452283779,0.0,0.36853055940573043,1.8531724949649053,0.0,-3.0596806872107365,-0.28373914779885884,0.0,-0.6022836723285216,6.494682650390862,21.831447532844294,48.07220792413938,69.90365545698367
12.922000000000985,7.23,6.093850004970328,2.747800208113153,-4.957502292089238,2.7658081963065912,-20.968915430524355,-13.586692513182028,0.0,0.3624314110910116,1.8526149106069045,0.0,-3.0394046109969324,-0.2737973396150698,0.0,-0.6000803505262481,6.661448891075153,21.827795763714022,48.07521783587261,69.90301359958663
12.924000000000985,7.23,6.083893087141784,2.753304577263596,-4.9994021875628345,2.7385242292717993,-20.928867712389167,-13.696863754065681,0.0,0.3563731885377776,1.8520775114635304,0.0,-3.0187547885214983,-0.26355586694064154,0.0,-0.5958679739061183,6.825039868912581,21.82296165139339,48.07940477936867,69.90236643076206
12.926000000000986,7.23,6.073852458097892,2.7587541598312306,-5.041209256564491,2.7110224723996157,-20.876067391993196,-13.804458334224309,0.0,0.3503566398021374,1.8515608851261902,0.0,-2.9977307245293896,-0.25302658044406434,0.0,-0.5895995026207239,6.985276175615536,21.816918362489208,48.08479552815681,69.90171389064602
12.928000000000987,7.23,6.063728329078777,2.764148525484577,-5.082897873009832,2.6833082209077914,-20.810397765627897,-13.9093351891515,0.0,0.3443825135196603,1.8510655947837387,0.0,-2.9763323380657254,-0.24222203075281434,0.0,-0.581233772208315,7.141979888546679,21.80963962842401,48.091416295245025,69.90105592366903
12.930000000000987,7.23,6.053520962793303,2.7694872547612728,-5.124442202737435,2.65538704693092,-20.73176759615194,-14.01135855239921,0.0,0.338451558057708,1.850592177830734,0.0,-2.9545599814710988,-0.23115545985258756,0.0,-0.5707358581851705,7.294975111813664,21.801099798011656,48.0992926807489,69.90039247876055
12.932000000000988,7.23,6.043230673783758,2.774769939610973,-5.1658162552238105,2.6272647884151974,-20.6401118762354,-14.110398461827458,0.0,0.33256452063021685,1.8501411444955729,0.0,-2.9324144589240126,-0.21984078980442273,0.0,-0.5580774219289114,7.444088527516986,21.79127389018463,48.10844961936214,69.89972350954677
12.934000000000989,7.23,6.032857828685674,2.779996183915033,-5.206993936710998,2.5989475370193,-20.535392476543098,-14.206331246636154,0.0,0.3267221463759259,1.8497129764938989,0.0,-2.9098970444317684,-0.20829260874814481,0.0,-0.5432370348783485,7.589149954570643,21.780137646696037,48.11891132784457,69.8990489745406
12.93600000000099,7.23,6.022402846380163,2.7851656039810404,-5.247949104509837,2.5704416250633693,-20.41759867219405,-14.299039991651481,0.0,0.32092517740126086,1.8493081257127333,0.0,-2.887009499170358,-0.19652615417727903,0.0,-0.52620047814965,7.729992912371644,21.767667584614024,48.13070125270907,69.89836883732309
12.93800000000099,7.23,6.011866198036685,2.790277829010327,-5.288655622229564,2.541753611575015,-20.286747541759517,-14.388414975464435,0.0,0.31517435178926795,1.8489270129307833,0.0,-2.8637540880739043,-0.18455729348749994,0.0,-0.5069610147749057,7.866455186470658,21.753841048421993,48.14384201829277,69.89768306671476
12.94000000000099,7.23,6.0012484070446455,2.795332501536721,-5.329087415673909,2.512890267487905,-20.142884234070294,-14.474354079182966,0.0,0.3094704025762057,1.8485700265803637,0.0,-2.8401335955750087,-0.17240250181840677,0.0,-0.4855196319092509,7.998379393293996,21.73863626153495,48.158355375401484,69.89699163693643
12.942000000000991,7.23,5.990550048832751,2.8003292778348965,-5.36921852913548,2.4838585600547822,-19.986082099183314,-14.55676316276048,0.0,0.3038140566975841,1.8482375215563152,0.0,-2.8161513403989,-0.1600788372261681,0.0,-0.4618852505243622,8.125613540888665,21.72203237703976,48.174262150718334,69.8962945277581
12.944000000000992,7.23,5.979771750575615,2.8052678282968206,-5.409023181814044,2.4546656365426083,-19.816442680994143,-14.635556406101296,0.0,0.29820603390563805,1.847929818077195,0.0,-2.7918111893168307,-0.14760391324255184,0.0,-0.4360749003090613,8.248011582609523,21.704009527466756,48.19158219716854,69.8955917246353
12.946000000000993,7.23,5.968914190787631,2.810147837774933,-5.448475824080457,2.4253188072828458,-19.634095570161303,-14.710656612412249,0.0,0.29264704566041577,1.8476472006039097,0.0,-2.7671175697673505,-0.13499586889373028,0.0,-0.40811385772986947,8.365433960641026,21.684548873400335,48.21033434543179,69.89488321883212
12.948000000000993,7.23,5.957978098804699,2.8149690058908474,-5.487551193306547,2.3958255281546785,-19.439198117214662,-14.781995471570175,0.0,0.2871377939968269,1.8473899168207693,0.0,-2.742075481258206,-0.12227333626968495,0.0,-0.3780357454629357,8.47774813624749,21.66363265073716,48.230536356792655,69.89416900752981
12.950000000000994,7.23,5.946964254154973,2.819731047308516,-5.526224368982192,2.3661933825830945,-19.231935006937334,-14.84951378159997,0.0,0.2816789703701748,1.8471581766837653,0.0,-2.7166905054665396,-0.10945540575222468,0.0,-0.3458825916921838,8.58482910367556,21.64124421640447,48.252204877516135,69.89344909392061
12.952000000000995,7.23,5.935873485820301,2.8244336919709827,-5.56447082684426,2.3364300631372306,-19.01251769632171,-14.913161626705028,0.0,0.2762712544828565,1.8469521515406346,0.0,-2.690968814960657,-0.09656158902591261,0.0,-0.3117048480722489,8.686559884690586,21.617368092354013,48.27535539493194,69.89272348728596
12.954000000000995,7.23,5.924706671390633,2.8290766852999987,-5.602266491747821,2.3065433528171253,-18.78118371958962,-14.972898510657025,0.0,0.27091531309505434,1.8467719733269945,0.0,-2.6649171804731218,-0.08361178001172254,0.0,-0.27556136547617793,8.782832000815466,21.59199000765344,48.30000219540541,69.89199220305885
12.956000000000996,7.23,5.913464736114157,2.8336597883579815,-5.639587789018255,2.2765411061190464,-18.538195864916446,-15.028693444728301,0.0,0.26561179882238567,1.8466177338425638,0.0,-2.6385429766618724,-0.07062621387779433,0.0,-0.23751932698300143,8.87354592045456,21.565096938502563,48.326158324366915,69.89125526286948
12.958000000000997,7.23,5.902148651846458,2.8381827779719564,-5.67641169403318,2.246431229970799,-18.28384122859577,-15.080524989735032,0.0,0.2603613489235882,1.8464894841111446,0.0,-2.6118541863038356,-0.057625424294843075,0.0,-0.19765413790424702,8.958611478227018,21.536677146010334,48.35383554856382,69.89051269457416
12.960000000000997,7.23,5.890759435902493,2.842645446819314,-5.712715779795715,2.216221664628907,-18.01843015340777,-15.128381252146093,0.0,0.2551645840814249,1.8463872338277008,0.0,-2.5848594028736183,-0.04463019911581145,0.0,-0.15604927299809845,9.037948264000102,21.506720211576592,48.38304432069056,69.88976453226715
12.962000000000998,7.23,5.879298149815602,2.8470476034754033,-5.748478262275022,2.185920364629254,-17.742295058900776,-15.17225983459735,0.0,0.25002210718008105,1.8463109508954898,0.0,-2.5575678314686376,-0.031661534669785385,0.0,-0.11279608136975772,9.11148597930445,21.47521706973319,48.41379374654227,69.88901081627546
12.964000000000999,7.23,5.867765898008258,2.8513890724231534,-5.783678043306387,2.155535279881726,-17.455789172145476,-15.212167741526851,0.0,0.24493450208239126,1.846260561055828,0.0,-2.529989288050955,-0.018740588869110897,0.0,-0.06799354990282981,9.179164759024923,21.44216003830863,48.44609155482731,69.88825159313595
12.966000000001,7.23,5.856163826379611,2.8556696940251016,-5.81829475086099,2.1250743369975886,-17.159285168268212,-15.248121241011166,0.0,0.23990233241027914,1.8462359476126573,0.0,-2.5021341969854975,-0.005888633335859428,0.0,-0.021748026404494962,9.24093545649306,21.407542845793536,48.47994406976212,69.88748691555566
12.968000000001,7.23,5.844493120815265,2.859889324458384,-5.852308776514744,2.0945454209358254,-16.853173730704786,-15.280145684230362,0.0,0.23492614033184145,1.846236951253661,0.0,-2.4740135868638133,0.0068729952405934824,0.0,0.025827096026725206,9.296759890355622,21.371360655795325,48.51535618655959,69.88671684235491
12.970000000001,7.23,5.83275500562505,2.864047835613405,-5.885701309966042,2.063956357051481,-16.537862041629815,-15.308275284314776,0.0,0.23000644535849335,1.8462633699692517,0.0,-2.4456390846121057,0.019522944299564138,0.0,0.07461173159326683,9.346611051856303,21.333610088484313,48.55233134990938,69.8859414383937
12.972000000001001,7.23,5.8209507419148165,2.868145114957071,-5.918454370473555,2.0333148936252385,-16.213772213410035,-15.332552856628453,0.0,0.2251437431556147,1.846314959070324,0.0,-2.4170229078918717,0.03203989494111559,0.0,0.12447948924354879,9.390473271441426,21.29428923894665,48.59087153553476,69.8851607744814
12.974000000001002,7.23,5.809081625898522,2.872181065361632,-5.950550835107198,2.0026286849490713,-15.88133967219532,-15.353029522816604,0.0,0.220338504370084,1.8463914313052245,0.0,-2.388177855810963,0.044402611576692674,0.0,0.17529809259758755,9.428342343881587,21.253397692373866,48.63097723489712,69.88437492727098
12.976000000001003,7.23,5.797148987157083,2.8761556049003016,-5.981974463727803,1.9719052750379094,-15.54101150490277,-15.369764381187409,0.0,0.21559117347805812,1.8464924570759589,0.0,-2.3591172979721673,0.05658999148231092,0.0,0.22692982974154502,9.46022561138749,21.21093653603273,48.672647443104424,69.88358397913716
12.978000000001003,7.23,5.7851541868505825,2.8800686666109883,-6.01270992063354,1.941152082031907,-15.193244780866413,-15.382824146206906,0.0,0.21090216765629388,1.8466176647532326,0.0,-2.329855161895394,0.06858111404153733,0.0,0.2792320300694442,9.486142004485309,21.16690836797421,48.71587965006599,69.8827880180402
12.980000000001004,7.23,5.77309861589056,2.8839201982295672,-6.042742792833638,1.9103763833481548,-14.838504859322375,-15.392282760061162,0.0,0.20627187568020688,1.8467666410894878,0.0,-2.300405918858166,0.08035528947053572,0.0,0.33205756517182605,9.506122040702634,21.121317302454294,48.76066983492103,69.88198713737532
12.982000000001005,7.23,5.76098369307914,2.8877101618942502,-6.072059604932064,1.8795853016346302,-14.477263693683101,-15.398220979377937,0.0,0.20170065685179533,1.8469389317287073,0.0,-2.2707845682073016,0.09189210682369575,0.0,0.3852553706239627,9.520207781396634,21.074168972054743,48.807012463754035,69.88118143580877
12.984000000001005,7.23,5.748810863221783,2.891438533822705,-6.100647830625425,1.848785791572887,-14.10999814323038,-15.400725940304037,0.0,0.19718883996041614,1.8471340418113456,0.0,-2.2410066202022607,0.10317148108640795,0.0,0.4386709854141522,9.528452747328794,21.02547052650549,48.854900490595824,69.88037101710131
12.986000000001006,7.23,5.736581595220402,2.8951053039636636,-6.128495900840238,1.8179846275695157,-13.737188302434223,-15.399890705200743,0.0,0.1927367222792875,1.847351436672378,0.0,-2.2110880774577146,0.11417369917066356,0.0,0.49214710567370784,9.530921793852684,20.975230628225347,48.90432536169472,69.87955598992006
12.988000000001007,7.23,5.724297380153538,2.898710475624828,-6.155593208554584,1.7871883923698504,-13.359315857594575,-15.395813794252287,0.0,0.18834456860044801,1.8475905426300963,0.0,-2.1810454150592973,0.12487946463949573,0.0,0.5455241493256017,9.527690946830212,20.923459444610806,48.95527702302873,69.87873646763953
12.990000000001007,7.23,5.711959729350149,2.902254065078952,-6.181930110368017,1.7564034666207948,-12.976862479911865,-15.388598705279506,0.0,0.18401261031074467,1.8478507478629453,0.0,-2.1508955594321395,0.13526994099775091,0.0,0.5986408282581003,9.51884720062482,20.870168637116585,49.00774393101637,69.87791256813296
12.992000000001008,7.23,5.699570172463448,2.905736101150015,-6.2074979249011495,1.725636019403098,-12.590308263437517,-15.378353425016613,0.0,0.17974104451126038,1.8481314033713834,0.0,-2.1206558660468424,0.14532679339890076,0.0,0.6513347246511588,9.50448827973612,20.81537134718386,49.061713066370785,69.87708441355464
12.994000000001009,7.23,5.68713025555103,2.909156624781437,-6.23228892812253,1.6948919997469407,-12.200130215642414,-15.365189935043958,0.0,0.17553003318241978,1.8484318240214508,0.0,-2.090344096051737,0.15503222863064847,0.0,0.7034428681364037,9.484722365836776,20.759082179084974,49.117169951029894,69.87625213011486
12.99600000000101,7.23,5.6746415391673235,2.912515688588322,-6.256296345715168,1.66417712913841,-11.806800807586493,-15.349223715476011,0.0,0.17137970239682698,1.8487512896664904,0.0,-2.0599783919236834,0.16436903325565844,0.0,0.7548023105538659,9.459667792147865,20.701317179763876,49.174098668083765,69.87541584784765
12.99800000000101,7.23,5.662105596474174,2.9158133563957005,-6.2795143426082305,1.633496895018343,-11.410786589885602,-15.330573249385896,0.0,0.16729014158170719,1.8490890463432057,0.0,-2.0295772522324436,0.1733206097977259,0.0,0.8052506951782923,9.429452707243284,20.642093815763488,49.232481884609754,69.87457570037324
13.00000000000101,7.23,5.649524011375079,2.919049702764765,-6.3019380098110345,1.6028565452692072,-11.01254687986403,-15.309359530805635,0.0,0.16326140283262158,1.8494443075380627,0.0,-1.99915950561544,0.1818710108779984,0.0,0.8546268174226607,9.394214710504318,20.581430947339648,49.29230087731605,69.87373182465569
13.002000000001011,7.23,5.636898376678326,2.9222248125090533,-6.323563348696412,1.5722610836801552,-10.612532524465527,-15.285705578981364,0.0,0.1592935002799435,1.8498162555198352,0.0,-1.9687442840609952,0.19000497122019588,0.0,0.9027711741833261,9.354100461554356,20.51934879987189,49.353535560885106,69.872884360757
13.004000000001012,7.23,5.624230292294,2.9253387802025337,-6.344387252888859,1.5417152663752152,-10.211184742680013,-15.259735961383313,0.0,0.15538640950937943,1.8502040427339874,0.0,-1.9383509955983604,0.19770793745810766,0.0,0.9495264991676295,9.309265266087698,20.45586893268774,49.416164518900786,69.87203345158852
13.006000000001013,7.23,5.611521363469461,2.9283917096814887,-6.364407487919587,1.5112235991847636,-9.80893405044123,-15.23157632778186,0.0,0.1515400670376168,1.8506067932544141,0.0,-1.9079992964927828,0.20496609569287982,0.0,0.9947382817381548,9.259872640569457,20.39101420542615,49.480165037234954,69.8711792426611
13.008000000001013,7.23,5.598773199067613,2.9313837135420684,-6.383622668815714,1.480790335936006,-9.406199270165912,-15.201352957496466,0.0,0.14775436984400203,1.8510236042880202,0.0,-1.8777090630426163,0.21176639676139053,0.0,1.038255267014001,9.206093858321548,20.3248087420707,49.5455131397637,69.8703218818344
13.010000000001014,7.23,5.585987409891915,2.9343149126353203,-6.4020322357944215,1.4504194776341868,-9.003386626351324,-15.169192321716915,0.0,0.14402917495893786,1.8514535477275254,0.0,-1.8475003630740146,0.21809657919058867,0.0,1.0799299351871945,9.148107479527742,20.257277892789006,49.612183626277655,69.86946151906666
13.012000000001015,7.23,5.573165607061761,2.937185435561443,-6.419636428235011,1.420114772502662,-8.600888927928303,-15.135220662582125,0.0,0.14036429910951553,1.8518956717478516,0.0,-1.817393427226488,0.22394518982554978,0.0,1.1196189582368614,9.086098867686827,20.188448193719616,49.680150112446256,69.86859830616586
13.014000000001015,7.23,5.560309400441483,2.939995418164954,-6.436436257102488,1.3898797168468144,-8.19908483738866,-15.099563590485905,0.0,0.1367595184227164,1.852349002441437,0.0,-1.7874086201198405,0.2293016021313914,0.0,1.1571836324535627,9.020259695019064,20.11834732485079,49.74938507169219,69.86773239654298
13.016000000001016,7.23,5.547420397125919,2.9427450030323747,-6.452433475995723,1.3597175567040682,-7.7983382260730965,-15.062345700863935,0.0,0.13321456818631716,1.852812545487843,0.0,-1.7575664114897065,0.23415603218093262,0.0,1.1924902854181756,8.950787439288643,20.04700406613815,49.8198598788301,69.86686394496826
13.018000000001017,7.23,5.534500199985113,2.945434338993971,-6.467630550991389,1.3296312902399625,-7.398997614424761,-15.023690211504752,0.0,0.12972914266748947,1.8532852878530335,0.0,-1.7278873473753311,0.23849955235085396,0.0,1.2254106563104394,8.877884874445668,19.974448252010543,49.891544855320745,69.86599310733129
13.020000000001017,7.23,5.521550406270399,2.9480635806309943,-6.482030629451994,1.299623670848366,-7.0013956954832555,-14.983718621219852,0.0,0.12630289498890657,1.8537661995137875,0.0,-1.6983920214390444,0.24232410275927196,0.0,1.255822248650415,8.80175955741528,19.900710724413862,49.96440931599184,69.8651200404057
13.022000000001018,7.23,5.508572606283751,2.9506328877897947,-6.495637507962328,1.2696972109124487,-6.605848939419799,-14.942550390508519,0.0,0.12293543706201238,1.854254235202761,0.0,-1.6691010464925915,0.24562250048702405,0.0,1.2836086547993002,8.722623313272734,19.825823284543116,50.03842161707581,69.86424490161893
13.024000000001019,7.23,5.495568382112016,2.953142425104076,-6.508455599553888,1.2398541861819448,-6.212657276495389,-14.900302644661105,0.0,0.11962633957697577,1.8547483361698174,0.0,-1.6400350263007788,0.24838844663330772,0.0,1.3086598517611352,8.640691720941119,19.74981864341254,50.11354920541539,69.86336784882792
13.02600000000102,7.23,5.48253930642727,2.9555923615264867,-6.520489900371177,1.2100966407215374,-5.8221038554608855,-14.857089899563503,0.0,0.1163751320487032,1.8552474319553491,0.0,-1.6112145277280778,0.2506165312639692,0.0,1.3308724680339492,8.556183601436299,19.67273037141198,50.189758668689365,69.86248904010134
13.02800000000102,7.23,5.469486941354282,2.9579828698706403,-6.531745955927528,1.1804263923848464,-5.434454874109362,-14.813023810293869,0.0,0.11318130291816486,1.8557504421714488,0.0,-1.5826600532887216,0.2523022363173668,0.0,1.3501500214547044,8.469320510561744,19.59459284699621,50.26701578651232,69.86160863350852
13.03000000000102,7.23,5.456412837405756,2.9603141263645707,-6.542229827091253,1.150845038768473,-5.04995947843845,-14.76821294244546,0.0,0.11004429970816954,1.856256278286902,0.0,-1.5543920141558591,0.2534419365385574,0.0,1.3664031281667623,8.380326237827957,19.515441204651207,50.345285582264864,69.86072678691608
13.032000000001021,7.23,5.443318532485755,2.9625863102165377,-6.551948055935617,1.1213539636008418,-4.668849726677393,-14.722762565962263,0.0,0.10696352923262142,1.8567638454121442,0.0,-1.5264307036800058,0.25403289851745026,0.0,1.3795496830098122,8.289426313236133,19.435311282278473,50.42453237551369,69.85984365779217
13.034000000001022,7.23,5.430205550961467,2.964799603194009,-6.560907631578494,1.0919543435211374,-4.291340614282008,-14.676774471141394,0.0,0.10393835785819128,1.857272044080461,0.0,-1.4987962714619731,0.25407327791068,0.0,1.389515011790048,8.196847523427891,19.35423956813477,50.50471983488425,69.85895940301901
13.036000000001023,7.23,5.41707540280319,2.966954189216553,-6.569115956129648,1.0626471552044496,-3.9176301558950937,-14.630346806336451,0.0,0.10096811181725385,1.8577797720218876,0.0,-1.4715086980202314,0.2535621149301652,0.0,1.3962319960316243,8.102817438561525,19.272263147461043,50.585811031253044,69.85807417871409
13.038000000001023,7.23,5.403929582792233,2.969050253963291,-6.576580810855523,1.033433182790283,-3.5478995202082384,-14.583573936789033,0.0,0.09805207757086742,1.858285925926424,0.0,-1.4445877700876326,0.25249932818379417,0.0,1.3996411709392318,8.007563951133385,19.189419648929277,50.667768491130374,69.85718814005965
13.040000000001024,7.23,5.390769569796174,2.9710879844954774,-6.58331032266324,1.0043130255728234,-3.1823132136402683,-14.536546323922916,0.0,0.09518950222050104,1.8587894031933538,0.0,-1.4180530565674856,0.25088570695540513,0.0,1.3996907974156982,7.911314827821244,19.105747191032343,50.75055425010937,69.85630144114171
13.042000000001025,7.23,5.377596826110764,2.973067568894686,-6.589312930997384,0.9752871059127718,-2.821019308763069,-14.48935042435407,0.0,0.09237959396717543,1.859289103663639,0.0,-1.3919238851741325,0.24872290201213,0.0,1.3963369090770648,7.814297275285892,19.02128432853593,50.83412990626191,69.85541423479783
13.044000000001025,7.23,5.364412796867542,2.974989195917011,-6.594597355235023,0.9463556773321167,-2.464149713454134,-14.442068607802238,0.0,0.08962152261661538,1.859783931332528,0.0,-1.3662193197785435,0.24601341502764895,0.0,1.3895433352928555,7.716737520729322,18.936069999107023,50.91845667336729,69.85452667247431
13.046000000001026,7.23,5.351218909506105,2.976853054663609,-6.599172562656471,0.9175188327549059,-2.1118204768349824,-14.394779093033682,0.0,0.08691442012899298,1.8602727960397005,0.0,-1.3409581384750509,0.24276058670949374,0.0,1.3792817013486391,7.6188604078737825,18.850143470227845,51.003495433864686,69.85363890409253
13.048000000001027,7.23,5.338016573309796,2.978659334267839,-6.6030477370615,0.8887765128588616,-1.7641321281581557,-14.34755590092002,0.0,0.08425738121180859,1.860754615134448,0.0,-1.3161588123810515,0.23896858371771956,0.0,1.36553140688436,7.520889008895603,18.76354428649861,51.08920679142621,69.85275107792482
13.050000000001027,7.23,5.3248071790034635,2.9804082235991896,-6.606232248093172,0.8601285145045516,-1.4211700449337128,-14.300468823665051,0.0,0.08164946395442818,1.86122831511355,0.0,-1.2918394851776274,0.23464238446096353,0.0,1.3482795838051098,7.423044252723524,18.67631221742684,51.17555112305264,69.85186334047948
13.052000000001028,7.23,5.311592098411823,2.982099910984112,-6.60873562132418,0.8315744992107493,-1.0830048467319995,-14.253583409227062,0.0,0.07908969050279668,1.861692833229692,0.0,-1.2680179533952307,0.2297877638539736,0.0,1.3275210348905808,7.325544569991968,18.588487205795378,51.26248863059991,69.85097583639529
13.054000000001029,7.23,5.298372684176836,2.9837345839438316,-6.610567509153617,0.8031140016465752,-0.7496928112614436,-14.206960959950733,0.0,0.0765770477728368,1.86214711906843,0.0,-1.2447116474451352,0.22441127711851117,0.0,1.3032581543479551,7.2286055548272605,18.500109316695152,51.349979391649825,69.85008870834497
13.05600000000103,7.23,5.285150269532456,2.985312428949132,-6.611737662555473,0.7747464381129938,-0.42127630949531025,-14.160658544416613,0.0,0.07411048820103394,1.8625901360918657,0.0,-1.2219376133941862,0.21852024270696835,0.0,1.2755008315602403,7.132439643539342,18.411218687303627,51.43798340964436,69.84920209694799
13.05800000000103,7.23,5.271926168134994,2.9868336311920736,-6.6122559037138835,0.7464711149882198,-0.09778425680537671,-14.114729021518972,0.0,0.07168893053073899,1.8630208631473568,0.0,-1.199712495477435,0.21212272442499502,0.0,1.2442663392779465,7.037255810192779,18.32185547748355,51.52646066320854,69.84831614069209
13.06000000000103,7.23,5.258701673947298,2.988298374374543,-6.6121320995742545,0.7182872371135594,0.22076742274735442,-14.06922107579192,0.0,0.06931126063270976,1.8634382959397295,0.0,-1.1780525193406624,0.20522751282638652,0.0,1.2095792074899616,6.943259278940219,18.232059821271744,51.615371154592125,69.84743097586387
13.062000000001031,7.23,5.245478061174905,2.9897068405135023,-6.611376136333898,0.6901939160981568,0.534375321619319,-14.024179263019427,0.0,0.06697633235845035,1.8638414484656152,0.0,-1.1569734760023438,0.19784410594995738,0.0,1.1714710841872844,6.850651252917392,18.14187177932129,51.70467495716645,69.84654673648774
13.064000000001032,7.23,5.232256584252242,2.9910592097627458,-6.609997894890696,0.6621901785230273,0.843048065944099,-13.979644065186019,0.0,0.06468296842491073,1.864229354408661,0.0,-1.1364907065226073,0.1899826894646579,0.0,1.1299805842047121,6.759628659423422,18.051331292355854,51.79433226191752,69.84566355427337
13.066000000001033,7.23,5.219038477876973,2.9923556602509502,-6.6080072272635855,0.6342749740266134,1.1468058269014114,-13.935651953851877,0.0,0.06242996132915957,1.8646010684944834,0.0,-1.1166190873649717,0.18165411628532402,0.0,1.0851531272886161,6.670383911042449,17.96047813568943,51.88430342288185,69.84478155857128
13.068000000001033,7.23,5.205824957090517,2.9935963679357642,-6.60541393399437,0.606447183255911,1.445679828355886,-13.892235461064981,0.0,0.06021607429164966,1.8649556678043808,0.0,-1.0973730164349609,0.1728698857177775,0.0,1.0370407664976578,6.583104682301108,17.869351874859415,51.97454900147703,69.84390087633645
13.070000000001034,7.23,5.192617217402777,2.9947815064736543,-6.602227742536409,0.5787056256689469,1.7397118526301016,-13.849423256958177,0.0,0.05804004222674475,1.8652922530469074,0.0,-1.078766399778611,0.16364212218797536,0.0,0.9857020079952085,6.497973701404824,17.777991822416347,52.06502980968301,69.84302163209935
13.072000000001035,7.23,5.179416434959107,2.995911247105196,-6.5984582866322095,0.5510490671760624,2.0289537460883436,-13.807240233214603,0.0,0.05590057273920446,1.8656099497865355,0.0,-1.0608126389227104,0.15398355360608784,0.0,0.931201623241096,6.415168556549301,17.686436995908803,52.15570695203589,69.84214394794469
13.074000000001035,7.23,5.166223766747529,2.9969857585554767,-6.594115086678788,0.5234762276090482,2.313466926022007,-13.76570759162517,0.0,0.053796347145360524,1.8659079096287163,0.0,-1.0435246188379885,0.14390748941239617,0.0,0.8736104545345947,6.3348615162663435,17.59472607709747,52.2465418663995,69.84126794349697
13.076000000001036,7.23,5.153040350844243,2.9980052069492573,-6.589207531076846,0.4959857880086905,2.593321890151379,-13.724842937001174,0.0,0.051726021517761955,1.866185311360756,0.0,-1.0269146965057911,0.13342779834803498,0.0,0.813005214802549,6.2572193632308455,17.502897372427878,52.3374963634851,69.84039373591298
13.078000000001037,7.23,5.139867306695451,2.9989697557405206,-6.5837448585573535,0.46857639772271803,2.8685977298872305,-13.684660373749072,0.0,0.04968822775210047,1.8664413620479854,0.0,-1.010994690068637,0.12255888598974796,0.0,0.7494682824660819,6.1824032409323015,17.410988774787555,52.428532665093314,69.83952143988087
13.080000000001037,7.23,5.126705735433564,2.99987956565602,-6.5777361414770255,0.441246681307485,3.139381648335044,-13.645170605455847,0.0,0.04768157465526168,1.8666752980847976,0.0,-0.9957758685448059,0.11131567208411752,0.0,0.6830874921578347,6.110568512595022,17.319037726568997,52.51961344105629,69.83865116762529
13.082000000001038,7.23,5.113556720225854,3.0007347946524305,-6.571190270072336,0.4139952452279817,3.4057684838699602,-13.606381036878057,0.0,0.0457046490534071,1.8668863862001797,0.0,-0.9812689420873644,0.0997135677129275,0.0,0.6139559219981189,6.0418646317201254,17.22708118405668,52.61070184486188,69.83778302891855
13.084000000001039,7.23,5.100421326653652,3.0015355978866944,-6.564115937660232,0.38682068435193695,3.6678602399674793,-13.568295877771227,0.0,0.04375601691900355,1.8670739244174266,0.0,-0.9674840527682778,0.08776845231791874,0.0,0.5421716780762209,5.976435023615768,17.135155583152308,52.70176154794501,69.83691713109732
13.08600000000104,7.23,5.087300603120207,3.0022821276991474,-6.556521626772466,0.35972158823485917,3.925765621838726,-13.530916248039,0.0,0.04183422451577856,1.8672372429677904,0.0,-0.9544307658687534,0.07549665060964394,0.0,0.46783767671940085,5.914416977281343,17.04329680644982,52.79275677263463,69.83605357908445
13.08800000000104,7.23,5.074195581285352,3.0029745336090032,-6.5484155962094786,0.33269654719385994,4.179599580294043,-13.494240283725574,0.0,0.03993779956060228,1.8673757051578437,0.0,-0.9421180616576916,0.06291490938192368,0.0,0.3910614250703519,5.855941547016333,16.951540151668347,52.88365232374781,69.83519247541616
13.09000000000104,7.23,5.061107276525161,3.003612962321774,-6.539805868999073,0.30574415816901573,4.429482863142066,-13.45826324341634,0.0,0.03806525240133729,1.8674887081903995,0.0,-0.9305543276408625,0.05004037425024377,0.0,0.3119548004324936,5.801133463133209,16.859920301448305,52.974413618825,69.83433392027331
13.092000000001041,7.23,5.04803668841479,3.0041975577481996,-6.530700221244571,0.27886303037185084,4.675541574324785,-13.422977614653806,0.0,0.036215077209738045,1.8675756839388402,0.0,-0.9197473512645076,0.03689056632945742,0.0,0.23063382878268854,5.750111051168284,16.76847129451384,53.06500671700366,69.8334780115175
13.094000000001042,7.23,5.034984801232752,3.0047284610342615,-6.521106171846871,0.25205179072127065,4.917906740891357,-13.388373220015787,0.0,0.03438575318849535,1.8676360996747532,0.0,-0.90970431305812,0.023483358863460868,0.0,0.14721846279367734,5.702986159002016,16.677226498201737,53.155398346529125,69.83262484473086
13.096000000001043,7.23,5.021952584484878,3.0052058106018578,-6.511030973084704,0.22530908906794106,5.156713887825676,-13.354437322541926,0.0,0.03257574579157163,1.8676694587487872,0.0,-0.9004317802024129,0.009836953816803495,0.0,0.06183235965217198,5.65986409132221,16.5862185823553,53.245555930904395,69.83177451325969
13.098000000001043,7.23,5.008940993446284,3.005629742199716,-6.500481602037428,0.19863360320869927,5.392102620663228,-13.321154730232815,0.0,0.030783507956983924,1.8676753012246594,0.0,-0.8919357005098787,-0.004030141564113077,0.0,-0.025397341094056277,5.6208435508891785,16.49547949457924,53.33544761368219,69.83092710826143
13.100000000001044,7.23,4.995950969719651,3.0060003889641256,-6.4894647528348965,0.17202404369309676,5.624216215762739,-13.288507899381589,0.0,0.02900748135122555,1.867653204466261,0.0,-0.8842213968067738,-0.018099138214871635,0.0,-0.1143402394777234,5.586016586090293,16.40504043685021,53.42504228190451,69.83008271875472
13.102000000001045,7.23,4.982983441808199,3.0063178814890796,-6.4779868297193035,0.14547915842461967,5.85320121803647,-13.256477036533182,0.0,0.027246097624524124,1.867602783677812,0.0,-0.8772935617069659,-0.032350988738422126,0.0,-0.20486289670668215,5.555468544303208,16.31493184347567,53.51430958819671,69.82924143167239
13.104000000001045,7.23,4.970039325701734,3.006582347905414,-6.466053940904298,0.1189977370595085,6.079207045889749,-13.225040198899757,0.0,0.025497779676173282,1.8675236923970222,0.0,-0.871156252769722,-0.04676641091048439,0.0,-0.29682905632165235,5.5292780306211675,16.225183360392606,53.60321997152407,69.82840333191668
13.106000000001046,7.23,4.9571195254741935,3.0067939139685467,-6.453671893217263,0.09257861520641084,6.3023856030756695,-13.194173393091178,0.0,0.023760942929167084,1.8674156229412293,0.0,-0.8658128880351698,-0.0613259112048552,0.0,-0.39009986486706755,5.50751687152991,16.13582382579594,53.691744676620985,69.82756850241692
13.108000000001047,7.23,4.944224933891133,3.0069527031544174,-6.440846187511237,0.06622067843035112,6.522890897133002,-13.163850672051236,0.0,0.022033996613389117,1.8672783068064573,0.0,-0.8612662419331005,-0.0760098083399694,0.0,-0.48453409206337633,5.490250083165241,16.046881252085907,53.779855772103076,69.82673702418899
13.110000000001047,7.23,4.93135643302563,3.0070588367632447,-6.427582014833681,0.039922866064693446,6.740878664046641,-13.134044230116666,0.0,0.020315345056615364,1.8671115150193631,0.0,-0.8575184415624588,-0.09079825684921117,0.0,-0.5799883505032176,5.477535843819684,15.958382809122028,53.867526167274384,69.82590897639642
13.112000000001048,7.23,4.918514894881107,3.007112434030718,-6.413884253340014,0.013684174834911363,6.956505998746875,-13.104724496143794,0.0,0.018603388982583735,1.8669150584420142,0.0,-0.8545709633408609,-0.1056712706783518,0.0,-0.6763173149239817,5.469425470409288,15.870354808771019,53.95472962764187,69.82508443641288
13.114000000001049,7.23,4.90570118201959,3.00711361224625,-6.39975746594065,-0.012496337701935888,7.169930991049203,-13.075860224671883,0.0,0.01689652681539977,1.8666887880294434,0.0,-0.8524246300253366,-0.12060874681432243,0.0,-0.7733739411366747,5.465963398654438,15.782822690734852,54.041440789150954,69.8242634798858
13.11600000000105,7.23,4.8929161481939465,3.0070624868779317,-6.385205898671045,-0.03861954989808287,7.3813123666274185,-13.047418585115963,0.0,0.015193155989522422,1.8664325950399066,0.0,-0.8510796081074904,-0.13559048894989623,0.0,-0.8710096847129942,5.467187166773111,15.695811009644832,54.127635171155845,69.82344618080067
13.11800000000105,7.23,4.88016063898267,3.006959171703822,-6.370233479775116,-0.06468627293236265,7.590809132611289,-13.019365249002865,0.0,0.013491674264581532,1.8661464111977768,0.0,-0.8505354055881368,-0.1505962311892497,0.0,-0.9690747195522014,5.473127402529442,15.609343423406944,54.21328918813913,69.82263261154607
13.12000000000105,7.23,4.867435492425794,3.006803778949236,-6.354843819493171,-0.09069724790005453,7.7985802274043206,-12.991664475285022,0.0,0.011790481044261947,1.8658302088089767,0.0,-0.8507908701385415,-0.16560566179941127,0.0,-1.067418156464225,5.483807813526725,15.52344268278333,54.29838016019549,69.82182284297882
13.122000000001051,7.23,4.854741539660528,3.006596419429679,-6.339040210546313,-0.11665314307147882,8.00478417432765,-12.964279193783826,0.0,0.010087978698472444,1.8654840008288607,0.0,-0.8518441876572209,-0.1805984470124642,0.0,-1.1658882619165636,5.499245180678994,15.43813062219445,54.38288632229491,69.82101694448936
13.124000000001052,7.23,4.842079605555237,3.0063372026991027,-6.322825629310052,-0.14255455131566533,8.209578738712288,-12.937171086832219,0.0,0.008382573887992129,1.8651078408824393,0.0,-0.853692881233256,-0.19555425488296985,0.0,-1.264332677099407,5.519449354841655,15.353428151726305,54.46678683234049,69.8202149840668
13.126000000001053,7.23,4.8294505093403925,3.006026237203146,-6.306202737670579,-0.16840198768557516,8.413120588084128,-12.910300669200424,0.0,0.006672678890778605,1.8647018232368289,0.0,-0.8563338105289455,-0.21045277920462357,0.0,-1.3625986374673091,5.544423256627134,15.269355250326855,54.55006177803675,69.8194170283636
13.128000000001053,7.23,4.816855065235126,3.005663630437052,-6.289173885557855,-0.19419588716153863,8.615564955112925,-12.88362736640335,0.0,0.004956712929075402,1.8642660827258037,0.0,-0.8597631715964948,-0.22527376348923456,0.0,-1.4605331929140322,5.574162879476783,15.185930960175847,54.63269218258377,69.81862314275962
13.130000000001054,7.23,4.804294083068052,3.0052494891079404,-6.271741114150291,-0.21993660254978026,8.817065303029496,-12.85710959149921,0.0,0.003233103496439349,1.863800794626331,0.0,-0.8639764971451683,-0.23999702501025055,0.0,-1.557983428733176,5.608657296104469,15.103173382211793,54.714660009213254,69.81783339142504
13.132000000001055,7.23,4.791768368891007,3.0047839193011288,-6.253906159746337,-0.24562440253313284,9.017772993252299,-12.830704820500602,0.0,0.001500287683769641,1.86330617448695,0.0,-0.8689686572771584,-0.25460247891182597,0.0,-1.6547966875083389,5.647888668471323,15.021099672800588,54.79594816458199,69.81704783738257
13.134000000001055,7.23,4.779278725584389,3.0042670266502043,-6.235670458298803,-0.2712594698712942,9.217836955007053,-12.804369666528007,0.0,-0.00024328649662130886,1.8627824779078659,0.0,-0.8747338607120219,-0.26907016238301606,0.0,-1.750820792063855,5.691832261493315,14.939726041529433,54.876540501038434,69.81626654256786
13.136000000001056,7.23,4.766825953452761,3.0036989165105483,-6.217035150608088,-0.2968418997482472,9.417403356769551,-12.778059952842968,0.0,-0.0019991587898937624,1.862230000272639,0.0,-0.8812656565210615,-0.28338025889514973,0.0,-1.8459042695911736,5.740456460723979,14.859067750110388,54.9564218177783,69.81548956788869
13.138000000001057,7.23,4.75441085080942,3.003079694136017,-6.198001088170804,-0.32237169826474676,9.61661527941293,-12.751730784905563,0.0,-0.0037688553815609094,1.8616490764313296,0.0,-0.8885569363946137,-0.2975131224986556,0.0,-1.9398965770458512,5.793722794294724,14.779139112377903,55.03557786090427,69.81471697328217
13.140000000001058,7.23,4.74203421454861,3.0024094648584976,-6.1785688396804614,-0.34784878107406886,9.815612390995902,-12.725336621604233,0.0,-0.005553887585456718,1.861040080335002,0.0,-0.8965999374663703,-0.3114493021736644,0.0,-2.0326483278864633,5.851585959431411,14.699953495364282,55.1139953224059,69.81394881777018
13.142000000001058,7.23,4.7296968407040865,3.0016883342700487,-6.158738698176947,-0.3732729721595198,10.014530623186948,-12.698831345810827,0.0,-0.007355750537936023,1.8604034246214731,0.0,-0.9053862457202664,-0.3251695662265377,0.0,-2.1240115201992467,5.913993853902211,14.621523321437834,55.19166183807458,69.81318515951241
13.144000000001059,7.23,4.717399524992737,3.000916408407345,-6.138510688841473,-0.398644002752508,10.213501849382421,-12.67216833441426,0.0,-0.009175921899486461,1.859739560152239,0.0,-0.9149068000063143,-0.3386549267223211,0.0,-2.2138397662226175,5.980887612782991,14.543860071487858,55.268565984369374,69.81242605585723
13.14600000000106,7.23,4.705143063341967,3.000093793938148,-6.1178845774335,-0.4239615103902923,10.412653564642227,-12.645300527988224,0.0,-0.011015860565005364,1.8590489755005017,0.0,-0.9251518966929271,-0.35188666394053003,0.0,-2.3019885232509627,6.052201650957999,14.466974289141302,55.344697274248574,69.81167156338988
13.14800000000106,7.23,4.692928252399577,2.9992205983495186,-6.096859879365822,-0.44922503811282766,10.612108567635078,-12.618180500246273,0.0,-0.012877005384045903,1.858332196390279,0.0,-0.9361111949837784,-0.3648463508391351,0.0,-2.388315325860565,6.127863711798954,14.390875585995392,55.420046151982646,69.81092173797803
13.15000000000106,7.23,4.680755890024849,2.998296930137502,-6.075435869413528,-0.47443403379843563,10.811984644857505,-12.590760527436077,0.0,-0.014760773892377399,1.8575897850865932,0.0,-0.9477737229279327,-0.377515877508974,0.0,-2.4726800193613085,6.20779492249004,14.315572647850948,55.494603986963455,69.8101766348144
13.152000000001062,7.23,4.66862677575959,2.997322898997996,-6.053611592051989,-0.49958784963832653,11.012394257463901,-12.562992657821049,0.0,-0.016668561056290665,1.8568223397367734,0.0,-0.9601278841523444,-0.3898774755977983,0.0,-2.554944994334278,6.291909856486326,14.241073241930915,55.56836306652531,69.80943630845623
13.154000000001062,7.23,4.656541711277873,2.9962986160185374,-6.031385872418227,-0.5246857417502918,11.213444231120675,-12.534828781391782,0.0,-0.01860173803111065,1.8560304936629637,0.0,-0.9731614653458581,-0.4019137426803854,0.0,-2.6349754220716544,6.380116603608528,14.167384225068691,55.64131658779301,69.8087008128617
13.156000000001063,7.23,4.644501500813238,2.9952241938707185,-6.008757327889158,-0.5497268699321642,11.415235449374936,-12.506220699944343,0.0,-0.020561650935454256,1.8552149146059635,0.0,-0.9868616445238929,-0.41360766654797465,0.0,-2.712639490687484,6.472316848289848,14.094511552850395,55.71345864857243,69.80797020142282
13.158000000001064,7.23,4.632506951562126,2.994099747002955,-5.985724380269112,-0.5747102975559092,11.617862551105738,-12.477120197653536,0.0,-0.022549619642822094,1.8543763039205996,0.0,-1.0012150001025462,-0.4249426493872275,0.0,-2.787808641619391,6.568405956497369,14.022460289695516,55.78478423729936,69.80724452699488
13.160000000001064,7.23,4.620558874062334,2.992925391833327,-5.962285268577836,-0.599634991603459,11.821413632704981,-12.447479112261261,0.0,-0.024566936592172017,1.8535153957228727,0.0,-1.0162075208104087,-0.4359025318157086,0.0,-2.8603578061907204,6.668273071854229,13.951234619859774,55.85528922206237,69.80652384192214
13.162000000001065,7.23,4.608658082545303,2.991701246942204,-5.9384380624288156,-0.6244998228456303,12.025969955713228,-12.41724940698855,0.0,-0.02661486561917492,1.8526329559892087,0.0,-1.0318246164654494,-0.44647161673769364,0.0,-2.930165641851077,6.771801221486183,13.880837859343991,55.92497033871588,69.80580819805988
13.164000000001066,7.23,4.596805395261073,2.990427433264367,-5.914180675986194,-0.6493035661656719,12.231605660713669,-12.386383243268613,0.0,-0.02869464080991424,1.8517297816082103,0.0,-1.0480511296432662,-0.4566346929808356,0.0,-2.9971147676604804,6.878867432109262,13.811272468692204,55.99382517810012,69.80509764679232
13.166000000001066,7.23,4.585001634774746,2.989104074280339,-5.889510882486934,-0.6740449010291708,12.438387488364224,-12.354833054384828,0.0,-0.0308074653788315,1.8508066993853902,0.0,-1.0648713482616117,-0.46637705867106627,0.0,-3.061091998529883,6.989342856862903,13.742540066661963,56.06185217238492,69.80439223904688
13.168000000001067,7.23,4.573247628233364,2.987731296206627,-5.864426329312977,-0.6987224121021997,12.646374508521939,-12.322551620083367,0.0,-0.03295451057277876,1.8498645650014556,0.0,-1.0822690191044104,-0.4756845442998492,0.0,-3.121988577677462,7.103092913374759,13.674641444749222,56.12905058055463,69.80369202530386
13.170000000001068,7.23,4.5615442076020996,2.986309228184577,-5.83892455359622,-0.7233345900197089,12.85561785848662,-12.28949214221434,0.0,-0.035136914603072555,1.8489042619248033,0.0,-1.1002273623065686,-0.4845435354348482,0.0,-3.179700406708213,7.219977433520202,13.607576582549699,56.19542047305262,69.80299705560232
13.172000000001068,7.23,4.5498922098687204,2.9848380024675425,-5.813002998336978,-0.7478798323062642,13.066160491458257,-12.255608321438823,0.0,-0.03735578160750119,1.8479267002789932,0.0,-1.1187290868185251,-0.49294099502191124,0.0,-3.234128272672144,7.339850825309542,13.54134466393785,56.260962715603654,69.8023073795415
13.174000000001069,7.23,4.5382924772153235,2.983317754606055,-5.786659029014356,-0.7723564444512804,13.278036936367773,-12.220854435020678,0.0,-0.03961218064424665,1.8469328156660783,0.0,-1.1377564068669255,-0.5008644852235127,0.0,-3.2851780714075804,7.462562247300739,13.475944094043824,56.325678952234064,69.80162304627788
13.17600000000107,7.23,4.526745857156374,2.981748623630689,-5.75988995066457,-0.7967626411409264,13.491273070300045,-12.185185415703943,0.0,-0.04190714471974122,1.8459235679467603,0.0,-1.1572910594250376,-0.5083021887358132,0.0,-3.3327610264268226,7.587955795894892,13.411372517008243,56.389571587509636,69.80094410451788
13.17800000000107,7.23,4.5152532026421435,2.9801307522323044,-5.732693025400793,-0.8210965476488564,13.705885904781166,-12.148556931655932,0.0,-0.04424166985248057,1.8448999399784884,0.0,-1.1773143227031597,-0.5152429295240349,0.0,-3.3767939025570355,7.71587070582333,13.347626834493525,56.45264376801265,69.80027060250617
13.18000000000107,7.23,4.503815372126688,2.9784642869393463,-5.705065490345444,-0.8453562013878603,13.921883387249116,-12.110925467435727,0.0,-0.04661671417484359,1.8438629363127235,0.0,-1.1978070356658903,-0.5216761929133477,0.0,-3.417199213506351,7.846141564082723,13.28470322492936,56.51489936308016,69.79960258800952
13.182000000001072,7.23,4.4924332295995795,2.9767493782918804,-5.677004575943239,-0.8695395536244283,14.139264219066687,-12.072248405926901,0.0,-0.049033197074978996,1.8428135818527076,0.0,-1.2187496185794173,-0.5275921449703,0.0,-3.4539054224866543,7.978598537516049,13.22259716346964,56.57634294482648,69.79894010829612
13.184000000001072,7.23,4.481107644580655,2.974986181012033,-5.648507524620516,-0.8936444713580761,14.358017691465118,-12.032484111149607,0.0,-0.0514919983808132,1.8417529204732508,0.0,-1.2401220945876819,-0.5329816511079551,0.0,-3.486847134990431,8.113067614171099,13.161303442635894,56.636979767474585,69.79828321011048
13.186000000001073,7.23,4.469839492077135,2.973174854170508,-5.619571609753565,-0.917668739367088,14.57812354083023,-11.991592011846583,0.0,-0.05399395758823444,1.8406820136041295,0.0,-1.2619041123122192,-0.5378362938462405,0.0,-3.515965282789271,8.249370858499919,13.100816193622448,56.696815746021514,69.79763193964396
13.188000000001074,7.23,4.458629652502525,2.971315561348843,-5.590194154905857,-0.9416100624220994,14.799551824752864,-11.949532685713192,0.0,-0.056539873135494245,1.8396019387788731,0.0,-1.284074969465667,-0.5421483896577255,0.0,-3.5412072981974516,8.387326680385895,13.041128908236175,56.755857434264676,69.79698634250084
13.190000000001074,7.23,4.447479011556815,2.9694084707970716,-5.560372553291233,-0.9654660676686588,15.022262820267146,-11.90626794411942,0.0,-0.05913050172583867,1.8385137881508284,0.0,-1.3066136374642132,-0.5459110048281315,0.0,-3.56252727762594,8.526750117905738,12.982234461443184,56.81411200221691,69.79634646366009
13.192000000001075,7.23,4.436388460067558,2.967453755586447,-5.530104287417235,-0.989234307179581,15.246206945688302,-11.861760917148072,0.0,-0.06176655770034256,1.8374186669785517,0.0,-1.3294987870191135,-0.5491179702603944,0.0,-3.579886133440841,8.66745313364847,12.924125134493067,56.87158721293979,69.79571234743285
13.194000000001076,7.23,4.42535889379153,2.965451593756896,-5.499386948860011,-1.0129122606775305,15.471324707439006,-11.81597613875115,0.0,-0.06444871246289008,1.8363176920827047,0.0,-1.3527088146822517,-0.5517638951508534,0.0,-3.5932517331347746,8.809244924325435,12.866792638590246,56.92829139882561,69.79508403741585
13.196000000001076,7.23,4.4143912131767395,2.9634021684588534,-5.468218258119455,-1.0364973384278524,15.697546673216484,-11.768879631803529,0.0,-0.06717759395917111,1.835211990276786,0.0,-1.376221870315211,-0.5538441794666106,0.0,-3.6025990248234083,8.951932243312717,12.81022813908032,56.98423343736032,69.79446157644064
13.198000000001077,7.23,4.403486323084707,2.9613056680891425,-5.436596084500563,-1.0599868843012086,15.924793472802753,-11.720438992810962,0.0,-0.06995378621151349,1.8341026967741716,0.0,-1.4000158854457943,-0.5553550251537636,0.0,-3.6079101480891578,9.095319735672474,12.754422280118076,57.03942272640094,69.79384500651902
13.200000000001078,7.23,4.392645132472988,2.959162286420561,-5.4045184659645065,-1.0833781790050654,16.15297582775714,-11.670623476009345,0.0,-0.07277782891127638,1.8329909535740525,0.0,-1.4240686024703821,-0.5562934460076134,0.0,-3.60917452921375,9.239210285103345,12.699365209782504,57.09386915900213,69.79323436878464
13.202000000001078,7.23,4.381868554038079,2.9569722227248367,-5.371983628890453,-1.1066684434825362,16.381994611150812,-11.619404076570646,0.0,-0.07565021707046016,1.83187790782904,0.0,-1.4483576046545883,-0.5566572761376135,0.0,-3.6063889598680103,9.383405372169968,12.645046605602356,57.14758309782873,69.79262970343109
13.204000000001079,7.23,4.371157503818944,2.9547356818886183,-5.338990007686977,-1.129854842476493,16.611740938411984,-11.566753612613802,0.0,-0.0785714007340691,1.8307647101972893,0.0,-1.4728603468791648,-0.5564451769622432,0.0,-3.599557658364209,9.52770544306398,12.591455700454858,57.20057534919161,69.79203104964647
13.20600000000108,7.23,4.360512900761512,2.9524528745221774,-5.305536264189869,-1.1529344882562365,16.84209629024159,-11.512646805700069,0.0,-0.0815417847546599,1.8296525131821628,0.0,-1.4975541870722031,-0.5556566426717874,0.0,-3.588692312621268,9.671910288048604,12.538581308798353,57.25285713674648,69.79143844554483
13.20800000000108,7.23,4.349935666244655,2.9501240170604954,-5.271621306781319,-1.1759044445033668,17.072932668438824,-11.457060359478094,0.0,-0.08456172863039257,1.8285424694625465,0.0,-1.5224164182631377,-0.5542920041003242,0.0,-3.5738121040469726,9.815819428641579,12.486411853198689,57.30444007489598,69.79085192809467
13.21000000000108,7.23,4.339426723568256,2.9477493318564236,-5.237244309163949,-1.198761730352801,17.30411278533894,-11.399973036129362,0.0,-0.0876315464077494,1.8274357302170565,0.0,-1.5474243011884727,-0.5523524309522712,0.0,-3.5549437116054943,9.959232512494962,12.434935391107546,57.35533614193716,69.7902715330447
13.212000000001082,7.23,4.328986997404133,2.945329047265609,-5.202404728721884,-1.2215033245841838,17.535490287416213,-11.34136573025386,0.0,-0.09075150664995435,1.8263334434454852,0.0,-1.5725550973737166,-0.549839932333209,0.0,-3.5321212954101044,10.101949714836923,12.384139641849755,57.40555765299733,69.78969729484709
13.214000000001082,7.23,4.318617413210711,2.942863397722892,-5.167102324400106,-1.2441261699582014,17.766910013441905,-11.281221539826598,0.0,-0.09392183247196773,1.8252367522909103,0.0,-1.5977861026109672,-0.5467573555397186,0.0,-3.5053864592620867,10.243772145252391,12.334012013775675,57.455117232802976,69.78912924657865
13.216000000001083,7.23,4.308318896612474,2.9403526238098943,-5.131337174032748,-1.266627177691567,17.99820828741068,-11.21952583384862,0.0,-0.09714270164275873,1.8241467933660132,0.0,-1.62309468074643,-0.543108383068517,0.0,-3.4747881916464047,10.384502258493532,12.28453963153297,57.50402778832711,69.78856741986007
13.218000000001084,7.23,4.298092372745371,2.937796972313519,-5.095109691050723,-1.2890032320636855,18.22921324626291,-11.156266316313426,0.0,-0.10041424675538724,1.8230646950871736,0.0,-1.6484582976878592,-0.5388975278111756,0.0,-3.4403827847919253,10.523944267934906,12.235709363412054,57.55230248136158,69.78801184477364
13.220000000001084,7.23,4.287938765569481,2.9351966962751153,-5.058420640499245,-1.3112511951472496,18.459745202231353,-11.091433086107916,0.0,-0.10373655546524407,1.821991576020019,0.0,-1.6738545555373783,-0.5341301264071839,0.0,-3.4022337315087183,10.661904560214687,12.187507848717813,57.59995470106186,69.78746254977968
13.222000000001085,7.23,4.277858997150398,2.9325520550300648,-5.021271154296312,-1.3333679116542558,18.689617039434975,-11.025018692469601,0.0,-0.10710967079659939,1.8209285432401268,0.0,-1.6992612267514213,-0.5288123307351016,0.0,-3.3604115996268265,10.798192109540674,12.139921525119629,57.646998036512635,69.78691956163226
13.224000000001086,7.23,4.2678539869109064,2.9298633142375667,-4.983662745664249,-1.3553502138881797,18.91863464412756,-10.957018185627136,0.0,-0.11053359151741282,1.8198766907126178,0.0,-1.724656288226143,-0.5229510975288941,0.0,-3.314993883978634,10.93261889008478,12.092936655931284,57.6934462493629,69.78638290529419
13.226000000001086,7.23,4.257924650854683,2.9271307459004228,-4.945597322667737,-1.3771949267923107,19.146597367789603,-10.88742916226018,0.0,-0.11400827258215351,1.8188370976943924,0.0,-1.750017955203755,-0.5165541761142636,0.0,-3.2660648359898743,11.065000284844393,12.046539357271747,57.73931324658018,69.78585260385194
13.228000000001087,7.23,4.2480719007638665,2.9243546283746364,-4.907077200793668,-1.3988988730835306,19.373298522026396,-10.816251805425754,0.0,-0.11753362564216507,1.8178108271627753,0.0,-1.7753247148928633,-0.5096300942678446,0.0,-3.2137152710716657,11.195155489313754,12.000715625057257,57.7846130533736,69.78532867843086
13.230000000001088,7.23,4.238296643372477,2.92153524636867,-4.868105114510429,-1.4204588784601284,19.598525904009986,-10.743488918614354,0.0,-0.12110951962289396,1.8167989242743112,0.0,-1.8005553596941346,-0.5021881422104991,0.0,-3.158042354136811,11.32290790828481,11.955451361775276,57.82935978633563,69.7848111481109
13.232000000001088,7.23,4.228599779517792,2.9186728909322195,-4.828684227746975,-1.4418717768715907,19.82206235097534,-10.669145953617212,0.0,-0.1247357813670823,1.8158024148574214,0.0,-1.8256890199215041,-0.494238354754473,0.0,-3.099149363696271,11.448085544084924,11.910732402990684,57.87356762685272,69.78430002984341
13.234000000001089,7.23,4.218982203271885,2.915767859434403,-4.788818143235267,-1.4631344158376864,20.04368632205771,-10.593231031908081,0.0,-0.1284121963428091,1.8148223039425884,0.0,-1.8507051959086127,-0.48579149163286073,0.0,-3.0371454351254448,11.570521374558732,11.866544543534827,57.91725079483439,69.78379533836922
13.23600000000109,7.23,4.20944480105567,2.912820455531268,-4.748510910663285,-1.4842436618036017,20.26317250553714,-10.515754959267836,0.0,-0.1321385094150357,1.8138595743336716,0.0,-1.8755837893902838,-0.47685901604871384,0.0,-2.9721452838240667,11.690053719113777,11.822873563328324,57.960423522810316,69.78329708613865
13.23800000000109,7.23,4.19998845073786,2.909830989122565,-4.70776703358991,-1.5051964055173612,20.480292449344034,-10.436731233408537,0.0,-0.13591442567909717,1.8129151852238627,0.0,-1.9003051340498143,-0.46745307148988324,0.0,-2.9042689091252645,11.806526591175553,11.779705252789196,58.00310003044436,69.78280528323356
13.240000000001091,7.23,4.190614020721373,2.9067997762977598,-4.666591475077482,-1.5259895674153159,20.69481521247501,-10.356176044384089,0.0,-0.13973961135436863,1.8119900708597074,0.0,-1.9248500251243041,-0.45758645686449306,0.0,-2.833641279938871,11.919790035435458,11.737025437778513,58.045294499513616,69.78231993729213
13.242000000001092,7.23,4.181322369019799,2.903727139271271,-4.6249896620027116,-1.5466201030010869,20.906508034775655,-10.274108267609085,0.0,-0.1436136947361054,1.8110851392564744,0.0,-1.9491997479626346,-0.4472726000207018,0.0,-2.7603920032400193,12.02970044832722,11.694820004036869,58.08702104939964,69.78184105343651
13.244000000001092,7.23,4.17211434232658,2.900613406306977,-4.582967488011918,-1.5670850082030328,21.115137022368014,-10.19054944934268,0.0,-0.14753626720327429,1.8102012709680475,0.0,-1.9733361054335883,-0.4365255297227564,0.0,-2.684654976633197,12.136120880231028,11.653074921065837,58.12829371313788,69.78136863420372
13.246000000001093,7.23,4.16299077507967,2.897458911632036,-4.540531315092151,-1.5873813246950588,21.320467845836724,-10.105523784533261,0.0,-0.15150688427996006,1.8093393179143393,0.0,-1.9972414440853785,-0.42535984616376543,0.0,-2.606568026336575,12.23892131798196,11.611776265410414,58.169126414070035,69.78090267948045
13.248000000001094,7.23,4.153952488524454,2.8942639953401175,-4.4976879737357045,-1.6075061451654193,21.522266448143462,-10.01905808695971,0.0,-0.15552506674777278,1.8085001022690705,0.0,-2.020898678962185,-0.41379069010331504,0.0,-2.5262725320357413,12.337978946347935,11.570910243299357,58.2095329431425,69.78044318644186
13.250000000001094,7.23,4.145000289777755,2.891029003284159,-4.454444761681681,-1.627456618518076,21.72029975911277,-9.931181751646635,0.0,-0.15959030180646117,1.8076844154105727,0.0,-2.044291316988335,-0.40183371072578655,0.0,-2.4439130401540243,12.43317838724283,11.530463212602555,58.24952693689213,69.7799901494947
13.252000000001095,7.23,4.136134970895796,2.887754286958801,-4.41080944122473,-1.6472299549911753,21.91433641322955,-9.8419267095744,0.0,-0.1637020442797995,1.8068930169380615,0.0,-2.0674034788365443,-0.3895050323220508,0.0,-2.3596368671717336,12.524411915552122,11.490421704066422,58.289121856158815,69.77954356022524
13.254000000001096,7.23,4.127357307948974,2.8844402033726815,-4.366790235087658,-1.6668234311772876,22.10414746740707,-9.75132737474768,0.0,-0.16785971786362675,1.8061266337556399,0.0,-2.0902199192027755,-0.37682121990388273,0.0,-2.273593694703114,12.611579650568705,11.450772441790088,58.3283309655623,69.7791034073524
13.256000000001096,7.23,4.118668060106326,2.881087114910799,-4.322395820861347,-1.6862343949302316,22.28950711532872,-9.659420583731444,0.0,-0.17206271641278303,1.8053859592260402,0.0,-2.1127260454172734,-0.3637992438662764,0.0,-2.185935158102805,12.694589722167448,11.411502362907727,58.36716731377809,69.77866967668582
13.258000000001097,7.23,4.11006796873254,2.87769538918719,-4.277635324022286,-1.7054602701435595,22.470193394936125,-9.566245527806757,0.0,-0.17631040526355257,1.8046716523958928,0.0,-2.1349079343286457,-0.3504564438180906,0.0,-2.096814430424253,12.773358410984539,11.372598636444883,58.40564371464514,69.77824235109001
13.260000000001098,7.23,4.101557756500342,2.874265398888189,-4.232518309544828,-1.7244985613861343,22.64598888563174,-9.471843677942775,0.0,-0.18060212258810038,1.8039843372940654,0.0,-2.1567523474056474,-0.33681049170606414,0.0,-2.006385803590174,12.847810262011985,11.334048681318665,58.443772729135304,69.77782141045397
13.262000000001098,7.23,4.093138126521036,2.87079752160657,-4.187054772132172,-1.7433468583806628,22.81668139178737,-9.3762587028245,0.0,-0.1849371807772925,1.8033246023043492,0.0,-2.1782467440096904,-0.3228793543609859,0.0,-1.9148042686582263,12.917878171168127,11.2958401834552,58.48156664821182,69.77740683166702
13.264000000001099,7.23,4.084809761495948,2.867292139666904,-4.141255125096839,-1.7620028403115708,22.982064609199302,-9.279536380217325,0.0,-0.18931486784819662,1.8026929996135235,0.0,-2.1993792927995317,-0.30868125559791926,0.0,-1.8222250970748655,12.983503444558007,11.257961111999833,58.519037476601056,69.77699858860089
13.2660000000011,7.23,4.076573322891423,2.863749639942479,-4.095130187928014,-1.7804642799492094,23.141938771207553,-9.181724501989546,0.0,-0.19373444887250224,1.8020900447355546,0.0,-2.2201388812385465,-0.29423463800450433,0.0,-1.7288034248046913,13.044635830294386,11.220399734598878,58.556196917499236,69.7765966520981
13.2680000000011,7.23,4.0684294501399645,2.860170413664164,-4.048691172589664,-1.7987290475780595,23.296111271300518,-9.08287277315242,0.0,-0.1981951674220379,1.8015162161124154,0.0,-2.240515123184026,-0.2795581245528346,0.0,-1.6346938412037277,13.10123352290747,11.18314463173478,58.593056358232275,69.77620098996705
13.270000000001101,7.23,4.0603787598700105,2.8565548562216283,-4.001949668599504,-1.8167951147173618,23.444397259154155,-8.983032705312619,0.0,-0.20269624702754285,1.800971954791748,0.0,-2.2604983645470575,-0.2646704801708778,0.0,-1.5400499844710454,13.153263140528248,11.146184710099256,58.6296268568842,69.77581156698346
13.272000000001102,7.23,4.0524218451667195,2.8529033669573303,-3.9549176269448822,-1.8346605576234174,23.586620207209688,-8.882257504965395,0.0,-0.2072368926468212,1.8004576641813042,0.0,-2.2800796870209026,-0.24959057340916713,0.0,-1.4450241454660533,13.200699675186025,11.109509214992725,58.665919129906015,69.77542834489874
13.274000000001102,7.23,4.044559274866039,2.8492163489537305,-3.907607342897253,-1.8523235605636954,23.722612445069604,-8.780601957086148,0.0,-0.211816292138432,1.7999737098798538,0.0,-2.2992509098848473,-0.2343373383372439,0.0,-1.349766881617426,13.243526416712136,11.073107741740763,58.70194354071424,69.775051282455
13.276000000001103,7.23,4.03679159288419,2.8454942088141926,-3.860031437792163,-1.8697824188538243,23.852215659191206,-8.678122304505393,0.0,-0.21643361773707426,1.7995204195839543,0.0,-2.3180045898998074,-0.21892973680238337,0.0,-1.2544266425762556,13.281734850889887,11.036970246122255,58.73771008928438,69.77468033540663
13.278000000001104,7.23,4.029119317584568,2.8417373564380526,-3.8122028398464884,-1.8870355416495386,23.97528135557465,-8.574876123574706,0.0,-0.22108802752687473,1.7990980830697336,0.0,-2.3363340193207778,-0.20338672118033785,0.0,-1.1591494091805177,13.315324532631443,11.001087053806625,58.773228402742234,69.77431545654886
13.280000000001104,7.23,4.021542941183909,2.8379462047903576,-3.7641347640890452,-1.9040814544866855,24.09167128337883,-8.4709221966508,0.0,-0.22577866690884496,1.798706952248574,0.0,-2.3542332220600306,-0.18772719774416846,0.0,-1.0640783472008768,13.344302935096946,10.965448868800767,58.80850772695185,69.77395659575262
13.282000000001105,7.23,4.0140629291994125,2.83412116966678,-3.715840691484579,-1.9209188015634706,24.201257817649072,-8.366320381940055,0.0,-0.23050467005885267,1.798347241295342,0.0,-2.3716969480433328,-0.17196999077288633,0.0,-0.9693534772311664,13.368685275796523,10.9300467809095,58.843556919096656,69.77360370000616
13.284000000001106,7.23,4.006679719938358,2.830262669454226,-3.6673343473345015,-1.937546347760213,24.30392429960563,-8.261131481257712,0.0,-0.23526516137253717,1.7980191268475618,0.0,-2.3887206658095685,-0.1561338075165999,0.0,-0.8751113619714554,13.388494320832637,10.894872272216478,58.87838444124646,69.77325671346294
13.286000000001106,7.23,3.999393724031566,2.826371124887678,-3.6186296790405823,-1.9539629803930028,24.399565333215428,-8.155417106262815,0.0,-0.24005925689371943,1.7977227482737028,0.0,-2.4053005534117515,-0.14023720412902885,0.0,-0.781484812027617,13.403760168545817,10.859917222595492,58.91299835490027,69.77291557749575
13.288000000001107,7.23,3.9922053240119,2.8224469588037886,-3.569740833320065,-1.9701677106987732,24.488087037051198,-8.049239543733098,0.0,-0.24488606572296523,1.7974582080085613,0.0,-2.4214334876844754,-0.12429855267199041,0.0,-0.6886026112219797,13.414520013921372,10.825173914264514,58.94740631649255,69.77258023075706
13.290000000001108,7.23,3.985114873938812,2.818490595891782,-3.520682132962398,-1.9861596750504344,24.569407250729082,-7.9426616204437055,0.0,-0.24974469140311212,1.7972255719534673,0.0,-2.437117031949647,-0.10833600928949583,0.0,-0.596589262274252,13.420817895198484,10.790635035398548,58.98161557384635,69.77225060924489
13.292000000001108,7.23,3.9781226990697496,2.8145024624421886,-3.4714680532188855,-2.0019381359018342,24.643455695503654,-7.8357465682082115,0.0,-0.2546342332787088,1.797024869938903,0.0,-2.452349422238205,-0.09236748364173941,0.0,-0.5055647535733246,13.422704424192924,10.756293682819113,59.01563296355544,69.77192664637455
13.294000000001109,7.23,3.9712290955790848,2.810482986093967,-3.422113197917132,-2.017502482463424,24.71017408888634,-7.728557889631629,0.0,-0.25955378782648764,1.796856096246926,0.0,-2.4671295521110768,-0.07641060968141045,0.0,-0.41564434761915175,13.420236501903148,10.722143363781356,59.04946490927435,69.7716082730557
13.29600000000111,7.23,3.9644343303250045,2.8064325955805347,-3.372632275392121,-2.032852231110589,24.769516213437846,-7.621159225112989,0.0,-0.26450244995414424,1.7967192101906306,0.0,-2.4814569561673663,-0.06048271784672449,0.0,-0.3269383915724153,13.41347702101446,10.688177996881677,59.083117420892606,69.77129541777428
13.29800000000111,7.23,3.95773864066465,2.8023517204752517,-3.3230400743252093,-2.047987025527675,24.821447940161786,-7.5136142216183535,0.0,-0.269479314264902,1.7966141367477557,0.0,-2.4953317923319176,-0.04460080873696398,0.0,-0.23955215020685874,13.402494556948158,10.654391912111468,59.116596094567896,69.77098800667936
13.300000000001111,7.23,3.951142234317595,2.7982407909368763,-3.273351439581172,-2.0629066365917472,24.86594720719607,-7.405986403726112,0.0,-0.2744834762855112,1.7965407672454092,0.0,-2.5087548230178527,-0.02878152832782277,0.0,-0.15358566141973665,13.387363049121952,10.620779850084146,59.14990611359023,69.77068596367437
13.302000000001112,7.23,3.9446452892775743,2.7941002374555084,-3.223581248131795,-2.0776109620011147,24.903003954756382,-7.298339047423715,0.0,-0.2795140336555281,1.7964989600927792,0.0,-2.5217273952624675,-0.013041144775026714,0.0,-0.06913361431815554,13.368161474094613,10.587336960465084,59.18305225004728,69.77038921051236
13.304000000001112,7.23,3.9382479537722124,2.789930490599527,-3.1737443851523532,-2.092100025654584,24.932620017530052,-7.19073505710946,0.0,-0.28457008727592203,1.7964885415586216,0.0,-2.5342514199369024,0.0026044731541058908,0.0,0.013714750234136605,13.34497351226203,10.554058799635072,59.21603886726005,69.77009766689513
13.306000000001113,7.23,3.9319503462703107,2.7857319807640115,-3.1238557203746775,-2.1063739767882748,24.95480897594921,-7.083236846225635,0.0,-0.2896507424152632,1.796509306590223,0.0,-2.5463293501315025,0.018139875990347887,0.0,0.09487571685332696,13.31788720975481,10.520941327620204,59.248869922955315,69.76981125057551
13.308000000001114,7.23,3.9257525555361075,2.7815051379211293,-3.0739300847774484,-2.120433088877668,24.96959596798294,-6.975906221918325,0.0,-0.29475510977194075,1.7965610196705133,0.0,-2.557964158819395,0.03355005179136933,0.0,0.17427115102115248,13.286994637158376,10.487980904321802,59.28154897314121,69.76952987746301
13.310000000001114,7.23,3.9196546407297554,2.777250391372942,-3.0239822476908746,-2.134277758313309,24.977017463284533,-6.868804274088462,0.0,-0.2998823064910709,1.7966434157099374,0.0,-2.5691593159010084,0.04882044267614777,0.0,0.2518285331003685,13.252391546637826,10.455174285081503,59.3140791766501,69.7692534617316
13.312000000001115,7.23,3.913656631553113,2.772968169507082,-2.97402689438906,-2.147908502859278,24.977121001702695,-6.7619912691641275,0.0,-0.3050314571349625,1.7967562009696991,0.0,-2.5799187647316146,0.06393695965990015,0.0,0.3274809715684461,13.214177029000348,10.422518615617392,59.34646330031275,69.76898191593014
13.314000000001116,7.23,3.9077585284398046,2.76865889955572,-2.924078604239195,-2.161325959904181,24.969964898321123,-6.65552654889025,0.0,-0.31020169460620356,1.7968990540129774,0.0,-2.5902468982328823,0.07888599579250061,0.0,0.4011671961563396,13.172453172170343,10.390011426368,59.37870372472661,69.76871515109461
13.316000000001116,7.23,3.9019603027883747,2.7643230073582323,-2.8741518294722375,-2.174530884514956,24.955617917323405,-6.549468434395975,0.0,-0.3153921610226362,1.7970716266807325,0.0,-2.600148534687664,0.09365443761123216,0.0,0.47283153166945735,13.127324722486136,10.357650626281236,59.41080245058028,69.76845307686152
13.318000000001117,7.23,3.8962618972372245,2.759960917127945,-2.8242608746350397,-2.187524147304279,24.934158917091647,-6.443874135764168,0.0,-0.3206020085436886,1.7972735450887445,0.0,-2.609628893315027,0.10822967492617186,0.0,0.542423853348497,13.078898750154256,10.325434496086224,59.44276110549654,69.76819560158276
13.320000000001118,7.23,3.8906632259799196,2.755573051223322,-2.7744198767789703,-2.2003067321227774,24.905676469037175,-6.338799667291271,0.0,-0.3258304001477117,1.7975044106425766,0.0,-2.6186935697197526,0.12259960896350242,0.0,0.6098995246983892,13.027284320117772,10.293361681085722,59.47458095135531,69.76794263244103
13.322000000001118,7.23,3.8851641751193404,2.7511598299239344,-2.7246427864350067,-2.2128797335875796,24.870268452729476,-6.234299768589567,0.0,-0.33107651036017044,1.7977638010672106,0.0,-2.627348511307333,0.13675265889877689,0.0,0.6752193187752299,12.97259216951078,10.261431183507089,59.50626289205848,69.76769407556557
13.324000000001119,7.23,3.879764603059059,2.7467216712115268,-2.6749433494201016,-2.2252443544590106,24.828041629935818,-6.130427831648446,0.0,-0.33633952593269983,1.7980512714481693,0.0,-2.635599992751903,0.1506777668181865,0.0,0.738349323971576,12.914934392782497,10.229642354449608,59.53780748169834,69.76744983614795
13.32600000000112,7.23,3.8744643409302375,2.7422589905564716,-2.625335089514359,-2.2374019028774437,24.779111200210277,-6.02723583393615,0.0,-0.34161864647321893,1.798366355281026,0.0,-2.6434545916005696,0.16436440115163065,0.0,0.7992608353822348,12.854424135482663,10.197994885465759,59.569214933091686,69.76720981855745
13.32800000000112,7.23,3.8692631930522734,2.7377722007098795,-2.575831292043278,-2.249353789472437,24.723600340675887,-5.9247742775895835,0.0,-0.34691308502745877,1.7987085655262922,0.0,-2.6509191640933087,0.17780255862653047,0.0,0.8579302328642041,12.791175297605632,10.166488799813377,59.60048512664241,69.76697392645579
13.330000000001121,7.23,3.86416093742535,2.73326171150161,-2.5264449883940503,-2.2611015243563513,24.661639732629936,-5.823092134706968,0.0,-0.35222206861240757,1.7990773956667736,0.0,-2.6580008212730935,0.19098276479592405,0.0,0.914338846926407,12.725302247295515,10.135124443415492,59.63161761949525,69.76674206291074
13.332000000001122,7.23,3.859157326253,2.728727929644397,-2.4771889414896497,-2.272646714014648,24.593367077570306,-5.722236798726214,0.0,-0.3575448387023203,1.7994723207646162,0.0,-2.664706905456052,0.20389607319847639,0.0,0.9684728135978322,12.656919545618202,10.10390247556314,59.66261165494542,69.76651413050857
13.334000000001122,7.23,3.8542520864927488,2.7241712585442923,-2.4280756322393207,-2.283991058104989,24.518926605192288,-5.622254041843103,0.0,-0.362880651668092,1.7998927985153386,0.0,-2.6710449671266967,0.21653406321168078,0.0,1.0203229194273378,12.58614168301162,10.072823859396891,59.693466172067666,69.76629003146456
13.336000000001123,7.23,3.8494449204328656,2.719592098117587,-2.3791172469790265,-2.2951363461771574,24.438468575839355,-5.523187978393816,0.0,-0.36822877917088703,1.8003382702963324,0.0,-2.677022742317985,0.22888883666241716,0.0,1.0698844377636618,12.513082827930205,10.041889852200375,59.72417981553154,69.76606966773191
13.338000000001124,7.23,3.844735506293239,2.7149908446143654,-2.3303256659105283,-2.3060844543256205,24.35214877981346,-5.425081034101365,0.0,-0.373588508511064,1.8008081622073855,0.0,-2.682648130531014,0.24095301326169338,0.0,1.1171569574531532,12.437856588107955,10.011101995539477,59.754750945568865,69.76585294110834
13.340000000001124,7.23,3.84012349884837,2.7103678904488095,-2.2817124525430494,-2.3168373417863517,24.2601280358575,-5.327973921060274,0.0,-0.378959142933522,1.8013018861009626,0.0,-2.6879291732438526,0.2527197249322977,0.0,1.1621442050733517,12.360575784774172,9.980462105278715,59.78517764806145,69.76563975334017
13.342000000001125,7.23,3.8356085300704805,2.7057236240363585,-2.2332888441369505,-2.3273970474892347,24.162571691019526,-5.2319056183121315,0.0,-0.38434000189068784,1.8018188406000908,0.0,-2.6928740330538776,0.2641826090996071,0.0,1.2048538617951363,12.281352240069284,9.949972261505735,59.81545774471821,69.76543000622394
13.344000000001126,7.23,3.8311902097907367,2.701058429637796,-2.1850657431445355,-2.3377656865770744,24.059649123995232,-5.136913357844292,0.0,-0.38973042126445556,1.802358412101844,0.0,-2.697490973492822,0.2753358010168283,0.0,1.2452973759347679,12.200296577825068,9.9196347983934,59.84558880331167,69.76522360170507
13.346000000001126,7.23,3.8268681263765982,2.696372687210326,-2.13705370963904,-2.347945446901873,23.951533253923117,-5.043032615825844,0.0,-0.3951297535484586,1.8029199757645809,0.0,-2.701788339548651,0.28617392519652246,0.0,1.2834897722204883,12.117518037794342,9.889452294027484,59.87556814794602,69.7650204419735
13.348000000001127,7.23,3.8226418474233346,2.691666772265669,-2.0892629547190236,-2.3579385855086485,23.83840005647882,-4.950297108879372,0.0,-0.40053736799211626,1.8035028964772057,0.0,-2.7057745389234173,0.29669208602033886,0.0,1.319449458756709,12.033124303340692,9.859427560226905,59.90539286932924,69.76482042955615
13.350000000001128,7.23,3.8185109204577685,2.6869410557351943,-2.041703334871836,-2.367747425116655,23.720428088981215,-4.858738795173249,0.0,-0.40595265070794906,1.8041065298088859,0.0,-2.709458024051427,0.3068858575986365,0.0,1.3531980326236244,11.947221342528799,9.829563632381952,59.935059835024006,69.76462346740595
13.352000000001128,7.23,3.8144748736523506,2.6821959038420866,-1.994384347276535,-2.3773743506074174,23.597798026085293,-4.768387880107125,0.0,-0.41137500474371336,1.8047302229378044,0.0,-2.7128472748972823,0.3167512729510573,0.0,1.384760085001582,11.859913262490746,9.799863759334219,59.96456569965333,69.76442945898755
13.354000000001129,7.23,3.810533216547707,2.677431677980521,-1.94731512602362,-2.3868218055285366,23.47069220749696,-4.6792728263546,0.0,-0.41680385012092147,1.8053733155576421,0.0,-2.7159507825489775,0.3262848125779831,0.0,1.4141630066575865,11.771302176884268,9.770331393321252,59.993906915037925,69.76423830835918
13.35600000000113,7.23,3.8066854407818504,2.6726487346018066,-1.9005044392262267,-2.3960922886217313,23.339294199003035,-4.591420368018246,0.0,-0.422238623841349,1.806035140760663,0.0,-2.7187770336167683,0.3354833924915726,0.0,1.4414367945782256,11.68148808620354,9.740970180006482,60.023079740244654,69.76404992025114
13.35800000000113,7.23,3.802931020824305,2.667847425107445,-1.8539606869949719,-2.4051883503830958,23.203788367969484,-4.504855528647882,0.0,-0.4276787798631586,1.8067150258963656,0.0,-2.7213344954445837,0.344344351773443,0.0,1.4666138604782215,11.590568770654494,9.711783948614563,60.05208025152568,69.76386420014025
13.360000000001131,7.23,3.7992694147134345,2.663028095749027,-1.8076919002464769,-2.4141125896630444,23.064359474319623,-4.419601642867796,0.0,-0.43312378904825444,1.8074122934048389,0.0,-2.7236316021367606,0.35286543972409434,0.0,1.489728841857425,11.498639695261794,9.682776702190033,60.08090435213059,69.76368105432061
13.362000000001132,7.23,3.795700064795354,2.658191087534889,-1.7617057403137146,-2.422867650312909,22.921192277867263,-4.33568038135763,0.0,-0.43857313908251183,1.8081262616240565,0.0,-2.7256767413993255,0.3610448026671924,0.0,1.510818416223154,11.405793926836141,9.653952607996287,60.10954778197437,69.76350038997066
13.364000000001132,7.23,3.792222398462843,2.6533367361434173,-1.7160094993247064,-2.4314562178846333,22.774471162744177,-4.253111778930321,0.0,-0.44402633437049244,1.8088562455704873,0.0,-2.7274782421916077,0.36888097046933527,0.0,1.5299211190375501,11.31212206239638,9.625315988070017,60.138006127145886,69.7633221152159
13.366000000001133,7.23,3.7888358288927617,2.6484653718429003,-1.6706101013147499,-2.439881016389513,22.62437977953096,-4.171914265452057,0.0,-0.44948289590627566,1.8096015576925097,0.0,-2.729044363180878,0.3763728428336538,0.0,1.5470771658945117,11.217712168612252,9.596871309945382,60.16627482924288,69.76314613918827
13.368000000001134,7.23,3.7855397557805404,2.6435773194177976,-1.62551410403627,-2.4481448051214003,22.471100705574262,-4.0921046993514745,0.0,-0.45494236112198744,1.8103615085962304,0.0,-2.7303832819897984,0.38351967542277166,0.0,1.562328279374755,11.122649731809398,9.568623177560488,60.19434919452077,69.76297237208125
13.370000000001134,7.23,3.7823335660703816,2.6386728981012944,-1.5807277014295351,-2.4562503755493132,22.314815123852245,-4.013698403468799,0.0,-0.4604042837156098,1.8111354077434254,0.0,-2.7315030852238147,0.39032106586404663,0.0,1.5757175209741907,11.027017618058522,9.540576322357374,60.22222440284398,69.76280072520134
13.372000000001135,7.23,3.779216634679891,2.633752421513996,-1.5362567267168787,-2.464200548283875,22.155702520635984,-3.9367092030008757,0.0,-0.4658682334596116,1.8119225641214163,0.0,-2.732411759263286,0.39677693968712674,0.0,1.5872891284481356,10.930896042855824,9.5127355945858,60.249895516429746,69.76263111101555
13.374000000001136,7.23,3.7761883252179276,2.6288161976086157,-1.4921066560826768,-2.4719981701215423,21.993940402085343,-3.8611494653037317,0.0,-0.47133379599191194,1.8127222868847892,0.0,-2.7331171818029945,0.4028875362409623,0.0,1.59708835886325,10.834362549890406,9.485105954819577,60.277357488375515,69.76246344319509
13.376000000001136,7.23,3.773247990694539,2.6238645286204902,-1.44828261290116,-2.4796461111701,21.829704029816405,-3.787030141321055,0.0,-0.47680057259065733,1.8135338859689676,0.0,-2.733627114119768,0.40865339463453254,0.0,1.6051613376007232,10.737491998387277,9.457692465693157,60.30460517096239,69.76229763665555
13.378000000001137,7.23,3.770394974221927,2.6188977110237612,-1.4047893724741587,-2.4871472620584547,21.66316617538233,-3.7143608084147344,0.0,-0.4822681799342433,1.8143566726757259,0.0,-2.7339491940473115,0.41407533974252697,0.0,1.6115549135075937,10.640356558511007,9.430500283864898,60.3316333237282,69.7621336075931
13.380000000001138,7.23,3.7676286097054597,2.6139160354930517,-1.3616313672410885,-2.4945045312333076,21.49449689352198,-3.643149714381976,0.0,-0.48773624984797415,1.8151899602308057,0.0,-2.7340909296359426,0.4191544683143241,0.0,1.616316520349332,10.543025714314728,9.403534652212743,60.35843662130459,69.76197127351733
13.382000000001138,7.23,3.7649482225238162,2.60891978687046,-1.3188126924238508,-2.5017208423448762,21.323863313949552,-3.573403822452102,0.0,-0.49320442903870704,1.8160330643138884,0.0,-2.7340596934736396,0.4238921352216671,0.0,1.6194940446753097,10.44556627372179,9.376800892266406,60.38500966101411,69.76181055328051
13.384000000001139,7.23,3.7623531301974458,2.6039092441376908,-1.2763371120698583,-2.508799131723424,21.151429451385308,-3.505128857065775,0.0,-0.49867237881877985,1.816885303561227,0.0,-2.7338627176438903,0.42828993987755387,0.0,1.621135700169953,10.34804238503299,9.350304396879755,60.41134697022359,69.76165136710334
13.38600000000114,7.23,3.759842643044568,2.598884680393142,-1.2342080654570573,-2.5157423459479715,20.977356033460868,-3.4383293502489973,0.0,-0.5041397748204729,1.8177460000413124,0.0,-2.7335070892949833,0.4323497128560053,0.0,1.6212899085261354,10.250515559460139,9.32405062314584,60.43744301345164,69.76149363659748
13.38800000000114,7.23,3.757416064824032,2.5938463628337605,-1.192428673825615,-2.5225534395082057,20.801800346073552,-3.3730086884043073,0.0,-0.5096063067021925,1.818614479704001,0.0,-2.7329997467947686,0.43607350273959405,0.0,1.620005186843839,10.153044699196816,9.29804508555623,60.46329219922855,69.76133728478477
13.390000000001141,7.23,3.7550726933644127,2.588794552741482,-1.1510017474018424,-2.529235372560243,20.62491609571163,-3.3091691593516392,0.0,-0.5150716778475349,1.819490072803586,0.0,-2.7323474764445037,0.4394635632189651,0.0,1.6173300415264742,10.055686130549352,9.27229334940565,60.48888888670784,69.76118223611348
13.392000000001142,7.23,3.7528118211787977,2.583729505474062,-1.1099297926809297,-2.535791108776595,20.446853288226787,-3.246811999461812,0.0,-0.5205356050583105,1.8203721142963407,0.0,-2.731556909725058,0.44252234046590905,0.0,1.6133128686188902,9.958493641664582,9.24680102444171,60.51422739202964,69.76102841647135
13.394000000001142,7.23,3.7506327360647744,2.578651470460117,-1.069215019936155,-2.542223613290369,20.26775812349076,-3.1859374407358088,0.0,-0.5259978182425713,1.8212599442130917,0.0,-2.730634521048706,0.4452524607990562,0.0,1.6080018605056892,9.861518524406296,9.221573758759536,60.53930199443627,69.7608757531958
13.396000000001143,7.23,3.7485347216891998,2.573560691198178,-1.0288593509233894,-2.5485358507334603,20.087772905340316,-3.1265447576933383,0.0,-0.531458060098625,1.8221529080074386,0.0,-2.7295866259896684,0.447656718658861,0.0,1.6014449188655941,9.764809619948522,9.196617232939618,60.56410694214189,69.7607241750815
13.398000000001144,7.23,3.7465170581573903,2.5684574052595788,-0.9888644267509417,-2.554730783368221,19.907035966187532,-3.068632313944636,0.0,-0.5369160857959697,1.8230503568802328,0.0,-2.7284193799667817,0.44973806490621604,0.0,1.5936895737570975,9.668413367671262,9.171937154427532,60.58863645795759,69.76057361238512
13.400000000001144,7.23,3.7445790225664317,2.5633418442949853,-0.9492316158860523,-2.5608113693118613,19.72568160565034,-3.0121976083287825,0.0,-0.5423716626540186,1.8239516480810023,0.0,-2.727138777351825,0.4514995954568214,0.0,1.584782908692537,9.572373856962084,9.147539252152482,60.61288474467509,69.76042399682757
13.402000000001145,7.23,3.7427198895423603,2.5582142340443847,-0.9099620222706561,-2.566780560852602,19.543840042543277,-2.9572373205128333,0.0,-0.5478245698194489,1.8248561451869758,0.0,-2.7257506509775222,0.4529445402614112,0.0,1.574771491542253,9.476732881546196,9.123429271382438,60.63684599021138,69.76027526159382
13.404000000001146,7.23,3.740938931761027,2.5530747943503522,-0.8710564935203627,-2.572641302856407,19.361637379555113,-2.9037473559544535,0.0,-0.5532745979429465,1.8257632183604282,0.0,-2.7242606720195615,0.45407625263992507,0.0,1.5637013110968006,9.381529995986144,9.099612968812005,60.66051437251848,69.76012734133049
13.406000000001146,7.23,3.7392354204525,2.5479237391744136,-0.8325156291819603,-2.578396531262927,19.179195579935186,-2.851722890140911,0.0,-0.5587215488560637,1.826672244585053,0.0,-2.722674350227593,0.45489819897586,0.0,1.5516177191037592,9.286802574012018,9.076096107879486,60.68388406426172,69.75998017214121
13.408000000001147,7.23,3.737608625888914,2.54276127661633,-0.7943397890261066,-2.5840491716691365,18.99663245550614,-2.801158412026057,0.0,-0.5641652352488702,1.8275826078820834,0.0,-2.7209970344807486,0.4554139487753597,0.0,1.538565377586449,9.19258586836238,9.052884454309002,60.70694923727093,69.75983369157993
13.410000000001148,7.23,3.736057817855717,2.5375876089361262,-0.7565291013532354,-2.5896021379989786,18.814061665322853,-2.752047766595438,0.0,-0.5696054803490191,1.828493699506902,0.0,-2.719233913643857,0.45562716509393597,0.0,1.524588211244069,9.09891307183535,9.029983771873116,60.72970406676917,69.7596878386423
13.412000000001148,7.23,3.734582266106309,2.5324029325786976,-0.7190834712920628,-2.5950583312572215,18.631592724301598,-2.7043841964982103,0.0,-0.5750421176028065,1.8294049181268741,0.0,-2.717390017701314,0.45554159533226113,0.0,1.5097293647270815,9.00581537926879,9.007399818371304,60.75214273538377,69.75954255375507
13.414000000001149,7.23,3.733181240800108,2.5272074382008265,-0.6820025890714232,-2.6004206383655952,18.449331021151615,-2.658160382692427,0.0,-0.5804749903587607,1.8303156699811387,0.0,-2.7154702191462725,0.4551610624010613,0.0,1.4940311645772963,8.91332205018733,8.985138341819265,60.774259436944966,69.75939777876422
13.41600000000115,7.23,3.7318540129241136,2.5220013107004435,-0.645285938247487,-2.6056919310791975,18.267377844951916,-2.6133684840578075,0.0,-0.5859039515542405,1.8312253690230968,0.0,-2.7134792346036543,0.4544894562538738,0.0,1.4775350856193457,8.821460471872616,8.963205076843881,60.796048380077096,69.75925345692097
13.41800000000115,7.23,3.7305998546980743,2.51678472924798,-0.6089328038697199,-2.610875064981058,18.085830419729206,-2.570000175937141,0.0,-0.5913288634055038,1.8321334370463367,0.0,-2.711421626666284,0.45353072578531534,0.0,1.460281721588955,8.73025622263136,8.941605741278345,60.817503791588265,69.7591095328666
13.420000000001151,7.23,3.7294180399633987,2.511557867319655,-0.5729422805702087,-2.615972878552686,17.904781946408377,-2.5280466875744443,0.0,-0.5967495971016407,1.8330393037947137,0.0,-2.709301805924334,0.45228887109138616,0.0,1.442310759783003,8.639733135053495,8.920346032952134,60.83861991966381,69.75896595261595
13.422000000001152,7.23,3.7283078445559745,2.5063208927325444,-0.5373132805622259,-2.620988192318371,17.724321651524214,-2.4874988384242567,0.0,-0.6021660325027433,1.8339424070573094,0.0,-2.7071240331690847,0.4507679360874252,0.0,1.4236609595174212,8.549913359069738,8.899431626669992,60.85939103686941,69.7588226635394
13.424000000001152,7.23,3.7272685466630935,2.501073967681292,-0.5020445415351052,-2.6259238080609557,17.544534842101832,-2.448347073312236,0.0,-0.6075780578426413,1.8348421927489824,0.0,-2.7048924217529278,0.44897200147846855,0.0,1.404370134180894,8.460817424634477,8.878868171374314,60.87981144296963,69.75867961434395
13.426000000001153,7.23,3.726299427164699,2.495817248776319,-0.46713463443366576,-2.630782508106768,17.365502966133768,-2.4105814964331134,0.0,-0.6129855694365058,1.8357381149772047,0.0,-2.7026109400883627,0.44690517807600677,0.0,1.3844751366751369,8.372464303875647,8.858661287485088,60.899875467567966,69.75853675505306
13.428000000001154,7.23,3.7253997699592016,2.490550887083396,-0.43258197111154695,-2.6355670546773804,17.187303678102822,-2.3741919041768127,0.0,-0.6183884713935657,1.8366296360958743,0.0,-2.7002834142696743,0.44457160045440713,0.0,1.364011848035971,8.284871472568549,8.83881656441152,60.91957747257401,69.75839403698554
13.430000000001154,7.23,3.7245688622741184,2.4852750281644473,-0.39838481184889474,-2.6402801893058436,17.01001090902205,-2.339167816778654,0.0,-0.6237866753351866,1.8375162267467742,0.0,-2.6979135308017774,0.4419754209397804,0.0,1.343015169034029,8.198054970804874,8.819339558229613,60.93891185450404,69.75825141273366
13.432000000001155,7.23,3.7238059949618227,2.4799898121194595,-0.36454127272587394,-2.6449246323150466,16.833694940486403,-2.305498508793821,0.0,-0.629180100118498,1.8383973658893336,0.0,-2.6955048394216345,0.4391208039234441,0.0,1.3215190145584441,8.112029462742147,8.800235789519675,60.95787304662065,69.75810883614032
13.434000000001156,7.23,3.7231104627806966,2.4746953736293724,-0.3310493328444699,-2.6495030823558516,16.658422482253506,-2.273173038400169,0.0,-0.6345686715657445,1.8392725408193367,0.0,-2.693060755998468,0.43601192049178406,0.0,1.2995563105925454,8.026808295331659,8.781510741358106,60.9764555209176,69.7579662622757
13.436000000001156,7.23,3.722481564661996,2.4693918419998386,-0.297906841391984,-2.654018216002671,16.484256752895135,-2.242180275537445,0.0,-0.6399523221995083,1.8401412471771978,0.0,-2.690584565499803,0.4326529433638965,0.0,1.277158993596241,7.942403555935352,8.76316985745748,60.99465378995555,69.75782364741303
13.438000000001157,7.23,3.721918603962754,2.4640793412057334,-0.2651115245405199,-2.6584726874041658,16.311257563084474,-2.2125089288939996,0.0,-0.6453309909839138,1.8410029889464132,0.0,-2.6880794250112405,0.4290480421281039,0.0,1.2543580121159863,7.858826128753751,8.745218540449324,61.01246240855471,69.75768094900404
13.440000000001158,7.23,3.721420888705052,2.4587579899363123,-0.23266099217760455,-2.662869127986779,16.139481401108103,-2.1841475717553696,0.0,-0.6507046230719226,1.841857278442776,0.0,-2.6855483667985802,0.42520137876822683,0.0,1.231183330449767,7.776085749997759,8.72766215030387,61.02987597534995,69.75753812565382
13.442000000001158,7.23,3.720987731802,2.4534279016409086,-0.2005527444638854,-2.667210146208841,15.968981520215225,-2.1570846667315253,0.0,-0.6560731695587817,1.8427036362949292,0.0,-2.6829943014017297,0.4211171034702422,0.0,1.2076639342010167,7.6941910617474685,8.710506002881091,61.04688913421418,69.75739513709527
13.444000000001159,7.23,3.7206184512707825,2.448089184575076,-0.16878417821459737,-2.671498327363023,15.799808027440166,-2.131308589382342,0.0,-0.6614365872416849,1.8435415914168023,0.0,-2.680420020750555,0.41679935069989427,0.0,1.1838278375623963,7.613149664450491,8.693755368607649,61.0634965755557,69.75725194416336
13.44600000000116,7.23,3.720312370433114,2.4427419418470784,-0.13735259310219813,-2.675736233424961,15.632007973556929,-2.106807650762776,0.0,-0.666794838385679,1.844370680972462,0.0,-2.677828201293554,0.4122522355416763,0.0,1.1597020921771253,7.532968168021243,8.677415471274209,61.07969303749449,69.75710850876871
13.44800000000116,7.23,3.720068818103474,2.4373862714646384,-0.10625519767822975,-2.679926402945904,15.465625443847165,-2.0835701189109352,0.0,-0.6721478904958347,1.8451904503339058,0.0,-2.675221407130899,0.4074798502896292,0.0,1.1353127974327282,7.453652241510605,8.661491486947876,61.095473306923665,69.75696479387155
13.450000000001161,7.23,3.719887128765478,2.432022266381858,-0.07548911521307997,-2.684071350987307,15.300701649385124,-2.061584239304476,0.0,-0.6774957160956806,1.8460004530322665,0.0,-2.672602093144097,0.40248626128031006,0.0,1.1106851120488004,7.375206661323192,8.645988542994566,61.11083222046038,69.75682076345495
13.452000000001162,7.23,3.719766642736752,2.426650014546231,-0.045051389352888355,-2.688173569095325,15.137275018564024,-2.0408382543113373,0.0,-0.6828382925118881,1.8468002507029273,0.0,-2.669972608115089,0.3972755059584115,0.0,1.085843266827617,7.297635357966012,8.630911717206136,61.125764665292195,69.75667638249833
13.454000000001162,7.23,3.719706706322679,2.4212695989456665,-0.014938989593371782,-2.6922355253132233,14.975381288609569,-2.0213204216626153,0.0,-0.6881756016651751,1.847589413024993,0.0,-2.6673351978282787,0.39185159016549626,0.0,1.0608105784430906,7.220941461319049,8.616266037027422,61.140265579923266,69.7565316169507
13.456000000001163,7.23,3.7197066719593743,2.4158810976554532,0.014851183429166626,-2.696259664229785,14.815053596845884,-2.0030190319763235,0.0,-0.6935076298673958,1.8483675176555439,0.0,-2.6646920081495082,0.38621848564246675,0.0,1.0356094641505462,7.14512734442384,8.602056478878334,61.15432995482551,69.75638643370385
13.458000000001164,7.23,3.719765898346269,2.4104845838850903,0.0443222928289318,-2.7002484070618364,14.656322571498547,-1.9859224253610792,0.0,-0.6988343676247603,1.8491341501591112,0.0,-2.6620450880765665,0.3803801277364887,0.0,1.0102614573064064,7.070194665791449,8.5882879675663,61.16795283299956,69.75624080056586
13.460000000001164,7.23,3.7198837505686515,2.405080126024922,0.07347756054270857,-2.704204151769088,14.499216421837977,-1.9700190071299821,0.0,-0.7041558094471192,1.8498889039327608,0.0,-2.6593963927563125,0.3743404133031965,0.0,0.984787223593331,6.996144410236044,8.574965375784402,61.181129310449876,69.75609468623428
13.462000000001165,7.23,3.7200596002105333,2.3996677876925117,0.10232026258140965,-2.708129273199535,14.34376102748393,-1.9552972626551264,0.0,-0.7094719536632488,1.8506313801271652,0.0,-2.6567477864640434,0.36810319879525344,0.0,0.9592065778529553,6.922976928244638,8.562093523691015,61.19385453657866,69.75594806026967
13.464000000001166,7.23,3.7202928254581993,2.3942476277786953,0.1308537244592571,-2.7120261232637395,14.189980026708872,-1.9417457713934552,0.0,-0.7147828022420535,1.8513611875640366,0.0,-2.654101045541117,0.36167229852844146,0.0,0.9335385014343357,6.850691973897233,8.54967717856647,61.20612371450282,69.75580089306929
13.466000000001166,7.23,3.720582811194788,2.3888197004932596,0.15908131679844617,-2.715897031136355,14.037894903594054,-1.9293532201150636,0.0,-0.7200883606195979,1.8520779426502572,0.0,-2.651457861287347,0.35505148311668655,0.0,0.9078011599723437,6.779288741355268,8.537721054542644,61.21793210129806,69.7556531558407
13.468000000001167,7.23,3.7209289490862587,2.3833840554101906,0.18700645110686345,-2.719744303483339,13.887525073907275,-1.9181084153648502,0.0,-0.7253886375318749,1.8527812692890482,0.0,-2.648819842805053,0.34824447806764963,0.0,0.8820119215160549,6.708765899939104,8.526229812401471,61.22927500817439,69.75550482057587
13.470000000001168,7.23,3.7213306376590802,2.3779407375124433,0.21463257572618388,-2.7235702247133484,13.738887969585871,-1.9080002951886676,0.0,-0.7306836448532139,1.8534707987884778,0.0,-2.6461885197920814,0.3412549625307044,0.0,0.8561873749327201,6.63912162781818,8.515208059438626,61.24014780058667,69.75535586002529
13.472000000001168,7.23,3.7217872823699882,2.3724897872361868,0.24196317194745223,-2.727377057251877,13.591999121722118,-1.8990179401547533,0.0,-0.7359733974402198,1.8541461697676138,0.0,-2.6435653452813987,0.33408656818937055,0.0,0.8303433485183093,6.570353644339528,8.504660349388436,61.250545898284045,69.75520624767248
13.474000000001169,7.23,3.7222982956681365,2.3670312405144767,0.26900175029106144,-2.7311670418367564,13.446872241960884,-1.891150583701071,0.0,-0.7412579129811371,1.854807028060599,0.0,-2.640951698325282,0.3267428782905062,0.0,0.8044949287507758,6.50245924102264,8.494591182406634,61.260464775301955,69.75505595770859
13.47600000000117,7.23,3.7228630970499696,2.3615651288203203,0.2957518469478727,-2.7349423978337026,13.303519302231763,-1.8843876218389104,0.0,-0.7465372118505259,1.8554530266189158,0.0,-2.6383488866223805,0.31922742680279576,0.0,0.7786564791270849,6.435435311250191,8.485005005107388,61.269899959900094,69.75490496500748
13.47800000000117,7.23,3.7234811131071375,2.3560914792090877,0.32221702037807776,-2.738705323570653,13.161950612749044,-1.8787186222427008,0.0,-0.751811316969132,1.8560838254120888,0.0,-2.6357581490862465,0.3115436976973238,0.0,0.7528416590297777,6.36927837868566,8.475906210651338,61.2788470344496,69.75475324510094
13.480000000001171,7.23,3.7241517775677613,2.3506103143602397,0.3484008480642814,-2.7424579966896903,13.022174898223408,-1.8741333327555323,0.0,-0.7570802536688361,1.8566990913270673,0.0,-2.633180658354187,0.3036951243432804,0.0,0.7270634425733228,6.3039846244500435,8.467299138881447,61.28730163527286,69.75460077415431
13.482000000001172,7.23,3.724874531331357,2.3451216526183325,0.3743069234151798,-2.7462025745154217,12.884199372239278,-1.870621689339334,0.0,-0.76234404956256,1.8572984980665077,0.0,-2.6306175232355584,0.29568508901206825,0.0,0.7013341373847113,6.239549913090868,8.459188076503589,61.295259452438856,69.75444752894245
13.484000000001172,7.23,3.725648822497714,2.3396255080332726,0.39993885281612734,-2.749941194438724,12.748029809760792,-1.8681738234983003,0.0,-0.7676027344190088,1.8578817260461684,0.0,-2.6280697910988264,0.2875169224833676,0.0,0.6756654032768549,6.175969817377375,8.451577257308962,61.302716229516946,69.7542934868259
13.486000000001173,7.23,3.7264741063900195,2.3341218903997873,0.42530025282282014,-2.7536759743148327,12.613670617737993,-1.8667800692033758,0.0,-0.7728563400421233,1.8584484622916113,0.0,-2.625538450196976,0.27919390374692055,0.0,0.6500682707770649,6.113239641956431,8.444470862435567,61.309667763292154,69.75413862572772
13.488000000001174,7.23,3.727349845572508,2.3286108052960874,0.45039474749427383,-2.757409012874804,12.481124903792596,-1.8664309693451349,0.0,-0.7781049001551238,1.858998400334399,0.0,-2.623024431930977,0.27071925979409095,0.0,0.6245531594765934,6.05135444590391,8.437873020665995,61.31610990344423,69.75398292411022
13.490000000001174,7.23,3.728275509862914,2.323092254121694,0.47522596586124094,-2.7611423901494345,12.350394542969989,-1.8671172817416675,0.0,-0.783348450289019,1.859531240107962,0.0,-2.6205286130512784,0.2620961654934649,0.0,0.5991298961705354,5.990309064206727,8.431787808759005,61.32203855219353,69.75382636095253
13.492000000001175,7.23,3.729250576339996,2.3175662341344037,0.49979753952619266,-2.7648781679047723,12.221480242550964,-1.8688299847275753,0.0,-0.7885870276754533,1.8600466878432913,0.0,-2.6180518177973964,0.25332774354500515,0.0,0.5738077327605846,5.930098128210606,8.426219251812478,61.32744966391576,69.75366891572824
13.494000000001176,7.23,3.7302745293463837,2.312032738486376,0.5241131003909824,-2.7686183900884074,12.094381604922367,-1.8715602823492514,0.0,-0.7938206711437732,1.8605444559646194,0.0,-2.615594819975829,0.24441706450752654,0.0,0.5485953638961791,5.870716085068663,8.42117132365531,61.33233924472813,69.75351056838345
13.496000000001176,7.23,3.7313468604870104,2.3064917562593132,0.5481762785083135,-2.7723650832857816,11.969097188512077,-1.8752996091912495,0.0,-0.7990494210221897,1.8610242629852225,0.0,-2.6131583449767053,0.2353671468944826,0.0,0.5235009443323402,5.812157216225781,8.416647947266151,61.336703352049184,69.75335129931534
13.498000000001177,7.23,3.7324670686233645,2.300943272498723,0.5719907000531498,-2.7761202571858012,11.845624566798197,-1.88003963485765,0.0,-0.8042733190429108,1.8614858334034765,0.0,-2.6107430717296207,0.22618095733326454,0.0,0.4985321059851053,5.7544156549733225,8.412652995216794,61.3405380941342,69.75319108935099
13.500000000001178,7.23,3.7336346598638044,2.2953872682472354,0.5955599854102296,-2.7798859050550875,11.723960385407334,-1.8857722681316234,0.0,-0.8094924082511256,1.8619288975992965,0.0,-2.608349634599306,0.2168614107834763,0.0,0.47369597466797736,5.697485403108539,8.409190290138206,61.34383962958846,69.75302991972666
13.502000000001178,7.23,3.7348491475501575,2.2898237205769694,0.6188877473738822,-2.7836640042202423,11.604100417320975,-1.892489660835914,0.0,-0.8147067329177204,1.8623531917310645,0.0,-2.6059786252217956,0.20741137080982608,0.0,0.4489991864950087,5.641360346732422,8.406263605207316,61.34660416686005,69.75286777206736
13.504000000001179,7.23,3.7361100522408313,2.2842526026209233,0.6419775894563826,-2.787456516557555,11.4860396162124,-1.9001842114160352,0.0,-0.8199163384556121,1.862758457633155,0.0,-2.603630594281897,0.19783364990551938,0.0,0.4244479039383192,5.586034271219297,8.403876664652696,61.34882796371425,69.75270462836694
13.50600000000118,7.23,3.737416901690645,2.2786738836033793,0.6648331043011327,-2.7912653889896157,11.369772167940482,-1.9088485682674314,0.0,-0.8251212713395694,1.863144442714154,0.0,-2.6013060532328414,0.18813100986221065,0.0,0.4000478315297445,5.531500875390922,8.40203314427748,61.3505073266909,69.75254047096838
13.50800000000118,7.23,3.738769230827589,2.27308752886931,0.6874578721970107,-2.7950925539883444,11.255291540229084,-1.9184756328271466,0.0,-0.8303215790294267,1.8635108998558627,0.0,-2.5990054759590198,0.17830616218281298,0.0,0.37580423119821393,5.47775378492709,8.400736671997809,61.351638610546864,69.75237528254468
13.510000000001181,7.23,3.7401665817267133,2.2674934999127707,0.7098554596902912,-2.798939930083985,11.142590530563849,-1.9290585624498997,0.0,-0.8355173098965588,1.8638575873131658,0.0,-2.5967293003828162,0.16836176853360812,0.0,0.351721937236027,5.424786565044192,8.399990828395282,61.35221821768453,69.75220904607981
13.512000000001182,7.23,3.7416085035813307,2.2618917544042696,0.7320294182906041,-2.802809422379649,11.031661312340253,-1.9405907730878145,0.0,-0.8407085131535221,1.8641842686148382,0.0,-2.5944779300165672,0.15830044123234782,0.0,0.32780537088887324,5.3725927324723415,8.39979914728201,61.352242597568356,69.75204174485037
13.514000000001182,7.23,3.743094552671727,2.2562822462171037,0.7539832832674712,-2.8067029230710436,10.922495479298787,-1.9530659417922898,0.0,-0.8458952387867377,1.8644907124653696,0.0,-2.5922517354607315,0.14812474376914447,0.0,0.3040585545657019,5.32116576676104,8.400165116276733,61.35170824613069,69.75187336240742
13.516000000001183,7.23,3.7446242923315496,2.2506649254526483,0.775720572534031,-2.8106223119710347,10.81508408828509,-1.966478009056275,0.0,-0.8510775374921247,1.8647766926478488,0.0,-2.5900510558493997,0.13783719135718342,0.0,0.280485125665979,5.270499120942515,8.401092177390868,61.3506117051678,69.75170388255867
13.518000000001184,7.23,3.7461972929120484,2.245039738464596,0.7972447856146414,-2.8145694570387536,10.709417700373951,-1.9808211810140404,0.0,-0.8562554606135682,1.8650419879279878,0.0,-2.587876200244273,0.12744025151043292,0.0,0.25708835002299973,5.220586231581033,8.402583727623124,61.348949561727906,69.75153328935103
13.520000000001184,7.23,3.747813131744334,2.23940662788213,0.8185594026931279,-2.8185462149129723,10.60548642039756,-1.9960899315154765,0.0,-0.8614290600841286,1.865286381959319,0.0,-2.585727448978304,0.11693634464569069,0.0,0.23387113496301787,5.1714205282358305,8.404643119561593,61.34671844749201,69.7513615670536
13.522000000001185,7.23,3.7494713930998085,2.23376553263203,0.839667883738527,-2.8225544314495172,10.503279934919426,-2.012279004091097,0.0,-0.8665983883698837,1.8655096631896235,0.0,-2.583605054950169,0.10632784470644413,0.0,0.21083604198089562,5.1229954423642585,8.407273661992138,61.34391503814871,69.75118870014084
13.524000000001186,7.23,3.7511716681489253,2.2281163879596955,0.8605736677052578,-2.8265959422625166,10.402787548695882,-2.0293834138234823,0.0,-0.8717634984163175,1.8657116247686232,0.0,-2.5815092448707864,0.0956170798062202,0.0,0.18798529903397404,5.075304415691159,8.41047862051217,61.34053605276406,69.75101467327623
13.526000000001186,7.23,3.7529135549184196,2.222459125449085,0.8812801718047402,-2.830672573269308,10.303998219668072,-2.0473984491404025,0.0,-0.8769244435971505,1.8658920644569794,0.0,-2.5794402204630917,0.08480633288916994,0.0,0.16532081245651492,5.028340908069467,8.414261218148738,61.33657825314739,69.75083947129613
13.528000000001187,7.23,3.75469665824715,2.2167936730415634,0.9017907908455631,-2.8347861412388684,10.206900592527449,-2.066319673544299,0.0,-0.8820812776655272,1.8660507845366294,0.0,-2.577398159616276,0.07389784240583774,0.0,0.14284417849792425,4.982098404856331,8.418624635980008,61.332038443213975,69.75066307919398
13.530000000001188,7.23,3.75652058974069,2.211119955053646,0.922108896639394,-2.8389384543436518,10.111483030898292,-2.086142927292455,0.0,-0.8872340547074644,1.8661875917224833,0.0,-2.5753832174957054,0.06289380300215541,0.0,0.12055669448852922,4.936570423828161,8.42357201375942,61.326913468345516,69.75048548210493
13.532000000001188,7.23,3.758384967724792,2.205437892193638,0.9422378374699057,-2.843131312714746,10.01773364818071,-2.10686432904156,0.0,-0.8923828290974771,1.8663022970755148,0.0,-2.57339552760975,0.05179636621982747,0.0,0.09845936963725625,4.89175052165724,8.429106450541536,61.32120021474897,69.75030666529051
13.534000000001189,7.23,3.760289417197849,2.199747401577157,0.9621809376220875,-2.8473665090002984,9.92564033709779,-2.1284802774701412,0.0,-0.8975276554562985,1.8663947159172625,0.0,-2.571435202834693,0.040607641206423795,0.0,0.07655293546612299,4.847632299971685,8.43523100530897,61.31489560881488,69.75012661412384
13.53600000000119,7.23,3.7622335697824782,2.194048396741542,0.9819414969693893,-2.851645828927172,9.835190797990295,-2.150987452891834,0.0,-0.9026685886106046,1.866464667745757,0.0,-2.5695023363989584,0.029329695433568392,0.0,0.05483785588682038,4.804209411019821,8.441948697599663,61.3079966164754,69.74994531407506
13.53800000000119,7.23,3.76421706367633,2.1883407876591265,1.0015227906162407,-2.8559710518658323,9.74637256590218,-2.174382818872071,0.0,-0.9078056835546721,1.8665119761528959,0.0,-2.5675970028278035,0.017964555421751183,0.0,0.03331433692510441,4.761475562959158,8.44926250813377,61.300500242563075,69.74976275069685
13.540000000001191,7.23,3.766239543602235,2.1826244807493884,1.020928068593566,-2.860343951398477,9.65917303649989,-2.198663623860554,0.0,-0.9129389954138818,1.8665364687432655,0.0,-2.5657192588496907,0.006514207470360467,0.0,0.011982336098989113,4.719424524789513,8.45717537943975,61.292403530170716,69.74957890961046
13.542000000001192,7.23,3.7683006607577973,2.176899378889952,1.0401605556050078,-2.8647662958904627,9.573579490867925,-2.2238274028513256,0.0,-0.9180685794100019,1.866537977054437,0.0,-2.5638691442654435,-0.005019401608304108,0.0,-0.009158428542865305,4.678050130948926,8.465690216478798,61.283703560013066,69.74939377649187
13.544000000001192,7.23,3.770400072764527,2.17116538142645,1.0592234508216538,-2.869239849065082,9.489579119222826,-2.249871979082184,0.0,-0.9231944908281742,1.8665163364787305,0.0,-2.5620466827813724,-0.016634363752267733,0.0,-0.03010846971609291,4.6373462855904535,8.474809887267433,61.274397449790754,69.74920733705818
13.546000000001193,7.23,3.772537443616606,2.165422384181229,1.0781199277231437,-2.873766370581795,9.407159043587232,-2.2767954657848866,0.0,-0.9283167849855244,1.8664713861864457,0.0,-2.560251882807463,-0.028328808911470882,0.0,-0.05086852252215016,4.59730696655706,8.484537223497476,61.2644823535568,69.74901957705427
13.548000000001194,7.23,3.774712443629386,2.159670279460895,1.0968531339831187,-2.878347616618014,9.326306339464788,-2.3045962679970504,0.0,-0.9334355172013427,1.8664029690505823,0.0,-2.558484738221737,-0.04010090430868729,0.0,-0.07143953638944875,4.5579262290712235,8.494875021153144,61.253955461086505,69.74883048223965
13.550000000001194,7.23,3.776924749387697,2.153908956062695,1.115426191397056,-2.8829853404545918,9.247008056556524,-2.3332730844468808,0.0,-0.9385507427687552,1.8663109315730324,0.0,-2.5567452291018475,-0.05194885370075275,0.0,-0.09182266732715312,4.519198209155152,8.505826041124728,61.24281399725078,69.7486400383755
13.552000000001195,7.23,3.7791740436940504,2.148138299279719,1.1338421958506104,-2.887681293065152,9.169251238558237,-2.362824909521307,0.0,-0.94366251692783,1.8661951238122507,0.0,-2.555033322424994,-0.06387089664095097,0.0,-0.1120192704845011,4.4811171267968835,8.517393009818615,61.23105522139343,69.74844823121205
13.554000000001196,7.23,3.7814600155168234,2.1423581909049236,1.152104217326664,-2.892437223709454,9.093022942077956,-2.3932510353281016,0.0,-0.9487708948400492,1.8660553993123967,0.0,-2.553348972737149,-0.0758653077433456,0.0,-0.13203089300847537,4.443677288876865,8.529578619763145,61.218676426712825,69.74825504647598
13.556000000001196,7.23,3.783782359938489,2.1365685092339617,1.1702152999493627,-2.897254880530984,9.018310254711807,-2.4245510538623654,0.0,-0.9538759315640915,1.8658916150339477,0.0,-2.55169212279264,-0.08793039594978203,0.0,-0.1518592671926253,4.4068730918690395,8.542385530210073,61.20567493964794,69.74806046985802
13.558000000001197,7.23,3.7861407781039738,2.130769129066814,1.1881784620634952,-2.902136011158987,8.945100312315697,-2.4567248592876094,0.0,-0.9589776820328639,1.8657036312857735,0.0,-2.550062704165044,-0.10006450380022813,0.0,-0.17150630390985008,4.370699024329815,8.555816367731389,61.19204811926949,69.74786448700087
13.560000000001198,7.23,3.788534977169205,2.1249599217082125,1.205996696347641,-2.907082363315193,8.873380315509747,-2.489772650341645,0.0,-0.9640762010317305,1.8654913116586656,0.0,-2.548460637830366,-0.11226600670703962,0.0,-0.19097408632192892,4.335149669187765,8.569873726811116,61.17779335667602,69.74766708348713
13.562000000001198,7.23,3.7909646702499202,2.119140754966843,1.22367296995959,-2.9120956854254785,8.803137545451355,-2.5236949328772935,0.0,-0.9691715431778736,1.8652545229603168,0.0,-2.5468858347234207,-0.12453331223370895,0.0,-0.21026486385867552,4.300219705846331,8.584560170431917,61.16290807439553,69.74746824482745
13.564000000001199,7.23,3.7934295763707966,2.1133114931533226,1.2412102247126078,-2.9171777272367603,8.734359378912142,-2.558492522548031,0.0,-0.9742637629007502,1.8649931351517353,0.0,-2.5453381962683386,-0.1368648593785644,0.0,-0.22938104645958116,4.265903912111252,8.599878230656298,61.147389725792415,69.74726795644871
13.5660000000012,7.23,3.7959294204149616,2.107471997076935,1.2586113772811849,-2.922330240439409,8.667033302693287,-2.594166547648566,0.0,-0.9793529144235789,1.8647070212850836,0.0,-2.543817614884062,-0.14925911786388008,0.0,-0.24832519907096107,4.2321971659539654,8.615830409202218,61.13123579448031,69.74706620368252
13.5680000000012,7.23,3.7984639330739456,2.101622124041117,1.2758793194349858,-2.9275549792955093,8.601146927412781,-2.6307184521202656,0.0,-0.9844390517458141,1.8643960574429421,0.0,-2.542323974465683,-0.16171458743076256,0.0,-0.26710003639162505,4.199094447121657,8.632419178012817,61.11444379374083,69.74686297175364
13.570000000001201,7.23,3.801032850798129,2.09576172783768,1.2930169182997706,-2.9328537012733036,8.536688000697584,-2.6681499987315815,0.0,-0.9895222286265615,1.8640601226789708,0.0,-2.5408571508424775,-0.17422979714018155,0.0,-0.28570841786027334,4.1665908386043,8.649646979820405,61.09701126594838,69.74665824576878
13.572000000001202,7.23,3.803635915747737,2.089890658739761,1.3100270166441323,-2.93822816768818,8.47364441981276,-2.706463272443599,0.0,-0.9946024985688846,1.8636990989599587,0.0,-2.539417012213385,-0.1868033046804276,0.0,-0.30415334287785917,4.134681527968343,8.667516228704127,61.07893578200087,69.746452010705
13.574000000001202,7.23,3.806272875744432,2.084008763493479,1.3269124331909572,-2.943680144350585,8.412004243758973,-2.74566068397073,0.0,-0.9996799148049627,1.8633128711092604,0.0,-2.53800341956077,-0.19943369568126734,0.0,-0.3224379462583309,4.1033618085665475,8.686029310641711,61.0602149407571,69.7462442513988
13.576000000001203,7.23,3.8089434842235534,2.078115885308291,1.3436759629525719,-2.949211402221261,8.351755704868848,-2.7857449735469126,0.0,-1.0047545302820513,1.8629013267515937,0.0,-2.5366162270431607,-0.2121195830350135,0.0,-0.3405654939012696,4.072627080632778,8.705188584054735,61.040846368480175,69.74603495253491
13.578000000001204,7.23,3.811647500187052,2.0722118638460314,1.360320377588609,-2.9548237180742314,8.292887219932217,-2.826719214907811,0.0,-1.0098263976492148,1.862464356259184,0.0,-2.53525528236772,-0.22485960622470264,0.0,-0.3585393786800999,4.042472852270359,8.724996380347624,61.02082771828748,69.7458240986351
13.580000000001204,7.23,3.814384688157159,2.0662965352086142,1.3768484257856757,-2.9605188751679723,8.235387400879345,-2.8685868194993844,0.0,-1.0148955692447752,1.8620018526992532,0.0,-2.5339204271431335,-0.2376524306595318,0.0,-0.3763631165396841,4.012894740342127,8.745455004440226,61.000156669607165,69.7456116740474
13.582000000001205,7.23,3.8171548181308377,2.0603697319243865,1.3932628336579704,-2.9662986639252407,8.179245065050578,-2.911351540923767,0.0,-1.0199620970844547,1.8615137117828215,0.0,-2.5326114972135896,-0.2504967470176782,0.0,-0.3940403427972687,3.983888471269923,8.766566735293871,60.978830927641035,69.7453976629349
13.584000000001206,7.23,3.819957665535058,2.0544312829331117,1.4095663051680483,-2.972164882622037,8.124449245080317,-2.955017479633293,0.0,-1.0250260328501648,1.8609998318148253,0.0,-2.531328322974497,-0.26339127059658923,0.0,-0.4115748086409037,3.9554498817510146,8.788333826430947,60.95684822283411,69.74518204926505
13.586000000001206,7.23,3.8227930111829265,2.048481013569567,1.4257615225669924,-2.978119338086216,8.070989198422374,-2.9995890878839733,0.0,-1.030087427879412,1.8604601136455168,0.0,-2.53007072967056,-0.2763347406708149,0.0,-0.4289703778196343,3.927574919398488,8.81075850644788,60.93420631035066,69.74496481679854
13.588000000001207,7.23,3.825660641230723,2.0425187455457325,1.4418511468532986,-2.9841638464062696,8.01885441654336,-3.045071174959807,0.0,-1.0351463331552755,1.8598944606231484,0.0,-2.5288385376768154,-0.28932591985741973,0.0,-0.44623102351991933,3.9002596433124332,8.833842979521624,60.91090296955685,69.74474594907848
13.590000000001208,7.23,3.8285603471358667,2.0365442969315515,1.457837818249837,-2.9903002336508457,7.968034633809923,-3.091468912679753,0.0,-1.0402027992969394,1.8593027785479204,0.0,-2.5276315627631973,-0.30236359348897396,0.0,-0.4633608254228831,3.873500224588369,8.857589425909506,60.88693600351008,69.74452542941958
13.592000000001208,7.23,3.831491925615858,2.0305574821342423,1.473724156698303,-2.996530336599567,7.918519836095365,-3.1387878411995676,0.0,-1.0452568765507324,1.8586849756271608,0.0,-2.5264496163431787,-0.3154465689941455,0.0,-0.4803639669372458,3.847292946769112,8.882000002442595,60.8623032384545,69.7443032408971
13.59400000000121,7.23,3.834455178608224,2.0245581118761344,1.4895127623706221,-3.002856003485761,7.870300269130375,-3.1870338751208007,0.0,-1.0503086147816507,1.8580409624317547,0.0,-2.525292505707024,-0.3285736752858221,0.0,-0.4972447326028482,3.821634206246006,8.907076843012444,60.837002523323505,69.74407936633595
13.59600000000121,7.23,3.837449913231504,2.0185459931710095,1.5052062161968196,-3.009279094751729,7.82336644662221,-3.2362133099199424,0.0,-1.055358063465331,1.8573706518537794,0.0,-2.524160034240144,-0.3417437621567455,0.0,-0.514007505659971,3.7965205126151673,8.932822059051375,60.81103172924837,69.74385378829975
13.59800000000121,7.23,3.8404759417473087,2.0125209292989155,1.520807080408918,-3.015801483817198,7.777709158166293,-3.286332828711082,0.0,-1.0604052716804513,1.856673959065342,0.0,-2.5230520016270375,-0.35495569968255897,0.0,-0.5306567657797349,3.771948488994151,8.95923774000624,60.78438874907356,69.7436264890798
13.600000000001211,7.23,3.843533081523479,2.0064827197794335,1.5363178991004693,-3.02242505786165,7.733319476973548,-3.3373995093557123,0.0,-1.0654502881015162,1.855950801478603,0.0,-2.521968204041292,-0.3682083776322075,0.0,-0.547197086951133,3.747914872304265,8.986325953805798,60.757071496878126,69.74339745068393
13.602000000001212,7.23,3.846621154998382,2.0004311603433624,1.551741198801377,-3.029151718621224,7.69018876743648,-3.3894208319340438,0.0,-1.070493160992017,1.8552010987069776,0.0,-2.5209084343220316,-0.3815007048855455,0.0,-0.5636331355203198,3.72441651352341,9.014088747321582,60.729077907503836,69.74316665482542
13.604000000001212,7.23,3.8497399896463715,1.9943660429027976,1.567079489067707,-3.0359833832009393,7.6483086925567,-3.44240468659265,0.0,-1.0755339381979285,1.8544247725274858,0.0,-2.519872482137296,-0.3948316088580656,0.0,-0.579969668378076,3.701450377914322,9.042528146822571,60.70040593608917,69.74293408291175
13.606000000001213,7.23,3.8528894179444424,1.9882871555195658,1.5823352630862357,-3.0429219849029994,7.6076712212561475,-3.496359381783804,0.0,-1.0805726671415177,1.8536217468442548,0.0,-2.518860134134672,-0.4082000349325802,0.0,-0.5962115312914469,3.6790135452326704,9.071646158423453,60.67105355760977,69.74269971603321
13.608000000001214,7.23,3.8560692773401084,1.9821942823719894,1.5975109982935198,-3.0499694740719807,7.568268635593949,-3.551293652912556,0.0,-1.0856093948154437,1.852791947653143,0.0,-2.517871174079594,-0.421604945897727,0.0,-0.6123636573758096,3.657103209919474,9.101444768526768,60.64101876642482,69.74246353495158
13.610000000001214,7.23,3.859279410220532,1.976087203719942,1.612609157009326,-3.057127818957739,7.530093537910732,-3.607216671408205,0.0,-1.0906441677771248,1.8519353030074883,0.0,-2.516905382981644,-0.4350453213930953,0.0,-0.6284310657037151,3.6357166812820143,9.13192594425888,60.610299575829615,69.7422255200885
13.612000000001215,7.23,3.8625196638829387,1.969965695868159,1.6276321870842934,-3.064399006596893,7.493138857921802,-3.664138054237605,0.0,-1.0956770321433387,1.8510517429849531,0.0,-2.515962539209182,-0.448520157360836,0.0,-0.644418860047143,3.614851383667307,9.163091633899883,60.578894017613834,69.74198565151372
13.614000000001216,7.23,3.865789890506335,1.963829531127767,1.6425825225617492,-3.071785043713799,7.457397859780502,-3.722067873878419,0.0,-1.100708033585048,1.8501411996554618,0.0,-2.515042418592612,-0.46202846550352406,0.0,-0.6603322277498633,3.594504856632035,9.194943767307572,60.54680014162575,69.74174390893333
13.616000000001216,7.23,3.8690899471245688,1.9576784777759895,1.657462584353639,-3.0792879576419376,7.422864149132887,-3.7810166687712554,0.0,-1.1057372173224191,1.8492036070502205,0.0,-2.514144794516583,-0.4755692727480741,0.0,-0.6761764387268467,3.5746747551127345,9.227484256335474,60.51401601534238,69.74150027167785
13.618000000001217,7.23,3.872419695600755,1.9515123000139905,1.6722747809305754,-3.08690979726671,7.389531680184783,-3.8409954542705647,0.0,-1.1107646281200112,1.8482389011317966,0.0,-2.5132694380013767,-0.48914162071551154,0.0,-0.6919568445878442,3.5553588495998296,9.260714995245168,60.48053972344475,69.74125471868992
13.620000000001218,7.23,3.8757790026030947,1.9453307579228087,1.68702150902605,-3.094652633990644,7.357394762802161,-3.9020157341149733,0.0,-1.1157903102821218,1.8472470197652575,0.0,-2.512416117773739,-0.502744565196335,0.0,-0.7076788778823706,3.536555026319085,9.294637861112806,60.44636936739926,69.74100722851206
13.622000000001218,7.23,3.879167739582115,1.939133607417339,1.7017051543548982,-3.102518562722085,7.326448069665749,-3.96408951243878,0.0,-1.1208143076482637,1.846227902690349,0.0,-2.5115846003273816,-0.516377175631265,0.0,-0.7233480514635783,3.518261287423842,9.329254714230178,60.41150306504379,69.74075777927396
13.62400000000122,7.23,3.8825857827493637,1.9329206001983115,1.7163280923461428,-3.110509702888463,7.296686643500852,-4.027229306347234,0.0,-1.1258366635887471,1.8451814914947147,0.0,-2.510774649973366,-0.5300385345970868,0.0,-0.7389699579685958,3.5004757512014137,9.364567398500157,60.375938950179844,69.74050634868
13.62600000000122,7.23,3.8860330130575838,1.9266914837022182,1.7308926888903922,-3.1186281994753,7.268105904403456,-4.091448159079631,0.0,-1.1308574210003588,1.8441077295881305,0.0,-2.5099860288805447,-0.5437277372973631,0.0,-0.7545502694131591,3.4831966522967837,9.400577741826826,60.339675172169095,69.74025291399592
13.62800000000122,7.23,3.8895093161823935,1.9204460010491364,1.745401301102003,-3.1268762240921477,7.240701657283572,-4.156759653784944,0.0,-1.1358766223021117,1.8430065621777576,0.0,-2.509218497106251,-0.5574438910577149,0.0,-0.7700947368984667,3.4664223419568168,9.437287556500351,60.30270989553548,69.73999745203582
13.630000000001221,7.23,3.8930145825055105,1.914183890988391,1.759856278096266,-3.1352559760667136,7.214470099447334,-4.223177927936396,0.0,-1.1408943094310402,1.8418779362443993,0.0,-2.5084718126173726,-0.5711861148254004,0.0,-0.7856091904284002,3.4501512882980196,9.474698639576676,60.265041299571955,69.73973993914863
13.632000000001222,7.23,3.8965487070995426,1.9079048878419995,1.7742599617819106,-3.143769683568475,7.189407828339139,-4.2907176884124025,0.0,-1.1459105238380378,1.8407218005197556,0.0,-2.5077457313019367,-0.5849535386728952,0.0,-0.8010995388354027,3.4343820766008464,9.51281277325217,60.226667577952064,69.73948035120424
13.634000000001222,7.23,3.9001115897143817,1.901608721445839,1.7886146876692737,-3.1524196047631485,7.165511849465672,-4.359394227272778,0.0,-1.1509253064836982,1.8395381054646647,0.0,-2.507040006971333,-0.5987453033051645,0.0,-0.8165717698134762,3.41911340963351,9.551631725233335,60.18758693834617,69.7392186635795
13.636000000001223,7.23,3.9037031347652267,1.8952951170884729,1.8029227856945163,-3.1612080289994307,7.142779584523915,-4.4292234382606495,0.0,-1.1559386978341597,1.8383268032483282,0.0,-2.50635439135325,-0.6125605595703236,0.0,-0.8320319500569434,3.404344108008185,9.591157249101768,60.14779760204207,69.73895485114383
13.638000000001224,7.23,3.907323251322274,1.8889637954475702,1.817186581060318,-3.1701372780294936,7.121208879755397,-4.500221834061879,0.0,-1.1609507378569235,1.8370878477285126,0.0,-2.505688634075427,-0.6263984679733432,0.0,-0.8474862255037505,3.390073110572487,9.631391084674439,60.107297803570155,69.7386888882446
13.640000000001224,7.23,3.910971853102105,1.8826144725238483,1.8314083950935267,-3.1792097072647865,7.100798014549796,-4.572406564355746,0.0,-1.165961466016627,1.8358211944327198,0.0,-2.505042482640213,-0.6402581981924833,0.0,-0.8629408216823055,3.3762994748389725,9.672334958359308,60.066085790332586,69.7384207486919
13.642000000001225,7.23,3.9146488584608066,1.8762468595724686,1.8455905461202826,-3.188427707068759,7.081545710320989,-4.64579543469212,0.0,-1.1709709212707642,1.8345268005403206,0.0,-2.5044156823900483,-0.6541389285980985,0.0,-0.8784020441609696,3.3630223774555565,9.713990583506678,60.02415982223667,69.73815040574334
13.644000000001226,7.23,3.9183541903888606,1.8698606630318073,1.8597353503591876,-3.1977937040881947,7.063451139679557,-4.720406926232312,0.0,-1.1759791420653198,1.8332046248656515,0.0,-2.503807976463813,-0.668039845773452,0.0,-0.8938762790995046,3.350241114719561,9.756359660756129,59.98151817133207,69.7378778320882
13.646000000001226,7.23,3.922087776507836,1.8634555844495242,1.8738451228331365,-3.2073101626249243,7.046513935926256,-4.796260216392917,0.0,-1.1809861663303143,1.8318546278420633,0.0,-2.503219105744063,-0.6819601440371851,0.0,-0.9093699939019587,3.3379551031381434,9.799443878379309,59.93815912145175,69.73760299983105
13.648000000001227,7.23,3.9258495490689276,1.8570313204058457,1.887922178300477,-3.216979586049762,7.030734202891509,-4.873375200433694,0.0,-1.185992031475228,1.830476771506933,0.0,-2.502648808795129,-0.6958990249670414,0.0,-0.9248897379706102,3.32616388003793,9.843244912618719,59.894080967856716,69.73732588047544
13.650000000001228,7.23,3.9296394449533714,1.8505875624339763,1.9019688322062152,-3.2268045182605984,7.016112525147002,-4.951772514033247,0.0,-1.1909967743842984,1.829071019487615,0.0,-2.502096821792017,-0.7098556969244671,0.0,-0.940442143560796,3.3148671042265665,9.88776442802258,59.849282016884025,69.73704644490661
13.652000000001228,7.23,3.9334574056747895,1.844123996937548,1.9159874016540404,-3.236787545186672,7.0026499786160175,-5.031473556898124,0.0,-1.1960004314116603,1.8276373369883516,0.0,-2.501562878440047,-0.7238293745796749,0.0,-0.9560339267365898,3.3040645567089704,9.933004077775898,59.803760585598155,69.73676466337406
13.65400000000123,7.23,3.937303377383496,1.8376403051050134,1.929980206399991,-3.246931296341129,6.990348141610206,-5.112500517453859,0.0,-1.20100303837632,1.8261756907781306,0.0,-2.5010467098851215,-0.7378192784367517,0.0,-0.9716718884274883,3.2937561414610785,9.978965504027931,59.757515001445626,69.73648050547355
13.65600000000123,7.23,3.9411773108728143,1.8311361628208833,1.9439495698686438,-3.257238446424093,6.97920910632148,-5.194876398668912,0.0,-1.2060046305569376,1.8246860491794932,0.0,-2.500548044614532,-0.7518246343583777,0.0,-0.9873629155864198,3.28394188626391,10.025650338216115,59.710543601912434,69.73619394012854
13.65800000000123,7.23,3.9450791615874503,1.8246112405737058,1.9578978201927686,-3.2677117169785572,6.969235490798629,-5.278625045065343,0.0,-1.211005242686404,1.823168382058288,0.0,-2.500066608348137,-0.7658446730897184,0.0,-1.0031139824495938,3.2746219436007684,10.073060201386705,59.66284473418437,69.73590493557107
13.660000000001231,7.23,3.9490088896339675,1.8180652033606792,1.9718272912774446,-3.2783538781015333,6.9604304514396995,-5.3637711709730995,0.0,-1.2160049089461882,1.8216226608143897,0.0,-2.499602123919771,-0.7798786297809976,0.0,-1.018932151898825,3.265796591620498,10.121196704512089,59.614416754810165,69.73561345932225
13.662000000001232,7.23,3.952966459793418,1.8114977105887844,1.9857403238897047,-3.2891677502130023,6.952797696032134,-5.450340390087946,0.0,-1.2210036629604402,1.8200488583733643,0.0,-2.4991543111486676,-0.7939257435083091,0.0,-1.0348245769272342,3.2574662351696704,10.170061448805091,59.56525802936684,69.73531947817193
13.664000000001232,7.23,3.956951841536178,1.8049084159723199,1.9996392667748357,-3.3001562058853366,6.946341497374313,-5.538359246396496,0.0,-1.2260015377898221,1.818446949179098,0.0,-2.4987228867007123,-0.807985256792146,0.0,-1.0507985022093327,3.2496314068967442,10.219656026030322,59.51536693212757,69.73502295815788
13.666000000001233,7.23,3.960965009039044,1.7982969674267157,2.013526477800532,-3.3113221717359953,6.941066707513367,-5.627855246535284,0.0,-1.230998565925057,1.816816909187395,0.0,-2.4983075639392585,-0.8220564151131335,0.0,-1.0668612657767151,3.242292768431187,10.269982018812714,59.46474184573174,69.73472386454445
13.668000000001234,7.23,3.9650059412046446,1.7916630069584947,2.0274043251301714,-3.3226686303864295,6.936978772635951,-5.718856893654919,0.0,-1.235994779280165,1.8151587158605396,0.0,-2.4979080527652413,-0.8361384664244462,0.0,-1.0830203008007748,3.235451111640658,10.321041000943367,59.41338116085672,69.7344221618001
13.670000000001234,7.23,3.969074621683232,1.7850061705512488,2.0412751884265563,-3.334198622490285,6.934083748650138,-5.811393722864045,0.0,-1.2409902091853688,1.8134723481628483,0.0,-2.497524059446302,-0.8502306606603387,0.0,-1.0992831374840437,3.2291073599694835,10.372834537682964,59.36128327589188,69.73411781357484
13.672000000001235,7.23,3.9731710388969104,1.778326088047486,2.055141460087545,-3.3459152488341353,6.932388317498714,-5.905496338332651,0.0,-1.2459848863796479,1.8117577865571932,0.0,-2.497155286434573,-0.864332249240229,0.0,-1.115657405061952,3.2232625698616166,10.425364186062705,59.30844659661364,69.73381078267634
13.674000000001236,7.23,3.9772951860663692,1.771622383026201,2.0690055465150734,-3.3578216725141536,6.931899804245791,-6.001196452138364,0.0,-1.250978841002915,1.8100150130025439,0.0,-2.496801432172779,-0.878442484567715,0.0,-1.1321508339169895,3.21791793227146,10.478631495183121,59.254869535862696,69.73350103104582
13.676000000001237,7.23,3.981447061240189,1.764894672676013,2.0828698694191634,-3.3699211211922915,6.932626194981181,-6.09852692494485,0.0,-1.255972102587795,1.8082440109524942,0.0,-2.4964621908882383,-0.8925606195239312,0.0,-1.1487712578075049,3.2130747742659826,10.532638006510695,59.20055051322183,69.73318851973252
13.678000000001237,7.23,3.9856266673267937,1.7581425676637097,2.0967368671585924,-3.3822168894357234,6.9345761555888545,-6.197521808606148,0.0,-1.2609647000509772,1.8064447653548255,0.0,-2.4961372523743623,-0.9066859069545663,0.0,-1.16552661621352,3.208734560721686,10.587385254172661,59.14548795469528,69.73287320886794
13.680000000001238,7.23,3.9898340121291183,1.7513656719980237,2.110608996120006,-3.394712341143512,6.93775905142859,-6.298216390796775,0.0,-1.265956661684117,1.8046172626520907,0.0,-2.4958263017591387,-0.9208175991498865,0.0,-1.1824249568022063,3.2048988961200213,10.642874765249891,59.08968029238865,69.73255505763854
13.682000000001239,7.23,3.994069108382079,1.7445635828884676,2.124488732137351,-3.407410912064643,6.9421849679822865,-6.4006472417731075,0.0,-1.2709480151442663,1.8027614907832576,0.0,-2.4955290192601467,-0.9349549473170464,0.0,-1.1994744380158644,3.2015695264451063,10.699108060068257,59.03312596418995,69.7322340242582
13.68400000000124,7.23,3.9983319737929217,1.7377358905990359,2.1383785719536093,-3.4203161124118098,6.947864732519472,-6.5048522633780825,0.0,-1.2759387874437906,1.8008774391864066,0.0,-2.495245079925504,-0.9490972010439611,0.0,-1.2166833317854981,3.1987483411875677,10.75608665248841,58.975823413450726,69.73191006593913
13.68600000000124,7.23,4.002622631084538,1.730882178296581,2.152281034726929,-3.433431529575546,6.954809936839306,-6.610870740407997,0.0,-1.2809290049397668,1.7989650988025105,0.0,-2.4949741533601877,-0.9632436077539551,0.0,-1.2340600263732697,3.196437375458573,10.813812050194247,58.917771088667756,69.731583138862
13.68800000000124,7.23,4.006941108041842,1.7240020218936565,2.1661986635833705,-3.446760830943562,6.96303296114987,-6.718743394467281,0.0,-1.2859186933228028,1.7970244620803217,0.0,-2.494715903437061,-0.9773934121503971,0.0,-1.2516130293474195,3.194638812218206,10.872285754980165,58.85896744316486,69.73125319814503
13.690000000001241,7.23,4.011287437561297,1.7170949898856105,2.180134027218594,-3.4603077668303834,6.972546999148763,-6.82851244044505,0.0,-1.2909078776052765,1.7950555229823748,0.0,-2.494469987991952,-0.9915458556504689,0.0,-1.2693509706934423,3.1933549846225366,10.931509263037311,58.799410934774556,69.73092019781187
13.692000000001242,7.23,4.015661657703701,1.7101606431817082,2.194089721550972,-3.47407617352269,6.983366084373002,-6.940221645755442,0.0,-1.2958965821089428,1.7930582769921308,0.0,-2.4942360585020023,-1.0057001758071868,0.0,-1.2872826060655886,3.192588378493823,10.99148406523883,58.73910002551946,69.7305840907583
13.694000000001243,7.23,4.02006381175033,1.7031985349300407,2.2080683714287295,-3.4880699764460164,6.995505117889904,-7.053916392492283,0.0,-1.3008848304518783,1.7910327211223038,0.0,-2.4940137597465246,-1.0198556057187287,0.0,-1.305416820183001,3.1923416349185354,11.0522116474245,58.67803318129336,69.73024482871786
13.696000000001243,7.23,4.02449394826255,1.6962082103359748,2.222072632393867,-3.5022931934588133,7.008979897405302,-7.169643742658699,0.0,-1.3058726455347336,1.7889788539243594,0.0,-2.4938027294494916,-1.034011373424148,0.0,-1.323762630375165,3.1926175529780005,11.113693490684605,58.61620887154126,69.72990236222587
13.698000000001244,7.23,4.0289521211450205,1.6891892064738827,2.2361051925057858,-3.516749938280182,7.023807147869572,-7.287452506641472,0.0,-1.310860049526248,1.786896675499261,0.0,-2.4936025979027505,-1.0481667012843716,0.0,-1.3423291902814718,3.193419092616696,11.175931071643507,58.55362556893897,69.72955664058247
13.700000000001245,7.23,4.033438389712604,1.6821410520918767,2.2501687742276952,-3.5314444240579537,7.0400045536672895,-7.4073933151115785,0.0,-1.3158470638479935,1.7847861875094526,0.0,-2.493412987568974,-1.0623208053474735,0.0,-1.361125793710183,3.194749377653399,11.238925862742839,58.4902817490712,69.72920761181405
13.702000000001245,7.23,4.037952818761114,1.6750632674092607,2.2642661363790557,-3.546380967084153,7.057590792481336,-7.529518694543394,0.0,-1.320833709158301,1.78264739319213,0.0,-2.4932335126632768,-1.0764728946970639,0.0,-1.3801618786622591,3.196611698940567,11.302679332524521,58.426175890108496,69.72885522263302
13.704000000001246,7.23,4.042495478642037,1.6679553639063989,2.2784000761575065,-3.56156399066529,7.0765855709280086,-7.653883146557414,0.0,-1.3258200053353297,1.7804802973738427,0.0,-2.4930637787123993,-1.0906221707825863,0.0,-1.3994470315258716,3.199009517677638,11.367192945913848,58.36130647248261,69.72849941839645
13.706000000001247,7.23,4.0470664453413745,1.6608168441066808,2.292573431233917,-3.576998029155341,7.0970096620658305,-7.78054323130489,0.0,-1.3308059714592284,1.7782849064864457,0.0,-2.492903382090205,-1.104767826730293,0.0,-1.4189909914478018,3.2019464688840418,11.432468164502652,58.29567197856014,69.72814014306279
13.708000000001247,7.23,4.051665800562745,1.6536472013502523,2.3067890819244226,-3.592687732159733,7.118884944887136,-7.909557655126636,0.0,-1.3357916257933482,1.77606122858445,0.0,-2.4927519095282107,-1.1189090466335603,0.0,-1.4388036548882213,3.2054263650380315,11.498506446832842,58.22927089231405,69.72777733914688
13.710000000001248,7.23,4.056293631814916,1.6464459195591592,2.3210499534435205,-3.6086378689191236,7.142234445908695,-8.040987362733752,0.0,-1.3407769857644436,1.7738092733638167,0.0,-2.492608937599751,-1.13304500482114,0.0,-1.4588950803657248,3.2094531998876383,11.56530924868025,58.162101698992956,69.7274109476732
13.712000000001249,7.23,4.060950032503923,1.639212472993536,2.3353590182425488,-3.6248533328822847,7.1670823829848125,-8.174895634173861,0.0,-1.3457620679418199,1.771529052182239,0.0,-2.4924740321762693,-1.1471748651018483,0.0,-1.4792754933998664,3.2140311524403575,11.632878023339256,58.094162884788105,69.72704090812736
13.71400000000125,7.23,4.065635102029958,1.6319463259984528,2.349719298438123,-3.6413391464779337,7.193454211474911,-8.311348186864791,0.0,-1.3507468880153617,1.7692205780809585,0.0,-2.4923467478541514,-1.161297779984171,0.0,-1.4999552916588796,3.219164591138364,11.701214221907957,58.02545293649745,69.7266671584054
13.71600000000125,7.23,4.070348945889204,1.6246469327410087,2.3641338683353785,-3.6581004660959513,7.22137667290575,-8.450413282995452,0.0,-1.3557314607723827,1.766883865808162,0.0,-2.492226627350357,-1.1754128898690868,0.0,-1.5209450503206103,3.2248580782263927,11.770319293574376,57.95597034118679,69.72628963476117
13.71800000000125,7.23,4.075091675780823,1.6173137369372468,2.3786058570511552,-3.6751425872890304,7.250877846278135,-8.592161842614654,0.0,-1.3607158000732378,1.7645189318440369,0.0,-2.4921132008650155,-1.1895193222143576,0.0,-1.5422555276551448,3.231116374319653,11.840194685903553,57.88571358584788,69.72590827175144
13.720000000001251,7.23,4.079863409719284,1.6099461715684336,2.3931384512425735,-3.692470950206475,7.281987202177775,-8.73666756274975,0.0,-1.365699918825623,1.7621257944275135,0.0,-2.492005985409018,-1.2036161906684395,0.0,-1.5638976708380872,3.237944443179487,11.910841845125951,57.814681157052924,69.72552300217887
13.722000000001252,7.23,4.084664272152269,1.6025436585862294,2.4077348979467756,-3.7100911452725667,7.314735659860911,-8.884007042920832,0.0,-1.3706838289574939,1.759704473584772,0.0,-2.4919044840944493,-1.2177025941720454,0.0,-1.5858826220038853,3.245347456704685,11.982262216427014,57.74287154060524,69.72513375703225
13.724000000001253,7.23,4.089494394084369,1.5951056086062465,2.4223985075379644,-3.72800891912268,7.349155647496668,-9.034259917440686,0.0,-1.3756675413885264,1.757254991159594,0.0,-2.4918081853856178,-1.231777616025222,0.0,-1.6082217245490407,3.2533308001468164,12.054457244238252,57.67028322118634,69.72474046542459
13.726000000001253,7.23,4.094353913206816,1.587631420589466,2.4371326568082434,-3.746230180811128,7.38528116576096,-9.187508994918316,0.0,-1.3806510660000395,1.7547773708455987,0.0,-2.491716562308213,-1.245840322917762,0.0,-1.6309265296956377,3.261900077558118,12.127428372529867,57.59691468199833,69.72434305452819
13.728000000001254,7.23,4.099242974033509,1.5801204815109537,2.451940792179171,-3.7647610083055847,7.423147854989819,-9.343840405412521,0.0,-1.3856344116032904,1.7522716382204695,0.0,-2.4916290716139704,-1.2598897639205593,0.0,-1.6540088033260802,3.271061117480871,12.201177045105075,57.52276440440215,69.72394144950722
13.730000000001255,7.23,4.104161728043601,1.5725721660152894,2.4668264330513603,-3.7836076552838644,7.462793066114842,-9.503343755713397,0.0,-1.390617585906052,1.7497378207822347,0.0,-2.4915451528980213,-1.27392496943539,0.0,-1.6774805331004772,3.280819978887506,12.275704705896265,57.44783086755089,69.72353557344715
13.732000000001255,7.23,4.109110333830922,1.564985836058084,2.4817931752999325,-3.802776558249811,7.504255935618947,-9.666112293263632,0.0,-1.3956005954773785,1.7471759479876894,0.0,-2.4914642276658796,-1.2879449501004498,0.0,-1.701353935868744,3.291182957381001,12.35101279926305,57.372112548018016,69.72312534728107
13.734000000001256,7.23,4.114088957260559,1.5573608405329338,2.496844694924111,-3.822274343986125,7.547577464767423,-9.8322430792673,0.0,-1.4005834457104482,1.744586051293061,0.0,-2.4913856983468343,-1.3019486956487687,0.0,-1.7256414653899794,3.30215659166549,12.427102770292358,57.29560791942045,69.72271068971281
13.736000000001257,7.23,4.119097771632879,1.549696514883114,2.5119847518597798,-3.8421078373630793,7.5928006033876025,-10.00183717157378,0.0,-1.4055661407833773,1.7419681641969949,0.0,-2.4913089472502024,-1.315935173716497,0.0,-1.7503558203724359,3.313747670297302,12.503976065100822,57.21831545203578,69.7222915171366
13.738000000001257,7.23,4.12413695785537,1.5419921806972843,2.5272171939643906,-3.8622840695232976,7.639970338489976,-10.17499981796613,0.0,-1.4105486836178884,1.739322322285993,0.0,-2.491233335460692,-1.32990332859776,0.0,-1.7755099528478535,3.3259632387269926,12.581634131139165,57.140233612413965,69.72186774355313
13.740000000001258,7.23,4.129206704622608,1.534247145288428,2.542545961184214,-3.882810286464075,7.689133788044935,-10.351840660529572,0.0,-1.4155310758357034,1.7366485632823807,0.0,-2.4911582016687808,-1.3438520799426794,0.0,-1.8011170768948217,3.3388106066432686,12.660078417499093,57.06136086298238,69.72143928048148
13.742000000001259,7.23,4.13430720860477,1.5264607012552145,2.5579750899145783,-3.90369395804011,7.740340300251941,-10.532473951824445,0.0,-1.4205133177125298,1.7339469270949555,0.0,-2.491082860931774,-1.3577803213947872,0.0,-1.8271906777262805,3.352297355630039,12.73931037522257,56.98169566164495,69.72100603686752
13.74400000000126,7.23,4.139438674645056,1.5186321260249112,2.5735087175644367,-3.9249427874110348,7.793641558663114,-10.71701878364215,0.0,-1.425495408129494,1.731217455872409,0.0,-2.4910066033607614,-1.3716869191639423,0.0,-1.8537445211572139,3.366431347148067,12.819331457613545,56.90123646137401,69.72056791898756
13.74600000000126,7.23,4.144601315966468,1.510760681376937,2.589151087337358,-3.946564720959725,7.849091693549616,-10.90559932917973,0.0,-1.4304773445218708,1.728460194059681,0.0,-2.4909286927284287,-1.3855707105304638,0.0,-1.8807926634691527,3.3812207308530797,12.900143120552197,56.81998170979554,69.72012483034774
13.74800000000126,7.23,4.14979535438836,1.5028456129460845,2.6049065532418383,-3.968567958709126,7.906747399928493,-11.098345099531485,0.0,-1.435459122824951,1.7256751884573744,0.0,-2.490848364992199,-1.3994305022759619,0.0,-1.9083494616889514,3.3966739532623924,12.981746822811695,56.737929848766825,69.71967667157853
13.750000000001261,7.23,4.155021020553266,1.4948861497043855,2.620779585344696,-3.9909609652671683,7.966668062698702,-11.295391215463468,0.0,-1.4404407374168526,1.7228624882843864,0.0,-2.4907648267267826,-1.4132650690360269,0.0,-1.9364295843000972,3.4127997667823875,13.06414402637764,56.655079313946636,69.71922334032428
13.752000000001262,7.23,4.160278554164485,1.4868815034205318,2.636774775282248,-4.013752481331382,8.028915889369404,-11.496878695510116,0.0,-1.4454221810581163,1.7200221452439162,0.0,-2.4906772534597215,-1.4270731515695476,0.0,-1.9650480224055706,3.429607239109384,13.147336196769963,56.57142853435742,69.71876473112738
13.754000000001263,7.23,4.165568204234951,1.4788308680957005,2.6528968420449637,-4.036951535786946,8.093556050900105,-11.702954761511448,0.0,-1.4504034448278567,1.7171542135930222,0.0,-2.4905847879029968,-1.4408534549391017,0.0,-1.9942201013621552,3.4471057630165998,13.231324803367436,56.4869759319394,69.71830073530683
13.756000000001263,7.23,4.1708902293479735,1.4707334193745591,2.6691506380523715,-4.060567458434243,8.160656831212323,-11.913773162795238,0.0,-1.4553845180562766,1.7142587502159132,0.0,-2.490486538073202,-1.4546046465963889,0.0,-2.023961492906876,3.465305066540016,13.316111319734595,56.4017199210961,69.71783124083069
13.758000000001264,7.23,4.17624489793042,1.4625883139301543,2.6855411555361615,-4.084609893384505,8.230289785975687,-12.129494520301973,0.0,-1.460365388253296,1.7113358147011655,0.0,-2.490381575292168,-1.4683253543663286,0.0,-2.0542882277972137,3.4842152235759953,13.4016972239512,56.315658908231214,69.71735613218242
13.760000000001265,7.23,4.181632488539,1.4543946888213064,2.702073533250668,-4.109088813164795,8.302529911318386,-12.350286692051398,0.0,-1.465346041033062,1.7083854694230904,0.0,-2.490268932059265,-1.4820141643228297,0.0,-2.085216708987466,3.5038466649035387,13.488083998943928,56.22879129127662,69.71687529022054
13.762000000001265,7.23,4.1870532901603035,1.4461516608210496,2.718753063531277,-4.134014533576515,8.377455823163029,-12.576325161459774,0.0,-1.470326460034062,1.7054077796274396,0.0,-2.4901475997858036,-1.49566961854888,0.0,-2.1167637253647005,3.5242101896437643,13.575273132820069,56.14111545921064,69.71638859203071
13.764000000001266,7.23,4.192507602525332,1.4378583257145607,2.735585199722756,-4.159397729354747,8.455149947944044,-12.807793450135469,0.0,-1.475306626834561,1.7024028135217453,0.0,-2.4900165263812957,-1.509290212772852,0.0,-2.14894646606839,3.5453169771692443,13.663266119203517,56.052629791567504,69.71589591077102
13.766000000001267,7.23,4.197995736439268,1.429513757564928,2.7525755640010727,-4.185249450679101,8.535698725523485,-13.044883556911309,0.0,-1.4802865208630565,1.6993706423704937,0.0,-2.489874613680251,-1.5228743938724867,0.0,-2.1817825354189457,3.5671785994751115,13.752064457572118,55.963332657936604,69.71539711550872
13.768000000001267,7.23,4.203518014127312,1.4211170079450004,2.7697299556139727,-4.211581140590448,8.619192825187104,-13.287796425012031,0.0,-1.4852661193034151,1.6963113405954404,0.0,-2.489720714697413,-1.5364205572372025,0.0,-2.2152899684810263,3.589807034023614,13.841669653596718,55.87322241745197,69.7148920710487
13.770000000001268,7.23,4.209074769597426,1.4126671051334505,2.787054359567415,-4.2384046533718065,8.705727375674165,-13.53674243940937,0.0,-1.4902453969943374,1.6932249858813493,0.0,-2.4895536306981465,-1.5499270439787252,0.0,-2.249487247288446,3.6132146770728912,13.932083219481186,55.78229741827165,69.71438063775284
13.772000000001269,7.23,4.2146663490209395,1.4041630532730591,2.8045549557869522,-4.265732273955954,8.795402210271805,-13.791941956583672,0.0,-1.4952243263227691,1.6901116592874734,0.0,-2.4893721080695954,-1.563392137979198,0.0,-2.2843933177582674,3.6374143574998974,14.023306674303086,55.6905559970469,69.71386267134999
13.77400000000127,7.23,4.220293111131964,1.3956038314891024,2.822238128785286,-4.29357673842696,8.888322128089186,-14.053625869092985,0.0,-1.5002028771108376,1.686971445365109,0.0,-2.4891748349769145,-1.576814062765106,0.0,-2.3200276073224293,3.6624193511261027,14.11534154435468,55.59799647838095,69.71333802273563
13.77600000000127,7.23,4.2259554276466815,1.3869883929655817,2.8401104778695427,-4.321951255687804,8.984597172718788,-14.322036207548301,0.0,-1.5051810164958783,1.683804432281581,0.0,-2.488960437787484,-1.5901909781943584,0.0,-2.356410043305927,3.6882433955531497,14.208189363483307,55.5046171742771,69.7128065377604
13.77800000000127,7.23,4.23165368370362,1.3783156639768899,2.85817882792434,-4.350869530371664,9.084342929592065,-14.597426782809134,0.0,-1.5101587088030581,1.6806107119510698,0.0,-2.4887274772445234,-1.603520976942832,0.0,-2.393561072081117,3.714900705513819,14.301851673430997,55.410416383576845,69.71226805700785
13.780000000001271,7.23,4.2373882783260965,1.3695845428723394,2.876450240809426,-4.380345787080347,9.187680843446424,-14.880063871449297,0.0,-1.5151359154100803,1.677390380172653,0.0,-2.4884744443697002,-1.6168020807756336,0.0,-2.431501679028287,3.7424059887411656,14.39633002417205,55.315392391386865,69.71172241555891
13.782000000001272,7.23,4.243159624908114,1.360793899010815,2.894932027413633,-4.41039479603963,9.294738557439088,-15.170226947798177,0.0,-1.520112594603406,1.6741435367760595,0.0,-2.4881997560726052,-1.6300322365869704,0.0,-2.470253409332806,3.7707744623561394,14.491625974248056,55.21954346849626,69.71116944274432
13.784000000001273,7.23,4.248968151725046,1.3519425716426172,2.9136317604100754,-4.441031900268232,9.40565027557392,-15.46820946614351,0.0,-1.525088701425378,1.6708702857755637,0.0,-2.487901750442762,-1.6432093121912992,0.0,-2.509838389649468,3.8000218697704247,14.587741091099076,55.12286787078291,69.71060896188199
13.786000000001273,7.23,4.25481430247059,1.3430293687353678,2.932557287761009,-4.47227304436455,9.520557150248766,-15.774319696986016,0.0,-1.5300641875115972,1.6675707355325857,0.0,-2.4875786816976624,-1.6563310918468337,0.0,-2.550279350664398,3.83016449809732,14.684676951390015,55.025363838610424,69.71004079000043
13.788000000001274,7.23,4.260698536821503,1.3340530657406326,2.95171674702452,-4.504134805023441,9.639607696885825,-16.08888162156967,0.0,-1.5350390009178172,1.664244998927511,0.0,-2.487228714757715,-1.6693952714909528,0.0,-2.5915996505846772,3.861219196058567,14.782435141330822,54.92702959621482,69.70946473754564
13.790000000001275,7.23,4.266621331031824,1.32501240429768,2.971118580519318,-4.536634423404129,9.762958237777223,-16.412235889275912,0.0,-1.5400130859355987,1.6608931935413531,0.0,-2.4868499194162466,-1.6823994536652105,0.0,-2.633823299585019,3.8932033923692897,14.881017256988684,54.8278633510824,69.70888060807108
13.792000000001275,7.23,4.272583178558307,1.3159060908705433,2.9907715514083444,-4.569789839479861,9.890773377461917,-16.74474084286601,0.0,-1.5449863828958637,1.6575154418478981,0.0,-2.486440264069631,-1.695341142105719,0.0,-2.676974985239798,3.9261351145764696,14.980424904590997,54.72786329331865,69.70828819790964
13.794000000001276,7.23,4.278584590719015,1.3067327953142873,3.0106847607667393,-4.603619728510374,10.023226512152604,-17.086773616991202,0.0,-1.5499588279594445,1.6541118714170207,0.0,-2.485997608969071,-1.7082177359725357,0.0,-2.7210800989671062,3.960033008318039,15.08065970081665,54.6270275950093,69.70768729582595
13.796000000001277,7.23,4.284626097387085,1.2974911493660801,3.030867665704973,-4.638143539789504,10.16050037595181,-17.43873131586395,0.0,-1.554930352893619,1.650682615129931,0.0,-2.485519698951937,-1.7210265236893032,0.0,-2.7661647635093645,3.994916356960492,15.181723273073668,54.525354409574305,69.70707768264798
13.798000000001277,7.23,4.290708247721857,1.2881797450563583,3.051330098623654,-4.673381537832577,10.302787626837288,-17.801032276501704,0.0,-1.5599008848335505,1.647227811407153,0.0,-2.485004155606169,-1.7337646763618069,0.0,-2.8122558614720945,4.030805101561308,15.283617259760435,54.4228418711157,69.70645913087614
13.800000000001278,7.23,4.296831610939711,1.2787971330350312,3.072082287682747,-4.709354846181615,10.450291475660562,-18.17411742452129,0.0,-1.5648703460274505,1.643747604450115,0.0,-2.484448468816647,-1.7464292407412354,0.0,-2.859381064938748,4.067719861089389,15.386343310507774,54.319488093760754,69.70583140426852
13.802000000001279,7.23,4.302996777127141,1.2693418208072966,3.0931348785747157,-4.7460854940209405,10.603226361690494,-18.55845173008045,0.0,-1.5698386535641662,1.6402421444973023,0.0,-2.483849987637188,-1.7590171316947911,0.0,-2.9075688661748083,4.105681952821174,15.489903086398431,54.21529117100202,69.70519425740045
13.80400000000128,7.23,4.309204358098743,1.259812270873244,3.114498957698464,-4.783596465811623,10.76181867854841,-18.95452577223911,0.0,-1.574805719081791,1.6367115880959997,0.0,-2.4832059104259696,-1.771525124142751,0.0,-2.9568486094283655,4.144713412811675,15.59429826016033,54.11024917503622,69.70454743519656
13.80600000000128,7.23,4.315454988303054,1.250206898764982,3.13618607683899,-4.821911754170493,10.926307554725298,-19.362857420751517,0.0,-1.57977144845575,1.6331560983907198,0.0,-2.482513274175682,-1.783949844417359,0.0,-3.0072505238272176,4.184837016318191,15.699530516329208,54.004360156103715,69.70389067243292
13.80800000000128,7.23,4.321749325779343,1.240524070974562,3.1582082794664212,-4.861056416238256,11.096945693247282,-19.783993645106452,0.0,-1.5847357414646752,1.6295758454295344,0.0,-2.4817689429624683,-1.7962877609945023,0.0,-3.058805757363372,4.226076298029423,15.80560155137592,53.89762214183155,69.70322369320746
13.810000000001281,7.23,4.328088053168715,1.2307621027654574,3.1805781287776216,-4.901056633801743,11.274000275465266,-20.21851246151202,0.0,-1.5896984914322383,1.6259710064896247,0.0,-2.480969595429558,-1.808535174544526,0.0,-3.111546411944902,4.2684555719229555,15.912513073793116,53.79003313658329,69.70254621037641
13.812000000001282,7.23,4.334471878783165,1.220919255859806,3.203308737613974,-4.941939777457681,11.457753934392759,-20.667025029482577,0.0,-1.5946595848428975,1.622341766423446,0.0,-2.4801117112123774,-1.820688207243312,0.0,-3.1655055794818376,4.3119999505395095,16.020266804134497,53.681591120818524,69.70185792495302
13.814000000001283,7.23,4.340901537736455,1.2109937359930272,3.226413800400251,-4.983734475129687,11.648505803502598,-21.130177910728698,0.0,-1.59961890092936,1.618688318027072,0.0,-2.4791915562018008,-1.832742791278898,0.0,-3.2207173789565067,4.356735363421916,16.12886447500058,53.572294050466816,69.70115852546739
13.816000000001283,7.23,4.347377793141018,1.20098369032677,3.2499076272618415,-5.0264706852767524,11.846572647425404,-21.60865550419143,0.0,-1.604576311229307,1.6150108624323796,0.0,-2.478205166530631,-1.844694656482572,0.0,-3.277216994409379,4.402688574418842,16.238307830962153,53.462139856320526,69.70044768728268
13.818000000001284,7.23,4.35390143737542,1.1908872047104524,3.2738051804910584,-5.070179775160346,12.052290081569884,-22.10318267229826,0.0,-1.609531679108718,1.6113096095249255,0.0,-2.4771483311556652,-1.8565393170061641,0.0,-3.3350407137480573,4.449887197497886,16.348598628412898,53.351126443452436,69.69972507186533
13.820000000001285,7.23,4.360473293427259,1.180702300780875,3.298122113547903,-5.114894604568767,12.266013888312461,-22.614527574861157,0.0,-1.6144848592488334,1.607584778389482,0.0,-2.4760165728931103,-1.8682720569593951,0.0,-3.3942259682590525,4.4983597106469135,16.45973863534083,53.239251690664375,69.6989903260052
13.822000000001285,7.23,4.367094216316761,1.1704269328885741,3.3228748127966306,-5.160649615431654,12.488121438084097,-23.143504728492076,0.0,-1.6194356970935089,1.603836597785416,0.0,-2.474805127748876,-1.8798879149122816,0.0,-3.4548113726685283,4.548135467365969,16.57172963100684,53.12651344997447,69.69824308098131
13.824000000001286,7.23,4.373765094606764,1.160058984838665,3.34808044219685,-5.207480927794847,12.71901322441712,-23.690978310982125,0.0,-1.6243840282533857,1.6000653066542934,0.0,-2.473508922366856,-1.8913816671577555,0.0,-3.51683676555806,4.599244705161933,16.684573405517558,53.01290954615197,69.69748295166953
13.826000000001287,7.23,4.380486852005247,1.1495962664329542,3.373756991186787,-5.255426442666361,12.959114522808314,-24.257865731784324,0.0,-1.629329677862908,1.596271154662288,0.0,-2.472122549397514,-1.9027478096187396,0.0,-3.5803432498938457,4.65171855035233,16.7982717592769,52.898437776309486,69.6967095355864
13.828000000001287,7.23,4.387260449067016,1.1390365097990296,3.399923326016899,-5.304525952288337,13.208877184105486,-24.845141491555136,0.0,-1.634272459885819,1.5924544027802339,0.0,-2.4706402405656105,-1.9139805382716586,0.0,-3.6453732333708495,4.705589018360478,16.912826502300124,52.783095909564366,69.69592241186449
13.830000000001288,7.23,4.39408688500175,1.1283773654908826,3.426599244814354,-5.354821258437604,13.468781574036376,-25.45384135565113,0.0,-1.639212176364284,1.5886153239044403,0.0,-2.469055837189298,-1.9250737279447105,0.0,-3.711970468205594,4.760889008538036,17.028239453370247,52.666881686783,69.69512114015325
13.832000000001289,7.23,4.4009671995961535,1.117616398344361,3.453805536683062,-5.406356299409382,13.739338671467097,-26.085066868536785,0.0,-1.644148616606276,1.5847542035216566,0.0,-2.4673627578726114,-1.9360209093339913,0.0,-3.780180089930781,4.817652292379087,17.144512439015465,52.54979282042328,69.69430525943875
13.83400000000129,7.23,4.407902475258622,1.106751083069382,3.481564045170155,-5.459177286394679,14.021092339000877,-26.739990238231503,0.0,-1.6490815563052652,1.580871340421934,0.0,-2.465553963059128,-1.946815244063423,0.0,-3.850048654648842,4.875913493787431,17.261647292282042,52.43182699449366,69.69347428677571
13.83600000000129,7.23,4.414893839195496,1.0957787995593615,3.5098977364580866,-5.513332850022451,14.31462178059873,-27.419859622191773,0.0,-1.6540107565855813,1.576967047463482,0.0,-2.463621916095594,-1.957449497595409,0.0,-3.9216241740876217,4.935708059820142,17.37964585127426,52.31298186464953,69.69262771592379
13.83800000000129,7.23,4.421942465728758,1.0846968278967015,3.538830772671989,-5.568874197902728,14.620544202012203,-28.126004848364094,0.0,-1.6589359629660896,1.5730416523940312,0.0,-2.4615585404099782,-1.9679160097775987,0.0,-3.994956147665437,4.997072220048943,17.498509957428823,52.19325505845116,69.69176501587998
13.840000000001291,7.23,4.4290495787658,1.073502343031443,3.56838859072463,-5.625855284076734,14.939517690947904,-28.859843607519515,0.0,-1.663856904233974,1.5690954987336694,0.0,-2.4593551723577503,-1.978206662787203,0.0,-4.07009559061142,5.060042932348281,17.618241453486366,52.07264417581142,69.69088562929778
13.842000000001292,7.23,4.436216454432797,1.0621924091082993,3.598597987156287,-5.684332991354616,15.272244335010438,-29.62288815533721,0.0,-1.6687732912194542,1.5651289467245877,0.0,-2.457002509232422,-1.988312846207334,0.0,-4.147095056994937,5.1246578125258555,17.738842181117306,51.951146789664904,69.68998897078221
13.844000000001293,7.23,4.443444423884171,1.0507639734152516,3.6294872094640382,-5.74436732760062,15.61947359656175,-30.416752564968768,0.0,-1.6736848154612267,1.5611423743538189,0.0,-2.454490551870398,-1.9982254189394806,0.0,-4.226008656288982,5.190955044746118,17.860313978153602,51.82876044689737,69.68907442505098
13.846000000001293,7.23,4.4507348763016354,1.03921385992468,3.6610860544542794,-5.806021637109126,15.98200596464505,-31.243160572884673,0.0,-1.6785911477511757,1.5571361784555662,0.0,-2.451808541204405,-2.007934667622316,0.0,-4.306892061820273,5.25897326914554,17.982658675370022,51.705482669577734,69.68814134494775
13.848000000001294,7.23,4.4580892620974515,1.027538762395634,3.6934259741934636,-5.869362828302336,16.360696904985424,-32.10395406253634,0.0,-1.683491936545522,1.553110775900488,0.0,-2.448944888033041,-2.0174302611887702,0.0,-4.38980250913427,5.328751442384099,18.10587809275108,51.58131095654357,69.68718904929464
13.850000000001295,7.23,4.465509096337686,1.0157352370032922,3.7265401901747586,-5.934461619070808,16.756461129714662,-33.00110223157549,0.0,-1.688386806228054,1.5490666048800887,0.0,-2.445887095174429,-2.0267012011502405,0.0,-4.474798781916297,5.400328666100187,18.229974035170116,51.45624278539914,69.68621682056926
13.852000000001295,7.23,4.472995962402578,1.0037996944589287,3.760463816361973,-6.001392801170069,17.170277208757696,-33.93671148880182,0.0,-1.6932753552092583,1.545004126295179,0.0,-2.4426216710572572,-2.035735767148571,0.0,-4.561941182648733,5.473743977311142,18.354948287395004,51.33027561499354,69.68522390238854
13.854000000001296,7.23,4.480551515902443,0.9917283915807834,3.7952339918158597,-6.0702355251784175,17.60319254460999,-34.91303612632004,0.0,-1.698157153843172,1.5409238252583881,0.0,-2.4391340336705793,-2.044521457261963,0.0,-4.651291484633155,5.549036093700064,18.480802608323753,51.2034068884582,69.68420949678195
13.856000000001297,7.23,4.488177488869038,0.9795174222731341,3.8308900236505936,-6.141073607610021,18.056328731328882,-35.9324898101369,0.0,-1.703031742141484,1.536826212721798,0.0,-2.435408403641698,-2.0530449224898573,0.0,-4.742912861348258,5.626243105415978,18.607538724336887,51.075634036896595,69.68317276123348
13.858000000001297,7.23,4.495875694243823,0.9671627078675964,3.8674735411081644,-6.21399586185988,18.530887316685785,-36.99765792801957,0.0,-1.707898627261741,1.5327118272419402,0.0,-2.4314276850355743,-2.0612918947730923,0.0,-4.836869788327486,5.705402103444552,18.735158321637158,50.946954483832876,69.68211280547004
13.860000000001298,7.23,4.503648030686169,0.9546599867772512,3.9050286615733834,-6.289096454728074,19.02815598323163,-38.11131082609796,0.0,-1.7127572807435465,1.5285812368958374,0.0,-2.4271733322663436,-2.0692471078283,0.0,-4.933227911798574,5.7865487327302,18.863663037425447,50.81736565054595,69.6810286879714
13.862000000001299,7.23,4.511496487726246,0.942004803410647,3.9436021693790533,-6.366475290323137,19.549515159046262,-39.27641795439697,0.0,-1.7176071354631577,1.5244350413632088,0.0,-2.4226252012762126,-2.076894209988985,0.0,-5.032053877199912,5.869716655981644,18.9930544497398,50.686864962434846,69.67991941217466
13.8640000000013,7.23,4.51942315128903,0.9291924962890965,3.983243708265472,-6.446238423169163,20.096445061568268,-40.49616292489353,0.0,-1.722447582272948,1.5202738741917394,0.0,-2.41776138286477,-2.0842156681483357,0.0,-5.13341510933668,5.954936911397131,19.123334065755095,50.55544985658743,69.67878392234252
13.8660000000013,7.23,4.5274302096176005,0.9162181853070437,4.024005988355263,-6.528498502326113,20.670533167332778,-41.7739594620491,0.0,-1.7272779662876538,1.5160984052642081,0.0,-2.41255801573566,-2.0911926617903176,0.0,-5.237379534318878,6.042237144306629,19.25450330830954,50.42311779075406,69.6776210990636
13.8680000000013,7.23,4.535519959625605,0.9030767580717179,4.0659450084761755,-6.613375248261493,21.273482085637347,-43.1134681927727,0.0,-1.7320975827741005,1.5119093434883928,0.0,-2.4069890764606825,-2.0978049659741593,0.0,-5.344015231476964,6.131640688833703,19.386563500384472,50.289866253961634,69.6764297543461
13.870000000001301,7.23,4.5436948137103625,0.889762855254953,4.109120294601158,-6.700995964062393,21.9071177937347,-44.51861417740709,0.0,-1.7369056725950822,1.5077074397331094,0.0,-2.401026143135128,-2.104030822002584,0.0,-5.4533900011131164,6.223165470989577,19.519515847220852,50.1556927790459,69.67520862626675
13.872000000001302,7.23,4.551957307059527,0.8762708548871007,4.153595155063798,-6.791496082321519,22.57339816332868,-45.99360502167419,0.0,-1.7417014171511422,1.503493490036397,0.0,-2.3946381290024625,-2.1098467943547803,0.0,-5.5655708311357,6.31682269895678,19.65336141570089,50.02059495742854,69.67395637312943
13.874000000001303,7.23,4.5603101054853745,0.8625948555206776,4.199436953031022,-6.885019748631606,23.27442167057374,-47.5429493264085,0.0,-1.7464839327559774,1.4992683391148902,0.0,-2.3877909817501175,-2.1152276123008718,0.0,-5.6806232422449074,6.412615299493892,19.78810111056182,49.88457045652421,69.67267156708603
13.876000000001303,7.23,4.568756013821508,0.8487286581900676,4.246717396451354,-6.98172044203034,24.01243613138282,-49.17147512062203,0.0,-1.7512522643719546,1.4950328842067335,0.0,-2.3804473435076154,-2.1201459944352568,0.0,-5.798610487271269,6.510536051144474,19.923735646934862,49.74761704023187,69.67135268716673
13.878000000001304,7.23,4.577297984916835,0.8346657470937187,4.295512845316635,-7.081761631887644,24.7898472366213,-50.884347775190065,0.0,-1.7560053786215113,1.4907880792841248,0.0,-2.372566165798739,-2.124572454172453,0.0,-5.919592575376126,6.610565354958144,20.0602655186144,49.60973259304819,69.6699981116626
13.880000000001305,7.23,4.585939129260855,0.8203992689274184,4.345904635539059,-7.185317469534252,25.6092265724583,-52.687086697720275,0.0,-1.7607421559778396,1.4865349396757002,0.0,-2.364102272793534,-2.1284750840425835,0.0,-6.043625085935894,6.712668571358863,20.197690961359033,49.4709151484399,69.66860610979893
13.882000000001305,7.23,4.594682725272194,0.8059220108021943,4.397979418003197,-7.29257351128333,26.473318692910443,-54.58557984896671,0.0,-1.765461382023912,1.4822745471434957,0.0,-2.3550058651547445,-2.131819316408243,0.0,-6.170757729851839,6.816792837178302,20.33601191040307,49.331162922230774,69.66717483263385
13.884000000001306,7.23,4.603532230278472,0.7912263766892121,4.451829510337766,-7.403727467250081,27.385046655498137,-56.58609477787331,0.0,-1.7701617376522922,1.478008055464202,0.0,-2.3452219555557914,-2.1345676580058797,0.0,-6.301032607517832,6.922863259171086,20.475227951211156,49.19047435190083,69.66570230311198
13.886000000001307,7.23,4.612491292209384,0.7763043623481257,4.507553257577445,-7.518989967337051,28.347515225279636,-58.69528442045057,0.0,-1.7748417880589655,1.4737366965698349,0.0,-2.334689725541298,-2.1366793955028505,0.0,-6.43448210246587,7.030778358898812,20.615338262333935,49.048848142866795,69.66418640520072
13.888000000001307,7.23,4.621563762015448,0.7611475287164712,4.565255396037425,-7.638585331676315,29.3640106821357,-60.92018531394376,0.0,-1.779499970362167,1.469461787308762,0.0,-2.3233417917841215,-2.1381102690709666,0.0,-6.571126337475715,7.140404617945329,20.756341549017705,48.90628332301767,69.66262487203537
13.890000000001308,7.23,4.630753706811171,0.7457469737683005,4.625047412254212,-7.762752327378846,30.43799581132765,-63.26820509898684,0.0,-1.7841345796514676,1.4651847368941695,0.0,-2.3111033679431627,-2.1388121108306715,0.0,-6.710970105321183,7.251569941106232,20.8982359659719,48.76277930702615,69.66101527299804
13.892000000001309,7.23,4.6400654237219685,0.7300933028934353,4.6870478855621975,-7.8917448862125505,31.573098192491038,-65.747095162762,0.0,-1.7887437532427406,1.460907055113449,0.0,-2.2978913062273865,-2.138732444950066,0.0,-6.853999168936525,7.3640558174431625,21.0410190274073,48.618335972254414,69.65935499966172
13.89400000000131,7.23,4.649503454387158,0.7141765979086049,4.7513827985250074,-8.025832748263019,32.77308929443551,-68.36490294360034,0.0,-1.7933254528804754,1.4566303613783307,0.0,-2.2836130004147535,-2.137814046237217,0.0,-7.000175805203714,7.477587913732982,21.184687502107593,48.47295374842898,69.65764125053657
13.89600000000131,7.23,4.659072600034299,0.6979863848936613,4.818185793697394,-8.165301984010542,34.041851090223645,-71.12989667975972,0.0,-1.7978774445898722,1.4523563947017797,0.0,-2.2681651294686773,-2.1359944543104215,0.0,-7.149433442374129,7.591824780596337,21.329237290880016,48.32663372369229,69.65587101457231
13.89800000000131,7.23,4.6687779369899065,0.6815116011570455,4.887598347635753,-8.310455330660842,35.38332587543149,-74.05045312522029,0.0,-1.8023972758365705,1.4480870246929447,0.0,-2.251432218073722,-2.133205440966428,0.0,-7.3016702129956945,7.706344287140059,21.4746632832388,48.17937777015546,69.65404105339427
13.900000000001311,7.23,4.678624832423925,0.6647405617837796,4.959769823161107,-8.461612256809236,36.801443635035966,-77.1348958263856,0.0,-1.806882249601586,1.4438242636653664,0.0,-2.2332849874568854,-2.1293724293266623,0.0,-7.456741211915773,7.820627324074296,21.62095918958574,48.031188692700525,69.65214788228627
13.902000000001312,7.23,4.688618960034956,0.6476609264182788,5.034857347915689,-8.619108641085479,38.3000195780633,-80.39126777435723,0.0,-1.8113293949227718,1.4395702799549914,0.0,-2.213578466919732,-2.1244138649170363,0.0,-7.614449212567033,7.934038227080828,21.768117344463143,47.88207040552781,69.65018774999095
13.904000000001313,7.23,4.698766315263201,0.6302596671983803,5.113025450368343,-8.783295913406882,39.882612244073435,-83.82701739988747,0.0,-1.815735433392186,1.435327412541979,0.0,-2.1921498338379126,-2.1182405412920406,0.0,-7.774533554945306,8.045801271580387,21.91612847563472,47.73202814183854,69.64815661747326
13.906000000001313,7.23,4.7090732294593876,0.6125230391056721,5.194445362523811,-8.954539459476099,41.55232976576346,-87.44857070917206,0.0,-1.8200967410321478,1.4310981870614874,0.0,-2.1688159479079743,-2.1107548865133534,0.0,-7.936656876984448,8.154972478263867,22.06498143280097,47.58106870310464,69.64605013590561
13.908000000001314,7.23,4.719546382229433,0.5944365544552157,5.279293870341425,-9.13321602728051,43.31156832071098,-91.2607545921098,0.0,-1.8244093049033667,1.4268853332709703,0.0,-2.143370544802659,-2.1018502222345132,0.0,-8.100389320413028,8.260405849637243,22.214662868645206,47.42920075563677,69.64386362428198
13.910000000001315,7.23,4.730192810901868,0.5759849638462765,5.367751556680671,-9.319709795112503,45.16166239850022,-95.2660267007061,0.0,-1.8286686737301672,1.4226918040105037,0.0,-2.1155810561583612,-2.091410015000945,0.0,-8.265189807942507,8.360713039441206,22.36515686364848,47.276435183631705,69.64159204728018
13.912000000001315,7.23,4.741019915710519,0.5571522466732786,5.460000235651922,-9.514406660079425,47.10242115424255,-99.46345559286043,0.0,-1.83286990176658,1.418520795642833,0.0,-2.0851850285089095,-2.0793071505477263,0.0,-8.430383969631027,8.454215354102702,22.51644448468554,47.12278550957916,69.6392299942647
13.914000000001316,7.23,4.752035458827221,0.5379216152997338,5.556219319634782,-9.717686180011654,49.1315188075567,-103.8473810510068,0.0,-1.8370074850830975,1.4143757698834434,0.0,-2.0518861256898817,-2.0654032775476137,0.0,-8.595138306668096,8.538886924193584,22.66850326585866,46.96826839483375,69.6367716606924
13.916000000001317,7.23,4.763247554793114,0.5182755382823581,5.656580789151499,-9.929910446231633,51.243699949445976,-108.40566899689388,0.0,-1.8410752894426758,1.410260476817287,0.0,-2.0153497207037097,-2.04954828894503,0.0,-8.75843024261988,8.6122879067917,22.82130659838967,46.8129042352717,69.63421083366137
13.918000000001317,7.23,4.774664649154267,0.4981957896595772,5.761242350118568,-10.15140897737731,53.42975325273896,-113.11745936519411,0.0,-1.8450664689798715,1.4061789787344297,0.0,-1.9751981188221177,-2.0315800385879133,0.0,-8.919013858466851,8.671486754337778,22.974823014770273,46.656717869179644,69.63154088394992
13.920000000001318,7.23,4.786295481178776,0.47766353335157535,5.870338263196052,-10.38245850641469,55.67520056555679,-117.95029113005616,0.0,-1.8489733750337844,1.4021356741833815,0.0,-1.9310055104570332,-2.011324430558854,0.0,-9.075381386942267,8.71297101622508,23.129015350964092,46.499739416686474,69.62875476765056
13.922000000001319,7.23,4.798149025392792,0.4566594542130861,5.983967219635309,-10.623256292123587,57.958644838183346,-122.85648108577968,0.0,-1.8527874547643384,1.3981353213161143,0.0,-1.882292839065647,-1.988596070813566,0.0,-9.225721022084588,8.732546981239242,23.28383976955803,46.34200527186036,69.62584504141839
13.92400000000132,7.23,4.810234405309206,0.4351639502629569,6.102176526587397,-10.87388534334865,60.24972354585039,-127.76864019304745,0.0,-1.8564991396738058,1.3941830591551019,0.0,-1.8285228978083117,-1.963199737655163,0.0,-9.367872374047911,8.725229945350215,23.439244626869947,46.18355926954135,69.6228038964113
13.92600000000132,7.23,4.8225607711499086,0.4131574040528242,6.224941771460715,-11.134269741272236,62.50663041244591,-132.59424687333657,0.0,-1.8600977249587674,1.3902844248195987,0.0,-1.769096153264302,-1.9349330103726494,0.0,-9.499282085014617,8.685129306949674,23.59516916888773,46.02445404827591,69.61962321716365
13.92800000000132,7.23,4.835137131648312,0.3906205548818186,6.3521410944124534,-11.404118158195129,64.67320691274045,-137.2092815870579,0.0,-1.8635712418603723,1.3864453639749978,0.0,-1.703348051281991,-1.9035904926554386,0.0,-9.616963856456541,8.605336445704584,23.751542045668547,45.8647526271491,69.61629467281765
13.930000000001321,7.23,4.847972128322504,0.3675349972651935,6.48352326860009,-11.682853828280972,66.67568011727003,-141.45109175685965,0.0,-1.8669063270221817,1.382672230792084,0.0,-1.6305489036446303,-1.8689701725973382,0.0,-9.71746955401846,8.477828891985519,23.90827964308658,45.70453020610529,69.61280984919188
13.932000000001322,7.23,4.8610737392374,0.343883834049919,6.618669059835999,-11.969529824493538,68.41925320600387,-145.110940554476,0.0,-1.870088095487165,1.3789717725209574,0.0,-1.5499078912783,-1.8308825583959614,0.0,-9.796881229663978,8.293412080497072,24.065284246855082,45.5438761840704,69.60916043092548
13.934000000001323,7.23,4.874448898752599,0.31965251368662395,6.756945940654168,-12.262729820881706,69.78495994918202,-147.9271421638053,0.0,-1.8731000275451883,1.3753510924413705,0.0,-1.460583236329412,-1.7891632873798384,0.0,-9.850837746660746,8.041730219964617,24.222442079539384,45.3828963636778,69.60533844321719
13.936000000001323,7.23,4.88810302090674,0.29482987860618215,6.897457336641509,-12.560456938402668,70.6274906460305,-149.58033482083806,0.0,-1.8759238842906725,1.3718175835740158,0.0,-1.3617011365837226,-1.7436898729284205,0.0,-9.874613793230619,7.711390101145248,24.379621290471587,45.2217152719746,69.60133656244619
13.938000000001324,7.23,4.902039418103238,0.26940944281740387,7.038989369202441,-12.860017188070685,70.77508085314017,-149.69328324285362,0.0,-1.8785396724012293,1.3683788243851496,0.0,-1.2523864954537296,-1.6944030485237098,0.0,-9.863272425538316,7.290254345026037,24.536670034908333,45.06047846957861,69.59714850448694
13.940000000001325,7.23,4.91625861515594,0.24339089841281358,7.179960664845809,-13.157909734675975,70.03297588388556,-147.8385246672348,0.0,-1.880925684883056,1.3650424272376065,0.0,-1.13180858736801,-1.641332682733771,0.0,-9.81191303053278,6.765969838587789,24.693414855191595,44.89935464434329,69.59276949953488
13.942000000001325,7.23,4.930757573169937,0.21678181904684365,7.31838418616014,-13.449743617877488,68.19230998642612,-143.55788502970879,0.0,-1.8830586503364306,1.3618158312109425,0.0,-0.9992442096851195,-1.584627355632814,0.0,-9.716031868136756,6.126796026107113,24.849659672032786,44.73853719173766,69.58819686377045
13.944000000001326,7.23,4.945528859392831,0.18959948096775125,7.451853782185579,-13.730208760222068,65.04621751101236,-136.3978423300325,0.0,-1.8849140268233007,1.3587060340129935,0.0,-0.8541591159712456,-1.5245853265427511,0.0,-9.571998537208955,5.362776137404463,25.005185798616175,44.578244882773014,69.58343068138919
13.946000000001327,7.23,4.960559827866651,0.16187265930728045,7.57757121057945,-13.993135773026864,60.41425980244953,-125.96310498187613,0.0,-1.8864664748619835,1.355719263959635,0.0,-0.6963051404360461,-1.4616828346520085,0.0,-9.377625697202701,4.467240651151221,25.159753478743358,44.41872113347792,69.57847461222129
13.948000000001327,7.23,4.975831908378423,0.1336431857761096,7.692429942376383,-14.231680279986128,54.174438323985285,-111.98679921731689,0.0,-1.8876905339504289,1.3528606029997459,0.0,-0.5258252389890932,-1.396593761871702,0.0,-9.132771088065713,3.4385385866101212,25.313105475293113,44.26023135453815,69.57333682983126
13.950000000001328,7.23,4.991320130553218,0.10496698966568908,7.793167786599085,-14.438658100419763,46.29907227252104,-94.40910461433123,0.0,-1.888561505174,1.3501335851511365,0.0,-0.3433522437084753,-1.3301933128014762,0.0,-8.83986682442248,2.2817646721266875,25.46497312861756,44.1030579245829,69.56803105320046
13.952000000001329,7.23,5.006993024166192,0.07591431294804027,7.876589327766782,-14.607033425885932,36.887211971235494,-73.44827717134106,0.0,-1.8890565079415902,1.3475398094876057,0.0,-0.15008115715097015,-1.2635385098103833,0.0,-8.504236785333259,1.0101201407942824,25.61508499838376,43.94749254290101,69.56257754128477
13.95400000000133,7.23,5.022813021938297,0.04656882280578746,7.93984146246615,-14.730523325699304,26.183530976217384,-49.64202594631083,0.0,-1.8891556353534922,1.3450786189800854,0.0,0.05220783837665999,-1.197820932142922,0.0,-8.134061499924943,-0.3545285916603301,25.76317768030383,43.79382609671497,69.5570037770188
13.95600000000133,7.23,5.038737437029306,0.017025463434838784,7.980704783417091,-14.80423692438438,14.57389283028076,-23.83776678900745,0.0,-1.8888430899057265,1.3427469006696013,0.0,0.26119468080403907,-1.1342925632955874,0.0,-7.739901111320197,-1.7822747548943318,25.90900775083996,43.64233668509877,69.55134443593873
13.95800000000133,7.23,5.054719995703299,-0.01261290997015009,7.997847908853493,-14.825233312399618,2.5525374749242666,2.879318428202761,0.0,-1.8881081538691822,1.3405390540511026,0.0,0.47414026821662225,-1.0741728366744825,0.0,-7.333791477492679,-3.237138139657596,26.052363276127657,43.493276960244,69.54564023637167
13.960000000001331,7.23,5.070712795019321,-0.042239829709334466,7.990989899362609,-14.792877970866753,-9.335583296763495,29.31268425407766,0.0,-1.8869458512028014,1.3384471518211694,0.0,0.6880722920495639,-1.018551525755333,0.0,-6.928056092347593,-4.680178974131387,26.193073209914395,43.34686230533994,69.53993551525434
13.962000000001332,7.23,5.086668459080168,-0.07174995012079262,7.960932298726144,-14.70891340660702,-20.56479262574631,54.3078396084297,0.0,-1.8853571968309764,1.3364612844667603,0.0,0.9000076597162232,-0.968305036878188,0.0,-6.534073490217038,-6.07320623809152,26.331013431977983,43.20326140640721,69.53427483838519
13.964000000001333,7.23,5.102542219770776,-0.1010436173792241,7.909453265075068,-14.57722745165696,-30.693645808625575,76.89476756057385,0.0,-1.8833489975083717,1.3345700467239272,0.0,1.1071725449480785,-0.9240411390876684,0.0,-6.161257625364951,-7.382328552916161,26.46610897689249,43.06259042976076,69.52869940665325
13.966000000001333,7.23,5.118293667374356,-0.13003071630188046,7.839090093396279,-14.403376810604675,-39.409563613023685,96.38583483794764,0.0,-1.8809332466848654,1.3327611002334252,0.0,1.3071825467750031,-0.8860799006151248,0.0,-5.816436493023366,-8.580653124878669,26.598332790684786,42.92491137080842,69.52324416149321
13.968000000001334,7.23,5.133887995129005,-0.15863340821565536,7.752859920401762,-14.193974919364878,-46.54559270459256,112.41263969524563,0.0,-1.878126219928407,1.3310217397081336,0.0,1.4981579944417998,-0.8544695463569472,0.0,-5.503687386216804,-9.649721621705119,26.727701812178474,42.790234395304545,69.51793620748302
13.970000000001335,7.23,5.149296670127916,-0.18678761128431354,7.653974078434817,-13.956065644846738,-52.07099971901709,124.90551910346724,0.0,-1.8749474104306598,1.3293393999112064,0.0,1.6787672989590274,-0.8290286088212184,0.0,-5.224563924089324,-10.579643420934895,26.85427126282659,42.65852337659028,69.51279463941687
13.972000000001335,7.23,5.1644975653940985,-0.21444329915503113,7.5455908751876555,-13.696580970232128,-56.0639697795851,134.03381889938225,0.0,-1.8714184421082871,1.327702062026412,0.0,1.84820732560042,-0.8094022926649567,0.0,-4.978575701687079,-11.368191276823016,26.97812791605251,42.52970349115991,69.50783140721242
13.974000000001336,7.23,5.179474658846556,-0.241563849203838,7.430632229718944,-13.421938452120374,-58.67672368997589,140.1295144693252,0.0,-1.867562069338291,1.3260985423849694,0.0,2.006139361888912,-0.7951215014400512,0.0,-4.763768187042263,-12.019273599860266,27.099382981579595,42.40366969672668,69.50305267830628
13.976000000001337,7.23,5.194217435777675,-0.26812473951915416,7.311670203455339,-13.137791760754732,-60.10166890506717,143.6130561391397,0.0,-1.863401331779408,1.3245186671210216,0.0,2.152601526306495,-0.785656064098716,0.0,-4.577281799394685,-12.541192307877257,27.218165137913225,42.28029510714026,69.49846024505348
13.978000000001337,7.23,5.20872012848497,-0.2941118873990983,7.1908755481399975,-12.848917117641435,-60.54378333458045,144.9328367876899,0.0,-1.8589588931893415,1.3229533496711035,0.0,2.2879153907353853,-0.7804575533583784,0.0,-4.415818061196821,-12.944993691745706,27.334614145916028,42.15943858013047,69.4940527260465
13.980000000001338,7.23,5.222980902892369,-0.319519870108972,7.070013446336873,-12.559203207772786,-60.20110975964281,144.52240653542336,0.0,-1.8542565626413445,1.3213945939198055,0.0,2.4125990815273113,-0.7789903960883335,0.0,-4.275985830438563,-13.243089438512236,27.44887534732134,42.040951142700564,69.4898264900219
13.982000000001339,7.23,5.23700107032811,-0.34435019935322897,6.950470365412507,-12.271709372332396,-59.25294194952397,142.77452788390804,0.0,-1.8493149775399123,1.319835446012816,0.0,2.527293541237285,-0.7807521704274634,0.0,-4.154531651204995,-13.448212386278273,27.561095202087934,41.92468113104907,69.48577633313701
13.98400000000134,7.23,5.250784372242979,-0.36860975439526733,6.8332981015519065,-11.988761589953288,-57.85414060619891,140.0286586031839,0.0,-1.8441534190372142,1.3182699147543777,0.0,2.632704255121159,-0.7852850763223791,0.0,-4.048474282744829,-13.57269581748086,27.671417878843663,41.81047809415398,69.48189597299765
13.98600000000134,7.23,5.264336361225716,-0.3923094252508123,6.719264603866171,-11.71206343677585,-56.133737243171396,136.56783328795547,0.0,-1.8387897289402375,1.3166928760707877,0.0,2.7295579174077664,-0.7921808469988565,0.0,-3.9551682481252906,-13.6280255288295,27.779982809604125,41.69819560747303,69.47817841707716
13.98800000000134,7.23,5.277663884450609,-0.41546297963350676,6.608904699114397,-11.442806940652478,-54.196187876499664,132.62135817212507,0.0,-1.8332402999704116,1.3150999725639088,0.0,2.818572032321173,-0.8010811768215853,0.0,-3.872319483067426,-13.624600990489954,27.886923062102696,41.58769318334255,69.47461624544525
13.990000000001341,7.23,5.290774664961176,-0.43808614379010075,6.502566735736274,-11.181774589639387,-52.12402799539771,128.37058517241599,0.0,-1.827520115947897,1.3134875153698222,0.0,2.900434918340667,-0.8116753438191937,0.0,-3.797971599505435,-13.571644783786308,27.992364364229584,41.47883746751303,69.47120183174262
13.992000000001342,7.23,5.303676970454422,-0.46019587475210905,6.4004532564795005,-10.929428333981804,-49.98107861398932,123.95590239224614,0.0,-1.821642823596724,1.311852392599714,0.0,2.9757936271122363,-0.8236962716253364,0.0,-3.7304762183912383,-13.47720966962422,28.09642462259783,41.37150289346039,69.46792751605821
13.994000000001343,7.23,5.316379356915737,-0.4818097964239671,6.302655166677449,-10.68598439658537,-47.81568096002706,119.48379557007303,0.0,-1.815620822371737,1.3101919865418992,0.0,3.0452476111682327,-0.836915891464908,0.0,-3.6684564036179825,-13.348244684706032,28.199213798677512,41.265571939394235,69.46478573807175
13.996000000001343,7.23,5.328890474260262,-0.502945771469556,6.209179657702025,-10.451474445394675,-45.663675023020915,115.03335529500762,0.0,-1.8094653626385553,1.3085041004023121,0.0,3.1093463917536823,-0.8511403610312329,0.0,-3.6107688189958345,-13.19069276094336,28.30083403210298,41.16093510447254,69.46176913657553
13.998000000001344,7.23,5.341218922108668,-0.5236215830610127,6.119972545863535,-10.225794561716167,-43.55099409268356,110.6619485120292,0.0,-1.8031866456229726,1.3067868944869203,0.0,3.1685898871032125,-0.8662054745425969,0.0,-3.5564678133030925,-13.009601391622336,28.401379926158317,41.057490694506214,69.45887062066453
14.000000000001345,7.23,5.353373145329653,-0.5438547038271025,6.034935839099936,-10.008743774275164,-41.49584254244144,106.4099813394974,0.0,-1.79679392086,1.3050388312296568,0.0,3.2234304155282203,-0.8819724446212338,0.0,-3.504773035456591,-12.809234654565254,28.50093893244556,40.95514448506911,69.45608341751468
14.002000000001345,7.23,5.365361360631069,-0.5636621329350692,5.953941351302968,-9.800053947547331,-39.5104764512468,102.30479505953214,0.0,-1.7902955785455812,1.303258628220474,0.0,3.274275672406123,-0.8983241360255392,0.0,-3.455041181868586,-12.593179716849988,28.599591789519497,40.853809311800084,69.45340110131959
14.004000000001346,7.23,5.377191507062081,-0.5830602856891468,5.876841116567306,-9.599412666826217,-37.602631554712,98.36379188112765,0.0,-1.7836992353649403,1.301445218298826,0.0,3.3214921981846652,-0.9151617688853313,0.0,-3.406741894908877,-12.36444419979534,28.6974129839903,40.75340462350994,69.45081760750024
14.006000000001347,7.23,5.388871214696651,-0.6020649231037518,5.803475256172571,-9.406480546111487,-35.776651521340156,94.59690589088407,0.0,-1.77701181316555,1.2995977157846121,0.0,3.3654090155338356,-0.9324020729307305,0.0,-3.35943752099148,-12.125542883801906,28.79447121283095,40.653856022924785,69.44832723575573
14.008000000001347,7.23,5.400407786967631,-0.6206911115291129,5.7336778446111865,-9.220904152802069,-34.034369019849855,91.00853360473775,0.0,-1.7702396103624558,1.2977153879781875,0.0,3.406321229332485,-0.9499748552733667,0.0,-3.312766296147791,-11.878573521967759,28.890829833073333,40.55509481186628,69.44592464493962
14.010000000001348,7.23,5.411808193111271,-0.638953204572395,5.667281220545529,-9.042325524079558,-32.37578708350091,87.59902779899465,0.0,-1.7633883662891847,1.2957976311464368,0.0,3.4444934640702565,-0.9678209362187085,0.0,-3.266428486418336,-11.625282272027965,28.98654729037759,40.457057551803565,69.44360484218116
14.012000000001349,7.23,5.423079067983018,-0.65686484130918,5.604119100112962,-8.87038905674479,-30.799601601145294,84.36584377759615,0.0,-1.7564633188984127,1.2938439503058006,0.0,3.4801630685551825,-0.985890406021042,0.0,-3.220175025004463,-11.367119639122553,29.08167752166019,40.35968564649598,69.44136316815617
14.01400000000135,7.23,5.434226717143336,-0.6744389561754935,5.544028775278909,-8.704746389078172,-29.3035988667647,81.30441220184773,0.0,-1.7494692563167438,1.2918539422060338,0.0,3.5135430547064317,-1.004141157589789,0.0,-3.173798229982173,-11.105287980386661,29.176270329502863,40.262924950472005,69.43919527997487
14.01600000000135,7.23,5.445257125614137,-0.6916877970289866,5.486852618570498,-8.545059759208451,-27.884955745698925,78.40879870751635,0.0,-1.7424105627982647,1.2898272810047908,0.0,3.5448247611061814,-1.0225376541073676,0.0,-3.1271242389344454,-10.840781646233827,29.270371727755315,40.16672540502779,69.43709713278311
14.01800000000135,7.23,5.456175969097851,-0.7086229487247839,5.432439066095004,-8.391004216437823,-26.540464476620755,75.67219844528506,0.0,-1.7352912596238248,1.2877637062006855,0.0,3.574180246878084,-1.0410498952172413,0.0,-3.080006850796988,-10.574420781311895,29.36402425884645,40.07104070203657,69.43506496088301
14.020000000001351,7.23,5.466988626754136,-0.7252553602152021,5.380643211491461,-8.24226897614057,-25.266699493890957,73.08730356152239,0.0,-1.7281150414721251,1.2856630124603279,0.0,3.601764430228836,-1.0596525502377103,0.0,-3.0323225156982407,-10.306879717860248,29.45726728400101,39.97582797494502,69.43309525894603
14.022000000001352,7.23,5.477700194862426,-0.7415953736935387,5.331327112608699,-8.098558141367524,-24.060139874373025,70.64657337862535,0.0,-1.7208853087546867,1.283525041033288,0.0,3.627716990669908,-1.0783242313980053,0.0,-2.9839662584394686,-10.038710788583879,29.55013724795409,39.881047515759036,69.43118476371313
14.024000000001353,7.23,5.4883155008770235,-0.7576527546935403,5.284359888639532,-7.959590961640786,-22.917257982625223,68.3424304134261,0.0,-1.7136051963663643,1.2813496724987554,0.0,3.6521640559488784,-1.0970468842055312,0.0,-2.934848359857242,-9.770364278727602,29.642667919956935,39.78666251648725,69.42933043644419
14.026000000001353,7.23,5.498839117517454,-0.7734367223545535,5.239617666786182,-7.825101758595041,-21.834582490091236,66.16740013045022,0.0,-1.7062775992604358,1.2791368206296778,0.0,3.675219695041092,-1.1158052756727517,0.0,-2.8848916528057402,-9.502205135263122,29.73489061293642,39.69263883334048,69.4275294462769
14.028000000001354,7.23,5.509275376639915,-0.7889559792887889,5.196983423138483,-7.694839616607986,-20.808742063104322,64.11420821498187,0.0,-1.6989051952151881,1.276886427195465,0.0,3.696987237845858,-1.1345865642578092,0.0,-2.8340293164530608,-9.234526958691571,29.826834382655633,39.59894477192831,69.42577915458395
14.030000000001355,7.23,5.519628382713489,-0.8042187406581142,5.15634675138313,-7.5685679123302245,-19.8364945495253,62.17584594722083,0.0,-1.6914904651188702,1.2745984575539029,0.0,3.717560440940309,-1.1533799380364136,0.0,-2.7822030747181414,-8.967563721320872,29.918526208654725,39.50555089171007,69.4240771003648
14.032000000001355,7.23,5.529902025783134,-0.8192327621962117,5.117603584486329,-7.446063738451633,-18.91474535851897,60.345611775385926,0.0,-1.6840357110627173,1.2722728969074835,0.0,3.73702451715967,-1.1721763098704852,0.0,-2.7293617227140974,-8.70149958508094,30.009991158650436,39.41242982802074,69.42242098667117
14.034000000001356,7.23,5.540099993845026,-0.8340053670077745,5.08065588801754,-7.327117262846098,-18.04055785151315,58.617135267851936,0.0,-1.6765430724979584,1.269909747119929,0.0,3.7554570450816893,-1.1909680602241486,0.0,-2.675459919694027,-8.436477131349434,30.10125253795683,39.31955613008439,69.42080866804122
14.036000000001357,7.23,5.550225784591984,-0.848543471047389,5.045411338850047,-7.211531053417412,-17.211157887759605,56.9843881478075,0.0,-1.6690145406822152,1.2675090240056797,0.0,3.7729287728116767,-1.209748819850733,0.0,-2.6204571988194614,-8.172604263889536,30.192332025366667,39.226906113534085,69.41923813890075
14.038000000001357,7.23,5.560282716510239,-0.8628536072327954,5.011782999228137,-7.099119390746402,-16.423934149849128,55.441685979606945,0.0,-1.661451971613588,1.2650707550193792,0.0,3.7895043288613195,-1.2285132858832108,0.0,-2.56431715360789,-7.9099600027396315,30.283249796808906,39.13445772607179,69.41770752288069
14.040000000001358,7.23,5.5702739393258796,-0.8769419481848983,4.9796889933546895,-6.989707584409366,-15.676435477454389,53.98368320625657,0.0,-1.6538570976266258,1.2625949772841,0.0,3.805242851427072,-1.2472570659467173,0.0,-2.5070067685964355,-7.648599350639725,30.374024637978522,39.04219042501411,69.41621506299263
14.042000000001359,7.23,5.5802024438113085,-0.8908143276137163,4.949052191513896,-6.883131304134518,-14.966366133729863,52.60536357168867,0.0,-1.6462315378031684,1.2600817359069707,0.0,3.8201985460190717,-1.2659765458126389,0.0,-2.448495867942714,-7.388557383299887,30.464674047022193,38.950085065582485,69.41475911260468
14.04400000000136,7.23,5.590071070970431,-0.9044762603880817,4.919799905137522,-6.779235933427631,-14.291579696663431,51.30202745258585,0.0,-1.6385768073323994,1.2575310825389754,0.0,3.8344211801740378,-1.284668776859928,0.0,-2.3887566606618993,-7.129852689587462,30.555214328258046,38.85812379890022,69.41333812715827
14.04600000000136,7.23,5.5998825206268465,-0.9179329613394006,4.891863595023665,-6.6778759506545065,-13.650072090605377,50.0692772361478,0.0,-1.6308943259380808,1.254943074142556,0.0,3.847956522901539,-1.3033313802277127,0.0,-2.3277633652091114,-6.872490266721487,30.645660677809328,38.76628997875801,69.41195065656734
14.04800000000136,7.23,5.609639359442785,-0.9311893628576864,4.865178594027508,-6.578914340604494,-13.03997413837181,48.90300158429837,0.0,-1.6231854254766311,1.2523177719363403,0.0,3.860846735554805,-1.3219624650557007,0.0,-2.265491899348758,-6.616463958118483,30.736027261945686,38.674568076300595,69.41059533824628
14.050000000001361,7.23,5.619344028398502,-0.9442501313426152,4.839683844889942,-6.482222038113674,-12.459543911868332,47.79935919984218,0.0,-1.6154513567972097,1.2496552404910757,0.0,3.873130719974412,-1.3405605586339329,0.0,-2.2019196238612495,-6.361758507039844,30.826327288843018,38.58294360187044,69.40927089071346
14.052000000001362,7.23,5.628998849762651,-0.9571196825743963,4.815321653395328,-6.387677404273897,-11.90715908151955,46.754762539405704,0.0,-1.607693295943999,1.2469555469548448,0.0,3.8848444290147315,-1.359124546636258,0.0,-2.137025130745681,-6.10835128714933,30.916573074401356,38.49140303332058,69.40797610772194
14.054000000001363,7.23,5.638606033584209,-0.9698021960695065,4.792037456710585,-6.295165734999392,-11.381309406107318,45.76586178891536,0.0,-1.5999123497713583,1.2442187603889938,0.0,3.8960211439177788,-1.3776536219050841,0.0,-2.070788068283171,-5.856213761081183,31.006776102694985,38.39993375017759,69.40670985287258
14.056000000001363,7.23,5.648167683735953,-0.9823016284853171,4.76977960652084,-6.204578801193074,-10.88058946044816,44.82952932009954,0.0,-1.5921095610341296,1.2414449511989802,0.0,3.9066917224363062,-1.3961472404988897,0.0,-2.0031889967083716,-5.605312709796749,31.096947081569354,38.30852397309748,69.40547105466683
14.058000000001364,7.23,5.657685803538554,-0.9946217261357454,4.748499166416776,-6.115814419394235,-10.403691665254696,43.94284477355758,0.0,-1.5842859130081242,1.2386341906467648,0.0,3.9168848211178027,-1.4146050839173647,0.0,-1.9342092693597464,-5.355611268581521,31.187095993847453,38.21716270811406,69.40425870196151
14.060000000001365,7.23,5.667162300993174,-1.0067660366775688,4.728149722885949,-6.0287760515553,-9.94939965890144,43.10308085956807,0.0,-1.5764423336893905,1.2357865504333363,0.0,3.9266270947343958,-1.4330270265885825,0.0,-1.8638309350924285,-5.107069799765341,31.277232144561435,38.12583969522912,69.40307183979056
14.062000000001365,7.23,5.676598993649057,-1.0187379200241862,4.7086872092000585,-5.943372432455294,-9.516582032641129,42.30768992760437,0.0,-1.5685796996152939,1.23290210234161,0.0,3.935943375472541,-1.451413107844373,0.0,-1.7920366584816774,-4.8596466274377885,31.367364204582167,38.03454536093844,69.40190956552061
14.064000000001366,7.23,5.685997613131178,-1.030540558540544,4.690069741461049,-5.859517223186727,-9.104186437545446,41.554291326096134,0.0,-1.5606988393455596,1.2299809179314565,0.0,3.9448568341732972,-1.4697635077288969,0.0,-1.7188096549528065,-4.613298655414913,31.457500250982427,37.943270774329655,69.40077102531208
14.066000000001367,7.23,5.695359809351524,-1.042176966569788,4.672257466062455,-5.777128689131996,-8.711234061895277,40.84065955273818,0.0,-1.5528005366370934,1.2270230682797243,0.0,3.953389125633063,-1.4880785260847242,0.0,-1.644133638470064,-4.367981886357118,31.547647804436195,37.85200760642263,69.39965541085883
14.068000000001367,7.23,5.704687154426098,-1.0536499993390478,4.6552124178321215,-5.69612940086072,-8.336814471013508,40.16471318061149,0.0,-1.544885533342676,1.2240286237592053,0.0,3.9615605197299706,-1.5063585644444972,0.0,-1.5679927798243913,-4.123651857129154,31.63781386392519,37.76074809245628,69.39856195638147
14.070000000001368,7.23,5.7139811463182975,-1.0649623612886607,4.638898388143359,-5.6164459564199865,-7.980080796918615,39.52450453501418,0.0,-1.5369545320602742,1.220997653851343,0.0,3.9693900199279786,-1.5246041103264667,0.0,-1.490371673894101,-3.8802640031396898,31.728004938998275,37.66948499685479,69.39748993585306
14.072000000001369,7.23,5.723243212227905,-1.0761166138661362,4.623280802310106,-5.538008723547041,-7.64024526215665,38.91821008905063,0.0,-1.5290081985568322,1.2179302269882357,0.0,3.9768954705249238,-1.542815723591533,0.0,-1.411255314527466,-3.637773962423277,31.81822707980467,37.57821158063223,69.3964386604369
14.07400000000137,7.23,5.7324747117436115,-1.0871151828232952,4.60832660561494,-5.460751600402478,-7.316575020328682,38.34412154178886,0.0,-1.521047163987804,1.2148264104201012,0.0,3.9840936538486926,-1.5609940245693927,0.0,-1.3306290759226094,-3.396137828568703,31.9084859051002,37.48692157101764,69.39540747611784
14.07600000000137,7.23,5.741676939775715,-1.0979603650522836,4.594004157354891,-5.384611793496971,-7.008388294866129,37.80063754049617,0.0,-1.5130720269314648,1.2116862701049285,0.0,3.991000378464083,-1.5791396837037737,0.0,-1.2484786995669788,-3.1553123602021045,31.998786628406997,37.39560913310382,69.39439576151082
14.07800000000137,7.23,5.750851129284438,-1.1086543349935856,4.580283132327268,-5.309529611562648,-6.715050797276377,37.28625600757582,0.0,-1.505083355255005,1.2085098706175046,0.0,3.9976305593291364,-1.5972534125025741,0.0,-1.1647902859531518,-2.9152551535578826,32.08913408249006,37.30426884334188,69.39340292583194
14.080000000001371,7.23,5.759998453818207,-1.119199150646743,4.567134429215259,-5.2354482741989905,-6.43597240621235,36.79956703296507,0.0,-1.497081687827666,1.205297275075378,0.0,4.003998290731373,-1.6153359556090598,0.0,-1.0795502904155094,-2.675924783679107,32.17953274229768,37.212895664719916,69.3924284070176
14.082000000001372,7.23,5.769120029875182,-1.1295967592122238,4.5545300853699136,-5.162313734200856,-6.170604089168655,36.33924629360645,0.0,-1.4890675360946126,1.202048545079706,0.0,4.010116912739466,-1.6333880838363026,0.0,-0.9927455225384063,-2.4372809189519096,32.26998674649978,37.121484923480345,69.39147166998012
14.084000000001373,7.23,5.778216919100348,-1.1398490023907761,4.542443197520894,-5.090074512551748,-5.918435049278223,35.904048962954676,0.0,-1.4810413855238276,1.1987637406691645,0.0,4.015999071822569,-1.6514105880288488,0.0,-0.904363148674303,-2.1992844129706466,32.3604999177456,37.0300322872425,69.39053220498809
14.086000000001373,7.23,5.7872901303296,-1.1499576213646405,4.5308478479826375,-5.018681545137881,-5.67899008049535,35.49280407515265,0.0,-1.4730036969371276,1.1954429202854278,0.0,4.021656776216353,-1.669404273634596,0.0,-0.8143906971835616,-1.9618973771314996,32.45107578175008,36.93853374441116,69.38960952616124
14.088000000001374,7.23,5.796340621491394,-1.1599242614831757,4.519719035955112,-4.948088040307495,-5.451827115348618,35.10440931037965,0.0,-1.4649549077352548,1.192086140748864,0.0,4.027101446550526,-1.687369955885709,0.0,-0.7228160660682562,-1.7250832368444737,32.541717585309854,36.8469855847609,69.38870317007076
14.090000000001375,7.23,5.805369301375786,-1.1697504766737687,4.509032613549054,-4.878249346464923,-5.236534950388181,34.737826169846954,0.0,-1.4568954330260735,1.1886934572433292,0.0,4.032343962195882,-1.705308455501264,0.0,-0.6296275327230604,-1.488806773823119,32.63242831333875,36.755384381097166,69.38781269443592
14.092000000001375,7.23,5.8143770312799585,-1.1794377335973378,4.498765226194363,-4.809122828949918,-5.032731135403299,34.392075510921856,0.0,-1.4488256666640082,1.1852649233091193,0.0,4.037394703739005,-1.723220594836095,0.0,-0.5348137655683101,-1.2530341565454581,32.723210705006046,36.66372697190429,69.38693767691034
14.094000000001376,7.23,5.823364626538679,-1.188987415566298,4.48889425711725,-4.740667755509852,-4.840060013430856,34.06623341485529,0.0,-1.4407459822080988,1.1818005908432059,0.0,4.042263591948711,-1.7411071944102918,0.0,-0.4383638373654054,-1.0177329606688976,32.81406726905234,36.572010444897046,69.38607771394939
14.096000000001377,7.23,5.8323328579475495,-1.1984008262415264,4.479397775596754,-4.672845189725444,-4.658190899490843,33.75942736152727,0.0,-1.4326567338053577,1.1783005101061061,0.0,4.0469601235591846,-1.7589690697626894,0.0,-0.3402672400438998,-0.7828721809173069,32.905000298351666,36.48023212140218,69.38523241975385
14.098000000001377,7.23,5.841282453086309,-1.2076791931236375,4.470254488734493,-4.605617891799989,-4.486816386869546,33.47083268749847,0.0,-1.424558257005496,1.174764729734743,0.0,4.051493404160453,-1.7768070285790067,0.0,-0.24051390089380614,-0.5484222357334216,32.99601188378196,36.388389541500466,69.38440142528242
14.100000000001378,7.23,5.850214097548995,-1.2168236708527433,4.461443696493036,-4.538950226167697,-4.325650770608705,33.199669305433105,0.0,-1.4164508695125457,1.1711932967608258,0.0,4.055872178456093,-1.7946218680519583,0.0,-0.13909419999678047,-0.3143549657978514,33.08710392746101,36.296480449868,69.38358437732902
14.102000000001379,7.23,5.859128436087261,-1.2258353443298269,4.452945249778134,-4.472808075418894,-4.174428578654759,32.945198664645645,0.0,-1.4083348718784023,1.167586256634296,0.0,4.060104858121065,-1.812414372436096,0.0,-0.03599898878642669,-0.08064362735259108,33.178278155399205,36.20450278225941,69.38278093765862
14.10400000000138,7.23,5.868026073672719,-1.234715231671894,4.444739511358426,-4.40715876007876,-4.032903201866878,32.706720934103274,0.0,-1.4002105481428757,1.163943653251514,0.0,4.064199547468355,-1.8301853107651525,0.0,0.06878039035834935,0.1527371188725327,33.26953612961704,36.11245465258188,69.38199078219893
14.10600000000138,7.23,5.876907576483815,-1.2434642870121773,4.436807319433101,-4.341970963812109,-3.9008456147817654,32.48357239069624,0.0,-1.3920781664244388,1.1602655289878534,0.0,4.068164067111795,-1.847935434703817,0.0,0.17525208357187674,0.38581122245099053,33.36087925976912,36.020334340512264,69.38121360028138
14.10800000000138,7.23,5.885773472822324,-1.2520834031558445,4.429129953673563,-4.2772146636596995,-3.7780431796823954,32.27512299696295,0.0,-1.3839379794655136,1.1565519247344913,0.0,4.072005975793192,-1.8656654765095264,0.0,0.2834237040878737,0.6186012611899077,33.45230881431535,35.92814027961478,69.38044909393014
14.110000000001381,7.23,5.894624253964285,-1.2605734141009044,4.421689103579428,-4.212861064941903,-3.6642985271238886,32.08077415373602,0.0,-1.3757902251358105,1.1528028799391783,0.0,4.07573259052501,-1.8833761470832449,0.0,0.3933023100218917,0.8511284617082618,33.543825931273474,35.835871045920044,69.37969697719352
14.112000000001382,7.23,5.903460374949826,-1.2689350974333056,4.41446683900232,-4.148882540493418,-3.559428506629599,31.89995661435504,0.0,-1.3676351268969582,1.1490184326508361,0.0,4.079351005184552,-1.9010681340908213,0.0,0.5048943814127377,1.08341272224475,33.63543162858654,35.743525346929765,69.3789569755163
14.114000000001383,7.23,5.9122822553161,-1.2771691766045743,4.407445582702961,-4.085252573918343,-3.4632632017904443,31.732128548185557,0.0,-1.3594728942313754,1.1451986195678505,0.0,4.082868107682102,-1.9187421001391607,0.0,0.6182057965813554,1.315472637340455,33.727126814133946,35.651102011014714,69.37822882514865
14.116000000001383,7.23,5.921090279777261,-1.2852763230997428,4.400608084818124,-4.021945706578384,-3.3756450044799626,31.57677374218701,0.0,-1.3513037230381546,1.1413434760899728,0.0,4.086290595813262,-1.9363986809935798,0.0,0.7332418078622178,1.5473255240946064,33.81891229541364,35.5585999771765,69.37751227259014
14.118000000001384,7.23,5.929884798855188,-1.2932571585027628,4.3939373991241295,-3.9589374880486012,-3.2964277433419977,31.43339993020033,0.0,-1.343127795998465,1.137453036373757,0.0,4.089624991894915,-1.954038483824673,0.0,0.8500070167600802,1.7789874497374374,33.910788788918616,35.46601828514655,69.37680707406517
14.120000000001385,7.23,5.938666129464445,-1.3011122564660917,4.38741686099282,-3.8962044297948464,-3.225475862117284,31.301537240475877,0.0,-1.3349452829128245,1.1335273333914824,0.0,4.092877656274487,-1.9716620854747606,0.0,0.9685053485834804,2.0104732603026987,34.002756929230785,35.373356065798085,69.37611299502888
14.122000000001385,7.23,5.9474345554547705,-1.3088421445906653,4.3810300669444775,-3.83372396184524,-3.1626636437531013,31.18073675274276,0.0,-1.3267563410124128,1.1295663989935223,0.0,4.0960547997934365,-1.989270030735488,0.0,1.0887400266056206,2.24179661021504,34.094817277851114,35.28061253184873,69.37542980969985
14.124000000001386,7.23,5.956190328114188,-1.3164473062220294,4.374760855709856,-3.771474392244695,-3.107874476589644,31.07056915683914,0.0,-1.3185611152464414,1.1255702639741647,0.0,4.0991624952780805,-2.006862830629634,0.0,1.2107135458033667,2.4729699926353392,34.18697033178429,35.18778696883494,69.37475730061922
14.126000000001387,7.23,5.964933666635687,-1.3239281821679998,4.368593290720623,-3.709434869096795,-3.061000159238852,30.97062350557877,0.0,-1.3103597385474566,1.1215389581408624,0.0,4.102206688123827,-2.0244409606913014,0.0,1.3344276462254747,2.704004770430152,34.27921653189345,35.0948787263397,69.37409525823315
14.128000000001387,7.23,5.973664758550251,-1.3312851723428403,4.362511643953952,-3.647585345011366,-3.021940241068997,30.880506055132106,0.0,-1.3021523320763324,1.1174725103869338,0.0,4.105193206032582,-2.0420048592399658,0.0,1.4598832860423705,2.934911207651236,34.37155627103948,35.00188720945818,69.37344348049766
14.130000000001388,7.23,5.982383760128866,-1.3385186373426001,4.356500381062915,-3.5859065437889748,-2.9906013954835453,30.79983918675127,0.0,-1.29393900544859,1.1133709487677197,0.0,4.108127767957383,-2.059554925644701,0.0,1.587080614331127,3.1656985014272605,34.46398990201726,34.90881187048687,69.37280177250413
14.132000000001389,7.23,5.991090796756031,-1.3456288999559263,4.3505441477296785,-3.524379929185405,-2.9668968234367914,30.728260404173927,0.0,-1.285719856943575,1.1092343005802285,0.0,4.111015992303296,-2.0770915185760637,0.0,1.7160189436514106,3.396374814183719,34.556517745300006,34.815652200824076,69.37216994612407
14.13400000000139,7.23,5.999785963277142,-1.352616246614361,4.344627757183393,-3.4629876756100337,-2.950745684864142,30.66542140150189,0.0,-1.2774949736979442,1.105062592446289,0.0,4.113863404428938,-2.0946149542437573,0.0,1.8466967224701083,3.626947306117889,34.64914009660108,34.722407723070376,69.37154781967146
14.13600000000139,7.23,6.008469324322035,-1.3594809287858567,4.338736178829083,-3.4017126406219997,-2.942072555922696,30.610987196774655,0.0,-1.2692644318848116,1.1008558503992423,0.0,4.116675443488953,-2.1121255046192426,0.0,1.9791115074952572,3.8574221678653844,34.74185723426222,34.629077983319874,69.37093521758209
14.13800000000139,7.23,6.017140914606855,-1.3662231643149738,4.332854527937851,-3.3405383390972365,-2.9408069101397167,30.564635326843785,0.0,-1.2610282968798356,1.0966140999742096,0.0,4.11945746865403,-2.129623395643017,0.0,2.1132599359824074,4.087804653301875,34.834669426474335,34.53566254363382,69.37033197010815
14.140000000001391,7.23,6.025800739216326,-1.3728431387129847,4.326968056352326,-3.279448918947854,-2.9468826217535686,30.526055099507946,0.0,-1.2527866234154676,1.0923373663019553,0.0,4.122214764741821,-2.1471088054171266,0.0,2.2491376980798825,4.318099112429995,34.92757693833785,34.44216097468962,69.36973791302748
14.142000000001392,7.23,6.034448773868417,-1.3793410064008755,4.321062144164543,-3.2184291382831245,-2.960237489706115,30.494946899192456,0.0,-1.2445394557244929,1.0880256742063792,0.0,4.124952547289052,-2.164581862384026,0.0,2.3867395092824464,4.548309024305858,35.020580038766454,34.34857284859939,69.36915288736584
14.144000000001393,7.23,6.043084965163295,-1.3857168919080247,4.315122292326345,-3.1574643439084404,-2.980812780906303,30.47102154275145,0.0,-1.2362868276739698,1.0836790483056682,0.0,4.127675967092588,-2.1820426434936295,0.0,2.5260590830665426,4.77843702996364,35.11367900723869,34.25489773189349,69.36857673913218
14.146000000001393,7.23,6.051709230818409,-1.3919708910291357,4.309134116155038,-3.0965404510652053,-3.0085527915359016,30.453999682242642,0.0,-1.2280287628905904,1.0792975131171159,0.0,4.1303901142448,-2.199491172360873,0.0,2.6670891037836824,5.008484965299382,35.20687414039995,34.1611351786651,69.36800931906504
14.148000000001394,7.23,6.060321459891439,-1.3981030719418153,4.303083339699303,-3.0356439243206412,-3.043404425307502,30.44361125176995,0.0,-1.2197652748784622,1.0748810931656445,0.0,4.1331000216864755,-2.2169274174167874,0.0,2.809821199892421,5.2384538938773755,35.30016575851702,34.06728472387333,69.36745048239035
14.150000000001395,7.23,6.068921512992825,-1.4041134762870078,4.296955790932463,-2.974761759522104,-3.085316787715339,30.43959495571496,0.0,-1.2114963671302452,1.070429813096021,0.0,4.135810668298757,-2.234351290056476,0.0,2.954245917613018,5.468344139624142,35.393554211785606,33.97334587680297,69.36690008858858
14.152000000001395,7.23,6.077509222489468,-1.4100021202143371,4.290737397741957,-2.913881466735623,-3.1342407954413236,30.441697795884952,0.0,-1.203222033232548,1.0659436977887764,0.0,4.1385269815538415,-2.251762642787977,0.0,3.100352695092708,5.698155319375942,35.4870398864923,33.87931811467973,69.36635800117202
14.154000000001396,7.23,6.086084392701195,-1.4157689953942456,4.28441418468547,-2.852991054093157,-3.190128800191239,30.44967463529152,0.0,-1.1949422569664518,1.0614227724798333,0.0,4.141253839742831,-2.2691612673864863,0.0,3.248129837173567,5.927886375246878,35.58062321102916,33.78520087644118,69.36582408747034
14.156000000001397,7.23,6.0946468000914695,-1.4214140699986768,4.277972270485487,-2.7920790124774357,-3.2529342263419228,30.46328779644592,0.0,-1.1866570124039848,1.0568670628838024,0.0,4.143996073797873,-2.2865468930587314,0.0,3.3975644908583984,6.157535606784791,35.67430466176058,33.69099355666351,69.36529821842409
14.158000000001397,7.23,6.1031961934538135,-1.4269372896519095,4.271397866235173,-2.7311343009773457,-3.322611221878496,30.482306692213484,0.0,-1.1783662640013435,1.0522765953209476,0.0,4.146758468724639,-2.303919184622874,0.0,3.5486426215742584,6.387100702882945,35.76808476874053,33.596695499645705,69.36478026838623
14.160000000001398,7.23,6.111732294095324,-1.4323385783530196,4.264677274289478,-2.6701463330505724,-3.3991143221924753,30.50650748741157,0.0,-1.1700699666896277,1.0476513968477585,0.0,4.1495457646602985,-2.3212777407096032,0.0,3.701348990336655,6.616578773415538,35.861964121277396,33.50230599365273,69.36427011493012
14.162000000001399,7.23,6.120254796018643,-1.437617839371325,4.257796887816061,-2.6091049633337224,-3.4823981263960233,30.535672789464236,0.0,-1.1617680659638234,1.042991495391111,0.0,4.1523626575713655,-2.3386220919904988,0.0,3.855667131921133,6.845966380565452,35.95594337334377,33.40782426532065,69.36376763866443
14.1640000000014,7.23,6.128763366103664,-1.4427749561160508,4.2507431909813045,-2.548000475043398,-3.5724169858883625,30.56959136654696,0.0,-1.153460497970736,1.038296919885925,0.0,4.155213799605203,-2.3559516994400798,0.0,4.011579334152399,7.075259569813203,36.05002324882738,33.31324947422618,69.36327272305357
14.1660000000014,7.23,6.1372576442902265,-1.4478097929813414,4.243502759747119,-2.486823567914718,-3.669124704981868,30.608057891758918,0.0,-1.1451471895965541,1.0335677004162644,0.0,4.158103799108441,-2.3732659526382314,0.0,4.1690666184241945,7.304453900556314,36.14420454661947,33.2185807076246,69.36278525424407
14.1680000000014,7.23,6.145737243762994,-1.4527221961676473,4.236062263254531,-2.4255653466266165,-3.7724742534651043,30.650872711960655,0.0,-1.1368280585547033,1.0288038683597862,0.0,4.1610372203251895,-2.390564168120087,0.0,4.328108721566378,7.533544476329275,36.23848814553591,33.12381697535983,69.36230512089574
14.170000000001401,7.23,6.154201751139669,-1.4575119944804065,4.228408465770277,-2.3642173096658685,-3.8824174910412967,30.69784164000109,0.0,-1.128503013474613,1.0240054565354404,0.0,4.164018582787621,-2.4078455877805856,0.0,4.48868407917807,7.762525974594863,36.33287500906664,33.028957204951276,69.36183221401791
14.172000000001402,7.23,6.1626507266636406,-1.4621790001068555,4.220528229172651,-2.302771338584277,-3.998904903639434,30.74877576913991,0.0,-1.1201719539919912,1.0191724993542852,0.0,4.1670523604114305,-2.4251093773411756,0.0,4.6507698105482405,7.991392676079202,36.427366189947996,32.934000236861664,69.36136642680967
14.174000000001403,7.23,6.171083704402125,-1.4667230093717125,4.2124085159528155,-2.241219687605763,-4.121885351646566,30.803491308542274,0.0,-1.1118347708412069,1.014305032973324,0.0,4.170142980308372,-2.442354624886419,0.0,4.814341705287158,8.220138493623844,36.52196283455248,32.83894481995182,69.3609076545043
14.176000000001403,7.23,6.179500192450806,-1.471143803472388,4.204036392707658,-2.179554973542279,-4.25130583015868,30.86180943879062,0.0,-1.1034913459503055,1.00940309545217,0.0,4.173294821328346,-2.4595803394782223,0.0,4.979374211793588,8.448757000530614,36.61666618709068,32.74378960712675,69.36045579421743
14.178000000001404,7.23,6.187899673145929,-1.475441149194306,4.1953990341000145,-2.1177701659795187,-4.3871112413895075,30.923556186415897,0.0,-1.095141552539217,1.0044667269124157,0.0,4.176512212343323,-2.476785449855713,0.0,5.145840427683868,8.677241458376491,36.71147759361908,32.64853315117939,69.36001074479847
14.180000000001405,7.23,6.196281603284763,-1.4796147996068336,4.186483727261769,-2.0558585776953375,-4.529244179415383,30.988562316506474,0.0,-1.0867852552216217,0.9994959696994979,0.0,4.179799430285722,-2.4939688032286815,0.0,5.313712092309541,8.905584844278915,36.80639850584782,32.5531739008372,69.35957240668502
14.182000000001405,7.23,6.204645414355297,-1.4836644947402509,4.177277876614956,-1.993813855275623,-4.677644727467652,31.056663242499702,0.0,-1.0784223101110004,0.9944908685468868,0.0,4.183160697953926,-2.5111291641727123,0.0,5.482959581490522,9.133779877594357,36.90143048474253,32.45771019701785,69.35914068176038
14.184000000001406,7.23,6.212990512775964,-1.4875899622441224,4.167769009085536,-1.931629969894116,-4.832250268013292,31.127698952307224,0.0,-1.0700525649312735,0.9894514707423656,0.0,4.18660018159797,-2.528265213633909,0.0,5.653551904589984,9.361819046036699,36.99657520391372,32.36214026929968,69.35871547321341
14.186000000001407,7.23,6.221316280146179,-1.4913909180273657,4.157944779683997,-1.8693012082243248,-4.9929953058885985,31.20151394996309,0.0,-1.061675859132491,0.9843778262961927,0.0,4.190121988298661,-2.545375548051236,0.0,5.825456704056391,9.589694631205436,37.09183445278751,32.26646223261311,69.35829668540062
14.188000000001407,7.23,6.2296220735083665,-1.4950670668802495,4.147792977426408,-1.8068221634532688,-5.15981130477134,31.27795721202135,0.0,-1.0532920240119494,0.9792699881108896,0.0,4.193730163153799,-2.5624586786042345,0.0,5.9986402575561,9.817398733518106,37.187210139551766,32.17067408415892,69.35788422371068
14.190000000001408,7.23,6.23790722562216,-1.498618103078498,4.137301531568933,-1.7441877263682986,-5.332626537291801,31.35688215796144,0.0,-1.0449008828411324,0.9741280121524112,0.0,4.197428686285465,-2.5795130305938563,0.0,6.173067482817735,10.0449232965456,37.28270429387111,32.074773700559405,69.35747799443052
14.192000000001409,7.23,6.246171045251358,-1.5020437109696183,4.126458518128227,-1.6813930764896916,-5.511365949094978,31.43814663389025,0.0,-1.0365022509987873,0.9689519576224008,0.0,4.20122146968286,-2.596536942963734,0.0,6.348701945306039,10.27226013075432,37.37831906936516,31.9787588352481,69.35707790461326
14.19400000000141,7.23,6.25441281746418,-1.5053435655415182,4.115252166659497,-1.6184336732231233,-5.69595103717224,31.52161290885579,0.0,-1.0280959361104804,0.9637418871312715,0.0,4.205112353895451,-2.613528667969147,0.0,6.525505868839304,10.499400936663982,37.47405674584375,31.88262711610396,69.35668386194772
14.19600000000141,7.23,6.262631803947318,-1.5085173329734267,4.103670867263353,-1.5553052470074475,-5.886299742784452,31.60714768311401,0.0,-1.0196817381948948,0.9584978668717802,0.0,4.209105104591795,-2.630486371000462,0.0,6.703440149259553,10.72633732743602,37.569919731293716,31.786376043335313,69.35629577462903
14.19800000000141,7.23,6.270827243334199,-1.5115646711690875,4.091703177791962,-1.492003790434526,-6.082326359295476,31.69462210771061,0.0,-1.01125944981714,0.9532199667928138,0.0,4.213203408999644,-2.6474081305675368,0.0,6.882464371259194,10.953060850912912,37.66591056361163,31.690002987619252,69.35591355123088
14.200000000001411,7.23,6.278998351547839,-1.5144852302721445,4.079337831224361,-1.4285255493190911,-6.283941455230789,31.78391181476405,0.0,-1.0028288562492806,0.9479082607730243,0.0,4.217410872243614,-2.6642919384510475,0.0,7.062536828461411,11.179563011135597,37.762031912077305,31.593505188500977,69.35553710057829
14.202000000001412,7.23,6.2871443221585945,-1.5172786531636,4.066563743180168,-1.3648670136978425,-6.491051812864473,31.8748969578529,0.0,-0.9943897356382799,0.9425628267939947,0.0,4.221731013596942,-2.6811357000262905,0.0,7.243614546844543,11.405835289372225,37.858286578563614,31.496879753058195,69.3551663316218
14.204000000001413,7.23,6.295264326757041,-1.5199445759411845,4.05337001954035,-1.301024908738144,-6.703560382625327,31.967462261932003,0.0,-0.9859418591815119,0.9371837471125872,0.0,4.226167262664353,-2.6979372347643986,0.0,7.425653311592409,11.631869164698141,37.954677498477125,31.400123654834935,69.35480115331205
14.206000000001413,7.23,6.3033575153421895,-1.522482628380437,4.039745964143137,-1.2369961855378295,-6.921366253594044,32.06149708221802,0.0,-0.9774849913099655,0.9317711084320988,0.0,4.230722955513506,-2.7146942769153304,0.0,7.608607697443901,11.857656134174205,38.05120774142685,31.303233733048522,69.35444147447538
14.208000000001414,7.23,6.311423016725128,-1.5248924343772619,4.025681086522626,-1.172778011798718,-7.1443646403429195,32.15689547150432,0.0,-0.9690188898792182,0.9263250020718738,0.0,4.235401330772792,-2.7314044763763254,0.0,7.792431102605308,12.08318773267713,38.1478805116162,31.20620669207357,69.35408720368977
14.210000000001415,7.23,6.319459938948171,-1.5271736123716932,4.011165109657184,-1.108367762357509,-7.372446886343946,32.25355625538103,0.0,-0.9605433063682357,0.9208455241349818,0.0,4.240205525713649,-2.7480653997487736,0.0,7.977075786278227,12.30845555244271,38.24469914795582,31.109039101205788,69.35373824916161
14.212000000001416,7.23,6.327467369719472,-1.529325775752565,3.9961879776942872,-1.0437630095587558,-7.605500484142901,32.35138311485394,0.0,-0.952057986086003,0.9153327756736012,0.0,4.245138572335817,-2.7646745315857286,0.0,8.162492909844728,12.533451262389582,38.3416671238938,31.011727394708608,69.35339451860241
14.214000000001416,7.23,6.335444376863047,-1.5313485332427565,3.9807398636181155,-0.9789615134556122,-7.843409112465543,32.450284675873355,0.0,-0.9435626683859757,0.9097868628517125,0.0,4.2502033934742816,-2.7812292758314605,0.0,8.348632581739285,12.758166627298408,38.438788046961896,30.914267872144464,69.35305591910637
14.216000000001417,7.23,6.34339000878404,-1.5332414892646584,3.964811176825879,-0.9139612118250041,-8.086052690387705,32.55017460530188,0.0,-0.935057086888268,0.9042078971047172,0.0,4.25540279894682,-2.7977269574535306,0.0,8.535443906023907,12.982593526927834,38.53606565803547,30.816656698992375,69.35272235702784
14.218000000001418,7.23,6.351303294949021,-1.5350042442854697,3.9483925705786627,-0.8487602099848071,-8.33330744866324,32.65097171286809,0.0,-0.9265409697094981,0.8985959952956024,0.0,4.260739481761222,-2.8141648242670625,0.0,8.722875034669727,13.206723975155327,38.63350383030636,30.718889907552825,69.35239373785919
14.220000000001418,7.23,6.359183246381042,-1.536636395141924,3.931474949292406,-0.7833567704014933,-8.585046018264322,32.7526000586726,0.0,-0.9180140397001431,0.8929512798672675,0.0,4.266216014401363,-2.830540048949868,0.0,8.910873223533843,13.43055013923729,38.73110656796844,30.620963398140447,69.35206996610889
14.222000000001419,7.23,6.367028856169069,-1.5381375353440119,3.914049475634575,-0.7177493020775609,-8.841137536146999,32.854989065833244,0.0,-0.9094760146892249,0.8872738789906273,0.0,4.271834845211341,-2.846849731246098,0.0,9.099384892005489,13.654064359288952,38.82887800461545,30.52287294056419,69.35175094517965
14.22400000000142,7.23,6.374839099991403,-1.5395072553572489,3.896107577392098,-0.6519363497088619,-9.101447768210008,32.958073637877064,0.0,-0.9009266077361092,0.8815639267081237,0.0,4.277598294896832,-2.8630909003551035,0.0,9.288355686280319,13.877259168090026,38.92682240135234,30.424614175894217,69.35143657724656
14.22600000000142,7.23,6.3826129366525635,-1.540745142863021,3.8776409540762486,-0.5859165826027103,-9.365839249370644,33.06179428050939,0.0,-0.8923655273891777,0.8758215630722798,0.0,4.2835085531627035,-2.879260517501197,0.0,9.477730546206182,14.100127311327508,39.02494414462128,30.326182618514157,69.35112676313544
14.22800000000142,7.23,6.390349308633101,-1.5418507829965205,3.8586415832303613,-0.5196887833483651,-9.634171440633656,33.166097227414454,0.0,-0.8837924779510731,0.8700469342789364,0.0,4.289567675505767,-2.895355478678846,0.0,9.667453775627228,14.322661768391626,39.12324774374467,30.227573658456574,69.35082140220125
14.230000000001422,7.23,6.398047142651694,-1.5428237585617675,3.839101726406549,-0.45325183623214965,-9.906300902982379,33.270934569767746,0.0,-0.8752071597501744,0.8642401927948243,0.0,4.295777580181253,-2.911372617566765,0.0,9.857469116137079,14.544855773845201,39.22173782818745,30.128782564018845,69.35052039220629
14.232000000001422,7.23,6.405705350238845,-1.543663650223201,3.819013934777995,-0.3866047153900811,-10.182081487872736,33.376264389167055,0.0,-0.8666092694179706,0.8584014974791537,0.0,4.302140045361217,-2.9273087086034275,0.0,10.047719824135676,14.76670283969012,39.32041914454226,30.02980448465636,69.35022362919861
14.234000000001423,7.23,6.413322828321403,-1.5443700366733082,3.7983710543538716,-0.31974647269144196,-10.461364544062704,33.48205089371892,0.0,-0.8579985001718936,0.8525310136988884,0.0,4.308656706502742,-2.943160470215179,0.0,10.238148751067165,14.988196778557937,39.419296553241594,29.93063445414865,69.34993100739024
14.236000000001424,7.23,6.420898459817098,-1.5449424947757442,3.777166230764522,-0.2526762253472194,-10.74399914046176,33.58826455704795,0.0,-0.8493745421031995,0.8466289134374255,0.0,4.315329053943187,-2.9589245681872693,0.0,10.428698426700398,15.209331727953531,39.51837502500121,29.831267394034217,69.34964241903543
14.238000000001424,7.23,6.428431114238184,-1.545380599683392,3.755392913585219,-0.1853931432377732,-11.029832304637804,33.69488226002998,0.0,-0.8407370824694169,0.8406953753963982,0.0,4.322158430739181,-2.9745976191668886,0.0,10.6193111452969,15.430102175682686,39.617659637000266,29.731698117308543,69.34935775430881
14.240000000001425,7.23,6.435919648303246,-1.5456839249307897,3.7330448601675896,-0.11789643595445311,-11.318709276572346,33.80188743508496,0.0,-0.8320858059908616,0.8347305850903493,0.0,4.329146030765388,-2.9901761942862812,0.0,10.80992905449521,15.650502986595223,39.71715556880399,29.631921332379534,69.34907690118352
14.242000000001426,7.23,6.4433629065561515,-1.5458520425003524,3.710116138948651,-0.050185339550179064,-11.610473777210915,33.909270212904154,0.0,-0.823420395150676,0.828734734934045,0.0,4.33629289708831,-3.005656822892903,0.0,11.00049424672481,15.8705294307757,39.8168680980353,29.531931647273872,69.34879974530918
14.244000000001426,7.23,6.450759721991075,-1.5458845228618001,3.686601132208363,0.017740897005790693,-11.904968291311924,34.01702757152487,0.0,-0.8147405304978361,0.8227080243222396,0.0,4.343599920629495,-3.0210359963726243,0.0,11.190948852947805,16.090177213312895,39.91680259580221,29.431723574087407,69.34852616988962
14.246000000001427,7.23,6.4581089166824555,-1.5457809349841947,3.662494538247623,0.08588302567354868,-12.202034364057612,34.125163487709806,0.0,-0.8060458909525358,0.8166506597017075,0.0,4.351067839131688,-3.0363101720509404,0.0,11.381235138511956,16.309442505778375,40.01696452188873,29.331291533671987,69.34825605556071
14.248000000001428,7.23,6.465409302418719,-1.545540846319982,3.6377913729597546,0.15424181349328736,-12.50151291085294,34.23368909063255,0.0,-0.797336154113319,0.81056285463541,0.0,4.358697236440416,-3.051475777156159,0.0,11.571295600884723,16.528321979542405,40.11735941971731,29.230629860550625,69.34798928026794
14.250000000001428,7.23,6.472659681338506,-1.5451638227604232,3.612486970769711,0.22281805704576169,-12.803244539703595,34.342622817918674,0.0,-0.7886109965653306,0.804444829858689,0.0,4.3664885421124255,-3.0665292128276795,0.0,11.761073069025356,16.746812841052837,40.217992911091024,29.12973280805263,69.34772571914365
14.252000000001429,7.23,6.47985884656813,-1.5446494285617909,3.586576984916473,0.2916125972272683,-13.107069885534049,34.45199057414261,0.0,-0.7798700941890018,0.7982968133274069,0.0,4.37444203136137,-3.0814668581515017,0.0,11.95051080413962,16.964912869199615,40.31887069072463,29.028594553659598,69.34746524438422
14.25400000000143,7.23,6.487005582858925,-1.5439972262416983,3.560057387055425,0.36062633434419583,-13.412829955779392,34.561825891933466,0.0,-0.7711131224685195,0.7921190402580127,0.0,4.382557825349793,-3.0962850742044443,0.0,12.139552601551634,17.182620454883434,40.41999852057385,28.927209204553115,69.34720772512696
14.25600000000143,7.23,6.494098667223091,-1.5432067764449133,3.5329244661588426,0.4298602435325663,-13.720366486562725,34.672170095899986,0.0,-0.7623397567993365,0.7859117531595213,0.0,4.390835891835415,-3.1109802080875406,0.0,12.328142893416498,17.399934642903283,40.52138222397201,28.825570803354406,69.34695302732642
14.25800000000143,7.23,6.501136869566637,-1.5422776377780048,3.5051748266940246,0.49931539050846274,-14.029522308752014,34.78307246964353,0.0,-0.7535496727940458,0.779675201857448,0.0,4.399276046178312,-3.1255485969286303,0.0,12.516226851989977,17.616855176272466,40.623027679585014,28.723673334045763,69.34670101363078
14.260000000001432,7.23,6.508118953317927,-1.541209366612151,3.4768053860600334,0.568992947655842,-14.340141723177942,34.89459042619102,0.0,-0.7447425465858644,0.7734096435097999,0.0,4.407877952714285,-3.1399865718333073,0.0,12.703750493163557,17.833382543067632,40.72494081519312,28.621510728064084,69.3464515432572
14.262000000001432,7.23,6.515043676050351,-1.5400015168534302,3.4478133712654375,0.6388942104589577,-14.652070884287781,35.006789682245845,0.0,-0.7359180551290068,0.7671153426152193,0.0,4.416641126498462,-3.1542904617629466,0.0,12.890660779968055,18.049518025910434,40.82712760131179,28.519076870555402,69.3462044718672
14.264000000001433,7.23,6.521909790097575,-1.5386536396798944,3.418196314830919,0.7090206142874859,-14.965158191508358,35.119744436723515,0.0,-0.7270758764951962,0.76079257101347,0.0,4.425564935421679,-3.168456597317916,0.0,13.076905725744211,18.26526375417531,40.92959404466057,28.416365606780353,69.34595965144092
14.266000000001434,7.23,6.528716043159813,-1.537165283244712,3.3879520499020455,0.7793737515434492,-15.279254687596797,35.2335375541124,0.0,-0.7182156901655686,0.754441607878471,0.0,4.434648602700892,-3.182481314403696,0.0,13.262434496676402,18.480622759011606,41.0323461814911,28.31337074865985,69.34571693015096
14.268000000001434,7.23,6.535461178899522,-1.5355359923446477,3.357078704558946,0.8499553891801952,-15.594214463269122,35.348260753277245,0.0,-0.7093371773172228,0.7480627397041267,0.0,4.443891209743466,-3.1963609577572116,0.0,13.44719751338412,18.695599031262777,41.13539007078506,28.21008608145,69.34547615223505
14.270000000001435,7.23,6.5421439375249,-1.533765308053122,3.3255746953110306,0.9207674866049957,-15.909895067413823,35.46401480240199,0.0,-0.700440021103667,0.7416562602832704,0.0,4.45329169938378,-3.210091884310392,0.0,13.631146551266566,18.910197582359817,41.2387317873319,28.10650537053609,69.34523715786798
14.272000000001436,7.23,6.548763056359554,-1.5318527673170714,3.293438719766258,0.991812213978319,-16.226157922223955,35.58090972085702,0.0,-0.6915239069284195,0.7352224706800563,0.0,4.4628488794892425,-3.2236704663676647,0.0,13.814234839297248,19.124424508261015,41.342377414697204,28.002622368334762,69.34499978303197
14.274000000001436,7.23,6.55531727039667,-1.5297979025168014,3.26066974846575,1.0630919709244755,-16.542868742611528,35.699064988861906,0.0,-0.6825885227110449,0.7287616791962079,0.0,4.472561426931455,-3.2370930945740612,0.0,13.99641715697002,19.338287056505756,41.446333038091986,27.89843082129412,69.3447638593861
14.276000000001437,7.23,6.561805312836015,-1.5276002409879925,3.227267015875799,1.1346094056701852,-16.859897959308903,35.81860976591287,0.0,-0.6736335591448659,0.7222742013315546,0.0,4.482427891916948,-3.250356180650189,0.0,14.177649929101685,19.551793696445714,41.550604737151986,27.79392447698173,69.34452921413371
14.278000000001438,7.23,6.568225915602071,-1.5252593045049871,3.1932300105304456,1.2063674346296418,-17.177121145107552,35.93968311904173,0.0,-0.6646587099456756,0.71576035973935,0.0,4.492446702670651,-3.2634561598706013,0.0,14.357891318204679,19.764954192713816,41.655198578637815,27.68909709125042,69.34429566988824
14.280000000001438,7.23,6.574577809841596,-1.5227746087244418,3.1585584643188622,1.2783692624568945,-17.494419443739368,36.062434262080004,0.0,-0.6556636720907263,0.7092204841769123,0.0,4.502616170463984,-3.276389493261764,0.0,14.537101314150075,19.977779681988466,41.76012060906418,27.583942435472615,69.3440630445368
14.282000000001439,7.23,6.580859726398914,-1.5201456625883882,3.1232523409126944,1.350618402588824,-17.811680000968437,36.18702280721325,0.0,-0.6466481460473363,0.7026549114521699,0.0,4.5129344949783405,-3.2891526694960707,0.0,14.715241820851952,20.19028275310952,41.86537684726751,27.47845430383405,69.34383115110157
14.28400000000144,7.23,6.587070396267181,-1.5173719676856965,3.0873118233293204,1.4231186983046737,-18.128796397530937,36.313619030229816,0.0,-0.637611835990431,0.6960639853667367,0.0,4.523399769993638,-3.3017422064581883,0.0,14.892276739714072,20.402477530602237,41.97097327692016,27.372626520678185,69.34359979759834
14.28600000000144,7.23,6.593208551013918,-1.5144530175708788,3.0507373006276275,1.495874344331037,-18.445669083639512,36.4424041509932,0.0,-0.6285544500083913,0.6894480566562065,0.0,4.534009989390508,-3.3141546524602417,0.0,15.068172049592722,20.61437976166619,42.0769158389985,27.266452947893413,69.34336878689192
14.28800000000144,7.23,6.599272923179068,-1.5113882970391115,3.0135293537333854,1.5688899090243849,-18.762205814855662,36.57357063080279,0.0,-0.6194757002966064,0.6828074829283854,0.0,4.544763053453843,-3.326386587082424,0.0,15.24289588304287,20.826006906689216,42.18321042421276,27.159927492335612,69.34313791654837
14.290000000001442,7.23,6.605262246643826,-1.5081772813562853,2.975688740391605,1.642170357166696,-19.07832208922831,36.70732248844892,0.0,-0.6103753033381114,0.6761426286002366,0.0,4.555656775464506,-3.3384346216155674,0.0,15.416418598628514,21.03737823335049,42.289862865404,27.05304411327927,69.34290697868326
14.292000000001442,7.23,6.6111752569684965,-1.504819435442818,2.9372163792433588,1.7157210734135073,-19.393941585701274,36.84387563692249,0.0,-0.6012529800707779,0.6694538648343596,0.0,4.56668888856524,-3.3502953990824693,0.0,15.588712849094035,21.2485149143828,42.39687892991414,26.945796829891318,69.34267575980546
14.294000000001443,7.23,6.6170106916976374,-1.501314213009883,2.8981133330244373,1.789547886437794,-19.70899660390494,36.98345824290175,0.0,-0.5921084560405059,0.6627415694758647,0.0,4.577857052886224,-3.3619655938147095,0.0,15.759753645208887,21.459440129072632,42.50426431193392,26.83817972872241,69.34244404065633
14.296000000001444,7.23,6.622767290630711,-1.4976610556466168,2.8583807908828485,1.863657093817496,-20.023428505569576,37.126311111315495,0.0,-0.5829414615399098,0.6560061269905552,0.0,4.589158862915088,-3.373441910561716,0.0,15.929518415114305,21.670179168586436,42.61202462483213,26.730186971211406,69.34221159604354
14.298000000001444,7.23,6.628443796056488,-1.4938593918567602,2.8180200498115795,1.9380554877193008,-20.33718815792867,37.272688097468865,0.0,-0.5737517317320435,0.6492479284053846,0.0,4.600591855095775,-3.3847210831089036,0.0,16.097987059018127,21.88075954522398,42.72016539346884,26.621812801199937,69.34197819466877
14.300000000001445,7.23,6.634038952949431,-1.4899086360430924,2.7770324951921483,2.0127503814364656,-20.650236379622505,37.42285654942389,0.0,-0.5645390067587105,0.6424673712521827,0.0,4.612153515640369,-3.3957998723814926,0.0,16.265141999100223,22.091211105715086,42.82869204649468,26.513051552454467,69.34174359894915
14.302000000001446,7.23,6.639551509126269,-1.4858081874378801,2.7354195804433155,2.087749636844055,-20.962544389762687,37.57709778354411,0.0,-0.5553030318329393,0.6356648595157097,0.0,4.623841288537737,-3.406675064010436,0.0,16.430968224508227,22.301566148693308,42.937609908635984,26.403897656194943,69.34150756483092
14.304000000001446,7.23,6.644980215360972,-1.4815574289774431,2.6931828057678344,2.163061692841034,-21.274094260980515,37.73570759635251,0.0,-0.5460435573152708,0.6288408035871347,0.0,4.635652583742775,-3.417343465336695,0.0,16.595453331340487,22.511859546500556,43.046924192965825,26.294345648629847,69.34126984159568
14.306000000001447,7.23,6.650323825456304,-1.477155726118785,2.6503236959883125,2.238695594855202,-21.584879377454943,37.89899681610915,0.0,-0.5367603387734916,0.6219956202240864,0.0,4.647584785530089,-3.42780190182952,0.0,16.75858755752873,22.722128871500363,43.156639993158485,26.1843901784989,69.3410301716574
14.308000000001448,7.23,6.655581096270136,-1.472602425596083,2.60684377746107,2.314661025494047,-21.894904899100144,38.067291897795336,0.0,-0.5274531370255131,0.6151297325184797,0.0,4.659635260996054,-3.43804721289393,0.0,16.920363812549354,22.93241452710354,43.26676227572366,26.07402601462602,69.34078829034968
14.310000000001448,7.23,6.660750787694641,-1.467896854114655,2.562744554054337,2.39096833643227,-22.204188233291173,38.24093556549872,0.0,-0.5181217181651048,0.6082435698733484,0.0,4.6718013686936395,-3.4480762470417368,0.0,17.08077770190628,23.142759883740947,43.37729587221658,25.96324805348624,69.34054392570282
14.312000000001449,7.23,6.665831662586514,-1.4630383169798342,2.518027482174159,2.467628581635053,-22.512759515714905,38.42028750652413,0.0,-0.5087658535702451,0.6013375679900065,0.0,4.684080467384531,-3.4578858563996024,0.0,17.2398275463425,23.353211420050034,43.48824547141648,25.852051326792186,69.34029679820867
14.31400000000145,7.23,6.670822486646259,-1.45802609665797,2.4726939448179883,2.5446535520251476,-22.820662102161087,38.605725121924436,0.0,-0.49938531989385454,0.5944121688668664,0.0,4.6964699248939406,-3.467472890526288,0.0,17.39751439574895,23.563818869581112,43.59961561146634,25.740431009106764,69.3400466205731
14.31600000000145,7.23,6.675722028244596,-1.4528594512665554,2.4267452246320675,2.622055811711647,-23.127953073307033,38.79764433854082,0.0,-0.48997989903673766,0.5874678208113489,0.0,4.708967127053871,-3.476834189509942,0.0,17.55384203775004,23.774635373368845,43.71141067196373,25.62838242549087,69.3397930974546
14.318000000001451,7.23,6.680529058193971,-1.4475376129902287,2.380182475944344,2.6998487359089096,-23.4347037548096,38.99646048808441,0.0,-0.48054937810254816,0.5805049784663341,0.0,4.721569486721606,-3.4859665763143743,0.0,17.708817000953097,23.985717638761567,43.823634865991224,25.515901059196086,69.3395359251873
14.320000000001452,7.23,6.685242349463069,-1.4420597864191307,2.33300669573977,2.778046550685653,-23.74100025529399,39.20260925927153,0.0,-0.47109354933466346,0.5735241028527078,0.0,4.734274452860937,-3.494866848341312,0.0,17.862448552855174,24.197126104950335,43.93629223207287,25.402982559414788,69.33927479148767
14.322000000001452,7.23,6.689860676832193,-1.4364251468058085,2.285218693539349,2.8566643746967633,-24.04694402512747,39.416547729555674,0.0,-0.46161221003483666,0.5665256614295868,0.0,4.747079519674817,-3.5035317681730787,0.0,18.01474869240357,24.408925115695716,44.04938662604193,25.28962274910132,69.33900937514325
14.324000000001453,7.23,6.694382816487274,-1.4306328382365348,2.2368190601382096,2.935718263064053,-24.352652439187043,39.63875548358569,0.0,-0.45210516246354354,0.5595101281739147,0.0,4.759982235779113,-3.5119580534572936,0.0,18.16573213720639,24.621183099809947,44.16292171280106,25.1758176328806,69.33873934568166
14.326000000001454,7.23,6.698807545550163,-1.4246819717125683,2.187808135151224,3.015225253587065,-24.658259407176402,39.86973582616386,0.0,-0.44257221372193845,0.5524779836811802,0.0,4.7729802134085215,-3.520142365891817,0.0,18.315416305385998,24.833972760019268,44.27690095795573,25.06156340506235,69.33846436301809
14.328000000001454,7.23,6.703133641542778,-1.4185716231364978,2.138185973307206,3.0952034154812997,-24.963916015423226,40.11001709819321,0.0,-0.43301317561538943,0.5454297152891021,0.0,4.786071137646949,-3.528081299264408,0.0,18.463821292060953,25.04737127090262,44.3913276192984,24.946856457781386,69.33818407707979
14.330000000001455,7.23,6.70735988178254,-1.4123008311984062,2.0879523094244625,3.1756719008589678,-25.269791204494545,40.36015410489189,0.0,-0.4234278644985157,0.5383658172262193,0.0,4.79925277567624,-3.5357713664969266,0.0,18.610969840429355,25.26146048668303,44.506204738118015,24.831693389287274,69.33789812740528
14.332000000001456,7.23,6.7114850427063635,-1.405868595156136,2.0371065219913587,3.256650999186815,-25.576072487410894,40.62072966642934,0.0,-0.4138161011017243,0.531286790787436,0.0,4.812522986038577,-3.543208985639041,0.0,18.756887307410256,25.476327159733334,44.621535130307294,24.716071012408946,69.33760614271624
14.334000000001456,7.23,6.7155078991203565,-1.3992738725034513,1.9856475952655201,3.338162194976806,-25.882966713722773,40.892356302108226,0.0,-0.4041777103392028,0.5241931445386772,0.0,4.825879727909653,-3.55039046475041,0.0,18.901601623776305,25.69206317075289,44.7373213772365,24.599986363222822,69.33730774045932
14.336000000001457,7.23,6.71942722337215,-1.392515576519354,1.933574079794249,3.4202282289887735,-26.19070088524108,41.17567806029574,0.0,-0.39451252109836304,0.5170853945529463,0.0,4.839321070381385,-3.557311985603836,0.0,19.045143248682276,25.908765771674446,44.85356581635996,24.483436709956234,69.3370025263162
14.338000000001458,7.23,6.723241784442598,-1.3855925736912325,1.8808840512465776,3.5028731632497214,-26.499523029791778,41.47137250750545,0.0,-0.3848203660106983,0.5099640646802183,0.0,4.852845201754828,-3.5639695861342626,0.0,19.18754511845717,26.12653784247286,44.970270531517166,24.366419562161038,69.3366900936782
14.340000000001458,7.23,6.726950346953358,-1.378503681003879,1.82757506743402,3.5861224502225775,-26.80970314000047,41.78015289136387,0.0,-0.3751010812040527,0.5028296868537561,0.0,4.866450438845833,-3.57035914155008,0.0,19.328842589483646,26.345488163170355,45.08743734288704,24.248932680196006,69.33637002308305
14.342000000001459,7.23,6.730551670086585,-1.371247663085721,1.7736441233823736,3.670003006488123,-27.12153418481349,42.10277049368194,0.0,-0.36535450603625363,0.49568280143561727,0.0,4.88013523630807,-3.5764763440134777,0.0,19.46907337493431,26.565731702467584,45.20506779654983,24.130974085060473,69.3360418816103
14.34400000000146,7.23,6.734044506412689,-1.3638232292028456,1.7190876043007612,3.754543291337888,-27.43533320223397,42.44001719150589,0.0,-0.3555804828100829,0.48852395760431677,0.0,4.893898195980006,-3.582316680785727,0.0,19.608277475070413,26.787389924576658,45.323163153606075,24.012542068625997,69.33570522223206
14.34600000000146,7.23,6.737427600621796,-1.3562290300905686,1.6639012362762993,3.839773390713366,-27.751442482606823,42.79272824586959,0.0,-0.3457788564695107,0.4813537137878281,0.0,4.907738076264678,-3.587875410720894,0.0,19.746497100732082,27.010591115994504,45.44172437879753,23.8936352043174,69.33535958311492
14.348000000001461,7.23,6.74069968815416,-1.3484636546113853,1.6080800345031805,3.925725106968364,-28.070230852733335,43.16178534003234,0.0,-0.3359494742771431,0.47417263814535826,0.0,4.921653801553251,-3.5931475389776653,0.0,19.88377658955988,27.23547073413153,45.560752128569376,23.77425235829966,69.33500448686904
14.350000000001462,7.23,6.743859493724389,-1.3405256262271414,1.5516182488333685,4.012432054977138,-28.392095072148688,43.54811989129241,0.0,-0.3260921854727445,0.46698130910159186,0.0,4.9356444717056815,-3.598127789803029,0.0,20.020162314381086,27.462171779906317,45.680246738507236,23.654392701232698,69.33463943973993
14.352000000001462,7.23,6.74690572973391,-1.3324133992721696,1.4945093064122819,4.099929765161679,-28.71746135406483,43.9527166630439,0.0,-0.3162068409127544,0.45978031593744095,0.0,4.949709371603968,-3.6028105772240453,0.0,20.15570258307201,27.690845196630452,45.8002082100752,23.53405572066242,69.33426393073762
14.354000000001463,7.23,6.74983709456556,-1.324125355012931,1.4367457511365622,4.188255794067668,-29.046787024786042,44.376617706632445,0.0,-0.30629329269058525,0.4525702594416422,0.0,4.963847980796102,-3.6071899734635107,0.0,20.290447529061765,27.921650297745632,45.92063619657503,23.41324123412292,69.33387743069795
14.356000000001464,7.23,6.752652270753687,-1.3156597974783875,1.3783191796419818,4.277449843180911,-29.380562336857956,44.82092666579808,0.0,-0.2963513937375406,0.44535175262797366,0.0,4.9780599832508905,-3.6112596748728745,0.0,20.42444899147644,28.15475522623475,46.04152998823749,23.29194940303264,69.33347939127013
14.358000000001464,7.23,6.75534992302248,-1.3070149490438703,1.3192201734974245,4.367553886745193,-29.719312452837336,45.286813480120834,0.0,-0.2863809974040798,0.4381254215232787,0.0,4.9923452772464945,-3.6150129651497567,0.0,20.557760383724894,28.390337448818087,46.16288849634785,23.17018074747544,69.33306924382329
14.360000000001465,7.23,6.757928696184599,-1.2981889457496227,1.2594382272453204,4.458612309419319,-30.06359961838734,45.77551952795064,0.0,-0.2763819570211588,0.43089190603198,0.0,5.006703985417739,-3.6184426755784522,0.0,20.690436549100376,28.628584288364728,46.28471023629876,23.047936161966984,69.33264639826574
14.362000000001466,7.23,6.760387212891408,-1.2891798323334256,1.1989616718895046,4.550672054696526,-30.414025545440182,46.28836325387146,0.0,-0.26635412544128867,0.42365186088333007,0.0,5.021136464989742,-3.621541141998557,0.0,20.822533601704638,28.869693498303217,46.40699330945097,22.92521693231719,69.33221024176817
14.364000000001466,7.23,6.762724071225262,-1.279985556954783,1.1377775933877523,4.643782785104605,-30.77123402845169,46.826746330877306,0.0,-0.2562973545589118,0.41640595666827196,0.0,5.035643318227626,-3.624300158169308,0.0,20.954108750690974,29.113873883207997,46.52973538367071,22.802024753711578,69.33176013738229
14.366000000001467,7.23,6.7649378421233735,-1.270603965585999,1.0758717456576778,4.737997055311063,-31.135913819333794,47.392160413203676,0.0,-0.24621149480964255,0.4091548809734782,0.0,5.050225403134355,-3.6267109251545513,0.0,21.085220105460042,29.361345970174263,46.65293367239876,22.67836175014675,69.33129542254551
14.368000000001468,7.23,6.767027066621768,-1.2610327960431142,1.0132284575506971,4.833370499375891,-31.508801789526753,47.98619454223876,0.0,-0.23609639464782256,0.40189933962094604,0.0,5.064883844430867,-3.6287639963044027,0.0,21.215926459017645,29.61234273607959,46.7765849120894,22.55423049537073,69.33081540746014
14.370000000001468,7.23,6.7689902529066455,-1.2512696716270555,0.9498305331886624,4.929962033526508,-31.890686410903594,48.61054327522878,0.0,-0.22595190000180726,0.3946400580224233,0.0,5.07962004485444,-3.630449217354313,0.0,21.34628704620795,29.867110396369522,46.90068533784106,22.429634035494995,69.33031937333605
14.372000000001469,7.23,6.770825873159224,-1.2413120943424591,0.8856591449908355,5.027834075976903,-32.282411590829426,49.26701561469316,0.0,-0.21577785370629815,0.3873777826589647,0.0,5.09443569681297,-3.631755661098648,0.0,21.476361272953472,30.12590926160711,47.025230657019186,22.304575913464,69.32980657048319
14.37400000000147,7.23,6.77253236017872,-1.23115743765842,0.8206937186442217,5.127052785477884,-32.68488090077837,49.95754482569153,0.0,-0.20557409491098644,0.380113282697069,0.0,5.109332794433984,-3.6326715560234177,0.0,21.60620841195025,30.38901466869667,47.15021602065012,22.17906019558918,69.3292762162393
14.37600000000147,7.23,6.774108103766515,-1.2208029387718662,0.7549118091869854,5.227688320469777,-33.0990622424977,50.684199238466704,0.0,-0.1953404584646502,0.37284735175415873,0.0,5.124313646048088,-3.6331842081993426,0.0,21.735887259462494,30.65671799444176,47.27563599233855,22.05309150037836,69.32872749271691
14.378000000001471,7.23,6.77555144685286,-1.2102456903303132,0.6882889672816422,5.329815120915443,-33.52599300086113,51.449194145662425,0.0,-0.1850767742738228,0.36558080982766905,0.0,5.139380887146441,-3.633279915640993,0.0,21.865455746914446,30.92932775993201,47.40148451443217,21.926675029918982,69.32815954435115
14.380000000001472,7.23,6.776860681345447,-1.1994826315663683,0.6207985946507626,5.433512215122693,-33.96678573834033,52.2549049164406,0.0,-0.17478286663503906,0.3583145054036887,0.0,5.15453749385124,-3.632943874227606,0.0,21.994970499858727,31.207170835188858,47.52775487112366,21.799816604104493,69.32757147522815
14.382000000001472,7.23,6.778034043677089,-1.1885105387914836,0.5524117875317011,5.538863554124329,-34.422634492519045,53.1038814645691,0.0,-0.16445855353957578,0.3510493177630436,0.0,5.169786796936213,-3.6321600741541378,0.0,22.12448633557593,31.490593754542278,47.65443964814314,21.67252269802889,69.32696234617202
14.384000000001473,7.23,6.779069710027275,-1.177326015191036,0.483097166876881,5.645958376474361,-34.894821745348885,53.99886422409231,0.0,-0.15410364594958825,0.3437861595049112,0.0,5.185132496430734,-3.6309111857347216,0.0,22.254055688992484,31.779964154376515,47.78153068865,21.544800482914596,69.32633117156459
14.386000000001474,7.23,6.779965791189693,-1.165925479856774,0.41282069388078324,5.754891606644382,-35.38472614098783,54.94280180473027,0.0,-0.14371794704440577,0.3365259793105835,0.0,5.200578676835897,-3.6291784332105754,0.0,22.38372795473629,32.075672346183254,47.909019044883856,21.416657870985794,69.32567691586965
14.388000000001474,7.23,6.780720327054845,-1.1543051559859472,0.3415454692521899,5.865764290568641,-35.893831038148036,55.93887051987053,0.0,-0.13330125143576665,0.3292697649728705,0.0,5.21612982297327,-3.6269414550176564,0.0,22.5135487309298,32.37813303931405,48.036894925078606,21.288103564752053,69.32499848983066
14.390000000001475,7.23,6.781331280673488,-1.1424610581689372,0.2692315144684624,5.978684072294821,-36.42373399298453,56.990496003105775,0.0,-0.12285334435070205,0.32201854671996943,0.0,5.231790836475978,-3.6241781487400786,0.0,22.64355894766601,32.68778722944034,48.165147635076515,21.159147111228794,69.32429474630531
14.392000000001476,7.23,6.781796531862946,-1.1303889786788428,0.1958355330455685,6.0937657161545316,-36.976157279754766,58.10137715491355,0.0,-0.11237400078079479,0.31477340086641126,0.0,5.247567052917091,-3.620864498708422,0.0,22.773793859939303,33.005104270533096,48.29376551400626,21.029798961691586,69.32356447569785
14.394000000001476,7.23,6.782113870314178,-1.118084472667148,0.12131064963098348,6.211131679378624,-37.55295956881541,59.2755126894074,0.0,-0.10186298459655352,0.30753545382810066,0.0,5.2634642595500125,-3.6169743838902155,0.0,22.90428188099479,33.330584150173564,48.42273586330023,20.90007053764281,69.32280640094305
14.396000000001477,7.23,6.7822809881528325,-1.105542842159184,0.045606124474167245,6.330912740652891,-38.15614889501983,60.5172305821944,0.0,-0.09132004762571316,0.3003058865435142,0.0,5.2794887136089645,-3.6124793633548355,0.0,23.035043227480305,33.664759990223764,48.55204486822776,20.769974303763874,69.32201917199163
14.398000000001478,7.23,6.782295471902378,-1.0927591187314891,-0.031332959451225315,6.453248690745106,-38.78789706420116,61.83122075422288,0.0,-0.08074492869445066,0.29308593934898053,0.0,5.295647161082221,-3.607348436166976,0.0,23.166088342266043,34.00820079733007,48.68167751100347,20.63952384873556,69.32120135973904
14.400000000001478,7.23,6.782154793791622,-1.079728044740209,-0.1095660397100757,6.57828909204015,-39.450555661064094,63.222571362916305,0.0,-0.07013735263065862,0.28587691736274257,0.0,5.311946855824628,-3.6015477720591056,0.0,23.29741605412397,34.36151449041812,48.81161747439569,20.50873397493666,69.32035144933235
14.402000000001479,7.23,6.7818563023425416,-1.0664440529552388,-0.18915745143308593,6.706194114600677,-40.146673838232765,64.69680911042875,0.0,-0.05949702922881378,0.278680196440395,0.0,5.328395578815455,-3.5950404086400303,0.0,23.429011425376434,34.72535123526414,48.94184703460203,20.377620798179812,69.31946783278184
14.40400000000148,7.23,6.7813972121671915,-1.0529012444387345,-0.27017684186447094,6.837135457230134,-40.879018083003984,66.25994401871999,0.0,-0.048823652176379906,0.2714972297734335,0.0,5.345001657289359,-3.5877859101953673,0.0,23.56084322880137,35.10040711939265,49.072346941975965,20.24620185881681,69.31854880079277
14.40600000000148,7.23,6.780774592894566,-1.0390933644887275,-0.35269962659560883,6.971297362954246,-41.65059417487653,67.91851916099392,0.0,-0.03811689794236972,0.26432955521337176,0.0,5.361773983366404,-3.5797399823055907,0.0,23.692860983118567,35.487428203928545,49.20309628797335,20.1144962457494,69.31759253372275
14.408000000001481,7.23,6.779985357139505,-1.0250137764487577,-0.4368074920918201,7.108877739354315,-42.46467156212825,69.6796658767301,0.0,-0.02737642462953882,0.25717880341637855,0.0,5.378722031675435,-3.5708540355219336,0.0,23.82499146176926,35.88721499257998,49.33407235643561,19.98252473512021,69.31659709155582
14.410000000001482,7.23,6.779026247416058,-1.0106554331624789,-0.5225889495888831,7.250089395273512,-43.32481039802541,71.55116502979283,0.0,-0.016601870792881168,0.25004670691805164,0.0,5.395855875294677,-3.5610746901682866,0.0,23.95713457180504,36.300627361564985,49.465250457030415,19.850309945739973,69.31556040277039
14.412000000001482,7.23,6.7778938218871065,-0.9960108458280243,-0.6101399459251805,7.395161406560278,-44.234891484332,73.54151489099806,0.0,-0.0057928542286415086,0.24293511026516634,0.0,5.413186199112999,-3.550343212939725,0.0,24.089158477723252,36.72858999789078,49.59660373832145,19.717876513638856,69.3144802519603
14.414000000001483,7.23,6.776584438830352,-0.9810720499804187,-0.6995645373708238,7.544340624683454,-45.199149368201105,75.66000623077565,0.0,0.005051029259874773,0.2358459813515229,0.0,5.4307243094301265,-3.538594874298479,0.0,24.22089381801911,37.172098396745476,49.72810297752668,19.585251288522727,69.3133542660494
14.416000000001484,7.23,6.775094239688259,-0.9658305683014917,-0.7909756329946894,7.697893343206564,-46.222208823280674,77.91680518355227,0.0,0.015930207110659622,0.22878142412895952,0.0,5.448482138244588,-3.525758213668999,0.0,24.352126828801516,37.63222547155872,49.85971634353595,19.452463555380803,69.31217989891675
14.418000000001484,7.23,6.773419130555932,-0.9502773699256898,-0.8844958145398863,7.856107138172748,-47.30912490971291,80.32304437773678,0.0,0.026845131252985155,0.22174369289292484,0.0,5.466472240199657,-3.5117541970348896,0.0,24.482591147429858,38.110128832075986,49.99140912917947,19.319545285045518,69.310954414225
14.420000000001485,7.23,6.771554761946686,-0.9344028258771655,-0.9802582401061881,8.019292899318753,-48.465426740261535,82.89092269144341,0.0,0.03779627934175783,0.21473520837561244,0.0,5.484707779536032,-3.4964952486577587,0.0,24.611958017744186,38.60705878589589,50.123143448048936,19.186531418166027,69.30967486621496
14.422000000001486,7.23,6.769496506660224,-0.9181966602391044,-1.0784076390877684,8.187787069543988,-49.69716496613937,85.6338137622659,0.0,0.048784155952951935,0.20775857591958324,0.0,5.5032025035922665,-3.4798841351672958,0.0,24.739824554492813,39.124367116370365,50.25487789035117,19.053460187846447,69.30833807819761
14.424000000001486,7.23,6.767239435563571,-0.9016478966213624,-1.1791014056736824,8.361954109969536,-51.010962814908396,88.56638300357223,0.0,0.05980929370886651,0.20081660605238627,0.0,5.521970698341756,-3.4618126760885075,0.0,24.86569964473601,39.66351668315652,50.38656713129031,18.920373487146477,69.30694061843678
14.426000000001487,7.23,6.764778291080763,-0.8847447994586602,-1.2825107976231573,8.542189206882233,-52.41407023358631,91.70471229408277,0.0,0.07087225429162436,0.19391233783946127,0.0,5.541027120082097,-3.442160249824466,0.0,24.988986964154044,40.22609187902179,50.51816148429987,18.78731728877845,69.30547877307832
14.428000000001488,7.23,6.762107458175039,-0.8674748096411952,-1.3888222457408481,8.728921234362172,-53.91442026930408,95.06643061780599,0.0,0.08197362928982194,0.18704906546050637,0.0,5.560386895596741,-3.4207920580201936,0.0,25.108964461028222,40.813809954852694,50.649606390031096,18.654342125703305,69.3039485157344
14.430000000001488,7.23,6.759220932598523,-0.8498244739561748,-1.4982387771572117,8.922615981703622,-55.5206861953803,98.67084760311737,0.0,0.0931140408056349,0.18023036853579888,0.0,5.580065380755144,-3.3975571038805157,0.0,25.224759503494248,41.42853319008487,50.780841830310635,18.52150364297801,69.30234547328865
14.432000000001489,7.23,6.75611228618173,-0.8317793678078468,-1.6109815516752324,9.123779646801218,-57.24233697386185,102.53908495055575,0.0,0.10429414172658341,0.17346014682646738,0.0,5.6000779644251555,-3.372285831151359,0.0,25.335318688032135,42.07228183208222,50.91180165423544,18.388863233201292,69.30066488743674
14.43400000000149,7.23,6.752774628942323,-0.8133240106930062,-1.727291504373157,9.332962583964981,-59.089687309914645,106.6941978739349,0.0,0.1155146155360453,0.16674266004966565,0.0,5.6204398005000975,-3.3447873598133744,0.0,25.43937105842384,42.747247646987454,51.04241280111847,18.256488770316526,69.298901571435
14.43600000000149,7.23,6.749200567814833,-0.7944417739503072,-1.8474310783461403,9.550763274968357,-61.073936618476445,111.16127451613015,0.0,0.12677617549700126,0.16008257369001555,0.0,5.641165445470664,-3.3148462417653493,0.0,25.535383171351384,43.455807804336004,51.172594402033724,18.124455459453248,69.29704986148697
14.438000000001491,7.23,6.745382161848344,-0.775114780391826,-1.9716860174870663,9.77783246239947,-63.20718843211219,115.96749527934857,0.0,0.1380795629914789,0.1534850118569845,0.0,5.662268371869819,-3.282218644568505,0.0,25.621504051158414,44.20053864134972,51.3022567381478,17.99284682402697,69.29510356217477
14.440000000001492,7.23,6.741310873798719,-0.7553237955885633,-2.1003671684906347,10.014877340109487,-65.50243776499809,121.14212533191201,0.0,0.14942554472983854,0.14695561843932703,0.0,5.683760318515221,-3.2466278533867827,0.0,25.695497582463723,44.98422859625235,51.431300029740044,17.861755855601842,69.29305588534189
14.442000000001492,7.23,6.736977518172041,-0.7350481108530337,-2.2338122108806986,10.26266563035323,-67.97350819197226,126.71640108609547,0.0,0.1608149084537397,0.1405006280479869,0.0,5.705650426008065,-3.207758960404454,0.0,25.75465927246423,45.80988922905233,51.55961302468337,17.73128635719743,69.2908993818808
14.444000000001493,7.23,6.732372205979823,-0.7142654183921534,-2.372387189632801,10.522029282005269,-70.6349121697274,132.72325358125778,0.0,0.17224845663772032,0.13412694852376117,0.0,5.727944089416736,-3.1652525872810813,0.0,25.795713549655645,46.680762714724914,51.68707134903816,17.601554516953815,69.28862586599197
14.446000000001494,7.23,6.727484286777503,-0.6929516797645127,-2.516487660968151,10.793867386098949,-73.50159639015241,139.19678620251742,0.0,0.18372699753689192,0.12784225712089614,0.0,5.750641438165531,-3.118697460148553,0.0,25.81468682720763,47.60032342949191,51.81353557518285,17.4726907565309,69.28622633171375
14.448000000001494,7.23,6.722302289023114,-0.6710809897708319,-2.6665391697699903,11.07914770563071,-76.58851728571285,146.1713878917642,0.0,0.1952513327204145,0.1216551128660579,0.0,5.773735324171879,-3.067621629684874,0.0,25.806750427821324,48.57227016048459,51.938848954452105,17.344841907467533,69.28369086191964
14.450000000001495,7.23,6.716813860480287,-0.6486254393814846,-2.822996645103097,11.378905930506324,-79.90996825693637,153.6803116978038,0.0,0.20682223995543733,0.11557508803290661,0.0,5.797208661103872,-3.011482103913768,0.0,25.766026139809554,49.60050391991633,52.06283475156325,17.218173779072984,69.28100853063623
14.452000000001496,7.23,6.711005711393781,-0.6255549834675235,-2.9863421122748743,11.694241360190034,-83.47854717981578,161.75347649575556,0.0,0.21844044994363557,0.10961292215647378,0.0,5.821030907693069,-2.949652644288769,0.0,25.685345686466615,50.68908415545135,52.185293107307956,17.09287419325456,69.27816730056252
14.454000000001496,7.23,6.704863564619832,-0.601837322242145,-3.1570798536754605,12.026307137685697,-87.30360699951461,170.41414977334463,0.0,0.23010661493557727,0.10378070251363902,0.0,5.845153423438633,-2.8814094766080185,0.0,25.555953854133364,51.8421530755757,52.30599734449334,16.96915657473668,69.27515391923002
14.456000000001497,7.23,6.69837211898196,-0.5774378098405284,-3.335727777024791,12.376292344779793,-91.38896988865898,179.67403306183445,0.0,0.2418212666248202,0.09809207546360299,0.0,5.86950334294653,-2.8059147051911872,0.0,25.36714369515425,53.06381353796987,52.42468962086489,16.847264198664053,69.27195381952895
14.458000000001498,7.23,6.691515035096116,-0.5523194099156108,-3.522803231594084,12.745392138602856,-95.7296027519098,189.52609045016186,0.0,0.2535847599169651,0.0925624933756316,0.0,5.893975513753099,-2.7221973215374073,0.0,25.105811619196558,54.35794009703611,52.54107582354412,16.72747521002799,69.26855103357211
14.460000000001498,7.23,6.684274957098698,-0.5264427272319095,-3.718800807118625,13.134760567972156,-100.30684669566136,199.93422983793562,0.0,0.2653971981407173,0.0872095018927328,0.0,5.918421923035729,-2.6291319166051936,0.0,24.75592128834144,55.72789495745512,52.65481959560558,16.610108537681946,69.26492813328753
14.462000000001499,7.23,6.676633589536725,-0.4997661569200578,-3.924158713516943,13.545438659330351,-105.08166881881372,210.818673128972,0.0,0.2772583339897833,0.0820530716851059,0.0,5.9426379094529995,-2.525415617527656,0.0,24.297869790811557,57.176110393737325,52.76553539235733,16.4955308244614,69.26106621681873
14.4640000000015,7.23,6.668571856633049,-0.47224621039380565,-4.139209147440222,13.978247749917843,-109.98527796012651,222.03557122155786,0.0,0.28916743895701896,0.07711597713382379,0.0,5.966344340416777,-2.409544496472694,0.0,23.70776059132182,58.70348666939083,52.87278049180854,16.384164474702505,69.25694496651104
14.4660000000015,7.23,6.6600701817134675,-0.44383810001902446,-4.364106637559695,14.433634939388407,-114.906361731337,233.34922961373047,0.0,0.3011231323193147,0.07242422075176536,0.0,5.989164883127999,-2.279791920849994,0.0,22.95661016294852,60.30854051466623,52.97604594524859,16.276496865734355,69.25254281098294
14.468000000001501,7.23,6.651108938081925,-0.4144966941509773,-4.598726896496152,14.9114543006996,-119.67425966206268,244.39542675207855,0.0,0.3131231590740113,0.0680074953674411,0.0,6.01059760998465,-2.134193277134883,0.0,22.009556583687672,61.98622665344202,53.07474657209343,16.173090656071675,69.24783722816511
14.470000000001502,7.23,6.641669138761183,-0.3841779895180568,-4.842527651746079,15.410665129993673,-124.03778154911925,254.63515463386838,0.0,0.32516410511545146,0.06389966438818107,0.0,6.029980637494649,-1.9705445054560797,0.0,20.825209433581893,63.726350411560695,53.16821031094676,16.074594912994137,69.2428052239409
14.472000000001502,7.23,6.631733449589733,-0.35284128549229193,-5.094363267631804,15.928929168791603,-127.64045326412702,263.3004362077158,0.0,0.3372410383537286,0.0601392214514227,0.0,6.046452605719271,-1.7864262017789303,0.0,19.35539389992414,65.51150658469899,53.255667581770865,15.981756424191188,69.23742400596205
14.474000000001503,7.23,6.621287623714983,-0.3204522748694084,-5.352248554798178,16.46209643020189,-129.99524530935608,269.33881569086844,0.0,0.3493470681509851,0.056769661762350765,0.0,6.058911013774792,-1.5792706974145774,0.0,17.5457081626354,67.31454246894243,53.33624185081467,15.895429988445985,69.23167183926066
14.476000000001504,7.23,6.610322456244111,-0.2869872681539627,-5.613077013138184,17.003590595893524,-130.46592976496396,271.37202953906103,0.0,0.3614728251351853,0.05383965633092491,0.0,6.065975292001171,-1.3464957766183625,0.0,15.337525741424995,69.0956880842007,53.40894338597706,15.816585639288911,69.22552902526597
14.478000000001504,7.23,6.598836329223168,-0.25243870708945365,-5.8723189258317126,17.54374879687941,-128.26842825049133,267.69793528663047,0.0,0.373605882912261,0.05140286806650973,0.0,6.065967432701315,-1.0857331659553766,0.0,12.672283169103693,70.79976868359877,53.472669295599346,15.746309631520427,69.21897892711978
14.480000000001505,7.23,6.5868383346486405,-0.21682194466868773,-6.123758789062905,18.06924479867217,-122.51281964581848,256.3807594338613,0.0,0.3857301763475921,0.049517193587719666,0.0,6.056930659113539,-0.7951774354359263,0.0,9.498959469791583,72.35434040041184,53.52621433258089,15.68579473949043,69.21200907207133
14.482000000001506,7.23,6.574351798986602,-0.18018291208084578,-6.359378229411757,18.562826454404764,-112.3108998521756,235.48404353551334,0.0,0.3978255192777827,0.048243178788995644,0.0,6.036713644657573,-0.4740628788805862,0.0,5.785311186212882,73.67011536290025,53.56829837403359,15.63631438172796,69.20461275576154
14.484000000001506,7.23,6.561417772725367,-0.14260572713147407,-6.5695356483027485,19.00369695732119,-96.96652041410087,203.4841099394123,0.0,0.40986738113123183,0.04764138074101565,0.0,6.003148459148667,-0.12323247100052703,0.0,1.5323194328264649,74.64543206357042,53.5976172094326,15.599175117222348,69.19679232665494
14.486000000001507,7.23,6.548097727367568,-0.10421859833678201,-6.743602250625533,19.368888453384262,-76.23528393111906,159.8351872754357,0.0,0.4218271254095095,0.04776858824057861,0.0,5.954335615999563,0.25430845017918857,0.0,-3.2107639991489876,75.17629249531926,53.61292167076408,15.575644343628802,69.18856601439288
14.488000000001508,7.23,6.534474443697314,-0.06519581335878899,-6.871134794997844,19.635804495436368,-50.58447689031536,105.5359227522287,0.0,0.4336729043012426,0.04867310785400525,0.0,5.889011634385797,0.6530407378565841,0.0,-8.335932693146155,75.17204022297229,53.6131237953458,15.566855601963852,69.17997939730965
14.490000000001508,7.23,6.520650093819286,-0.025753637718528448,-6.943467568685266,19.78567719642259,-21.328628320090523,43.42584252002689,0.0,0.44537130007863207,0.05038973915415734,0.0,5.806918443043928,1.0650041065498643,0.0,-13.677063070034055,74.57397516085275,53.597416208996236,15.573702470326523,69.17111867932276
14.492000000001509,7.23,6.5067410182147105,0.013860967229269085,-6.955342425097851,19.807110264425127,9.483735115215639,-22.0596033174648,0.0,0.4568895953918245,0.05293544675974815,0.0,5.709048156061303,1.4804397645212044,0.0,-19.02623036448269,73.37121575782402,53.56537606806374,15.596740778027524,69.16211684609127
14.49400000000151,7.23,6.492869661473292,0.05338780384015371,-6.9060284175272555,19.698513890015082,39.458373832457006,-85.73296173107927,0.0,0.4681983038872579,0.05630684163901434,0.0,5.597644350791454,1.8889453184835379,0.0,-24.164122532747754,71.60724170451775,53.51701922861882,15.636122710675764,69.15314193929458
14.49600000000151,7.23,6.4791551763247055,0.0925737943009447,-6.799485680302564,19.46846146110049,66.38851454198127,-142.81435425223813,0.0,0.47927342883712853,0.060480232902006326,0.0,5.475922277589824,2.280844455334691,0.0,-28.89561725608338,69.37349624487095,53.452784984759276,15.691581023432162,69.14436600819144
14.498000000001511,7.23,6.465704751570386,0.1311917630353427,-6.643504304167655,19.13381719094656,88.70843004692483,-189.91768104213702,0.0,0.49009795513951077,0.06541428358072243,0.0,5.347588090576765,2.6483578564897488,0.0,-33.07832283055197,66.79204805779914,53.373461268369866,15.762467671437633,69.1359289398075
14.500000000001512,7.23,6.452607418723164,0.16905383020540604,-6.448170586319744,18.716402164430615,105.6955734194752,-225.48920186230828,0.0,0.5006623200644789,0.07105454453454407,0.0,5.216315516758651,2.986259307862089,0.0,-36.635508649463425,63.99389755920261,53.280081836626564,15.847835159705403,69.12791699633196
14.502000000001512,7.23,6.439931138658338,0.20601767762303397,-6.224211295852049,18.23939775378904,117.400813331707,-249.65426851289448,0.0,0.5109639245838523,0.07733872468340253,0.0,5.085330133032876,3.291940256022985,0.0,-39.55258760765984,61.100126356379086,53.17382549197491,15.94653877414229,69.1203642661172
14.504000000001513,7.23,6.427722925175921,0.24198622166421754,-5.981668031863221,17.72446991666823,124.41168288595887,-263.7010979923298,0.0,0.5210059823657396,0.08420162011415078,0.0,4.9571770314352595,3.5650250845144527,0.0,-41.86265841730529,58.21013986198908,53.055931849183935,16.057337314657232,69.11326916384117
14.506000000001514,7.23,6.416011104014182,0.276902658823381,-5.729098536626217,17.19004147413161,127.58210066625217,-269.4923968087785,0.0,0.5307960773998588,0.09157901852655692,0.0,4.833665395869012,3.806770693336257,0.0,-43.628455029330425,55.397440597001584,52.92763592365871,16.178976781114848,69.10661270477357
14.508000000001514,7.23,6.404808656144542,0.310743172241063,-5.473272817916354,16.650640759369278,127.81701025391226,-268.99727992905844,0.0,0.5403447384562262,0.09941035316593383,0.0,4.715935615685619,4.019453153423356,0.0,-44.92620564803946,52.71092489602907,52.79012016250466,16.310250501101088,69.10037066360574
14.510000000001515,7.23,6.39411679334837,0.34350915108604907,-5.2192170269964295,16.117005346710748,125.9403174351391,-264.0049346269864,0.0,0.5496642165266195,0.10764021255208356,0.0,4.604586436254281,4.205859181769155,0.0,-45.83390655331898,50.17908953080645,52.64448258460786,16.45003631634177,69.09451890094962
14.512000000001516,7.23,6.383928234069235,0.37522007643423966,-4.970445146740653,15.596592204113007,122.63540689404432,-255.99635496732924,0.0,0.5587675370612766,0.11621896903872075,0.0,4.499814696867203,4.3689209818483885,0.0,-46.4241965161898,47.8150743951934,52.49171929940891,16.597315229209595,69.08903452861851
14.514000000001516,7.23,6.374229933324439,0.40590760482198174,-4.729257188519788,15.094230314646673,118.4338666831067,-246.1208638832738,0.0,0.5676678224726797,0.1251028123643818,0.0,4.401540685094133,4.511484292859872,0.0,-46.76087451920163,45.62132511302093,52.33271863135188,16.751176909989816,69.08389554134169
14.516000000001517,7.23,6.365005213942658,0.43561096003549027,-4.497031144125452,14.612757816724935,113.72978861173736,-235.22805819670333,0.0,0.5763778427464982,0.13425342851934552,0.0,4.309508415763744,4.636179566811831,0.0,-46.89784821516466,43.59336575555589,52.16826344903236,16.91081688456746,69.07908033359982
14.518000000001518,7.23,6.356235351095441,0.4643735167541165,-4.274474413894194,14.15356956279805,108.80403394645168,-223.9211891195415,0.0,0.5849097412413314,0.1436374983197668,0.0,4.22335992203704,4.745364038495799,0.0,-46.87948491416927,41.722602554008,51.99903847069197,17.0755290646824,69.07456753537437
14.520000000001518,7.23,6.347900704240541,0.4922403689230277,-4.0618245855211255,13.717053532139758,103.84963005199701,-212.61278846456406,0.0,0.5932748863470798,0.15322612965907656,0.0,4.142687183019219,4.841108101658536,0.0,-46.741643729192695,39.998282278356605,51.82564001120419,17.24469612226371,69.0703361334679
14.522000000001519,7.23,6.3399814967125625,0.5192566632732988,-3.859001990445121,13.302921757923595,98.99421121805037,-201.57369936395486,0.0,0.6014838088591636,0.16299429133691223,0.0,4.06706664036134,4.925206847304054,0.0,-46.512944096580846,38.408791578721996,51.64858645027923,17.417779276544223,69.06636572682345
14.52400000000152,7.23,6.33245833229653,0.5454665027802045,-3.6657215884580427,12.91045247469086,94.31818346553625,-190.97268874743253,0.0,0.60954619490705,0.1729202848478324,0.0,3.996080998055292,4.999204167204864,0.0,-46.216026420659986,36.94247700399081,51.46832839473664,17.5943083971975,69.06263679193414
14.52600000000152,7.23,6.325312521472288,0.570912261533468,-3.481572818171198,12.538662466463666,89.86866991773066,-180.90680531918304,0.0,0.6174709129564401,0.1829852705740317,0.0,3.929332148266299,5.064421710502915,0.0,-45.868688650920596,35.58813290392084,51.28525800384523,17.773872888408633,69.05913089225386
14.528000000001521,7.23,6.318526273322325,0.5956341891179132,-3.306075284933217,12.186426858616956,85.66985032014102,-171.42384796635,0.0,0.625266060188639,0.19317285305342047,0.0,3.86644812652609,5.12198829579024,0.0,-45.484856881205296,34.335267774466956,51.09971726270607,17.956113547876143,69.05583081058222
14.530000000001522,7.23,6.312082794714059,0.619670214073402,-3.138716751353833,11.852560486463364,81.73044195076596,-162.53859093240496,0.0,0.6329390185386115,0.20346872355528567,0.0,3.8070861813082786,5.172867486643549,0.0,-45.075387274060354,33.17422772790607,50.91200517133324,18.14071543737247,69.05272060870571
14.532000000001522,7.23,6.305966326912876,0.6430558810225174,-2.9789784382802744,11.535871769337534,78.04901397810109,-154.24428477874918,0.0,0.6404965141768728,0.21386035504613188,0.0,3.7509334032960298,5.217882305703116,0.0,-44.6487148746926,32.0962310427501,50.72238391226831,18.327401716791407,69.04978562905973
14.534000000001523,7.23,6.300162141074658,0.6658243750430823,-2.8263513760692542,11.235197239016712,74.61770682065405,-146.52068481615015,0.0,0.6479446766124779,0.22433674340513876,0.0,3.697705889378102,5.2577367848957195,0.0,-44.21137151198239,31.093349763530043,50.53108410187859,18.515928353276955,69.04701245515554
14.536000000001524,7.23,6.294656507643253,0.688006600848067,-2.680346532148279,10.949422652894283,71.424800304607,-139.33957724517794,0.0,0.6552890951881761,0.2348881885905434,0.0,3.647147083985076,5.2930344347192655,0.0,-43.768395658405275,30.15846176045601,50.338309243008524,18.706079602556954,69.04438884556548
14.538000000001524,7.23,6.289436650035928,0.7096312944272288,-2.54050066855957,10.677494935099144,68.45646262650173,-132.66852777703608,0.0,0.6625348717769557,0.24550610984322396,0.0,3.5990257116838666,5.324293900410241,0.0,-43.32365507269411,29.285188129591283,50.14423949364249,18.897664159394587,69.04190365303708
14.540000000001525,7.23,6.284490689693074,0.7307251519806249,-2.4063793123964223,10.418427943554585,65.69792262724384,-126.47338138812077,0.0,0.6696866691496229,0.25618288963806757,0.0,3.5531335607852585,5.3519621434649185,0.0,-42.88010001911855,28.467825142186083,49.94903485598779,19.090511881106075,69.03954673709387
14.542000000001526,7.23,6.279807587238922,0.7513129660194245,-2.277577808477791,10.17130416000968,63.134239696884805,-120.7198926841178,0.0,0.6767487548910289,0.2669117417879834,0.0,3.5092832755299637,5.376425495782848,0.0,-42.439961717415976,27.701276244947554,49.752837877525806,19.284470998268862,69.03730887579466
14.544000000001526,7.23,6.275377082873759,0.7714177620236803,-2.153721127973048,9.935273756951005,60.75079523339675,-115.37475624406456,0.0,0.6837250409847471,0.2776865997812362,0.0,3.4673062477337933,5.398018911538415,0.0,-42.00490781938593,26.980987229652172,49.55577594249688,19.479405737768523,69.0351816802654
14.546000000001527,7.23,6.271189637992238,0.7910609314732662,-2.0344628973571033,9.709552040616241,58.53359305028502,-110.40622660927092,0.0,0.6906191193206118,0.28850202204809927,0.0,3.42705065597502,5.417033706383487,0.0,-41.57616427106632,26.302886184772838,49.35796322014696,19.67519429398707,69.03315751413402
14.548000000001528,7.23,6.267236379249501,0.8102623587284861,-1.9194839648918844,9.493415950172292,56.46942999036127,-105.7844606209375,0.0,0.6974342934460401,0.29935311139220633,0.0,3.3883796734846903,5.433724034389938,0.0,-41.15461091801358,25.66332891074483,49.15950232532968,19.87172709364699,69.03122941897666
14.550000000001528,7.23,6.263509045771536,0.8290405403607968,-1.8084907189208104,9.286200070391278,54.54597946233255,-101.48167445698405,0.0,0.7041736069060013,0.3102354462836714,0.0,3.351169849414725,5.448312315224086,0.0,-40.74085660527772,25.059049921465462,48.96048573782919,20.068905308374365,69.02939104620356
14.552000000001529,7.23,6.259999939853583,0.8474126962846624,-1.701213300665688,9.087292460535709,52.75181754334328,-97.47217930322122,0.0,0.7108398685150146,0.32114502210034135,0.0,3.3153096584570285,5.4609937897043785,0.0,-40.335298253878754,24.487118833560892,48.76099701897503,20.26663957640911,69.02763659538414
14.55400000000153,7.23,6.256701881257623,0.8653948725335695,-1.597403804650554,8.896130495396704,51.07641211119923,-93.73233967204372,0.0,0.7174356748883525,0.33207820072860783,0.0,3.2806982084403837,5.471940351949397,0.0,-39.93816740093949,23.944901774007135,48.5611118576027,20.46484890114638,69.02596075874908
14.55600000000153,7.23,6.253608165070028,0.8830020358372092,-1.4968345257571207,8.712196841156736,49.510089045500976,-90.24048446167296,0.0,0.7239634305358327,0.34303166720495337,0.0,3.2472440929364237,5.4813037808203635,0.0,-39.549566916004046,23.430027358740336,48.36089897200418,20.66345969945894,69.02435867146312
14.558000000001531,7.23,6.2507125229872385,0.9002481603490403,-1.3992962885920626,8.535015638846922,48.04398505279868,-86.97679115107135,0.0,0.7304253657944912,0.3540023923024662,0.0,3.214864375009846,5.489218471967794,0.0,-39.16950000481212,22.940356773097534,48.16042089003792,20.862404977157286,69.02282586719521
14.560000000001532,7.23,6.2480090878428225,0.9171463069831013,-1.3045968790472953,8.364148934527005,46.66999354949728,-83.9231567892518,0.0,0.7368235528485979,0.3649876001505481,0.0,3.1834836883688458,5.4958037540198745,0.0,-38.797893145857905,22.4739574957664,47.95973462587171,21.061623612618,69.02135823848971
14.562000000001532,7.23,6.245492361160791,0.9337086958732748,-1.2125595873663275,8.199193372950871,45.380707870069685,-81.06306477432211,0.0,0.7431599200586428,0.3759847401277989,0.0,3.153033442869213,5.50116585778093,0.0,-38.434614244121015,22.02908023652554,47.758892268784834,21.261059732668567,69.0199520014534
14.564000000001533,7.23,6.24315718350887,0.9499467724860906,-1.1230218650855903,8.039777156906402,44.16936457062635,-78.38145320315105,0.0,0.7494362647957357,0.38699146239316984,0.0,3.123451122321268,5.505399595247322,0.0,-38.07948700660316,21.60413869519486,47.557941496938085,21.460662167359004,69.01860366429709
14.566000000001534,7.23,6.240998707425485,0.9658712679125777,-1.0358340937750248,7.885557265201311,43.029788567876366,-75.86458836940234,0.0,0.7556542649549151,0.39800559652378276,0.0,3.094679663668358,5.508589795353627,0.0,-37.73230232722044,21.197691789272042,47.35692602694337,21.660383972364908,69.01730999930828
14.568000000001534,7.23,6.239012372701293,0.9814922538445623,-0.9508584607714741,7.736216916708058,41.95634114999746,-73.49994548946458,0.0,0.7618154893000713,0.4090251328131357,0.0,3.0666669077443327,5.510812535252295,0.0,-37.39282729986697,20.80842803741845,47.15588600834042,21.860182009525154,69.01606801786556
14.570000000001535,7.23,6.237193883807498,0.9968191927122173,-0.8679679355333207,7.591463264798653,40.94387142001694,-71.27609772791911,0.0,0.767921406774785,0.42004820585413793,0.0,3.0393651129131647,5.512136199283924,0.0,-37.06081234705253,20.435151823441164,46.95485837066485,22.06001657748386,69.01487494814872
14.572000000001536,7.23,6.235539189276751,1.0118609834266792,-0.7870453394634929,7.451025305072406,39.98767141474517,-69.18261392656909,0.0,0.773973394896954,0.43107308009000855,0.0,3.0127305239145548,5.512622392344409,0.0,-36.735996848935834,20.076771299793258,46.753877129604376,22.25985108562843,69.0137282152328
14.574000000001536,7.23,6.234044462857118,1.0266260031368697,-0.7079825017851482,7.3146519789371505,39.08343493454493,-67.2099650086548,0.0,0.7799727473407345,0.44209813706485646,0.0,2.9867229891688853,5.512326729880165,0.0,-36.41811357731328,19.732287720523,46.552973657752894,22.459651765538347,69.01262542329124
14.576000000001537,7.23,6.232706086274378,1.0411221453750383,-0.6306794941264775,7.182110455954748,38.22721998725795,-65.34943875926017,0.0,0.7859206807966485,0.45312186414638733,0.0,2.961305620629347,5.511299523062405,0.0,-36.106892176162866,19.40078602102827,46.35217692464831,22.659387415015654,69.01156433966396
14.578000000001538,7.23,6.23152063345236,1.0553568549320858,-0.5550439367517653,7.0531845786354115,37.41541466964162,-63.593062522768186,0.0,0.7918183411896418,0.46414284452712706,0.0,2.936444491010251,5.509586374659487,0.0,-35.80206188082931,19.081426486079327,46.15151371008899,22.85902917048697,69.01054288057597
14.580000000001538,7.23,6.230484856054758,1.0693371597720842,-0.4809903697787886,6.9276734543797485,36.644706265044206,-61.933533272740554,0.0,0.7976668093252289,0.4751597483390049,0.0,2.912108363873867,5.507228698623565,0.0,-35.503353628899404,18.77343736862244,45.951008794145544,23.058550304171813,69.00955909831735
14.582000000001539,7.23,6.22959567022473,1.0830697002659246,-0.40843968318945956,6.805390180399476,35.9120533151404,-60.36415447385072,0.0,0.8034671060253871,0.4861713247400118,0.0,2.888268452631297,5.504264174336766,0.0,-35.21050168495727,18.476108340173766,45.750685126796455,23.257926042922143,69.00861116971859
14.58400000000154,7.23,6.228850144410464,1.0965607559968549,-0.33731859993246743,6.686160688616371,35.214660418279585,-58.878779152208224,0.0,0.8092201968085075,0.49717639485177645,0.0,2.864898205013577,5.500727144744786,0.0,-34.92324487695457,18.18878466946369,45.55056397970516,23.457133406069644,69.0076973857748
14.58600000000154,7.23,6.2282454881758404,1.1098162703658287,-0.26755920690824464,6.5698226986920645,34.54995551175402,-57.47175860762478,0.0,0.8149269961612547,0.5081738454438565,0.0,2.8419731100057035,5.496648966178084,0.0,-34.64132752250408,17.91086203969669,45.35066508230876,23.656151059982143,69.0068161422909
14.588000000001541,7.23,6.227779041905219,1.1228418732020047,-0.19909852910192022,6.4562247684463525,33.91556940621421,-56.137896230907465,0.0,0.820588371444565,0.5191626232749349,0.0,2.8194705246159013,5.492058316471082,0.0,-34.364500107933985,17.64178192662314,45.15100674409279,23.854959187341734,69.00596593143453
14.590000000001542,7.23,6.227448267320413,1.1356429015633027,-0.13187814257952132,6.345225431960203,33.30931735490718,-54.872405925564216,0.0,0.8262051464711113,0.5301417300132922,0.0,2.7973695181825766,5.486981466995806,0.0,-34.092519770592396,17.381027469828144,44.9516059646765,24.053539369421152,69.00514533409765
14.592000000001542,7.23,6.227250738736076,1.1482244188934903,-0.0658438224813825,6.236692416621922,32.72918245660563,-53.67087467264105,0.0,0.8317781047872413,0.541110217669305,0.0,2.7756507322080672,5.48144252339383,0.0,-33.82515062501344,17.128119778447807,44.75247853311844,24.25187447986089,69.00435301297934
14.594000000001543,7.23,6.227184134987019,1.1605912326856878,-0.0009452225322990199,6.130501931257647,32.17330070785492,-52.52922881734009,0.0,0.8373079926886444,0.5520671844815551,0.0,2.7542962539574796,5.475463639091457,0.0,-33.56216396563838,16.88261462012066,44.553639117670194,24.449948588642297,69.00358770631249
14.596000000001544,7.23,6.22724623196764,1.172747910787276,0.06286441705988809,6.0265380182908945,31.639947536724662,-51.443703695032966,0.0,0.8427955219956837,0.5630117712057155,0.0,2.7332895022772816,5.469065205094509,0.0,-33.303338372423944,16.644099448538483,44.35510134704882,24.64774687511808,69.0028482221669
14.598000000001544,7.23,6.2274348957295205,1.1846987964678242,0.12562853612594838,5.924691963603347,31.127525666133234,-50.41081625132773,0.0,0.8482413726114666,0.5739431577618507,0.0,2.712615124276427,5.46226601906278,0.0,-33.04845974055308,16.412190730624047,44.15687788416452,24.845255549103577,69.0021334332681
14.600000000001545,7.23,6.227748076088616,1.196448022359661,0.18738749799704824,5.824861758424733,30.634554169746593,-49.42734034545246,0.0,0.8536461948831348,0.5848605602013283,0.0,2.692258901676662,5.4550834362439815,0.0,-32.79732125133605,16.186531539260113,43.9589804931246,25.04246177915489,69.00144227227949
14.602000000001546,7.23,6.228183800698211,1.2079995233699756,0.24817881216655513,5.726951608168857,30.15965859728465,-48.49028445811581,0.0,0.8590106117846472,0.5957632279593461,0.0,2.6722076657810847,5.447533504490989,0.0,-32.54972329805945,15.966789381730457,43.76142010023407,25.239353627266148,69.00077372750022
14.604000000001546,7.23,6.228740169548103,1.219357048653699,0.3080373381782708,5.630871483660937,29.701562058751605,-47.596871554136186,0.0,0.8643352209373493,0.606650441363212,0.0,2.6524492201342666,5.439631085283349,0.0,-32.30547337784618,15.752654237704231,43.56420684962763,25.435919989309603,69.00012683893723
14.606000000001547,7.23,6.22941534985432,1.2305241727277936,0.36699547255824744,5.536536710674019,29.25907716864394,-46.74452087654695,0.0,0.8696205964828676,0.6175215093700815,0.0,2.6329722700558067,5.431389962416136,0.0,-32.06438595840968,15.54383678378038,43.367350154092634,25.63215054062198,68.99950069471461
14.608000000001548,7.23,6.230207571307122,1.241504305799842,0.42508332042004454,5.443867594114605,28.831098761620506,-45.93083147270616,0.0,0.8748672908213393,0.6283757675109709,0.0,2.6137663583237973,5.4228229397989,0.0,-31.826282326817168,15.340066784373901,43.17085874157751,25.828035686209475,68.99889442778698
14.610000000001548,7.23,6.231115121648111,1.2523007033768927,0.48232885320580116,5.352789073574803,28.416597300510677,-45.15356727433789,0.0,0.880075836226622,0.6392125760205372,0.0,2.5948218063677126,5.4139419296189635,0.0,-31.590990425943886,15.141091631132834,42.97474069782407,26.023566515103962,68.99830721292803
14.612000000001549,7.23,6.232136342550072,1.2629164752142945,0.5387580538758181,5.263230407304976,28.014612905958728,-44.41064357258872,0.0,0.8852467463489371,0.6500313181344994,0.0,2.5761296604026063,5.4047580319615545,0.0,-31.35834468313567,14.946675015169077,42.77900350551137,26.218734758456094,68.99773826396746
14.61400000000155,7.23,6.233269625775628,1.2733545936586692,0.5943950507256117,5.175124881961255,27.624249944540534,-43.700114746298105,0.0,0.8903805176142794,0.6608313985385457,0.0,2.557681642000608,5.395281606840194,0.0,-31.128185834652044,14.756595718216992,42.58365408025789,26.413532750995696,68.99718683125359
14.61600000000155,7.23,6.23451340959305,1.2836179014341529,0.6492622408899263,5.088409545750365,27.244672118918604,-43.02016311694326,0.0,0.8954776305290484,0.671612241954437,0.0,2.539470102651247,5.385522339471019,0.0,-30.900360748694535,14.570646510428451,42.38869880378826,26.60795339553163,68.9966521993199
14.618000000001551,7.23,6.235866175429569,1.293709118916523,0.7033804044864326,5.003024962833425,26.875098009602706,-42.36908881730929,0.0,0.9005385508974497,0.682373291850526,0.0,2.5214879819116627,5.375489299521284,0.0,-30.674722249200613,14.388633143912257,42.19414355454022,26.80199013019761,68.99613368473783
14.620000000001552,7.23,6.237326444744333,1.3036308509357726,0.7567688102564212,4.918914987063986,26.51479702322955,-41.74530057303088,0.0,0.9055637309584926,0.6931140092652894,0.0,2.5037287687910963,5.365190994972783,0.0,-30.45112894207758,14.210373432350394,41.999993735956345,26.995636898181925,68.99563063413827
14.622000000001552,7.23,6.238892776104789,1.3133855931440332,0.8094453134744773,4.836026553326298,26.16308570703463,-41.147307306907855,0.0,0.9105536104487189,0.7038338717336861,0.0,2.486186466052313,5.3546354211634375,0.0,-30.22944504513965,14.035696408098069,41.80625430268016,27.188888119706412,68.99514242238658
14.624000000001553,7.23,6.240563762451746,1.3229757379824614,0.8614264468227766,4.754309484910259,25.8193243934234,-40.573710485458015,0.0,0.9155086175962172,0.7145323723071983,0.0,2.468855557146532,5.343830105502936,0.0,-30.00954022267878,13.864441549119936,41.612929784853904,27.38173866604435,68.99466845089825
14.626000000001554,7.23,6.242338028539674,1.3324035802777214,0.9127275048573029,4.673716315511911,25.48291414231783,-40.02319713567271,0.0,0.9204291700509327,0.7252090186593569,0.0,2.4517309755283216,5.33278214829972,0.0,-29.79128942533026,13.696458068946122,41.42002431069424,27.574183835388066,68.9942081460823
14.628000000001554,7.23,6.244214228540005,1.3416713224960235,0.9633626226320519,4.594202124584712,25.15329395230674,-39.49453346749754,0.0,0.9253156757557907,0.7358633322693564,0.0,2.434808076123646,5.321498260085536,0.0,-29.574572735676877,13.531604263565955,41.22754162750549,27.766219330396464,68.99376095790196
14.630000000001555,7.23,6.246191043796274,1.3507810796802437,1.0133448489923813,4.51572438488893,24.82993821461166,-38.986559044280185,0.0,0.9301685337627407,0.7464948476771137,0.0,2.4180826087476803,5.309984795779184,0.0,-29.35927521986061,13.369746909824094,41.03548512127287,27.957841237269,68.99332635854188
14.632000000001556,7.23,6.248267180720898,1.3597348840934649,1.0626862149994005,4.438242821195908,24.51235438653662,-38.49818144940592,0.0,0.934988134997437,0.7571031118037517,0.0,2.401550693290167,5.298247785992116,0.0,-29.14528678533103,13.210760710457386,40.84385783496565,28.149046006208195,68.99290384117384
14.634000000001556,7.23,6.250441368824294,1.3685346895902841,1.111397797903035,4.361719279202126,24.20008086343556,-38.02837140266027,0.0,0.939774862975912,0.7676876833320623,0.0,2.3852087965047026,5.28629296574433,0.0,-28.93250204474762,13.054527781417699,40.652662485666454,28.339830433145544,68.99249291881199
14.636000000001557,7.23,6.252712358867802,1.3771823757354384,1.1594897810416214,4.286117603796035,23.892685030339955,-37.57615828459612,0.0,0.9445290944763193,0.778248132142023,0.0,2.3690537102550433,5.274125800829106,0.0,-28.720820185965554,12.90093717757612,40.46190148063241,28.530191642618295,68.99209312325071
14.638000000001558,7.23,6.255078921132626,1.3856797516876616,1.2069715100100826,4.211403525899828,23.589761476268407,-37.1406260314002,0.0,0.9492512001685095,0.7887840387968685,0.0,2.353082531086499,5.2617515120386935,0.0,-28.51014484796489,12.749884453304187,40.27157693238351,28.720127071694467,68.99170400407797
14.640000000001558,7.23,6.257539843797644,1.3940285598652054,1.2538515454064918,4.137544557179462,23.290930355919052,-36.72090936651867,0.0,0.9539415452039703,0.7992949940756346,0.0,2.337292641003806,5.249175097439989,0.0,-28.300384002529903,12.601271254783324,40.0816906729051,28.909634454853553,68.99132512775864
14.642000000001559,7.23,6.260093931419514,1.4022304794081086,1.3001377124377538,4.064509891980312,22.99583588494273,-36.3161903386545,0.0,0.9586004897684551,0.8097805985484587,0.0,2.3216816893487726,5.236401352868803,0.0,-28.091449841444913,12.45500494121047,39.89224426704252,29.098711809738965,68.99095607678149
14.64400000000156,7.23,6.262740003509081,1.4102871294510722,1.3458371476389002,3.9922703159035864,22.7041449563357,-35.92569513874777,0.0,0.9632283895993652,0.8202404621912014,0.0,2.306247575681941,5.223434890793236,0.0,-27.883258668941956,12.310998232351727,39.70323902516007,29.287357423705366,68.99059644886543
14.64600000000156,7.23,6.265476893198514,1.418200072219677,1.390956342936787,3.920798120490639,22.415545866688813,-35.54869117122567,0.0,0.9678255964698431,0.8306742040362951,0.0,2.290988433581903,5.2102801576809075,0.0,-27.67573079911524,12.169168880147296,39.51467601512807,29.475569841091882,68.99024585621996
14.648000000001561,7.23,6.268303445994102,1.4259708159616737,1.4355011872675514,3.8500670235293493,22.12974714210368,-35.184484357202685,0.0,0.9723924586413133,0.8410814518569236,0.0,2.2759026152848794,5.196941449990677,0.0,-27.468790458002037,12.02943936229863,39.32655607369826,29.66334785115757,68.98990392485582
14.650000000001562,7.23,6.271218518609995,1.4336008177241306,1.4794770059377862,3.780052094539171,21.846476454549318,-34.83241664945344,0.0,0.9769293212860761,0.8514618418819065,0.0,2.2609886770948395,5.183422928896983,0.0,-27.262365690020793,11.89173659597031,39.13887981732004,29.85069047662176,68.9895702939418
14.652000000001562,7.23,6.2742209778785565,1.4410914859863926,1.5228885979018172,3.7107296850298606,21.565479620297044,-34.49186374089943,0.0,0.9814365268814521,0.8618150185388482,0.0,2.246245365501606,5.169728633844098,0.0,-27.05638826845405,11.755991669921704,38.95164765244772,30.037596962756787,68.98924461520451
14.654000000001563,7.23,6.2773096997333155,1.448444183158019,1.5657402711115314,3.642077363163667,21.286519672847607,-34.162232950069594,0.0,0.9859144155768147,0.8721406342233018,0.0,2.2316716039507507,5.155862495017672,0.0,-26.850793609662404,11.62213959354641,38.76485978538199,30.224066766985302,68.98892655236729
14.656000000001564,7.23,6.280483568260815,1.4556602279501645,1.6080358760807467,3.574073852482272,21.0093760034642,-33.842961268538595,0.0,0.9903633255347755,0.8824383490918608,0.0,2.2172664802149438,5.141828344812393,0.0,-26.64552069071946,11.49011906144479,38.57851623168725,30.410099548938568,68.98861578062582
14.658000000001564,7.23,6.283741474817908,1.462740897628218,1.6497788377929794,3.5066989743883474,20.73384356305411,-33.533513556731634,0.0,0.9947835932476734,0.8927078308772385,0.0,2.2030292343216344,5.127629928366892,0.0,-26.440511970162664,11.359872232287124,38.39261682522158,30.595695160935886,68.98831198615747
14.660000000001565,7.23,6.287082317211314,1.4696874301529206,1.6909721860695273,3.4399335940975626,20.459732119710196,-33.23338087572928,0.0,0.9991755538304469,0.9029487547235475,0.0,2.1889592469966352,5.113270913230249,0.0,-26.23571331156269,11.23134452084367,38.207161226812744,30.780853638849123,68.98801486566187
14.662000000001566,7.23,6.290504998936457,1.476501026216639,1.7316185845039356,3.3737595698004585,20.186865566736973,-32.94207894382735,0.0,1.0035395412908743,0.913160803040092,0.0,2.175056028587635,5.098754898218373,0.0,-26.03107390962282,11.104484402166392,38.02214893261114,30.965575193319197,68.98772412593033
14.664000000001566,7.23,6.294008428472828,1.4831828511809713,1.771720358059029,3.308159704795073,19.91508127644996,-32.65914670761377,0.0,1.0078758887781138,0.9233436653721006,0.0,2.1613192084354953,5.084085421513226,0.0,-25.826546218530517,10.979243227003655,37.837579282147985,31.14986020129419,68.98743948344217
14.666000000001567,7.23,6.297591518633263,1.4897340369214052,1.8112795194137001,3.243117702370755,19.644229495458404,-32.38414501823477,0.0,1.0121849288104114,0.9334970382869523,0.0,2.1477485246647183,5.069265968053092,0.0,-25.622085882294773,10.855575047617025,37.65345146612356,31.333709197862078,68.98716066398563
14.668000000001568,7.23,6.30125318596475,1.496155683584324,1.8502977941384544,3.1786181232414266,19.374172777523263,-32.11665540434181,0.0,1.016466993482792,0.9436206252745094,0.0,2.1343438143677567,5.054299976257908,0.0,-25.41765166681522,10.733436453248839,37.46976453394932,31.517122868352864,68.98688740230219
14.670000000001568,7.23,6.304992350198458,1.502448861261274,1.8887766447712457,3.114646345342808,19.10478545042913,-31.856278933951145,0.0,1.0207224146554847,0.9537141366602635,0.0,2.121105004160806,5.039190844129878,0.0,-25.213205393441726,10.612786414561343,37.28651740106439,31.700102040687312,68.9866194417517
14.67200000000157,7.23,6.308807933746882,1.5086146115850467,1.9267172938583363,3.051188525822996,18.8359531136258,-31.602635158117565,0.0,1.024951524123821,0.9637772895300977,0.0,2.1080321010912435,5.023941934766385,0.0,-25.008711873797232,10.49358613643248,37.10370885604561,31.88264767795197,68.98635653399758
14.67400000000157,7.23,6.312698861246086,1.5146539492518032,1.964120746018717,2.9882315650693436,18.5675721636821,-31.35536112992807,0.0,1.029154653770287,0.9738098076655168,0.0,2.095125183879393,5.008556581319222,0.0,-24.804138845649874,10.37579891855274,36.92133756752861,32.06476087118169,68.9860984387103
14.67600000000157,7.23,6.316664059141135,1.5205678634731672,2.0009878090849793,2.925763072627041,18.29954934485931,-31.114110492870402,0.0,1.0333321356993732,0.9838114214882627,0.0,2.082384394479503,4.99303809143158,0.0,-24.59945690963487,10.259390023320952,36.73940209095503,32.24644283233266,68.98584492328769
14.678000000001571,7.23,6.32070245531293,1.5263573193619355,2.0373191143683873,2.8637713348761715,18.03180132235121,-30.878552633127555,0.0,1.0374843023558626,0.9937818680133121,0.0,2.069809929946679,4.977389751182023,0.0,-24.394639466640974,10.144326550584434,36.557900875160406,32.427694887430874,68.98559576259129
14.680000000001572,7.23,6.324812978744736,1.5320232592547978,2.073115136091215,2.802245284344457,17.76425427595882,-30.648371890799773,0.0,1.0416114866271415,1.0037208908092874,0.0,2.0574020345984128,4.961614828562543,0.0,-24.18966265569026,10.030577318813139,36.376832268814674,32.60851846988219,68.98535073869687
14.682000000001572,7.23,6.328994559226767,1.5375666039752214,2.1083762100251566,2.7411744705424974,17.49684351217109,-30.42326682546592,0.0,1.0457140219301266,1.0136282399653886,0.0,2.045160992460833,4.945716576516156,0.0,-23.98450529215499,9.918112752336278,36.19619452672688,32.78891511393196,68.98510964065883
14.684000000001573,7.23,6.333246127097293,1.5429882540394433,2.1431025513707556,2.6805490322170944,17.22951309280806,-30.202949531867127,0.0,1.0497922422833565,1.02350367206397,0.0,2.0330871199914005,4.929698235557829,0.0,-23.779148806168994,9.80690477430623,36.01598581602423,32.968886448262914,68.98487226428713
14.686000000001574,7.23,6.3375666130187644,1.5482890908083045,2.177294271909266,2.620359670926349,16.962215478554963,-29.98714500183506,0.0,1.0538464823648028,1.0333469501579664,0.0,2.0211807590708633,4.913563036001214,0.0,-23.57357718110559,9.696926705085788,35.83620422221375,33.14843418972187,68.98463841193562
14.688000000001574,7.23,6.341954947787545,1.5534699775874818,2.210951396455202,2.56059762584766,16.694911185874147,-29.775590528895535,0.0,1.057877077555932,1.0431578437523996,0.0,2.0094422702585533,4.89731419981249,0.0,-23.3677768920082,9.588153165784256,35.656847755134876,33.32756013716657,68.98440789230145
14.690000000001575,7.23,6.3464100621758615,1.5585317606785007,2.244073878634935,2.5012546497366097,16.427568455926597,-29.568035152259405,0.0,1.0618843639725262,1.0529361287892294,0.0,1.9978720263061112,4.88095494211144,0.0,-23.161736843872905,9.48055998669384,35.477914354809066,33.50626616542506,68.98418052023413
14.692000000001576,7.23,6.350930886804666,1.5634752703827521,2.2766616160141004,2.442322985961024,16.160162934271035,-29.3642391371701,0.0,1.065868678482802,1.06268158763488,0.0,1.9864704059254972,4.864488472339187,0.0,-22.955448309697108,9.374124120400671,35.29940189719305,33.684554219361246,68.9839561165543
14.694000000001576,7.23,6.355516352046113,1.5683013219605944,2.3087144645942503,2.3837953465403365,15.892677360232264,-29.16397348881162,0.0,1.0698303587133025,1.0723940090697748,0.0,1.9752377878080876,4.847917995110947,0.0,-22.74890486822015,9.268823559366222,35.1213081998398,33.862426308040824,68.98373450788063
14.696000000001577,7.23,6.360165387954416,1.5730107165474843,2.3402322526970685,2.3256648911257467,15.625101264946796,-28.967019497196276,0.0,1.073769743043086,1.0820731882792836,0.0,1.9641745448921213,4.831246710771709,0.0,-22.54210234129632,9.1646372577928,34.943631027471895,34.039884498992976,68.98351552646487
14.698000000001578,7.23,6.364876924223875,1.5776042420289609,2.371214794252611,2.2679252068616256,15.357430677200687,-28.77316831064794,0.0,1.0776871705866915,1.0917189268454985,0.0,1.9532810388764767,4.8144778156719354,0.0,-22.335038730851817,9.061545057603679,34.766368097470426,34.216930912563846,68.98329901003427
14.700000000001578,7.23,6.369649890172894,1.5820826738761853,2.4016619015063467,2.2105702890732135,15.089667836273748,-28.5822205356776,0.0,1.0815829811663806,1.1013310327392876,0.0,1.942557614979159,4.797614502179973,0.0,-22.127714155390674,8.959527618383,34.58951708528233,34.39356771635845,68.98308480164079
14.70200000000158,7.23,6.374483214752848,1.586446775943641,2.4315733971583104,2.1535945227298883,14.821820911096962,-28.393985861213853,0.0,1.085457515274134,1.110909320312138,0.0,1.9320045969391777,4.780659958447311,0.0,-21.920130786025418,8.858566351132763,34.41307562974762,34.569797119768864,68.98287274951647
14.70400000000158,7.23,6.379375826580663,1.590697301230496,2.460949125946365,2.0969926646371997,14.553903725115237,-28.20828270530395,0.0,1.0893111140239027,1.120453610287282,0.0,1.921622282260977,4.76361736794248,0.0,-21.712292782020583,8.75864335571646,34.23704133834871,34.745621368586235,68.98266270693495
14.70600000000158,7.23,6.384326653994024,1.5948349926070422,2.489788965684449,2.0407598263145,14.285935486326837,-28.024937882540655,0.0,1.0931441190945823,1.129963729749682,0.0,1.9114109377005695,4.7464899087689085,0.0,-21.504206225846737,8.659741361867358,34.06141179238188,34.921042739695984,68.98245453207787
14.708000000001581,7.23,6.3893346251281145,1.5988605835075418,2.518092837765693,1.9848914575183505,14.01794052204512,-27.843786290600924,0.0,1.096956872664207,1.1394395121344416,0.0,1.9013707949928622,4.729280752781862,0.0,-21.295879057754473,8.56184367364881,33.88618455205207,35.096063535854796,68.98224808790687
14.710000000001582,7.23,6.394398668012842,1.6027747985907355,2.5458607171394534,1.9293833303749974,13.749948017995658,-27.664670614401025,0.0,1.1007497173358325,1.148880797213267,0.0,1.8915020468195916,4.711993064519136,0.0,-21.087321009886224,8.464934117260219,33.71135716148986,35.270686080549716,68.98204324203957
14.712000000001582,7.23,6.399517710689495,1.6065783543691965,2.573092641770601,1.8742315240880834,13.481991761425633,-27.487441046483667,0.0,1.1045229960556024,1.1582874310786135,0.0,1.8818048430174052,4.694629999960044,0.0,-20.878543539954062,8.368996992088771,33.53692715369114,35.4449127129392,68.98183986663034
14.714000000001583,7.23,6.404690681345807,1.610271959808649,2.5997887215888125,1.8194324101904318,13.214109887960301,-27.31195502235512,0.0,1.1082770520234657,1.1676592661251908,0.0,1.872279287025536,4.677194705126839,0.0,-20.669559764519427,8.274017024911661,33.36289205537773,35.618745782876914,68.98163783825464
14.716000000001584,7.23,6.409916508468415,1.6138563168983096,2.6259491469351435,1.7649826383112042,12.946344631995794,-27.13807696958498,0.0,1.112012228597031,1.1769961610285282,0.0,1.86292543257242,4.659690314542588,0.0,-20.460384391919412,8.179979327157513,33.18924939177802,35.792187646019265,68.98143703779729
14.718000000001584,7.23,6.415194121011716,1.6173321211932572,2.6515741965127817,1.7108791224320203,12.67874208046618,-26.965678069568693,0.0,1.11572886918903,1.1862979807203147,0.0,1.85374328060054,4.642119949559155,0.0,-20.251033654891067,8.086869355139083,33.015996691325924,35.96524065901788,68.9812373503438
14.720000000001585,7.23,6.420522448582135,1.6207000623297827,2.676664244848609,1.6571190276077459,12.411351929869237,-26.79463603093562,0.0,1.119427317158869,1.1955645963602903,0.0,1.8447327764284418,4.624486716568816,0.0,-20.041525242952517,7.994672873171034,32.84313149027598,36.13790717479907,68.98103866507505
14.722000000001586,7.23,6.42590042163683,1.6239608245146273,2.7012197692720075,1.6036997571296099,12.144227246476266,-26.624834873660504,0.0,1.1231079156987465,1.2047958853044443,0.0,1.8358938071488577,4.606793705112723,0.0,-19.83187823460537,7.903375919489178,32.670651337233174,36.31018953793168,68.98084087516486
14.724000000001586,7.23,6.431326971695877,1.6271150869889706,2.7252413564172357,1.5506189401101294,11.87742422968951,-26.456164723007255,0.0,1.1267710077147892,1.2139917310693424,0.0,1.8272261992614525,4.589043985899174,0.0,-19.62211302942859,7.812964774887903,32.49855379759402,36.48209008008598,68.98064387768
14.726000000001587,7.23,6.436801031566993,1.6301635244679962,2.748729708255661,1.4978744194709896,11.611001978545048,-26.28852161250002,0.0,1.1304169357037022,1.2231520232924131,0.0,1.8187297165384884,4.571240608744493,0.0,-19.412251280138918,7.7234259339933935,32.32683645789739,36.65361111558569,68.98044757348308
14.728000000001588,7.23,6.442321535581851,1.63310680755682,2.771685647664166,1.4454642403165825,11.345022261389731,-26.121807295177526,0.0,1.1340460416253682,1.232276657688045,0.0,1.810404058121424,4.553386600448881,0.0,-19.202315824696797,7.634746079090501,32.155496930081576,36.82475493705568,68.98025186713726
14.730000000001588,7.23,6.447887419843082,1.635945603143539,2.7941101235361265,1.3933866386773273,11.079549288789087,-25.955929062444845,0.0,1.1376586667718789,1.241365535999384,0.0,1.802248856846088,4.535484962619543,0.0,-18.992330618540784,7.546912056420671,31.984532855645288,36.99552381116822,68.98005666681351
14.73200000000159,7.23,6.4534976224810405,1.6386805747701239,2.8160042154415006,1.3416400306082255,10.814649489746651,-25.79079956988948,0.0,1.1412551516334382,1.2504185659457328,0.0,1.7942636777937495,4.517538669452877,0.0,-18.78232066703568,7.459910854867895,31.813941909709314,37.165919974490386,68.97986188419969
14.73400000000159,7.23,6.459151083919448,1.6413123829818521,2.8373691378427544,1.2902230016293075,10.550391291337613,-25.626336669479542,0.0,1.1448358357615893,1.2594356611654858,0.0,1.7864480170650339,4.499550665487378,0.0,-18.572311958222457,7.373729586948863,31.64372180497586,37.33594562943563,68.97966743441148
14.73600000000159,7.23,6.464846747149026,1.6438416856559548,2.858206243873566,1.2391342964957517,10.286844901878123,-25.46246324760888,0.0,1.148401057630217,1.268416741154546,0.0,1.7788013007733146,4.481523863338509,0.0,-18.362331395959394,7.288355472022635,31.473870295582884,37.50560294032225,68.97947323590513
14.738000000001591,7.23,6.470583558008264,1.646269138310123,2.8785170286875164,1.18837280928648,10.024082097767042,-25.299107068497044,0.0,1.1519511544947454,1.2773617312002075,0.0,1.7713228842537447,4.463461141426416,0.0,-18.15240673354471,7.203775821633776,31.30438518084976,37.674894029542045,68.97927921039181
14.740000000001592,7.23,6.476360465470449,1.6485953943915013,2.8983031323842634,1.1379375738009783,9.762176014150684,-25.13620062249434,0.0,1.1554864622499703,1.2862705623104946,0.0,1.7640120514838116,4.445365341707079,0.0,-17.942566507911625,7.119978026901957,31.135264308911676,37.84382097384181,68.97908528275349
14.742000000001592,7.23,6.482176421936142,1.6508211055467765,2.917566342521,1.0878277542549468,9.501200939571875,-24.97368097888036,0.0,1.1590073152869393,1.2951431711389718,0.0,1.7568680147108926,4.427239267417056,0.0,-17.732839974486595,7.036949547869877,30.966505580239705,38.01238580072068,68.97889138096039
14.744000000001593,7.23,6.488030383530262,1.6529469218739468,2.936308596217333,1.038042636266178,9.241232114772343,-24.81148964278021,0.0,1.1625140463492878,1.303979499905065,0.0,1.749889914281901,4.409085680841592,0.0,-17.52325704280054,6.95467790471991,30.798106951043273,38.1805904849463,68.97869743598957
14.746000000001594,7.23,6.493921310402986,1.6549734921563488,2.9545319818620723,0.9885816181227709,8.982345535824262,-24.64957241585754,0.0,1.1660069863894391,1.3127794963099606,0.0,1.7430768186697245,4.390907301115482,0.0,-17.313848212941913,6.8731506707687515,30.630066436552564,38.348436945192695,68.97850338174526
14.748000000001595,7.23,6.499848167033668,1.6569014640794957,2.972238740430753,0.9394442023264431,8.724617761769858,-24.48787926047409,0.0,1.169486464425039,1.3215431134481328,0.0,1.736427724690943,4.372706802065552,0.0,-17.104644512938272,6.79235546714883,30.462382114177586,38.51592704080228,68.97830915497987
14.750000000001595,7.23,6.50580992253701,1.6587314844312722,2.9894312664231046,0.8906299874042947,8.468125726950458,-24.326364167036598,0.0,1.1729528073960211,1.3302703097146127,0.0,1.7299415579087802,4.354486810103318,0.0,-16.89567743715144,6.712279959083511,30.295052126541904,38.68306256867492,68.97811469521682
14.752000000001596,7.23,6.511805550970742,1.6604641992860163,3.0061121084300115,0.8421386599829023,8.21294655820545,-24.16498502427852,0.0,1.1764063400226548,1.3389610487080974,0.0,1.723617173215072,4.336249902175793,0.0,-16.686978885767974,6.632911853663034,30.128074684387723,38.849845260286415,68.97791994467414
14.754000000001597,7.23,6.517834031644068,1.6621002541730063,3.022283969339895,0.793969987119106,7.959157397120199,-24.00370349225125,0.0,1.1798473846649289,1.3476152991300279,0.0,1.7174533555846407,4.3179986037819855,0.0,-16.478581105464002,6.554238899027149,29.96144806935057,39.01627677883877,68.97772484818934
14.756000000001597,7.23,6.523894349426176,1.6636402942298625,3.037949706194784,0.7461238088822747,7.706835227497823,-23.842484877823203,0.0,1.1832762611836125,1.3562330346797655,0.0,1.7114488209952485,4.2997353870621655,0.0,-16.27051663131991,6.476248884860375,29.795170636601018,39.182358716544314,68.97752935314533
14.758000000001598,7.23,6.529985495054115,1.66508496434136,3.0531123297066998,0.698600031183215,7.45605670822462,-23.6812980125083,0.0,1.1866932868033193,1.3648142339460367,0.0,1.7056022175059313,4.281462668966464,0.0,-16.06281823005665,6.398929644105211,29.629240817351665,39.34809259204604,68.9773334093977
14.760000000001599,7.23,6.536106465439378,1.6664349092641433,3.067775003445295,0.651398618845229,7.206898011691902,-23.520115132466582,0.0,1.19009877597787,1.3733588802947865,0.0,1.6999121264864319,4.263182809508802,0.0,-15.855518844660972,6.322269055799372,29.463657121227126,39.51347984797535,68.97713696920248
14.7620000000016,7.23,6.54225626397254,1.6676907737378202,3.081941042708029,0.6045195889131131,6.959434667929253,-23.358911760539673,0.0,1.1934930402582706,1.3818669617536359,0.0,1.6943770639900675,4.24489811011178,0.0,-15.648651540463165,6.24625504894284,29.298418138496178,39.678521848649396,68.97693998714557
14.7640000000016,7.23,6.548433900825326,1.6688532025829095,3.0956139130844416,0.5579630041961531,6.71374141459409,-23.19766659020188,0.0,1.196876388163567,1.3903384708931306,0.0,1.6889954822622517,4.226610812047477,0.0,-15.442249452725587,6.170875607301425,29.133522542163767,39.843219877909206,68.97674242007298
14.7660000000016,7.23,6.554638393249515,1.6699228407861053,3.1087972287263725,0.5117289670413875,6.469892052952801,-23.03636137132532,0.0,1.2002491250548433,1.3987734047049563,0.0,1.683765771376794,4.20832309497869,0.0,-15.23634573579589,6.096118775054699,28.96896908992232,40.00757513709951,68.97654422702183
14.768000000001601,7.23,6.5608687658721,1.6709003335733146,3.121494750336245,0.4658176133335998,6.2279593099763275,-22.874980797672904,0.0,1.2036115530126208,1.4071717644773543,0.0,1.678686260991785,4.1900370756046055,0.0,-15.030973513873773,6.021972663196638,28.804756625961257,40.171588743191606,68.97634536915287
14.770000000001602,7.23,6.567124050986147,1.6717863264709196,3.133710382885743,0.42022910671865776,5.988014706661496,-22.713512396047964,0.0,1.2069639707178772,1.415533555667934,0.0,1.673755222216931,4.1717548064143655,0.0,-14.826165833435006,5.9484254565993915,28.64088408263392,40.335261727049804,68.97614580968373
14.772000000001603,7.23,6.573403288836841,1.6725814653557067,3.145448173077445,0.37496363304694624,5.750128432675562,-22.551946417042608,0.0,1.210306673336901,1.4238587877740887,0.0,1.6689708695840964,4.153478274551452,0.0,-14.621955617351164,5.875465421652185,28.4773504819816,40.49859503184152,68.97594551382312
14.774000000001603,7.23,6.579705527902207,1.6732863964938998,3.1567123065621367,0.33002139503374406,5.5143692274081015,-22.390275727339066,0.0,1.213639952410193,1.4321474742012774,0.0,1.6643313631125767,4.135209400791371,0.0,-14.418375620738598,5.803080914388669,28.314154937114406,40.66158951159204,68.97574444870645
14.776000000001604,7.23,6.586029825168022,1.6739017665697289,3.1675071049247,0.2854026071334739,5.280804267499976,-22.228495703530385,0.0,1.216964095745579,1.4403996321293526,0.0,1.6598348104609304,4.116950038634533,0.0,-14.215458388564516,5.731260389019458,28.151296653449165,40.824245929882885,68.97554258333204
14.778000000001605,7.23,6.592375246396492,1.6744282227039595,3.1778370224515795,0.24110749062481338,5.0494990609042185,-22.06660412743585,0.0,1.2202793873157043,1.4486152823772076,0.0,1.6554792691568452,4.0987019735157695,0.0,-14.013236215033093,5.65999240678775,27.98877492980433,40.9865649586944,68.97533988849872
14.780000000001605,7.23,6.59874086638825,1.6748664124627988,3.18770664269294,0.1971362689036931,4.820517347518838,-21.904601082897,0.0,1.2235861071600653,1.4567944492659526,0.0,1.651262748896807,4.080466922131482,0.0,-13.811741104769288,5.589265645069594,27.826589159352952,41.148547177391336,68.97513633674428
14.782000000001606,7.23,6.605125769237283,1.675216983857594,3.1971206748326852,0.15348916298122775,4.59392100641634,-21.742488854048027,0.0,1.2268845312916974,1.4649371604808652,0.0,1.6471832139072657,4.062246531884845,0.0,-13.6110047358127,5.5190689066427465,27.66473883043413,41.310193071850904,68.97493190228504
14.784000000001607,7.23,6.611529048578419,1.6754805853357304,3.2060839498795395,0.11016638718363243,4.369769969679117,-21.580271825061395,0.0,1.2301749316086465,1.4730434469323481,0.0,1.6432385853591158,4.044042380449158,0.0,-13.411058424429177,5.449391129051377,27.503223527224478,41.471503033732205,68.97472656095668
14.786000000001607,7.23,6.617949807827029,1.6756578657631263,3.2146014166924033,0.0671681450511657,4.148122142834959,-21.417956381377195,0.0,1.2334575758103064,1.4811133426161347,0.0,1.639426743827401,4.025855975448852,0.0,-13.211933091742381,5.380221393997031,27.34204293027018,41.63247735988561,68.9745202901558
14.788000000001608,7.23,6.624387160410625,1.6757494743987242,3.222678137853165,0.024494625433119997,3.929033331871343,-21.25555081242938,0.0,1.2367327273187214,1.4891468844729678,0.0,1.6357455317883156,4.00768875425738,0.0,-13.01365923218337,5.311548936689864,27.18119681688215,41.793116251900614,68.97431306878276
14.790000000001609,7.23,6.630840229992061,1.6757560608613657,3.2303192854000917,-0.017854001224153065,3.7125571767922603,-21.093065215888227,0.0,1.240000645204914,1.4971441122479983,0.0,1.6321927561456744,3.989542083910713,0.0,-12.816266883751222,5.243363155097527,27.02068506139546,41.9534198157904,68.97410487718585
14.79200000000161,7.23,6.637308150684074,1.6756782750894306,3.237530136434833,-0.05987758639923712,3.4987450916664407,-20.93051140344174,0.0,1.2432615841202823,1.5051050683501146,0.0,1.6287661907792892,3.971417261134796,0.0,-12.619785600073412,5.175653619033117,26.860507635295292,42.11338806181079,68.97389569710609
14.79400000000161,7.23,6.643790067254919,1.6755167672936224,3.2443160686159613,-0.10157600683076937,3.2876462111013907,-20.76790280814303,0.0,1.246515794233118,1.5130297977114542,0.0,1.6254635791077585,3.953315512485002,0.0,-12.424244424250526,5.108410079026924,26.70066460721164,42.273020904411894,68.97368551162353
14.79600000000161,7.23,6.6502851353248955,1.675272187903266,3.2506825555518226,-0.14294916766884425,3.0793073430636375,-20.60525439335344,0.0,1.2497635211702496,1.5209183476472836,0.0,1.6222826366585805,3.9352379945951848,0.0,-12.229671864465693,5.041622474931301,26.54115614278546,42.432318162319106,68.97347430510456
14.798000000001611,7.23,6.6567925215535615,1.6749451875064838,3.256635162105294,-0.18399700544592534,2.8737729279517246,-20.44258256331329,0.0,1.2530050059638347,1.5287707677165057,0.0,1.6192210536384912,3.9171857945337223,0.0,-12.036095871335544,4.975280944211046,26.381982504408523,42.59127955874179,68.97326206315032
14.800000000001612,7.23,6.663311403817486,1.6745364167846084,3.262179539622856,-0.22471949087055496,2.6710850038158296,-20.279905075374476,0.0,1.2562404850032836,1.5365871095829675,0.0,1.6162764974974395,3.8991599302635347,0.0,-11.843543816975766,4.909375829876579,26.22314405084048,42.74990472170576,68.97304877254624
14.802000000001613,7.23,6.669840971378391,1.6740465264411817,3.267321421100152,-0.26511663144721975,2.471283177605018,-20.11724095392989,0.0,1.2594701899922998,1.5443674268777983,0.0,1.613446615479666,3.881161351202861,0.0,-11.652042475751141,4.843897688020482,26.064641236705636,42.90819318450728,68.97283442121292
14.804000000001613,7.23,6.676380425041569,1.6734761671258855,3.2720666162959615,-0.30518847392580184,2.274404602311538,-19.954610406075602,0.0,1.2626943479110029,1.552111775062958,0.0,1.6107290371557754,3.8631909388832777,0.0,-11.461618006676773,4.778837294922423,25.90647461187303,43.06614438628468,68.97261899815771
14.806000000001614,7.23,6.682928977304494,1.6728259893537405,3.2764210068062436,-0.34493510658411725,2.080483959870202,-19.79203473904185,0.0,1.2659131809830977,1.5598202112962127,0.0,1.6081213769298461,3.845249507701265,0.0,-11.2722959374346,4.714185653691093,25.748644820723335,43.223757672704835,68.97240249342818
14.808000000001615,7.23,6.689485852495539,1.6720966434199045,3.280390541109606,-0.3843566613471151,1.8895534496606756,-19.629536279428876,0.0,1.2691269066480193,1.5674927942976824,0.0,1.6056212365161073,3.827337805759343,0.0,-11.084101149966457,4.649934000416213,25.591152601305783,43.38103229676013,68.97218489806592
14.810000000001615,7.23,6.696050286902777,1.6712887793103923,3.283981229595252,-0.42345331574638295,1.7016427824504963,-19.467138294282858,0.0,1.2723357375380018,1.5751295842181732,0.0,1.6032262073798074,3.8094565157926965,0.0,-10.897057867602891,4.586073809806938,25.433998784389168,43.53796741967291,68.97196620406208
14.812000000001616,7.23,6.702621528892817,1.6704030466090332,3.2871991395841063,-0.46222529472367296,1.5167791796080983,-19.304864914046462,0.0,1.275539881459988,1.5827306425094343,0.0,1.6009338731373823,3.7916062561770296,0.0,-10.711189643684873,4.522596800297296,25.27718429241077,43.694562111903004,68.97174640431378
14.814000000001617,7.23,6.7091988390197,1.6694400944009737,3.290050390353495,-0.500672872282231,1.3349873774064611,-19.142741057416846,0.0,1.2787395413822955,1.5902960317965171,0.0,1.5987418119112398,3.7737875820132105,0.0,-10.526519351633564,4.459494938602631,25.120710138327055,43.85081535425481,68.97152549258186
14.816000000001617,7.23,6.715781490123836,1.6684005711730285,3.292541148175364,-0.5387963729897763,1.1562896362311612,-18.980792358142725,0.0,1.2819349154259407,1.5978258157523706,0.0,1.5966475986348727,3.7560009862842128,0.0,-10.343069176421945,4.3967604437148715,24.96457742437018,44.006726039079496,68.97130346344967
14.818000000001618,7.23,6.722368767421061,1.6672851247111682,3.294677621377662,-0.5765961733370389,0.9807057544997612,-18.819045093790056,0.0,1.285126196860522,1.6053200589748178,0.0,1.5946488073043021,3.738246901079752,0.0,-10.1608606074008,4.334385790327784,24.808787340714726,44.162292971568164,68.9710803122829
14.820000000001619,7.23,6.728959968581827,1.666094401995432,3.296466055438103,-0.6140727029558195,0.8082530870938055,-18.657526116503522,0.0,1.288313574104548,1.6127788268660561,0.0,1.5927430131721372,3.720525698883936,0.0,-9.979914432430318,4.2723637116866024,24.653341164058602,44.317514871132204,68.9708560351908
14.82200000000162,7.23,6.735554403800633,1.6648290490925424,3.2979127281191443,-0.6512264457005905,0.6389465681000759,-18.496262785789213,0.0,1.291497230730096,1.6202021855147737,0.0,1.5909277948809935,3.70283769392123,0.0,-9.800250733268001,4.210687201859995,24.49824025612282,44.47239037286562,68.97063062898843
14.82400000000162,7.23,6.742151395855775,1.6634897110464881,3.299023944652574,-0.6880579405977019,0.4727987376531852,-18.335282903340715,0.0,1.2946773454716698,1.6275902015810286,0.0,1.5892007365331344,3.685183143555969,0.0,-9.621888882162601,4.14934951743479,24.343486062073996,44.62691802908586,68.97040409115985
14.82600000000162,7.23,6.748750280159505,1.6620770317673392,3.299806032981718,-0.7245677826662988,0.3098197726687535,-18.174614649928376,0.0,1.297854092239135,1.6349429421839703,0.0,1.587559429693699,3.667562249740707,0.0,-9.444847539603764,4.088344178637286,24.189080108874553,44.7810963109482,68.97017641982275
14.828000000001621,7.23,6.7553504047987625,1.6605916539185435,3.3002653390688224,-0.7607566236150972,0.1500175212538014,-18.014286524368963,0.0,1.3010276401345884,1.6422604747924983,0.0,1.5860014753250995,3.649975160508635,0.0,-9.269144653176518,4.027664969887385,24.035024003564544,44.93492361012929,68.96994761369383
14.830000000001622,7.23,6.761951130566571,1.6590342188029514,3.300408222274754,-0.7966251724191886,-0.006602459420908289,-17.85432728458928,0.0,1.3041981534730311,1.6495428671189596,0.0,1.5845244856504588,3.6324219715054116,0.0,-9.094797457469975,3.967305939794292,23.88131943148006,45.088398240575714,68.96971767205576
14.832000000001623,7.23,6.768551830984283,1.6574053662478034,3.3002410508177307,-0.832174195781078,-0.16003686200247635,-17.694765890795082,0.0,1.3073657918066872,1.656790187015921,0.0,1.5831260859443836,3.6149027275556835,0.0,-8.921822474989435,3.907261400605167,23.72796815441217,45.241518440312376,68.96948659472454
14.834000000001623,7.23,6.775151892314825,1.655705734488907,3.2997701973173497,-0.8674045184801699,-0.310284584807891,-17.535631450752682,0.0,1.31053070995284,1.6640025023761351,0.0,1.5818039162494335,3.597417424259805,0.0,-8.750235518021903,3.847525927119746,23.57497200871128,45.394282373307334,68.96925438201862
14.836000000001624,7.23,6.781750713567119,1.6539359600542236,3.2990020344297672,-0.9023170236149355,-0.4573466848621478,-17.376953167188415,0.0,1.3136930580250181,1.6711798810356988,0.0,1.5805556330172141,3.5799660096161463,0.0,-8.580051691404817,3.7880943550865815,23.422332903341054,45.546688131387384,68.96902103472844
14.838000000001625,7.23,6.788347706491869,1.6520966776470745,3.2979429305794317,-0.9369126527419978,-0.6012263283373346,-17.218760287306864,0.0,1.3168529814673926,1.6783223906805018,0.0,1.579378910673011,3.562548385664651,0.0,-8.411285396149047,3.728961779097698,23.270052817886423,45.69873373620125,68.96878655408767
14.840000000001625,7.23,6.7949422955689185,1.6501885200291677,3.296599245792362,-0.971192405916371,-0.7419287386054245,-17.061082054426866,0.0,1.3200106210922213,1.6854300987559556,0.0,1.578271443103413,3.5451644101472777,0.0,-8.24395033386745,3.670123550000694,23.11813380052011,45.85041714122464,68.96855094174475
14.842000000001626,7.23,6.801533917986367,1.6482121179036409,3.2949773276355327,-1.0051573416370863,-0.8794611421154799,-16.903947661729774,0.0,1.3231661131201975,1.6925030723800831,0.0,1.5772309450663475,3.527813898181162,0.0,-8.078059511961396,3.6115752718480816,22.966577965931744,46.00173623380429,68.96831419973603
14.844000000001627,7.23,6.808122023611691,1.6461680997983026,3.2930835072665023,-1.038808576702419,-1.0138327123027002,-16.747386208112662,0.0,1.3263195892235333,1.699541378259938,0.0,1.5762551535234868,3.5104966239404107,0.0,-7.913625249518558,3.5533127984056296,22.81538749322416,46.152688837235296,68.96807633045945
14.846000000001627,7.23,6.814706074955065,1.6440570919492512,3.2909240955970263,-1.0721472859789207,-1.145054511733447,-16.591426656135013,0.0,1.3294711765716376,1.7065450826114148,0.0,1.5753418288949261,3.4932123223426053,0.0,-7.750659183876244,3.495332229241844,22.664564623780727,46.3032727128688,68.96783733664952
14.848000000001628,7.23,6.821285547125132,1.6418797181850382,3.2885053795739734,-1.105174702088423,-1.2731394326863155,-16.43609779204513,0.0,1.332620997879221,1.713514251082417,0.0,1.574488756236508,3.4759606907362093,0.0,-7.589172277805718,3.4376299054222317,22.514111659108146,46.453485562244836,68.96759722135297
14.850000000001629,7.23,6.827859927777455,1.6396365998115352,3.285833618580482,-1.1378921150171646,-1.3981021363648878,-16.281428187869192,0.0,1.3357691714566775,1.7204489486794072,0.0,1.573693746340162,3.458741390585253,0.0,-7.429174827274194,3.3802024048322616,22.36403095865835,46.6033250292471,68.96735598790545
14.85200000000163,7.23,6.834428717055891,1.6373283554976585,3.2829150409598995,-1.1703008716511387,-1.519958990932786,-16.127446165543294,0.0,1.338915811262598,1.727349239697321,0.0,1.5729546367579665,3.441554049147816,0.0,-7.270676469742377,3.323046537153808,22.21432493763391,46.75278870227524,68.96711363990914
14.85400000000163,7.23,6.840991427527143,1.6349556011620925,3.279755840664672,-1.2024023752417319,-1.6387280085566545,-15.974179763065822,0.0,1.3420610269582447,1.7342151876528213,0.0,1.5722692927507678,3.4243982611449644,0.0,-7.113686192956744,3.2661593385202123,22.06499606478036,46.90187411643079,68.96687018121115
14.85600000000163,7.23,6.847547584108729,1.6325189498611477,3.2763621740319926,-1.2341980848056664,-1.754428781636707,-15.821656702645143,0.0,1.34520492396386,1.7410468552208878,0.0,1.5716356081623257,3.40727359041702,0.0,-6.9582123441971655,3.2095380658752655,21.916046860169484,47.050578755713374,68.96662561588286
14.858000000001631,7.23,6.854096723990636,1.6300190116778828,3.2727401566876555,-1.2656895144632094,-1.867082418398852,-15.669904360814831,0.0,1.3483476035166413,1.7478443041746932,0.0,1.5710515062201944,3.3901795715641443,0.0,-6.804262639941748,3.1531801910617525,21.767479892976972,47.19890005522301,68.96637994819997
14.860000000001632,7.23,6.860638396550907,1.6274563936126076,3.26889586057922,-1.2968782327185577,-1.9767114780161503,-15.51894974048647,0.0,1.351489162730249,1.7546075953287563,0.0,1.57051494026458,3.373115711568448,0.0,-6.651844175912307,3.097083394664986,21.61929777925805,47.346835403365525,68.96613318262358
14.862000000001633,7.23,6.867172163265427,1.6248316994748797,3.2648353111392714,-1.3277658616862364,-2.083339905420639,-15.368819444907693,0.0,1.354629694655702,1.7613367884853024,0.0,1.5700238944066864,3.3560814913949706,0.0,-6.500963437465171,3.041245559636902,21.471503179724575,47.49438214405709,68.96588532378166
14.864000000001633,7.23,6.873697597612168,1.6221455297771,3.2605644845792354,-1.358354076267292,-2.186992965960374,-15.219539653491054,0.0,1.3577692883435184,1.7680319423838142,0.0,1.5695763841180255,3.3390763675690667,0.0,-6.351626310293583,2.9856647647257826,21.324098797526588,47.64153757892515,68.96563637645174
14.866000000001634,7.23,6.880214284970142,1.6193984816298022,3.256089305313912,-1.3886446032789836,-2.2876971800493986,-15.071136099477197,0.0,1.3609080289069713,1.7746931146537137,0.0,1.5691704567523863,3.3220997737279125,0.0,-6.203838091409276,2.9303392777365316,21.177087376041875,47.78829896950228,68.96538634554415
14.868000000001635,7.23,6.8867218225133495,1.616591148638727,3.2514156435165957,-1.418639220541603,-2.3854802579514143,-14.923634049394487,0.0,1.3640459975863157,1.7813203617701039,0.0,1.5688041920022535,3.305151122143981,0.0,-6.057603500372286,2.87526754864602,21.030471696675974,47.93466353940971,68.96513523608569
14.870000000001635,7.23,6.893219819099954,1.613724120803762,3.246549312804383,-1.448339755925977,-2.480371034831171,-14.777058284274606,0.0,1.3671832718138721,1.787913739012542,0.0,1.5684757022914426,3.2882298052185726,0.0,-5.912926690739504,2.8204482025972597,20.884254576676284,48.080628476528176,68.96488305320446
14.872000000001636,7.23,6.8997078951569675,1.610797984419824,3.2414960680530047,-1.4777480863651233,-2.572399406200232,-14.631433082583113,0.0,1.3703199252798268,1.794473300426771,0.0,1.5681831331058966,3.2713351969435953,0.0,-5.769811261703859,2.765880032795812,20.73843886696211,48.22619093515304,68.96462980211516
14.874000000001637,7.23,6.906185682560685,1.6078133219797488,3.236261603340269,-1.5068661368334462,-2.6615962638765858,-14.486782204821967,0.0,1.373456027998638,1.8009990987893212,0.0,1.5679246632646726,3.2544666543299625,0.0,-5.628260269897301,2.7115619933311343,20.593027449974226,48.371348038130606,68.96437548810484
14.876000000001637,7.23,6.912652824513144,1.6047707120792554,3.23085155001698,-1.5356958792967728,-2.7479934325707864,-14.343128879759803,0.0,1.3765916463759234,1.8074911855749607,0.0,1.5676985051330297,3.2376235188011933,0.0,-5.488276241332359,2.657493191944591,20.4480232375455,48.5160968789741,68.96412011651961
14.878000000001638,7.23,6.919108975414841,1.6016707293240342,3.2252714749039666,-1.56423933163644,-2.8316236072037606,-14.200495792244988,0.0,1.3797268432757186,1.8139496109268756,0.0,1.5675029047798112,3.22080511755087,0.0,-5.349861183458075,2.6036728827654203,20.3034291687958,48.66043452395597,68.96386369275177
14.880000000001639,7.23,6.925553800733977,1.5985139442390113,3.219526878613663,-1.5924985565505527,-2.9125202910545482,-14.058905072555117,0.0,1.3828616780879948,1.8203744236295403,0.0,1.5673361420811374,3.2040107648628418,0.0,-5.213016597307686,2.5501004590347978,20.15924820805258,48.80435801417491,68.9636062222275
14.88200000000164,7.23,6.931986976872461,1.5953009231798303,3.2136231939944846,-1.6204756604354371,-2.990717734829216,-13.918378287236168,0.0,1.3859962067963365,1.8267656710841806,0.0,1.5671965307725921,3.1872397633931713,0.0,-5.077743489716507,2.4967754458374474,20.015483342799982,48.947864367595066,68.96334771039506
14.88400000000164,7.23,6.938408191028933,1.592032228246589,3.2075657846960786,-1.6481727922502232,-3.0662508767352596,-13.778936431383551,0.0,1.389130482045667,1.8331233992867735,0.0,1.5670824184519982,3.1704914054129643,0.0,-4.944042385589812,2.4436974928591897,19.8721375816577,49.090950581056035,68.96308816271373
14.88600000000164,7.23,6.944817141059024,1.5887084171998611,3.201359943853349,-1.6755921423673907,-3.1391552836388317,-13.640599922316976,0.0,1.3922645532099387,1.8394476528084847,0.0,1.5669921865349759,3.153764974011394,0.0,-4.811913340201656,2.3908663671880106,19.729213952392012,49.23361363225118,68.9628275846432
14.888000000001641,7.23,6.95121353533311,1.5853300433790283,3.1950108928870287,-1.7027359414120191,-3.209467093375703,-13.503388594600684,0.0,1.3953984664596844,1.845738474778472,0.0,1.5669242501654226,3.1370597442583175,0.0,-4.681355951506732,2.3382819461751714,19.5867154999602,49.37585048167294,68.96256598163313
14.890000000001642,7.23,6.957597092591785,1.5818976556229434,3.188523780418422,-1.7296064590923814,-3.277222958280064,-13.367321696360133,0.0,1.398532264829348,1.8519959068689755,0.0,1.566877058083059,3.1203749843260535,0.0,-4.552369372448512,2.2859442103719303,19.44464528459021,49.51765807452351,68.96230335911372
14.892000000001643,7.23,6.963967541799261,1.578411798192939,3.1819036812958186,-1.7562060030244282,-3.342459989989078,-13.232417886846273,0.0,1.4016659882843086,1.858219989282609,0.0,1.5668490924501692,3.1037099565700044,0.0,-4.424952323247975,2.233853236556442,19.303006379896818,49.65903334258934,68.96203972248615
14.894000000001643,7.23,6.970324621994946,1.5748730106981905,3.175155595729985,-1.782536917552606,-3.405215705574738,-13.098695235198393,0.0,1.4047996737875215,1.8644107607417724,0.0,1.566838868639662,3.087063918567887,0.0,-4.299103103658234,2.182009190864441,19.161801871035692,49.79997320607835,68.96177507711404
14.896000000001644,7.23,6.976668082143393,1.5712818280234393,3.1682844485360206,-1.8086015825693607,-3.4655279750486505,-12.966171220356815,0.0,1.4079333553656945,1.870568258480103,0.0,1.5668449349865259,3.070436124117503,0.0,-4.17481960517143,2.1304123220362987,19.02103485289636,49.940474575418456,68.96150942831481
14.898000000001645,7.23,6.982997680982833,1.5676387802590774,3.1612950884788016,-1.8344024123355736,-3.5234349702795056,-12.834862732076687,0.0,1.4110670641749343,1.8766925182358705,0.0,1.5668658725047853,3.053825824193029,0.0,-4.052099323165135,2.079062954792103,18.880708428335463,50.08053435301623,68.9612427813517
14.900000000001645,7.23,6.989313186872509,1.5639443926335876,3.1541922877191455,-1.8599418543040873,-3.5789751153572826,-12.704786072994633,0.0,1.4142008285657948,1.882783574247263,0.0,1.5669002945718862,3.037232267859972,0.0,-3.9309393689765177,2.027961483345304,18.740825706450778,50.22014943497538,68.96097514142616
14.902000000001646,7.23,6.995614377638992,1.5601991854483312,3.146980741357778,-1.8852223879483776,-3.6321870384330115,-12.575956961700257,0.0,1.4173346741476622,1.8888414592494358,0.0,1.5669468465826388,3.0206547031489253,0.0,-3.8113364818932425,1.9771083650647718,18.601389800897334,50.35931671277309,68.96070651367042
14.904000000001647,7.23,7.0019010404216875,1.5564036740146734,3.139665067074124,-1.910246523598333,-3.683109525057547,-12.448390536765285,0.0,1.420468623852418,1.8948662044732938,0.0,1.5670042055745101,3.0040923778884854,0.0,-3.693287041051112,1.9265041142938395,18.462403828245925,50.498033074894714,68.96043690314065
14.906000000001647,7.23,7.008172971517705,1.5525583685934259,3.132249804856905,-1.9350168012850117,-3.7317814730378096,-12.322101361683407,0.0,1.423602697997329,1.900857839645877,0.0,1.567071079826296,2.987544540497631,0.0,-3.5767870772290373,1.876149296334313,18.323870906384883,50.63629540842527,68.96016631481015
14.908000000001648,7.23,7.014429976226282,1.5486637743365927,3.124739416823496,-1.9595357895961505,-3.778241848824463,-12.197103430674783,0.0,1.4267369143471065,1.9068163929923012,0.0,1.5671462084319379,2.9710104407380356,0.0,-3.4618322845328167,1.826044521602284,18.185794152965553,50.77410060059756,68.95989475356312
14.910000000001649,7.23,7.0206718686929355,1.5447203912313898,3.117138287124967,-1.983806084544109,-3.8225296454402047,-12.073410175309771,0.0,1.4298712881750895,1.9127418912391658,0.0,1.5672283608513102,2.9544893304268176,0.0,-3.348418031959867,1.7761904399618607,18.048176683891764,50.91144554029671,68.95962222418848
14.91200000000165,7.23,7.0268984717535,1.5407287140465167,3.109450721933722,-2.0078303084478435,-3.8646838419536165,-11.951034471907573,0.0,1.433005832323511,1.9186343596193405,0.0,1.567316336439739,2.9379804641103,0.0,-3.2365393748377413,1.726587735242071,17.9110216118539,51.04832711952023,68.95934873137413
14.91400000000165,7.23,7.033109616778227,1.5366892322806485,3.101680949510644,-2.0316111088304174,-3.9047433644996286,-11.829988649665927,0.0,1.4361405572628025,1.9244938218780658,0.0,1.5674089639579079,2.921483099699401,0.0,-3.126191066129886,1.6772371199413367,17.77433204490744,51.184742234793944,68.95907427970138
14.91600000000165,7.23,7.039305143516091,1.5326024301131163,3.0938331203486547,-2.055151157333465,-3.942747048843679,-11.710284499479364,0.0,1.4392754711498958,1.9303203002802871,0.0,1.5675051010638028,2.904996499067341,0.0,-3.017367567602708,1.628139330123194,17.63811108509638,51.32068778854325,68.95879887363964
14.918000000001651,7.23,7.045484899939458,1.5284687863567403,3.0859113073896074,-2.0784531486499462,-3.9787336044830455,-11.591933283404323,0.0,1.4424105798855003,1.936113815619144,0.0,1.567603633788265,2.8885199286104037,0.0,-2.9100630608486378,1.5792951205061994,17.50236182712151,51.45616069041978,68.9585225175413
14.920000000001652,7.23,7.051648742089262,1.5242887744127784,3.077919506311447,-2.1015197994764447,-4.01274158027561,-11.474945744730519,0.0,1.4455458871703055,1.941874387225543,0.0,1.5677034759956618,2.872052659772501,0.0,-2.8042714581603447,1.5307052597502266,17.36708735705346,51.59115785858337,68.95824521563684
14.922000000001653,7.23,7.0577965339208175,1.520062862227949,3.0698616358825963,-2.1243538474861823,-4.0448093315830445,-11.35933211861898,0.0,1.4486813945601034,1.9476020329787576,0.0,1.5678035688311012,2.8555939695343784,0.0,-2.69998641325185,1.4823705259406883,17.23229075109048,51.72567622093982,68.9579669720303
14.924000000001653,7.23,7.063928147150411,1.5157915122534873,3.061741538380554,-2.146958050323842,-4.074974988912473,-11.245102143268698,0.0,1.451817101519784,1.9532967693179486,0.0,1.567902880155643,2.8391431408682637,0.0,-2.597201331822682,1.434291702271662,17.097975074360832,51.85971271633374,68.95768779069456
14.926000000001654,7.23,7.070043461102787,1.5114751814061878,3.0535629800717263,-2.1693351846232254,-4.103276428038128,-11.132265071574391,0.0,1.4549530054761919,1.958958611254582,0.0,1.5680004039707538,2.8226994631588576,0.0,-2.495909381961775,1.3864695729281775,16.964143379769386,51.993264295697784,68.95740767546717
14.928000000001655,7.23,7.076142362559658,1.5071143210313893,3.0453296517495523,-2.1914880450486827,-4.129751241581796,-11.020829683239583,0.0,1.458089101869826,1.9645875723856427,0.0,1.5680951598333306,2.8062622325915463,0.0,-2.396103504388149,1.3389049191674807,16.8307987068884,52.126327923157675,68.95712663004608
14.930000000001655,7.23,7.082224745609336,1.5027093768678519,3.03704516932803,-2.213419443361197,-4.154436712028799,-10.910804297310143,0.0,1.461225384205358,1.9701836649076008,0.0,1.5681861922624698,2.789830752508742,0.0,-2.297776422525889,1.291598515598506,16.697944080891858,52.25890057709391,68.95684465798577
14.932000000001656,7.23,7.088290511497621,1.4982607890144761,3.0287130744877935,-2.2351322075099302,-4.17736978615393,-10.802196785095024,0.0,1.4643618441009554,1.9757468996310492,0.0,1.5682725701391353,2.773404333735279,0.0,-2.2009206524112566,1.2445511266583182,16.56558251153303,52.39097925116014,68.95656176269317
14.934000000001657,7.23,7.094339568480012,1.4937689918988137,3.0203368353719546,-2.2566291807499654,-4.198587050830078,-10.695014583441596,0.0,1.4674984713364014,1.981277285995975,0.0,1.568353386099795,2.7569822948738163,0.0,-2.105528512430183,1.1977635032838247,16.43371699216494,52.52256095525913,68.95627794742407
14.936000000001657,7.23,7.100371831675376,1.4892344142473148,3.011919847328964,-2.277913220786934,-4.218124710190448,-10.589264708334902,0.0,1.470635253899996,1.9867748320875824,0.0,1.5684277559250641,2.74056396257117,0.0,-2.011592132884691,1.1512363797766736,16.30235049880303,52.653642716476384,68.95599321527942
14.938000000001658,7.23,7.106387222921131,1.4846574790572606,3.003465433699824,-2.2989871989491366,-4.236018564113785,-10.484953768791058,0.0,1.4737721780342272,1.992239544652623,0.0,1.5684948179242966,2.724148671756555,0.0,-1.9191034653871377,1.1049704708588257,16.171485989229538,52.784221579972225,68.95570756920176
14.940000000001659,7.23,7.1123856706300606,1.4800386035703217,2.9949768466470315,-2.319853999387723,-4.25230398800063,-10.382087981016337,0.0,1.4769092282802114,1.9976714291161757,0.0,1.5685537323170573,2.7077357658526506,0.0,-1.8280542920814324,1.0589664689160017,16.041126402139067,52.914294609832794,68.95542101197186
14.94200000000166,7.23,7.118367109648813,1.4753781992476882,2.986457268022706,-2.340516518305433,-4.2670159138075645,-10.280673182804854,0.0,1.480046387520894,2.003070489598822,0.0,1.5686036806122792,2.691324596960506,0.0,-1.7384362346907363,1.0132250414258213,15.91127465632453,53.04385888988071,68.95513354620525
14.94400000000166,7.23,7.124331481118181,1.4706766717467148,2.97790981027342,-2.3609776632143475,-4.280188812305226,-10.180714848148913,0.0,1.4831836370230058,2.008436728934169,0.0,1.5686438649859313,2.674914526019161,0.0,-1.6502407633912852,0.967746828567223,15.78193364990303,53.17291152444602,68.95484517434905
14.94600000000166,7.23,7.130278732335226,1.4659344208990188,2.969337517379317,-2.3812403522230565,-4.291856676524977,-10.082218102037707,0.0,1.4863209564777713,2.0137701486866613,0.0,1.568673507657916,2.658504922940981,0.0,-1.5634592055123993,0.922532441007498,15.653106259580735,53.30144963909804,68.95455589867878
14.948000000001661,7.23,7.1362088166173105,1.4611518406899757,2.9607433658251794,-2.4013075133535895,-4.3020530063586335,-9.985187735420674,0.0,1.4894583240403785,2.0190707491696402,0.0,1.568691850268883,2.6420951667236183,0.0,-1.4780827540627912,0.8775824578630078,15.524795339956263,53.42947038133877,68.95426572129503
14.950000000001662,7.23,7.142121693168102,1.4563293192395501,2.952130265601172,-2.42118208388842,-4.310810794274744,-9.889628220313629,0.0,1.4925957163681933,2.0243385294636154,0.0,1.5686981532575583,2.6256846455395326,0.0,-1.3941024760836658,0.8328974248295002,15.397003722861546,53.55697092125906,68.9539746441206
14.952000000001663,7.23,7.148017326945608,1.4514672387844028,2.94350106123107,-2.4408670097478082,-4.318162512114636,-9.795543725026945,0.0,1.4957331086577348,2.0295734874346785,0.0,1.5686916952392118,2.6092727568039784,0.0,-1.311509320829188,0.7884778524777756,15.269734216739705,53.68394845215764,68.95368266889734
14.954000000001663,7.23,7.153895688532293,1.4465659756612117,2.9348585328258414,-2.4603652448977047,-4.324140098930994,-9.70293812949592,0.0,1.4988704746804093,2.0347756197530407,0.0,1.5686717723857497,2.5928589072223596,0.0,-1.230294127775163,0.7443242147102828,15.14298960605883,53.81040019112424,68.95338979718306
14.956000000001664,7.23,7.1597567540073275,1.4416259002911482,2.926205397160546,-2.4796797507884016,-4.3287749498316,-9.611815040695133,0.0,1.502007786817005,2.0399449219116415,0.0,1.5686376978079237,2.5764425128178416,0.0,-1.1504476344569134,0.7004369473741311,15.01677265076113,53.93632337958752,68.95309603034865
14.958000000001665,7.23,7.165600504821009,1.436647377165443,2.917544308772571,-2.4988134958240837,-4.332097905790717,-9.522177808119258,0.0,1.5051450160909536,2.0450813882448,0.0,1.5685888009400744,2.5600229989400805,0.0,-1.071960484137544,0.6568164470259152,14.891086085746391,54.06171528382869,68.95280136957508
14.960000000001665,7.23,7.171426927671402,1.4316307648319837,2.9088778610793047,-2.517769454863391,-4.334139244390472,-9.434029539314587,0.0,1.5082821322003643,2.050185011946862,0.0,1.5685244269278091,2.54359980025592,0.0,-0.9948232333078982,0.6134630698436695,14.765932620389055,54.186573195461484,68.95250581585054
14.962000000001666,7.23,7.17723601438323,1.4265764158828782,2.9002085875134345,-2.5365506087510847,-4.334928671454732,-9.347373115446064,0.0,1.5114191035488385,2.055255785090801,0.0,1.5684439360189586,2.52717236072287,0.0,-0.9190263590197082,0.570377130681239,14.641314938088028,54.31089443187924,68.95220936996726
14.964000000001667,7.23,7.183027761789057,1.4214846769429266,2.8915389626741104,-2.555159943880872,-4.3344953135382225,-9.26221120688604,0.0,1.514555897275066,2.06029369864677,0.0,1.568346702958061,2.5107401335462165,0.0,-0.8445602660535697,0.5275589022602911,14.517235695848346,54.434676336670584,68.95191203251893
14.966000000001667,7.23,7.188802171612779,1.416355888658933,2.8828714034923086,-2.5736004517894155,-4.332867711233741,-9.178546288811866,0.0,1.5176924792812174,2.0652987425005325,0.0,1.5682321163846937,2.4943025811204893,0.0,-0.7714152939234695,0.4850086144952294,14.393697523893803,54.557916280003596,68.9516138038974
14.968000000001668,7.23,7.194559250355469,1.4111903856898003,2.874208270408794,-2.5918751287815414,-4.330073813260621,-9.096380656800747,0.0,1.5208288142601365,2.0702709054717756,0.0,1.568099578235819,2.477859174956103,0.0,-0.6995817237197762,0.4427264539462388,14.270703025309777,54.68061165898021,68.95131468428998
14.970000000001669,7.23,7.2002990091835795,1.4059884966973426,2.8655518685631516,-2.6099869755866214,-4.326140971298034,-9.015716442411101,0.0,1.5239648657213394,2.0752101753322503,0.0,1.5679485031523375,2.461409395591884,0.0,-0.6290497847926986,0.40071256339575173,14.148254775715296,54.8027598979611,68.9510146736764
14.97200000000167,7.23,7.206021463819541,1.4007505443377537,2.856904448992441,-2.6279389970460993,-4.321095935527337,-8.936555628740368,0.0,1.527100596015833,2.080116538823737,0.0,1.5677783178899825,2.444952732494209,0.0,-0.5598096612783064,0.3589670415436315,14.02635532296345,54.924358448862336,68.95071377182579
14.97400000000167,7.23,7.2117266344347595,1.3954768452536694,2.8482682098380834,-2.6457342018320995,-4.3149648508476535,-8.858900065951113,0.0,1.5302359663597604,2.0849899816757795,0.0,1.567588460734669,2.4284886839434487,0.0,-0.49185149846934895,0.3174899428164524,13.905007186869483,55.04540479142423,68.95041197829372
14.97600000000167,7.23,7.217414545545039,1.390167710066762,2.8396452975596738,-2.6633756021970503,-4.307773253730116,-8.78275148675684,0.0,1.5333709368568798,2.089830488623201,0.0,1.5673783809223398,2.412016756908391,0.0,-0.4251654090331971,0.2762812772863114,13.784212858965414,55.16589643345381,68.95010929241923
14.978000000001671,7.23,7.223085225908438,1.3848234433708038,2.8310378081544765,-2.680866213754234,-4.299546069676234,-8.708111521861117,0.0,1.536505466519887,2.0946380434233305,0.0,1.5671475380633795,2.3955364669092614,0.0,-0.3597414790793089,0.23534101069469224,13.663974802280507,55.285830911040996,68.9498057133215
14.980000000001672,7.23,7.228738708425565,1.3794443437251394,2.822447788381426,-2.69820905528916,-4.290307611246761,-8.634981715343532,0.0,1.5396395132905953,2.0994126288729733,0.0,1.5668954015715462,2.379047337870007,0.0,-0.2955697740787318,0.1946690645769787,13.544295451146748,55.40520578875031,68.94950123989706
14.982000000001673,7.23,7.234375030042332,1.3740307036485047,2.8138772369885277,-2.715407148601657,-4.280081576628119,-8.563363539987378,0.0,1.5427730340589725,2.1041542268250506,0.0,1.5666214500974502,2.362548901960387,0.0,-0.23264034463823005,0.15426531648335187,13.425177211028455,55.52401865978786,68.94919587081631
14.984000000001673,7.23,7.239994231655161,1.3685828096131298,2.8053281059426167,-2.7324635183785526,-4.268891048704027,-8.493258412544332,0.0,1.5459059846810534,2.108862818204937,0.0,1.5663251709664618,2.346040699428489,0.0,-0.1709432321317141,0.11412960029188454,13.306622458375067,55.64226714614556,68.94888960452062
14.986000000001674,7.23,7.245596358018651,1.363100942039068,2.796802301660492,-2.7493811920968216,-4.256758494600787,-8.424667708932722,0.0,1.5490383199957305,2.11353838302643,0.0,1.5660060596210044,2.329522278424162,0.0,-0.11046847419169037,0.0742617066097767,13.188633540496522,55.75994889872223,68.94858243921875
14.988000000001675,7.23,7.251181457655712,1.357585375288686,2.7883016862405148,-2.766163199957058,-4.243705765675499,-8.357592779365913,0.0,1.5521699938404327,2.118180900407376,0.0,1.5656636190670963,2.3129931948139353,0.0,-0.05120611006358051,0.034661383258822245,13.071212775460213,55.8770615974235,68.94827437288372
14.990000000001675,7.23,7.2567495827701585,1.3520363776612583,2.779828078693809,-2.782812574847134,-4.229754097917205,-8.292034963408668,0.0,1.5553009590657048,2.122790348584912,0.0,1.56529735932498,2.296453011987882,0.0,0.0068538141742283875,-0.004671664158691885,12.95436245200876,55.99360295124052,68.94796540324928
14.992000000001676,7.23,7.262300789161764,1.3464542113876043,2.7713832561742757,-2.799332352335896,-4.214924112731745,-8.22799560495971,0.0,1.5584311675486897,2.12736670493031,0.0,1.5649067968837012,2.27990130065892,0.0,0.06372124052164259,-0.043737771617288826,12.83808482949798,56.109570698308616,68.9476555278066
14.994000000001677,7.23,7.267835136143778,1.340839132624708,2.7629689552066736,-2.8157255706967543,-4.199235818082028,-8.165476067159373,0.0,1.5615605702055215,2.1319099459634185,0.0,1.5644914541594168,2.263337638654974,0.0,0.11940609409641592,-0.08253731595229986,12.722382137853911,56.2249626059466,68.94734474380051
14.996000000001677,7.23,7.273352686462889,1.3351913914502596,2.754586872912089,-2.831995270961008,-4.182708609956195,-8.104477747221628,0.0,1.5646891170026427,2.1364200473666752,0.0,1.5640508589572166,2.2467616107044406,0.0,0.17391827829893977,-0.12107071407390206,12.607256577548572,56.33977647067746,68.94703304822603
14.998000000001678,7.23,7.278853506221647,1.329511231857062,2.7462386682301623,-2.8481444970007628,-4.165361274137001,-8.045002091190522,0.0,1.5678167569670483,2.1408969839986915,0.0,1.563584543936214,2.230172808215338,0.0,0.22726767009912463,-0.15933842211436117,12.492710319593304,56.45401011823121,68.94672043782451
15.000000000001679,7.23,7.284337664803311,1.3237988917472427,2.737925963137498,-2.864176295641285,-4.147211988246614,-7.9870506086215975,0.0,1.5709434381954583,2.145340729907388,0.0,1.5630920460776245,2.2135708290485274,0.0,0.27946411544220545,-0.19734093451149917,12.378745505549357,56.56766140353075,68.94640690908011
