time,gravity,weight_mass,q1_length,q2_length,q1_dampening,q2_dampening,q1,q2,q1_dot,q2_dot,q1_ddot,q2_ddot,weight_x,weight_y,weight_z,weight_vx,weight_vy,weight_vz,weight_ax,weight_ay,weight_az,kinetic energy,potential energy,total energy
0.002,9.81,3.93,1,1,0.01,0.01,1.5707761646638572,1.570816488686354,-0.020162105604657945,0.02016164200207241,-10.081014653273002,10.080342590610703,0.0,1.000000000051887,2.9999798378944016,0.0,5.709227492006531e-08,-0.020162105599511274,0.0,-9.347208149969816e-09,-2.646813720914583e-14,0.0010739970247406157,159.80382599891038,159.80489999593513
0.004,9.81,3.93,1,1,0.01,0.01,1.5707156784741656,1.5708769715312978,-0.040324058695421286,0.04032053661513358,-10.080938478910692,10.078343610636074,0.0,1.000000000764739,2.999919351704782,0.0,2.700123891925285e-07,-0.04032405855699288,0.0,-1.4202451897795023e-07,-9.510049599535087e-13,0.004295955580058121,159.80060400241584,159.8048999579959
0.006,9.81,3.93,1,1,0.01,0.01,1.570614868530414,1.5709777673339258,-0.06048585981337537,0.06047418293382821,-10.08086275016408,10.075094372830716,0.0,1.0000000021113,2.9998185417618464,0.0,7.012189569662282e-07,-0.06048585879717139,0.0,-7.062859036649841e-07,-8.188047165680168e-12,0.009665826892010215,159.79523402813257,159.8048998550246
0.008,9.81,3.93,1,1,0.01,0.01,1.5704737351353437,1.5711188630974735,-0.08064751033596984,0.0806200809689353,-10.080787987226438,10.070595437749196,0.0,1.0000000045905841,2.9996774083711353,0.0,1.4131503368908692e-06,-0.08064750610025428,0.0,-2.2121096429868103e-06,-3.876181221698677e-11,0.017183562188853117,159.78771609233618,159.80489965452503
0.01,9.81,3.93,1,1,0.01,0.01,1.5702922785877653,1.571300240826455,-0.10080901288474613,0.10075573205671726,-10.080714913897824,10.064847570137784,0.0,1.0000000088264631,2.999495951838844,0.0,2.4682233539366057e-06,-0.10080900001761277,0.0,-5.371186274138923e-06,-1.3150896644007177e-10,0.026849112689074646,159.7780502113372,159.80489932402625
0.012,9.81,3.93,1,1,0.01,0.01,1.570070499179663,1.5715218775297217,-0.12097037173191492,0.12087863926610617,-10.080644456918355,10.057851737679593,0.0,1.0000000155676159,2.9992741724723646,0.0,3.928830592553192e-06,-0.12097033978950662,0.0,-1.1096906413722047e-05,-3.604012808163802e-10,0.038662429580588485,159.76623640151007,159.80489883109067
0.014,9.81,3.93,1,1,0.01,0.01,1.5698083971924883,1.5717837452243333,-0.14113159320541677,0.140986307803034,-10.080577745118289,10.049609109393566,0.0,1.0000000256874824,2.999012070580985,0.0,5.857337729194425e-06,-0.1411315242630824,0.0,-2.0504348607079712e-05,-8.509855989716644e-10,0.052623463991078624,159.75227467933038,159.80489814332145
0.016,9.81,3.93,1,1,0.01,0.01,1.5695059728926453,1.5720858109402325,-0.16129268609210057,0.16107624541121685,-10.080516108385908,10.040121053690047,0.0,1.000000040184203,2.998709646476763,0.0,8.316080912691369e-06,-0.1612925518107127,0.0,-3.491026739498786e-05,-1.7999380943586027e-09,0.06873216694948091,159.73616506142193,159.8048972283714
0.018000000000000002,9.81,3.93,1,1,0.01,0.01,1.5691632265261706,1.572428036725718,-0.1814536620386561,0.1811459627687087,-10.080461076453846,10.029389136085275,0.0,1.0000000601805603,2.998366900475554,0.0,1.1367364201172748e-05,-0.18145342024874603,0.0,-5.583308182912232e-05,-3.4977294710425813e-09,0.08698848933858813,159.7179075646115,159.80489605395007
0.020000000000000004,9.81,3.93,1,1,0.01,0.01,1.5687801583126155,1.5728103796537056,-0.20161453594993853,0.20119297387954602,-10.080414377504825,10.017415116577917,0.0,1.0000000869239103,2.997983832898203,0.0,1.5073457063360354e-05,-0.20161412675673343,0.0,-8.499286470736805e-05,-6.354397469401142e-09,0.10739238183876379,159.6975022059934,159.80489458783217
0.022000000000000006,9.81,3.93,1,1,0.01,0.01,1.5683567684381343,1.5732327918287679,-0.22177532638432468,0.22121479645981,-10.080377936597966,10.004200946691371,0.0,1.0000001217861125,2.997560444071901,0.0,1.9496591953687705e-05,-0.22177466779720045,0.0,-0.00012431133283923902,-1.0928422780017332e-08,0.12994379486274682,159.67494900300233,159.80489279786508
0.024000000000000007,9.81,3.93,1,1,0.01,0.01,1.5678930570477834,1.5736952203949381,-0.24193605594574333,0.24120895231744258,-10.080353873916753,9.989748766185537,0.0,1.00000016626345,2.9970967343316985,0.0,2.4698961969167545e-05,-0.24193503903603017,0.0,-0.00017591183868949202,-1.7958704249825688e-08,0.15464267848153104,159.65024797349537,159.8048906519769
0.02600000000000001,9.81,3.93,1,1,0.01,0.01,1.5673890242370419,1.5741976075442692,-0.26209675167202445,0.26117296772515936,-10.080344502840118,9.974060899442772,0.0,1.000000221976553,2.996592704022177,0.0,3.074271859684709e-05,-0.2620952352635239,0.0,-0.00024211936378567886,-2.8399629089887094e-08,0.18148898234129868,159.6233991358427,159.804888118184
0.02800000000000001,9.81,3.93,1,1,0.01,0.01,1.566844670042559,1.574739890526129,-0.28225744541921477,0.28110437378581216,-10.08035232783793,9.957139851532569,0.0,1.000000290670312,2.996048353499278,0.0,3.7689969560867394e-05,-0.28225525031620463,0.0,-0.0003254605143112248,-4.3459233668505014e-08,0.2104826555713884,159.5944025090273,159.8048851645987
0.030000000000000013,9.81,3.93,1,1,0.01,0.01,1.566259994432136,1.5753220016572198,-0.3024181742415099,0.30100070678956437,-10.080380042192564,9.938988303960462,0.0,1.0000003742137855,2.995463683132289,0.0,4.5602776778618426e-05,-0.302415076999427,0.0,-0.0004286635193405701,-6.464045040208772e-08,0.24162364668327327,159.56325811275346,159.80488175943674
0.032000000000000015,9.81,3.93,1,1,0.01,0.01,1.5656349972939556,1.5759438683323024,-0.3225789807664573,0.32085950856225276,-10.080430525548103,9.919609110106576,0.0,1.0000004746001117,2.994838693305983,0.0,5.4543154433717384e-05,-0.3225747070108587,0.0,-0.000554658232207307,-9.378543624065798e-08,0.27491190346052785,159.52996596756444,159.80487787102496
0.034000000000000016,9.81,3.93,1,1,0.01,0.01,1.5649696784250624,1.5766054130356084,-0.34273991356508654,0.34067832680432114,-10.080506841288962,9.899005290359984,0.0,1.000000593946404,2.994173384422909,0.0,6.457306717667531e-05,-0.34273413086489474,0.0,-0.000706576135527561,-1.331229782972576e-07,0.31034737283975483,159.49452609496885,159.8048734678086
0.03600000000000002,9.81,3.93,1,1,0.01,0.01,1.5642640375191113,1.5773065533529198,-0.36290102751662767,0.36045471541972374,-10.080612233749688,9.877180026955171,0.0,1.000000734493659,2.9934677569058334,0.0,7.575442846092465e-05,-0.3628933378180683,0.0,-0.0008877503504330373,-1.8531897228368435e-07,0.34793000078244685,159.45693851757613,159.80486851835857
0.03800000000000002,9.81,3.93,1,1,0.01,0.01,1.5635180741533905,1.5780472019842962,-0.3830623841674822,0.3801862348342093,-10.080750125257902,9.854136658517405,0.0,1.0000008986066444,2.99272181120033,0.0,8.814909902586296e-05,-0.3830523157955157,0.0,-0.0011017156505964292,-2.5352996961023617e-07,0.3876597321377517,159.41720325924098,159.80486299137874
0.04000000000000002,9.81,3.93,1,1,0.01,0.01,1.5627317877751343,1.578827266757427,-0.40322405208411427,0.3998704523024106,-10.08092411301224,9.82987867432399,0.0,1.000001088773798,2.991935547777514,0.0,0.00010181888553322741,-0.40321105131855906,0.0,-0.0013522084816603222,-3.414597892617196e-07,0.4295365104961107,159.3753203452168,159.80485685571293
0.04200000000000002,9.81,3.93,1,1,0.01,0.01,1.5619051776871344,1.5796466506415876,-0.42338610719953507,0.41950494220317847,-10.081137965797403,9.804409708289013,0.0,1.000001307607115,2.9911089671369226,0.0,0.00011682553937147054,-0.4233695294334637,0.0,-0.0016431669867069691,-4.534191909283459e-07,0.4735602780337342,159.33128980231828,159.80485008035203
0.044000000000000025,9.81,3.93,1,1,0.01,0.01,1.5610382430326661,1.5805052517621716,-0.4435486331530554,0.43908728632261557,-10.081395620538286,9.777733532679054,0.0,1.000001557842038,2.990242069809536,0.0,0.00013323075563349742,-0.4435277336414266,0.0,-0.001978731038429092,-5.943886062793424e-07,0.5197309753478814,159.28511165909293,159.8048426344408
0.04600000000000003,9.81,3.93,1,1,0.01,0.01,1.560130982779742,1.5814029634157787,-0.4637117216229879,0.45861507412427843,-10.081701178695274,9.749854051567953,0.0,1.0000018423373431,2.9893348563609345,0.0,0.00015109617227967108,-0.4636856458298557,0.0,-0.002363242278686086,-7.7008392580257e-07,0.568048541282903,159.23678594600185,159.80483448728475
0.04800000000000003,9.81,3.93,1,1,0.01,0.01,1.5591833957047074,1.582339674085828,-0.4838754726519824,0.4780859030060358,-10.08205890250289,9.72077529403906,0.0,1.000002164075025,2.9883873273945945,0.0,0.0001704833694984348,-0.48384324620499264,0.0,-0.0028012441661485923,-9.87025339257319e-07,0.6185129127470084,159.1863126956096,159.8048256083566
0.05000000000000003,9.81,3.93,1,1,0.01,0.01,1.5581954803751927,1.5833152674586726,-0.5040399949646839,0.4974973785430856,-10.082473211053825,9.69050140714326,0.0,1.0000025261601806,2.987399483555316,0.0,0.00019145386927191255,-0.5040005132259348,0.0,-0.003297482032753495,-1.2526092284796147e-06,0.671124024519707,159.13369194278317,159.8048159673029
0.05200000000000003,9.81,3.93,1,1,0.01,0.01,1.557167235132438,1.584329622440185,-0.5242054062774057,0.516847114716651,-10.082948676230483,9.659036648621685,0.0,1.0000029318208932,2.986371325532787,0.0,0.0002140691351585481,-0.5241574235401099,0.0,-0.0038569031497066425,-1.5751831121109758e-06,0.7258818090498905,159.07892372490056,159.80480553395046
0.054000000000000034,9.81,3.93,1,1,0.01,0.01,1.5560986580730072,1.585382613172786,-0.5443718335995151,0.5361327341278942,-10.0834900184862,9.62638537940209,0.0,1.0000033844081155,2.9853028540652624,0.0,0.00023839057230449438,-0.5443139519202549,0.0,-0.004484656803785354,-1.964123642747016e-06,0.7827861962444916,159.02200808206806,159.80479427831256
0.056000000000000036,9.81,3.93,1,1,0.01,0.01,1.554989747029908,1.5864741090528849,-0.5645394135262323,0.5553518681966041,-10.084102102478136,9.59255205587806,0.0,1.0000038873955512,2.9841940699433804,0.0,0.0002644795276931975,-0.5644700712029493,0.0,-0.005186094384702656,-2.429917658017606e-06,0.8418371132476742,158.9629450573473,159.80478217059496
0.05800000000000004,9.81,3.93,1,1,0.01,0.01,1.5538404995531345,1.5876039747487039,-0.5847082925225492,0.5745021573442335,-10.084789932553958,9.557541221980472,0.0,1.0000044443795417,2.983044974014093,0.0,0.0002923972906464503,-0.5846257522287556,0.0,-0.0059667694843057225,-2.9842462882822987e-06,0.903034484210501,158.9017346969915,159.804769181202
0.06000000000000004,9.81,3.93,1,1,0.01,0.01,1.5526509128896508,1.5887720702184496,-0.6048786271979768,0.5935812511608787,-10.085558648094262,9.521357501050689,0.0,1.0000050590789502,2.981855567184717,0.0,0.00032220509358615174,-0.604780963784012,0.0,-0.006832438008386471,-3.6400721248560244e-06,0.9663782300510141,158.83837705069132,159.80475528074234
0.06200000000000004,9.81,3.93,1,1,0.01,0.01,1.551420983962836,1.5899782507288045,-0.6250505845718345,0.6125868085558157,-10.086413518712611,9.484005587525209,0.0,1.000005735335049,2.9806258504271,0.0,0.00035396411306973024,-0.6249356725443288,0.0,-0.007789058301885247,-4.411729454089795e-06,1.0318682682046723,158.77287217183,159.80474044003466
0.06400000000000004,9.81,3.93,1,1,0.01,0.01,1.5501507093514066,1.5912223668737016,-0.645224342328799,0.6315164978912255,-10.08735993931523,9.445490238441643,0.0,1.0000064771114094,2.9793558247818956,0.0,0.00038773547111187103,-0.6450898430198309,0.0,-0.008842791288273406,-5.315017564146079e-06,1.0995045123650684,158.7052201177481,159.80472463011316
0.06600000000000004,9.81,3.93,1,1,0.01,0.01,1.5488400852678397,1.59250426459335,-0.6654000890644336,0.6503679970987607,-10.088403425021893,9.405816264775876,0.0,1.0000072884937932,2.978045491362949,0.0,0.00042358023680165707,-0.6652434375021976,0.0,-0.010000000623893937,-6.367297132896135e-06,1.169286872214865,158.63542095001802,159.80470782223287
0.06800000000000005,9.81,3.93,1,1,0.01,0.01,1.5474891075363126,1.5938237851934756,-0.6855780245204218,0.6691389937786256,-10.089549605949795,9.364988522620406,0.0,1.0000081736900495,2.976694851361783,0.0,0.00046155942823048,-0.6853964160135398,0.0,-0.011267252868039186,-7.587589707206271e-06,1.2412152531468792,158.56347473472812,159.804689987875
0.07000000000000005,9.81,3.93,1,1,0.01,0.01,1.5460977715701856,1.595180765364742,-0.7057583598092332,0.6878271852808634,-10.090804221861974,9.3230119042141,0.0,1.000009137030015,2.9753039060521913,0.0,0.0005017340147410844,-0.7055487362571607,0.0,-0.012651317669536645,-8.99668028572281e-06,1.3152895559752167,158.4893815427765,159.80467109875173
0.07200000000000005,9.81,3.93,1,1,0.01,0.01,1.5446660723490437,1.5965750372023175,-0.7259413176279514,0.7064302787685618,-10.092173116681604,9.279891328833322,0.0,1.0000101829654195,2.9738726567949185,0.0,0.0005441649195103114,-0.725700353570244,0.0,-0.014159167970602564,-1.0617223019321745e-05,1.3915096766364032,158.4131414501748,159.80465112681122
0.07400000000000005,9.81,3.93,1,1,0.01,0.01,1.5431940043953236,1.5980064282255484,-0.7461271324609984,0.7249459912627119,-10.093662232873564,9.235631733554818,0.0,1.0000113160697948,2.972401105042441,0.0,0.0005889130224799146,-0.745851220878508,0.0,-0.01579798022871089,-1.2473850045602508e-05,1.4698755058803894,158.33475453836203,159.80463004424243
0.07600000000000005,9.81,3.93,1,1,0.01,0.01,1.541681561750545,1.599474761397704,-0.7663160507714891,0.7433720496684719,-10.095277605694301,9.190238063900413,0.0,1.0000125410383929,2.9708892523438344,0.0,0.000636039163644418,-0.7660012886528741,0.0,-0.017575134657211052,-1.4593283476023302e-05,1.5503869289513788,158.25422089452803,159.80460782347942
0.07800000000000006,9.81,3.93,1,1,0.01,0.01,1.5401287379511726,1.6009798551457564,-0.7865083311809561,0.7617061907826115,-10.097025357310992,9.143715264373817,0.0,1.0000138626881088,2.9693371003497218,0.0,0.000685604146713403,-0.7861505048681836,0.0,-0.019498215485405073,-1.7004450556890084e-05,1.6330438252583435,158.1715406119474,159.80458443720573
0.08000000000000006,9.81,3.93,1,1,0.01,0.01,1.538535526004128,1.6025215233801544,-0.8067042446371814,0.7799461612819297,-10.0989116907908,9.096068268899742,0.0,1.0000152859574125,2.9677446508173073,0.0,0.000737668743157587,-0.806298814964008,0.0,-0.021575011238776514,-1.973860202787166e-05,1.7178460680351564,158.0867137903237,159.80455985835886
0.08200000000000006,9.81,3.93,1,1,0.01,0.01,1.5369019183619808,1.6040995755145566,-0.8269040745698781,0.7980897176924626,-10.100942883960819,9.047301991175566,0.0,1.0000168159062885,2.9661119056154854,0.0,0.0007922936966538348,-0.8264461618075913,0.0,-0.023813515040035496,-2.28294337045805e-05,1.8047935239901982,157.9997405361437,159.80453406013388
0.08400000000000006,9.81,3.93,1,1,0.01,0.01,1.5352279068978385,1.6057138164854825,-0.847108117033963,0.8161346263393144,-10.103125283138953,8.997421314945484,0.0,1.0000184577161857,2.964438866730019,0.0,0.0008495397279406512,-0.8465924856589663,0.0,-0.026221924931617308,-2.6313211314587594e-05,1.893886052945391,157.91062096304228,159.80450701598767
0.08600000000000006,9.81,3.93,1,1,0.01,0.01,1.5335134828799637,1.6073640467718446,-0.8673166808401614,0.8340786632769687,-10.105465296736115,8.946431084207516,0.0,1.0000202166899759,2.962725536268786,0.0,0.000909467540097934,-0.8667377241382798,0.0,-0.02880864422023849,-3.0228898619343832e-05,1.9851235074644482,157.81935519217774,159.80447869964217
0.08800000000000006,9.81,3.93,1,1,0.01,0.01,1.5317586369461424,1.609050062414321,-0.8875300876726882,0.8519196141999542,-10.107969388729499,8.894336093363258,0.0,1.0000220982519237,2.960971916467093,0.0,0.0009721378242645885,-0.8868818121953717,0.0,-0.03158228184407967,-3.4618288857694145e-05,2.0785057324703144,157.72594335261792,159.80444908508824
0.09000000000000007,9.81,3.93,1,1,0.01,0.01,1.529963359077831,1.6107716550345292,-0.9077486721937459,0.8696552743337616,-10.110644072006657,8.841141077320238,0.0,1.000024107947671,2.959178009693041,0.0,0.0010376112658063725,-0.9070246820816452,0.0,-0.034551652763128396,-3.9526139549998246e-05,2.174032564851591,157.63038558173707,159.80441814658866
0.09200000000000007,9.81,3.93,1,1,0.01,0.01,1.528127638574106,1.6125286118539637,-0.927972782134582,0.8872834483059253,-10.113495901579858,8.786850701556933,0.0,1.0000262514442293,2.957343818452951,0.0,0.0011059485509482929,-0.927166263324267,0.0,-0.03772577837316726,-4.500031070544751e-05,2.2717038330578667,157.53268202562361,159.80438585868148
0.09400000000000007,9.81,3.93,1,1,0.01,0.01,1.526251464025447,1.6143207157126531,-0.9482027783728437,0.9048019499972069,-10.116531467669839,8.731469552160071,0.0,1.000028534529988,2.955469345396837,0.0,0.001177210373882416,-0.94730648270274,0.0,-0.041113886943852616,-5.1091906478718466e-05,2.3715193566837787,157.43283283949924,159.80435219618303
0.09600000000000007,9.81,3.93,1,1,0.01,0.01,1.524334823287378,1.616147745087502,-0.9684390349959688,0.9222086023728325,-10.119757388657847,8.675002125843815,0.0,1.0000309631147424,2.9535545933239185,0.0,0.0012514574443657518,-0.9674452642278867,0.0,-0.04472541408127706,-5.785542032605425e-05,2.4734789460416793,157.33083818814868,159.80431713419034
0.09800000000000007,9.81,3.93,1,1,0.01,0.01,1.5223777034539956,1.6180094741102742,-0.9886819393503486,0.9395012372937593,-10.1231803039046,8.617452819960553,0.0,1.0000335432297276,2.9515995651881823,0.0,0.0013287504958213354,-0.9875825291232853,0.0,-0.048570003215355574,-6.534888371480195e-05,2.57758240172274,157.22669824636148,159.80428064808422
0.10000000000000007,9.81,3.93,1,1,0.01,0.01,1.5203800908314151,1.619905672585179,-1.0089318920759933,0.9566776953079623,-10.12680686643442,8.558825922512492,0.0,1.000036281027677,2.9496042641039693,0.0,0.001409150293954775,-1.007718195809203,0.0,-0.05265750611232241,-7.363401844453113e-05,2.6838295141463604,157.1204131993848,159.80424271353118
0.10200000000000008,9.81,3.93,1,1,0.01,0.01,1.51834197091116,1.6218361060060198,-1.0291893071264295,0.9737358254217535,-10.130643735482513,8.499125602173372,0.0,1.0000391827828954,2.9475686933515974,0.0,0.0014927176458973245,-1.027852179889063,0.0,-0.05699798341255849,-8.277639264205485e-05,2.7922200630976883,157.01198324338844,159.80420330648613
0.10400000000000008,9.81,3.93,1,1,0.01,0.01,1.5162633283435285,1.623800535572865,-1.0494546117735541,0.9906734848511617,-10.134697568903173,8.438355898329547,0.0,1.0000422548913521,2.945492856383005,0.0,0.001579513409890437,-1.0479843941384954,0.0,-0.061601705193912885,-9.28455804973028e-05,2.9027538172530902,156.90140858594097,159.80416240319406
0.10600000000000008,9.81,3.93,1,1,0.01,0.01,1.5141441469109633,1.6257987182082037,-1.0697282465971625,1.0074885387534216,-10.13897501543607,8.376520711149258,0.0,1.000045503870791,2.943376756827419,0.0,0.0016695985055245697,-1.0681147484970142,0.0,-0.06647915156060942,-0.00010391532581149929,3.015430533693421,156.78868944649895,159.80411998019238
0.10800000000000008,9.81,3.93,1,1,0.01,0.01,1.5119844095014605,1.6278304065725406,-1.090010665458865,1.024178859938637,-10.143482706827735,8.313623791688888,0.0,1.0000489363608662,2.941220398497027,0.0,0.0017630339245367187,-1.0882431500623664,0.0,-0.07164101325775808,-0.00011606370943329517,3.130249957404869,156.67382605690725,159.8040760143121
0.11000000000000008,9.81,3.93,1,1,0.01,0.01,1.5097840980820447,1.6298953490793997,-1.1103023354600996,1.0407423285617006,-10.14822724980485,8.249668732045125,0.0,1.000052559123297,2.9390237853926697,0.0,0.0018598807421885792,-1.1083695030876028,0.0,-0.07709819231141396,-0.00012937332066436055,3.247211820767221,156.5568186619127,159.80403048267993
0.11200000000000009,9.81,3.93,1,1,0.01,0.01,1.507543193672345,1.6319932899096872,-1.1306037368839388,1.057176831794571,-10.153215217895644,8.184658955561288,0.0,1.0000563790420463,2.9367869217095297,0.0,0.00196020012923075,-1.128493708980918,0.0,-0.08286180269405344,-0.00014393143272004093,3.3663158430293216,156.43766751968985,159.80398336271918
0.11400000000000009,9.81,3.93,1,1,0.01,0.01,1.505261676318303,1.634123969025383,-1.1509153631203852,1.0734802634790241,-10.158453143095251,8.118597707096232,0.0,1.0000604031235254,2.9345098118428155,0.0,0.002064053364459792,-1.1486156663083147,0.0,-0.08894317101524242,-0.00015983018233572984,3.4875617297715644,156.31637290237967,159.80393463215123
0.11600000000000009,9.81,3.93,1,1,0.01,0.01,1.5029395250660493,1.6362871221825164,-1.171237720574837,1.0896505237600116,-10.16394750737067,8.05148804336424,0.0,1.0000646384968197,2.932192460393448,0.0,0.0021715018478909165,-1.168735270799141,0.0,-0.0953538372371942,-0.0001771667536160483,3.6109491723551583,156.1929350966415,159.80388426899665
0.11800000000000009,9.81,3.93,1,1,0.01,0.01,1.5005767179359766,1.6384824809433896,-1.1915713285593996,1.1056855186997758,-10.169704734000383,7.9833328233535985,0.0,1.000069092413949,2.9298348721737177,0.0,0.002282607114537257,-1.1888524153545654,0.0,-0.10210555541481242,-0.00019604356622694727,3.7364778473580054,156.06735440421778,159.80383225157578
0.12000000000000009,9.81,3.93,1,1,0.01,0.01,1.4981732318970507,1.6407097726880109,-1.2119167191667068,1.1215831598728887,-10.175731178743517,7.914134698832122,0.0,1.0000737722501485,2.927437052212935,0.0,0.0023974308488242044,-1.2089669900590376,0.0,-0.10921029445973134,-0.0002165684680391061,3.864147415996919,155.93963114251278,159.8037785585097
0.1220000000000001,9.81,3.93,1,1,0.01,0.01,1.4957290428413899,1.6429687206246983,-1.2322744371259051,1.137341363942394,-10.182033120832795,7.843896104947088,0.0,1.0000786855041854,2.924999005763051,0.0,0.002516034899631578,-1.229078882194804,0.0,-0.1166802389277465,-0.00023885493233381525,3.993957523536002,155.80976564518468,159.8037231687207
0.1240000000000001,9.81,3.93,1,1,0.01,0.01,1.4932441255591515,1.6452590437998171,-1.2526450396404427,1.152958052217251,-10.188616753785409,7.7726192509273835,0.0,1.0000838397987006,2.922520738304241,0.0,0.002638481295979881,-1.2491879762595424,0.0,-0.12452778982894375,-0.00026302225969001506,4.125907798680902,155.67775826275175,159.80366606143266
0.12600000000000008,9.81,3.93,1,1,0.01,0.01,1.4907184537137608,1.647580457106614,-1.2730290962072928,1.1684311501912898,-10.195488176025213,7.700306110895152,0.0,1.0000892428805863,2.920002255550454,0.0,0.00276483226336292,-1.2692941539871767,0.0,-0.1327655654597093,-0.0002891957846757202,4.259997852958771,155.54360936321248,159.80360721617126
0.12800000000000009,9.81,3.93,1,1,0.01,0.01,1.48815199981752,1.6499326712931097,-1.293427188417227,1.1837585870639076,-10.202653381309576,7.626958414794471,0.0,1.0000949026213963,2.9174435634549183,0.0,0.0028951502407338625,-1.2893972943719534,0.0,-0.14140640225569776,-0.0003175070874732229,4.396227280083599,155.40731933268052,159.8035466127641
0.1300000000000001,9.81,3.93,1,1,0.01,0.01,1.4855447352076374,1.652315392969017,-1.3138399097357412,1.1989382952427423,-10.210118248953473,7.552577639444066,0.0,1.00010082701779,2.914844668215595,0.0,0.003029497898153141,-1.309497273695845,0.0,-0.15046335566471788,-0.00034809421057351963,4.534595655306763,155.26888857603404,159.8034842313408
0.1320000000000001,9.81,3.93,1,1,0.01,0.01,1.4828966300227127,1.6547283246116442,-1.3342678652642204,1.2139682098285844,-10.21788853384331,7.477164999721298,0.0,1.0001070241920123,2.9122055762805688,0.0,0.003167938155088812,-1.3295939655593596,0.0,-0.1599497010383585,-0.000381101880679258,4.675102534752442,155.12831751758003,159.80342005233248
0.1340000000000001,9.81,3.93,1,1,0.01,0.01,1.4802076531797208,1.6571711645707519,-1.3547116714809144,1.2288462680827927,-10.225969856232217,7.400721439884287,0.0,1.0001135023924115,2.909526294353381,0.0,0.0033105341993913476,-1.3496872409158502,0.0,-0.1698789345410761,-0.00041668173596482876,4.817747454737722,154.98560660173382,159.80335405647153
0.1360000000000001,9.81,3.93,1,1,0.01,0.01,1.477477772351535,1.6596436070723273,-1.375171955961278,1.2435704088774975,-10.234367691308462,7.3232476250391425,0.0,1.000120269993996,2.9068068293982834,0.0,0.0034573495069239873,-1.3697769681093943,0.0,-0.18026477407530106,-0.00045499255884351566,4.962529931077067,154.84075629371424,159.8032862247913
0.1380000000000001,9.81,3.93,1,1,0.01,0.01,1.4747069539450295,1.6621453422212416,-1.3956493570772144,1.25813857212889,-10.243087358527916,7.244743932759015,0.0,1.0001273354990294,2.9040471886454178,0.0,0.0036084478618614232,-1.3898630129163478,0.0,-0.19112116022100703,-0.0004962005144009653,5.109449458370892,154.69376708025428,159.80321653862518
0.1400000000000001,9.81,3.93,1,1,0.01,0.01,1.4718951630798043,1.6646760560027578,-1.4161445236747392,1.2725486982139078,-10.252134010701303,7.165210444861755,0.0,1.0001347075376694,2.901247379595908,0.0,0.003763893377649895,-1.4099452385906628,0.0,-0.202462257188033,-0.0005404793946577705,5.258505509278011,154.5446394703281,159.80314497960612
0.1420000000000001,9.81,3.93,1,1,0.01,0.01,1.469042363567579,1.6672354302828554,-1.4366581147295663,1.286798727370638,-10.261512622826414,7.084646939352794,0.0,1.0001423948686465,2.8984074100268535,0.0,0.003923750518620803,-1.430023505913073,0.0,-0.21430245377930227,-0.0005880108688292861,5.409697533771579,154.39337399589385,159.80307152966543
0.1440000000000001,9.81,3.93,1,1,0.01,0.01,1.4661485178922957,1.6698231428073393,-1.4571907989800938,1.300886599082778,-10.271227980655045,7.00305288253981,0.0,1.0001504063799886,2.8955272879962237,0.0,0.004088084122260242,-1.4500976732442534,0.0,-0.2266563643629369,-0.000638984739757789,5.56302495837837,154.2399712126537,159.80299617103208
0.1460000000000001,9.81,3.93,1,1,0.01,0.01,1.4632135871909804,1.672438867199703,-1.4777432545372509,1.314810251448503,-10.281284668984108,6.920427421325892,0.0,1.0001587510897891,2.8926070218476436,0.0,0.0042569594221241805,-1.470167596582062,0.0,-0.23953882985109617,-0.0006935992066958242,5.718487185400988,154.08443170083035,159.80291888623134
0.1480000000000001,9.81,3.93,1,1,0.01,0.01,1.4602375312354074,1.6750822729577133,-1.49831616847064,1.3285676205341033,-10.29168705965979,6.83676937568757,0.0,1.0001674381470242,2.8896466202150584,0.0,0.004430442071381109,-1.4902331296229887,0.0,-0.25296491868321636,-0.000752061134623385,5.87608359212281,153.92675606596077,159.80283965808357
0.1500000000000001,9.81,3.93,1,1,0.01,0.01,1.4572203084146165,1.6777530254486879,-1.5189102363703944,1.3421566397127684,-10.302439299283412,6.7520772313444715,0.0,1.0001764768324135,2.8866460920272687,0.0,0.004608598166981594,-1.5102941238279253,0.0,-0.26694992781115623,-0.0008145863302892206,6.035813529995299,153.76694493970774,159.80275846970304
0.1520000000000001,9.81,3.93,1,1,0.01,0.01,1.4541618757183299,1.6804507859034359,-1.539526161884134,1.3555752389889073,-10.313545296606978,6.666349132626973,0.0,1.0001858765593348,2.883605446512335,0.0,0.0047914942744345865,-1.530350428492395,0.0,-0.2815093836835821,-0.0008813998251683411,6.197676323807437,153.60499898068866,159.8026753044961
0.1540000000000001,9.81,3.93,1,1,0.01,0.01,1.4510621887213224,1.6831752114088325,-1.5601646562283975,1.3688213443084072,-10.325008709606324,6.579582875548652,0.0,1.0001956468747857,2.880524693201833,0.0,0.004979197453169555,-1.550401890821372,0.0,-0.2966590432267429,-0.0009527361655317413,6.361671270836965,153.44091887532286,159.80259014615984
0.1560000000000001,9.81,3.93,1,1,0.01,0.01,1.4479212015687937,1.6859259548990018,-1.5808264376738836,1.3818928768552483,-10.336832932219034,6.491775901090031,0.0,1.000205797460396,2.8774038419349592,0.0,0.005171775282475345,-1.570448356008833,0.0,-0.3124148948186084,-0.0010288397098305638,6.527797639983143,153.27470533869734,159.80250297868048
0.1580000000000001,9.81,3.93,1,1,0.01,0.01,1.4447388669627967,1.6887026651450772,-1.6015122310038248,1.3947877523349022,-10.349021080734277,6.402925288700494,0.0,1.0002163381334939,2.874242902862463,0.0,0.005369295887976515,-1.5904896673221958,0.0,-0.328793159253152,-0.0011099649335949634,6.696054670880696,153.10635911545072,159.8024137863314
0.16000000000000011,9.81,3.93,1,1,0.01,0.01,1.4415151361497776,1.6915049867435181,-1.6222227669447793,1.4075038802449584,-10.361575979820955,6.313027750025059,0.0,1.0002272788482276,2.871041886450418,0.0,0.005571827968631142,-1.610525666191799,0.0,-0.34581029069136304,-0.0011963767420550616,6.866441572994711,152.93588098067664,159.80232255367136
0.16200000000000012,9.81,3.93,1,1,0.01,0.01,1.4382499589092812,1.6943325601029542,-1.642958781569108,1.420039163133435,-10.374500148180568,6.222079622863142,0.0,1.0002386296967374,2.8678008034837976,0.0,0.0057794408242220555,-1.6305561923055796,0.0,-0.3634829775953737,-0.001288350790691916,7.038957524696136,152.76327174084642,159.80222926554256
0.16400000000000012,9.81,3.93,1,1,0.01,0.01,1.4349432835438822,1.6971850214295345,-1.6637210156683697,1.4323914958452448,-10.387795783810558,6.130076865366168,0.0,1.0002504009103852,2.864519665069863,0.0,0.005992204383297055,-1.6505810837091313,0.0,-0.3818281436418856,-0.0013861738139247202,7.213601672317614,152.58853223475097,159.8021339070686
0.16600000000000012,9.81,3.93,1,1,0.01,0.01,1.431595056870397,1.7000620027107582,-1.6845102140968404,1.444558764757301,-10.40146474886374,6.037015050481482,0.0,1.0002626028610406,2.8611984826413455,0.0,0.006210189231528142,-1.6706001769113186,0.0,-0.4008629486108647,-0.0014901439621444257,7.390373129189358,152.41166333446301,159.80203646365237
0.16800000000000012,9.81,3.93,1,1,0.01,0.01,1.4282052242124408,1.702963131697765,-1.705327125084337,1.4565388470027638,-10.41550855408901,5.9428893606497795,0.0,1.0002752460624242,2.8578372679594026,0.0,0.0064334666404412474,-1.6906133069956255,0.0,-0.4206047892452507,-0.0016005711473002996,7.5692709746547715,152.23266594631912,159.8019369209739
0.17000000000000012,9.81,3.93,1,1,0.01,0.01,1.42477372939439,1.7058880318860623,-1.726172499517489,1.4683296096849414,-10.429928342838382,5.8476945827639035,0.0,1.0002883411715078,2.854436033116361,0.0,0.006662108596477451,-1.7106203077374493,0.0,-0.44107130007722495,-0.0017177773972475072,7.750294253065549,152.0515410119226,159.80183526498817
0.17200000000000013,9.81,3.93,1,1,0.01,0.01,1.421300514736814,1.7088363224946725,-1.7470470901885806,1.4799289090813763,-10.444724874624823,5.75142510339661,0.0,1.0003018989899728,2.8509947905382056,0.0,0.006896187830324335,-1.730621011727529,0.0,-0.4622803542163258,-0.001842097219056859,7.933441972755984,151.86828950916663,159.80173148192262
0.17400000000000013,9.81,3.93,1,1,0.01,0.01,1.4177855210534434,1.7118076184436768,-1.7679516510110442,1.4913345898386636,-10.459898508215556,5.654074904305624,0.0,1.0003159304657308,2.84751355298682,0.0,0.007135777846464922,-1.7506152505017283,0.0,-0.4842500640944951,-0.0019738779714870906,8.118713104996168,151.68291245327885,159.80162555827502
0.17600000000000013,9.81,3.93,1,1,0.01,0.01,1.4142286876497394,1.714801530330141,-1.788886936200663,1.5025444841585625,-10.47544918424477,5.555637558224198,0.0,1.0003304466944962,2.843992333561965,0.0,0.00738095295288127,-1.770602854677392,0.0,-0.5069987821628708,-0.002113480246813492,8.306106582923919,151.49541089788707,159.801517480811
0.17800000000000013,9.81,3.93,1,1,0.01,0.01,1.4106299523231387,1.7178176644024052,-1.8098536994215058,1.5135564109759825,-10.491376407329964,5.4561062249459775,0.0,1.0003454589214267,2.8404311457029685,0.0,0.007631788290840935,-1.7905836540965034,0.0,-0.5305451015349291,-0.002261278262199006,8.495621300455065,151.30578593610647,159.80140723656154
0.18000000000000013,9.81,3.93,1,1,0.01,0.01,1.40698925136504,1.720855622532722,-1.8308526928955848,1.5243681751294407,-10.507679227675558,5.355473647713016,0.0,1.0003609785428185,2.8368300031901312,0.0,0.00788835986469251,-1.8105574779758853,0.0,-0.5549078565703003,-0.002417660260786267,8.687256111172005,151.11403870164855,159.80129481282057
0.18200000000000013,9.81,3.93,1,1,0.01,0.01,1.4033065195646102,1.7239150021882281,-1.851884666475194,1.5349775665246064,-10.524356222147635,5.253732149916471,0.0,1.000377017107862,2.83318892014582,0.0,0.008150744571586807,-1.8305241550646867,0.0,-0.5801061233933497,-0.0025830289226779,8.881009827190118,150.92017036995236,159.8011801971425
0.18400000000000014,9.81,3.93,1,1,0.01,0.01,1.3995816902144829,1.7269953964002367,-1.8729503666768534,1.545382359291567,-10.541405474803346,5.150873632119563,0.0,1.000393586320457,2.829507911035239,0.0,0.008419020231037744,-1.8504835138094182,0.0,-0.6061592203403392,-0.002757801785961206,9.076881218002008,150.7241821593375,159.8010633773395
0.18600000000000014,9.81,3.93,1,1,0.01,0.01,1.3958146951184291,1.730096393731839,-1.8940505356757553,1.5555803109364716,-10.558824556858497,5.046889569412919,0.0,1.000410698041086,2.825786990666863,0.0,0.008693265614216072,-1.8704353825267945,0.0,-0.6330867083287297,-0.002942411677914538,9.274869009299277,150.52607533218003,159.8009443414793
0.18800000000000014,9.81,3.93,1,1,0.01,0.01,1.3920054646010795,1.7332175782438042,-1.915185910259568,1.5655691614882254,-10.576610506077,4.941771009112957,0.0,1.0004283642887482,2.8220261741925206,0.0,0.00897356047288174,-1.8903795895846696,0.0,-0.6609083911419115,-0.0031373071565219024,9.474971881771657,150.32585119611065,159.8008230778823
0.19000000000000014,9.81,3.93,1,1,0.01,0.01,1.3881539275197796,1.7363585294587676,-1.9363572207404285,1.575346632640934,-10.59475980556559,4.83550856881415,0.0,1.0004465972429466,2.8182254771070996,0.0,0.009259985567838108,-1.9103159635913378,0.0,-0.689644315622377,-0.003342952962398496,9.677188469883394,150.12351110523574,159.80069957511913
0.19200000000000014,9.81,3.93,1,1,0.01,0.01,1.3842600112786652,1.7395188223237004,-1.9575651898239144,1.584910426892814,-10.613268361957637,4.728092434806718,0.0,1.0004654092457363,2.814384915247874,0.0,0.009552622696772553,-1.9302443335935053,0.0,-0.7193147717660596,-0.0035598304812033614,9.881517360626695,149.91905646138144,159.80057382200815
0.19400000000000014,9.81,3.93,1,1,0.01,0.01,1.3803236418450429,1.742698027170655,-1.9788105314337605,1.5942582266823164,-10.632131482969795,4.619512360871686,0.0,1.0004848128038248,2.8105045047934185,0.0,0.009851554721368241,-1.950164529283228,0.0,-0.7499402927102997,-0.0037884382166000533,10.087957092252168,149.71248871536056,159.80044580761273
0.19600000000000015,9.81,3.93,1,1,0.01,0.01,1.3763447437681675,1.745895709675779,-2.0000939494910477,1.6033876935222267,-10.651343854315515,4.509757667465779,0.0,1.0005048205907254,2.8065842622621067,0.0,0.010156865593534917,-1.970076381214133,0.0,-0.7815416546075918,-0.004029292273787934,10.296506152976129,149.50380936826295,159.80031552123907
0.19800000000000015,9.81,3.93,1,1,0.01,0.01,1.3723232402005068,1.7491114308165978,-2.0214161366465624,1.6122964671325344,-10.670899515959754,4.398817241309187,0.0,1.0005254454489636,2.802624204510161,0.0,0.01046864038059947,-1.9899797210272447,0.0,-0.814139876376981,-0.004282926853594624,10.507162979664733,149.2930199727685,159.80018295243323
0.20000000000000015,9.81,3.93,1,1,0.01,0.01,1.3682590529215892,1.7523447468275608,-2.0427777729649934,1.6209821645728943,-10.690791837699383,4.286679535389699,0.0,1.0005467003923318,2.7986243487292457,0.0,0.01078696528930316,-2.009874381686746,0.0,-0.8477562193246923,-0.00454989475709015,10.71992595649494,149.08012213448396,159.8000480909789
0.20200000000000015,9.81,3.93,1,1,0.01,0.01,1.3641521023645338,1.7555952091538536,-2.064179524559604,1.629442379375523,-10.711013494054503,4.173332569397533,0.0,1.0005685986081927,2.794584712443576,0.0,0.011111927688411127,-2.029760197726017,0.0,-0.8824121866252508,-0.004830767900630634,10.934793413592276,148.86511751330283,159.7999109268951
0.20400000000000015,9.81,3.93,1,1,0.01,0.01,1.3600023076453605,1.7588623644034775,-2.0856220421759843,1.6376746806794078,-10.731556438456092,4.058763930605514,0.0,1.0005911534598215,2.7905053135065243,0.0,0.011443616129761677,-2.049637005504294,0.0,-0.9181295226540925,-0.0051261378412074884,11.151763625645401,148.648007824788,159.7997714504334
0.20600000000000016,9.81,3.93,1,1,0.01,0.01,1.3558095865951847,1.7621457542975985,-2.107105959723464,1.6456766123667346,-10.752411876716067,3.9429607752100875,0.0,1.0006143784887938,2.786386170096704,0.0,0.011782120367535467,-2.069504643474319,0.0,-0.9549302121623103,-0.0054366163119131655,11.370834810497646,148.42879484157825,159.7996296520759
0.20800000000000016,9.81,3.93,1,1,0.01,0.01,1.351573855795404,1.7654449156191725,-2.128631892752736,1.6534456922024714,-10.773570239766558,3.825909830149155,0.0,1.0006382874174067,2.782227300713506,0.0,0.012127531375533324,-2.0893629524613297,0.0,-0.9928364792839226,-0.005762835767287619,11.592005127715588,148.2074803948172,159.7994855225328
0.21000000000000016,9.81,3.93,1,1,0.01,0.01,1.3472950306159828,1.7687593801598547,-2.1502004368782193,1.6609794109780789,-10.795021155655967,3.707597395413538,0.0,1.0006628941511346,2.778028724172062,0.0,0.012479941362228006,-2.1092117759537756,0.0,-1.0318707863657108,-0.006105449938243846,11.815272677134866,147.98406637560535,159.7993390527402
0.21200000000000016,9.81,3.93,1,1,0.01,0.01,1.3429730252569503,1.7720886746651994,-2.1718121661436576,1.6682752316603517,-10.816753420790118,3.5880093468694856,0.0,1.0006882127811112,2.773790459597622,0.0,0.012839443783341606,-2.1290509604061376,0.0,-1.0720558326093825,-0.00646513439620342,12.040635497383368,147.75855473647474,159.7991902338581
0.21400000000000016,9.81,3.93,1,1,0.01,0.01,1.3386077527932245,1.7754323207781655,-2.1934676313294394,1.6753305885464307,-10.83875497040793,3.467131139610241,0.0,1.000714257586633,2.769512526419306,0.0,0.013206133351675822,-2.148880355554235,0.0,-1.1134145525154981,-0.006842587125993681,12.26809156438212,147.5309474928859,159.79903905726803
0.21600000000000016,9.81,3.93,1,1,0.01,0.01,1.3341991252228813,1.7787898349809375,-2.215167358200095,1.6821428864260628,-10.861012848282103,3.3449478118556826,0.0,1.0007410430376822,2.765194944363218,0.0,0.013580106043922804,-2.1686998147434196,0.0,-1.155970114118305,-0.007238529106984496,12.497638789824258,147.3012467247472,159.79888551457145
0.21800000000000017,9.81,3.93,1,1,0.01,0.01,1.32974705351899,1.7821607285350802,-2.236911845690411,1.6887094997522245,-10.88351317563636,3.2214439894193196,0.0,1.0007685837974576,2.7608377334448844,0.0,0.013961459104142454,-2.188509195270054,0.0,-1.1997459170002993,-0.0076537049018405665,12.729275019632283,147.06945457795536,159.79872959758762
0.22000000000000017,9.81,3.93,1,1,0.01,0.01,1.3252514476851383,1.7855445074200438,-2.2587015640285935,1.6950277718212643,-10.906241119272533,3.0966038907633022,0.0,1.0007968947249113,2.7564409139610033,0.0,0.014350291043593782,-2.2083083587366823,0.0,-1.2447655900750507,-0.008088883252177046,12.962998032394221,146.83557326595798,159.7985712983522
0.22200000000000017,9.81,3.93,1,1,0.01,0.01,1.320712216814777,1.7889406722700385,-2.2805369527948867,1.7010950139637593,-10.929180858901718,2.9704113326620805,0.0,1.000825990877276,2.7520045064804624,0.0,0.014746701636574239,-2.2280971714212923,0.0,-1.2910529891264981,-0.008544857680291857,13.19880553777907,146.59960507133596,159.79841060911502
0.22400000000000017,9.81,3.93,1,1,0.01,0.01,1.316129269154511,1.7923487183093054,-2.3024184189140566,1.7069085047473274,-10.952315553675954,2.8428497364968637,0.0,1.000855887512589,2.747528531834609,0.0,0.015150791911906492,-2.247875504661104,0.0,-1.3386321940926578,-0.009022447096034508,13.436695174932192,146.36155234740718,159.79824752233938
0.22600000000000017,9.81,3.93,1,1,0.01,0.01,1.3115025121714754,1.7957681352858028,-2.3243463345801376,1.712465489192676,-10.975627307918156,2.713902135203151,0.0,1.0008866000921834,2.7430130111067355,0.0,0.015562664139685989,-2.2676432352512665,0.0,-1.3875275060813563,-0.009522496407741833,13.676664510851227,146.12141751984882,159.79808203070004
0.22800000000000017,9.81,3.93,1,1,0.01,0.01,1.306831852624929,1.7991984074033414,-2.3463210351118344,1.7177631780042204,-10.999097136050464,2.5835511808948244,0.0,1.000918144283156,2.73845796562075,0.0,0.015982421812885894,-2.2874002458589087,0.0,-1.4377634441053435,-0.010045877136036899,13.918711038743316,145.87920308833912,159.79791412708244
0.23000000000000018,9.81,3.93,1,1,0.01,0.01,1.302117196642209,1.802639013252195,-2.3683428167369818,1.7227987468166446,-11.022704926722813,2.451779153188623,0.0,1.0009505359607898,2.733863416929008,0.0,0.016410169623380766,-2.3071464254529443,0.0,-1.4893647415238374,-0.010593488029131294,14.162832176364393,145.634911628217,159.7977438045814
0.23200000000000018,9.81,3.93,1,1,0.01,0.01,1.297358449799188,1.806089425738222,-2.3904119343044656,1.7275693354588335,-11.046429406146416,2.318567968254108,0.0,1.0009837912109205,2.7292293867992665,0.0,0.01684601343194378,-2.3268816697500463,0.0,-1.5423563421772788,-0.011166255678120993,14.409025264341516,145.38854579215896,159.7975710565005
0.23400000000000018,9.81,3.93,1,1,0.01,0.01,1.292555517205382,1.8095491120105338,-2.4125285989220204,1.7320720472366518,-11.070248100638794,2.1838991886142134,0.0,1.0010179263322434,2.724555897200724,0.0,0.01729006023171492,-2.346605881677208,0.0,-1.5967633962018273,-0.011765135130571945,14.657287564479166,145.14010831187193,159.7973958763511
0.23600000000000018,9.81,3.93,1,1,0.01,0.01,1.2877083035938586,1.8130175333877476,-2.434692975518337,1.7363039482360947,-11.094137298390232,2.0477540337230504,0.0,1.0010529578385332,2.7198429702891302,0.0,0.017742418104657237,-2.3663189718512982,0.0,-1.6526112555098535,-0.01239111050053354,14.907616258050675,144.88960199980158,159.79721825785225
0.23800000000000018,9.81,3.93,1,1,0.01,0.01,1.2828167134160957,1.8164941452828687,-2.456905180327933,1.7402620666483963,-11.118072010464102,1.9101133913476085,0.0,1.0010889024607696,2.715090628390907,0.0,0.01820319617044172,-2.3860208590759884,0.0,-1.7099254689224195,-0.013045195572885,15.16000844407576,144.63702975085437,159.79703819493014
0.24000000000000019,9.81,3.93,1,1,0.01,0.01,1.2778806509419516,1.819978397126845,-2.4791652782972733,1.743943392118726,-11.14202593104681,1.7709578297810404,0.0,1.0011257771491595,2.7102988939862667,0.0,0.018672504527196376,-2.405711470856488,0.0,-1.7687317769395787,-0.013728434399717158,15.414461137585906,144.38239454413207,159.79685568171797
0.2420000000000002,9.81,3.93,1,1,0.01,0.01,1.2729000203649012,1.823469732290845,-2.5014732804106528,1.7473448751201677,-11.165971396966544,1.6302676109158476,0.0,1.0011635990750247,2.705467789691277,0.0,0.019150454183534144,-2.425390743932427,0.0,-1.829056106134003,-0.014441901886225912,15.670971267878546,144.12569944467788,159.79667071255642
0.2440000000000002,9.81,3.93,1,1,0.01,0.01,1.267874725912703,1.82696758800731,-2.523829140934405,1.7504634263547287,-11.189879346503576,1.4880227042057923,0.0,1.0012023856325478,2.700597338238846,0.0,0.019637156981221204,-2.445058624829273,0.0,-1.8909245631533298,-0.015186704363328647,15.92953567676183,143.86694760523193,159.79648328199374
0.2460000000000002,9.81,3.93,1,1,0.01,0.01,1.262804671963659,1.830471395289836,-2.546232754578047,1.7532959161831867,-11.213719277518814,1.3442028015460323,0.0,1.0012421544403531,2.695687562458583,0.0,0.020132725507827437,-2.4647150704286473,0.0,-1.9543634283163946,-0.0159639801439554,16.19015111679164,143.60614226799515,159.7962933847868
0.2480000000000002,9.81,3.93,1,1,0.01,0.01,1.2576897631686381,1.8339805788519474,-2.5686839535710195,1.7558391740856383,-11.237459204931403,1.1987873331013645,0.0,1.001282923342902,2.6907384852555003,0.0,0.02063727299866261,-2.4843600485578503,0.0,-2.01939914878833,-0.016774900059676766,16.452814249502524,143.34328676639905,159.79610101590157
0.25000000000000017,9.81,3.93,1,1,0.01,0.01,1.252529904579031,1.8374945570248233,-2.591182504653766,1.7580899881546792,-11.261065617580748,1.0517554841132464,0.0,1.0013247104116811,2.685750129587514,0.0,0.021150913227270862,-2.50399353859894,0.0,-2.0860583313194025,-0.0176206679740275,16.71752164363463,143.0783845268801,159.7959061705147
0.25200000000000017,9.81,3.93,1,1,0.01,0.01,1.2473250017808084,1.8410127416740434,-2.6137281059819495,1.7600451046232026,-11.284503434512825,0.9030862127162447,0.0,1.0013675339461594,2.680722518441713,0.0,0.021673760383736196,-2.523615532117636,0.0,-2.1543677345323093,-0.01850252126857226,16.98426977335856,142.81143907065626,159.79570884401483
0.25400000000000017,9.81,3.93,1,1,0.01,0.01,1.2420749610348605,1.8445345381154277,-2.6363203839427034,1.7617012274288646,-11.307735960735922,0.7527582687953727,0.0,1.0014114124744895,2.675655674809344,0.0,0.02220592893996634,-2.5432260335123256,0.0,-2.224354260742528,-0.019421731297372926,17.253055016500582,142.5424540155039,159.79550903200447
0.25600000000000017,9.81,3.93,1,1,0.01,0.01,1.2367796894237917,1.848059345030042,-2.658958889881906,1.7630550178173332,-11.330724842496132,0.6007502139157097,0.0,1.0014563647539234,2.6705496216594797,0.0,0.022747533501156325,-2.5628250606834015,0.0,-2.2960449472962945,-0.020379603805206946,17.523873652770277,142.27143307753192,159.7953067303022
0.2580000000000002,9.81,3.93,1,1,0.01,0.01,1.2314390950053502,1.851586554378452,-2.6816430967415723,1.7641030939864937,-11.353430022128597,0.44704044235620266,0.0,1.0015024097709204,2.6654043819113307,0.0,0.0232986886425309,-2.5824126457231364,0.0,-2.3694669574106473,-0.021377479304442015,17.796721861993458,141.99838007295153,159.795101934945
0.2600000000000002,9.81,3.93,1,1,0.01,0.01,1.2260530869726745,1.8551155513143065,-2.704372395606571,1.7648420307738537,-11.375809692546342,0.2916072032792618,0.0,1.0015495667409116,2.6602199784051526,0.0,0.02385950873047754,-2.60198883562626,0.0,-2.444647570500044,-0.02241673340510233,18.07159572235301,141.72329891983821,159.79489464219122
0.2620000000000002,9.81,3.93,1,1,0.01,0.01,1.2206215758215366,1.8586457140973427,-2.7271460921600172,1.7652683593894487,-11.397820251435222,0.13442862406841716,0.0,1.0015978551076863,2.6549964338717156,0.0,0.02443010772710283,-2.621553693021347,0.0,-2.5216141719739475,-0.02349877709218871,18.348491208640237,141.44619363988346,159.7946848485237
0.2640000000000002,9.81,3.93,1,1,0.01,0.01,1.2151444735247667,1.8621764140059036,-2.7499634030468223,1.765378567196618,-11.41941625522955,-0.024517265134580413,0.0,1.0016472945423793,2.649733770900287,0.0,0.025010598977233678,-2.641107296923113,0.0,-2.6003942424899624,-0.024625056943878166,18.627404190520362,141.16706836013296,159.79447255065332
0.2660000000000002,9.81,3.93,1,1,0.01,0.01,1.2096216937140427,1.8657070152490673,-2.77282345214504,1.7651690975430805,-11.440550372950486,-0.1852525056613974,0.0,1.0016979049420034,2.6444320119050864,0.0,0.025601094976833022,-2.6606497435056204,0.0,-2.681015346647001,-0.02579705528373009,18.908330430814853,140.8859273147081,159.79425774552297
0.2680000000000002,9.81,3.93,1,1,0.01,0.01,1.2040531518692301,1.86923687487849,-2.795725266744829,1.7646363496448043,-11.461173339996334,-0.3477991832860887,0.0,1.0017497064275058,2.6390911790901828,0.0,0.026201707121775386,-2.680181146896369,0.0,-2.7635051211032096,-0.02701629025953015,19.191265583804327,140.60277484650766,159.79404043031198
0.2700000000000002,9.81,3.93,1,1,0.01,0.01,1.1984387655154554,1.8727653427000728,-2.818667773635026,1.7637766785252276,-11.481233911981516,-0.5121793999009983,0.0,1.001802719341301,2.6337112944127714,0.0,0.02681254543585629,-2.6997016399911917,0.0,-2.84789126210346,-0.028284315840833532,19.47620519355577,140.31761540888516,159.79382060244092
0.2720000000000002,9.81,3.93,1,1,0.01,0.01,1.192778454428099,1.8762917611855638,-2.8416497950975317,1.7625863950124443,-11.500678818729247,-0.6784152438691029,0.0,1.0018569642442348,2.628292379544807,0.0,0.027433718276906466,-2.7192113752897624,0.0,-2.9342015124013727,-0.029602721726741225,19.7631446922776,140.03045356729922,159.7935982595768
0.2740000000000002,9.81,3.93,1,1,0.01,0.01,1.1870721408458913,1.8798154653842152,-2.8646700448099316,1.7610617657970355,-11.51945271853117,-0.8465287590234452,0.0,1.0019124619119406,2.622834455832942,0.0,0.02806533201982575,-2.7387105257515123,0.0,-3.0224636475611266,-0.030973133154837504,20.05207939870692,139.74129400093187,159.7933733996388
0.2760000000000002,9.81,3.93,1,1,0.01,0.01,1.1813197496922947,1.883335782834618,-2.887727123657,1.759199013553277,-11.537498152796037,-1.0165419122852208,0.0,1.0019692333305377,2.6173375442567366,0.0,0.028707490715313227,-2.758199285671621,0.0,-3.1127054616245,-0.032397210601601424,20.343004516533167,139.45014150427113,159.7931460208043
0.2780000000000002,9.81,3.93,1,1,0.01,0.01,1.175521208805353,1.8868520334768464,-2.9108195154520033,1.756994317126514,-11.554755501218448,-1.188476559873327,0.0,1.0020272996916193,2.6118016653850935,0.0,0.029360295723046714,-2.7776778715766963,0.0,-3.204954752128982,-0.033876649363980285,20.63591513286265,139.15700098865327,159.79291612151593
0.2800000000000002,9.81,3.93,1,1,0.01,0.01,1.1696764491761877,1.8903635295650434,-2.9339455825689718,1.754443811789551,-11.571162937608506,-1.362354412079152,0.0,1.0020866823864831,2.606226839330883,0.0,0.0300238453179969,-2.7971465231396455,0.0,-3.2992393044630495,-0.03541317901111217,20.93080621672863,138.86187748375966,159.79268370048828
0.2820000000000002,9.81,3.93,1,1,0.01,0.01,1.1637854051963168,1.8938695755805932,-2.9571035614874197,1.7515435895709426,-11.586656386532614,-1.5381969965822258,0.0,1.0021474029995445,2.60061308570372,0.0,0.030698234268573987,-2.8166055041131406,0.0,-3.3955868755451593,-0.03700856269454812,21.227672617652075,138.5647761390639,159.79244875671597
0.2840000000000002,9.81,3.93,1,1,0.01,0.01,1.1578480149139707,1.897369468146022,-2.9802915582512903,1.748289699658134,-11.60116948092604,-1.7160256202841122,0.0,1.002209483300878,2.5949604235608583,0.0,0.031383553385237795,-2.836055103280996,0.0,-3.49402517681349,-0.03866459630457557,21.52650906425816,138.26570222522355,159.7922112894817
0.2860000000000002,9.81,3.93,1,1,0.01,0.01,1.151864220299575,1.900862495939784,-3.0035075438442367,1.7446781488784333,-11.61463352084822,-1.8958613296397893,0.0,1.0022729452378236,2.589268871356157,0.0,0.03207988903817521,-2.855495635426641,0.0,-3.5945818565138805,-0.04038310745951256,21.827310162953946,137.96466113541103,159.79197129836498
0.2880000000000002,9.81,3.93,1,1,0.01,0.01,1.145833967520563,1.9043479396120893,-3.0267493494837088,1.7407049022608365,-11.626977433562551,-2.0777248694679162,0.0,1.0023378109256007,2.5835384468871063,0.0,0.03278732264264589,-2.8749274423177473,0.0,-3.6972844812740107,-0.04216595431411953,22.130070396673133,137.6616583865786,159.79172878325176
0.2900000000000002,9.81,3.93,1,1,0.01,0.01,1.13975720722568,1.9078250717019383,-3.0500146618366832,1.7363658836817697,-11.638127735133631,-2.2616366402242623,0.0,1.0024041026368526,2.5777691672398544,0.0,0.03350593011053554,-2.8943508937059668,0.0,-3.8021605169524997,-0.04401502417245959,22.434784123693397,137.3566996206506,159.791483744344
0.2920000000000002,9.81,3.93,1,1,0.01,0.01,1.1336338948389313,1.911293156555535,-3.0733010181602727,1.731656976597831,-11.648008493745774,-2.447616653724923,0.0,1.0024718427900656,2.571961048732232,0.0,0.03423578126667859,-2.9137663883405622,0.0,-3.909237308752163,-0.045932231889805004,22.741445576532936,137.04979060563767,159.7912361821706
0.2940000000000002,9.81,3.93,1,1,0.01,0.01,1.1274639908633208,1.9147514502462553,-3.096605801370873,1.726574024868644,-11.656541294958732,-2.635684487309341,0.0,1.0025410539367783,2.566114106854732,0.0,0.0349769392284528,-2.933174354994596,0.0,-4.018542060587461,-0.04791951804733683,23.050048860932318,136.74093723666596,159.79098609759828
0.2960000000000002,9.81,3.93,1,1,0.01,0.01,1.121247461194521,1.918199200496352,-3.1199262350459485,1.7211128336729544,-11.663645209127909,-2.8258592364363606,0.0,1.0026117587475187,2.5602283562094237,0.0,0.03572945974716257,-2.952575253502179,0.0,-4.130101813696906,-0.0499788468826093,23.360587954928548,136.43014553691495,159.7907334918435
0.2980000000000002,9.81,3.93,1,1,0.01,0.01,1.1149842774445997,1.9216356466005904,-3.1432593783630165,1.7152691705211003,-11.669236761228468,-3.0181594657101956,0.0,1.0026839799963783,2.5543038104467906,0.0,0.03649339050973499,-2.971969575805107,0.0,-4.243943424491976,-0.052112203957960034,23.67305670802798,136.11742165845686,159.79047836648485
0.3000000000000002,9.81,3.93,1,1,0.01,0.01,1.108674417275932,1.9250600193520064,-3.1666021209808966,1.7090387663670041,-11.67322990333468,-3.2126031583375596,0.0,1.0027577405441535,2.5483404822004525,0.0,0.03726877039917453,-2.9913578470070514,0.0,-4.360093541634975,-0.0543215935481271,23.987448840485552,135.80277188299064,159.79022072347618
0.3020000000000002,9.81,3.93,1,1,0.01,0.01,1.1023178647453984,1.9284715409699908,-3.1899511778687883,1.7024173168228127,-11.675535990018089,-3.4092076640209505,0.0,1.0028330633199614,2.542338383019791,0.0,0.03805562871236384,-3.010740626433292,0.0,-4.47857858233924,-0.05660903572771555,24.303757942697494,135.48620262246283,159.78996056516033
0.3040000000000002,9.81,3.93,1,1,0.01,0.01,1.095914610658975,1.931869425030908,-3.2133030840892958,1.6954004834793073,-11.676063756940236,-3.607989645298546,0.0,1.0029099713012524,2.536297523300437,0.0,0.03885398433365633,-3.030118508693787,0.0,-4.599424707886,-0.05897656313814289,24.621977474715294,135.16772041956818,159.78969789428348
0.3060000000000002,9.81,3.93,1,1,0.01,0.01,1.0894646529367966,1.9352528764014645,-3.236654189542067,1.6879838953351753,-11.674719302927759,-3.808965022345607,0.0,1.002988487492119,2.530217912212639,0.0,0.0396638448628428,-3.0494921247471605,0.0,-4.722657798353273,-0.061426217413074954,24.942100765888764,134.84733194812173,159.7894327140105
0.3080000000000002,9.81,3.93,1,1,0.01,0.01,1.0829679969887664,1.938621091175047,-3.260000653675319,1.6801631503382015,-11.67140607582995,-4.012148916258121,0.0,1.0030686348998177,2.5240995576275034,0.0,0.04048520569605041,-3.068862142963008,0.0,-4.8483034265532385,-0.06396004524053328,25.264121014646225,134.5250440132943,159.78916502794053
0.3100000000000002,9.81,3.93,1,1,0.01,0.01,1.0764246561007684,1.941973256611257,-3.2833384401731145,1.6719338170413867,-11.66602486247047,-4.217555590845315,0.0,1.0031504365094028,2.5179424660411085,0.0,0.04131804905816411,-3.088229270179689,0.0,-4.976386831175714,-0.06658009403911784,25.58803128842024,134.20086355170338,159.78889484012362
0.3120000000000002,9.81,3.93,1,1,0.01,0.01,1.0698346518315223,1.945308551078876,-3.3066633116269073,1.663291436376948,-11.658473783016962,-4.425198392963567,0.0,1.0032339152563758,2.5117466424965187,0.0,0.04216234298545091,-3.1075942527545464,0.0,-5.106932889136464,-0.06928840722516885,25.913824523727346,133.8747976313506,159.78862215507795
0.3140000000000002,9.81,3.93,1,1,0.01,0.01,1.0631980144201032,1.9486261440024972,-3.3299708242005233,1.6542315235510758,-11.648648290103464,-4.635089691431285,0.0,1.003319093997249,2.505512090503701,0.0,0.04301804025706979,-3.126957877603267,0.0,-5.2399660871303775,-0.07208701904696854,26.241493526410522,133.5468534513972,159.78834697780772
0.3160000000000002,9.81,3.93,1,1,0.01,0.01,1.0565147832041304,1.9519251958130723,-3.3532563222984235,1.6447495700622434,-11.636441173051544,-4.847240814571237,0.0,1.003405995477921,2.499238811957382,0.0,0.04388507727427998,-3.1463209732248716,0.0,-5.37551049239085,-0.07497794896160294,26.57103097205334,133.21703834176867,159.788069313822
0.3180000000000002,9.81,3.93,1,1,0.01,0.01,1.049785007048607,1.9552048579026182,-3.376514933247806,1.63484104584576,-11.621742567546692,-5.0616619864341805,0.0,1.003494642299755,2.492926807052868,0.0,0.04476337288618076,-3.1656844107085296,0.0,-5.513589722657923,-0.07796319552949732,26.902429406574683,132.88535976257924,159.78778916915394
0.32000000000000023,9.81,3.93,1,1,0.01,0.01,1.0430087447853722,1.9584642725833432,-3.3997415620058193,1.6245014015471435,-11.604439971136271,-5.278362261765891,0.0,1.0035850568832587,2.4865760741998755,0.0,0.0456528271609678,-3.1850491047182063,0.0,-5.654226915359292,-0.08104472980130954,27.23568124701356,132.5518253033673,159.78750655038087
0.32200000000000023,9.81,3.93,1,1,0.01,0.01,1.0361860656631046,1.9617025730514495,-3.4229308859039063,1.6137260709267598,-11.58441826492467,-5.497349459787497,0.0,1.0036772614292448,2.4801866099344148,0.0,0.04655332010176877,-3.2044160144508154,0.0,-5.797444696009539,-0.08422448817148619,27.57077878251294,132.21644268213223,159.78722146464517
0.32400000000000023,9.81,3.93,1,1,0.01,0.01,1.0293170498077886,1.9649188833558786,-3.4460773494420534,1.6025104733980224,-11.561559741849504,-5.718630096868306,0.0,1.003771277877374,2.473758408828794,0.0,0.04746471030627675,-3.2237861445633613,0.0,-5.943265145834592,-0.08750436467262575,27.90771417551257,131.87921974416327,159.78693391967585
0.32600000000000023,9.81,3.93,1,1,0.01,0.01,1.0224017886935317,1.968112318372269,-3.469175159146499,1.5908500167012813,-11.535744141930305,-5.942209318179081,0.0,1.0038671278619558,2.467291463399797,0.0,0.048386833569490195,-3.2431605460642183,0.0,-6.09170976862977,-0.09088620268461103,28.246479463159815,131.54016446065077,159.78664392381057
0.32800000000000024,9.81,3.93,1,1,0.01,0.01,1.0154403856235903,1.9712819837823983,-3.492218278505243,1.578740099715345,-11.50684869488745,-6.168090828423503,0.0,1.0039648326649,2.460785764015121,0.0,0.049319501429097024,-3.262540317163462,0.0,-6.242799456861424,-0.09437178603264963,28.587066558948337,131.19928492707047,159.78635148601882
0.33000000000000024,9.81,3.93,1,1,0.01,0.01,1.0084329562214345,1.9744269760593869,-3.5152004229965,1.5661761154083722,-11.474748170534145,-6.3962768217553005,0.0,1.0040644131656988,2.454241298798159,0.0,0.05026249965316898,-3.2819266040768778,0.0,-6.3965544570237265,-0.09796282944848586,28.9294672545943,130.85658936133083,159.78605661592513
0.33200000000000024,9.81,3.93,1,1,0.01,0.01,1.0013796289316501,1.977546382458946,-3.5381150552260467,1.5531534539296483,-11.439314937348113,-6.626767910999143,0.0,1.0041658897883308,2.4476580535312285,0.0,0.0512155866700566,-3.301320601778012,0.0,-6.5529943342639045,-0.10166096836948475,29.273673222159648,130.51208610167404,159.7857593238337
0.33400000000000024,9.81,3.93,1,1,0.01,0.01,0.9942805455304429,1.9806392810169495,-3.5609553801902334,1.5396675058435072,-11.400419029631978,-6.859563056303888,0.0,1.0042692824449608,2.4410360115573435,0.0,0.05217849194056523,-3.3207235546923197,0.0,-6.7121379362906515,-0.10546774805081727,29.619676016431775,130.16578360432098,159.78545962075276
0.33600000000000024,9.81,3.93,1,1,0.01,0.01,0.9871358616454763,1.9837047405536172,-3.583714340682248,1.5257136655064016,-11.357928223671728,-7.094659493367821,0.0,1.0043746104763334,2.434375153680672,0.0,0.05315091427277646,-3.340136757327241,0.0,-6.874003356582458,-0.10938461196686167,29.96746707756954,129.81769044085075,159.7851575184203
0.33800000000000024,9.81,3.93,1,1,0.01,0.01,0.9799457472847387,1.986741820684596,-3.6063846128600328,1.5112873345878253,-11.311708123301594,-7.332052661387173,0.0,1.0044818925887322,2.427675458065796,0.0,0.054132520080099056,-3.359561554831732,0.0,-7.038607896914151,-0.11341288947888703,30.31703773402471,129.4678152953054,159.78485302933012
0.34000000000000025,9.81,3.93,1,1,0.01,0.01,0.9727103873740967,1.989749571839227,-3.6289586019950777,1.4963839257354803,-11.26162225528029,-7.571736130890499,0.0,1.0045911467874076,2.4209369001359327,0.0,0.05512294158342684,-3.3789993434785277,0.0,-7.20596802922175,-0.11755378274738518,30.668379205748074,129.11616696101012,159.7845461667582
0.34200000000000025,9.81,3.93,1,1,0.01,0.01,0.9654299823031534,1.9927270352862878,-3.6514284384221107,1.4809988663847464,-11.207532174878432,-7.813701531633761,0.0,1.004702390306343,2.4141594524702654,0.0,0.056121774958594106,-3.398451571062153,0.0,-7.376099356827663,-0.12180835286899021,31.021482607689144,128.7627543371004,159.78423694478954
0.34400000000000025,9.81,3.93,1,1,0.01,0.01,0.9581047484789896,1.9956732431674966,-3.6737859737105,1.4651276027121443,-11.1492975820686,-8.057938480742953,0.0,1.0048156395342747,2.4073430847005812,0.0,0.05712857843066205,-3.4179197372054957,0.0,-7.549016575050109,-0.12617750521980411,31.37633895359869,128.4075864247474,159.78392537834608
0.34600000000000025,9.81,3.93,1,1,0.01,0.01,0.9507349188873221,1.998587218539068,-3.69602277707896,1.4487656037321015,-11.086776448700059,-8.304434511303462,0.0,1.0049309099368375,2.4004877634073845,0.0,0.05814287031688542,-3.4374053935674436,0.0,-7.724733431222429,-0.13066197398903417,31.73293916014177,128.0506723230724,159.78361148321417
0.34800000000000025,9.81,3.93,1,1,0.01,0.01,0.9433207436605705,2.0014679754216043,-3.7181301320759013,1.4319083655359182,-11.019825157026386,-8.55317500160807,0.0,1.0050482159747538,2.3935934520157014,0.0,0.059164127020615076,-3.4569101439439587,0.0,-7.903262684150178,-0.13526230588940893,32.09127405133008,127.69202122474269,159.78329527607278
0.35000000000000026,9.81,3.93,1,1,0.01,0.01,0.9358624906522793,2.004314518858605,-3.7400990335484816,1.414551415671392,-10.948298649938986,-8.804143105287718,0.0,1.0051675710179628,2.3866601106907974,0.0,0.06019178097878963,-3.476435644254737,0.0,-8.084616063035751,-0.13997884303368818,32.45133436328099,127.33164241124118,159.78297677452218
0.35200000000000026,9.81,3.93,1,1,0.01,0.01,0.9283604460172928,2.0071258449838756,-3.7619201849241133,1.3966903176611045,-10.872050593240289,-9.057319682562099,0.0,1.0052889872555952,2.3796876962340394,0.0,0.061225218566094364,-3.495983602407381,0.0,-8.2688042259024,-0.14481170496981227,32.813110749310226,126.96954524780189,159.7826559971121
0.35400000000000026,9.81,3.93,1,1,0.01,0.01,0.9208149147970345,2.009900941098109,-3.7835839958288173,1.378320675656877,-10.790933550268264,-9.312683232859534,0.0,1.0054124756017242,2.372676161979166,0.0,0.062263777959322086,-3.5155557780309663,0.0,-8.455836717551799,-0.1497607698708772,33.17659378536557,126.60573917800573,159.7823329633713
0.35600000000000026,9.81,3.93,1,1,0.01,0.01,0.9132262215091917,2.01263878575491,-3.8050805800674197,1.3594381392274033,-10.704799169158793,-9.570209829068336,0.0,1.005538045596802,2.365625457689213,0.0,0.0633067469658975,-3.5351539820706566,0.0,-8.645721927091454,-0.1548256548800456,33.54177397580681,126.24023371802866,159.78200769383548
0.35800000000000026,9.81,3.93,1,1,0.01,0.01,0.9055947107410578,2.015338348856525,-3.8263997539911303,1.3400384082755192,-10.613498383002955,-9.829873053693557,0.0,1.005665705304723,2.3585355294544152,0.0,0.0643533608211424,-3.5547800762350006,0.0,-8.838467045070615,-0.160005695615248,33.90864175953797,125.87303845053864,159.78168021007662
0.36000000000000026,9.81,3.93,1,1,0.01,0.01,0.8979207477457289,2.0179985917595316,-3.8475310352785197,1.320117238081017,-10.516881623123846,-10.091643937206129,0.0,1.0057954612054563,2.351406319591353,0.0,0.06540279995921472,-3.5744359722874757,0.0,-9.034078020265872,-0.16529992484304254,34.27718751649622,125.50416301823523,159.78135053473144
0.36200000000000027,9.81,3.93,1,1,0.01,0.01,0.8902047190403045,2.0206184673907375,-3.8684636421563314,1.2996704444643212,-10.414799045661024,-10.355490898882124,0.0,1.005927318083195,2.34423776654368,0.0,0.06645418776333029,-3.594123631173817,0.0,-9.23255951616013,-0.17070705033667646,34.647401574501444,125.13361711702832,159.78101869152977
0.36400000000000027,9.81,3.93,1,1,0.01,0.01,0.8824470330051831,2.0231969203735227,-3.889186493086898,1.2786939090657397,-10.307100771610218,-10.621379690441614,0.0,1.0060612789099932,2.3370298047847795,0.0,0.06750658830139122,-3.613845061976704,0.0,-9.433914867161334,-0.1762254319391016,35.019274216469256,124.76141048885339,159.78068470532264
0.36600000000000027,9.81,3.93,1,1,0.01,0.01,0.8746481204834948,2.025732887164849,-3.909688206949185,1.2571835847343713,-10.193637140421446,-10.889273342807725,0.0,1.0061973447248622,2.329782364722674,0.0,0.06855900405367488,-3.6336023206894623,0.0,-9.638146034610228,-0.18185305785784842,35.39279568798974,124.38755291411992,159.78034860210965
0.36800000000000027,9.81,3.93,1,1,0.01,0.01,0.8668084353796554,2.028225296203153,-3.929957103740638,1.2351355010201017,-10.074258977210052,-11.159132116316254,0.0,1.0063355145083224,2.322495372607585,0.0,0.06961037363990152,-3.6533975088005546,0.0,-9.845253562629445,-0.1875875202255799,35.76795620527289,124.01205420379316,159.78001040906605
0.3700000000000003,9.81,3.93,1,1,0.01,0.01,0.8589284552559727,2.0306730680673226,-3.9499812058270733,1.2125457697614461,-9.948817873582659,-11.430913454715519,0.0,1.0064757850524135,2.3151687504425227,0.0,0.07065956955358949,-3.673232771680811,0.0,-10.055236533869346,-0.19342598996731225,36.14474596346059,123.63492419110833,159.77967015456892
0.3720000000000003,9.81,3.93,1,1,0.01,0.01,0.8510086819261834,2.0330751156469327,-3.969748239767799,1.1894105907613135,-9.817166482022634,-11.70457194330583,0.0,1.006618150826189,2.307802415897294,0.0,0.07170539591215686,-3.693110296765598,0.0,-10.268092525209548,-0.19936519102276373,36.523155145303875,123.25617272291854,159.77932786822242
0.3740000000000003,9.81,3.93,1,1,0.01,0.01,0.8430496420447409,2.0354303443239186,-3.989245638742972,1.1657262575420557,-9.679158823719076,-11.980059271574358,0.0,1.0067626038367319,2.3003962822263664,0.0,0.07274658623194213,-3.7130323115244055,0.0,-10.483817563478594,-0.20540137398061856,36.9031739302032,122.87580965067882,159.77898358088203
0.3760000000000003,9.81,3.93,1,1,0.01,0.01,0.8350518876906244,2.0377376521658292,-4.008460545609917,1.141489163170449,-9.534650609657229,-12.257324200689022,0.0,1.0069091334857565,2.2929502581910097,0.0,0.07378180123790135,-3.7330010812107384,0.0,-10.702406081258241,-0.21153028918989605,37.284792503607754,122.4938448210701,159.77863732467785
0.3780000000000003,9.81,3.93,1,1,0.01,0.01,0.8270159969443847,2.039995930130791,-4.0273798166146815,1.116695806142523,-9.383499574719611,-12.536312536219825,0.0,1.0070577264218685,2.2854642479861615,0.0,0.07480962671833419,-3.7530189063855572,0.0,-10.923850872842811,-0.21774715942242734,37.668001066768554,122.11028806626754,159.77828913303608
0.3800000000000003,9.81,3.93,1,1,0.01,0.01,0.8189425744570891,2.0422040622842923,-4.04599002578455,1.0913427963174094,-9.2255658244727,-12.816967106461103,0.0,1.0072083663885922,2.2779381511724766,0.0,0.07582857143566185,-3.773088120208118,0.0,-11.14814305042868,-0.2240466521698359,38.052789846839055,121.72514919386032,159.77793904069938
0.3820000000000003,9.81,3.93,1,1,0.01,0.01,0.810832252009781,2.0443609260278772,-4.064277470026483,1.0654268608886308,-9.060712194237366,-13.099227746730243,0.0,1.0073610340682833,2.2703718626140352,0.0,0.07683706510486887,-3.7932110854885486,0.0,-11.37527200061356,-0.23042285166794596,38.439149107314776,121.33843797643036,159.77758708374512
0.3840000000000003,9.81,3.93,1,1,0.01,0.01,0.8026856890620153,2.046465392339807,-4.08222817495559,1.0389448503805028,-8.88880461995965,-13.38303129002065,0.0,1.0075157069220753,2.262765272422186,0.0,0.07783345645180223,-3.8133901914972315,0.0,-11.605225341290522,-0.23686923075134872,38.827069158802445,120.95016414079981,159.77723329960224
0.3860000000000003,9.81,3.93,1,1,0.01,0.01,0.7945035732879877,2.048516326027728,-4.099827901476682,1.0118937446565608,-8.709712520313946,-13.668311564385917,0.0,1.0076723590260341,2.255118265906021,0.0,0.07881601136412253,-3.833627850526744,0.0,-11.83798887902685,-0.24337862265100618,39.21654037010709,120.56033735695837,159.77687772706545
0.3880000000000003,9.81,3.93,1,1,0.01,0.01,0.7862866210987303,2.0505125859933613,-4.1170621531407265,0.9842706589261743,-8.523309189382925,-13.954999397430898,0.0,1.007830960903719,2.24743072352997,0.0,0.07978291114819036,-3.853926494202982,0.0,-12.073546567023966,-0.24994319285781322,39.60755317962466,120.16896722668288,159.77652040630755
0.3900000000000003,9.81,3.93,1,1,0.01,0.01,0.7780355781488011,2.052453025509185,-4.133916184296625,0.9560728497347623,-8.32947219916764,-14.243022628280908,0.0,1.0079914793553706,2.239702520879034,0.0,0.08073225090578029,-3.8742885695429496,0.0,-12.311880463760607,-0.25655441118562683,40.00009810702437,119.77606327186456,159.77616137888893
0.3920000000000003,9.81,3.93,1,1,0.01,0.01,0.7697512198258597,2.0543364925070735,-4.150375009057156,0.9272977209222866,-8.128083811087967,-14.532306127395213,0.0,1.0081538772839862,2.231933528632151,0.0,0.08166203804487654,-3.894716534757721,0.0,-12.55297069242814,-0.2632030241772282,40.39416576520526,119.38163492255921,159.77580068776447
0.3940000000000003,9.81,3.93,1,1,0.01,0.01,0.7614343517214821,2.056161829878807,-4.166423411096136,0.8979428295339743,-7.919031395538094,-14.822771824583041,0.0,1.0083181135185662,2.2241236125442163,0.0,0.08257019093930318,-3.9152128548001603,0.0,-12.796795401273965,-0.2698790280071045,40.78974687250813,118.98569150477931,159.77543837728746
0.3960000000000003,9.81,3.93,1,1,0.01,0.01,0.7530858100815375,2.057927875788338,-4.182045954291899,0.8680058916665145,-7.702207858464989,-15.114338745570121,0.0,1.0084841426348328,2.216272633437261,0.0,0.08345453775229494,-3.935779996658067,0.0,-13.043330724976054,-0.2765716420448975,41.18683226516271,118.58824222804765,159.77507449321035
0.3980000000000003,9.81,3.93,1,1,0.01,0.01,0.7447064622344204,2.059633463995677,-4.197226994230029,0.8374847882322896,-7.477512073839026,-15.406923057452694,0.0,1.008651914773783,2.2083804472012933,0.0,0.08431281543937996,-3.9564204243947962,0.0,-13.292550747180028,-0.28326928325293377,41.58541290994826,118.18929617273385,159.7747090826821
0.4000000000000003,9.81,3.93,1,1,0.01,0.01,0.7362972069954095,2.0612774241922027,-4.211950690575905,0.8063775706235412,-7.2448493207882345,-15.70043812336008,0.0,1.0088213754584279,2.2004469048053172,0.0,0.08514266894626177,-3.9771365939405423,0.0,-13.544427464337701,-0.28995954160079845,41.985479917043264,117.78886227719832,159.77434219424157
0.4020000000000003,9.81,3.93,1,1,0.01,0.01,0.7278589750454043,2.062858582347192,-4.2262010203250915,0.7746824662577468,-7.004131724067788,-15.994794566631768,0.0,1.008992465409145,2.1924718523190054,0.0,0.08594165061745807,-3.9979309476390457,0.0,-13.798930750995243,-0.29662915668837636,42.38702455303928,117.3869493247683,159.77397387780758
0.4040000000000003,9.81,3.93,1,1,0.01,0.01,0.7193927292822792,2.0643757610652997,-4.239961791936818,0.7423978839848862,-6.755278696439783,-16.289900344794734,0.0,1.009165120358067,2.1844551309455262,0.0,0.08670721983160246,-4.01880590855583,0.0,-14.056028326687628,-0.3032639957771188,42.79003825409049,116.98356593057373,159.77360418466424
0.4060000000000003,9.81,3.93,1,1,0.01,0.01,0.7108994651430841,2.065827779954702,-4.25321666035288,0.7095224193367302,-6.498217381441394,-16.585660833605584,0.0,1.009339270862982,2.1763965770659794,0.0,0.08743674287922232,-4.039763874555648,0.0,-14.315685724605292,-0.3098490334363288,43.19451263917036,116.57872052827183,159.77323316744219
0.4080000000000003,9.81,3.93,1,1,0.01,0.01,0.7023802108953237,2.067213456005562,-4.2659491429011185,0.6760548595977784,-6.232883094925493,-16.881978921398208,0.0,1.0095148421212452,2.1682960222959085,0.0,0.0881274930987791,-4.060807212158466,0.0,-14.577866262208898,-0.3163683330179245,43.60043952340375,116.17242135669167,159.77286088009544
0.4100000000000003,9.81,3.93,1,1,0.01,0.01,0.693836027895547,2.0685316039784425,-4.278142636079349,0.6419941886770129,-5.959219763667647,-17.178755113950768,0.0,1.0096917537842305,2.160153293554307,0.0,0.08877665128640688,-4.081938250184858,0.0,-14.842531013977052,-0.32280503017796675,44.00781093144169,115.76467644643088,159.77248737787258
0.4120000000000003,9.81,3.93,1,1,0.01,0.01,0.6852680108134959,2.0697810368022447,-4.289780433212083,0.6073395917592419,-5.677180359245545,-17.475887650057505,0.0,1.0098699197728953,2.1519682131455378,0.0,0.08938130639455122,-4.103159273203519,0.0,-15.109638786482632,-0.3291413186676492,44.4166191108447,115.35549360643927,159.77211271728396
0.4140000000000003,9.81,3.93,1,1,0.01,0.01,0.6766772878200755,2.0709605659812107,-4.300845742968726,0.5720904597144643,-5.386727325316078,-17.77327262795863,0.0,1.010049248095033,2.1437405988545475,0.0,0.08993845653418364,-4.124472514795209,0.0,-15.37914609600245,-0.33535843861887266,44.826856545437735,114.94488041062488,159.77173695606263
0.4160000000000003,9.81,3.93,1,1,0.01,0.01,0.6680650207374397,2.0720690020104855,-4.311321708728115,0.5362463932434101,-5.087832996337941,-18.07080414274912,0.0,1.0102296406648554,2.135470264055713,0.0,0.0904450102946458,-4.145880150649324,0.0,-15.65100714887577,-0.3414366675505419,45.23851596860011,114.53284418451985,159.77136015311996
0.4180000000000003,9.81,3.93,1,1,0.01,0.01,0.6594324051495163,2.073105154799688,-4.321191428770256,0.49980720673721235,-4.780480005719195,-18.368374434849773,0.0,1.0104109931255376,2.1271570178356596,0.0,0.09089778839454743,-4.167384291510964,0.0,-15.9251738248362,-0.3473553143215177,45.65159037645049,114.11939199204551,159.770982368496
0.4200000000000003,9.81,3.93,1,1,0.01,0.01,0.6507806704713411,2.074067834103897,-4.330437977272071,0.4627729318290312,-4.464661681306841,-18.66587404958691,0.0,1.0105931946754063,2.1188006651303137,0.0,0.09129352567616711,-4.188986975998227,0.0,-16.201595663551785,-0.353092716253403,46.066073040887005,113.70453062241596,159.77060366330295
0.4220000000000003,9.81,3.93,1,1,0.01,0.01,0.6421110799756186,2.0749558499614116,-4.339044426079675,0.4251438206154002,-4.140382426082342,-18.963192007886335,0.0,1.0107761278984717,2.110401006876434,0.0,0.09162887345484572,-4.210690163311209,0.0,-16.480219854616895,-0.3586262396422065,46.481957522441476,113.28826657722186,159.77022409966332
0.4240000000000003,9.81,3.93,1,1,0.01,0.01,0.6334249307749872,2.07576801313761,-4.346993867225448,0.38692034852509666,-3.8076580818837744,-19.260215988045175,0.0,1.0109596686000235,2.101957840177809,0.0,0.09190040223369467,-4.232495725855916,0.0,-16.760991231248425,-0.3639322838715127,46.899237682904506,112.8706060577363,159.7698437406408
0.4260000000000003,9.81,3.93,1,1,0.01,0.01,0.6247235537585367,2.0765031355741708,-4.354269436153735,0.3481032168134525,-3.4665162739417985,-19.556832518501018,0.0,1.0111436856480254,2.093470958486284,0.0,0.0921046047927101,-4.2544054418080215,0.0,-17.0438522679468,-0.3689862893315219,47.317907697678955,112.45155495248653,159.76946265016548
0.4280000000000003,9.81,3.93,1,1,0.01,0.01,0.6160083134811979,2.077160030842892,-4.360854335614566,0.30869335466022857,-3.116996733995361,-19.85292718147276,0.0,1.0113280408210708,2.0849401517976878,0.0,0.09223789965980111,-4.276420987643049,0.0,-17.328743082389526,-0.37376274933700065,47.737962067817136,112.03111882513468,159.76908089295182
0.4300000000000003,9.81,3.93,1,1,0.01,0.01,0.6072806080047142,2.0777375146032915,-4.366731860180327,0.26869192084947424,-2.759151599743148,-20.148384827300816,0.0,1.011512588663667,2.0763652068627154,0.0,0.09229663496978702,-4.298543930661144,0.0,-17.615601441831398,-0.3782352262245924,48.159395631697805,111.60930290271176,159.76869853440957
0.43200000000000033,9.81,3.93,1,1,0.01,0.01,0.5985418686889983,2.0782344050631316,-4.371885421335791,0.22810030501018597,-2.393045688390763,-20.44308979926597,0.0,1.0116971763496316,2.06774590741274,0.0,0.09227709271561102,-4.320775721536087,0.0,-17.904362774290412,-0.3823763717941295,48.58220357629836,111.1861120642499,159.76831564054825
0.43400000000000033,9.81,3.93,1,1,0.01,0.01,0.5897935599327798,2.078649523440968,-4.376298573087494,0.18692012839706765,-2.018756742071007,-20.73692616861796,0.0,1.0118816435543818,2.059082034400481,0.0,0.09217549339420339,-4.343117686919541,0.0,-18.194960184802092,-0.38615795224088495,49.00638144801674,110.76155082985741,159.76793227787414
0.43600000000000033,9.81,3.93,1,1,0.01,0.01,0.5810371788625631,2.0789816944297823,-4.379955038033985,0.14515324419128398,-1.6363756429464302,-21.02977797949574,0.0,1.0120658223369137,2.0503733662553794,0.0,0.09198800104736182,-4.3655710221328725,0.0,-18.487324477027418,-0.38955087770507824,49.43192516299917,110.3356233502809,159.76754851328008
0.43800000000000033,9.81,3.93,1,1,0.01,0.01,0.5722742549690358,2.079229746660723,-4.382838733834175,0.10280173730178244,-1.2460065958503084,-21.321529503371604,0.0,1.0122495370322557,2.0416196791534746,0.0,0.09171072869596986,-4.388136783979883,0.0,-18.78138418049954,-0.39252523654250565,49.85883101692916,109.90833339699886,159.76716441392801
0.44000000000000034,9.81,3.93,1,1,0.01,0.01,0.563506349690198,2.0793925131659305,-4.384933800006767,0.05986792364854475,-0.8477672763848382,-21.612065502602654,0.0,1.0124326041551843,2.032820747301508,0.0,0.09133974416356772,-4.410815883714864,0.0,-19.077065583793388,-0.39505033439476334,50.2870956942341,109.47968435289047,159.76678004712457
0.44200000000000034,9.81,3.93,1,1,0.01,0.01,0.5547350559406203,2.0794688318393986,-4.386224624989651,0.016354348910011245,-0.4417889424739136,-21.901271502623416,0.0,1.0126148323159638,2.023976343234908,0.0,0.09087107628303681,-4.433609080201026,0.0,-19.374292773898144,-0.39709473811050583,50.71671627666639,109.04967920352232,159.7663954801887
0.44400000000000034,9.81,3.93,1,1,0.01,0.01,0.545961997586386,2.0794575458947784,-4.386695873384266,-0.027736213282099353,-0.028216507461891298,-22.18903407226684,0.0,1.012796022148887,2.015086238129234,0.0,0.0903007214776097,-4.456516973295096,0.0,-19.672987682067273,-0.39862632453911456,51.147690251218215,108.6183205290944,159.76601078031263
0.44600000000000034,9.81,3.93,1,1,0.01,0.01,0.5371888288654234,2.0793575043190082,-4.386332513306192,-0.07240076371627793,0.3927914270383839,-22.4752411116527,0.0,1.0129759662543338,2.0061502021245996,0.0,0.08962465070504477,-4.479539997494083,0.0,-19.973070136411607,-0.39961233418713676,51.58001551732847,108.18561049708671,159.76562601441518
0.44800000000000034,9.81,3.93,1,1,0.01,0.01,0.5284172337531009,2.0791675623206154,-4.385119843759774,-0.11763608055755825,0.8210625802188207,-22.759782147038514,0.0,1.0131544491550744,1.9971680046625122,0.0,0.08883881675115624,-4.502678415880502,0.0,-20.274457921490615,-0.4000194296940735,52.013690393343644,107.75155085564438,159.76524124898802
0.45000000000000034,9.81,3.93,1,1,0.01,0.01,0.5196489252731179,2.0788865817715103,-4.383043521951397,-0.1634387228999786,1.2564110445969283,-23.042548631984324,0.0,1.0133312472674951,1.9881394148344875,0.0,0.08793916185627526,-4.525932314402168,0.0,-20.577066845142685,-0.3998137590489837,52.4487136221958,107.31614292773891,159.7648565499347
0.45200000000000035,9.81,3.93,1,1,0.01,0.01,0.510885644753905,2.0785134316410705,-4.380089590453106,-0.20980503492711755,1.6986373833524924,-23.323434254142715,0.0,1.0135061288883975,1.9790642017417452,0.0,0.08692162565566142,-4.549301596522404,0.0,-20.88081081277894,-0.39896102343324163,52.88508437626245,106.87938760614058,159.76447198240302
0.45400000000000035,9.81,3.93,1,1,0.01,0.01,0.5021291610309215,2.078046988421286,-4.376244504125725,-0.25673115069123265,2.147528773672968,-23.60233524694676,0.0,1.0136788541979702,1.969942134865204,0.0,0.08578215341219053,-4.572785978275834,0.0,-21.18560190934487,-0.3974265495369297,53.32280226137573,106.44128534923448,159.7640876106102
0.45600000000000035,9.81,3.93,1,1,0.01,0.01,0.4933812695954255,2.077486136541722,-4.371495156708416,-0.3042129995200428,2.6028591971125974,-23.879150705435034,0.0,1.0138491752795038,1.960772984444931,0.0,0.08451670451706284,-4.596384983764181,0.0,-21.49135048913189,-0.39517536615809806,53.76186731995124,106.0018361777107,159.76370349766194
0.45800000000000035,9.81,3.93,1,1,0.01,0.01,0.4846437916904758,2.076829768773029,-4.3658289069798135,-0.35224631205864054,3.064389677766763,-24.153782905421377,0.0,1.0140168361563493,1.951556521868132,0.0,0.08312126123169172,-4.620097941125257,0.0,-21.79796527359468,-0.3921722848551807,54.20228003320857,105.56103967215599,159.76331970536455
0.46000000000000035,9.81,3.93,1,1,0.01,0.01,0.4759185733551215,2.076076786617736,-4.359233604394478,-0.40082662695240856,3.5318685688481843,-24.426137625190304,0.0,1.0141815728465815,1.942292520064703,0.0,0.08159183764145284,-4.643923979007014,0.0,-22.105353457301465,-0.38838198438397503,54.64404132245995,105.11889497157145,159.7629362940314
0.46200000000000035,9.81,3.93,1,1,0.01,0.01,0.4672074844179238,2.075226100687028,-4.3516976140974775,-0.4499492981751543,4.005031888024347,-24.69612446887677,0.0,1.0143431134357535,1.9329807539093078,0.0,0.07992448878956682,-4.667862023576786,0.0,-22.413420822112162,-0.3837690986118923,55.08715254944552,104.67540077283796,159.76255332228348
0.46400000000000036,9.81,3.93,1,1,0.01,0.01,0.45851241744115173,2.074276631062221,-4.343209841219393,-0.4996095030049737,4.483603701638399,-24.963657190671547,0.0,1.0145011781680735,1.923621000628871,0.0,0.07811531995702758,-4.691910796093965,0.0,-22.722071859644867,-0.37829830756381344,55.53161551569751,104.23055533114683,159.76217084684436
0.46600000000000036,9.81,3.93,1,1,0.01,0.01,0.4498352866171891,2.0732273076396375,-4.333759754354081,-0.5498022506486263,4.9672965576894805,-25.228654018980098,0.0,1.014655479556255,1.9142130402143485,0.0,0.0761604960524711,-4.716068811072065,0.0,-23.031209902052762,-0.3719344312175515,55.97743246091871,103.78435646141092,159.76178892232963
0.46800000000000036,9.81,3.93,1,1,0.01,0.01,0.441178026618884,2.0720770704575857,-4.323337408121998,-0.6005223915134503,5.455811967196074,-25.491037979657435,0.0,1.0148057225102325,1.9047566558355584,0.0,0.07405625107372538,-4.740334375053776,0.0,-23.340737261093803,-0.36464252563065463,56.424606060366045,103.33680154066684,159.7614076010329
0.47000000000000036,9.81,3.93,1,1,0.01,0.01,0.43254259140576695,2.070824870004148,-4.311933464722914,-0.6517646271240891,5.948840933306237,-25.750737217438235,0.0,1.0149516044848288,1.8952516342578358,0.0,0.07179889760111391,-4.764705586019694,0.0,-23.650555375431775,-0.35638798094734603,56.87313942122991,102.88788751147548,159.7610269327054
0.47200000000000036,9.81,3.93,1,1,0.01,0.01,0.4239309529882524,2.0694696675044946,-4.29953921438338,-0.7035235206795439,6.446064527258406,-26.00768531468812,0.0,1.015092815646419,1.8856977662592165,0.0,0.06938483628089487,-4.789180333448716,0.0,-23.960564966063277,-0.3471366208026814,57.32303607800944,102.43761088632432,159.76064696433377
0.47400000000000037,9.81,3.93,1,1,0.01,0.01,0.41534510015212855,2.068010435186451,-4.286146594606353,-0.7557935082443282,6.947154510031539,-26.261821606611317,0.0,1.0152290390585068,1.876094847046842,0.0,0.06681056525594187,-4.813756299044657,0.0,-24.270666199717127,-0.336854802612919,57.77429998688189,101.98596775303103,159.76026773991293
0.47600000000000037,9.81,3.93,1,1,0.01,0.01,0.4067870371458207,2.066446156523052,-4.271748208133001,-0.808568910565786,7.4517739982619435,-26.513091492068526,0.0,1.0153599508860771,1.8664426766712277,0.0,0.06407268949955669,-4.838430958140467,0.0,-24.58075886002483,-0.3255095182152074,58.22693551907304,101.53295378114345,159.75988930021649
0.47800000000000037,9.81,3.93,1,1,0.01,0.01,0.39825878233309164,2.064775826450843,-4.256337339529765,-0.8618439455079665,7.959578172744143,-26.761446739182126,0.0,1.0154852206184848,1.8567410604370442,0.0,0.061167930007580695,-4.863201581787791,0.0,-24.89074252621099,-0.3130684942984175,58.680947453237046,101.07856422932784,159.7595116825649
0.48000000000000037,9.81,3.93,1,1,0.01,0.01,0.3897623668140122,2.0629984515627093,-4.239907970317432,-0.915612741090834,8.470215027577986,-27.006845784936193,0.0,1.0156045113105447,1.8469898093090265,0.0,0.05809313280331119,-4.888065239535929,0.0,-25.200516759001555,-0.29950029204842116,59.13634096685868,100.62279395373253,159.7591349205912
0.4820000000000004,9.81,3.93,1,1,0.01,0.01,0.3812998330171984,2.0611130502740287,-4.22245479256306,-0.9698693491220374,8.98332615777789,-27.24925402801692,0.0,1.0157174798414097,1.8371887403116354,0.0,0.054845277709541396,-4.9130188029004325,0.0,-25.509981293397658,-0.2847744054176287,59.59312162669522,100.16563741731065,159.75875904400587
0.4840000000000004,9.81,3.93,1,1,0.01,0.01,0.37287323326646377,2.059118652960982,-4.203973220860209,-1.024607759407004,9.498547582921644,-27.488644114182147,0.0,1.015823777190723,1.8273376769210954,0.0,0.05142148684205339,-4.9380589495177025,0.0,-25.819036237911995,-0.2688613574189839,60.051295378279335,99.7070887000811,159.75838407836045
0.4860000000000004,9.81,3.93,1,1,0.01,0.01,0.3644846283251819,2.057014302069876,-4.184459402628019,-1.0798219145217447,10.015510604190423,-27.724996213499573,0.0,1.0159230487314364,1.8174364494484427,0.0,0.04781903277929411,-4.963182167977857,0.0,-26.12758227981454,-0.2517327938400446,60.51086853450653,99.24714151030412,159.75801004481065
0.4880000000000004,9.81,3.93,1,1,0.01,0.01,0.35613608592178536,2.054799052196374,-4.163910226665187,-1.135505725131496,10.533842691940585,-27.958298288851374,0.0,1.0160149345386151,1.807484895412237,0.0,0.044035346363614836,-4.988384763324291,0.0,-26.43552089588656,-0.23336157377266556,60.971847763337905,98.78578919654277,159.75763695988067
0.4900000000000004,9.81,3.93,1,1,0.01,0.01,0.3478296792599507,2.052471970133557,-4.142323329900775,-1.1916530858371788,11.053168400750796,-28.18854635516504,0.0,1.0160990697134358,1.7974828598996164,0.0,0.04006802409050547,-5.013662863204169,0.0,-26.742754568134217,-0.21372185635906046,61.434240074648244,98.32302476057885,159.7572648352271
0.4920000000000004,9.81,3.93,1,1,0.01,0.01,0.33956748551712873,2.0500321348877817,-4.119697102290147,-1.2482578915306484,11.573110308711609,-28.415744728901828,0.0,1.016175084721515,1.787430195914427,0.0,0.03591483504362225,-5.039012424650215,0.0,-27.04918700386903,-0.19278918316528695,61.89805280625592,97.8588408711491,159.756893677405
0.4940000000000004,9.81,3.93,1,1,0.01,0.01,0.3313515843351762,2.0474786376613308,-4.096030689810874,-1.3053140542388413,12.093289977566192,-28.639906267409774,0.0,1.0162426057446245,1.7773267647111608,0.0,0.031573727334932467,-5.064429241470271,0.0,-27.354723359521124,-0.17054055560766151,62.36329360917392,97.39322987846188,159.7565234876358
0.4960000000000004,9.81,3.93,1,1,0.01,0.01,0.3231840563069275,2.04481058180091,-4.071323995520443,-1.3628155204362242,12.613328930175312,-28.8610525978299,0.0,1.016301255044758,1.767172436113537,0.0,0.027042834011428374,-5.089908952217171,0.0,-27.659270467512073,-0.1469545068786169,62.82997043212296,96.92618382945444,159.75615426157742
0.4980000000000004,9.81,3.93,1,1,0.01,0.01,0.31506698146261625,2.042027082711065,-4.045577678644734,-1.4207562888044127,13.132849641667105,-29.079214335332093,0.0,1.0163506513394438,1.7569670888165905,0.0,0.022320478392049647,-5.115447048707942,0.0,-27.962737065480965,-0.1220111678431466,63.29809150535105,96.45769448374628,159.75578598909732
0.5000000000000003,9.81,3.93,1,1,0.01,0.01,0.3070024377601092,2.0391272677316503,-4.018793151673603,-1.479130428417472,13.651476540544301,-29.29443129055048,0.0,1.0163904101871402,1.7467106106711912,0.0,0.017405178800921184,-5.141038885057797,0.0,-28.26503402712686,-0.09569232640626751,63.76766532380808,95.98775333024162,159.7554186540497
0.5020000000000003,9.81,3.93,1,1,0.01,0.01,0.298992499582956,2.0361102759785217,-3.990972575447457,-1.5379320973312494,14.168837015959175,-29.50675266618433,0.0,1.0164201443814629,1.7364028989500184,0.0,0.01229565266597088,-5.166679687191034,0.0,-28.566074593905796,-0.06798147988690943,64.23870062972286,95.51635160433295,159.75505223405582
0.5040000000000003,9.81,3.93,1,1,0.01,0.01,0.2910392362502823,2.032975258146662,-3.9621188522262867,-1.5971555615551212,14.684562427331615,-29.716237242834232,0.0,1.0164394643529513,1.7260438605940656,0.0,0.006990819954905136,-5.19236456278796,0.0,-28.86577460680116,-0.03886387997122232,64.71120639463484,95.04348030565426,159.75468670028908
0.5060000000000003,9.81,3.93,1,1,0.01,0.01,0.28314471054256424,2.0297213762749995,-3.9322356167403196,-1.6567952143847804,15.198289112478063,-29.922953554248878,0.0,1.0164479785770277,1.715633412438851,0.0,0.0014898059238573902,-5.218088511624162,0.0,-29.16405273737234,-0.00832656986079045,65.18519180093357,94.56913021633183,159.7543220172654
0.5080000000000003,9.81,3.93,1,1,0.01,0.01,0.2753109772473145,2.0263478034722193,-3.901327225229087,-1.7168455960751563,15.709659390438516,-30.126980052267648,0.0,1.0164452939867432,1.7051714814195966,0.0,-0.004208056842554486,-5.243846436255809,0.0,-29.460830717277837,0.023641586723447038,65.66066622295926,94.09329191967873,159.753958142638
0.5100000000000003,9.81,3.93,1,1,0.01,0.01,0.2675400817286906,2.0228537236029007,-3.869398742483279,-1.7773014138332344,16.2183225552383,-30.328405261858624,0.0,1.0164310163888834,1.6946580047547246,0.0,-0.010103227117424618,-5.269633153002593,0.0,-29.756033565468442,0.05704988497241793,66.1376392077203,93.61595581927826,159.75359502699854
0.5120000000000003,9.81,3.93,1,1,0.01,0.01,0.2598340585249991,2.0192383309333706,-3.8364559269112286,-1.8381575621114647,16.723935856896762,-30.52732792676663,0.0,1.016404750881963,1.684092930107136,0.0,-0.016195954457872974,-5.295443403177922,0.0,-30.049589812249675,0.09190576709494999,66.61612045528311,93.13711215840067,159.7532326136838
0.5140000000000003,9.81,3.93,1,1,0.01,0.01,0.25219492997801857,2.0155008297366814,-3.802505213659127,-1.899409143183594,17.226165466100234,-30.72385714640649,0.0,1.0163661022746144,1.6734762157228218,0.0,-0.022486279381573104,-5.321271864514455,0.0,-30.341431719424804,0.1282148192859085,67.09611979889027,92.65675103969784,159.7528708385881
0.5160000000000003,9.81,3.93,1,1,0.01,0.01,0.2446247048979989,2.01164043385617,-3.7675536958211246,-1.9610514879861445,17.7246874190878,-30.91811250475681,0.0,1.016314675502875,1.662807830546471,0.0,-0.02897403429964679,-5.34711316273189,0.0,-30.63149549574738,0.16598077768936154,67.5776471848639,92.17486244511926,159.75250962998317
0.5180000000000003,9.81,3.93,1,1,0.01,0.01,0.23712537726811514,2.007656366227081,-3.7316091037822123,-2.023080177210403,18.219188539456503,-31.11022419213338,0.0,1.0162500760448436,1.6520877543138424,0.0,-0.0356588452081808,-5.372961883193034,0.0,-30.91972150693682,0.2052055434349537,68.06071265234922,91.69143625599435,159.75214890834357
0.5200000000000004,9.81,3.93,1,1,0.01,0.01,0.2296989249920624,2.0035478583557658,-3.694679782743182,-2.085491062631658,18.70936733377671,-31.300333120846197,0.0,1.0161719103311986,1.641315977620783,0.0,-0.0425401341366467,-5.398812582593715,0.0,-31.206054479541812,0.24588920677025,68.54532631295305,91.20646227322607,159.75178858617912
0.5220000000000004,9.81,3.93,1,1,0.01,0.01,0.22234730868837305,1.9993141497559976,-3.656774668482994,-2.1482802886645653,19.194934858115143,-31.48859103586973,0.0,1.0160797861500643,1.630492501968877,0.0,-0.04961712234770049,-5.424659800632011,0.0,-31.49044369797384,0.2880300802575129,69.03149833033244,90.71993023754145,159.7514285678739
0.5240000000000004,9.81,3.93,1,1,0.01,0.01,0.21507247053492143,1.9949544873419545,-3.6179032614194404,-2.211444314135902,19.675615552795133,-31.675160621784904,0.0,1.0159733130447344,1.6196173397878186,0.0,-0.056888834278989275,-5.450498071602508,0.0,-31.772843194077105,0.3316247409493594,69.519238899785,90.23182984974682,159.7510687495318
0.5260000000000004,9.81,3.93,1,1,0.01,0.01,0.20787633316695447,1.9904681247774456,-3.5780755990341,-2.2749799342686186,20.151148042973833,-31.86021560737857,0.0,1.0158521027027811,1.6086905144347172,0.0,-0.06435410221393478,-5.476321935861909,0.0,-32.05321192865058,0.3766680814057436,70.00855822789302,89.74215079093615,159.75070901882918
0.5280000000000004,9.81,3.93,1,1,0.01,0.01,0.20076079863184954,1.9858543217809623,-3.5373022267321406,-2.338884302873998,20.621285902888513,-32.0439408694169,0.0,1.0157157693351042,1.5977120601706436,0.0,-0.07201157166487793,-5.502125951113237,0.0,-32.33151396439332,0.4231533693644074,70.49946651226963,89.25088274260332,159.75034925487296
0.5300000000000004,9.81,3.93,1,1,0.01,0.01,0.193727747403656,1.9811123433861355,-3.4955941672115416,-2.4031549547518964,21.08579838191186,-32.226532537239976,0.0,1.0155639300435193,1.5866820221148288,0.0,-0.07985970744869375,-5.527904703457243,0.0,-32.60771862980465,0.4710723158300665,70.99197392145498,88.75801540661105,159.74998932806602
0.5320000000000004,9.81,3.93,1,1,0.01,0.01,0.18677903746032423,1.9762414591571829,-3.452962888419731,-2.4677898283024646,21.54447109086093,-32.40819809995684,0.0,1.0153962051755168,1.5756004561770363,0.0,-0.08789680043170173,-5.55365281816111,0.0,-32.881800673636064,0.5204151513026287,71.48609057500579,88.26353852497152,159.7496290999773
0.5340000000000004,9.81,3.93,1,1,0.01,0.01,0.17991650342636678,1.9712409423589148,-3.409420270178417,-2.532787288356439,21.997106647321605,-32.58915651815447,0.0,1.01521221866489,1.5644674289687164,0.0,-0.09612097491790389,-5.57936497009659,0.0,-33.15374040956115,0.5711707098248773,71.9818265238223,87.76744189939653,159.74926842321884
0.5360000000000004,9.81,3.93,1,1,0.01,0.01,0.1731419557835327,1.966110069080853,-3.364978569559548,-2.5981461492350637,22.443525279079324,-32.76963834216946,0.0,1.0150115983569565,1.5532830176936554,0.0,-0.10453019665179325,-5.605035893801662,0.0,-33.4235238508028,0.6233265204927424,72.4791917307489,87.26971541057756,159.74890714132647
0.5380000000000004,9.81,3.93,1,1,0.01,0.01,0.16645718015190858,1.9608481173149872,-3.3196503850968204,-2.6638656980549245,22.883565385085696,-32.94988583911026,0.0,1.014793976317194,1.5420473100189105,0.0,-0.113122281404686,-5.630660393122464,0.0,-33.691142834533885,0.6768689060396543,72.97819605148702,86.77034903715932,159.74854508864632
0.5400000000000004,9.81,3.93,1,1,0.01,0.01,0.15986393664369009,1.9554543659866603,-3.27344861991794,-2.729945718297507,23.317084053734657,-33.13015313095756,0.0,1.0145589891221392,1.5307604039269154,0.0,-0.12189490411137799,-5.656233350394598,0.0,-33.956595135945804,0.7317830880786129,73.47884921585134,86.26933287437359,159.74818209022493
0.5420000000000004,9.81,3.93,1,1,0.01,0.01,0.15336395929169694,1.9499280939380308,-3.2263864438829595,-2.796386513668082,23.743957538573845,-33.310706346217216,0.0,1.0143062781314964,1.5194224075497154,0.0,-0.13084560852216937,-5.681749735125938,0.0,-34.21988457196104,0.7880532985632095,73.98116080939936,85.76665715230311,159.74781796170248
0.5440000000000004,9.81,3.93,1,1,0.01,0.01,0.14695895555453461,1.9442685788635032,-3.178477254813396,-2.8631889322736184,24.16408169192919,-33.4918237877481,0.0,1.0140354897404529,1.508033438986367,0.0,-0.13997181733385367,-5.707204612145881,0.0,-34.481021094647836,0.8456628970115214,74.48514025545973,85.26231225374953,159.74745250920927
0.5460000000000004,9.81,3.93,1,1,0.01,0.01,0.14065060590013734,1.9384750961964547,-3.1297346388955276,-2.9303543911548333,24.57737235727696,-33.6737961195445,0.0,1.0137462756112847,1.4965936261045905,0.0,-0.14927084276221614,-5.7325931491891415,0.0,-34.740020874478795,0.9045944930251902,74.99079679758184,84.75628873168168,159.74708552926353
0.5480000000000004,9.81,3.93,1,1,0.01,0.01,0.13444056346926225,1.9325469179465105,-3.080172330339248,-2.997884901213193,24.98376572155199,-33.856926575413944,0.0,1.01343829288341,1.4851031063278552,0.0,-0.15873989751767872,-5.757910623885318,0.0,-34.996906373658746,0.9648300736286377,75.49813948242507,84.24857732624614,159.7467168086712
0.5500000000000004,9.81,3.93,1,1,0.01,0.01,0.1283304538203445,1.9264833114865305,-3.0298041703711207,-3.0657830925797454,25.383218628933687,-34.04153119266326,0.0,1.0131112043611121,1.4735620264090938,0.0,-0.16837610614550427,-5.783152430128656,0.0,-35.25170640983079,1.026351134953532,76.00717714310106,83.73916898132329,159.74634612442435
0.5520000000000004,9.81,3.93,1,1,0.01,0.01,0.12232187475696908,1.920283538288375,-2.978644065636841,-3.1340522404790603,25.775708858002925,-34.22793907408709,0.0,1.012764678678259,1.4619705421923153,0.0,-0.17817651669178047,-5.808314083805769,0.0,-35.50445621055257,1.0891388177973835,76.51791838298192,83.22805486061812,159.74597324360002
0.5540000000000004,9.81,3.93,1,1,0.01,0.01,0.1164163962390687,1.9139468526063952,-2.9267059460841853,-3.2026962916483384,26.161235364508432,-34.41649268174635,0.0,1.0123983904393894,1.450328818363426,0.0,-0.18813811265671113,-5.833391227862174,0.0,-35.7551974590162,1.1531740465952987,77.03037155997897,82.71522636327782,159.7455979232568
0.5560000000000004,9.81,3.93,1,1,0.01,0.01,0.11061556037881957,1.9074725001074768,-2.874003722392704,-3.2717198913789263,26.53981849232352,-34.607548166232036,0.0,1.0120120203366376,1.4386370281915868,0.0,-0.19825782519745752,-5.85837963669175,0.0,-36.0039783315659,1.2184376713598466,77.54454477129548,82.20067513903182,159.7452199103273
0.5580000000000004,9.81,3.93,1,1,0.01,0.01,0.10492088152207998,1.9008597164463157,-2.8205512430109096,-3.3411284112550916,26.91150015551132,-34.80147573533472,0.0,1.0116052552420345,1.426895353262479,0.0,-0.20853254554365103,-5.883275219836343,0.0,-36.25085352764584,1.2849106121641394,78.06044583865301,81.68439310285433,159.74483894150734
0.5600000000000004,9.81,3.93,1,1,0.01,0.01,0.09933384641610096,1.8941077257844505,-2.7663622508555554,-3.4109279776729875,27.276343994747645,-34.998660066283094,0.0,1.0111777882747939,1.4151039832048764,0.0,-0.218959137590028,-5.908074024985663,0.0,-36.49588429288686,1.3525740057692233,78.57808229398522,81.16637244915383,159.74445474313904
0.5620000000000004,9.81,3.93,1,1,0.01,0.01,0.09385591446413584,1.887215739251402,-2.711450339720761,-3.4811255012313325,27.634435511678056,-35.19950076598261,0.0,1.0107293188432644,1.4032631154119115,0.0,-0.22953445063234523,-5.932772240270505,0.0,-36.739138436114956,1.4214093540281982,79.09746136559058,80.64660566549594,159.7440670310865
0.5640000000000004,9.81,3.93,1,1,0.01,0.01,0.08848851806748753,1.880182953346075,-2.6558289104372728,-3.5517287070944734,27.985882185107826,-35.40441288397649,0.0,1.01025955266129,1.3913729547584766,0.0,-0.24025533221455342,-5.957366195844993,0.0,-36.980690341135784,1.4913986737343554,79.61858996473043,80.12508554587241,159.74367551060283
0.5660000000000004,9.81,3.93,1,1,0.01,0.01,0.08323306305545965,1.8730085482763723,-2.5995111268140287,-3.622746166438266,28.330813573243184,-35.61382748317404,0.0,1.0097682017387961,1.3794337133161656,0.0,-0.2511186410575156,-5.981852364756065,0.0,-37.2206209742191,1.5625246476212415,80.14147467265713,79.60180520353072,159.74327987618784
0.5680000000000004,9.81,3.93,1,1,0.01,0.01,0.07809092920362183,1.8656916862347332,-2.5425098713854424,-3.6941873290996465,28.669381406518426,-35.82819227374705,0.0,1.0092549843464513,1.3674456100671952,0.0,-0.26212126004207925,-6.006227363100553,0.0,-37.45901788827255,1.6347707762671329,80.66612172804888,79.07675808338381,159.7428798114327
0.5700000000000004,9.81,3.93,1,1,0.01,0.01,0.07306347084076238,1.8582315096070603,-2.4848377009784293,-3.766062557561955,29.00175967586179,-36.04797231598978,0.0,1.0087196249543362,1.3554088706187148,0.0,-0.27326010922209976,-6.030487949472389,0.0,-37.695975224759536,1.7081215307050868,81.19253701482937,78.54993797402237,159.74247498885174
0.5720000000000004,9.81,3.93,1,1,0.01,0.01,0.06815201754488279,1.8506271391122204,-2.42650680210319,-3.8383831624200937,29.32814472157167,-36.273650798377155,0.0,1.0081618541445685,1.3433237269189366,0.0,-0.2845321588460238,-6.054631023704068,0.0,-37.93159371447716,1.7825625055922434,81.7207260503417,78.02133901935699,159.7420650696987
0.5740000000000004,9.81,3.93,1,1,0.01,0.01,0.06335787492859163,1.842877671869007,-2.367528946161076,-3.911161439482555,29.64875532829877,-36.50572989754446,0.0,1.007581408497896,1.3311904169764774,0.0,-0.29593444236902855,-6.078653624908047,0.0,-38.16598067837038,1.8580805728491416,82.25069397384601,77.4909557299194,159.7416497037654
0.5760000000000004,9.81,3.93,1,1,0.01,0.01,0.058682325514279675,1.8349821793871186,-2.307915444451563,-3.9844107086813354,29.96383283196279,-36.744731727458,0.0,1.0069780304542855,1.3190091845843146,0.0,-0.3074640694411915,-6.102552928824816,0.0,-38.39925002961686,1.9346640357397733,82.78244553530376,76.95878299385771,159.74122852916148
0.5780000000000004,9.81,3.93,1,1,0.01,0.01,0.0541266296995058,1.8269397054783572,-2.2476771029483458,-4.058145354975885,30.273641244776904,-36.99119938565672,0.0,1.006351468147568,1.3067802790497345,0.0,-0.31911823886094376,-6.126326244485261,0.0,-38.631522278274566,2.012302783427118,83.31598508440918,76.42481608766259,159.74080117207177
0.5800000000000004,9.81,3.93,1,1,0.01,0.01,0.04969202681309616,1.8187492640838563,-2.186824176801862,-4.13238087145368,30.5784674049137,-37.245698105127246,0.0,1.0057014752142186,1.2945039549316284,0.0,-0.33089425148709173,-6.1499710101953555,0.0,-38.862924539840115,2.0909884461067136,83.85131655982445,75.88905068666574,159.7403672464902
0.5820000000000004,9.81,3.93,1,1,0.01,0.01,0.045379736262557424,1.8104098370127302,-2.1253663245121186,-4.207133904847878,30.87862115773023,-37.508816521141746,0.0,1.0050278105763577,1.2821804717864982,0.0,-0.3427895231068068,-6.173484788851337,0.0,-39.0935905491232,2.1707145508914634,84.38844347857156,75.35148287535611,159.73992635392767
0.5840000000000004,9.81,3.93,1,1,0.01,0.01,0.04119095877353151,1.8019203715870713,-2.063312561701438,-4.282422303712011,31.174435575879805,-37.78116806324687,0.0,1.0043302381990584,1.269810093924487,0.0,-0.3548015972615026,-6.1968652625932314,0.0,-39.32366068089911,2.2514766786963754,84.92736892552902,74.81210915756161,159.73947808309063
0.5860000000000004,9.81,3.93,1,1,0.01,0.01,0.03712687772217481,1.7932797781877257,-2.0006712144016627,-4.358265169513007,31.46626722608236,-38.063392483557024,0.0,1.0036085268220383,1.25739309017676,0.0,-0.3669281580370846,-6.220110226803877,0.0,-39.55328197886043,2.3332726224503095,85.4680955429781,74.2709264665497,159.7390220095278
0.5880000000000004,9.81,3.93,1,1,0.01,0.01,0.03318866056153172,1.78448692769473,-1.9374498717543243,-4.434682910927194,31.754496490812762,-38.356157533591116,0.0,1.0028624496658012,1.244929733675538,0.0,-0.3791670428298682,-6.243217583459559,0.0,-39.78260819445034,2.4161025470443986,86.01062552014024,73.72793217510265,159.7385576952429
0.5900000000000004,9.81,3.93,1,1,0.01,0.01,0.029377460343192188,1.7755406488156957,-1.8736553380052388,-4.511697301649607,32.03952795370196,-38.66016080311214,0.0,1.002091784112257,1.2324203016480677,0.0,-0.3915162551046807,-6.266185333836749,0.0,-40.01179983722421,2.4999691515150797,86.55496058264134,73.18312410562797,159.7380846882693
0.5920000000000004,9.81,3.93,1,1,0.01,0.01,0.025694417335777982,1.7664397252947825,-1.8092935836568202,-4.589331542055207,32.321790858043165,-38.97613173580417,0.0,1.0012963113598154,1.2198650752258264,0.0,-0.4039739771667621,-6.289011570577431,0.0,-40.241024238455644,2.5848778340505443,87.10110198183519,72.63650054036879,159.73760252220399
0.5940000000000004,9.81,3.93,1,1,0.01,0.01,0.022140660742095024,1.7571828929941922,-1.7443696956219592,-4.667610325081778,32.60173964846181,-39.30483383817099,0.0,1.0004758160529017,1.2072643392702274,0.0,-0.41653858297489454,-6.311694469113074,0.0,-40.47045562977814,2.6708368605087065,87.64905048391347,72.0880602317826,159.73711071569608
0.5960000000000004,9.81,3.93,1,1,0.01,0.01,0.018717310517122093,1.7477688368393405,-1.6788878262024622,-4.746559906738781,32.879854606559526,-39.6470670997889,0.0,0.9996300858857795,1.1946183822161274,0.0,-0.42920865102884764,-6.334232278444203,0.0,-40.70027523873545,2.757857537237507,88.19880635872578,71.53780241316264,159.73660877188843
0.5980000000000004,9.81,3.93,1,1,0.01,0.01,0.015425479289382335,1.7381961876180207,-1.6128511406926005,-4.8262081816846205,33.15664259218915,-40.003670645020364,0.0,0.9987589111804921,1.1819274959344168,0.0,-0.4419829773705824,-6.356623311268968,0.0,-40.93067140320449,2.8459543891006263,88.75036936822544,70.98572680957972,159.73609617780517
0.6000000000000004,9.81,3.93,1,1,0.01,0.01,0.012266274388666851,1.728463518622944,-1.5462617633840572,-4.906584764357178,33.43263790297865,-40.375525638526035,0.0,0.99786208443865,1.1691919756150142,0.0,-0.4548605887450965,-6.378865933449973,0.0,-41.16183970675587,2.9351453437304165,89.30373875445416,70.43183364922876,159.7355724036829
0.6020000000000004,9.81,3.93,1,1,0.01,0.01,0.009240799983553016,1.7185693421260253,-1.4791207217222613,-4.98772107618964,33.708403265815306,-40.76355846943899,0.0,0.9969393998666981,1.1564121196715946,0.0,-0.4678407559738665,-6.400958552803802,0.0,-41.39398313713003,3.0254519231594816,89.85891322697093,69.8761236752693,159.7350369022402
0.6040000000000004,9.81,3.93,1,1,0.01,0.01,0.006350159332688421,1.7085121056716712,-1.4114278883354574,-5.0696504394961295,33.98453097524439,-41.16874424192292,0.0,0.9959906528741714,1.143588229669435,0.0,-0.4809230076011897,-6.422899607192139,0.0,-41.62731227013443,3.116899444121746,90.41589094962329,69.31859815825587,159.73448910787914
0.6060000000000004,9.81,3.93,1,1,0.01,0.01,0.003595457154399464,1.698290188175096,-1.3431819206265592,-5.15240817867032,34.26164419515872,-41.59211060308166,0.0,0.9950156395443341,1.130720610277792,0.0,-0.49410714388185023,-6.444687551887171,0.0,-41.86204548141044,3.2095172284674875,90.9746695265542,68.75925890926095,159.73392843581513
0.6080000000000004,9.81,3.93,1,1,0.01,0.01,0.0009778021198372966,1.6879018958103411,-1.2743801975834979,-5.236031729405706,34.54039844177911,-42.03474194286886,0.0,0.9940141560764364,1.1178095692483019,0.0,-0.5073932511870693,-6.4663208461767665,0.0,-42.09840918868122,3.3033388253040354,91.53524598732598,68.19810829380047,159.73335428112645
0.6100000000000004,9.81,3.93,1,1,0.01,0.01,-0.0015016905244003586,1.6773454576711895,-1.2050187534259587,-5.320560756719629,34.82148326778632,-42.49778400483575,0.0,0.9929859981986748,1.1048554174209537,0.0,-0.5207817169152195,-6.48779793916698,0.0,-42.33663812727559,3.39840224665996,92.09761677103839,67.63514924668,159.7327660177184
0.6120000000000004,9.81,3.93,1,1,0.01,0.01,-0.003841896197427727,1.6666190211865135,-1.1350922076645924,-5.406037282645473,35.10562416959647,-42.98244895132104,0.0,0.9919309605507466,1.0918584687593107,0.0,-0.5342732450038543,-6.509117254730165,0.0,-42.57697566193095,3.49475021867508,92.66177770930365,67.07038528789045,159.7321629971941
0.6140000000000004,9.81,3.93,1,1,0.01,0.01,-0.00604167808137265,1.6557206472697823,-1.0645936911024185,-5.4925058245499905,35.39358474221968,-43.49002093212596,0.0,0.990848836034694,1.07881904041672,0.0,-0.5478688721511099,-6.530277175536891,0.0,-42.819674138115126,3.5924304505495113,93.22772400793349,66.50382053968971,159.7315445476232
0.6160000000000004,9.81,3.93,1,1,0.01,0.01,-0.008099884066192952,1.644648305180434,-0.9935147672565081,-5.580013545136856,35.68616910895171,-44.02186221192306,0.0,0.9897394151324966,1.0657374528354433,0.0,-0.5615699848667163,-6.551276026098018,0.0,-43.06499527637408,3.691495923740333,93.7954502271787,65.93545974502143,159.73090997220015
0.6180000000000004,9.81,3.93,1,1,0.01,0.01,-0.010015343532278669,1.633399867072583,-0.9218453486203818,-5.668610415314985,35.98422465638303,-44.57941991875129,0.0,0.9886024851886261,1.0526140298807458,0.0,-0.5753783374868604,-6.572112054730296,0.0,-43.31321061351763,3.7920052041849632,94.36495026034886,65.36530828743209,159.73025854778095
0.6200000000000004,9.81,3.93,1,1,0.01,0.01,-0.011786863959888799,1.6219731022040451,-0.8495736071229519,-5.7583493912428265,36.28864510893181,-45.164233484083255,0.0,0.9874378296554869,1.039449099012214,0.0,-0.5892960713024029,-6.592783414343826,0.0,-43.56460199479912,3.8940227806563104,94.93621731062473,64.79337221266448,159.7295895232892
0.6220000000000004,9.81,3.93,1,1,0.01,0.01,-0.013413227353111724,1.6103656707758953,-0.7766858780672375,-5.849286607009892,36.600373981400864,-45.777942854289705,0.0,0.9862452272993512,1.0262429914947644,0.0,-0.6033257349672531,-6.613288141932843,0.0,-43.81946212163681,3.997619432725861,95.50924386585591,64.21965825212074,159.72890211797665
0.6240000000000004,9.81,3.93,1,1,0.01,0.01,-0.014893186464524736,1.5985751173696792,-0.7031665567502465,-5.941481584586961,36.92040845301307,-46.422297564061374,0.0,0.9850244513640476,1.0129960426520646,0.0,-0.6174703063731417,-6.633624136631983,0.0,-44.07809515986846,4.102872632233128,96.08402167111959,63.644173848406986,159.72819551952657
0.6260000000000004,9.81,3.93,1,1,0.01,0.01,-0.01622546080504028,1.586598863945953,-0.6289979868729207,-6.034997462869547,37.249803712108054,-47.09916677471433,0.0,0.9837752686892663,0.999708592165407,0.0,-0.6317332161988736,-6.653789136178241,0.0,-44.34081741403395,4.209866982641381,96.66054169879037,63.06692718319329,159.72746888198367
0.6280000000000004,9.81,3.93,1,1,0.01,0.01,-0.017408732421541742,1.5744342023639608,-0.5541603397442089,-6.1299012478590305,37.5896778273156,-47.810550394580595,0.0,0.9824974387799026,0.986380984421384,0.0,-0.6461183733671899,-6.673780691593684,0.0,-44.60795807375216,4.318694701213191,97.23879411584838,62.487927207645555,159.72672132349393
0.6300000000000004,9.81,3.93,1,1,0.01,0.01,-0.01844164142280309,1.5620782863779212,-0.47863148316420506,-6.226264086276324,37.9412172087083,-48.558591415188545,0.0,0.981190712822368,0.9730135689121435,0.0,-0.6606301926705637,-6.693596139875167,0.0,-44.8798600389063,4.429456149573365,97.81876824812112,61.9071836757142,159.7259519238353
0.6320000000000005,9.81,3.93,1,1,0.01,0.01,-0.019322781231823943,1.54952812306053,-0.40238683873558023,-6.324161565189035,38.30568273137015,-49.34558961607087,0.0,0.9798548326432437,0.9596067006924427,0.0,-0.6752736248597884,-6.713232574444124,0.0,-45.156880831087534,4.542260418959923,98.4004525411229,61.324707180594565,159.72515972171746
0.6340000000000005,9.81,3.93,1,1,0.01,0.01,-0.02005069354005844,1.5367805635988,-0.32539922619753564,-6.423674040560379,38.684416604207954,-50.174016813250944,0.0,0.978489529605028,0.9461607408982609,0.0,-0.6900541895262956,-6.732686813071333,0.0,-45.43939359958226,4.657225977309673,98.98383451711763,60.740509194710164,159.7243437118278
0.6360000000000005,9.81,3.93,1,1,0.01,0.01,-0.020623862936031422,1.5238322934011819,-0.24763869319905563,-6.52488699800342,39.07885007894871,-51.04653385231741,0.0,0.9770945234330217,0.9326760573323358,0.0,-0.7049780111518906,-6.751955362947213,0.0,-45.727788231136756,4.774481386306174,99.56890072798531,60.15460211360953,159.72350284159484
0.6380000000000005,9.81,3.93,1,1,0.01,0.01,-0.02104071117746996,1.5106798214479122,-0.16907232872457031,-6.627891449455394,39.49051210841857,-51.96600957716285,0.0,0.9756695209666064,0.919153025122708,0.0,-0.7200518587489313,-6.771034382516935,0.0,-46.0224725738112,4.894166097658504,100.15563670342605,59.56699930421473,159.7226360076408
0.6400000000000005,9.81,3.93,1,1,0.01,0.01,-0.021299591072275796,1.4973194688086313,-0.08966405815082432,-6.732784369983354,39.921039079767034,-52.93554204073722,0.0,0.9742142148272637,0.9055920274611593,0.0,-0.7352831895709968,-6.7899196396397965,0.0,-46.32387378646132,5.016431339208089,100.74402689397513,58.977715157911675,159.7217420518868
0.6420000000000005,9.81,3.93,1,1,0.01,0.01,-0.021398779929358003,1.4837473562423225,-0.009374417643512004,-6.839669179505317,40.37218576773749,-53.95848226551527,0.0,0.9727282819946618,0.891993456429407,0.0,-0.7506801974402871,-6.808606465562429,0.0,-46.632439826779894,5.141441103013984,101.33405460823839,58.38676514903506,159.72081975727343
0.6440000000000005,9.81,3.93,1,1,0.01,0.01,-0.02133647253545752,1.469959390784417,0.07183969471019012,-6.948656274873743,40.845837675942754,-55.03846090996571,0.0,0.9712113822809665,0.8783577139219824,0.0,-0.7662518663151545,-6.827089704113634,0.0,-46.94864109241941,5.269373249387723,101.92570194368137,57.7941658993697,159.71986784305108
0.6460000000000005,9.81,3.93,1,1,0.01,0.01,-0.02111077360853439,1.4559512512142605,0.15402529399917236,-7.0598636185363866,41.3440249610527,-56.17941825455997,0.0,0.9696631566922023,0.8646852126760307,0.0,-0.7820080298109711,-6.8453636554323065,0.0,-47.27297223152495,5.400420742986654,102.51894971021672,57.19993524937334,159.71888495959007
0.6480000000000005,9.81,3.93,1,1,0.01,0.01,-0.020719689671946373,1.4417183722828388,0.23723361320275033,-7.173417390882356,41.868938166643105,-57.385637988477875,0.0,0.9680832256639554,0.8509763774197318,0.0,-0.7979594374929737,-6.8634220134264705,0.0,-47.60595414106949,5.534793039596193,103.11377734573419,56.604092336918946,159.71786968265314
0.6500000000000005,9.81,3.93,1,1,0.01,0.01,-0.02016112028639664,1.4272559275654344,0.32152044139870506,-7.2894527144213095,42.422946031192204,-58.66178535827435,0.0,0.9664711871569582,0.8372316461527951,0.0,-0.8141178288832496,-6.881257796027044,0.0,-47.948136173735065,5.672717645209724,103.71016282259797,56.00665768446593,159.7168205070639
0.6520000000000005,9.81,3.93,1,1,0.01,0.01,-0.01943284856831693,1.4125588107864007,0.40694649991436255,-7.408114459158595,43.00861567954514,-60.01295033491923,0.0,0.9648266145960689,0.8234514715744885,0.0,-0.8304960162696319,-6.898863267140486,0.0,-48.30009857676882,5.814441872546852,104.30808254400033,55.40765329569567,159.71573583969598
0.6540000000000005,9.81,3.93,1,1,0.01,0.01,-0.018532530913801245,1.3976216154431338,0.4935778615405324,-7.529558139951931,43.62873556058606,-61.44469656897202,0.0,0.9631490546338106,0.8096363226770572,0.0,-0.8471079775762194,-6.916229849014201,0.0,-48.662455189306165,5.960234824350458,104.90751122889777,54.80710276279788,159.71461399169567
0.6560000000000005,9.81,3.93,1,1,0.01,0.01,-0.017457685836199326,1.382438612533125,0.5814864187155045,-7.653950918306071,44.28634155769997,-62.963117039095614,0.0,0.9614380247169275,0.7957866865251562,0.0,-0.8639689607589761,-6.933348023501322,0.0,-49.03585642815517,6.110389637813845,105.50842178407008,54.205031385766894,159.71345316983698
0.6580000000000005,9.81,3.93,1,1,0.01,0.01,-0.0162056818127631,1.3670037261611483,0.6707504075136098,-7.781472723029587,44.98474677512234,-64.57489746143472,0.0,0.9596930104312453,0.7819030702452379,0.0,-0.8810956014319593,-6.950207220438457,0.0,-49.420992596032946,6.265226030486473,106.11078516162114,53.601466305273874,159.712251466895
0.6600000000000005,9.81,3.93,1,1,0.01,0.01,-0.014773724021005484,1.3513105067725344,0.7614549953681515,-7.912317506501982,45.72757559527879,-66.28738872255163,0.0,0.9579134625964378,0.7679860032526967,0.0,-0.8985060557186931,-6.966795691021107,0.0,-49.818597550810416,6.4250931952125185,106.71457019997895,52.99643665092081,159.71100685089976
0.6620000000000005,9.81,3.93,1,1,0.01,0.01,-0.013158839828310877,1.3353521017223036,0.8536929417561323,-8.046694656052575,46.5188027131933,-68.10868983402119,0.0,0.9560987940779719,0.7540360397492083,0.0,-0.9162201506687653,-6.983100363663763,0.0,-50.22945277953208,6.5903731003412,107.31974344614791,52.38997370696805,159.70971715311595
0.6640000000000005,9.81,3.93,1,1,0.01,0.01,-0.011357862878384372,1.3191212228477607,0.9475653426142722,-8.184830583224384,47.36279798835027,-70.0477431916905,0.0,0.9542483762784293,0.7400537615281754,0.0,-0.9342595549950423,-6.999106679348572,0.0,-50.65439192691689,6.761484261958764,107.92626895659984,51.782111097964695,159.70838005456454
0.6660000000000005,9.81,3.93,1,1,0.01,0.01,-0.009367415594803793,1.302610110662814,1.0431824710942492,-8.326970517596735,48.2643781174897,-72.11444426859158,0.0,0.952361535264397,0.7260397811327693,0.0,-0.9526479733874029,-7.014798402877549,0.0,-51.0943058348073,6.938886067659243,108.5341080737571,51.17288499711361,159.7069930708707
0.6680000000000005,9.81,3.93,1,1,0.01,0.01,-0.0071838898945900485,1.2858104947344153,1.1406647294640568,-8.473380536505575,49.22886633056341,-74.31976829213596,0.0,0.9504375474780349,0.7119947454188916,0.0,-0.9714113682648455,-7.030157405722073,0.0,-51.55014815670933,7.123083746945084,109.14321917450573,50.56233436068153,159.70555353518728
0.6700000000000005,9.81,3.93,1,1,0.01,0.01,-0.004803425872539431,1.2687135497334068,1.2401437296014906,-8.624349867599658,50.262161555143905,-76.67591697191241,0.0,0.9484756349739782,0.6979193395848726,0.0,-0.9905782135639527,-7.045163415276299,0.0,-52.02294162024878,7.3146341024237,109.75355738655288,49.95050119234075,159.70405857889364
0.6720000000000005,9.81,3.93,1,1,0.01,0.01,-0.0022218881790905783,1.2513098465716574,1.3417635227042022,-8.780193507914092,51.37081879293196,-79.19648897746502,0.0,0.9464749601121808,0.6838142917411434,0.0,-1.010179786060134,-7.059793724224862,0.0,-52.51378502013892,7.5141521394346835,110.36507426769867,49.337430842019565,159.70250510971823
0.6740000000000005,9.81,3.93,1,1,0.01,0.01,0.0005651602304692699,1.2335892979421152,1.4456820026824653,-8.941255211293596,52.5621428196183,-81.8966786455019,0.0,0.9444346196252456,0.6696803781070078,0.0,-1.030250500819143,-7.074022852374476,0.0,-53.023861035172345,7.722318760747922,110.97771744219068,48.72317234467431,159.700889786865
0.6760000000000005,9.81,3.93,1,1,0.01,0.01,0.003562487351095203,1.2155410974651681,1.5520725123613193,-9.107910905886282,53.84429777401173,-84.79350836090016,0.0,0.9423536379642812,0.6555184289385686,0.0,-1.0508282987318827,-7.087822151600665,0.0,-53.55444497481667,7.939889728992101,111.59143018723161,48.10777880540925,159.69920899264085
0.6780000000000005,9.81,3.93,1,1,0.01,0.01,0.006775224826749688,1.1971536515096275,1.6611256872940674,-9.280572615471025,55.226435766882204,-87.9061012541238,0.0,0.9402309598098127,0.6413293353125982,0.0,-1.0719550957625572,-7.101159342431048,0.0,-54.10691457413904,8.16770614442819,112.20615096137917,47.49130783860557,159.69745879998473
0.6800000000000005,9.81,3.93,1,1,0.01,0.01,0.010208904608525764,1.1784145025948922,1.7730515789269505,-9.459692973103804,56.71884834367888,-91.25600235156054,0.0,0.9380654416129924,0.6271140569166692,0.0,-1.0936773056247306,-7.1139979681004615,0.0,-54.68276096978623,8.406706742077668,112.82181286493879,46.873822070233416,159.69563493517222
0.6820000000000005,9.81,3.93,1,1,0.01,0.01,0.01386950017951325,1.1593102430864382,1.8880821073697083,-9.645770433638807,58.333145515977705,-94.86755818518695,0.0,0.9358558420064318,0.6128736310274503,0.0,-1.1160464502048038,-7.126296748506784,0.0,-55.28360100415665,8.657942383350221,113.43834302043842,46.255389714381735,159.69373273482017
0.6840000000000005,9.81,3.93,1,1,0.01,0.01,0.0177634730644258,1.139826417662177,2.0064739045193245,-9.839355313949962,60.08246818307133,-98.76836721787109,0.0,0.9336008108921777,0.5986091828983626,0.0,-1.1391198753247984,-7.138008812150327,0.0,-55.911191018897114,8.922593207547552,114.0556618587805,45.636085237343714,159.6917470961242
0.6860000000000005,9.81,3.93,1,1,0.01,0.01,0.02189782547601825,1.11994741274301,2.128511621266744,-10.041056817236663,61.98174116090559,-102.9898164053668,0.0,0.9312988769752194,0.5843219378269561,0.0,-1.162961593570531,-7.14908077856118,0.0,-56.56744231104013,9.20198902375479,114.67368229357066,45.01599012545874,159.68967241902942
0.6880000000000005,9.81,3.93,1,1,0.01,0.01,0.026280160113323188,1.099656330735141,2.2545117886457806,-10.251551232040638,64.04797580291816,-107.56772297092155,0.0,0.9289484334623835,0.5700132352342286,0.0,-1.1876432811646316,-7.159451656510863,0.0,-57.25443843313934,9.49763367144664,115.2923087622361,44.39519377649485,159.68750253873094
0.6900000000000005,9.81,3.93,1,1,0.01,0.01,0.03091874832582674,1.078934846509329,2.38482734290505,-10.471591539326981,66.30063344330254,-112.5431052414634,0.0,0.9265477215861044,0.5556845451664587,0.0,-1.2132454625802294,-7.169051513928973,0.0,-57.9744545189092,9.811234269131704,115.91143610767038,43.773794538863356,159.68523064653374
0.6920000000000005,9.81,3.93,1,1,0.01,0.01,0.03582260810191361,1.0577630430240534,2.5198529496875235,-10.70201871451068,68.7620637569903,-117.9631124822706,0.0,0.9240948115368564,0.5413374877299801,0.0,-1.2398589252327161,-7.177799863161761,0.0,-58.729978802111155,10.14473651880989,116.53094826795049,43.15190092866727,159.68284919661775
0.6940000000000005,9.81,3.93,1,1,0.01,0.01,0.04100159364075303,1.0361192223610742,2.6600312941961293,-10.943775078637799,71.45803579281163,-123.88215145519261,0.0,0.9215875802926496,0.5269738560974941,0.0,-1.2675864177791265,-7.18560368899653,0.0,-59.52373645921501,10.500367559472508,117.15071673378868,42.5296330618635,159.68034979565218
0.6960000000000005,9.81,3.93,1,1,0.01,0.01,0.04646649863899151,1.0139796876517777,2.8058605442271474,-11.197920137933886,74.4183841300791,-130.36325741206736,0.0,0.9190236857129657,0.5125956438901615,0.0,-1.2965447001507167,-7.192355025307343,0.0,-60.35871583059822,10.880688292319272,117.77059872326092,41.90712434816165,159.67772307142258
0.6980000000000005,9.81,3.93,1,1,0.01,0.01,0.052229175886033485,0.9913184903908676,2.9579032436145365,-11.465649458618262,77.67779863271178,-137.47977005851337,0.0,0.9164005361099131,0.49820507795552604,0.0,-1.326867032615703,-7.197927957248843,0.0,-61.23819693684505,11.288657671336919,118.39043501026234,41.2845235053651,159.67495851562745
0.7000000000000005,9.81,3.93,1,1,0.01,0.01,0.058302676338538355,0.9681071364088404,3.1167969579684898,-11.748317260698157,81.27679400498836,-145.31739148991488,0.0,0.9137152543105632,0.48380465784461446,0.0,-1.3587062165378339,-7.202174886788274,0.0,-62.1657819682216,11.727712218027582,119.01004732610866,40.66199696860323,159.6720442947119
0.7020000000000005,9.81,3.93,1,1,0.01,0.01,0.06470141156710157,0.9443142422401124,3.2832670764667014,-12.047463588642051,85.26290525001293,-153.9767242024961,0.0,0.9109646349668064,0.46939720366669424,0.0,-1.3922383333242014,-7.2049218459388795,0.0,-63.145427026413365,12.201865052825239,119.62923523132756,40.039731789585936,159.6689670209135
0.7040000000000005,9.81,3.93,1,1,0.01,0.01,0.07144134437566596,0.9199051316948915,3.4581422777240336,-12.364847138785525,89.69216773351056,-163.57641418006187,0.0,0.9081450935327212,0.4549859145012505,0.0,-1.4276673735199525,-7.205962568429198,0.0,-64.1814737417927,12.715830144196689,120.24777232510606,39.41793914840988,159.66571147351593
0.7060000000000005,9.81,3.93,1,1,0.01,0.01,0.07854021353759395,0.8948413600119599,3.642373300398145,-12.702485105866986,94.63095642897075,-174.25705799055416,0.0,0.9052526048868403,0.4405744402224073,0.0,-1.4652310096061334,-7.2050509280653925,0.0,-65.27867832170544,13.275179412055696,120.86540162038673,38.79685863707029,159.66226025745704
0.7080000000000005,9.81,3.93,1,1,0.01,0.01,0.08601780003512875,0.8690801499004717,3.8370558272180135,-13.062701769389058,100.15827852791185,-186.18607483649066,0.0,0.9022826289894845,0.42616697051095054,0.0,-1.505207850198552,-7.201891207934711,0.0,-66.44223385366973,13.886543005687999,121.48182985952386,38.176763523240254,159.6585933827641
0.7100000000000005,9.81,3.93,1,1,0.01,0.01,0.09389624400956607,0.8425737199036836,4.0434585021507345,-13.448187991079818,106.36863697433566,-199.56379475977215,0.0,0.8992300201797045,0.411768346094711,0.0,-1.5479266292186495,-7.1961254597606565,0.0,-67.67777887936343,14.55786682980128,122.09672047336973,37.55796727019368,159.65468774356341
0.7120000000000005,9.81,3.93,1,1,0.01,0.01,0.10220042392089214,0.815268480636126,4.26305736112406,-13.86207435241007,113.3756085013139,-214.63107049026246,0.0,0.8960889156563246,0.39738419901791366,0.0,-1.5937779444456988,-7.187316918322013,0.0,-68.99138068807882,15.298746687684398,122.70968478808143,36.940831681381496,159.65051646946293
0.7140000000000005,9.81,3.93,1,1,0.01,0.01,0.11095841228059637,0.7871040683357832,4.497578269148278,-14.308021331376183,121.31630455394645,-231.67877486406002,0.0,0.8928525972450491,0.3830211312149633,0.0,-1.6432293847687722,-7.174928007910127,0.0,-70.38947430995157,16.120865942769168,123.32027094788477,36.325777166994584,159.64604811487936
0.7160000000000005,9.81,3.93,1,1,0.01,0.01,0.12020202585560721,0.7580121776237981,4.74904930984653,-14.79033067919343,130.35689713651539,-251.05957775575675,0.0,0.8895133185742382,0.3686869441850631,0.0,-1.6968452019812252,-7.158290848600949,0.0,-71.87872588793029,17.03857439255853,123.92794983274612,35.71329581092164,159.64124564366776
0.7180000000000005,9.81,3.93,1,1,0.01,0.01,0.12996749249157952,0.7279151462643367,5.019865424891318,-15.314082923509845,140.69937101207253,-273.2023579779426,0.0,0.8860620870450384,0.35439093763311347,0.0,-1.7553121304921304,-7.136567234535339,0.0,-73.46576866751857,18.0696616006057,124.53209698476724,35.10396817378623,159.63606515855346
0.7200000000000005,9.81,3.93,1,1,0.01,0.01,0.14029626157045189,0.6967242342563852,5.312867837317266,-15.885306460701127,152.58955755442202,-298.62938957461756,0.0,0.8824883861720313,0.3401443023280526,0.0,-1.8194735921084169,-7.108693650348464,0.0,-75.15672554449482,19.23640040260354,125.13196918367669,34.4984851371772,159.6304543208539
0.7220000000000005,9.81,3.93,1,1,0.01,0.01,0.15123599013887973,0.6643375287087399,5.631440645745398,-16.511183446998473,166.32620276882602,-327.9758157780871,0.0,0.8787798185441449,0.32596064331719043,0.0,-1.8903754172586749,-7.073304759034645,0.0,-76.95637395317438,20.56696869120921,125.72667378460227,33.89767662992638,159.62435041452864
0.7240000000000005,9.81,3.93,1,1,0.01,0.01,0.16284174063111106,0.6306373973186027,5.979625843854346,-17.200295398266064,182.27008403236636,-362.0093875834983,0.0,0.874921642201733,0.31185668585870174,0.0,-1.9693274590410659,-7.028625537432882,0.0,-78.86670924360925,22.097403722886934,126.3151281887058,33.30254986077631,159.6176780494821
0.7260000000000005,9.81,3.93,1,1,0.01,0.01,0.17517742574330555,0.5954874133886028,6.362254583865215,-17.962904303387834,200.8505071860118,-401.64492743093285,0.0,0.8708961628541768,0.2978532408255642,0.0,-2.05798715542614,-6.972317252312688,0.0,-80.88449045178838,23.87430697703191,126.89600578218476,32.71434083399008,159.61034661617484
0.7280000000000005,9.81,3.93,1,1,0.01,0.01,0.18831752431043455,0.5587286989863822,6.785083922431865,-18.81124718621925,222.56280158144273,-447.94019975067005,0.0,0.8666819301885361,0.2839765431947321,0.0,-2.158473199217588,-6.901254900894571,0.0,-82.99705282496724,25.95859980675636,127.46766327161068,32.13458461935736,159.60224789096804
0.7300000000000005,9.81,3.93,1,1,0.01,0.01,0.2023490533886335,0.5201757127605741,7.254908482985797,-19.759780650578435,247.94238796037715,-502.0429974238123,0.0,0.8622526679671545,0.27026013283193295,0.0,-2.2735196505344484,-6.811202528762774,0.0,-85.17515086499276,28.430718131057024,128.02804252654477,31.56521231693457,159.59325484347934
0.7320000000000005,9.81,3.93,1,1,0.01,0.01,0.2173736824351705,0.47961171582762036,7.779572580345429,-20.82521998026991,277.48385857989626,-565.02325965464,0.0,0.8575758457180173,0.25674752932095135,0.0,-2.4066816668962816,-6.69633727897689,0.0,-87.36070332734585,31.397672241684266,128.5745379409725,31.008686146842038,159.58322408781453
0.7340000000000005,9.81,3.93,1,1,0.01,0.01,0.23350964389169354,0.4367846334787643,8.367713805446913,-22.02601892791268,311.4378904786789,-637.4491401667799,0.0,0.8526107809771377,0.24349606969983517,0.0,-2.56259921012292,-6.54855494689784,0.0,-89.44584518446395,35.00220339863938,129.1038184978522,30.468188666721673,159.57200716457385
0.7360000000000005,9.81,3.93,1,1,0.01,0.01,0.25089258271938086,0.391405103244236,9.02787187394725,-23.38052192981158,349.34848292803144,-718.4179092755594,0.0,0.8473061669706291,0.23058242545424334,0.0,-2.74730270533159,-6.356480794489869,0.0,-91.23753637550696,39.43331831184047,129.6115935457112,29.947886956007217,159.5594805017184
0.7380000000000005,9.81,3.93,1,1,0.01,0.01,0.2696734076707272,0.3431507670298003,9.766208248622277,-24.90220358404505,389.0702616571116,-803.4938716287976,0.0,0.8415970132184356,0.21811043872030944,0.0,-2.9684744790380826,-6.1041520106850164,0.0,-92.39977879031348,44.934396248272506,130.09231489041926,29.453293938034143,159.5456088284534
0.7400000000000005,9.81,3.93,1,1,0.01,0.01,0.29000907483566984,0.2916853479272541,10.581410219593462,-26.588994999185008,424.8600271095941,-880.6977095793844,0.0,0.8354013228651318,0.20622180121287814,0.0,-3.235393918626097,-5.769560816904905,0.0,-92.36705819791271,51.79663198961219,130.53881428291612,28.991734609410276,159.5305488923264
0.7420000000000005,9.81,3.93,1,1,0.01,0.01,0.31203855167676703,0.23670880430856905,11.454563206917308,-28.402027776847653,444.2563971858037,-923.9395486244943,0.0,0.8286177533948984,0.19510909071254967,0.0,-3.5578761175556908,-5.323968503141079,0.0,-90.2415587187282,60.30619572353519,130.9418649257572,28.572862004732812,159.51472693048999
0.7440000000000005,9.81,3.93,1,1,0.01,0.01,0.33583180856104383,0.17806414224187098,12.332302448280023,-30.23021783804607,424.9504055895246,-886.4135113460433,0.0,0.8211275489175223,0.18502724568413675,0.0,-3.9428243266180107,-4.734650979762978,0.0,-84.7566415324367,70.5818759407823,131.28957042295005,28.20898769124814,159.4985581141982
0.7460000000000006,9.81,3.93,1,1,0.01,0.01,0.36130127352555425,0.11592320502052897,13.108146831629297,-31.85094658787285,337.72417663221756,-706.7211140363981,0.0,0.8128071688170642,0.176291581894079,0.0,-4.386784614564372,-3.9763148070550094,0.0,-74.54180154144687,82.23665479497488,131.56643596324852,27.914623611790404,159.48105957503893
0.7480000000000006,9.81,3.93,1,1,0.01,0.01,0.38809164443847005,0.05101823805414267,13.625304541580336,-32.93575713412653,166.72550077025033,-351.4311504229901,0.0,0.8035587715355128,0.16924024812562233,0.0,-4.86598799048934,-3.055047074989221,0.0,-59.00122581393175,93.97539520262694,131.75344678561203,27.70426395372428,159.4577107393363
0.7500000000000006,9.81,3.93,1,1,0.01,0.01,0.4155283512899693,-0.01524933808121176,13.736543964172451,-33.17593141443811,-58.203667914363315,116.96907887414393,0.0,0.7933545022060938,0.16414581159506725,0.0,-5.334138169836733,-2.032247622090431,0.0,-39.50461402197087,103.68966224819894,131.8356395392444,27.588015531773284,159.4236550710177
0.7520000000000006,9.81,3.93,1,1,0.01,0.01,0.4427367091212728,-0.08105844630050707,13.40309795868687,-32.49018150397534,-264.86845423070366,547.031801267941,0.0,0.7822666169196952,0.16110963991311866,0.0,-5.740130335255253,-1.0142679275065398,0.0,-19.356826907529683,109.54769081513703,131.81854414852398,27.567085237044985,159.38562938556896
0.7540000000000006,9.81,3.93,1,1,0.01,0.01,0.468909873526413,-0.14473039237392826,12.726413451992414,-31.09133648169161,-396.36950175405815,819.4438495992365,0.0,0.7704523471607643,0.16002004333860098,0.0,-6.0544762548716315,-0.10050041504249618,0.0,-1.845375089297584,111.17147779697702,131.72571047825144,27.63282870542824,159.35853918367968
0.7560000000000006,9.81,3.93,1,1,0.01,0.01,0.4935234506239537,-0.20517884046022739,11.870188999530846,-29.32258308757819,-447.6719184022939,923.8151727692093,0.0,0.7581007562547903,0.16061035382985778,0.0,-6.277412236399663,0.6592829867887253,0.0,11.50416304456511,109.5377483002339,131.5740824654661,27.77036681712027,159.34444928258637
0.7580000000000006,9.81,3.93,1,1,0.01,0.01,0.5163633916658631,-0.26196769529486613,10.970742924371242,-27.46931086120366,-444.92352111447883,915.1629732210899,0.0,0.7453811695056849,0.1625630577547833,0.0,-6.426700642870664,1.2638814586559866,0.0,20.849046265788242,106.01514732407523,131.37108126083595,27.96372179461535,159.3348030554513
0.7600000000000006,9.81,3.93,1,1,0.01,0.01,0.5374317267438425,-0.31511273243366716,10.107490489440584,-25.697310255740046,-415.3782020037548,850.722336587985,0.0,0.7324208332729927,0.16558717864441053,0.0,-6.523220510961183,1.7366459042562936,0.0,27.07042513739381,101.68241669985589,131.12510650530012,28.199134398624537,159.32424090392465
0.7620000000000006,9.81,3.93,1,1,0.01,0.01,0.556841032430489,-0.3648599600452218,9.314816025432995,-24.07787619997103,-376.48808445793486,767.0803153600136,0.0,0.719307176055245,0.16944720344845576,0.0,-6.584011561877839,2.105968374955713,0.0,31.08720331765141,97.18973395038198,130.84635153230053,28.465966416632387,159.31231794893293
0.7640000000000006,9.81,3.93,1,1,0.01,0.01,0.5747441209709951,-0.411538199266616,8.6014380984473,-22.62855429123575,-337.07624644882395,682.6841525783714,0.0,0.7060982589620495,0.17396232827865143,0.0,-6.6211187317821825,2.396687499383545,0.0,33.61579378489622,92.867410528136,130.54376108347216,28.75634318904747,159.30010427251963
0.7660000000000006,9.81,3.93,1,1,0.01,0.01,0.5912975463217995,-0.4554827623694098,7.964082454442684,-21.341863761211393,-300.8529047272865,605.2497708486442,0.0,0.6928323965909104,0.17899605080508896,0.0,-6.642569046955582,2.6281284233432185,0.0,35.156265734408265,88.85711995643528,130.2239503224597,29.064498779801575,159.28844910226127
0.7680000000000006,9.81,3.93,1,1,0.01,0.01,0.6066459129701994,-0.4970028000524202,7.394923703813113,-20.200903926698917,-268.9789497159594,537.1532626405043,0.0,0.6795349992901355,0.18444526845216092,0.0,-6.653607793252278,2.8146561700703927,0.0,36.04266572714681,85.20179626974944,129.89154452015785,29.38619346423884,159.27773798439668
0.7700000000000006,9.81,3.93,1,1,0.01,0.01,0.6209167723247255,-0.5363708305526008,6.885111787271809,-19.18673138027023,-241.4821039278997,478.4051240386149,0.0,0.6662230704908926,0.1902314485072618,0.0,-6.657659741109435,2.9667970748146577,0.0,36.49504646587852,81.8969398575993,129.54978169638136,29.71827538650959,159.26805708289095
0.7720000000000006,9.81,3.93,1,1,0.01,0.01,0.6342202914097341,-0.5738222354021415,6.42625852877785,-18.28145583207321,-217.9507457064988,428.10498919812653,0.0,0.6529080978735866,0.19629405503351705,0.0,-6.656979102812266,3.092269310710873,0.0,36.65841396337877,78.91754280624203,129.20098312106538,30.05836886880461,159.25935198987
0.7740000000000006,9.81,3.93,1,1,0.01,0.01,0.6466508020211399,-0.6095586573096156,6.010957820291104,-17.469311707703632,-197.84942809375448,385.1015515873711,0.0,0.6395979095973152,0.20258580341917698,0.0,-6.6530672940623905,3.1967767111709646,0.0,36.62898955865384,76.2315151995612,128.84686139774377,30.404656775801143,159.25151817354492
0.7760000000000006,9.81,3.93,1,1,0.01,0.01,0.6582889034231888,-0.6437525240187606,5.632879952879395,-16.736840456170693,-180.65173399276694,348.26926205155735,0.0,0.6262978750995452,0.20906926268681647,0.0,-6.646937352051388,3.2845821888905538,0.0,36.47124318389728,73.80605953924395,128.4887143235435,30.755728796893667,159.24444312043715
0.7780000000000006,9.81,3.93,1,1,0.01,0.01,0.6692035550621064,-0.6765515238697554,5.28669532681867,-16.072718625643553,-165.88910789188776,316.60909308855776,0.0,0.6130116909861223,0.2157144169385553,0.0,-6.639281446679101,3.3589122201108634,0.0,36.228815383137054,71.61047566776999,128.12754809952253,31.110474996617356,159.2380230961399
0.7800000000000006,9.81,3.93,1,1,0.01,0.01,0.679453948915234,-0.7080825984019916,4.967942666876045,-15.467472485474904,-153.1627858810788,289.27226952443215,0.0,0.5997419023214047,0.22249690146039702,0.0,-6.6305779375887965,3.4222405899277466,0.0,35.93153174144818,69.61720410009161,127.76415787716725,31.46801033848674,159.23216821565399
0.7820000000000006,9.81,3.93,1,1,0.01,0.01,0.6890911069316171,-0.7384553427748097,4.67289090862813,-14.91318162402473,-142.14064723416473,265.5526938965876,0.0,0.5864902532547841,0.2293967133538295,0.0,-6.621160658248963,3.4764881330423143,0.0,35.599943896355384,67.80202863978813,127.39918214738073,31.82762050128492,159.22680264866565
0.7840000000000006,9.81,3.93,1,1,0.01,0.01,0.698159213170645,-0.7677648380608466,4.398413746942666,-14.403210782211522,-132.5488142827301,244.8686090164713,0.0,0.5732579261069876,0.23639725792566368,0.0,-6.611264391721507,3.523164479445924,0.0,35.24830203243833,66.1439014429304,127.03314060846918,32.188722466187144,159.2218630746563
0.7860000000000006,9.81,3.93,1,1,0.01,0.01,0.7066967130037434,-0.7960939861905537,4.141882475988267,-13.931981290704597,-124.16224538710395,226.74233787592203,0.0,0.5600457065343502,0.24348463482432825,0.0,-6.601055155280999,3.563469691134814,0.0,34.88652484054487,64.62461999366143,126.66646124875923,32.55083546713965,159.2172967158989
0.7880000000000006,9.81,3.93,1,1,0.01,0.01,0.7147372165545719,-0.8235154276551038,3.901077153001339,-13.494781852502031,-116.79601098877987,210.7815952520026,0.0,0.5468540990138703,0.2506470972054796,0.0,-6.590650657572256,3.5983679729675138,0.0,34.52152169200292,63.228466724086196,126.2995001637637,32.91355930222112,159.21305946598483
0.7900000000000006,9.81,3.93,1,1,0.01,0.01,0.722310241159033,-0.8500931164934284,3.6741140390089795,-13.087614139653828,-110.2978014898438,196.66348420673503,0.0,0.5336834084860174,0.25787463720101367,0.0,-6.580134306842948,3.628641758639346,0.0,34.15809110030408,61.941862012208965,125.93255634087845,33.27655793981443,159.2091142806929
0.7920000000000006,9.81,3.93,1,1,0.01,0.01,0.7294418228355981,-0.8758836166325826,3.459386734045223,-12.707067614255584,-104.54172890600256,184.12127981990474,0.0,0.5205337986442561,0.26515866464737536,0.0,-6.569564927049331,3.654931858884214,0.0,33.7995385050086,60.753051297855194,125.56588287363473,33.63954698120399,159.2054298548387
0.7940000000000006,9.81,3.93,1,1,0.01,0.01,0.7361550216282521,-0.9009371725975593,3.2555185232298425,-12.35021823823498,-99.4232963065634,172.93371598655955,0.0,0.5074053339126131,0.27249175545569215,0.0,-6.558983577987984,3.677767600737039,0.0,33.44810577832692,59.65183239715461,125.19969559024193,34.002283966200636,159.20197955644255
0.7960000000000006,9.81,3.93,1,1,0.01,0.01,0.7424703410218585,-0.9252985976107405,3.0613237728392795,-12.01454644735795,-94.85535396824191,162.91638116063032,0.0,0.4942980099000724,0.2798674525583096,0.0,-6.548418395851264,3.6975896986710945,0.0,33.10527289186233,58.62932225353729,124.83417977627249,34.36456079919438,159.19874057546687
0.7980000000000006,9.81,3.93,1,1,0.01,0.01,0.7484060776765811,-0.949008013650839,2.8757765835794933,-11.697870561325741,-90.76486193329416,153.9148345370081,0.0,0.48121177562916545,0.2872801069655635,0.0,-6.537888063896853,3.714767789737201,0.0,32.77197176947262,57.67775946963224,124.4694954709556,34.726197774287115,159.1956932452427
0.8000000000000006,9.81,3.93,1,1,0.01,0.01,0.7539786144914069,-0.9721014711354817,2.697985249951043,-11.398292536105078,-87.09030011681254,145.7991020213218,0.0,0.46814654983586823,0.29472474972864326,0.0,-6.527404324172181,3.7296140093624475,0.0,32.44873915846354,56.79033802564917,124.10578168151551,35.08703881904655,159.19282050056205
0.8020000000000006,9.81,3.93,1,1,0.01,0.01,0.7592026674053017,-0.994611470348032,2.5271713663323156,-11.11415358930289,-83.77959371776949,138.4592691846535,0.0,0.45510223295866803,0.30219698794235517,0.0,-6.516973810722396,3.742393599150491,0.0,32.13582671837282,55.96106757907243,123.74315976697923,35.4469476761864,159.19010744316563
0.8040000000000006,9.81,3.93,1,1,0.01,0.01,0.7640914942732764,-1.0165674023197755,2.362652659381908,-10.843997739948968,-80.7884470480672,131.8019430447493,0.0,0.442078715967966,0.30969291961468426,0.0,-6.5065993979025505,3.753333268004649,0.0,31.833280809681,55.18465613357216,123.38173617759215,35.805804813910115,159.18754099150226
0.8060000000000006,9.81,3.93,1,1,0.01,0.01,0.7686570725126379,-1.037995923385475,2.203828817822656,-10.586541712471936,-78.07900076331576,125.74740142845636,0.0,0.42907588686268033,0.317209063468587,0.0,-6.496281198961535,3.762627836724827,0.0,31.541000634617,54.45641139928695,123.02160468937629,36.16350490735357,159.18510959672986
0.8080000000000006,9.81,3.93,1,1,0.01,0.01,0.7729102509144122,-1.058921274865707,2.0501697422408447,-10.340649977628697,-75.6187454421912,120.22728709969395,0.0,0.41609363543320854,0.32474230065638454,0.0,-6.486017310242428,3.770445559511642,0.0,31.258780787302907,53.7721577154346,122.66284823961277,36.519954771367416,159.1828030109802
0.8100000000000006,9.81,3.93,1,1,0.01,0.01,0.7768608799842717,-1.0793655571391316,1.9012057568048015,-10.105313957085942,-73.3796388341683,115.18273453070506,0.0,0.40313185672840646,0.3322898260493765,0.0,-6.475804368910273,3.776932417069047,0.0,30.9863424935899,53.128165913081304,122.30554044426675,36.875071652799065,159.18061209706582
0.8120000000000006,9.81,3.93,1,1,0.01,0.01,0.7805179243585316,-1.0993489656285387,1.7565194184375914,-9.879634617573172,-71.3373854299943,110.56284136809842,0.0,0.39019045354863,0.3398491072786556,0.0,-6.465637973019872,3.782215603999584,0.0,30.723356591821652,52.52109393992504,121.94974685998233,37.22878181124742,159.17852867122974
0.8140000000000006,9.81,3.93,1,1,0.01,0.01,0.7838895601883121,-1.1188899948389865,1.6157386324771628,-9.662807836832911,-69.47084587827034,106.3234155422244,0.0,0.37726933820342495,0.34741785009270953,0.0,-6.4555129993078975,3.786406380206207,0.0,30.469460447367613,51.94793644658063,121.595526039481,37.58101933291953,159.17654537240054
0.8160000000000006,9.81,3.93,1,1,0.01,0.01,0.7869832598631188,-1.1380056154785378,1.4785308416375766,-9.454112046422182,-67.76155068574649,102.42594368939268,0.0,0.36436843371165617,0.35499396889553025,0.0,-6.4454238445630825,3.789602416683881,0.0,30.224270388836757,51.40598184946238,121.24293041874101,37.93172513409565,159.17465555283667
0.8180000000000006,9.81,3.93,1,1,0.01,0.01,0.7898058660260591,-1.156711428802809,1.3445981006210437,-9.252897753187035,-66.19329802357481,98.8367380138767,0.0,0.35148767457730534,0.36257556155886284,0.0,-6.435364609603983,3.791889736638754,0.0,29.987390823922045,50.89277564639691,120.8920070663479,38.280846119792095,159.17285318614
0.8200000000000006,9.81,3.93,1,1,0.01,0.01,0.7923636564950107,-1.1750218016076495,1.2136728847299874,-9.05857861771273,-64.75181965808505,95.52622764119376,0.0,0.33862700724122713,0.3701608877808904,0.0,-6.4253292399665956,3.793344330649689,0.0,29.758420884771525,50.40608897568938,120.54279831924359,38.62833447021319,159.17113278945678
0.8220000000000006,9.81,3.93,1,1,0.01,0.01,0.7946624014304132,-1.192949984713865,1.0855145093904288,-8.870623828718747,-63.424502300942024,92.46836747918444,0.0,0.32578639028467204,0.37774835040344346,0.0,-6.415311633818394,3.794033507685037,0.0,29.536959230405365,49.94389158520042,120.19534232431792,38.97414703301823,159.16948935733615
0.8240000000000006,9.81,3.93,1,1,0.01,0.01,0.796707413867782,-1.2105082173159718,0.9599060602465899,-8.688551560677812,-62.20015423830035,89.64014305392627,0.0,0.31296579444206435,0.38533647920996206,0.0,-6.405305724986556,3.794017030837613,0.0,29.32260747203522,49.50432852187152,119.84967350154476,39.31824480367878,159.16791830522354
0.8260000000000006,9.81,3.93,1,1,0.01,0.01,0.7985035945512258,-1.2277078191815751,0.8366517516778164,-8.511923340564293,-61.06880911267107,87.02115406654916,0.0,0.3001652024667516,0.39292391681378913,0.0,-6.39530554704734,3.7933480766487944,0.0,29.114972568841587,49.0856999698641,119.50582294141292,39.66059247954589,159.1664154209588
0.8280000000000006,9.81,3.93,1,1,0.01,0.01,0.8000554718550897,-1.2445592723719165,0.7155746461953887,-8.340339180648678,-60.0215603184782,84.59326278838442,0.0,0.28738460888302314,0.4005094063160535,0.0,-6.3853052829812205,3.792074049131058,0.0,28.913668454663608,48.68644376188716,119.16381874706805,40.0011580758948,159.16497682296284
0.8300000000000006,9.81,3.93,1,1,0.01,0.01,0.8013672374579536,-1.2610722938938586,0.5965146789532927,-8.1734333592559,-59.05042072784127,82.34029607814338,0.0,0.2746240196498053,0.40809178046833594,0.0,-6.3752993038196575,3.790237273530128,0.0,28.718317091557005,48.30512016735888,118.8236863297136,40.339912594324645,159.16359892403824
0.8320000000000006,9.81,3.93,1,1,0.01,0.01,0.8024427783315518,-1.2772559004783561,0.47932694114088803,-8.010870751644354,-58.14820346016338,80.24779192173145,0.0,0.26188345175539907,0.4156699521204561,0.0,-6.365282198898038,3.7878755900949783,0.0,28.528549098165072,47.940398626023914,118.485448664327,40.676829735581194,159.1622783999082
0.8340000000000006,9.81,3.93,1,1,0.01,0.01,0.8032857055227326,-1.2931184665017899,0.36388018377507153,-7.8523436296136975,-57.30842020397474,78.30278308273603,0.0,0.2491629327580392,0.4232429057703444,0.0,-6.355248799715223,3.785022864347076,0.0,28.344004064930466,47.5910461491614,118.14912651153884,41.011885650231974,159.16101216177083
0.8360000000000006,9.81,3.93,1,1,0.01,0.01,0.803899380136144,-1.3086677759176337,0.2500555097340881,-7.6975688618754905,-56.52519423570367,76.49361180210843,0.0,0.23646250028351695,0.4308096900628502,0.0,-6.3451941989333465,3.781709427335259,0.0,28.164330641189235,47.255917154703084,117.81473861054764,41.345058721726005,159.15979733227363
0.8380000000000006,9.81,3.93,1,1,0.01,0.01,0.8042869368663723,-1.3239110689413547,0.13774522705690062,-7.546285458221075,-55.79318579128349,74.80977057067862,0.0,0.2237822014884086,0.43836941110883354,0.0,-6.335113765694335,3.777962456958515,0.0,27.989186458826925,46.933944539154794,117.48230184714396,41.67632937726768,159.15863122441164
0.8400000000000006,9.81,3.93,1,1,0.01,0.01,0.8044513053787055,-1.3388550841268554,0.026851840793767526,-7.398252409568685,-55.10752785892354,73.24176487349392,0.0,0.21112209249537395,0.4459212265160515,0.0,-6.325003158155345,3.7738063095056122,0.0,27.8182379417563,46.62413181957287,117.1518314002696,42.00567992266711,159.15751132293673
0.8420000000000006,9.81,3.93,1,1,0.01,0.01,0.8043952297958956,-1.3535060963846364,-0.08271283578813267,-7.253246783441179,-54.463770795346065,71.78099451385177,0.0,0.1984822378054023,0.45346434004004743,0.0,-6.314858333933436,3.7692628089981746,0.0,27.65116003875977,46.325546204112904,116.82334086999956,42.33309439793184,159.15643526793139
0.8440000000000006,9.81,3.93,1,1,0.01,0.01,0.8041212865129064,-1.3678699514173418,-0.19102846692520506,-7.111062040614811,-53.85783443926101,70.41965070116672,0.0,0.185862709690658,0.4609979967771163,0.0,-6.304675558985477,3.764351500654967,0.0,27.487635908309187,46.037312470755076,116.49684238939562,42.658558450860866,159.1554008402565
0.8460000000000006,9.81,3.93,1,1,0.01,0.01,0.8036319005315667,-1.3819520969851349,-0.2981668908614377,-6.971506543825713,-53.28596661731859,69.1506265570263,0.0,0.1732635875706725,0.46852147883299733,0.0,-6.294451415321175,3.759089873759999,0.0,27.327356577150702,45.75860755145509,116.17234672231223,42.982059226313396,159.15440594862562
0.8480000000000006,9.81,3.93,1,1,0.01,0.01,0.8029293604814227,-1.3957576113595442,-0.4041927389708491,-6.834402233714729,-52.74470711909979,67.96743907887837,0.0,0.16068495737391053,0.47603410141063207,0.0,-6.284182807846701,3.7534935583688593,0.0,27.170020589214353,45.48865573377462,115.84986334893212,43.30358526916511,159.15344861809723
0.8500000000000006,9.81,3.93,1,1,0.01,0.01,0.802015832471149,-1.4092912292784865,-0.5091639876400997,-6.699583450785888,-52.230856366668334,66.8641609172919,0.0,0.14812691088624708,0.4835352092684816,0.0,-6.2738669705576555,3.7475764995892766,0.0,27.015333657392375,45.22672440450094,115.5294005405577,43.62312643925042,159.15252697980813
0.8520000000000006,9.81,3.93,1,1,0.01,0.01,0.800893372896064,-1.4225573656758241,-0.6131324516306088,-6.5668958851728965,-51.74144812698919,65.83536058376211,0.0,0.13558954508749488,0.4910241735077763,0.0,-6.263501472237568,3.741351112594894,0.0,26.863008327642028,44.97212027026728,115.21096542496912,43.940673836825894,159.15163926179503
0.8540000000000006,9.81,3.93,1,1,0.01,0.01,0.7995639403110847,-1.4355601374250249,-0.7161442264407489,-6.43619563855149,-51.27372571704637,64.8760499220412,0.0,0.12307296147687852,0.49850038865291,0.0,-6.253084221768633,3.734828421051955,0.0,26.712763662485642,44.72418599906542,114.89456404348167,44.256219737291474,159.15078378077314
0.8560000000000006,9.81,3.93,1,1,0.01,0.01,0.7980294064644599,-1.4483033833073706,-0.8182400861750934,-6.307348384684839,-50.82512123570084,63.981637855325886,0.0,0.11057726538815249,0.5059632699941132,0.0,-6.242613473122013,3.728018181239398,0.0,26.564324949140445,44.48229723406663,114.58020140069104,44.569757534071684,159.1499589347627
0.8580000000000007,9.81,3.93,1,1,0.01,0.01,0.796291566575487,-1.4607906823900125,-0.9194558425678866,-6.180228616910778,-50.39323742637135,63.14788957100818,0.0,0.09810256529498751,0.5134122511657918,0.0,-6.232087830063319,3.720928993808434,0.0,26.417423436082665,44.24585993755631,114.26788150776044,44.881281688703034,159.14916319646346
0.8600000000000007,9.81,3.93,1,1,0.01,0.01,0.7943521489288782,-1.4730253709773733,-1.0198226700762043,-6.0547189724277874,-49.975831833044076,62.370890429505316,0.0,0.08564897210717903,0.5208467819375024,0.0,-6.221506250583508,3.713568404846879,0.0,26.271796100741227,44.01430802822562,113.9576074200022,45.19078768729195,159.14839510729416
0.8620000000000007,9.81,3.93,1,1,0.01,0.01,0.7922128238492463,-1.4850105582804702,-1.119367401333544,-5.930709624556081,-49.570802960971314,61.64701398827033,0.0,0.07321659845823902,0.5282663261976288,0.0,-6.210868051045098,3.7059429976765217,0.0,26.127185450149433,43.78710127970177,113.64938126941615,45.49827200260984,159.147653272026
0.8640000000000007,9.81,3.93,1,1,0.01,0.01,0.7898752121111552,-1.496749140932236,-1.2181127967194219,-5.8080977352775776,-49.17617819436976,60.97289361998372,0.0,0.06080555798497389,0.535670360112476,0.0,-6.2001729100170415,3.6980584766108393,0.0,25.983339355700068,43.56372345216013,113.34320429276677,45.803732061177456,159.14693635394423
0.8660000000000007,9.81,3.93,1,1,0.01,0.01,0.7873408928331326,-1.5082438164625185,-1.3160777913405497,-5.686786961324413,-48.79010325783363,60.345397278006445,0.0,0.048415964599712535,0.543058370445781,0.0,-6.18942087175843,3.6899197437296003,0.0,25.84001092260905,43.343680632253445,113.0390768557191,46.107166214764476,159.1462430704836
0.8680000000000007,9.81,3.93,1,1,0.01,0.01,0.7846114108978641,-1.5194970958338252,-1.4132777223223594,-5.566687007915191,-48.41083303713835,59.76160502477624,0.0,0.03604793175593446,0.5504298530255988,0.0,-6.178612349300593,3.6815309695808214,0.0,25.69695839425789,43.1264997595017,112.7369984734973,46.4085737157921,159.1455721892894
0.8700000000000007,9.81,3.93,1,1,0.01,0.01,0.7816882839353386,-1.5305113151278136,-1.5097245389660974,-5.447713224952338,-48.03672359953702,59.21878899186919,0.0,0.02370157170817011,0.5577843113472166,0.0,-6.167748127068823,3.672895658595232,0.0,25.55394509123107,42.911727319784795,112.43696782848063,46.70795469617956,159.1449225246602
0.8720000000000007,9.81,3.93,1,1,0.01,0.01,0.7785730089009103,-1.5412886464627806,-1.6054269980281155,-5.329786241110242,-47.66622527428653,58.7143954854982,0.0,0.01137699476715237,0.5651212553022169,0.0,-6.156829362978415,3.6640167098904186,0.0,25.410739384570338,42.69892818872918,112.13898278511445,47.00531014922153,159.14429293433597
0.8740000000000007,9.81,3.93,1,1,0.01,0.01,0.775267068275997,-1.551831108213816,-1.700390846117386,-5.212831631776982,-47.297876671599305,58.24602898957549,0.0,-0.000925691448646182,0.5724402000250566,0.0,-6.145857589934922,3.654896474048216,0.0,25.267114702517084,42.487684609633156,111.84304040247568,47.30064191412109,159.14368231659677
0.8760000000000007,9.81,3.93,1,1,0.01,0.01,0.771771935915375,-1.5621405745996777,-1.7946189909788592,-5.096779617274591,-46.93029953300804,57.81143785119294,0.0,-0.013206382763841229,0.5797406648496223,0.0,-6.134834716665078,3.6455368063677636,0.0,25.122849569797403,42.27759529217582,111.549136944807,47.59395266283694,159.14308960764396
0.8780000000000007,9.81,3.93,1,1,0.01,0.01,0.7680890825616998,-1.5722187846937115,-1.8881116632291304,-4.9815647881844285,-46.562194318678394,57.408501461362825,0.0,-0.02546497919789159,0.5870221723691567,0.0,-6.123763027802722,3.635939117025316,0.0,24.97772767830736,42.068274619538506,111.25726789030395,47.88524588893171,159.14251377923566
0.8800000000000007,9.81,3.93,1,1,0.01,0.01,0.7642199810449337,-1.5820673509101468,-1.9808665699329,-4.867125854953948,-46.19233644786016,57.03521876783997,0.0,-0.0377013857162346,0.5942842475937353,0.0,-6.112645183153246,3.6261044185098914,0.0,24.831537987879862,41.859351952770204,110.96742793842321,48.17452589813232,159.14195383655553
0.8820000000000007,9.81,3.93,1,1,0.01,0.01,0.7601661111817409,-1.5916877670117666,-2.0728790412503866,-4.753405419266416,-45.819573117727316,56.68969797743404,0.0,-0.049915512979062604,0.6015264172001806,0.0,-6.101484216060169,3.616033370648587,0.0,24.684074855644766,41.65047102227109,110.67961101595543,48.46179780033509,159.14140881629052
0.8840000000000007,9.81,3.93,1,1,0.01,0.01,0.7559289643875999,-1.6010814156801814,-2.164142171244267,-4.6403497649221785,-45.44282063357003,56.37014732292285,0.0,-0.06210727808588423,0.6087482088698473,0.0,-6.090283530798943,3.605726323487099,0.0,24.535138192336778,41.44128939718169,110.39381028209587,48.74706750280545,159.1408777849013
0.8860000000000007,9.81,3.93,1,1,0.01,0.01,0.7515100480123309,-1.6102495756856796,-2.254646953807393,-4.52790866621424,-45.06106218987502,56.07486678492507,0.0,-0.07427660531384095,0.6159491507102323,0.0,-6.0790468989252675,3.595183358247622,0.0,24.384533643750036,41.231478024261506,110.11001813272793,49.03034170433885,159.1403598370668
0.8880000000000007,9.81,3.93,1,1,0.01,0.01,0.7469108894079333,-1.619193428689798,-2.3443824145573595,-4.416035211986726,-44.6733460474463,55.80224067224399,0.0,-0.08642342684761706,0.6231287707567391,0.0,-6.067778454508732,3.584404326547975,0.0,24.232072795389715,41.020720828544874,109.82822620412531,49.31162789016231,159.1398540942876
0.8900000000000007,9.81,3.93,1,1,0.01,0.01,0.7421330397360406,-1.6279140657103195,-2.4333357394392356,-4.30468564374614,-44.278784056523875,55.55073097555167,0.0,-0.09854768349865328,0.6302865965512807,0.0,-6.05648268818683,3.573388888031554,0.0,24.077573398225628,40.80871436868183,109.5484253762656,49.590934327368544,159.13935970363414
0.8920000000000007,9.81,3.93,1,1,0.01,0.01,0.7371780775209175,-1.6364124932753092,-2.521492400681911,-4.193819206355557,-43.876550479985326,55.31887141910481,0.0,-0.11064932541123929,0.6374221547946627,0.0,-6.045164439979802,3.562136546526952,0.0,23.92085961331059,40.59516754042546,109.27060577594119,49.86827006068545,159.13887583662665
0.8940000000000007,9.81,3.93,1,1,0.01,0.01,0.7320476119527177,-1.6446896392900048,-2.608836280665322,-4.083398009983783,-43.46588107427436,55.10526214368278,0.0,-0.12272831275295282,0.644534971069899,0.0,-6.033828890812949,3.5506466848286924,0.0,23.761762272889868,40.379801322222924,108.99475677984196,50.14364490839269,159.13840168823464
0.8960000000000007,9.81,3.93,1,1,0.01,0.01,0.7267432859446952,-1.652746358637847,-2.6953497941742706,-3.9733869021076145,-43.046072388790044,54.90856496130246,0.0,-0.1347846163868106,0.6516245696337767,0.0,-6.022481552700368,3.5389185981660196,0.0,23.60011915549751,40.16234855731672,108.72086701777866,50.41706945820701,159.13793647598567
0.8980000000000007,9.81,3.93,1,1,0.01,0.01,0.7212667789471803,-1.6605834385346538,-2.781014009438778,-3.8637533484776747,-42.61648124716806,54.72749912864349,0.0,-0.14681821852241927,0.6586904732740865,0.0,-6.011128257551969,3.526951526404747,0.0,23.43577527241116,39.94255376717128,108.44892437620808,50.68855506296469,159.13747943917278
0.9000000000000007,9.81,3.93,1,1,0.01,0.01,0.7156198095204103,-1.6682016036528562,-2.8658087682901936,-3.7544673220588005,-42.17652437626973,54.56083759165306,0.0,-0.15882911334333338,0.6657322032300191,0.0,-5.9997751445746585,3.5147446850077557,0.0,23.26858316272353,39.72017299141857,108.17891600221259,50.958113835938576,159.13702983815116
0.9020000000000007,9.81,3.93,1,1,0.01,0.01,0.7098041376677058,-1.675601521030833,-2.949712805696091,-3.645501199046065,-41.72567815082409,54.407403658600764,0.0,-0.1708173076077979,0.6727492791732517,0.0,-5.988428646248147,3.5022972947625743,0.0,23.09840319418539,39.494973649867326,107.91082830808207,51.22575864563386,159.13658695371595
0.9040000000000007,9.81,3.93,1,1,0.01,0.01,0.7038215669300277,-1.6827838047806671,-3.032703868874823,-3.536829661138747,-41.26347842359681,54.26606806301959,0.0,-0.1827828212200029,0.679741219247256,0.0,-5.977095472866314,3.4896086102693578,0.0,22.925103866884847,39.26673442245165,107.64464697663713,51.49150310991444,159.13615008655157
0.9060000000000007,9.81,3.93,1,1,0.01,0.01,0.697673946242601,-1.68974902060608,-3.1147588361321588,-3.428429603327973,-40.78952041273984,54.13574638158868,0.0,-0.19472568776899069,0.686707540162326,0.0,-5.965782595646061,3.4766779471697102,0.0,22.7485621167543,39.035245143309055,107.3803569674285,51.75536158931884,159.13571855674735
0.9080000000000007,9.81,3.93,1,1,0.01,0.01,0.6913631715540666,-1.6964976901408864,-3.1958538355074144,-3.320280046520425,-40.30345861964207,54.01539677515524,0.0,-0.20664595503235417,0.6936477573437843,0.0,-5.954497228417177,3.4635047080856305,0.0,22.568663615838876,38.80030670547876,107.1179425239365,52.017349179432685,159.1352917033692
0.9100000000000007,9.81,3.93,1,1,0.01,0.01,0.6848911872084968,-1.7030302951170138,-3.275964363264728,-3.2123620543813356,-39.80500675219376,53.90401802382351,0.0,-0.2185436854419175,0.7005613851307406,0.0,-5.943246807918829,3.450088407228842,0.0,22.385303066224296,38.56173097300245,106.85738718189103,52.27748170219211,159.13486888408315
0.9120000000000007,9.81,3.93,1,1,0.01,0.01,0.6782599870905914,-1.7093472813699537,-3.355065402216515,-3.1046586538356817,-39.293937629926326,53.80064782941592,0.0,-0.2304189565086474,0.7074479370227027,0.0,-5.9320389727407035,3.4364286936334114,0.0,22.19838448450673,38.31934069749212,106.5986737788229,52.53577569600063,159.13444947482353
0.9140000000000007,9.81,3.93,1,1,0.01,0.01,0.671471615534438,-1.7154490626884473,-3.4331315398205846,-2.997154758717793,-38.77008304901613,53.70436136067764,0.0,-0.2422718612041278,0.7143069259712329,0.0,-5.920881540959364,3.4225253729590523,0.0,22.00782147369553,38.072969436505026,106.34178446494758,52.792248404551025,159.1340328694986
0.9160000000000007,9.81,3.93,1,1,0.01,0.01,0.6645281679963868,-1.7213360245142268,-3.510137085949911,-2.889837096106976,-38.23333358667418,53.614270018404085,0.0,-0.2541025082960602,0.7211378647137296,0.0,-5.909782486533323,3.4083784278088682,0.0,21.81353747947476,37.82246147133732,106.08670071547829,53.04691776425202,159.1336184797303
0.9180000000000007,9.81,3.93,1,1,0.01,0.01,0.6574317914928263,-1.7270085274967641,-3.5860561901946375,-2.782694134930797,-37.68363832599271,53.52952039924637,0.0,-0.26591102263536925,0.7279402661463166,0.0,-5.898749914532785,3.3939880365031456,0.0,21.61546602780878,37.56767172211132,105.83340334445035,53.299802390170015,159.13320573462036
0.9200000000000007,9.81,3.93,1,1,0.01,0.01,0.6501846848039672,-1.7324669109071742,-3.660862958519615,-2.6757160164587397,-37.12100448390628,53.449293438340035,0.0,-0.2776975453926799,0.7347136437326764,0.0,-5.887792035292776,3.379354590250556,0.0,21.41355094096614,37.30846565829267,105.58187252013437,53.550921560404944,159.13279408053933
0.9220000000000007,9.81,3.93,1,1,0.01,0.01,0.6427890984451284,-1.7377114959147129,-3.7345315690677108,-2.568894486347415,-36.54549692654971,53.372803712122575,0.0,-0.2894622342421047,0.7414575119455813,0.0,-5.8769171375903255,3.364478708659321,0.0,21.20774652915222,37.0447192030267,105.33208778210161,53.80029519883151,159.13238298093313
0.9240000000000007,9.81,3.93,1,1,0.01,0.01,0.6352473344074675,-1.7427425887286596,-3.8070363868693553,-2.4622228279346556,-35.95723755797467,53.29929888379475,0.0,-0.30120526349050536,0.7481713867377353,0.0,-5.8661335609582075,3.349361253533737,0.0,20.998017755085858,36.77631862993209,105.08402805999597,54.047943856146716,159.13197191614267
0.9260000000000007,9.81,3.93,1,1,0.01,0.01,0.6275617456706054,-1.7475604836078116,-3.878352077192439,-2.3556957965139365,-35.35640456991475,53.228059274853535,0.0,-0.31292682415062123,0.7548547860384504,0.0,-5.85544966725874,3.334003340905742,0.0,20.78434036902865,36.50316045123061,104.83767169405536,54.29388868917715,159.1315603832325
0.9280000000000007,9.81,3.93,1,1,0.01,0.01,0.6197347354901503,-1.7521654657393075,-3.948453717243825,-2.2493095543528066,-34.74323154207043,53.15839754700501,0.0,-0.32462712395671645,0.7615072302725814,0.0,-5.844873811651304,3.3184063512568547,0.0,20.566701011976136,36.225151296323894,104.59299645741265,54.5381514384117,159.13114789582437
0.9300000000000007,9.81,3.93,1,1,0.01,0.01,0.6117687564637219,-1.756557813988058,-4.017316905914506,-2.1430616062495855,-34.11800638421754,53.08965847957264,0.0,-0.3363063873216774,0.7681282428980608,0.0,-5.834414313096642,3.302571937892871,0.0,20.345097284947762,35.942207780151406,104.34997958019449,54.78075440373757,159.13073398393206
0.9320000000000007,9.81,3.93,1,1,0.01,0.01,0.6036663093797097,-1.7607378035176784,-4.084917871244922,-2.0369507354515917,-33.48107011331699,53.02121882826503,0.0,-0.34796485523478504,0.7747173509583085,0.0,-5.824079424549055,3.2865020334417987,0.0,20.11953778256448,35.65425636087507,104.10859777542373,55.021720418371075,159.1303181937948
0.9340000000000007,9.81,3.93,1,1,0.01,0.01,0.5954299418536603,-1.7647057082834927,-4.151233575275194,-1.9309769397857268,-32.832815460713825,52.95248725187082,0.0,-0.35960278509969057,0.7812740856457416,0.0,-5.813877302994653,3.270198854454808,0.0,19.890042089378237,35.361233186635424,103.86882726671696,55.26107282098794,159.1299000877049
0.9360000000000007,9.81,3.93,1,1,0.01,0.01,0.5870622467578634,-1.7684618033979072,-4.216241815937162,-1.8251413678784345,-32.1736853064493,52.882904294122525,0.0,-0.3712204505124548,0.7877979828725756,0.0,-5.803815979499391,3.253664904100093,0.0,19.656640737712667,35.06308393130883,103.63064381775659,55.498835426071324,159.12947924382792
0.9380000000000007,9.81,3.93,1,1,0.01,0.01,0.5785658604504027,-1.7720063673682283,-4.279921325641093,-1.7194462553669063,-31.50417093965603,52.811942408621704,0.0,-0.3828181409798379,0.794288583845107,0.0,-5.79390332943468,3.2369029729505705,0.0,19.419375126087896,34.759763619365,103.39402276350219,55.73503249251023,159.1290552560124
0.9400000000000007,9.81,3.93,1,1,0.01,0.01,0.5699434608106263,-1.7753396842068312,-4.342251866209812,-1.6138948610269888,-30.824810145952487,52.73910601535958,0.0,-0.39439616157836,0.8007454356376738,0.0,-5.784147043051073,3.219916137877798,0.0,19.178297397628498,34.451236440076805,103.15893904309232,55.96968869049449,159.12862773358682
0.9420000000000007,9.81,3.93,1,1,0.01,0.01,0.5611977650886901,-1.778462045413455,-4.403214319816801,-1.5084914027655352,-30.136185124680566,52.6639315780035,0.0,-0.4059548325550114,0.8071680917625216,0.0,-5.774554596571404,3.2027077590767163,0.0,18.93347027819245,34.13747555146987,102.92536723437618,56.202829066766384,159.12819630114257
0.9440000000000007,9.81,3.93,1,1,0.01,0.01,0.5523315275775005,-1.7813737518293198,-4.4627907755923415,-1.4032409934459698,-29.438920240722396,52.5859876917571,0.0,-0.417494488870807,0.8135561127318891,0.0,-5.765133223974007,3.1852814752579075,0.0,18.684966874301633,33.818462874515056,102.6932815899961,56.434479008303555,159.12776059829966
0.9460000000000007,9.81,3.93,1,1,0.01,0.01,0.5433475371160491,-1.7840751153627166,-4.520964611573176,-1.298149576535572,-28.733679617475023,52.50487517225018,0.0,-0.42901547968875164,0.8199090666086757,0.0,-5.755889889634357,3.1676411970567786,0.0,18.432870431303037,33.49418887816526,102.46265607493567,56.66466420452019,159.12732027945586
0.9480000000000007,9.81,3.93,1,1,0.01,0.01,0.5342486144337636,-1.7865664605857179,-4.577720571686036,-1.19322386158142,-28.021164579331824,52.42022713656892,0.0,-0.4405181678080834,0.8262265295422011,0.0,-5.746831261989207,3.149791098721181,0.0,18.1772740525331,33.16465235591467,102.23346440542818,56.89341060808803,159.1268750135162
0.9500000000000007,9.81,3.93,1,1,0.01,0.01,0.5250376093461026,-1.7888481262016878,-4.633044837473828,-1.0884712595390464,-27.302110953704265,52.33170906820918,0.0,-0.45200292904700945,0.8325080862856736,0.0,-5.737963688381616,3.1317356081512813,0.0,17.918280380598084,32.82986019461767,102.0056800891136,57.12074439448993,159.12642448360353
0.9520000000000007,9.81,3.93,1,1,0.01,0.01,0.5157173978121813,-1.7909204663833331,-4.686925094294923,-0.9838998179936084,-26.57728624419561,52.2390188584193,0.0,-0.463470151576443,0.8387533306921684,0.0,-5.729293171237711,3.1134793953770936,0.0,17.65600124221152,32.489827136342846,101.77927646631593,57.34669192043235,159.1259683867483
0.9540000000000007,9.81,3.93,1,1,0.01,0.01,0.5062908788657329,-1.7927838519811352,-4.739350591750679,-0.8795181563277435,-25.847486687995925,52.141886817100115,0.0,-0.4749202352075535,0.8449618661860705,0.0,-5.7208253457171105,3.0950273595702322,0.0,17.39055725834468,32.14457553405848,101.55422675230551,57.57127968125278,159.1255064335583
0.9560000000000007,9.81,3.93,1,1,0.01,0.01,0.49676097143116893,-1.7944386716021175,-4.79031219812383,-0.7753354009032405,-25.113534211885792,52.040075647143595,0.0,-0.48635359063620237,0.8511333062071724,0.0,-5.712565458968351,3.0763846146967024,0.0,17.122077421741448,31.79413510194829,101.33050408039742,57.794534267469984,159.12503834786742
0.9580000000000007,9.81,3.93,1,1,0.01,0.01,0.48713061103691196,-1.7958853325590547,-4.839802448640353,-0.6713611203351562,-24.376273302405135,51.93338037681981,0.0,-0.49777063864760873,0.8572672746248146,0.0,-5.704518351108836,3.0575564739271206,0.0,16.850698644123945,31.438542661142375,101.10808154573044,58.016482320633315,159.12456386636376
0.9600000000000007,9.81,3.93,1,1,0.01,0.01,0.47740274643851255,-1.7971242616903975,-4.88781558739952,-0.5676052609470615,-23.63656780674554,51.82162824556086,0.0,-0.5091718092847894,0.8633634061197033,0.0,-5.6966884380358085,3.0385484329289705,0.0,16.57656527566247,31.07784188162049,100.8869322495626,58.23715048863603,159.12408273819864
0.9620000000000007,9.81,3.93,1,1,0.01,0.01,0.467580336164342,-1.798155906051368,-4.934347602850883,-0.46407808250465443,-22.895297681752915,51.70467853923517,0.0,-0.5205575409845382,0.8694213465313181,0.0,-5.689079696160457,3.019366152172885,0.0,16.29982859950431,30.7120830210015,100.667029343909,58.45656538066528,159.12359472457428
0.9640000000000007,9.81,3.93,1,1,0.01,0.01,0.45766634499685915,-1.7989807334768873,-4.9793962567323415,-0.3607900943320363,-22.153355709072105,51.582422371758206,0.0,-0.5319282796848688,0.8754407531690538,0.0,-5.68169564914249,3.0000154383908404,0.0,16.020646304344044,30.341322660881474,100.44834607634836,58.67475352196603,159.12309959831438
0.9660000000000007,9.81,3.93,1,1,0.01,0.01,0.44766374040258344,-1.799599233017209,-5.022961106420009,-0.25775199192051274,-21.411644194919635,51.45478241063475,0.0,-0.543284477907984,0.8814212950855576,0.0,-5.674539356686422,2.9805022253287916,0.0,15.739181938174054,29.96562344131929,100.23085583481382,58.891741308602086,159.1225971434159
0.9680000000000007,9.81,3.93,1,1,0.01,0.01,0.4375754889239703,-1.8000119152473597,-5.065043520677864,-0.15497459414383374,-20.67107167323229,51.321712544776005,0.0,-0.5546265938229444,0.8873626533109886,0.0,-5.667613405444666,2.9608325539395355,0.0,15.455604346474708,29.58505379400045,100.01453219218477,59.10755496239955,159.12208715458434
0.9700000000000008,9.81,3.93,1,1,0.01,0.01,0.4274045525463687,-1.8002193124517103,-5.1056466888327545,-0.05246878119636719,-19.93254963100722,51.183197493671855,0.0,-0.5659550902922801,0.8932645210472339,0.0,-5.660919902055726,2.941012552163359,0.0,15.170087098189036,29.19968767453498,99.79934895049237,59.322220486260655,159.12156943675302
0.9720000000000008,9.81,3.93,1,1,0.01,0.01,0.41715388505315437,-1.8002219786852467,-5.144775623437892,0.049754566628191235,-19.196989274522966,51.03925235772334,0.0,-0.5772704339068289,0.8991266038213941,0.0,-5.654460468329031,2.9210484144444058,0.0,14.882807902875946,28.80960429426959,99.58528018455404,59.53576362003508,159.1210438045891
0.9740000000000008,9.81,3.93,1,1,0.01,0.01,0.4068264283819664,-1.8000204897133352,-5.182437156525012,0.15168462920028764,-18.4652983548172,50.889922110246616,0.0,-0.5885730940130937,0.904948619598174,0.0,-5.648236238571134,2.9009463811295833,0.0,14.59394802244928,28.414887851916998,99.37230028484969,59.74820979713604,159.12051008198574
0.9760000000000008,9.81,3.93,1,1,0.01,0.01,0.39642510899474087,-1.7996154428320166,-5.218639929581732,0.2533107057445836,-17.738378070300868,50.73528103234169,0.0,-0.5998635417373794,0.9107302988510688,0.0,-5.642247859031572,2.8807127178943333,0.0,14.303691680887805,28.015627265230567,99.16038399945893,59.95958410208456,159.1199681015435
0.9780000000000008,9.81,3.93,1,1,0.01,0.01,0.38595283427392374,-1.799007456571086,-5.253394377425689,0.35462227284410575,-17.017120063718544,50.57543209247399,0.0,-0.6111422490109166,0.9164713845925616,0.0,-5.636495489430527,2.8603536953357303,0.0,14.012225475245348,27.611915902880597,98.9495064748794,60.16991122916244,159.11941770404184
0.9800000000000008,9.81,3.93,1,1,0.01,0.01,0.3754124889568708,-1.7981971702824422,-5.286712706180706,0.45560904115026796,-16.302403529834997,50.41050627323956,0.0,-0.6224096876000788,0.922171632363781,0.0,-5.630978806515154,2.8398755688681847,0.0,13.719737791201561,27.20385131662327,98.73964329555508,60.379215442347586,159.11885873790266
0.9820000000000008,9.81,3.93,1,1,0.01,0.01,0.36480693161999783,-1.797185243616396,-5.318608865592008,0.5562610106960945,-15.595092449247261,50.240661848369434,0.0,-0.6336663281456927,0.9278308101843771,0.0,-5.625697009576646,2.8192845590507307,0.0,13.4264182262754,26.791534973793237,98.53077052194607,60.58752053670075,159.11829105864683
0.9840000000000008,9.81,3.93,1,1,0.01,0.01,0.35413899122374193,-1.795972355888831,-5.349098515947226,0.6565685247166383,-14.896032962609219,50.06608361357485,0.0,-0.6449126392152764,0.9334486984635803,0.0,-5.620648827846617,2.798586832467344,0.0,13.13245702367657,26.375071990100594,98.32286472698433,60.794849801362076,159.11771452834643
0.9860000000000008,9.81,3.93,1,1,0.01,0.01,0.34341146372883147,-1.7945592053422894,-5.378198989897287,0.7565223218883006,-14.206050898325211,49.88698207533661,0.0,-0.6561490863718732,0.9390250898736817,0.0,-5.615832529678613,2.7777884832733304,0.0,12.838044519599144,25.954570862670305,98.11590303076332,61.0012259843095,159.1171290150728
0.9880000000000008,9.81,3.93,1,1,0.01,0.01,0.332627108793751,-1.792946508304228,-5.405929249496092,0.8561135869074277,-13.525949465440135,49.70359260219767,0.0,-0.6673761312629489,0.9445597891873596,0.0,-5.611245933409321,2.756895515511564,0.0,12.543370606568567,25.53014320323038,97.90986313332492,61.206671259018556,159.11653439234348
0.9900000000000008,9.81,3.93,1,1,0.01,0.01,0.3217886465626254,-1.7911349982458367,-5.4323098387999265,0.9553339993380956,-12.856507122043267,49.51617454352569,0.0,-0.6785942307325963,0.9500526130804947,0.0,-5.60688641978383,2.735913826292279,0.0,12.248624215241463,25.1019034713325,97.70472334541428,61.41120719315367,159.11593053856797
0.9920000000000008,9.81,3.93,1,1,0.01,0.01,0.31089875455204663,-1.7891254247449426,-5.457362832386734,1.054175780669294,-12.198475628031714,49.32501032107024,0.0,-0.689803835960052,0.955503389902278,0.0,-5.602750945820693,2.714849189919611,0.0,11.953992816831654,24.66996870747745,97.50046261708755,61.61485471940777,159.1153173364953
0.9940000000000008,9.81,3.93,1,1,0.01,0.01,0.2999600646446301,-1.7869185523566335,-5.481111780171555,1.1526317395326824,-11.552578289565808,49.13040449894584,0.0,-0.7010053916272696,0.9609119594145923,0.0,-5.598836059985027,2.6937072430370077,0.0,11.659661948097227,24.234458266014755,97.2970605640674,61.81763410859596,159.11469467266335
0.9960000000000008,9.81,3.93,1,1,0.01,0.01,0.2889751601963199,-1.7845151593953155,-5.503581648907579,1.250695315043623,-10.919508401013543,48.93268283792896,0.0,-0.7121993351180412,0.9662781725027525,0.0,-5.595137918532248,2.672493470852455,0.0,11.365814760578246,23.79549354769435,97.09449749175747,62.01956494509419,159.11406243685167
0.9980000000000008,9.81,3.93,1,1,0.01,0.01,0.2779465732636743,-1.781916036631988,-5.524798760772279,1.3483606182401826,-10.299927888640942,48.73219134016331,0.0,-0.7233860957508468,0.9716018908598212,0.0,-5.591652302880477,2.6512131944928963,0.0,11.072631595523298,23.353197731764258,96.89275441683795,62.220666104701166,159.11342052153913
1.0000000000000007,9.81,3.93,1,1,0.01,0.01,0.26687678195655545,-1.7791219859105554,-5.544790729445133,1.4456224716071475,-9.694466158781735,48.52929529052316,0.0,-0.7345660940473633,0.9768829866468043,0.0,-5.588374637866643,2.6298715595259896,0.0,10.780289585692065,22.907695507531905,96.69181308637884,62.42095573498824,159.11276882136707
1.0020000000000007,9.81,3.93,1,1,0.01,0.01,0.2557682079208306,-1.7761338186870061,-5.563586394087355,1.5424764466847198,-9.103719151728171,48.32437830099522,0.0,-0.7457397410382427,0.9821213421310786,0.0,-5.585300010739912,2.608473525675958,0.0,10.488962284970533,22.459112805338915,96.49165599442208,62.62045123818683,159.1121072326089
1.0040000000000007,9.81,3.93,1,1,0.01,0.01,0.24462321395486808,-1.7729523544952808,-5.58121575163512,1.6389188997743427,-8.528248601142188,48.117841364502326,0.0,-0.7569074376074888,0.9873168493054643,0.0,-5.582423190745661,2.5870238577493345,0.0,10.198819326490455,22.007576526935107,96.29226639599638,62.81916925665001,159.11143565264638
1.0060000000000007,9.81,3.93,1,1,0.01,0.01,0.23344410176279237,-1.7695784193436108,-5.597709887815964,1.7349470057669902,-7.968581497408315,47.91010192461446,0.0,-0.7680695738764712,0.9924694094903634,0.0,-5.579738649154446,2.565527117775821,0.0,9.910026109706854,21.55321427527892,96.09362831854425,63.0171256609103,159.11075397945456
1.0080000000000007,9.81,3.93,1,1,0.01,0.01,0.22223310984664468,-1.7660128440450487,-5.613100907293569,1.8305587901321283,-7.425209752049508,47.70159296757457,0.0,-0.7792265286283163,0.997578932921398,0.0,-5.577240579592606,2.543987658359302,0.0,9.622743516659288,21.096154083835554,95.89572657075098,63.21433554034282,159.1100621110938
1.0100000000000007,9.81,3.93,1,1,0.01,0.01,0.21099241153879297,-1.7622564624858161,-5.627421863339171,1.925753159118365,-6.898590059117838,47.49276214301542,0.0,-0.7903786687731442,1.0026453383249467,0.0,-5.57492291853457,2.5224096172245454,0.0,9.337127657426214,20.636524145489158,95.69854674878225,63.410813196428656,159.1093599452109
1.0120000000000007,9.81,3.93,1,1,0.01,0.01,0.19972411317514757,-1.7583101098349891,-5.640706687418496,2.020529928229481,-6.389143948361602,47.28407091965915,0.0,-0.8015263488543338,1.0076685524839566,0.0,-5.572779365821395,2.500796912936238,0.0,9.053329644579415,20.174452541231872,95.50207523994663,63.60657213860176,159.1086473785484
1.0140000000000007,9.81,3.93,1,1,0.01,0.01,0.18843025240897185,-1.7541746206988922,-5.652990119071761,2.114889849052011,-5.897258023971281,47.07599378218348,0.0,-0.8126699105957398,1.0126485097963347,0.0,-5.570803405075285,2.479153241758807,0.0,8.771495396257443,19.71006696883608,95.30629922381351,63.80162508264938,159.1079243064629
1.0160000000000007,9.81,3.93,1,1,0.01,0.01,0.17711279666433494,-1.7498508272234132,-5.6643076364509195,2.208834634522785,-5.423284381821874,46.86901747530718,0.0,-0.8238096824895255,1.0175851518281744,0.0,-5.568988323885977,2.457482075618099,0.0,8.491765467305525,19.243494471758552,95.11120667082552,63.99598395162571,159.10719062245124
1.0180000000000007,9.81,3.93,1,1,0.01,0.01,0.16577364172754044,-1.745339557147261,-5.674695387863433,2.302366982736799,-4.96754119736651,46.663640301002054,0.0,-0.8349459794240439,1.0224784268639668,0.0,-5.567327233651635,2.435786661119453,0.0,8.214274907774868,18.77486116856339,94.91678633845875,64.18965987922667,159.1064462176854
1.0200000000000007,9.81,3.93,1,1,0.01,0.01,0.15441461047418223,-1.7406416318089737,-5.684190124655472,2.3954905994074527,-4.530313475697645,46.460371474582445,0.0,-0.8460791023509486,1.027328289455862,0.0,-5.565813088964106,2.414070019570807,0.0,7.939153147936192,18.304291983183617,94.7230277649898,64.38266321556456,159.10569098055436
1.0220000000000007,9.81,3.93,1,1,0.01,0.01,0.14303745172882992,-1.7357578641102531,-5.69282913574996,2.4882102191025153,-4.1118539547805,46.25973054526213,0.0,-0.8572093379905434,1.032134699973934,0.0,-5.564438706436189,2.3923349479547986,0.0,7.666523908843429,17.831910376369617,94.52992126094179,64.57500353527234,159.10492479621414
1.0240000000000007,9.81,3.93,1,1,0.01,0.01,0.13164383925373455,-1.73068905643794,-5.700650184136474,2.5805316253902215,-3.7123841524772505,46.062246886608634,0.0,-0.8683369585741347,1.0368976241592889,0.0,-5.563196782876387,2.370584020789492,0.0,7.396505137379934,17.357838078692883,94.3374578982847,64.76668964785861,159.1041475461433
1.0260000000000007,9.81,3.93,1,1,0.01,0.01,0.1202353708623691,-1.7254359985466672,-5.70769144559096,2.6724616700405877,-3.332095547721396,45.86845926217363,0.0,-0.8794622216220109,1.0416170326817298,0.0,-5.56207991272491,2.3488195928143356,0.0,7.12920896463526,16.88219482548848,94.14562949747611,64.95772961022867,159.10335910770476
1.0280000000000007,9.81,3.93,1,1,0.01,0.01,0.1088135676530829,-1.7199994654039257,-5.713991449883823,2.7640082914374635,-2.9711508860643008,45.678915471436646,0.0,-0.8905853697554839,1.0462929007035595,0.0,-5.5610806046727745,2.327043802435393,0.0,6.8647416863912705,16.405098094125393,93.95442861243275,65.14813074127912,159.10255935371185
1.0300000000000007,9.81,3.93,1,1,0.01,0.01,0.0973798733576506,-1.714380214998959,-5.719589024715297,2.8551805323669783,-2.629685599798569,45.49417208108024,0.0,-0.9017066305412925,1.0509252074509794,0.0,-5.560191297394077,2.305258575862287,0.0,6.603203764444027,15.926662843992732,93.76384851352798,65.33789963847052,159.1017481519985
1.0320000000000007,9.81,3.93,1,1,0.01,0.01,0.08593565379903872,-1.7085789861165595,-5.724523242597552,2.9459885573579845,-2.3078093329612845,45.31479424652007,0.0,-0.9128262163665225,1.0555139357943906,0.0,-5.559404374329453,2.2834656318683297,0.0,6.344689847450185,15.447001259580219,93.57388316871447,65.52704219627702,159.1009253649915
1.0340000000000007,9.81,3.93,1,1,0.01,0.01,0.07448219645229287,-1.7025964960764755,-5.728833370883738,3.0364436697598696,-2.0056075617270097,45.14135562854667,0.0,-0.9239443243421046,1.0600590718387806,0.0,-5.558712177466523,2.261666487105129,0.0,6.089288809963435,14.966222497013547,93.38452722287447,65.7155636264095,159.10009084928396
1.0360000000000007,9.81,3.93,1,1,0.01,0.01,0.06302071010206693,-1.6964334384387676,-5.732558825125522,3.126558328752796,-1.7231433010131234,44.974438409912985,0.0,-0.9350611362328214,1.0645606045252352,0.0,-5.558107020070517,2.239862461903291,0.0,5.83708380831608,14.48443243437968,93.19577597550168,65.90346847970733,159.099244455209
1.0380000000000007,9.81,3.93,1,1,0.01,0.01,0.051552324589971193,-1.6900904806750388,-5.735739125922689,3.2163461664950965,-1.4604588885291447,44.814633416715544,0.0,-0.9461768184116914,1.0690185252444797,0.0,-5.5575811983252965,2.218054686491881,0.0,5.588152352002796,14.001733426143684,93.00762535681902,66.09076066959167,159.0983860264107
1.0400000000000007,9.81,3.93,1,1,0.01,0.01,0.04007809064460557,-1.6835682618050567,-5.738413859411337,3.305822005622322,-1.2175778380037727,44.66254034948667,0.0,-0.9572915218365184,1.073432827463215,0.0,-5.557127001851545,2.196244107570772,0.0,5.34256638923608,13.518224061917772,92.82007190243864,66.2774434969743,159.09751539941294
1.0420000000000007,9.81,3.93,1,1,0.01,0.01,0.028598979786867804,-1.6768673899978395,-5.74062264152123,3.3950018773223647,-0.9945067539092368,44.51876812903787,0.0,-0.9684053820463256,1.0778035063639035,0.0,-5.556736723074833,2.1744314951720107,0.0,5.100392405365262,13.033998929795276,92.63311272666563,66.46351967651611,159.09663240318173
1.0440000000000007,9.81,3.93,1,1,0.01,0.01,0.017115884302880163,-1.6699884401358198,-5.742405086118179,3.4839030402213584,-0.7912373006689198,44.38393536228306,0.0,-0.9795185191753579,1.0821305584985061,0.0,-5.556402665421758,2.1526174497486856,0.0,4.861691532881635,12.549148384407872,92.4467454945504,66.64899136413163,159.09573685868202
1.0460000000000007,9.81,3.93,1,1,0.01,0.01,0.005629617276659784,-1.6629319513402239,-5.7438007771340045,3.5725440003257503,-0.6077482200719256,44.25867093352746,0.0,-0.9906310379822862,1.0864139814565734,0.0,-5.556117150327066,2.1308024094325115,0.0,4.626519671770384,12.063758319803583,92.26096839278667,66.83386018563789,159.09482857842454
1.0480000000000007,9.81,3.93,1,1,0.01,0.01,-0.005859087325535001,-1.6556984244552968,-5.744849244774886,3.660944532277229,-0.4440073914251212,44.143614727044415,0.0,-1.0017430278922277,1.0906537735479742,0.0,-5.555872523038762,2.1089866574043947,0.0,4.394927619014413,11.577909947177204,92.0757800995515,67.01812726645012,159.09390736600162
1.0500000000000007,9.81,3.93,1,1,0.01,0.01,-0.017349574527421426,-1.6482883194884823,-5.745589945888821,3.749125702189254,-0.2999739298412972,44.03941848718504,0.0,-1.0128545630491657,1.0948499335004267,0.0,-5.555661157211653,2.0871703293254367,0.0,4.166961206104429,11.091679577413425,91.89117975338077,67.20179326223,159.09297301561077
1.0520000000000007,9.81,3.93,1,1,0.01,0.01,-0.028841268179864064,-1.6407020530031136,-5.746062248564636,3.8371098923469145,-0.1756003189901069,43.94674682278269,0.0,-1.023965702376333,1.0990024601719146,0.0,-5.5554754582823485,2.0653534207792963,0.0,3.942661443463498,10.605138408327702,91.70716692116399,67.38485839039775,159.09202531156174
1.0540000000000007,9.81,3.93,1,1,0.01,0.01,-0.040333670771531605,-1.6329399954595973,-5.746305421028602,3.92492082806598,-0.07083457562125829,43.86627836323539,0.0,-1.03507648964213,1.1031113522779512,0.0,-5.555307865620659,2.0435357946803903,0.0,3.722064670750892,10.11835231641006,91.52374156534222,67.56732246242387,159.0910640277661
1.0560000000000007,9.81,3.93,1,1,0.01,0.01,-0.051826363221696155,-1.6250024685004605,-5.746358624900388,4.012583607022481,0.014377555793555062,43.798707074387174,0.0,-1.046186953529113,1.1071766081335923,0.0,-5.555150853453442,2.021717188606032,0.0,3.5052027120693245,9.63138165279441,91.34090401038281,67.74918491682325,159.09008892720607
1.0580000000000007,9.81,3.93,1,1,0.01,0.01,-0.06331900466395343,-1.6168897421739967,-5.7462609128678235,4.100124731381247,0.08009037886483981,43.74474374319189,0.0,-1.0572971077036017,1.1111982254100021,0.0,-5.554996930557192,1.9998972220143219,0.0,3.2921030351602982,9.144281043089778,91.15865490859952,67.93044485278048,159.08909976138
1.0600000000000007,9.81,3.93,1,1,0.01,0.01,-0.0748113322297607,-1.6086020320905683,-5.746051230839964,4.187572143070764,0.12635599095654476,43.70511764114727,0.0,-1.0684069508834395,1.1151762009053066,0.0,-5.554838638715164,1.9780754033132455,0.0,3.0827889137337063,8.657099190621167,90.97699520537988,68.11110106434202,159.08809626972192
1.0620000000000007,9.81,3.93,1,1,0.01,0.01,-0.08630316084081038,-1.6001394965049065,-5.745768424640297,4.274955262572847,0.15322199694839936,43.68057837764522,0.0,-1.0795164669014248,1.1191105303294104,0.0,-5.554668549933393,1.9562511367501665,0.0,2.877279592139722,8.169878682536865,90.79592610387127,68.29115207511919,159.08707817899045
1.0640000000000007,9.81,3.93,1,1,0.01,0.01,-0.09779438301938512,-1.5915022333169944,-5.745451251306734,4.362305031619174,0.1607291880551407,43.671897955716375,0.0,-1.0906256247619344,1.123001208102386,0.0,-5.554479262407752,1.9344237290944235,0.0,2.675590451652042,7.682655798145472,90.61544902917392,68.47059617345312,159.08604520262702
1.0660000000000007,9.81,3.93,1,1,0.01,0.01,-0.10928496872598062,-1.582690276983302,-5.745138395072384,4.449653960213216,0.14890918134722309,43.6798730441681,0.0,-1.1017343786882174,1.1268482271659992,0.0,-5.554263395230905,1.912592396089297,0.0,2.4777331776921634,7.195460318750635,90.43556559207363,68.64943144800199,159.08499704007562
1.0680000000000007,9.81,3.93,1,1,0.01,0.01,-0.1207749652336399,-1.5737035953292824,-5.74486848811124,4.537036178425763,0.11778201422259488,43.70532748185381,0.0,-1.1128426681578378,1.130651578807889,0.0,-5.554013581824027,1.8907562686530703,0.0,2.2837159273835996,6.708315338154079,90.25627755234443,68.8276558237192,159.0839333760636
1.0700000000000007,9.81,3.93,1,1,0.01,0.01,-0.13226449704862334,-1.5645420862531039,-5.744680136145821,4.624487493445671,0.06735368660355304,43.749115031787056,0.0,-1.1239504179236888,1.13441125249788,0.0,-5.5537224620729315,1.868914398812124,0.0,2.0935434968822664,6.221237072897407,90.07758678163763,69.00526709820045,159.08285387983807
1.0720000000000007,9.81,3.93,1,1,0.01,0.01,-0.14375376588724886,-1.5552055743095974,-5.744611949029879,4.712045452405086,-0.0023863579393878093,43.81212240506202,0.0,-1.1350575380179642,1.1381272357358807,0.0,-5.553382673142107,1.8470657653522662,0.0,1.9072174879851644,5.734234671211315,89.8994952259652,69.18226297838787,159.08175820435306
1.0740000000000007,9.81,3.93,1,1,0.01,0.01,-0.15524305071898098,-1.5456938071623132,-5.744702576438467,4.799749411540791,-0.09146782261425716,43.89527257709287,0.0,-1.1461639237364123,1.141799513910791,0.0,-5.552986838932995,1.8252092791775132,0.0,1.7247364735728499,5.247310019535724,89.72200486777469,69.3586411176286,159.0806459854033
1.0760000000000007,9.81,3.93,1,1,0.01,0.01,-0.1667327078861344,-1.5360064518904168,-5.7449907488204754,4.887640612301234,-0.19994223167220943,43.999528421580614,0.0,-1.1572694556001166,1.1454280701698252,0.0,-5.5525275581442095,1.8033437883684602,0.0,1.5460961614924464,4.760457545366136,89.54511768760356,69.53439915309633,159.0795168406999
1.0780000000000007,9.81,3.93,1,1,0.01,0.01,-0.17822317131089413,-1.5261430911358755,-5.745515323795185,4.975762265062769,-0.327885702756056,44.125896690904945,0.0,-1.1683739992919653,1.1490128852976444,0.0,-5.5519973908818505,1.781468082935212,0.0,1.3712895565367689,4.273664015069841,89.36883562528534,69.70953474359526,159.0783703688806
1.0800000000000007,9.81,3.93,1,1,0.01,0.01,-0.18971495280074682,-1.5161032190750061,-5.7463153382050365,5.064159641179743,-0.4754018337124298,44.27543237536909,0.0,-1.1794774055648352,1.1525539376046856,0.0,-5.5513888437566985,1.7595808992624777,0.0,1.2003071202212048,3.7869083251987194,89.19316054067372,69.88404560777641,159.07720614845013
1.0820000000000007,9.81,3.93,1,1,0.01,0.01,-0.20120864246387643,-1.5058862371969326,-5.74743006607184,5.152880174162031,-0.6426247225894993,44.449243477968984,0.0,-1.190579510118408,1.1560512028240695,0.0,-5.550694353392546,1.7376809242470626,0.0,1.0331369281037974,3.3001612857043274,89.01809417383255,70.0579295628101,159.07602373664264
1.0840000000000007,9.81,3.93,1,1,0.01,0.01,-0.21270490924661167,-1.4954914498698433,-5.74889908274364,5.241973570851697,-0.82972214212504,44.6484962461812,0.0,-1.2016801334413363,1.1595046540164782,0.0,-5.549906268255303,1.7157667991304926,0.0,0.86976482443484,2.8133853933326787,88.84363810463137,70.23118456356903,159.0748226682004
1.0860000000000007,9.81,3.93,1,1,0.01,0.01,-0.22420450160563093,-1.4849180596741016,-5.750762335564895,5.331491933558826,-1.0368988928984693,44.87442090775587,0.0,-1.2127790806153143,1.1629142614823913,0.0,-5.549016828696286,1.6938371230319493,0.0,0.7101745739605864,2.326534593341285,88.66979371166785,70.40380874239068,159.07360245405852
1.0880000000000007,9.81,3.93,1,1,0.01,0.01,-0.23570824832834616,-1.4741651624792538,-5.753060221454092,5.421489894216646,-1.2644003625220896,45.12831796376174,0.0,-1.223876141077344,1.1662799926810943,0.0,-5.548018145084315,1.6718904561891212,0.0,0.5543480107413511,1.8395540275376225,88.49656213042624,70.5758004495024,159.07236257992864
1.0900000000000007,9.81,3.93,1,1,0.01,0.01,-0.24721705951571296,-1.4632317422397374,-5.755833671831215,5.512024761729566,-1.5125163218420743,45.4115650992799,0.0,-1.2349710883362475,1.1696018121558813,0.0,-5.546902173880364,1.6499253229170785,0.0,0.40226518387711385,1.3523797664850365,88.32394421056452,70.74715829420616,159.0711025047707
1.0920000000000007,9.81,3.93,1,1,0.01,0.01,-0.258731927742663,-1.4521166654816284,-5.759124245403369,5.603156683816511,-1.781584993173134,45.72562478031543,0.0,-1.2460636796391324,1.1728796814649007,0.0,-5.5456606914844055,1.6279402142977277,0.0,0.2539045000639137,0.8649385235580461,88.15194047220483,70.91788118693745,159.0698216591423
1.0940000000000007,9.81,3.93,1,1,0.01,0.01,-0.27025392941244497,-1.4408186754500125,-5.7629742293914425,5.694948824798245,-2.0719974301856805,46.07205261486116,0.0,-1.2571536555831702,1.1761135591171206,0.0,-5.544285265656993,1.6059335906151198,0.0,0.10924286293172107,0.3771473483523916,87.98055106108391,71.08796838232959,159.0685194434135
1.0960000000000008,9.81,3.93,1,1,0.01,0.01,-0.28178422632240796,-1.4293363858835055,-5.767426749865003,5.787467560943713,-2.384202254291318,46.45250656679145,0.0,-1.2682407396676139,1.1793034005129184,0.0,-5.542767224287065,1.5839038835546613,0.0,-0.03174419086104672,-0.11108670323558216,87.8097757024006,71.25741952343321,159.0671952258338
1.0980000000000008,9.81,3.93,1,1,0.01,0.01,-0.2933240674601901,-1.4176682743790379,-5.772525891948165,5.88078269517987,-2.718710798343187,46.86875712361652,0.0,-1.2793246377804894,1.1824491578888527,0.0,-5.541097621242126,1.5618494981874471,0.0,-0.16908235877962324,-0.5998669251519232,87.6396136531734,71.42623468726227,159.06584834043565
1.1000000000000008,9.81,3.93,1,1,0.01,0.01,-0.30487479105090576,-1.40581267530619,-5.778316830767488,5.974967693185387,-3.0761027153134477,47.322698533358015,0.0,-1.2904050376138256,1.1855507802661998,0.0,-5.539267198996469,1.5397688147643667,0.0,-0.3027984427965577,-1.0893073466661019,87.47006365289941,71.59441443185918,159.0644780847586
1.1020000000000008,9.81,3.93,1,1,0.01,0.01,-0.31643782687778804,-1.3937677722260906,-5.78484597413597,6.0700999431351965,-3.457032117481449,47.81636124222837,0.0,-1.301481608000648,1.188608213402908,0.0,-5.537266347686712,1.5176601903486338,0.0,-0.432920222976954,-1.579533150548435,87.30112387227874,71.76195984509732,159.06308371737606
1.1040000000000008,9.81,3.93,1,1,0.01,0.01,-0.32801469890086715,-1.3815315897650775,-5.79216111810712,6.166261041644704,-3.862234320748971,48.35192568379236,0.0,-1.3125539981661856,1.1916213997486786,0.0,-5.5350850601905,1.4955219603200052,0.0,-0.5594763342242598,-2.0706811275658024,87.13279185973512,71.92887259546646,159.0616644552016
1.1060000000000008,9.81,3.93,1,1,0.01,0.01,-0.33960702820069094,-1.3691019848879051,-5.800311616692585,6.263537108785321,-4.292533279206928,48.93173759230434,0.0,-1.3236218368848898,1.1945902784029538,0.0,-5.532712882762701,1.4733524397893358,0.0,-0.6824961461388473,-2.5629001712028976,86.96506448543713,72.0951549851168,159.06021947055393
1.1080000000000008,9.81,3.93,1,1,0.01,0.01,-0.35121653627685673,-1.3564766375091832,-5.809348567218927,6.3620191354132825,-4.748849807270014,49.55832503848552,0.0,-1.334684731533861,1.1975147850756702,0.0,-5.530138860692198,1.451149924968597,0.0,-0.8020096459400948,-3.056351816825052,86.7979378824803,72.26081000547224,159.05874788795253
1.1100000000000008,9.81,3.93,1,1,0.01,0.01,-0.36284504873428053,-1.3436530403748268,-5.819325013007602,6.461803366479236,-5.232210700877817,50.23441741577122,0.0,-1.3457422670321122,1.2003948520507501,0.0,-5.527351478359742,1.4289126945491086,0.0,-0.918047324407122,-3.551210829831085,86.6314073848539,72.42584139576134,159.05724878061523
1.1120000000000008,9.81,3.93,1,1,0.01,0.01,-0.3744944993937301,-1.3306284881374866,-5.830296165301295,6.562991724475944,-5.743758885803677,50.96296663978651,0.0,-1.3567940046537825,1.2032304081523904,0.0,-5.524338592981294,1.4066390111500982,0.0,-1.0306400648052128,-4.047665847701014,86.46546746176512,72.59025370485791,159.05572116662302
1.1140000000000008,9.81,3.93,1,1,0.01,0.01,-0.3861669348672634,-1.3174000655410631,-5.842319646634665,6.665692277746509,-6.284764740451161,51.74717086441403,0.0,-1.3678394807018657,1.206021378714381,0.0,-5.521087361209042,1.384327122910926,0.0,-1.1398190347858832,-4.54592008122256,86.30011164784254,72.75405235687326,159.0541640047158
1.1160000000000008,9.81,3.93,1,1,0.01,0.01,-0.3978645196439198,-1.303964634619324,-5.855455758164376,6.770019759028537,-6.856638763188865,52.59050106541114,0.0,-1.378878205027231,1.2087676855528018,0.0,-5.517584157631052,1.361975265314047,0.0,-1.2456155812808647,-5.046192080580076,86.1353324686783,72.91724372099634,159.05257618967465
1.1180000000000008,9.81,3.93,1,1,0.01,0.01,-0.4095895417363974,-1.2903188208021565,-5.8697677738392935,6.876096140365952,-7.460945780908931,53.4967308984443,0.0,-1.3899096593756581,1.2114692469426742,0.0,-5.513814484056312,1.3395816633425843,0.0,-1.3480611284568367,-5.548716572404814,85.97112136109769,73.0798351861441,159.05095654724178
1.1200000000000008,9.81,3.93,1,1,0.01,0.01,-0.421344418945626,-1.2764589978098693,-5.885322264715576,6.984051271397901,-8.09942092686935,54.46997030424652,0.0,-1.4009332955431923,1.2141259775993483,0.0,-5.509762868290331,1.317144534096947,0.0,-1.4471870788625192,-6.053745374309367,85.80746858746676,73.24183524105602,159.0493038285228
1.1220000000000008,9.81,3.93,1,1,0.01,0.01,-0.43313170580723387,-1.262381271200941,-5.902189457213524,7.094023589055119,-8.773987652923829,55.51470341132421,0.0,-1.4119485333173383,1.2167377886656872,0.0,-5.505412750891844,1.294662090020308,0.0,-1.5430247179877845,-6.5615483938500025,85.64436314325467,73.40325356055213,159.0476167038068
1.1240000000000008,9.81,3.93,1,1,0.01,0.01,-0.4449541012920579,-1.248081460421396,-5.92044362968582,7.206160907884288,-9.486778085090945,56.635831378603356,0.0,-1.4229547581783406,1.219304587706442,0.0,-5.500746358146792,1.2721325429140016,0.0,-1.635605122572497,-7.072414719261778,85.48179265696182,73.56410109877085,159.04589375573266
1.1260000000000008,9.81,3.93,1,1,0.01,0.01,-0.45681445734223886,-1.2335550791841883,-5.940163552335212,7.320621301611595,-10.24015608344332,57.838720929501555,0.0,-1.4339513187309754,1.2218262787116059,0.0,-5.495744559192982,1.249554108962594,0.0,-1.7249590731595668,-7.586653809667913,85.31974328139819,73.72439019031606,159.04413347171425
1.1280000000000008,9.81,3.93,1,1,0.01,0.01,-0.46871578833527805,-1.2187973139841717,-5.961432976301698,7.4375740881855705,-11.03674342918456,59.12925945864476,0.0,-1.4449375238328008,1.2243027621110225,0.0,-5.490386704867654,1.226925015036437,0.0,-1.8111169715939268,-8.104596792742186,85.15819957515772,73.88413466037352,159.04233423553126
1.1300000000000008,9.81,3.93,1,1,0.01,0.01,-0.48066128158096766,-1.2038030005278881,-5.984341178656559,7.5572009324517015,-11.879449635584079,60.5139177471183,0.0,-1.455912639379544,1.2267339348031119,0.0,-5.484650445417396,1.2042435065991497,0.0,-1.8941087644418941,-8.626597877951609,84.99714437296268,74.04334994501001,159.04049431797267
1.1320000000000008,9.81,3.93,1,1,0.01,0.01,-0.49265430897062873,-1.188566597826916,-6.008983571119482,7.679697082862309,-12.771505967662481,61.9998215069973,0.0,-1.4668758847020515,1.2291196902013168,0.0,-5.478511523689552,1.181507857622163,0.0,-1.973963873664349,-9.153035893456885,84.83655864335493,74.2020532230471,159.03861186640205
1.1340000000000008,9.81,3.93,1,1,0.01,0.01,-0.5046984399149618,-1.1730821596681276,-6.035462381587213,7.805272761281259,-13.716504361249928,63.59483319739262,0.0,-1.477826428521904,1.2314599183027524,0.0,-5.471943539796733,1.1587163830017215,0.0,-2.0507111363487946,-9.684315954404118,84.67642133198522,74.36026356111181,159.03668489309703
1.1360000000000008,9.81,3.93,1,1,0.01,0.01,-0.5167974557264522,-1.1573433031330351,-6.063887419066432,7.934154728085225,-14.71844205905917,65.30764582029258,0.0,-1.488763384404003,1.2337545057846429,0.0,-5.464917682485506,1.1358674540910028,0.0,-2.124378755926076,-10.220871269568788,84.51670918847294,74.51800207371225,159.0347112621852
1.1380000000000008,9.81,3.93,1,1,0.01,0.01,-0.528955365625193,-1.1413431737903805,-6.0943769343869185,8.066588048489855,-15.78177293437926,67.14789072481713,0.0,-1.499685805634035,1.2360033361355174,0.0,-5.45740242151606,1.112959518107822,0.0,-2.1949942681152925,-10.763165091927236,84.35739657449426,74.67529210048048,159.03268867497474
1.1400000000000008,9.81,3.93,1,1,0.01,0.01,-0.541176424573794,-1.1250744071299628,-6.1270585911909325,8.202838090460522,-16.911466657643118,69.1262618351271,0.0,-1.5105926794362312,1.238206289829807,0.0,-5.449363154230688,1.0899911223653571,0.0,-2.2625845259200505,-11.311692816474542,84.19845525036955,74.83215940306849,159.03061465343802
1.1420000000000008,9.81,3.93,1,1,0.01,0.01,-0.553465153178495,-1.108529085739855,-6.162070564221278,8.343192789850168,-18.113077084513115,71.25465918492043,0.0,-1.5214829204318545,1.2403632445566264,0.0,-5.440761798105046,1.0669609445108326,0.0,-2.3271757094283725,-11.866984225126291,84.03985413697035,74.98863238459751,159.02848652156786
1.1440000000000008,9.81,3.93,1,1,0.01,0.01,-0.5658263599305696,-1.0916986916517495,-6.199562784949656,8.487965224720678,-19.392821514968148,73.54635520839577,0.0,-1.5323553632208107,1.2424740755161832,0.0,-5.4315563193718654,1.04386783025992,0.0,-2.388793368065961,-12.429605873342767,83.88155904922208,75.1447423350518,159.0263013842739
1.1460000000000008,9.81,3.93,1,1,0.01,0.01,-0.5782651661057014,-1.0745740531879218,-6.239698358203803,8.637496548369482,-20.757672801868313,76.01618792615567,0.0,-1.5432087539469053,1.244538655800592,0.0,-5.421700185698585,1.0207108405025944,0.0,-2.4474625054807473,-13.000163605513862,83.7235323968283,75.30052370659845,159.02405610342674
1.1480000000000008,9.81,3.93,1,1,0.01,0.01,-0.5907870336905365,-1.057145285535456,-6.282655177795542,8.792159339669213,-22.215466687766405,78.68078600223123,0.0,-1.5540417406807236,1.2465568568801073,0.0,-5.411141728280567,0.9974893101553356,0.0,-2.5032077206180317,-13.579305175191266,83.56573284705667,75.45601442352543,159.0217472705821
1.1500000000000008,9.81,3.93,1,1,0.01,0.01,-0.603397796766691,-1.0394017241455589,-6.328627774380386,8.952361440266172,-23.775027236388137,81.55883166879246,0.0,-1.5648528624216724,1.24852854922116,0.0,-5.399823395439752,0.9742029217800302,0.0,-2.5560534230877003,-14.167722930622967,83.40811494348077,75.61125623234898,159.01937117582975
1.1520000000000008,9.81,3.93,1,1,0.01,0.01,-0.616103696855059,-1.0213318499039183,-6.37782943508626,9.118550361377457,-25.446313819742624,84.6713687589349,0.0,-1.5756405364809662,1.2504536030694082,0.0,-5.387680875712642,0.9508517978285852,0.0,-2.606024147054122,-14.766156503876099,83.25062867342035,75.7662950986828,159.01692377210315
1.1540000000000008,9.81,3.93,1,1,0.01,0.01,-0.6289114228097226,-1.0029232048371473,-6.430494642070694,9.291218358871403,-27.240593846703256,88.04216460415141,0.0,-1.586403043958314,1.2523318894398072,0.0,-5.374642063231331,0.9274366164681807,0.0,-2.6531449961920117,-15.375395410511645,83.09321897541646,75.92118165873447,159.01440063415095
1.1560000000000008,9.81,3.93,1,1,0.01,0.01,-0.6418281559540148,-0.9841622969042982,-6.486881886390165,9.470908294612263,-29.170646301896014,91.6981363996247,0.0,-1.5971385129643607,1.2541632813669468,0.0,-5.360625831631368,0.9039587573816786,0.0,-2.6974422635851845,-15.996281422608632,82.93582517636293,76.07597173484722,159.01179691121013
1.1580000000000008,9.81,3.93,1,1,0.01,0.01,-0.6548616212748684,-0.9650344921638545,-6.547276924739564,9.658220425423618,-31.251002236906142,95.6698548840603,0.0,-1.6078448991653649,1.255947655483558,0.0,-5.345540574340715,0.8804204858401725,0.0,-2.7389442859864777,-16.629710515683367,82.77838034579918,76.2307269264237,159.00910727222288
1.1600000000000008,9.81,3.93,1,1,0.01,0.01,-0.6680201456398066,-0.9455238922964745,-6.611996560159311,9.853820289342435,-33.49822965470953,99.99214089528832,0.0,-1.6185199631319724,1.2576848940140593,0.0,-5.329282458355679,0.8568251858744468,0.0,-2.777682613298865,-17.27663410223604,82.62081055225583,76.38551528993122,159.00632584218704
1.1620000000000008,9.81,3.93,1,1,0.01,0.01,-0.6813127241789994,-0.9256131950912387,-6.681393044200345,10.058447893114439,-35.93127178944012,104.70477362401826,0.0,-1.6291612438548633,1.259374887294931,0.0,-5.311733324740476,0.8331776567572469,0.0,-2.8136936039100644,-17.938059140552227,82.46303400330396,76.54041212463072,159.0034461279347
1.1640000000000008,9.81,3.93,1,1,0.01,0.01,-0.6947490961889713,-0.9052835350551353,-6.755859217840918,10.272928446283144,-38.57184963931471,109.85333326200765,0.0,-1.6397660276392623,1.2610175369664616,0.0,-5.292758151082461,0.8094844915691835,0.0,-2.8470205981374277,-18.615046531504404,82.30496004691283,76.6955008843398,159.00046093125263
1.1660000000000008,9.81,3.93,1,1,0.01,0.01,-0.708339832172239,-0.8845143007665319,-6.835834532273022,10.498184937015097,-41.44494177749989,115.4902052604451,0.0,-1.6503313113982054,1.2626127600238781,0.0,-5.272201967614881,0.785754562808886,0.0,-2.8777168806548508,-19.30870696593998,82.14648800665368,76.85087424014786,158.99736224680154
1.1680000000000008,9.81,3.93,1,1,0.01,0.01,-0.7220964339370216,-0.8632829249453703,-6.921812119130644,10.735252904245522,-44.57935692395096,121.67577853441557,0.0,-1.6608537591183081,1.2641604939738609,0.0,-5.2498860877985924,0.761999648465103,0.0,-2.905849725944279,-20.02019302790645,81.98750581690939,77.00663532481016,158.99414114171955
1.1700000000000008,9.81,3.93,1,1,0.01,0.01,-0.7360314500530176,-0.841564642435364,-7.0143471133196105,10.985297830850309,-48.008417414457504,128.47987546293052,0.0,-1.6713296499541404,1.2656607034203908,0.0,-5.225603473241465,0.7382352436151687,0.0,-2.9315059397739773,-20.750685846009805,81.82788841618994,77.16289919691533,158.99078761310528
1.1720000000000008,9.81,3.93,1,1,0.01,0.01,-0.7501586094035824,-0.8193322103647419,-7.114066470505629,11.249635663683868,-51.770774305836945,135.983456918726,0.0,-1.6817548159949771,1.2671133885094439,0.0,-5.199112998348898,0.7144816187806458,0.0,-2.9547994812803093,-21.501373844797897,81.66749584642022,77.31979457231212,158.98729041873236
1.1740000000000008,9.81,3.93,1,1,0.01,0.01,-0.7644929761017188,-0.7965555836508861,-7.221680564955521,11.529757057219962,-55.91137688154125,144.28064970089378,0.0,-1.692124567208579,1.2685185958060867,0.0,-5.170132307071498,0.6907652088946745,0.0,-2.97588199985528,-22.273420072941573,81.50617099303122,77.47746588231034,158.98363687534157
1.1760000000000008,9.81,3.93,1,1,0.01,0.01,-0.7790511296548301,-0.7732015377247887,-7.337996899715448,11.827356033721188,-60.48261972210988,153.48114442001975,0.0,-1.7024336003571934,1.2698764323757166,0.0,-5.138328855625461,0.6671204486611801,0.0,-2.994957487515498,-23.067913013843594,81.34373688404034,77.63607573365918,158.9798126176995
1.1780000000000008,9.81,3.93,1,1,0.01,0.01,-0.7938513749721122,-0.749233228872321,-7.463936305002035,12.144363843621296,-65.54568727826219,163.7130048714971,0.0,-1.712675887740898,1.2711870841160897,0.0,-5.103308601451469,0.6435922155226093,0.0,-3.012302790464184,-23.88579347292011,81.17999344499766,77.79580786532594,158.97580131032362
1.1800000000000008,9.81,3.93,1,1,0.01,0.01,-0.8089139875946121,-0.7246096809515845,-7.600552031558924,12.482988872648907,-71.1721052915542,175.1259073361051,0.0,-1.7228445403696202,1.2724508397714995,0.0,-5.064601616485732,0.6202391066725361,0.0,-3.028296535871014,-24.72774671215294,81.01471357941273,77.9568707230808,158.9715843024935
1.1820000000000008,9.81,3.93,1,1,0.01,0.01,-0.8242615003466663,-0.6992851855443615,-7.749052142644505,12.845763432875573,-77.44548354909371,187.89477551671237,0.0,-1.732931638482472,1.273668122603444,0.0,-5.021643653360588,0.5971378709548161,0.0,-3.0434602565943614,-25.594043897005992,80.84763840948068,78.11950180668558,158.96714021616626
1.1840000000000008,9.81,3.93,1,1,0.01,0.01,-0.8399190383550204,-0.6732086010546886,-7.910825531336801,13.23559810903881,-84.46338268867227,202.22366729810014,0.0,-1.7429280200621697,1.2748395324654238,0.0,-4.9737523508027675,0.5743894542451531,0.0,-3.05851736637778,-26.484309258400593,80.6784714678037,78.28397298847156,158.96244445627525
1.1860000000000008,9.81,3.93,1,1,0.01,0.01,-0.8559147098436717,-0.6463225353330724,-8.08747166431817,13.655843851698567,-92.33913598209091,218.349554513735,0.0,-1.7528230149139215,1.275965902140269,0.0,-4.920096294888789,0.5521273193837886,0.0,-3.074478513286308,-27.39717780822295,80.50687157557992,78.45059705921673,158.95746863479667
1.1880000000000008,9.81,3.93,1,1,0.01,0.01,-0.872280059867317,-0.6185623969701726,-8.28083364120648,14.110360924036204,-101.20326306538483,236.54522762569442,0.0,-1.7626041076943106,1.2770483734070621,0.0,-4.859654511896896,0.5305290010911199,0.0,-3.09276629488548,-28.329790922403248,80.33244407524685,78.61973583091626,158.9521799061631
1.1900000000000008,9.81,3.93,1,1,0.01,0.01,-0.889050592393106,-0.589855304159221,-8.493033106298956,14.60359158512966,-111.20374970117687,257.1197920324767,0.0,-1.7722565075915822,1.2780885006515337,0.0,-4.791163104885336,0.5098323005167416,0.0,-3.115399264582189,-29.277050509205527,80.15473000658335,78.79181021970768,158.94654022629103
1.1920000000000008,9.81,3.93,1,1,0.01,0.01,-0.906266361381987,-0.560118850129008,-8.726503493880168,15.140629053133917,-122.5037966815306,280.4138085991285,0.0,-1.7817625946778932,1.2790883932765909,0.0,-4.713044613083266,0.4903581830608279,0.0,-3.1452660156000816,-30.230512232930295,79.9731927303952,78.96731284794643,158.94050557834163
1.1940000000000008,9.81,3.93,1,1,0.01,0.01,-0.9239726209914038,-0.5292597464279742,-8.984014186898463,15.727267063493642,-135.27441204294996,306.78354198177647,0.0,-1.7911012027187125,1.2800509132340339,0.0,-4.623314265288492,0.47254341398460653,0.0,-3.186537052011831,-31.17673799579514,79.78720142906839,79.14682383965643,158.93402526872484
1.1960000000000008,9.81,3.93,1,1,0.01,0.01,-0.9422205036605819,-0.4971724104542663,-9.268670906779713,16.369999030265003,-149.67699459465234,336.5640919145812,0.0,-1.8002466849827465,1.2809799514313014,0.0,-4.519455748483479,0.4569873702333527,0.0,-3.245288206229153,-32.094839801893364,79.59601088533447,79.33103062340815,158.9270415087426
1.1980000000000008,9.81,3.93,1,1,0.01,0.01,-0.9610676534999909,-0.4637376508424256,-9.583864356185002,17.07590780583194,-165.8270940268087,369.9928392753433,0.0,-1.8091676934874443,1.2818808175571088,0.0,-4.398257928890534,0.44451941467883893,0.0,-3.330448250862909,-32.952824876503016,79.39873703507588,79.52075265705815,158.91948969213405
1.2000000000000008,9.81,3.93,1,1,0.01,0.01,-0.9805786648601188,-0.42882176780053816,-9.933115269288523,17.852336767417587,-183.72370136443556,407.06025921347094,0.0,-1.8178255851170069,1.282760793117261,0.0,-4.255604579792994,0.436295683775886,0.0,-3.4552375500908528,-33.70220079920041,79.19432814664913,79.71697194065209,158.9113000873012
1.2020000000000008,9.81,3.93,1,1,0.01,0.01,-1.000825034409497,-0.3922766837394954,-10.31972248497111,18.70614550046009,-203.11737038361682,447.23189531298505,0.0,-1.8261723569333754,1.283629917776521,0.0,-4.086215168917819,0.43393657878533753,0.0,-3.6393283598904906,-34.27016636966631,78.9815323224486,79.92086973980008,158.90240206224868
1.2040000000000008,9.81,3.93,1,1,0.01,0.01,-1.0218840851336966,-0.35394224591823403,-10.746052329417845,19.642209532497333,-223.2749357884938,488.9526167362365,0.0,-1.8341480259210745,1.2845021026282994,0.0,-3.883354354444648,0.4397166103547603,0.0,-3.9119958153396177,-34.548765332771524,78.75886361754388,80.13386857590618,158.89273219345006
1.2060000000000008,9.81,3.93,1,1,0.01,0.01,-1.0438359019329082,-0.3136527244537042,-11.21220756108659,20.660613115437055,-242.5844269959634,528.8145354855333,0.0,-1.8416774483560623,1.2853966812897482,0.0,-3.6385782681909316,0.4568106165550878,0.0,-4.316422846534448,-34.38108002866239,78.52457147888917,80.35767520947559,158.88224668836477
1.2080000000000009,9.81,3.93,1,1,0.01,0.01,-1.0667566824867754,-0.2712508675930754,-11.713706193676085,21.75175720539498,-257.95753298324036,560.2990988094127,0.0,-1.848666812158751,1.2863404914534369,0.0,-3.341698188124891,0.489570340828557,0.0,-4.914748879710065,-33.54698203044811,78.27662051643165,80.59431320209796,158.8709337185296
1.2100000000000009,9.81,3.93,1,1,0.01,0.01,-1.090706133986674,-0.22661450201281733,-12.237806842340445,22.888619010046234,-264.1070861374798,572.2570821314587,0.0,-1.8550005971050254,1.287370453234495,0.0,-2.9813569074200696,0.5437240334092803,0.0,-5.791703201125507,-31.757165921346864,78.01268703474227,80.84612011755519,158.85880715229746
1.2120000000000009,9.81,3.93,1,1,0.01,0.01,-1.1157061701306086,-0.1797014536661329,-12.758595518491525,24.016408152142265,-253.1602980212355,548.0976041633951,0.0,-1.8605408937506405,1.2885362338579625,0.0,-2.546922949285602,0.6262210205728955,0.0,-7.050716216813702,-28.676186764019064,77.73017417893541,81.1156631905153,158.84583736945072
1.2140000000000009,9.81,3.93,1,1,0.01,0.01,-1.1417097612582576,-0.13061519061658478,-13.232565272257801,25.043270376416586,-215.81158328770647,468.2220729856152,0.0,-1.8651325928304634,1.2899017838715339,0.0,-2.032566076471676,0.7441991457997625,0.0,-8.79056407443877,-24.008899273263022,77.42626453180135,81.4055056738744,158.83177020567575
1.2160000000000009,9.81,3.93,1,1,0.01,0.01,-1.1685651467406462,-0.07968019326903669,-13.599464035902221,25.842100394729123,-145.6694203565525,319.1864942595047,0.0,-1.8686190740393531,1.291543381348971,0.0,-1.443587318628516,0.902500978280314,0.0,-11.050005298218629,-17.674936540990423,77.09817052259915,81.71776472843266,158.81593525103182
1.2180000000000009,9.81,3.93,1,1,0.01,0.01,-1.195992752025376,-0.027490498854228197,-13.795069452422117,26.277487360280443,-46.35523623777869,108.65725282761976,0.0,-1.8708706692332537,1.2935413799490263,0.0,-0.8023347074138125,1.0999822070137983,0.0,-13.730909143745022,-10.015421067837426,76.744059391188,82.05349699518503,158.79755638637303
1.2200000000000009,9.81,3.93,1,1,0.01,0.01,-1.2236011348406808,0.025124039283375067,-13.7763266916329,26.25870030102846,64.74064360919313,-126.68200167768006,0.0,-1.8718194006823392,1.295965297019722,0.0,-0.14774054938206627,1.3268246152236536,0.0,-16.561383923284673,-1.8440929805488722,76.3648788984187,82.41214145605046,158.77702035446916
1.2220000000000009,9.81,3.93,1,1,0.01,0.01,-1.2509541921684861,0.0772395238605504,-13.54387332841321,25.787152850097485,163.47886630923122,-335.92855155343017,0.0,-1.8714828470818192,1.2988575390559305,0.0,0.4753878289544444,1.5660443962116668,0.0,-19.17197793618973,5.819838179489184,75.9653475692922,82.79137711568629,158.7567246849785
1.2240000000000009,9.81,3.93,1,1,0.01,0.01,-1.277662894959834,0.1280314622003359,-13.141827025279637,24.955948375046425,232.6463045281709,-482.779153195475,0.0,-1.869961170837956,1.3022245861623074,0.0,1.031657984714797,1.7993147798320503,0.0,-21.255148576480405,12.18688580286777,75.55175627701583,83.18757393662409,158.7393302136399
1.2260000000000009,9.81,3.93,1,1,0.01,0.01,-1.303451734754275,0.17691490850822528,-12.634982462052356,23.90181739457559,268.8585902911473,-560.0780057914903,0.0,-1.8674085203006525,1.30604021524684,0.0,1.5039523537936443,2.012874025776995,0.0,-22.676270240625545,16.942952995026587,75.12877642858025,83.5966143192291,158.72539074780934
1.2280000000000009,9.81,3.93,1,1,0.01,0.01,-1.3281736491048046,0.22357600958025767,-12.083678135134095,22.752137351155238,278.7015922866968,-581.6902373162415,0.0,-1.8639962814921938,1.31025718459767,0.0,1.8919163279620113,2.199770570484757,0.0,-23.465685582359818,20.181701808250878,74.69906121550754,84.01464789930856,158.71370911481608
1.2300000000000009,9.81,3.93,1,1,0.01,0.01,-1.3517861357476806,0.26792172204442394,-11.53119773442719,21.598360003677342,271.59105934590207,-567.4565562268433,0.0,-1.8598853824767008,1.3148200686579716,0.0,2.2050376273853596,2.3586781579528946,0.0,-23.742871893368367,22.19629911378231,74.26456317317437,84.4385004301792,158.70306360335357
1.2320000000000009,9.81,3.93,1,1,0.01,0.01,-1.374315038636001,0.3100035037921069,-11.003105225654204,20.49458847129975,255.43465022576595,-534.0489588278749,0.0,-1.8552130863884497,1.3196743700415718,0.0,2.456203600589605,2.4915517706720727,0.0,-23.64646904172763,23.310991601774084,73.82717146640587,84.86575029079,158.69292175719588
1.2340000000000009,9.81,3.93,1,1,0.01,0.01,-1.395823272155273,0.34995137533702464,-10.511781404956547,19.46712311138716,235.51043688719597,-492.60295986229204,0.0,-1.8500905111112234,1.3247711357191114,0.0,2.6579400450892283,2.6017009729782576,0.0,-23.297387344846474,23.800989972701196,73.38859690460492,85.29462765910696,158.6832245637119
1.2360000000000009,9.81,3.93,1,1,0.01,0.01,-1.4163895575085075,0.3879290602147484,-10.061389896855587,18.524920495858503,214.8806714569876,-449.5859645581959,0.0,-1.8446053459318152,1.330068429566556,0.0,2.8209011923210463,2.6926598884999295,0.0,-22.787988150012012,23.873294662096512,72.95019098262938,85.72386575539267,158.67405673802205
1.2380000000000009,9.81,3.93,1,1,0.01,0.01,-1.4360959227242538,0.42410758727925235,-9.651566557374657,17.66736778842922,195.1289977377244,-408.3487343100434,0.0,-1.8388261224258242,1.3355311674664594,0.0,2.953594513853777,2.767666507937607,0.0,-22.18392028167268,23.674205346562324,72.51292204010431,86.15256523089786,158.66548727100218
1.2400000000000009,9.81,3.93,1,1,0.01,0.01,-1.455021166453769,0.45865146314239447,-9.279737929978209,16.889170991990664,176.9637391646989,-370.39580276682847,0.0,-1.8328063640859944,1.3411302952486355,0.0,3.062612754583582,2.829488201918731,0.0,-21.529887874146713,23.3037583133948,72.07744595076574,86.58008853845472,158.65753448922044
1.2420000000000009,9.81,3.93,1,1,0.01,0.01,-1.4732378938685244,0.4917123784977083,-8.942443620620066,16.183145193211914,160.61433136339141,-336.2206673289305,0.0,-1.8265880577767124,1.3468418108414173,0.0,3.1530022514604488,2.880411101108782,0.0,-20.855470447646436,22.82915284258678,71.64419401406329,87.00598299151058,158.65017700557388
1.2440000000000009,9.81,3.93,1,1,0.01,0.01,-1.4908115223317315,0.5234270727234496,-8.63603749844363,15.541695863284609,146.06625457949025,-305.80097796790835,0.0,-1.8202043770991247,1.3526458459095425,0.0,3.228615970909465,2.9222938048236378,0.0,-20.17978355678195,22.29507908252723,71.21344530751124,87.42992635092259,158.6433716584338
1.2460000000000009,9.81,3.93,1,1,0.01,0.01,-1.5078002973236153,0.5539173343829367,-8.357031390512706,14.957546413119932,133.19209264614628,-278.87495591205266,0.0,-1.8136817570023618,1.358525879586614,0.0,3.2924046761227856,2.9566381078270605,0.0,-19.51487100531638,21.731050676018267,70.78537810696689,87.85168878038743,158.6370668873543
1.2480000000000009,9.81,3.93,1,1,0.01,0.01,-1.5242557800037675,0.5832910016818418,-8.102243432548217,14.424053594034632,121.82141702468148,-255.08891978192713,0.0,-1.8070414549445144,1.3644680938836045,0.0,3.3466421113912337,2.9846569197576347,0.0,-18.86806186096429,21.156418336136777,70.36010426450055,88.27110629708082,158.63121056158138
1.2500000000000009,9.81,3.93,1,1,0.01,0.01,-1.540223517948292,0.6116433539849484,-7.868844346278153,13.935307299043782,111.77633571010465,-234.0724355326777,0.0,-1.8003007221771288,1.3704608562252332,0.0,3.393094060965912,3.0073325811420055,0.0,-18.243570119471347,20.583739161861057,69.93769168716149,88.68806218274759,158.6257538699091
1.252000000000001,9.81,3.93,1,1,0.01,0.01,-1.5557437517117414,0.6390585829368292,-7.654353212608009,13.486123496804193,102.88837177149595,-215.47408642209578,0.0,-1.793473684513176,1.3764943078837497,0.0,3.4331436675524807,3.0254644272893056,0.0,-17.643567788379503,20.02102635197033,69.5181789954946,89.10247388773746,158.62065288323205
1.254000000000001,9.81,3.93,1,1,0.01,0.01,-1.5708520868357303,0.6656111940723531,-7.45661043658047,13.07198873583763,95.00546577257228,-198.97639406883854,0.0,-1.786572008145555,1.382560037520728,0.0,3.4678840002580418,3.0397066134399897,0.0,-17.068900888826356,19.473250488264522,69.10158515045059,89.51428373375987,158.61586888421044
1.256000000000001,9.81,3.93,1,1,0.01,0.01,-1.585580101740845,0.6913672759576315,-7.2737423482957855,12.688986727385455,87.9939257539527,-184.30005962752523,0.0,-1.7796054065041949,1.388650821936007,0.0,3.49818654740714,3.0505978355871406,0.0,-16.5195661497067,18.943343956967023,68.68791584924172,89.92345225823149,158.6113681074732
1.258000000000001,9.81,3.93,1,1,0.01,0.01,-1.5999558828750433,0.7163856181525428,-7.104124674266849,12.333722312350044,81.7379248919031,-171.20300980346863,0.0,-1.772582029160561,1.3947604194748635,0.0,3.5247521361799734,3.0585845757673664,0.0,-15.99502805270763,18.43287569803266,68.27716782998127,90.32995340913752,158.60712123911878
1.260000000000001,9.81,3.93,1,1,0.01,0.01,-1.6140044886971971,0.740718680901435,-6.9463482584413345,12.00324998266814,76.13792318294992,-159.47715342896336,0.0,-1.7655087627156312,1.4008834046038892,0.0,3.5481490338674435,3.064039277922576,0.0,-15.494429432294936,17.942506552265463,67.8693318056502,90.73377104706753,158.60310285271774
1.262000000000001,9.81,3.93,1,1,0.01,0.01,-1.627748348591641,0.7644134290660702,-6.799188392928564,11.695009862429584,71.10872353992823,-148.94435021124272,0.0,-1.758391465553777,1.4070150347110202,0.0,3.5688416705288137,3.067274593595455,0.0,-15.016730998212209,17.472297867769516,67.46439448654088,91.13489637871427,158.59929086525517
1.264000000000001,9.81,3.93,1,1,0.01,0.01,-1.6412076043854371,0.7875120462056248,-6.661578093813885,11.406771886422417,66.5775138958233,-139.45233634358874,0.0,-1.7512351525247924,1.4131511422101908,0.0,3.5872124636407863,3.0685545916771964,0.0,-14.560803285150403,17.021921385001047,67.0623399875074,91.53332605996228,158.59566604746968
1.266000000000001,9.81,3.93,1,1,0.01,0.01,-1.6544004022554597,0.8100525450065755,-6.532585165628205,11.136587870637456,62.48205606976703,-130.87094873285326,0.0,-1.74404414141324,1.4192880466061564,0.0,3.603578535916992,3.068103622781482,0.0,-14.125486685864868,16.590802296441623,66.6631508141388,91.92906078447707,158.59221159861588
1.268000000000001,9.81,3.93,1,1,0.01,0.01,-1.667343142255668,0.8320692891349283,-6.41139268727944,10.88275071981556,58.76908265589212,-123.0887792798859,0.0,-1.736822170011103,1.4254224823861545,0.0,3.618204624815178,3.066113367456589,0.0,-13.709630033946215,16.17821680040393,66.26680855698645,92.32210422724475,158.58891278423118
1.270000000000001,9.81,3.93,1,1,0.01,0.01,-1.6800506918776097,0.8535934398943237,-6.297282485972973,10.643759873313009,55.39291308775368,-116.010284531214,0.0,-1.729572490395833,1.431551539531768,0.0,3.631313130367616,3.0627484727103442,0.0,-13.312114762150381,15.783358496291703,65.87329438104399,92.71246224966794,158.58575663071193
1.272000000000001,9.81,3.93,1,1,0.01,0.01,-1.6925365691870697,0.8746533392660618,-6.189621170317394,10.418292097197241,52.314276367768585,-109.55332574249898,0.0,-1.722297945395705,1.4376726141527518,0.0,3.64309199597463,3.058151086122307,0.0,-12.931869372626256,15.40538334361417,65.48258937021322,93.10014229883251,158.58273166904573
1.274000000000001,9.81,3.93,1,1,0.01,0.01,-1.7048131002554645,0.8952748391904871,-6.087848330325688,10.20517680495595,49.49931821597741,-103.647093560396,0.0,-1.7150010310306483,1.4437833672868314,0.0,3.6537009355065786,3.0524445245934535,0.0,-12.567877424242,15.043439817600245,65.09467476820308,93.48515295191811,158.5798277201212
1.276000000000001,9.81,3.93,1,1,0.01,0.01,-1.7168915548671604,0.9154815854113192,-5.991466560029178,10.00337518845415,46.91876778210279,-98.23036578349104,0.0,-1.7076839478309453,1.449881690325914,0.0,3.6632763888737943,3.04573626008985,0.0,-12.219181212933536,14.696688815527704,64.70953214497113,93.86750356980124,158.57703571477236
1.278000000000001,9.81,3.93,1,1,0.01,0.01,-1.7287822638449293,0.9352952628707666,-5.900033007730535,9.811962543199463,44.54723990937918,-93.25004825466677,0.0,-1.7003486432740686,1.4559656758501882,0.0,3.6719354926789016,3.0381203632867244,0.0,-11.884882625486913,14.364316459021609,64.32714350936604,94.24720403328718,158.57434754265321
1.280000000000001,9.81,3.93,1,1,0.01,0.01,-1.740494720792471,0.9547358085085079,-5.81315220479052,9.630113267480922,42.36265128573853,-88.65995373929121,0.0,-1.6929968470813996,1.462033592900266,0.0,3.6797792824975635,3.0296795145279196,0.0,-11.564142174862852,14.04554197592984,63.94749138277086,94.62426454220198,158.57175592497285
1.282000000000001,9.81,3.93,1,1,0.01,0.01,-1.752037670596224,0.9738215963632822,-5.730469964396935,9.457088099505405,40.34573165495313,-84.41977951152717,0.0,-1.685630100738439,1.4680838659111264,0.0,3.6868952915845163,3.020486667505621,0.0,-11.256176903007969,13.739622184531703,63.57055884443834,94.99869546253449,158.56925430697282
1.284000000000001,9.81,3.93,1,1,0.01,0.01,-1.763419186647359,0.992569599078732,-5.651668176591041,9.292223229340491,38.479614085154445,-80.49425023873067,0.0,-1.6782497823132891,1.4741150566831527,0.0,3.6933596723089295,3.010606432680418,0.0,-10.960257616499701,13.44585364579065,63.19632955629196,95.37050721046128,158.56683676675323
1.286000000000001,9.81,3.93,1,1,0.01,0.01,-1.7746467384276514,1.0109955292519286,-5.576460355214019,9.134920983844456,36.74949087686874,-76.85239813499335,0.0,-1.6708571274260344,1.480125848884775,0.0,3.699238937788511,3.0000962333183714,0.0,-10.675705768865003,13.163573231408389,62.82478777288556,95.73971016478666,158.56449793767223
1.288000000000001,9.81,3.93,1,1,0.01,0.01,-1.7857272508395396,1.0291139635122049,-5.504587816966737,8.98464183401773,35.14232395346964,-73.46695706804769,0.0,-1.6634532470496182,1.486115034675556,0.0,3.704591399440755,2.9890072760867525,0.0,-10.401890199144301,12.892157633061121,62.455918340702624,96.10631460133912,158.56223294204176
1.290000000000001,9.81,3.93,1,1,0.01,0.01,-1.7966671564420504,1.0469384517606477,-5.435816393118762,8.840897516728388,33.64660050266996,-70.31385132216363,0.0,-1.6560391426887107,1.4920815031135484,0.0,3.709468359650973,2.977385369652559,0.0,-10.138223864455064,12.631022181936432,62.0897066898812,96.4703306443744,158.56003733425558
1.292000000000001,9.81,3.93,1,1,0.01,0.01,-1.8074724415726897,1.064481613620769,-5.369933591208733,8.703245097900329,32.25212625146567,-67.37176308938704,0.0,-1.648615719377938,1.498024230070742,0.0,3.713915106128159,2.9652716180903687,0.0,-9.884160654877055,12.379619237439705,61.72613882065244,96.8317682311739,158.55790705182633
1.294000000000001,9.81,3.93,1,1,0.01,0.01,-1.818148687184385,1.0817552238349697,-5.306746137936805,8.571281833232591,30.949850095595945,-64.6217655580302,0.0,-1.6411837968578276,1.5039422694285733,0.0,3.717971744802921,2.9527030106945347,0.0,-9.639192345042128,12.137436325896306,61.3652012861779,97.19063708689009,158.55583837306799
1.296000000000001,9.81,3.93,1,1,0.01,0.01,-1.8287011051007616,1.0987702880781984,-5.246077845871824,8.444640706406693,29.73171490799038,-62.047010773294076,0.0,-1.633744119220995,1.5098347453644152,0.0,3.7216739005995763,2.9397129256780374,0.0,-9.402845713626329,11.903994154700108,61.00688117304364,97.54694670735134,158.55382788039498
1.298000000000001,9.81,3.93,1,1,0.01,0.01,-1.8391345702879953,1.115537110440463,-5.18776775601337,8.322986544437596,28.59053025681372,-59.63246333914819,0.0,-1.6262973632685318,1.5157008455715035,0.0,3.7250533095553493,2.92633156197849,0.0,-9.174679846232308,11.67884458800422,60.6511660803345,97.90070634804277,158.55187242837727
1.300000000000001,9.81,3.93,1,1,0.01,0.01,-1.8494536496535894,1.1320653536459306,-5.131668516022071,8.206012626085146,27.51986350641599,-57.36467258352125,0.0,-1.6188441457743865,1.5215398152805308,0.0,3.7281383211703756,2.912586310791885,0.0,-8.954283626641558,11.461568642075571,60.298044097969594,98.25192501787095,158.54996911584055
1.302000000000001,9.81,3.93,1,1,0.01,0.01,-1.8596626278086779,1.1483640929220664,-5.0776449603578095,8.093437712687132,26.51394638282997,-55.23157708107064,0.0,-1.6113850298215038,1.527350951972196,0.0,3.7309543262568337,2.8985020763728535,0.0,-8.741273414524313,11.251774538566197,59.94750378480019,98.60061147662046,158.54811526142066
1.304000000000001,9.81,3.93,1,1,0.01,0.01,-1.8697655301684257,1.1644418643024603,-5.025572863888272,7.985003441911782,25.56759458386843,-53.222336470276005,0.0,-1.6039205303459507,1.5331336006873504,0.0,3.733524122692493,2.884101553964872,0.0,-8.535290903311049,11.049095839881694,59.59953414682951,98.94677423524621,158.54630838207572
1.306000000000001,9.81,3.93,1,1,0.01,0.01,-1.8797661437127782,1.18030670803752,-4.975337844948787,7.880472034172552,24.676138422585446,-51.32718635656809,0.0,-1.5964511190027797,1.5388871498557237,0.0,3.735868229204854,2.8694054713700208,0.0,-8.336001149279365,10.853189680905862,59.25412461581394,99.29042155832812,158.54454617414206
1.308000000000001,9.81,3.93,1,1,0.01,0.01,-1.889668035685558,1.1959662076946218,-4.926834397510863,7.779624269140795,23.835362828500333,-49.537312795366745,0.0,-1.5889772284490253,1.5446110275760514,0.0,3.738005155488594,2.854432799568835,0.0,-8.143090761448248,10.663735104397244,58.91126502842603,99.63156146815699,158.54282649658302
1.310000000000001,9.81,3.93,1,1,0.01,0.01,-1.8994745704723872,1.2114275254507896,-4.879965035183474,7.682257696208749,23.04145530708145,-47.844743426557926,0.0,-1.5814992561241479,1.5503046982903643,0.0,3.7399516354933886,2.8392009369046964,0.0,-7.956266241216804,10.480431502569079,58.57094560610166,99.97020175003405,158.5411473561357
1.312000000000001,9.81,3.93,1,1,0.01,0.01,-1.9091889248659957,1.2266974340142047,-4.834639532335605,7.588185048121566,22.290960685572305,-46.24225280812431,0.0,-1.5740175675957668,1.5559676598034593,0.0,3.7417228295355045,2.823725870613717,0.0,-7.775252460568656,10.302997164093949,58.23315693564925,100.30634995845588,158.53950689410513
1.314000000000001,9.81,3.93,1,1,0.01,0.01,-1.918814101900269,1.2417823455539139,-4.790774249778733,7.497232831496369,21.58074166124708,-44.72327989003203,0.0,-1.5665324995282277,1.561599440605491,0.0,3.743332499926426,2.8080223188782263,0.0,-7.599791267898708,10.131167923603675,57.89788995066872,100.64001342392427,158.537903374593
1.316000000000001,9.81,3.93,1,1,0.01,0.01,-1.9283529434111268,1.2566883379684344,-4.748291534255415,7.409240071728678,20.90794432385674,-43.281855895226855,0.0,-1.559044362322957,1.5671995974615034,0.0,3.744793164029648,2.792103856084491,0.0,-7.42964021097498,9.964695909369128,57.5651359137999,100.9711992601791,158.536335173979
1.318000000000001,9.81,3.93,1,1,0.01,0.01,-1.9378081414623802,1.2714211787822294,-4.707119182503606,7.324057192974411,20.26996795323831,-41.91254114497833,0.0,-1.551553442472394,1.572767713236619,0.0,3.7461162280169074,2.7759830235534686,0.0,-7.2645713671345415,9.803348384016335,57.2348863998059,101.29991437169295,158.53480077149885
1.320000000000001,9.81,3.93,1,1,0.01,0.01,-1.9471822487575765,1.2859863469231745,-4.667189961953698,7.241545016589675,19.66443850057602,-40.610369590800936,0.0,-1.5440600046632917,1.5783033949298195,0.0,3.7473121040698247,2.7596714276709133,0.0,-7.104370271465953,9.646906672700045,56.90713327948102,101.62616546130445,158.53329874078548
1.322000000000001,9.81,3.93,1,1,0.01,0.01,-1.9564776881440822,1.3003890526032469,-4.628441181206063,7.161573863692946,19.08918525149004,-39.37080000286587,0.0,-1.5365642936601327,1.583806271892795,0.0,3.7483903133396494,2.743179827057613,0.0,-6.94883493440989,9.495165172994378,56.5818687043658,101.94995903789265,158.53182774225846
1.324000000000001,9.81,3.93,1,1,0.01,0.01,-1.9656967613028924,1.314634255497985,-4.590814304363341,7.084022749453038,18.542220244133212,-38.189672921777,0.0,-1.529066535995137,1.5892759942133734,0.0,3.749359576619463,2.726518210181566,0.0,-6.797774940886002,9.34793044078641,56.25908509224324,102.27130142401796,158.53038651626122
1.326000000000001,9.81,3.93,1,1,0.01,0.01,-1.9748416567066212,1.3287266813971736,-4.554254604080721,7.008778658357138,18.021720078359472,-37.063172612180615,0.0,-1.5215669414877544,1.5947122312456525,0.0,3.750227894385582,2.709695864613188,0.0,-6.651010623709459,9.205020346610253,55.93877511338851,102.59019876347338,158.5289738768619
1.328000000000001,9.81,3.93,1,1,0.01,0.01,-1.9839144569185407,1.3426708374791572,-4.518710848871025,6.935735891122627,17.52600980488391,-35.987793367288326,0.0,-1.5140657046134558,1.6001146702711635,0.0,3.751002617616808,2.692721438955665,0.0,-6.508372304684124,9.066263297091401,55.62093167753797,102.90665702870173,158.5275887062397
1.330000000000001,9.81,3.93,1,1,0.01,0.01,-1.9929171452972025,1.3564710263437572,-4.484135020777765,6.86479547512245,17.05354862788919,-34.96030960659175,0.0,-1.5065630057390482,1.6054830152773438,0.0,3.7516905105930083,2.67560299833973,0.0,-6.3696995973443915,8.931497516452836,55.30554792154551,103.22068202804905,158.52622994959455
1.332000000000001,9.81,3.93,1,1,0.01,0.01,-2.001851612163909,1.3701313589235624,-4.450482060023846,6.7958646312284126,16.602917192152837,-33.97774928777133,0.0,-1.4990590122394984,1.6108169858412147,0.0,3.7522978067004455,2.6583480742511134,0.0,-6.23484076586119,8.80057038334158,54.99261719769242,103.53227941282971,158.52489661052212
1.334000000000001,9.81,3.93,1,1,0.01,0.01,-2.010719660483955,1.3836557663800846,-4.4177096336686965,6.728856290866307,16.17280625762535,-33.03737022046467,0.0,-1.4915538795093632,1.6161163161076244,0.0,3.7528302581250936,2.6409637093561202,0.0,-6.103652135129196,8.673337818552328,54.68213306261444,103.84145468418853,158.52358774680297
1.336000000000001,9.81,3.93,1,1,0.01,0.01,-2.0195230111069935,1.3970480110796468,-4.385777925673005,6.6636886578434025,15.762006591424543,-32.13663892613448,0.0,-1.484047751880272,1.621380753852634,0.0,3.753293180191708,2.623456497903086,0.0,-5.975997547512051,8.54966371954224,54.374089266814394,104.14821319974945,158.52230246656384
1.338000000000001,9.81,3.93,1,1,0.01,0.01,-2.028263307607015,1.4103116967336666,-4.3546494460867375,6.60028481017094,15.369399930215357,-31.273211736413568,0.0,-1.476540763454501,1.6266100596237116,0.0,3.7536914910018786,2.60583262220263,0.0,-5.851747862142443,8.429419437939814,54.06847974472714,104.45256018004491,158.52103992477205
1.340000000000001,9.81,3.93,1,1,0.01,0.01,-2.0369421207581273,1.4234502777790337,-4.324288857350014,6.538572337677444,14.993950885559924,-30.44491786335115,0.0,-1.4690330388634767,1.6318040059493493,0.0,3.754029746935712,2.5880978856254058,0.0,-5.730780493056235,8.312483296547857,53.7652986053046,104.75450071472432,158.5197993200289
1.342000000000001,9.81,3.93,1,1,0.01,0.01,-2.045560952678557,1.4364670680663778,-4.294662815934082,6.47848301170581,14.634699681587577,-29.649744210064874,0.0,-1.4615246939589763,1.6369623766115144,0.0,3.754312174506255,2.570257742500978,0.0,-5.612978982786935,8.198740142620817,53.46454012309063,105.05403976854092,158.51857989163153
1.344000000000001,9.81,3.93,1,1,0.01,0.01,-2.054121240671949,1.4493652489170525,-4.265739827756212,6.419952483619368,14.290755628695438,-28.88582172035337,0.0,-1.4540158364438869,1.6420849659750976,0.0,3.7545426989914836,2.552317325253957,0.0,-5.498232608361628,8.088080934461011,53.16619872975693,105.35118218712117,158.5173809168781
1.346000000000001,9.81,3.93,1,1,0.01,0.01,-2.0626243607921038,1.462147876603497,-4.237490115982276,6.362920009218515,13.96129124931849,-28.151413091619656,0.0,-1.4465065664485928,1.6471715783691137,0.0,3.754724970213496,2.534281469072659,0.0,-5.386436016924199,7.980402358623239,52.87026900607222,105.64593270251919,158.5162017085914
1.348000000000001,9.81,3.93,1,1,0.01,0.01,-2.0710716311546715,1.4748178893021742,-4.209885499987834,6.307328196498154,13.645536982413933,-27.444901697646955,0.0,-1.438996977058375,1.652222027515003,0.0,3.7548623857874417,2.5161547343699753,0.0,-5.277488888469247,7.875606475245719,52.57674567427773,105.93829593856285,158.51504161284058
1.350000000000001,9.81,3.93,1,1,0.01,0.01,-2.079464315017003,1.4873781135634414,-4.1828992843858925,6.253122774463438,13.34277640244721,-26.76478158689817,0.0,-1.4314871547965906,1.657236135997847,0.0,3.7549581121220434,2.4979414272655633,0.0,-5.171295623402865,7.773600389234997,52.285623590845404,106.22827641599733,158.51390000684273
1.352000000000001,9.81,3.93,1,1,0.01,0.01,-2.087803623645308,1.4998312703383996,-4.156506157149858,6.200252380973096,13.05234189656604,-26.10964843853619,0.0,-1.4239771800678729,1.662213734776726,0.0,3.7550151034186072,2.47964561829175,0.0,-5.067765052856759,7.674295945226134,51.996897739594075,106.51587855743234,158.51277629702642
1.354000000000001,9.81,3.93,1,1,0.01,0.01,-2.096090718986423,1.512179980598931,-4.130682095965816,6.148668367800577,12.773610750484584,-25.47819137266442,0.0,-1.4164671275651526,1.66715466273089,0.0,3.7550361188852714,2.461271159502165,0.0,-4.966810169871733,7.577609444417107,51.71056322514217,106.80110669210181,158.51166991724398
1.356000000000001,9.81,3.93,1,1,0.01,0.01,-2.1043267161598624,1.5244267705837167,-4.105404282041176,6.098324621297563,12.506001599529426,-24.869185523692018,0.0,-1.4089570666438553,1.6720587662386674,0.0,3.7550237383570084,2.4428217001420607,0.0,-4.868347879738366,7.483461381538598,51.42661526667575,107.08396506044218,158.51058032711794
1.358000000000001,9.81,3.93,1,1,0.01,0.01,-2.1125126857843606,1.5365740766999654,-4.080651020678536,6.049177397215541,12.248971206450635,-24.281485296505966,0.0,-1.4014470616663108,1.6769258987864055,0.0,3.7549803764893266,2.424300701021334,0.0,-4.772298767937233,7.3917762003694625,51.14504919201241,107.3644578184976,158.50950701051
1.360000000000001,9.81,3.93,1,1,0.01,0.01,-2.1206496561518056,1.5486242501078569,-4.056401667995834,6.0011851683922295,12.002011532086179,-23.71401823451432,0.0,-1.3939371723190632,1.6817559206049657,0.0,3.7549082956738458,2.4057114477159036,0.0,-4.678586884261124,7.302482066343626,50.8658604319424,107.64258904215998,158.50844947410238
1.362000000000001,9.81,3.93,1,1,0.01,0.01,-2.1287386152602927,1.5605795610122437,-4.032636563237688,5.954308484143084,11.764647068879409,-23.165779436807863,0.0,-1.3864274539055144,1.6865486983315496,0.0,3.754809617806814,2.387057062709313,0.0,-4.587139541827816,7.215510654918299,50.58904451482984,107.91836273125149,158.50740724608133
1.364000000000001,9.81,3.93,1,1,0.01,0.01,-2.1367805127169714,1.5724422026839655,-4.009336966179307,5.908509840316364,11.536432410666853,-22.635826468835724,0.0,-1.3789179576160726,1.6913041046948278,0.0,3.754686335026618,2.3683405165746034,0.0,-4.497887129806535,7.130796954486299,50.314597061457164,108.19178281345683,158.506379874914
1.366000000000001,9.81,3.93,1,1,0.01,0.01,-2.144776261520416,1.5842142952311482,-3.986484999174502,5.86375355907504,11.316950035144263,-22.123274717246744,0.0,-1.3714087307777652,1.6960220182215517,0.0,3.7545403195233087,2.3495646382858033,0.0,-4.410762938784326,7.048279082718493,50.042513780098375,108.46285314811298,158.50536692821134
1.368000000000001,9.81,3.93,1,1,0.01,0.01,-2.1527267397313934,1.5958978891390834,-3.964063593443801,5.820005677561913,11.10580827804132,-21.627293145033462,0.0,-1.3638998170850762,1.7007023229629943,0.0,3.7543733325116504,2.3307321247391206,0.0,-4.325702997792072,6.967898115316036,49.77279046180546,108.73157752986442,158.50436799166988
1.370000000000001,9.81,3.93,1,1,0.01,0.01,-2.1606327920401465,1.60749496859568,-3.9420564392382724,5.777233844687128,10.902639480338168,-21.147100407932,0.0,-1.3563912568136063,1.7053449082396919,0.0,3.754187032449207,2.3118455495557604,0.0,-4.242645922094839,6.889597926238016,49.50542297589543,108.99795969218962,158.50338266808507
1.372000000000001,9.81,3.93,1,1,0.01,0.01,-2.168495231237596,1.619007454618038,-3.9204479395499354,5.735407225351026,10.707098291881968,-20.681961297266696,0.0,-1.3488830870179798,1.709949668403139,0.0,3.7539829825720643,2.2929073712308776,0.0,-4.16153277092752,6.8133250385476805,49.24040726562485,109.26200331080705,158.50241057643188
1.374000000000001,9.81,3.93,1,1,0.01,0.01,-2.176314839597266,1.630437207994376,-3.899223167071079,5.6944964114811185,10.518860116546916,-20.23118347816147,0.0,-1.3413753417153125,1.7145165026131721,0.0,3.753762657813102,2.273919940686804,0.0,-4.08230691442666,6.739028485091974,48.977739344039875,109.52371200696646,158.50145135100632
1.376000000000001,9.81,3.93,1,1,0.01,0.01,-2.184092370174148,1.641786032054378,-3.8783678241329325,5.654473339320723,10.337619685655179,-19.79411449533195,0.0,-1.3338680520553987,1.7190453146299096,0.0,3.753527451160781,2.254885508282913,0.0,-4.004913909072256,6.666659678293635,48.71741528999007,109.78308935063282,158.5005046406229
1.378000000000001,9.81,3.93,1,1,0.01,0.01,-2.1918285480262125,1.6530556752799372,-3.857868205379274,5.615311212459434,10.163089747767708,-19.370139021582474,0.0,-1.3263612464787033,1.7235360126192134,0.0,3.753278679510407,2.235806230329426,0.0,-3.9293013810106614,6.596172288394224,48.45943124429638,110.04013886356834,158.4995701078647
1.380000000000001,9.81,3.93,1,1,0.01,0.01,-2.199524071363823,1.6642478337673152,-3.83771116295308,5.576984430142724,9.994999864185944,-18.95867632670754,0.0,-1.3188549508631096,1.7279885089707092,0.0,3.753017589054461,2.2166841751478334,0.0,-3.8554189166817543,6.527522129540594,48.20378340606227,110.29486402231908,158.49864742838133
1.382000000000001,9.81,3.93,1,1,0.01,0.01,-2.2071796126318604,1.6753641535508441,-3.81788407399454,5.539468520440215,9.83309530059638,-18.559177946779364,0.0,-1.311349188660313,1.7324027201275163,0.0,3.752745360253809,2.1975213287166513,0.0,-3.7832179602208615,6.460667053156206,47.950468029119065,110.54726826111194,158.497736290231
1.384000000000001,9.81,3.93,1,1,0.01,0.01,-2.214795819529004,1.6864062327975038,-3.798374810266889,5.502740077890188,9.677136006259218,-18.171125535829212,0.0,-1.3038439810226605,1.736778566426882,0.0,3.75246311242743,2.178319599937562,0.0,-3.712651717149006,6.395566848083876,47.699481418596235,110.79735497466785,158.4968363932641
1.386000000000001,9.81,3.93,1,1,0.01,0.01,-2.2223733159682495,1.6973756238809707,-3.7791717097428514,5.466776705271984,9.526895673003414,-17.794028883730174,0.0,-1.2963393469211544,1.741115971950994,0.0,3.7521719079945197,2.159080825553729,0.0,-3.6436750639042024,6.3321831470274725,47.45081992760872,111.04512752093586,158.4959474485446
1.388000000000001,9.81,3.93,1,1,0.01,0.01,-2.2299127029824346,1.708273835343073,-3.760263549999167,5.431556959188747,9.3821608670569,-17.427424085692145,0.0,-1.2888353032552986,1.7454148643873075,0.0,3.751872756399526,2.13980677474926,0.0,-3.576244462802326,6.270479338857578,47.204479954052886,111.29058922375424,158.49506917780712
1.390000000000001,9.81,3.93,1,1,0.01,0.01,-2.2374145595782418,1.7191023337499765,-3.7416395232799218,5.397060299170663,9.242730227423925,-17.07087185020701,0.0,-1.2813318649553842,1.7496751748977741,0.0,3.7515666177476543,2.1204991534560955,0.0,-3.5103178820485548,6.2104204863803885,46.960457937503286,111.53374337544282,158.4942013129461
1.392000000000001,9.81,3.93,1,1,0.01,0.01,-2.2448794435418913,1.7298625454498762,-3.7232892131013724,5.36326704003389,9.108413725131209,-16.72395593355693,0.0,-1.2738290450777725,1.7538968379964177,0.0,3.7512544061758013,2.1011596083923214,0.0,-3.445854720450234,6.151973249200721,46.7187503562039,111.7745932393324,158.49334359553632
1.394000000000001,9.81,3.93,1,1,0.01,0.01,-2.2523078921994872,1.7405558582384577,-3.70520257228173,5.330158307252963,8.979031978209154,-16.386281690137082,0.0,-1.2663268548936786,1.7580797914347281,0.0,3.7509369929814427,2.081789730853859,0.0,-3.3828157365091682,6.0951058113384216,46.479353724146264,112.01314205223451,158.4924957763808
1.396000000000001,9.81,3.93,1,1,0.01,0.01,-2.259700423134758,1.75118362293793,-3.687369902289169,5.297715995124938,8.854415617762061,-16.057474728862545,0.0,-1.2588253039719215,1.7622239760944163,0.0,3.750615209529891,2.0623910602794613,0.0,-3.321162981596018,6.039787813283956,46.24226458822845,112.24939302685732,158.49165761508578
1.398000000000001,9.81,3.93,1,1,0.01,0.01,-2.2670575348667286,1.7617471548950074,-3.669781833810154,5.265922727522088,8.734404700917658,-15.737179666841936,0.0,-1.2513244002560673,1.7663293358870849,0.0,3.750289849958494,2.0429650876074126,0.0,-3.2608597369324563,5.985990288203173,46.00747952548842,112.48334935417148,158.4908288796599
1.400000000000001,9.81,3.93,1,1,0.01,0.01,-2.2743797074896746,1.7722477354028296,-3.652429308448204,5.234761821046703,8.61884816683789,-15.425058972317958,0.0,-1.2438241501363483,1.770395817660421,0.0,3.7499616736945676,2.023513258440669,0.0,-3.2018704541272673,5.933685602023113,45.77499514040611,112.7150142057303,158.49000934613642
1.402000000000001,9.81,3.93,1,1,0.01,0.01,-2.281667403277535,1.7826866130514487,-3.6353035614704963,5.204217250416885,8.507603332324717,-15.120791889610395,0.0,-1.2363245585167175,1.774423371110538,0.0,3.749631407802374,2.004036976035895,0.0,-3.144160699031861,5.882847397151304,45.54480806226859,112.94439073594789,158.48919879821648
1.404000000000001,9.81,3.93,1,1,0.01,0.01,-2.2889210672548024,1.7930650050111874,-3.618396105526321,5.174273615926006,8.40053542387046,-14.824073439456757,0.0,-1.2288256288773767,1.7784119487001306,0.0,3.7492997491730824,1.9845376041305185,0.0,-3.0876970986979186,5.833450539599444,45.316914942592675,113.17148208433994,158.4883970269326
1.406000000000001,9.81,3.93,1,1,0.01,0.01,-2.2961411277357615,1.8033840982528677,-3.6016987152674007,5.144916112831154,8.297517143286939,-14.5346134887406,0.0,-1.221327363333057,1.7823615055821391,0.0,3.748967366570372,1.9650164696208994,0.0,-3.0324472912361635,5.785471069299676,45.09131245260009,113.39629137773065,158.48760383033073
1.408000000000001,9.81,3.93,1,1,0.01,0.01,-2.3033279968338185,1.813645050708634,-3.585203412805573,5.1161305025373505,8.198428264303795,-14.252135884132468,0.0,-1.2138297626873515,1.7862719995286258,0.0,3.748634902543292,1.9454748651035998,0.0,-2.9783798783897453,5.738886153417304,44.86799728074033,113.61882173242944,158.48681901316976
1.410000000000001,9.81,3.93,1,1,0.01,0.01,-2.3104820709425313,1.8238489923768362,-3.5689024539483127,5.087903085454773,8.103155257757894,-13.976377644651752,0.0,-1.2063328264833446,1.7901433908646074,0.0,3.7483029752168826,1.9259140512908743,0.0,-2.925464380649401,5.6936740424783485,44.64696613025559,113.83907625638139,158.486042386637
1.412000000000001,9.81,3.93,1,1,0.01,0.01,-2.3176037311898425,1.8339970263742071,-3.5527883151571076,5.060220675415771,8.01159094320375,-13.70708820859305,0.0,-1.1988365530507679,1.7939756424066053,0.0,3.747972179970283,1.906335259310695,0.0,-2.873671194750011,5.649814029143778,44.42821571678442,114.05705805129494,158.48527376807937
1.414000000000001,9.81,3.93,1,1,0.01,0.01,-2.3246933438669113,1.8440902299383444,-3.5368536811778637,5.033070575547169,7.923634164964492,-13.444028730655337,0.0,-1.1913409395499102,1.7977687194056817,0.0,3.7476430910111054,1.88673969290078,0.0,-2.8229715533995194,5.607286409474479,44.21174276599858,114.27277021475007,158.48451298074866
1.416000000000001,9.81,3.93,1,1,0.01,0.01,-2.3317512608328355,1.854129655383311,-3.521091433296293,5.006440555501319,7.839189490812713,-13.186971425468043,0.0,-1.1838459820124743,1.8015225894947735,0.0,3.7473162628542256,1.867128530505508,0.0,-2.7733374871018523,5.566072446542471,43.99754401126934,114.4862158422909,158.48375985356023
1.418000000000001,9.81,3.93,1,1,0.01,0.01,-2.338777819896476,1.8641163310109836,-3.505494638174699,4.980318829956624,7.7581669316257384,-12.935698954031515,0.0,-1.1763516753795618,1.8052372226401223,0.0,3.7469922317123396,1.847502927283947,0.0,-2.7247417879451747,5.526154336254226,43.78561619135861,114.69739802950582,158.48301422086445
1.420000000000001,9.81,3.93,1,1,0.01,0.01,-2.3457733451764997,1.8740512619805998,-3.49005653722976,4.954694038304962,7.680481680499605,-12.690003849881535,0.0,-1.1688580135369615,1.8089125910966457,0.0,3.746671516805158,1.8278640170366478,0.0,-2.6771579752357844,5.487515175261845,43.57595604813101,114.90631987409857,158.48227592222958
1.422000000000001,9.81,3.93,1,1,0.01,0.01,-2.3527381474406894,1.883935431138804,-3.474770536513789,4.929555225449515,7.606053869933382,-12.44968798205347,0.0,-1.161364989347897,1.8125486693670783,0.0,3.7463546215934658,1.8082129140583765,0.0,-2.630560262866271,5.450138930846623,43.36856032428286,115.11298447795335,158.48154480223621
1.424000000000001,9.81,3.93,1,1,0.01,0.01,-2.359672524425489,1.8937697998123397,-3.4596301970646297,4.904891823642127,7.53480834581071,-12.214562052162556,0.0,-1.1538725946833694,1.8161454341647594,0.0,3.7460420349438013,1.7885507149235118,0.0,-2.584923528314252,5.4140104126678565,43.163425761084156,115.3173949491979,158.48082071028205
1.426000000000001,9.81,3.93,1,1,0.01,0.01,-2.3665767611366912,1.903555308565402,-3.444629225691773,4.880693635294461,7.466674457010708,-11.984445123136389,0.0,-1.1463808204502453,1.8197028643799205,0.0,3.745734232229038,1.7688785002103549,0.0,-2.5402232831750253,5.379115246277461,42.960549096129185,115.519554404267,158.48010350039618
1.428000000000001,9.81,3.93,1,1,0.01,0.01,-2.373451130132106,1.9132928779235319,-3.429761466168527,4.856950816701945,7.401585859575379,-11.759164177334853,0.0,-1.138889656617192,1.8232209410493727,0.0,3.7454316763697806,1.7491973361703295,0.0,-2.496435645138181,5.34543984830805,42.759927061092895,115.7194659699703,158.47939303106318
1.430000000000001,9.81,3.93,1,1,0.01,0.01,-2.380295891787001,1.9229834090658273,-3.415020890802123,4.833653862623836,7.339480334447959,-11.538553701974877,0.0,-1.131399092238595,1.8266996473294785,0.0,3.74513481882101,1.7295082763476048,0.0,-2.45353731132416,5.312971403248596,42.56155637948808,115.9171327855674,158.47868916505547
1.432000000000001,9.81,3.93,1,1,0.01,0.01,-2.38711129454303,1.932627784487124,-3.4004015923555397,4.810793591666758,7.28029961787553,-11.322455299942792,0.0,-1.1239091154765461,1.8301389684723173,0.0,3.744844100508206,1.7098123631544662,0.0,-2.411505532902542,5.281697841728109,42.3654337644206,116.11255800485337,158.47799176927396
1.434000000000001,9.81,3.93,1,1,0.01,0.01,-2.3938975751413456,1.9422268686317063,-3.3858977762965585,4.788361132422694,7.223989243641439,-11.110717324228258,0.0,-1.1164197136210108,1.8335388918049629,0.0,3.744559952716711,1.6901106294074035,0.0,-2.3703180909189925,5.251607820233207,42.17155591633861,116.30574479825842,158.47730071459702
1.436000000000001,9.81,3.93,1,1,0.01,0.01,-2.40065495884051,1.9517815085000103,-3.371503753351169,4.766347910315875,7.170498396359005,-10.903194534352085,0.0,-1.1089308731082594,1.8368994067117996,0.0,3.744282797937913,1.6704040998287084,0.0,-2.329953273262761,5.222690702190861,41.97991952077139,116.49669635496434,158.47661587573572
1.438000000000001,9.81,3.93,1,1,0.01,0.01,-2.4073836596198035,1.9612925342296939,-3.357213932339926,4.744745635116068,7.119779775117661,-10.699747773285875,0.0,-1.1014425795376417,1.8402205046198088,0.0,3.7440130506755276,1.6506937925181229,0.0,-2.2903898527111397,5.194936540352416,41.790521246055434,116.68541588504195,158.4759371310974
1.440000000000001,9.81,3.93,1,1,0.01,0.01,-2.414083880368471,1.9707607596523669,-3.3430228132772073,4.723546289078714,7.0717894668281005,-10.500243663477534,0.0,-1.093954817686795,1.8435021789867687,0.0,3.743751118214993,1.6309807203988793,0.0,-2.2516070659915326,5.168336060419548,41.603357741042544,116.87190662161142,158.47526436265395
1.442000000000001,9.81,3.93,1,1,0.01,0.01,-2.420755813061414,1.9801869828271965,-3.3289249807145946,4.702742115674969,7.026486828662298,-10.304554320701698,0.0,-1.0864675715253391,1.846744425292334,0.0,3.743497401358815,1.61126589264233,0.0,-2.213584593805768,5.142880645857037,41.418425632787326,117.05617182303082,158.47459745581816
1.444000000000001,9.81,3.93,1,1,0.01,0.01,-2.427399638921796,1.9895719865525352,-3.3149150973107444,4.682325608877231,6.9838343790306645,-10.112557084551458,0.0,-1.0789808242271375,1.8499472410319409,0.0,3.74325229513048,1.5915503160751905,0.0,-2.1763025417649766,5.118562323841214,41.23572152420998,117.2382147751149,158.47393629932486
1.446000000000001,9.81,3.93,1,1,0.01,0.01,-2.4340155285710074,1.9989165388566468,-3.3009878976112055,4.66228950296795,6.943797696580025,-9.9241342644763,0.0,-1.0714945581811774,1.853110625713505,0.0,3.7430161894492993,1.571834996573306,0.0,-2.139741422186856,5.095373752296491,41.05524199173009,117.41803879338732,158.47328078511742
1.448000000000001,9.81,3.93,1,1,0.01,0.01,-2.4406036421663777,2.008221393468549,-3.2871381820226184,4.642626762841678,6.906345326734118,-9.73917290035274,0.0,-1.0640087550011283,1.856234580856917,0.0,3.7427894697785185,1.5521209404457186,0.0,-2.1038821367103373,5.073308207975928,40.87698358286828,117.59564722537212,158.4726308082404
1.450000000000001,9.81,3.93,1,1,0.01,0.01,-2.447164129527026,2.0174872902699295,-3.273360810966667,4.623330574772225,6.87144869533352,-9.55756453664898,0.0,-1.0565233955336293,1.859319109996274,0.0,3.7425725177487057,1.532409155812743,0.0,-2.068705959685822,5.0523595755448545,40.70094281381121,117.77104345292501,158.47198626673622
1.452000000000001,9.81,3.93,1,1,0.01,0.01,-2.453697130248183,2.0267149557290387,-3.2596506991999945,4.604394337618631,6.839082028963138,-9.379205009313715,0.0,-1.0490384598653524,1.8623642186848883,0.0,3.742365711758413,1.512700653981656,0.0,-2.034194522301953,5.032522337629617,40.52711616693655,117.9442308946108,158.47134706154736
1.454000000000001,9.81,3.93,1,1,0.01,0.01,-2.4602027738043097,2.0359051033174147,-3.246002810287101,4.585811654445311,6.809222281584912,-9.203994244582567,0.0,-1.0415539273288847,1.8653699145030305,0.0,3.742169427553872,1.4929964508235625,0.0,-2.0003297974126912,5.0137915657961765,40.35550008829287,118.1152130081293,158.47071309642217
1.456000000000001,9.81,3.93,1,1,0.01,0.01,-2.4666811796413044,2.045058433910241,-3.2324121512139663,4.567576324533294,6.781849067119112,-9.031836068953888,0.0,-1.0340697765074711,1.868336207068439,0.0,3.741984038789447,1.4732975681549354,0.0,-1.9670940850309835,4.996162912425977,40.1860909850315,118.28399329279428,158.47008427782578
1.458000000000001,9.81,3.93,1,1,0.01,0.01,-2.473132457258067,2.054175636171101,-3.2188737671308467,4.549682335760935,6.756944597641981,-8.862638029639282,0.0,-1.0265859852386545,1.871263108049598,0.0,3.741809917570361,1.4536050351273064,0.0,-1.934469998457788,4.979632603458706,40.018885222785215,118.4505752920691,158.46946051485432
1.460000000000001,9.81,3.93,1,1,0.01,0.01,-2.4795567062776716,2.0632573869218445,-3.2053827362133136,4.532123857333781,6.734493626888958,-8.696311224843942,0.0,-1.0191025306168475,1.8741506311818081,0.0,3.741647434979188,1.4339198896285392,0.0,-1.902440451017578,4.964197431974094,39.85387912298963,118.614962596164,158.46884171915363
1.462000000000001,9.81,3.93,1,1,0.01,0.01,-2.4859540165083667,2.0723043514982513,-3.191934164631232,4.51489523284456,6.714483398772316,-8.532770143277444,0.0,-1.0116193889948641,1.8769987922860703,0.0,3.741496961587412,1.4142431796991426,0.0,-1.8709886433736174,4.94985475258657,39.69106896014278,118.7771588446981,158.4682278048409
1.464000000000001,9.81,3.93,1,1,0.01,0.01,-2.4923244679946177,2.0813171840921245,-3.1785231816159145,4.497990973645382,6.696903600639603,-8.371932512337928,0.0,-1.004136535984444,1.879807609290822,0.0,3.7413588679533523,1.3945759649670777,0.0,-1.840098051398529,4.9366024766288685,39.53045095899852,118.93716772943174,158.46761868843026
1.466000000000001,9.81,3.93,1,1,0.01,0.01,-2.4986681310583694,2.0902965280804304,-3.1651449346162353,4.481405752515333,6.6817463210150905,-8.213719154451585,0.0,-0.9966539464557923,1.8825771022565676,0.0,3.741233525107578,1.374919318104476,0.0,-1.8097524145776285,4.924439068102268,39.3720212916886,119.09499299707295,158.46701428876156
1.468000000000001,9.81,3.93,1,1,0.01,0.01,-2.5049850663307067,2.0992430163420543,-3.1517945845349837,4.465134397607642,6.669006011580508,-8.0580538510857,0.0,-0.9891715945361601,1.8853072934034385,0.0,3.7411213050268937,1.355274326309818,0.0,-1.7799357249246097,4.913363540372783,39.21577607476851,119.2506384521634,158.4664145269319
1.470000000000001,9.81,3.93,1,1,0.01,0.01,-2.5112753247740587,2.1081572715627175,-3.13846730103721,4.449171886661523,6.658679453163199,-7.904863213986512,0.0,-0.9816894536074892,1.8879982071417583,0.0,3.7410225810979125,1.335642092819048,0.0,-1.750632216390981,4.903375453594231,39.06171136618273,119.4041079600483,158.465819326231
1.472000000000001,9.81,3.93,1,1,0.01,0.01,-2.517538947695085,2.11703990652857,-3.125158257922774,4.433513341464666,6.6507657255113495,-7.754076563224823,0.0,-0.9742074963031374,1.890649870105651,0.0,3.740937728571086,1.3160237384492417,0.0,-1.7218263547526633,4.894474912840408,38.909823162142786,119.55540544993559,158.46522861207836
1.474000000000001,9.81,3.93,1,1,0.01,0.01,-2.5237759667483677,2.1258915244089507,-3.1118626285557323,4.418154022553161,6.645266180644088,-7.605625811660387,0.0,-0.9667256945037053,1.8932623111897766,0.0,3.7408671250060515,1.2964204031784645,0.0,-1.6935028279589226,4.886662566929855,38.76010739391378,119.70453491804982,158.4646423119636
1.476000000000001,9.81,3.93,1,1,0.01,0.01,-2.5299864039310096,2.1347127190287716,-3.0985755813436224,4.403089324136372,6.642184419572537,-7.459445355463229,0.0,-0.9592440193319796,1.8958355615892684,0.0,3.740811150709076,1.2768332477655173,0.0,-1.6656465369306666,4.8799396079279225,38.6125599245036,119.85150043088596,158.46406035538956
1.478000000000001,9.81,3.93,1,1,0.01,0.01,-2.5361702715682375,2.1435040751309677,-3.0852922752600995,4.388314769235001,6.641526272193838,-7.315471970354835,0.0,-0.9517624411470107,1.8983696548429507,0.0,3.740770189163266,1.2572634554134017,0.0,-1.638242586796978,4.874307771311783,38.46717654524829,119.99630612856956,158.46348267381785
1.480000000000001,9.81,3.93,1,1,0.01,0.01,-2.542327572290089,2.1522661686294278,-3.0720078554047734,4.373826005021206,6.643299780164693,-7.173644713255241,0.0,-0.9442809295373342,1.900864626879926,0.0,3.740744627452147,1.2377122334804003,0.0,-1.61127627856054,4.869769336784918,38.32395297228797,120.13895622832791,158.46290920061588
1.482000000000001,9.81,3.93,1,1,0.01,0.01,-2.548458298999251,2.160999566852797,-3.0587174485944786,4.35961879835027,6.6475151825641525,-7.033904829043459,0.0,-0.9367994533133533,1.9033205160696411,0.0,3.7407348566772165,1.2181808152427622,0.0,-1.584733101184393,4.8663271297285045,38.182884842926875,120.2794550280802,158.4623398710071
1.484000000000001,9.81,3.93,1,1,0.01,0.01,-2.554562434830106,2.169704828779527,-3.0454161589805873,4.345689031473865,6.654184904157136,-6.8961956621589255,0.0,-0.9293179804988898,1.9057373632755343,0.0,3.7407412723699185,1.1986704617131325,0.0,-1.5585987240943462,4.863984523277704,38.04396771187107,120.417806910152,158.46177462202306
1.486000000000001,9.81,3.93,1,1,0.01,0.01,-2.560639953099039,2.1783825052645276,-3.032099063687351,4.332032697925485,6.663323546070244,-6.760462572790496,0.0,-0.9218364783219184,1.9081152119123734,0.0,3.740764274898441,1.1791824635189991,0.0,-1.5328589900931924,4.8627454410113256,37.90719704733637,120.55401634512091,158.4612133924573
1.488000000000001,9.81,3.93,1,1,0.01,0.01,-2.566690817246033,2.1870331392577502,-3.0187612084666373,4.318645898569104,6.674947878690219,-6.626652857416751,0.0,-0.9143549132044905,1.9104541080074198,0.0,3.7408042698697175,1.159718142845519,0.0,-1.5074999086847394,4.862614360243964,37.772568227019974,120.68808789580125,158.4606561228212
1.490000000000001,9.81,3.93,1,1,0.01,0.01,-2.572714980767592,2.1956572660150293,-3.0053976033648078,4.305524837802598,6.689076836592271,-6.494715673478207,0.0,-0.9068732507518598,1.912754100265539,0.0,3.7408616685268528,1.1402788554473215,0.0,-1.482507649807668,4.863596315909711,37.64007653392772,120.82002622137409,158.46010275530182
1.492000000000001,9.81,3.93,1,1,0.01,0.01,-2.5787123871410014,2.2042554133014756,-2.9920032183978726,4.292665819907857,6.705731515300971,-6.364601967976984,0.0,-0.8993914557408164,1.915015240138421,0.0,3.7409368881422123,1.1208659927339535,0.0,-1.4578685379811203,4.865696905026924,37.50971715204966,120.9498360816716,158.45955323372127
1.494000000000001,9.81,3.93,1,1,0.01,0.01,-2.5846829697399487,2.2128281015877103,-2.9785729792314615,4.280065245539927,6.724935169680462,-6.236264409814568,0.0,-0.8919094921072392,1.9172375818980325,0.0,3.741030352406258,1.101480983933911,0.0,-1.4335690468661173,4.868922291733395,37.38148516187532,121.07752234162264,158.45900750349796
1.496000000000001,9.81,3.93,1,1,0.01,0.01,-2.5906266517415037,2.2213758442392115,-2.9651017628625596,4.267719608347891,6.746713213742151,-6.109657325691249,0.0,-0.8844273229328758,1.919421182714493,0.0,3.7411424918121727,1.0821252983422989,0.0,-1.4095957942489012,4.873279212881108,37.25537553574042,121.20308997586866,158.4584655116091
1.498000000000001,9.81,3.93,1,1,0.01,0.01,-2.5965433460244625,2.2298991476990278,-2.9515843933003967,4.255625491720524,6.771093221648698,-5.9847366394043044,0.0,-0.8769449104313565,1.9215661027385282,0.0,3.7412737440362416,1.0628004476574056,0.0,-1.3859355374546372,4.878774984179563,37.13138313299602,121.32654407355895,158.45792720655498
1.500000000000001,9.81,3.93,1,1,0.01,0.01,-2.6024329550590504,2.238398511664102,-2.9380156372443222,4.243779565650081,6.798104929680861,-5.861459814393758,0.0,-0.8694622159334502,1.9236724051886926,0.0,3.74142455431382,1.0435079884117047,0.0,-1.3625751692022232,4.8854175068760055,37.009502694990786,121.44788984333388,158.45739253832465
1.5020000000000011,9.81,3.93,1,1,0.01,0.01,-2.608295370787977,2.246874429255435,-2.9243901997569925,4.232178583707864,6.827780238920005,-5.739785799396197,0.0,-0.8619791998715772,1.9257401564435517,0.0,3.7415953758106677,1.024249524502955,0.0,-1.3395017139133651,4.893215274960327,36.88972883985659,121.5671326185063,158.45686145836288
1.5040000000000011,9.81,3.93,1,1,0.01,0.01,-2.614130474498829,2.2553273871823087,-2.9107027199316944,4.220819380125474,6.860153218382786,-5.619674977078119,0.0,-0.8544958217635807,1.927769426139032,0.0,3.741786669989316,1.0050267098313845,0.0,-1.3167023244917657,4.902177382881514,36.772056057087305,121.68427786245083,158.45633391953814
1.5060000000000011,9.81,3.93,1,1,0.01,0.01,-2.619938136687796,2.2637578659007724,-2.8969477665531804,4.209698866975932,6.895260108325969,-5.501089115530647,0.0,-0.8470120401957715,1.9297602872711568,0.0,3.741998906969987,0.9858412510491388,0.0,-1.294164279590933,4.912313533761316,36.65647870190006,121.79933117421216,158.45580987611223
1.5080000000000011,9.81,3.93,1,1,0.01,0.01,-2.625718216914708,2.2721663397665837,-2.8831198337519766,4.198814031449024,6.933139323418146,-5.383991322517307,0.0,-0.8395278128052568,1.9317128163043984,0.0,3.7422325658855606,0.9666949104284228,0.0,-1.2718749813920474,4.923634048089705,36.54299098936808,121.91229829434279,158.45528928371087
1.5100000000000011,9.81,3.93,1,1,0.01,0.01,-2.6314705636493754,2.2805532771827934,-2.8692133366527504,4.188161933215488,6.973831455451413,-5.268346002376351,0.0,-0.8320430962615679,1.9336270932858919,0.0,3.7424881352298063,0.947589508855094,0.0,-1.2498219539164477,4.936149872884797,36.43158698831273,122.02318511098245,158.45477209929518
1.5120000000000011,9.81,3.93,1,1,0.01,0.01,-2.637195014109222,2.288919140742141,-2.8552226070180087,4.177739701874818,7.017379275239046,-5.154118815487969,0.0,-0.8245578462475942,1.9355032019657656,0.0,3.742766113198136,0.9285269289546624,0.0,-1.2279928419005166,4.949872591298367,36.32226061494351,122.13199766619098,158.45425828113449
1.5140000000000011,9.81,3.93,1,1,0.01,0.01,-2.642891394088202,2.2972643873644265,-2.8411418888891307,4.167544534481634,7.063827733315313,-5.041276640225856,0.0,-0.8170720174398479,1.9373412299238644,0.0,3.7430670080198456,0.9095091183580425,0.0,-1.2063754102643374,4.964814432645669,36.21500562623259,122.23874216254728,158.45374778877988
1.5160000000000011,9.81,3.93,1,1,0.01,0.01,-2.648559517777,2.305589468429008,-2.826965334227547,4.157573693145728,7.113223959020358,-4.929787537320874,0.0,-0.8095855634880735,1.9391412687031453,0.0,3.7433913382807122,0.8905380931145819,0.0,-1.1849575442091163,4.980988282835935,36.10981561301044,122.34342497002797,158.4532405830384
1.5180000000000011,9.81,3.93,1,1,0.01,0.01,-2.654199187574512,2.31389482990257,-2.812686998559736,4.147824502701019,7.165617257515634,-4.819620716573096,0.0,-0.802098436994219,1.9409034139500645,0.0,3.743739633234643,0.8716159412603206,0.0,-1.1637272499824622,4.998407695176969,36.00668399276917,122.44605263317973,158.4527366259489
1.5200000000000011,9.81,3.93,1,1,0.01,0.01,-2.6598101938906304,2.3221809124622963,-2.7983008366306734,4.1382943484387935,7.221059104234884,-4.7107465058565605,0.0,-0.7946105894908024,1.9426277655622495,0.0,3.7441124331028584,0.8527448265496758,0.0,-1.1426726563548424,5.017086901524118,35.905604002158256,122.54663187859931,158.45223588075757
1.5220000000000011,9.81,3.93,1,1,0.01,0.01,-2.6653923149403433,2.3304481516145654,-2.7838006980713854,4.128980673900668,7.279603136229883,-4.603136322368898,0.0,-0.7871219714186857,1.9443144278438123,0.0,3.744510289358895,0.8339269923591046,0.0,-1.1217820168550694,5.037040823740067,35.8065686891578,122.64516962273696,158.45173831189476
1.5240000000000011,9.81,3.93,1,1,0.01,0.01,-2.670945316529192,2.3386969778092923,-2.769180323087409,4.11988097872686,7.341305139820624,-4.496762646085955,0.0,-0.779632532104302,1.9459635096686498,0.0,3.7449337649974934,0.8151647657716191,0.0,-1.1010437128176156,5.0582850854278805,35.70957090491323,122.74167298003931,158.45124388495253
1.5260000000000011,9.81,3.93,1,1,0.01,0.01,-2.676468951830132,2.3469278165500165,-2.754433338176178,4.110992816555357,7.406223033904716,-4.391598995389179,0.0,-0.7721422197363588,1.9475751246521011,0.0,3.7453834347851673,0.79646056185137,0.0,-1.0804462572997444,5.080836023895003,35.614603295214536,122.836149271448,158.45075256666252
1.5280000000000011,9.81,3.93,1,1,0.01,0.01,-2.6819629611518643,2.3551410884998356,-2.7395532518827155,4.1023137929676885,7.474416848220569,-4.28761990484119,0.0,-0.7646509813420614,1.949149391331349,0.0,3.745859885490029,0.7778168881178567,0.0,-1.0599782999320635,5.104710702300682,35.52165829160268,122.9286060332715,158.45026432487418
1.5300000000000011,9.81,3.93,1,1,0.01,0.01,-2.687427071698728,2.363337209583274,-2.7245334506044827,4.093841563477008,7.545948695793086,-4.184800905092587,0.0,-0.7571587627628997,1.950686433354983,0.0,3.7463637160880863,0.7592363492296631,0.0,-1.0396286327721074,5.129926921933414,35.43072810208508,123.01905102644886,158.44977912853395
1.5320000000000011,9.81,3.93,1,1,0.01,0.01,-2.6928609973222577,2.3715165910841653,-2.709367194457852,4.08557383155424,7.620882738718605,-4.083118504910688,0.0,-0.749665508630049,1.9521863796821424,0.0,3.746895537942959,0.7407216518879478,0.0,-1.0193861972369367,5.156503234558501,35.34180470144053,123.10749224622354,158.44929694766407
1.5340000000000011,9.81,3.93,1,1,0.01,0.01,-2.698264438264552,2.379679639739625,-2.694047613220432,4.077508346688054,7.6992851463669485,-3.982550175328436,0.0,-0.7421711623394385,1.9536493647917001,0.0,3.747455974955626,0.7222756099702539,0.0,-0.9992400921976389,5.1844589547686235,35.25487982109447,123.19393793224802,158.4488177533425
1.5360000000000011,9.81,3.93,1,1,0.01,0.01,-2.7036370808936128,2.387826757830169,-2.678567702365406,4.06964290247441,7.781224044992928,-3.8830743359195585,0.0,-0.7346756660265568,1.9550755289019506,0.0,3.7480456636803505,0.7039011499055481,0.0,-0.9791795833259249,5.213814172262,35.16994493854293,123.27839657913952,158.44834151768245
1.5380000000000011,9.81,3.93,1,1,0.01,0.01,-2.70897859743086,2.3959583432660385,-2.662920319206145,4.061975334731418,7.866769457656154,-3.7846703432137465,0.0,-0.7271789605410615,1.9564650182012993,0.0,3.7486652534026423,0.6856013163016788,0.0,-0.959194113790854,5.244589763964124,35.08699126630415,123.36087694750825,158.4478682138124
1.5400000000000011,9.81,3.93,1,1,0.01,0.01,-2.7142886456710658,2.4040747896697794,-2.6470981791716692,4.054503519635215,7.955993233246427,-3.687318481273455,0.0,-0.7196809854212709,1.957817985090469,0.0,3.749315406174551,0.6673792778367535,0.0,-0.9392733164120457,5.276807405898759,35.0060097403749,123.44138807548114,158.44739781585605
1.5420000000000011,9.81,3.93,1,1,0.01,0.01,-2.719566868694985,2.412176486455107,-2.63109385223604,4.047225371872495,8.04896896330202,-3.5909999544620943,0.0,-0.7121816788686414,1.9591345884367641,0.0,3.749996796802177,0.6492383334262181,0.0,-0.9194070273846784,5.31048958470314,34.92699100816816,123.51993929074413,158.4469302989123
1.5440000000000011,9.81,3.93,1,1,0.01,0.01,-2.7248128945750247,2.4202638189020895,-2.614899759527499,4.040138842805283,8.145771885188754,-3.4956968824413845,0.0,-0.7046809777223104,1.9604149938409507,0.0,3.750710112779704,0.6311819186776401,0.0,-0.8995853017010121,5.345659608670118,34.84992541590762,123.59654022312755,158.44646563903518
1.5460000000000012,9.81,3.93,1,1,0.01,0.01,-2.730026336074331,2.4283371682286723,-2.598508170146188,4.033241918643454,8.246478770078483,-3.4013922974439783,0.0,-0.6971788174338416,1.9616593739173518,0.0,3.751456054163724,0.6132136126453978,0.0,-0.8797984304032253,5.382341618186665,34.77480299545355,123.67120081776021,158.44600381321376
1.5480000000000012,9.81,3.93,1,1,0.01,0.01,-2.735206790339749,2.436396911658547,-2.5819111982225103,4.026532618620377,8.351167794026495,-3.3080701438761024,0.0,-0.6896751320422756,1.9628679085877527,0.0,3.752235333380947,0.5953371448976681,0.0,-0.8600369598130573,5.420560595423253,34.70161345053369,123.74393134881788,158.44554479935158
1.5500000000000012,9.81,3.93,1,1,0.01,0.01,-2.7403538385891686,2.4444434224853753,-2.5651008002517726,4.020008993166974,8.45991839029667,-3.2157152803134337,0.0,-0.6821698541496487,1.9640407853897734,0.0,3.7530486749617586,0.5775564029081542,0.0,-0.8402917128950023,5.460342373112681,34.6303461423516,123.81474243389421,158.4450885762458
1.5520000000000012,9.81,3.93,1,1,0.01,0.01,-2.745467045793849,2.4524770701333516,-2.5480687727445908,4.013669122079343,8.572811080921705,-3.1243134839625037,0.0,-0.6746629148971178,1.9651781998003512,0.0,3.753896815191306,0.559875439785092,0.0,-0.8205538129217625,5.501713642238797,34.560990074544335,123.88364504902191,158.44463512356623
1.5540000000000012,9.81,3.93,1,1,0.01,0.01,-2.7505459603563946,2.4604982202140926,-2.530806750236749,4.007511112674912,8.689927285311997,-3.033851457668886,0.0,-0.6671542439418763,1.9662803555750332,0.0,3.7547805016690345,0.542298482349945,0.0,-0.8008147096231555,5.544701958436301,34.49353387745972,123.95065054437353,158.44418442183326
1.5560000000000012,9.81,3.93,1,1,0.01,0.01,-2.7555901137851513,2.468507234579822,-2.5133062037067515,4.001533097931966,8.811349103540502,-2.9443168395627013,0.0,-0.6596437694350517,1.9673474651037879,0.0,3.7557004927667132,0.5248299395781266,0.0,-0.7810662080129046,5.589335746881144,34.42796579172353,124.0157706606724,158.44373645239594
1.5580000000000012,9.81,3.93,1,1,0.01,0.01,-2.7605990203658886,2.476504471372815,-2.495558439454258,3.9957332346071586,8.93715907173247,-2.855698215441607,0.0,-0.6521314180007949,1.9683797497840643,0.0,3.7566575569740226,0.507474411413824,0.0,-0.7613005001015469,5.635644305427676,34.36427365106425,124.07901754634423,158.44329119740848
1.5600000000000012,9.81,3.93,1,1,0.01,0.01,-2.765572176831748,2.484490285071048,-2.477554598497932,3.9901097013254296,9.067439886776315,-2.767985134000663,0.0,-0.6446171147168043,1.9693774404118742,0.0,3.757652472119861,0.4902366979705332,0.0,-0.7415101997179195,5.683657805723087,34.30244486436433,124.14040377544235,158.4428486398067
1.5620000000000012,9.81,3.93,1,1,0.01,0.01,-2.7705090620325596,2.4924650265300015,-2.4592856565570385,3.9846606966365186,9.20227409734725,-2.6811681250287247,0.0,-0.6371007830965382,1.970340777591661,0.0,3.75868602445634,0.47312180912852186,0.0,-0.7216883806768006,5.733407292001518,34.24246639690432,124.19994236637869,158.44240876328303
1.5640000000000012,9.81,3.93,1,1,0.01,0.01,-2.775409136604764,2.5004290430205294,-2.440742424687362,3.979384437032011,9.34174375799602,-2.5952387207004164,0.0,-0.6295823450734113,1.9712700121657774,0.0,3.759759007591336,0.4561349745395996,0.0,-0.7018286185454763,5.7849246772298475,34.18432475076592,124.25764680149476,158.44197155226067
1.5660000000000012,9.81,3.93,1,1,0.01,0.01,-2.780271842643324,2.5083826782627248,-2.421915550648782,3.974279154916591,9.485930042803568,-2.510189480102821,0.0,-0.622061720987289,1.972165405664379,0.0,3.7608722212541976,0.4392816540487142,0.0,-0.6819250362778296,5.83824273624376,34.12800594435972,124.31353104750667,158.4415369918664
1.5680000000000012,9.81,3.93,1,1,0.01,0.01,-2.785096603377173,2.516326272455674,-2.4027955210890837,3.9693430965268806,9.63491281483713,-2.4260140171457536,0.0,-0.6145388295736329,1.9730272307765993,0.0,3.762026469877886,0.42256754854077117,0.0,-0.6619723540006412,5.893395095476685,34.07349549104225,124.3676095768601,158.44110506790236
1.5700000000000012,9.81,3.93,1,1,0.01,0.01,-2.789882822849924,2.524260162302989,-2.3833726646363975,3.9645745197909465,9.788770147366641,-2.3427070320143306,0.0,-0.6070135879556766,1.9738557718438319,0.0,3.7632225609793286,0.4059986112196304,0.0,-0.6419659432529218,5.950416218844843,34.02077837678649,124.41989739002942,158.4406757668159
1.5720000000000012,9.81,3.93,1,1,0.01,0.01,-2.7946298856077556,2.5321846810339985,-2.3636371560010327,3.959971692121217,9.94757779251112,-2.2602643463316423,0.0,-0.599485911640065,1.974651325376025,0.0,3.764461303318348,0.3895810593245381,0.0,-0.6219018859952764,6.009341389309321,33.9698390368699,124.47041003879872,158.44024907566862
1.5740000000000012,9.81,3.93,1,1,0.01,0.01,-2.7993371563965987,2.5401001584204432,-2.343579021196415,3.9555328881332192,10.11140859268684,-2.1786829422088396,0.0,-0.5919557145164082,1.975414200591834,0.0,3.765743504813793,0.3733213862872235,0.0,-0.6017770387222605,6.07020668559,33.920661331543535,124.51916365055897,158.4398249821025
1.5760000000000012,9.81,3.93,1,1,0.01,0.01,-2.8040039798709886,2.5480069207885374,-2.323188143998412,3.951256387282171,10.28033182992189,-2.097961005367948,0.0,-0.5844229088612712,1.9761447199835422,0.0,3.7670699701938593,0.3572263743304137,0.0,-0.5815891020260401,6.133048953456792,33.873228520645945,124.5661749536595,158.43940347430544
1.5780000000000012,9.81,3.93,1,1,0.01,0.01,-2.8086296803171744,2.5559052910262077,-2.3024542737725104,3.9471404714091,10.454412507789753,-2.018097972530773,0.0,-0.5768874053471449,1.9768432199076105,0.0,3.7684414983557235,0.34130310750568593,0.0,-0.5613366959743288,6.197905770970192,33.82752323712585,124.61146130384815,158.438984540974
1.5800000000000012,9.81,3.93,1,1,0.01,0.01,-2.8132135613933724,2.5637955885853305,-2.281367034809112,3.943183422187744,10.633710560399415,-1.9390945832737974,0.0,-0.5693491130570145,1.9775100512017412,0.0,3.7698588794077086,0.325558985165173,0.0,-0.5410194416789276,6.264815406986011,33.78352745943755,124.65504071183635,158.43856817127391
1.5820000000000012,9.81,3.93,1,1,0.01,0.01,-2.81775490589032,2.5716781294787543,-2.259915937318661,3.9393835184631154,10.818279982565809,-1.8609529365542654,0.0,-0.5618079395051805,1.9781455798293135,0.0,3.7713228913652004,0.3100017358577499,0.0,-0.5206380494429832,6.333816772177803,33.74122248277486,124.69693187202387,158.4381543547987
1.5840000000000012,9.81,3.93,1,1,0.01,0.01,-2.822252975515616,2.5795532262718823,-2.238090390250375,3.9357390334721574,11.008167874976936,-1.7836765521165874,0.0,-0.5542637906650638,1.9787501875520195,0.0,3.7728342964694352,0.29463943163574247,0.0,-0.5001944138845907,6.404949361765205,33.70058888910936,124.73715419241623,158.43774308152558
1.5860000000000012,9.81,3.93,1,1,0.01,0.01,-2.826707010705669,2.5874211880685727,-2.2158797161110186,3.932248231936538,11.203413397878599,-1.707270436989634,0.0,-0.546716571004779,1.9793242726315112,0.0,3.7743938370961034,0.2794805027530216,0.0,-0.47969171644120223,6.478253189066694,33.661606516001235,124.775727825767,158.43733434176823
1.5880000000000012,9.81,3.93,1,1,0.01,0.01,-2.8311162304694384,2.5952823204910853,-2.1932731679733917,3.9289093670171824,11.404046626521207,-1.6317411572845752,0.0,-0.5391661835313223,1.9798682505608198,0.0,3.776002231218473,0.2645337527292736,0.0,-0.4591345356624145,6.553768708921666,33.624254424152596,124.81267370197511,158.43692812612773
1.5900000000000012,9.81,3.93,1,1,0.01,0.01,-2.835479832268552,2.6031369256537924,-2.170259948877972,3.9257206771197355,11.610087301365217,-1.5570969154993528,0.0,-0.5316125298443211,1.9803825548262317,0.0,3.7776601673874595,0.24980837374842185,0.0,-0.4385289656976053,6.631536729948912,33.58851086367602,124.84801356176341,158.43652442543942
1.5920000000000012,9.81,3.93,1,1,0.01,0.01,-2.839796991938801,2.610985302130341,-2.1468292338453843,3.9226803825397423,11.821543465830857,-1.483347633527598,0.0,-0.5240555102003304,1.9808676377002752,0.0,3.7793682991887265,0.23531396235134627,0.0,-0.4178827433782901,6.711598314526838,33.554353239053924,124.88176999166356,158.4361232307175
1.5940000000000012,9.81,3.93,1,1,0.01,0.01,-2.844066863658459,2.6188277449139346,-2.1229701947319493,3.9197866819359515,12.038409984218339,-1.4105050415582914,0.0,-0.5164950235887754,1.981323971066336,0.0,3.7811272391345887,0.22106053537417314,0.0,-0.39720538428197943,6.793994665295568,33.52175807276901,124.91396646032642,158.43572453309542
1.5960000000000012,9.81,3.93,1,1,0.01,0.01,-2.848288579969366,2.626664545370381,-2.098672028175436,3.9170377486197845,12.260666932328373,-1.3385827730347124,0.0,-0.5089309678207197,1.9817520472753551,0.0,3.7829375519461816,0.20705854607343718,0.0,-0.3765083281434947,6.878766996892484,33.49070096759013,124.9446273561737,158.43532832376383
1.5980000000000012,9.81,3.93,1,1,0.01,0.01,-2.852461251857205,2.634495991183526,-2.0739239868931034,3.9144317266487048,12.488277853298772,-1.2675964658178922,0.0,-0.501363239631706,1.9821523800349017,0.0,3.7847997471791124,0.19331890036811075,0.0,-0.3558050939494847,6.9659563915416784,33.46115656750375,124.97377802640017,158.4349345939039
1.6000000000000012,9.81,3.93,1,1,0.01,0.01,-2.8565839688979606,2.6423223662926643,-2.0487154146090245,3.9119667267109555,12.72118787125751,-1.1975638696689992,0.0,-0.49379173480005223,1.982525505330777,0.0,3.786714271143687,0.17985297311591739,0.0,-0.33511144501090595,7.0556036370247455,33.43309851728812,125.0014448173296,158.43454333461773
1.6020000000000012,9.81,3.93,1,1,0.01,0.01,-2.8606557994781037,2.650143950821503,-2.02303578490229,3.9096408217889485,12.959321655600261,-1.1285049601257224,0.0,-0.48621634828205074,1.9828719823811283,0.0,3.7886814980688426,0.16667262432715513,0.0,-0.3144455642542256,7.1477490454663934,33.40649942073465,125.02765511611952,158.43415453685418
1.6040000000000012,9.81,3.93,1,1,0.01,0.01,-2.8646757910966434,2.65796102099822,-1.9968747442817598,3.9074520425884782,13.202581229054879,-1.060442058798887,0.0,-0.4786369743656427,1.9831923946228334,0.0,3.7907017204571503,0.1537902152036197,0.0,-0.2938282399035217,7.2424322512747255,33.38133079753018,125.0524373938013,158.43376819133147
1.6060000000000012,9.81,3.93,1,1,0.01,0.01,-2.8686429707578234,2.6657738490661345,-1.9702221598061918,3.905398372720945,13.450843613225286,-0.9933999600552857,0.0,-0.4710535068442305,1.9834873507296773,0.0,3.7927751385768858,0.1412186238727004,0.0,-0.2732830616395873,7.339691986484313,33.357563038824345,125.07582124963074,158.43338428845507
1.6080000000000012,9.81,3.93,1,1,0.01,0.01,-2.872556345463876,2.6735827031844854,-1.943068171580503,3.9034777436259085,13.703958306045026,-0.927406063979479,0.0,-0.4634658392124241,1.9837574856615743,0.0,3.794901849036071,0.1289712606674718,0.0,-0.2528366272165412,7.439565831661996,33.33516536151807,125.09783745671405,158.43300281823213
1.6100000000000012,9.81,3.93,1,1,0.01,0.01,-2.8764149028179307,2.6813878473187835,-1.9154032504691154,3.90168802922159,13.961744586552296,-0.8624905154198643,0.0,-0.4558738648855953,1.9840034617437468,0.0,3.797081832382916,0.11706208278240793,0.0,-0.2325187593883494,7.54208994045335,33.31410576132252,125.1185180088586,158.43262377018112
1.6120000000000012,9.81,3.93,1,1,0.01,0.01,-2.8802176117478537,2.6891895411201854,-1.8872182613753028,3.900027040271441,14.223988643662784,-0.7986863488196745,0.0,-0.44827747744525737,1.984225969774437,0.0,3.7993149396771924,0.10550560811098339,0.0,-0.21236273284382678,7.647298735774352,33.294350964654186,125.13789616858412,158.43224713323832
1.6140000000000012,9.81,3.93,1,1,0.01,0.01,-2.8839634233625104,2.6969880397933044,-1.8585045324405642,3.8984925184556003,14.490440527208623,-0.7360296384110556,0.0,-0.4406765709123702,1.9844257301592845,0.0,3.8016008779779353,0.09431692804618416,0.0,-0.19240551066662845,7.755224575591342,33.27586637944818,125.15600651621105,158.43187289565924
1.6160000000000012,9.81,3.93,1,1,0.01,0.01,-2.8876512719526404,2.704783593951861,-1.829253930519623,3.8970821301370613,14.760810921477512,-0.6745596532060676,0.0,-0.433071040050805,1.9846034940700736,0.0,3.803939194694671,0.08351171899718954,0.0,-0.172687989621946,7.8658973861866475,33.2586160449923,125.17288499992489,158.43150104491718
1.6180000000000012,9.81,3.93,1,1,0.01,0.01,-2.891280076149253,2.7125764494615554,-1.7994589432838526,3.8957934598136514,15.03476774387844,-0.6143190160523415,0.0,-0.4254607807032789,1.9847600446249851,0.0,3.806329260752321,0.07310625234582688,0.0,-0.15325525332184464,7.979344260781895,33.242562580906345,125.18856898669111,158.43113156759745
1.6200000000000012,9.81,3.93,1,1,0.01,0.01,-2.894848740253149,2.72036684726952,-1.769112768297905,3.8946240032485906,15.311932574231795,-0.5553538658279988,0.0,-0.41784569016218853,1.984896198086956,0.0,3.808770252524076,0.06311740253432283,0.0,-0.1341568320317924,8.095589021390676,33.2276671354149,125.20309731387331,158.4307644492882
1.6220000000000012,9.81,3.93,1,1,0.01,0.01,-2.8983561557498407,2.728155023219711,-1.738209409399994,3.8935711602744516,15.591876923589766,-0.497714021630896,0.0,-0.4102256675778407,1.9850128050760532,0.0,3.811261132492387,0.0535626529416571,0.0,-0.11544696754878808,8.214651741803612,33.213889333090854,125.21651034137776,158.43039967446862
1.6240000000000012,9.81,3.93,1,1,0.01,0.01,-2.9018012030248017,2.7359412078535743,-1.7067437806945853,3.8926322272678884,15.874118355496005,-0.4414531475668464,0.0,-0.4026006144066603,1.9851107517910693,0.0,3.813800628605635,0.04446009916967367,0.0,-0.0971848812033329,8.336548229677634,33.20118722227541,125.22885000411843,158.43003722639384
1.6260000000000012,9.81,3.93,1,1,0.01,0.01,-2.905182753294545,2.743725626195335,-1.674711818435882,3.8918043892955603,16.158116477248956,-0.3866289164585954,0.0,-0.39497043490201134,1.985190961234759,0.0,3.81638721230768,0.035828449321884864,0.0,-0.07943504260944173,8.461289465816064,33.1895172224143,125.24015986456365,158.42967708697796
1.6280000000000012,9.81,3.93,1,1,0.01,0.01,-2.908499670769562,2.7515084975212543,-1.642110601040121,3.891084711935351,16.44326882409785,-0.33330317048104574,0.0,-0.3873350366502912,1.9852543944362369,0.0,3.819019075229371,0.027687020818260688,0.0,-0.06226743630697267,8.588880998894602,33.178834071587005,125.25048516508852,158.42931923667552
1.6300000000000012,9.81,3.93,1,1,0.01,0.01,-2.9117508150655786,2.7592900351122047,-1.6089384774128477,3.890470132781311,16.728906665426415,-0.2815420763754769,0.0,-0.37969433115498064,1.9853020516631255,0.0,3.821694104545589,0.020055733248314167,0.0,-0.04575782290606491,8.719322294119996,33.16909077454439,125.25987287981772,158.42896365436212
1.6320000000000012,9.81,3.93,1,1,0.01,0.01,-2.9149350438798827,2.7670704459889572,-1.575195203712429,3.8899574526458425,17.014290768911348,-0.23141627250625463,0.0,-0.3720482344712961,1.985334973615,0.0,3.824409857018885,0.012955096723045484,0.0,-0.02998799075338479,8.85260603461365,33.160238551614015,125.26837176560079,158.4286103172148
1.6340000000000012,9.81,3.93,1,1,0.01,0.01,-2.9180512159496605,2.77484993062958,-1.540882088591462,3.889543326478521,17.298607166415007,-0.18300100459796964,0.0,-0.36439666789403424,1.985354242588543,0.0,3.827163531771552,0.006406195144571775,0.0,-0.015045993494584358,8.988717374702214,33.15222678887925,125.27603241171465,158.4282592005939
1.6360000000000012,9.81,3.93,1,1,0.01,0.01,-2.9210981943092573,2.7826286826684155,-1.5060021468617282,3.8892242540277406,17.58096297400322,-0.13637624652839364,0.0,-0.3567395587010842,1.9853609836036386,0.0,3.8299519418522485,0.00043066377105799303,0.0,-0.0010263682079167456,9.127633144782948,33.145002990087335,125.2829072878395,158.42791027792686
1.6380000000000012,9.81,3.93,1,1,0.01,0.01,-2.92407484986306,2.790406888576149,-1.4705602614142168,3.8889965702791107,17.860382327968647,-0.09162680205719331,0.0,-0.34907684095494446,1.9853563654783313,0.0,3.8327714846915923,-0.004949339584929352,0.0,0.011969671965489505,9.269321008026044,33.13851273079569,125.28905078979938,158.42756352059507
1.6400000000000012,9.81,3.93,1,1,0.01,0.01,-2.926980065290237,2.7981847273205696,-1.434563353091796,3.888856435713281,18.135802509058003,-0.04884238284352882,0.0,-0.3414084563643227,1.985341601839238,0.0,3.835618111573636,-0.009711170423165244,0.0,0.023834077562489977,9.413738569891207,33.13269961532177,125.29451928250498,158.42721889782675
1.6420000000000012,9.81,3.93,1,1,0.01,0.01,-2.9298127392968083,2.805962370007703,-1.3980205580567464,3.888799826435729,18.406070338188268,-0.008117657555490987,0.0,-0.3337343552076473,1.985317952052538,0.0,3.838487296287,-0.013831741218633509,0.0,0.03445184260588862,9.56083244228361,33.1275052371208,125.29937113947418,158.42687637659498
1.6440000000000012,9.81,3.93,1,1,0.01,0.01,-2.9325717912294293,2.813739979503135,-1.3609434120171564,3.8888225242419887,18.669938938687217,0.030447733693886425,0.0,-0.3260544973199268,1.9852867220592105,0.0,3.841374003161154,-0.017287573638204268,0.0,0.043700933025518904,9.710537265167801,33.12286914327807,125.30366677824725,158.42653592152533
1.6460000000000012,9.81,3.93,1,1,0.01,0.01,-2.935256166063811,2.8215177100334556,-1.3233460404739132,3.88892010669392,18.926064972356954,0.06674920592240052,0.0,-0.3183688531439364,1.9852492650966318,0.0,3.8442726547396067,-0.02005486008765095,0.0,0.051452273093122676,9.862774689606628,33.11872880386464,125.30746869094811,158.42619749481275
1.6480000000000012,9.81,3.93,1,1,0.01,0.01,-2.9378648397787814,2.8292957067679447,-1.2852453539228943,3.889087937295844,19.173006469222948,0.10067730377058942,0.0,-0.310677404846176,1.9852069822870861,0.0,3.84717709939308,-0.022109535374706057,0.0,0.05756980010989397,10.017452327505813,33.115019586971556,125.31084146918022,158.42586105615177
1.6500000000000012,9.81,3.93,1,1,0.01,0.01,-2.940396825124636,2.837074105380793,-1.2466612466946279,3.8893211558737413,19.409221383418686,0.1321178313545806,0.0,-0.3029801474973579,1.9851613230721776,0.0,3.850080579231538,-0.023427359270572407,0.0,0.061910598379171386,10.174462674829137,33.11167474030121,125.31385182237949,158.42552656268072
1.6520000000000012,9.81,3.93,1,1,0.01,0.01,-2.942851177791496,2.8448530315943805,-1.207616797836454,3.889614669276097,19.63306701991004,0.16095204541892666,0.0,-0.29527709031642574,1.985113785470577,0.0,3.852975698734272,-0.023984010734365,0.0,0.06432512421390042,10.333682016707275,33.108625380259376,125.31656858868404,158.4251939689434
1.6540000000000012,9.81,3.93,1,1,0.01,0.01,-2.945227002979923,2.8526326007043927,-1.1681384721411516,3.889963142531291,19.84280048824976,0.187056920150385,0.0,-0.28756825797619046,1.9850659161350412,0.0,3.8558543945813244,-0.02375519452901413,0.0,0.0646575343287008,10.494969324692812,33.10580048955285,125.31906273731755,158.4248632268704
1.6560000000000012,9.81,3.93,1,1,0.01,0.01,-2.9475234623719158,2.860412917087829,-1.1282563191031707,3.8903609906134897,20.03658034973744,0.21030549233399898,0.0,-0.2798536919676451,1.9850193101832456,0.0,3.8587079072369628,-0.022716760900712077,0.0,0.06274613040540043,10.65816515840737,33.1031269243563,125.32140736142603,158.42453428578233
1.6580000000000013,9.81,3.93,1,1,0.01,0.01,-2.9497397814956394,2.868194073695295,-1.0880041672422172,3.8908023709865804,20.212469632626334,0.2305672957164943,0.0,-0.2721334520188426,1.9849756107756935,0.0,3.8615267549051993,-0.020844838913361877,0.0,0.05842393284537872,10.823090585967435,33.10052943216388,125.32367766025436,158.42420709241824
1.6600000000000013,9.81,3.93,1,1,0.01,0.01,-2.951875257471775,2.875976151529313,-1.0474198108785262,3.8912811771134486,20.36844039564542,0.24770889345059638,0.0,-0.26440761756291387,1.9849365084128885,0.0,3.8643007105477034,-0.018115983921865336,0.0,0.05151939667493687,10.989546139840488,33.09793068148731,125.32595090950423,158.42388159099153
1.6620000000000013,9.81,3.93,1,1,0.01,0.01,-2.9539292671231645,2.883759219110787,-1.0065451860807924,3.89179103313548,20.502380022293174,0.26159451728525795,0.0,-0.25667628924835867,1.9849037399231324,0.0,3.8670187827235813,-0.014507339530227092,0.0,0.04185728218768348,11.157310827135476,33.095251304596076,125.32830641867986,158.42355772327593
1.6640000000000013,9.81,3.93,1,1,0.01,0.01,-2.955901275422523,2.8915433319361785,-0.9654265321441579,3.8923252899440812,20.61209942622113,0.2720868216939511,0.0,-0.24893959048314224,1.9848790871117663,0.0,3.8696692010768023,-0.009996814209321414,0.0,0.029259692123205523,11.326141215726732,33.09240995451886,125.33082547420516,158.423235428724
1.6660000000000013,9.81,3.93,1,1,0.01,0.01,-2.9577908442453302,2.8993285319284174,-0.9241145346014623,3.892877022881658,20.695343340626476,0.2790477603503321,0.0,-0.2411976690024294,1.9848643750425392,0.0,3.8722394073576973,-0.004563272542508559,0.0,0.013547285925938424,11.49577061998652,33.089323377532985,125.3335912670877,158.42291464462068
1.6680000000000013,9.81,3.93,1,1,0.01,0.01,-2.9595976413866993,2.9071148468850487,-0.8826644454376393,3.8934390313232434,20.749802850939282,0.2823395912188775,0.0,-0.2334506984479638,1.9848614699220857,0.0,3.874716052917158,0.0018132591769803585,0.0,-0.005459320166255966,11.665908412184748,33.08590650235677,125.3366888039169,158.42259530627368
1.6700000000000013,9.81,3.93,1,1,0.01,0.01,-2.9613214497920413,2.914902289927644,-0.8411361758781235,3.8940038404010213,20.773130309260427,0.2818260149820133,0.0,-0.22569887994516363,1.9848722765593165,0.0,3.8770850036526303,0.009151373556112938,0.0,-0.027937960851944058,11.836239487716286,33.0820725472288,125.34020480001321,158.42227734724202
1.6720000000000013,9.81,3.93,1,1,0.01,0.01,-2.9629621769418297,2.922690858957029,-0.7995943568727282,3.894563705141519,20.762956740079503,0.27737344953502147,0.0,-0.21794244366203647,1.9848987353729721,0.0,3.8793313534099974,0.017468049800483262,0.0,-0.05406313401751872,12.006423914131771,33.07773314600097,125.34422755360367,158.42196069960465
1.6740000000000013,9.81,3.93,1,1,0.01,0.01,-2.964519864320826,2.9304805361194206,-0.7581083622136692,3.8951106172883248,20.71691180899018,0.26885244081169274,0.0,-0.21018165033199332,1.9849428189226952,0.0,3.8814394468510405,0.026778409741459674,0.0,-0.08400401796873315,12.176096795360012,33.07279849428767,125.34884679998116,158.42164529426884
1.6760000000000013,9.81,3.93,1,1,0.01,0.01,-2.9659946968918764,2.93827128728913,-0.7167522891286446,3.8956363150808246,20.63264637883104,0.2561392072381825,0.0,-0.2024167927206347,1.9850065279418505,0.0,3.883392912778248,0.037095463826261846,0.0,-0.11792229857789925,12.344868383388034,33.06717751659931,125.35415354471908,158.4213310613184
1.6780000000000013,9.81,3.93,1,1,0.01,0.01,-2.9673870124840662,2.946063061573991,-0.6756048911964689,3.8961322962506677,20.507857620591153,0.2391173116446546,0.0,-0.19464819701463326,1.9850918868540073,0.0,3.8851747088630626,0.048429849129221464,0.0,-0.1559698164793708,12.51232446986989,33.06077805523999,125.36023987516126,158.42101793040126
1.6800000000000013,9.81,3.93,1,1,0.01,0.01,-2.9686973109948305,2.9538557908502074,-0.6347494585633224,3.896589834481449,20.340316579569443,0.21767945051197818,0.0,-0.18687622410903904,1.9852009387595602,0.0,3.8867671786462084,0.060789561889337825,0.0,-0.19828605032671717,12.67802708952324,33.05350708156557,125.36719874958786,158.42070583115344
1.6820000000000013,9.81,3.93,1,1,0.01,0.01,-2.969926263295804,2.9616493893337714,-0.5942736407113428,3.8969999995525293,20.127898021149278,0.19172934603542324,0.0,-0.17910127076767257,1.9853357398844338,0.0,3.88815212156579,0.07417968754018935,0.0,-0.244995458617795,12.841515565601046,33.04527092997813,125.37512376367958,158.42039469365773
1.6840000000000013,9.81,3.93,1,1,0.01,0.01,-2.971074719723124,2.9694437531960105,-0.554269207465671,3.8973536813541636,19.8686122961712,0.16118372172121942,0.0,-0.1713237706299354,1.9854983534892066,0.0,3.8893108766173183,0.08860213166162148,0.0,-0.2962047095816234,13.002307925059679,33.03597555477405,125.38410889415769,158.42008444893173
1.6860000000000013,9.81,3.93,1,1,0.01,0.01,-2.972143718024835,2.977238760231162,-0.5148317445361602,3.8976416179175395,19.560638874880784,0.1259743372004421,0.0,-0.16354419503631532,1.9856908432443128,0.0,3.890224420057533,0.10405535573438046,0.0,-0.35199983593850626,13.15990270716819,33.025526809666964,125.39424821977464,158.4197750294416
1.6880000000000013,9.81,3.93,1,1,0.01,0.01,-2.973134490631415,2.985034269584101,-0.47606028068682693,3.89785442754955,19.202361103096663,0.08605005278736769,0.0,-0.15576305364429943,1.98591526608516,0.0,3.890873477329814,0.12053412200284952,0.0,-0.41244335877710897,13.313781184125936,33.01383074947461,125.40563562015886,158.41946636963348
1.6900000000000013,9.81,3.93,1,1,0.01,0.01,-2.974048471110574,2.9928301215464708,-0.4380568446155663,3.8979826450980437,18.792401637555376,0.04137888920275076,0.0,-0.14798089480628313,1.9861736645699977,0.0,3.891238649113749,0.13802925212914566,0.0,-0.4775714320738961,13.463410005726939,33.00079395309252,125.41836445338403,158.41915840647656
1.6920000000000013,9.81,3.93,1,1,0.01,0.01,-2.9748872996648026,3.00062613742944,-0.4009259508078306,3.8980167622992252,18.329657923006284,-0.008049956962965288,0.0,-0.14019830568160868,1.9864680587730725,0.0,3.8913005510872853,0.15652740463387863,0.0,-0.5473910661976973,13.608244272225846,32.98632386648255,125.4325272135255,158.41885108000804
1.6940000000000013,9.81,3.93,1,1,0.01,0.01,-2.9756528275300016,3.008422119521135,-0.36477401499211937,3.897947272075588,17.81333698579162,-0.06222418581814043,0.0,-0.13241591205599085,1.9868004377558253,0.0,3.891039966641411,0.17601087634471105,0.0,-0.6218774947452952,13.74773103038123,32.97032916398641,125.44821516988507,158.4185443338715
1.6960000000000013,9.81,3.93,1,1,0.01,0.01,-2.9763471201362854,3.0162178511364415,-0.32970870135448316,3.897764716561465,17.24298874210297,-0.12110660212647645,0.0,-0.12463437784351,1.9871727506694599,0.0,3.8904380114110775,0.19645743319226405,0.0,-0.7009717538621725,13.881313177302934,32.95272012583971,125.46551798999698,158.4182381158367
1.6980000000000013,9.81,3.93,1,1,0.01,0.01,-2.976972458898016,3.024013096766324,-0.29583820533622185,3.897459738535837,16.618536958876813,-0.18463350855944322,0.0,-0.11685440424900148,1.9875868975529174,0.0,3.889476308091169,0.21784017568436453,0.0,-0.7845785464268438,14.008433745414228,32.93340902932234,125.48452334896878,158.4179323782911
1.7000000000000013,9.81,3.93,1,1,0.01,0.01,-2.977531341509523,3.0318076023330773,-0.2632704776058254,3.897023135840735,15.940306966470931,-0.25271333540178437,0.0,-0.10907672857214096,1.9880447199008124,0.0,3.8881371696041365,0.2401274442364783,0.0,-0.8725644647375022,14.128540529838508,32.912310550544866,125.50531652814604,158.4176270786909
1.7020000000000013,9.81,3.93,1,1,0.01,0.01,-2.9780264806359655,3.039601095556973,-0.23211239661524008,3.8964459182612656,15.209049209687542,-0.32522555756472443,0.0,-0.10130212263878288,1.9885479910859605,0.0,3.8864037882898526,0.26328276922408633,0.0,-0.9647566442898828,14.241091007193003,32.889342173450494,125.5279800065088,158.41732217995929
1.7040000000000013,9.81,3.93,1,1,0.01,0.01,-2.97846080090543,3.047393286438613,-0.20246889896487907,3.8957193662433567,14.425957741630876,-0.4020199476963407,0.0,-0.09353139085015107,1.9890984067303963,0.0,3.8842604284136595,0.2872648701421793,0.0,-1.0609419175903976,14.345557482549282,32.864424602223544,125.55259304859855,158.4170176508221
1.7060000000000013,9.81,3.93,1,1,0.01,0.01,-2.9788374341285677,3.0551838678599657,-0.17444207854693922,3.8948350907313802,13.592682816611749,-0.48291621019792036,0.0,-0.0857653678462311,1.989697575126947,0.0,3.8816926189517194,0.3120277076044893,0.0,-1.1608665305129526,14.441432389690087,32.83748217294734,125.57923129312123,158.41671346606856
1.7080000000000013,9.81,3.93,1,1,0.01,0.01,-2.979159712695654,3.06297251630554,-0.1481302670426955,3.8937850933238343,12.711336825836106,-0.5677040349834088,0.0,-0.0780049157860859,1.9903470078200747,0.0,3.878687343330926,0.3375205910935587,0.0,-1.2642364743984518,14.52823365928316,32.80844326006553,125.60796634666298,158.4164096067285
1.7100000000000013,9.81,3.93,1,1,0.01,0.01,-2.9794311611275393,3.0707588927034606,-0.12362710974425156,3.8925618258752146,11.78449294330725,-0.6561436018737157,0.0,-0.07025092125467884,1.9910481104595785,0.0,3.875233222590172,0.3636883443937309,0.0,-1.3707184749692207,14.60551006074646,32.77724067298236,125.63886538717432,158.41610606015666
1.7120000000000013,9.81,3.93,1,1,0.01,0.01,-2.979655485786058,3.0785426433844303,-0.10102065178357615,3.891158248619928,10.815176007720366,-0.7479665567212472,0.0,-0.06250429181300658,1.9918021740435288,0.0,3.8713206883062,0.39047152952143704,0.0,-1.479941664392628,14.672846416924104,32.743812038000485,125.6719907820186,158.41580282001908
1.7140000000000013,9.81,3.93,1,1,0.01,0.01,-2.9798365627804713,3.0863234011546665,-0.08039245061544566,3.889567885863078,9.80684535558521,-0.8428774689498032,0.0,-0.054765952215682645,1.992610366667202,0.0,3.866942141603639,0.4178067287386737,0.0,-1.5914999458488686,14.729868586707711,32.70810016075294,125.70739972542302,158.41549988617595
1.7160000000000013,9.81,3.93,1,1,0.01,0.01,-2.9799784241386233,3.0941007864769836,-0.061816730959178764,3.8877848782760838,8.763369535782852,-0.9405557675155474,0.0,-0.04703684032741176,1.9934737258926802,0.0,3.8620920946548747,0.44562688293084984,0.0,-1.704955041260181,14.77624810982218,32.67005336434381,125.74514390011606,158.41519726445986
1.7180000000000013,9.81,3.93,1,1,0.01,0.01,-2.9800852423439066,3.1018744087522827,-0.045359598312984015,3.8858040308544908,7.688993068728496,-1.0406581387951301,0.0,-0.039317902776804886,1.9943931518490134,0.0,3.856767291276779,0.4738616832909245,0.0,-1.8198401930895947,14.811706410433018,32.62962579857818,125.78526916777211,158.4148949663503
1.7200000000000013,9.81,3.93,1,1,0.01,0.01,-2.9801613133708535,3.109643867691866,-0.031078326587258592,3.8836208556421106,6.588295655126884,-1.1428213561194231,0.0,-0.0316100903924684,1.9953694011653749,0.0,3.8509668035486957,0.5024380119243212,0.0,-1.935664471097112,14.836018462166818,32.58677771593538,125.82781529261217,158.41459300854757
1.7220000000000013,9.81,3.93,1,1,0.01,0.01,-2.9802110383823104,3.117408754769277,-0.01902073435175532,3.881231608399775,5.466144479638082,-1.2466654971830244,0.0,-0.023914353472042238,1.996403081829618,0.0,3.8446921018048217,0.531280425722282,0.0,-2.0519176155048076,14.849015826548364,32.54147571031997,125.87281570213355,158.4142914124535
1.7240000000000013,9.81,3.93,1,1,0.01,0.01,-2.980238904278679,3.1251686547388067,-0.009224662670037579,3.87863331849732,4.327640482676283,-1.3517974929852805,0.0,-0.016231636939642163,1.9974946490521521,0.0,3.8379470958839548,0.560311676694734,0.0,-2.168075330054604,14.850588989552852,32.49369291510456,125.92029728846283,158.41399020356738
1.7260000000000013,9.81,3.93,1,1,0.01,0.01,-2.9802494633137826,3.1329231472065024,-0.001717565538874576,3.8758238114314523,3.1780596781467056,-1.4578149408969332,0.0,-0.008562875450798979,1.9986444022004122,0.0,3.8307381461353307,0.5894532609541041,0.0,-2.283604922800863,14.840688936585286,32.44340915755102,125.97028025325798,158.413689410809
1.7280000000000013,9.81,3.93,1,1,0.01,0.01,-2.9802473120116644,3.1406718082384453,0.003483778382828982,3.8728017235163694,2.022790766045168,-1.564310105445511,0.0,-0.0009089885063114644,1.9998524828527526,0.0,3.823074043360357,0.6186259877408375,0.0,-2.3979711799423833,14.81932792420054,32.390611067343485,126.02277799843978,158.41338906578326
1.7300000000000013,9.81,3.93,1,1,0.01,0.01,-2.9802370696334086,3.1484142119903225,0.006373426705422984,3.869566508453735,0.8672704178090878,-1.670874023930673,0.0,0.006729124362636563,2.001118874002768,0.0,3.8149659575928436,0.6477505593141498,0.0,-2.5106423492097534,14.786579426604451,32.33529213767603,126.07779706432522,158.41308920200126
1.7320000000000013,9.81,3.93,1,1,0.01,0.01,-2.9802233564523535,3.156149932341904,0.006956303694560534,3.866118435658527,-0.28308230753594704,-1.7771006303535695,0.0,0.0143505882762901,2.0024434004263383,0.0,3.8064273563579754,0.6767481522223948,0.0,-2.621096104750003,14.742577255659898,32.27745273808757,126.1353371159876,158.41278985407516
1.7340000000000013,9.81,3.93,1,1,0.01,0.01,-2.9802107720995354,3.163878544519953,0.00524809985857367,3.8624585803913996,-1.4229309311631335,-1.8825908105627835,0.0,0.02195455749527428,2.003825730204656,0.0,3.797473893775031,0.7055409904301653,0.0,-2.728825365346296,14.687513873936101,32.217100079006315,126.19539097789796,158.4124910569043
1.7360000000000013,9.81,3.93,1,1,0.01,0.01,-2.980203874238751,3.171599626693379,0.001275043436386434,3.858588805920408,-2.547084447897182,-1.9869563040131397,0.0,0.029540219660293937,2.0052653773776052,0.0,3.7881232725533827,0.7340529010154431,0.0,-2.833343842199865,14.621637940447735,32.154248128736555,126.25794471613341,158.41219284486996
1.7380000000000013,9.81,3.93,1,1,0.01,0.01,-2.9802071578223486,3.1793127615250536,-0.004926450669432663,3.8545117380991876,-3.6505567667072647,-2.0898233729716016,0.0,0.03710679973094899,2.0067617056837985,0.0,3.778395081549669,0.7622098436493818,0.0,-2.934191201175664,14.545251147331381,32.08891748436473,126.32297776669213,158.41189525105688
1.7400000000000013,9.81,3.93,1,1,0.01,0.01,-2.9802250351650943,3.1870175376656364,-0.01331024633293934,3.8502307328993273,-4.7286214474918475,-2.190836168100495,0.0,0.04465356357787764,2.008313933326641,0.0,3.7683106120842713,0.7899404058115315,0.0,-3.030937736943839,14.458704422086702,32.02113519876591,126.3904631077501,158.411598306516
1.7420000000000013,9.81,3.93,1,1,0.01,0.01,-2.9802618170547013,3.194713551175968,-0.02382105549842492,3.8457498375668,-5.776860652706174,-2.2896597296879606,0.0,0.05217982118931358,2.0099211386906575,0.0,3.757892656638955,0.8171762566428912,0.0,-3.123188472220728,14.362393583575018,31.950934566531625,126.46036747305317,158.4113020395848
1.7440000000000013,9.81,3.93,1,1,0.01,0.01,-2.9803216950945353,3.2024004068660408,-0.03639509884174463,3.8410737461819653,-6.791207434290639,-2.3859825758576414,0.0,0.05968492946068518,2.0115822669191985,0.0,3.747165293862345,0.8438525534573851,0.0,-3.2105866135598857,14.256754550281977,31.878354872202248,126.53265160307399,158.41100647527622
1.7460000000000013,9.81,3.93,1,1,0.01,0.01,-2.980408725447427,3.210077719540208,-0.050960843776168795,3.8362077504869148,-7.7679807007621635,-2.4795188422904393,0.0,0.06716829454394957,2.013296137253888,0.0,3.736153663988927,0.8699082961739099,0.0,-3.2928163150089187,14.142258206149593,31.803441104660028,126.60727053008796,158.410711634748
1.7480000000000013,9.81,3.93,1,1,0.01,0.01,-2.980526814120324,3.21774511514008,-0.06743980470432973,3.8311576869011863,-8.70391244545243,-2.570009951716968,0.0,0.0746293737416408,2.015061451028016,0.0,3.724883738829131,0.8952866262465882,0.0,-3.369604721530956,14.019405032478952,31.72624364190962,126.68417389294865,158.41041753485825
1.7500000000000013,9.81,3.93,1,1,0.01,0.01,-2.9806797038986295,3.2254022317784306,-0.0857473898175839,3.8259298806766364,-9.596167053982828,-2.6572258050876174,0.0,0.08206767693886641,2.016876800200588,0.0,3.71338209041793,0.9199350680110625,0.0,-3.440723284507453,13.888719614089425,31.646817910740833,126.76330627707361,158.41012418781443
1.7520000000000013,9.81,3.93,1,1,0.01,0.01,-2.980870963007487,3.2330487206593497,-0.10579377861060166,3.8205310881452865,-10.442352737116478,-2.7409654993415917,0.0,0.08948276757451365,2.018740676314841,0.0,3.701675662226542,0.9438057116822891,0.0,-3.5059883610736366,13.750745124336103,31.565224025930256,126.84460757498611,158.40983160091636
1.7540000000000013,9.81,3.93,1,1,0.01,0.01,-2.9811039755458175,3.240684246881762,-0.12748481458505706,3.8149684379919906,-11.240525345296588,-2.8210575885956377,0.0,0.09687426316045336,2.020651479764843,0.0,3.6897915465602003,0.9668553384912539,0.0,-3.5652611267786236,13.606037887110928,31.48152641369395,126.92801336270037,158.40953977639433
1.7560000000000013,9.81,3.93,1,1,0.01,0.01,-2.9813819337085232,3.248308490125263,-0.15072289831867858,3.809249372439455,-11.989185006290942,-2.897359915970955,0.0,0.10424183536443796,2.022607529255872,0.0,3.6777567714018335,0.9890454895974838,0.0,-3.618446846538238,13.455162105061047,31.395793424063953,127.01345528727546,158.40924871133942
1.7580000000000013,9.81,3.93,1,1,0.01,0.01,-2.9817078317836083,3.255921145218927,-0.17540786711890477,3.8033815891697684,-12.687266182125532,-2.969759051897773,0.0,0.11158520967849508,2.0246070713486226,0.0,3.6655980995353787,1.010342481431815,0.0,-3.6654935616477835,13.298684832487718,31.308096936729573,127.10086146099206,158.40895839772165
1.7600000000000013,9.81,3.93,1,1,0.01,0.01,-2.9820844618846847,3.263521922595328,-0.2014378487996465,3.79737298472791,-13.33412186261665,-3.0381693814160804,0.0,0.11890416469981163,2.0266482899834615,0.0,3.6533418423138784,1.0307173709876902,0.0,-3.7063902604954726,13.137171259311648,31.21851196467452,127.19015685781437,158.4086688224889
1.7620000000000013,9.81,3.93,1,1,0.01,0.01,-2.982514411355905,3.2711105486333985,-0.22871007864628254,3.7912316000626496,-13.929502698979444,-3.102531887675308,0.0,0.1261985310553631,2.0287293158887314,0.0,3.6410136899455163,1.0501458752766724,0.0,-3.7411646074803815,12.971180359668551,31.127116259663346,127.28126370807698,158.40837996774033
1.7640000000000013,9.81,3.93,1,1,0.01,0.01,-2.9830000617661465,3.278686765894984,-0.25712167029826444,3.784965568762797,-14.473531932661732,-3.162812681568076,0.0,0.13346819000477553,2.0308482357860775,0.0,3.628638559674444,1.0686082496890028,0.0,-3.7698803085494936,12.801260945665767,31.033989923298826,127.37410188766503,158.40809181096387
1.7660000000000013,9.81,3.93,1,1,0.01,0.01,-2.98354358939245,3.286250333260954,-0.28657033301338003,3.778583068445691,-14.966676993744214,-3.219001328342551,0.0,0.14071307175819323,2.0330031013156398,0.0,3.6162404627488978,1.086089130355257,0.0,-3.7926341929130536,12.627948154062667,30.939215026999346,127.46858929832976,158.4078043253291
1.7680000000000013,9.81,3.93,1,1,0.01,0.01,-2.9841469670794014,3.2938010259735466,-0.31695502952090476,3.7720922756535957,-15.409718633185625,-3.271109021316934,0.0,0.14793315354723374,2.0351919376143788,0.0,3.6038423906111765,1.1025773457983625,0.0,-3.8095530891591314,12.45176038153987,30.842875243844937,127.56464223618086,158.4075174800258
1.7700000000000014,9.81,3.93,1,1,0.01,0.01,-2.9848119673512548,3.301338635592237,-0.34817657036804905,3.7655013245153284,-15.803718417988579,-3.319166650705819,0.0,0.15512845748755688,2.0374127514914147,0.0,3.5914662203239835,1.118065703209679,0.0,-3.820790570521561,12.273196673118195,30.74505549482551,127.66217574581175,158.40723124063726
1.7720000000000014,9.81,3.93,1,1,0.01,0.01,-2.9855401666470414,3.3088629698708365,-0.38013814226958464,3.7588182693375005,-16.149985362659397,-3.36322281232934,0.0,0.16229904827123204,2.0396635391549176,0.0,3.5791326388737046,1.132550754595608,0.0,-3.8265236388576738,12.092734558414985,30.645841611604716,127.76110395793515,158.40694556953986
1.7740000000000014,9.81,3.93,1,1,0.01,0.01,-2.986332950545424,3.3163738525637787,-0.4127457694481373,3.7520510512041816,-16.450042398976134,-3.4033417968810653,0.0,0.1694450307260211,2.0419422934553415,0.0,3.566861085669452,1.1460325478412687,0.0,-3.826949410374686,11.9108283219385,30.54532001750079,127.86134040881791,158.4066604263187
1.7760000000000014,9.81,3.93,1,1,0.01,0.01,-2.9871915198453767,3.32387112316962,-0.4459087082758716,3.745207468587056,-16.705593303851884,-3.4396015957515655,0.0,0.17656654727707533,2.0442470106196584,0.0,3.554669712289693,1.1585143674462817,0.0,-3.8222818587141045,11.727907686596199,30.443577427986796,127.96279834020423,158.40637576819103
1.7780000000000014,9.81,3.93,1,1,0.01,0.01,-2.9881168973705856,3.3313546366197206,-0.47953977667997155,3.738295151901123,-16.9184906164565,-3.4720919543856,0.0,0.18366377534440761,2.046575696460377,0.0,3.5425753583168342,1.1700024693251139,0.0,-3.8127486630414547,11.544376884039615,30.34070057163784,128.06539097879212,158.40609155042995
1.7800000000000014,9.81,3.93,1,1,0.01,0.01,-2.9891099353693793,3.338824262919888,-0.5135556207457552,3.731321541884175,-17.0907049847689,-3.5009124990160743,0.0,0.1907369247070336,2.048926372051535,0.0,3.5305935419424577,1.180505813650973,0.0,-3.7985882006360097,11.360614081337745,30.236775932102923,128.16903179467798,158.4058077267809
1.7820000000000014,9.81,3.93,1,1,0.01,0.01,-2.9901713233876954,3.3462798867524626,-0.5478769217412552,3.724293871631685,-17.22429629180354,-3.5261709575534197,0.0,0.1977862348619104,2.0512970788713485,0.0,3.518738463919087,1.190035799276747,0.0,-3.7800467154259723,11.176971130670315,30.131889511363802,128.27363473850173,158.40552424986552
1.7840000000000014,9.81,3.93,1,1,0.01,0.01,-2.9913015964996723,3.3537214070459633,-0.5824285474007025,3.717219152082075,-17.321386825708768,-3.5479814905688234,0.0,0.20481197240289328,2.0536858834178275,0.0,3.5070230233737423,1.1986060028055188,0.0,-3.7573756862082064,10.993773607135001,30.02612661425868,128.3791144573087,158.4052410715674
1.7860000000000014,9.81,3.93,1,1,0.01,0.01,-2.99250114378861,3.361148736518961,-0.6171396517515901,3.7101041607200207,-17.384136677927785,-3.5664631438098087,0.0,0.21181442844193593,2.0560908813093577,0.0,3.4954588439789944,1.2062319249215636,0.0,-3.7308294111153,10.811321099222207,29.91957165400161,128.48538648939444,158.40495814339604
1.7880000000000014,9.81,3.93,1,1,0.01,0.01,-2.993770216979928,3.3685618012043665,-0.6519437280645987,3.702955433246725,-17.414721481190263,-3.5817384296089028,0.0,0.21879391609174947,2.058510200886984,0.0,3.4840563089930203,1.2129307461423773,0.0,-3.700662818379586,10.629887716868737,29.812307978216165,128.59236743860976,158.4046754168259
1.7900000000000014,9.81,3.93,1,1,0.01,0.01,-2.995108939137085,3.375960539959813,-0.6867786196638652,3.6957792579550537,-17.415312535243178,-3.593932040943759,0.0,0.22575076802621521,2.060942006339065,0.0,3.472824603725252,1.2187210937230541,0.0,-3.667129507680195,10.449722783096966,29.704417714823713,128.69997512878408,158.40439284360778
1.7920000000000014,9.81,3.93,1,1,0.01,0.01,-2.996517313340967,3.3833449039692662,-0.7215864933745493,3.688581672543108,-17.388059313402835,-3.603169698802472,0.0,0.23268533413201184,2.063384500371988,0.0,3.461771764052827,1.2236228210436098,0.0,-3.6304800213885913,10.271051676922761,29.595981636982373,128.80812873906908,158.40411037605145
1.7940000000000014,9.81,3.93,1,1,0.01,0.01,-2.997995231282743,3.390714856240484,-0.7563137803235853,3.681368463101176,-17.335074297282755,-3.6095771309042326,0.0,0.2395979792622545,2.065835926452936,0.0,3.4509047296997215,1.2276568004427397,0.0,-3.5909603408578956,10.094076797327713,29.487079046159725,128.9167489211191,158.40382796727883
1.7960000000000014,9.81,3.93,1,1,0.01,0.01,-2.9995424817095064,3.398070371102401,-0.7909110886658829,3.67414516501311,-17.2584200501431,-3.61327917770707,0.0,0.24648908110046913,2.0682945706523097,0.0,3.440229401089803,1.2308447301314838,0.0,-3.5488105995107238,9.918978620505397,29.377787672335796,129.02575789911145,158.40354557144724
1.7980000000000014,9.81,3.93,1,1,0.01,0.01,-3.001158758670945,3.4054114337060275,-0.8253330925991795,3.6669170655230485,-17.160098410688605,-3.614399019969659,0.0,0.2533590281409426,2.070758763114323,0.0,3.4297506986928687,1.2332089555287815,0.0,-3.504264001825584,9.74591682519213,29.268183590276163,129.1350795536669,158.40326314394306
1.8000000000000014,9.81,3.93,1,1,0.01,0.01,-3.002843669523778,3.412738039531946,-0.8595384017721739,3.6596892077311787,-17.042041668107306,-3.613057520887962,0.0,0.2602082177894566,2.073226879184781,0.0,3.4194726238946687,1.2347723051082822,0.0,-3.4575459353440374,9.575031463578556,29.158341150776486,129.24463949077037,158.40298064154686
1.8020000000000014,9.81,3.93,1,1,0.01,0.01,-3.004596742658603,3.4200501939070427,-0.8934894148968202,3.6524663957971324,-16.906105564866664,-3.609372674950708,0.0,0.26703705458657145,2.075697340224954,0.0,3.4093983205348666,1.2355579406310844,0.0,-3.408873261450161,9.406444157987549,29.048332925765767,129.3543650968052,158.40269802257097
1.8040000000000014,9.81,3.93,1,1,0.01,0.01,-3.0064174349211092,3.42734791153268,-0.9271521610594011,3.645253201145914,-16.75406396539382,-3.6034591551066777,0.0,0.273845948554031,2.0781686141400524,0.0,3.3995301363679316,1.235589221460437,0.0,-3.3584537698351333,9.240259306129435,28.93822966615508,129.4641855808157,158.40241524697078
1.8060000000000014,9.81,3.93,1,1,0.01,0.01,-3.008305138706281,3.43463121602613,-0.9604961318970926,3.638053969488401,-16.587605025372255,-3.5954279495609134,0.0,0.28063531366348193,2.0806392156500473,0.0,3.389869683808968,1.2348895825097077,0.0,-3.3064857811770145,9.076565280255947,28.828100271335952,129.5740320050957,158.40213227643164
1.8080000000000014,9.81,3.93,1,1,0.01,0.01,-3.010259188710209,3.441900139476713,-0.9934941074763208,3.630872828485895,-16.408328697126716,-3.58538607947103,0.0,0.28740556642552284,2.0831077063295496,0.0,3.3804178994277474,1.2334824252608794,0.0,-3.253157882562978,8.915435607892434,28.71801176925859,129.68383730517465,158.40184907443324
1.8100000000000014,9.81,3.93,1,1,0.01,0.01,-3.012278868329478,3.4491547220177865,-1.02612197838372,3.623713695905553,-16.217745410627348,-3.5734363889547693,0.0,0.2941571245961174,2.085572694442264,0.0,3.3711751017485936,1.2313910212047472,0.0,-3.1986487804881296,8.756930124007399,28.608029306058423,129.79353630023436,158.4015656062928
1.8120000000000014,9.81,3.93,1,1,0.01,0.01,-3.014363415702808,3.456395011415417,-1.0583585662258286,3.6165802881304328,-16.01727577628212,-3.5596773991057065,0.0,0.30089040599661787,2.08803283459416,0.0,3.3621410470003683,1.228638426992483,0.0,-3.1431272568153874,8.601096086464286,28.498216144243106,129.90306569494624,158.40128183918935
1.8140000000000014,9.81,3.93,1,1,0.01,0.01,-3.0165120293937053,3.4636210626743273,-1.0901854444342773,3.6094761289041237,-15.808251164236955,-3.5442032181096432,0.0,0.30760582744300435,2.0904868272280313,0.0,3.353314982539413,1.2252474105481208,0.0,-3.0867522138156485,8.447969248385686,28.38863366850354,130.01236407366784,158.40099774217137
1.8160000000000014,9.81,3.93,1,1,0.01,0.01,-3.0187238737163984,3.4708329376614766,-1.121586760992372,3.6024045582052784,-15.591915024786747,-3.5271035000293036,0.0,0.31430380377946987,2.0929334179806087,0.0,3.3446956977384135,1.2212403873697957,0.0,-3.0296727952744544,8.29757488264362,28.279341398264616,130.12137188788412,158.40071328614874
1.8180000000000014,9.81,3.93,1,1,0.01,0.01,-3.0209980837102997,3.478030704747447,-1.152549064438787,3.5953687411617032,-15.369424825222413,-3.5084634453513055,0.0,0.3209847470111279,2.0953713969218155,0.0,3.3362815721963113,1.2166393662413575,0.0,-2.9720285716059283,8.149928755077564,28.170397006149695,130.23003143772203,158.40042844387173
1.8200000000000014,9.81,3.93,1,1,0.01,0.01,-3.0233337697707015,3.4852144384656296,-1.1830611342658517,3.5883716769269296,-15.141854489585679,-3.488363836946494,0.0,0.327649065530381,2.0977995976942223,0.0,3.3280706211783793,1.2114659035824047,0.0,-2.913949777918312,8.005038044242031,28.06185634158852,130.33828684830962,158.40014318989813
1.8220000000000014,9.81,3.93,1,1,0.01,0.01,-3.0257300219454306,3.4923842191890713,-1.2131138166140885,3.581416207454315,-14.910197239036991,-3.4668811056620403,0.0,0.3342971634313643,2.1002168965692127,0.0,3.3200605382422017,1.2057410656816625,0.0,-2.8555575949973506,7.862902206510371,27.95377345885747,130.4460840416933,158.39985750055075
1.8240000000000014,9.81,3.93,1,1,0.01,0.01,-3.028185913908794,3.4995401328247224,-1.242699865971181,3.5745050261147218,-14.675368741596808,-3.444087420328836,0.0,0.3409294399068168,2.102622211434897,0.0,3.3122487350448244,1.1994853980835278,0.0,-2.7969644641882847,7.723513786224385,27.846200648896694,130.55337070496955,158.39957135386624
1.8260000000000014,9.81,3.93,1,1,0.01,0.01,-3.0307005066253865,3.5066822705247267,-1.2718137934118132,3.567640686113699,-14.43821049068938,-3.420050797517346,0.0,0.34754628872177507,2.105014500729371,0.0,3.3046323783593303,1.192718901428781,0.0,-2.738274428144908,7.5868591712943285,27.73918847430535,130.66009625523145,158.39928472953682
1.8280000000000014,9.81,3.93,1,1,0.01,0.01,-3.033272851717252,3.513810728414312,-1.300451721763911,3.560825608672897,-14.19949334205071,-3.3948352269019177,0.0,0.35414809775855205,2.107392762331562,0.0,3.2972084243563318,1.1854610130860674,0.0,-2.6795834903597493,7.4529192952369625,27.63278580696886,130.76621180187777,158.39899760884663
1.8300000000000014,9.81,3.93,1,1,0.01,0.01,-3.0359019945485257,3.520925607335787,-1.3286112479555454,3.5540620909482197,-13.959921148052896,-3.3685008085911368,0.0,0.3607352486276052,2.1097560324206164,0.0,3.289973650227596,1.1777305939494793,0.0,-2.6209799872824218,7.321670287103812,27.527039867824023,130.87167010677965,158.39870997460366
1.8320000000000014,9.81,3.93,1,1,0.01,0.01,-3.0385869770420757,3.528027012608094,-1.3562913126837615,3.547352313664039,-13.720134437278695,-3.341103899245332,0.0,0.3673081163390739,2.1121033843135533,0.0,3.2829246832462915,1.169545919818177,0.0,-2.562544967666285,7.1930840711137565,27.42199626831621,130.9764255427516,158.3984218110678
1.8340000000000014,9.81,3.93,1,1,0.01,0.01,-3.041326840242851,3.53511505380133,-1.383492077450431,3.5406983484487093,-13.480714095216426,-3.3126972642315105,0.0,0.3738670690299609,2.1144339272898267,0.0,3.276058027371209,1.1609246768153683,0.0,-2.504352574552088,7.067128918075309,27.317699053148733,131.08043405072843,158.39813310387717
1.8360000000000014,9.81,3.93,1,1,0.01,0.01,-3.0441206266426426,3.542189844525635,-1.410214808929367,3.5341021648617374,-13.242185009228175,-3.2833302334563754,0.0,0.3804124677421631,2.1167468054103296,0.0,3.2693700875118545,1.1518839603454534,0.0,-2.4464704259997507,6.9437699508787505,27.214190743967823,131.18365309600404,158.39784383997187
1.8380000000000014,9.81,3.93,1,1,0.01,0.01,-3.0469673822808296,3.54925150223382,-1.4364617705619116,3.527565637107302,-13.005019647480182,-3.253048858874204,0.0,0.3869446662467937,2.119041196337488,0.0,3.262857191577505,1.1424402771289608,0.0,-2.3889599913154167,6.822969606466829,27.11151238366599,131.28604162385224,158.39755400751824
1.8400000000000014,9.81,3.93,1,1,0.01,0.01,-3.0498661586354188,3.5563001480371077,-1.462236121223511,3.521090550432516,-12.769641547340736,-3.221896071984029,0.0,0.39346401091049404,2.1213163101621397,0.0,3.256515610437113,1.1326095498945767,0.0,-2.331876960091939,6.704688056766668,27.00970358102429,131.38756001480743,158.39726359583173
1.8420000000000014,9.81,3.93,1,1,0.01,0.01,-3.0528160143183225,3.563335906533354,-1.48754182076005,3.514678607211893,-12.536428693880683,-3.1899118399161646,0.0,0.39997084059967764,2.123571388242145,0.0,3.2503415759183483,1.1224071243456955,0.0,-2.2752716018894947,6.588883591093475,26.908802555447227,131.4881700398538,158.39697259530104
1.8440000000000014,9.81,3.93,1,1,0.01,0.01,-3.055816016588386,3.570358905647129,-1.5123835421585734,3.508331432722032,-12.3057167735983,-3.157133318959211,0.0,0.40646548661892196,2.125805702056915,0.0,3.244331296973802,1.1118477780552682,0.0,-2.219189114832369,6.475512962527459,26.80884618157657,131.5878348157362,158.39668099731276
1.8460000000000014,9.81,3.93,1,1,0.01,0.01,-3.0588652426951732,3.5773692764810416,-1.536766590091256,3.502050580612594,-12.077802292381758,-3.1235950046009275,0.0,0.4129482726799608,2.128018552081398,0.0,3.238480974140512,1.1009457309769926,0.0,-2.163669961791814,6.364531700726082,26.709870033597394,131.68651876058,158.39638879417737
1.8480000000000014,9.81,3.93,1,1,0.01,0.01,-3.0619627810659846,3.584367153177711,-1.5606968255529334,3.495837538081315,-11.852945550066366,-3.089328877349475,0.0,0.41941951489799406,2.130209266682475,0.0,3.2327868124159864,1.0897146572930816,0.0,-2.1087501931675674,6.255894393570856,26.611908429076976,131.78418754998035,158.39609597905732
1.8500000000000014,9.81,3.93,1,1,0.01,0.01,-3.065107732347999,3.5913526727917957,-1.5841805963001576,3.4896937307620757,-11.631373466793296,-3.0543645437695126,0.0,0.4258795218122621,2.132377201040178,0.0,3.2272450326699285,1.0781676983487691,0.0,-2.054461755576101,6.149554939966805,26.514994472199692,131.88080807369653,158.39580254589623
1.8520000000000014,9.81,3.93,1,1,0.01,0.01,-3.068299210316845,3.5983259751715235,-1.6072246727926172,3.483620527336052,-11.41328225877803,-3.0187293723121584,0.0,0.43232859442807764,2.1345217360956763,0.0,3.221851881706278,1.0663174764515009,0.0,-2.000832786006655,6.045466776018235,26.419160096282937,131.97634839306832,158.39550848935124
1.8540000000000014,9.81,3.93,1,1,0.01,0.01,-3.0715363426623092,3.6052872028491745,-1.6298361893350521,3.477619243876667,-11.198839963101278,-2.9824486236414445,0.0,0.43876702627771774,2.1366422775275735,0.0,3.2166036410849657,1.0541761093382929,0.0,-1.9478878912203759,5.9435830767002376,26.324436105477496,132.07077769924956,158.39521380472706
1.8560000000000014,9.81,3.93,1,1,0.01,0.01,-3.074818271661276,3.612236500939997,-1.6520225901187207,3.4716911479395645,-10.988188812785603,-2.94554557526427,0.0,0.4451951034978112,2.138738254757648,0.0,3.211496634807331,1.0417552251382012,0.0,-1.8956484123478177,5.84385693503505,26.230852215573762,132.16406627233914,158.3949184879129
1.8580000000000014,9.81,3.93,1,1,0.01,0.01,-3.0781441547474016,3.6191740170490565,-1.6737915798653937,3.4658374624091115,-10.781447464761767,-2.9080416403595972,0.0,0.4516131049210393,2.1408091199868986,0.0,3.2065272359633656,1.0290659776782192,0.0,-1.8441326747892994,5.746241520668455,26.138437093848943,132.25618544147264,158.3946225353216
1.8600000000000014,9.81,3.93,1,1,0.01,0.01,-3.081513164986435,3.626099901185549,-1.69515107878317,3.4600593691130785,-10.578713084397995,-2.869956480775418,0.0,0.45802130218016746,2.142854347262431,0.0,3.2016918724331993,1.0161190620003726,0.0,-1.7933562236448723,5.650690219626228,26.047218397905635,132.34710754592612,158.39432594383175
1.8620000000000014,9.81,3.93,1,1,0.01,0.01,-3.0849244914655283,3.633014305684114,-1.716109181551623,3.454358012217136,-10.380063291100491,-2.831308114222848,0.0,0.4644199598226112,2.1448734315754963,0.0,3.19698703172935,1.0029247299753727,0.0,-1.7433320449992156,5.557156756915902,25.957222813462575,132.43680589727006,158.39402871073264
1.8640000000000014,9.81,3.93,1,1,0.01,0.01,-3.088377339604318,3.6399173851327333,-1.7366741200634719,3.448734501410706,-10.18555797012593,-2.7921130157457426,0.0,0.4708093354338905,2.1468658879907676,0.0,3.1924092650605345,0.9894928059140545,0.0,-1.6940707734646865,5.465595303526314,25.868476091069578,132.52525474260167,158.39373083367124
1.8660000000000014,9.81,3.93,1,1,0.01,0.01,-3.0918709313950243,3.6468092963067966,-1.7568542296607383,3.443189914895505,-9.995240956206844,-2.7523862135837143,0.0,0.47718967976849547,2.1488312508067677,0.0,3.187955190692213,0.9758327020920681,0.0,-1.6455808864458281,5.375960569267657,25.78100308172822,132.61242922887442,158.39343231060263
1.8680000000000014,9.81,3.93,1,1,0.01,0.01,-3.0954045055783115,3.65369019810896,-1.7766579186148836,3.437725302187844,-9.809141594904734,-2.7121413795775418,0.0,0.4835612368868341,2.1507690727472024,0.0,3.183621496673512,0.9619534341161025,0.0,-1.5978688856334509,5.28820788278867,25.694827771406686,132.6983053683358,158.3931331397425
1.8700000000000014,9.81,3.93,1,1,0.01,0.01,-3.0989773177611495,3.66056025151443,-1.7960936406124672,3.432341686745435,-9.627276187797301,-2.671390914289587,0.0,0.4899242442970448,2.1526789241828115,0.0,3.179404942995026,0.9478636360711936,0.0,-1.5509394662679044,5.202293260006308,25.609973314445668,132.78286000507688,158.39283331952254
1.8720000000000014,9.81,3.93,1,1,0.01,0.01,-3.1025886404824643,3.667419619521334,-1.8151698700201806,3.4270400684290845,-9.449649327694786,-2.6301460270296984,0.0,0.49627893310061255,2.154560392383262,0.0,3.1753023632368413,0.9335715753989103,0.0,-1.5047956747319344,5.118173462086393,25.526462065856904,132.86607078269157,158.39253284854846
1.8740000000000014,9.81,3.93,1,1,0.01,0.01,-3.1062377632319187,3.674268467105859,-1.8338950797155198,3.4218214258092625,-9.276255130086149,-2.5884168109892935,0.0,0.5026255281408116,2.1564130807984805,0.0,3.1713106657614905,0.9190851674650617,0.0,-1.4594390550446403,5.035806044022444,25.44431561252196,132.94791611303802,158.39223172555998
1.8760000000000014,9.81,3.93,1,1,0.01,0.01,-3.10992399242675,3.6811069611818548,-1.8522777212817085,3.416686718327119,-9.107078366951889,-2.5462123136948023,0.0,0.5089642481531266,2.1582366083688003,0.0,3.167426834501899,0.9044119897835454,0.0,-1.4148697848316933,4.9551493947735015,25.363554803302875,133.02837514609104,158.3919299493939
1.8780000000000014,9.81,3.93,1,1,0.01,0.01,-3.1136466513512047,3.6879352705646227,-1.870326207377647,3.411636888319096,-8.942095508963195,-2.5035406029956198,0.0,0.5152953059168754,2.160030608863172,0.0,3.16364792939026,0.8895592958698492,0.0,-1.3710868013440947,4.87616276984103,25.284199778080175,133.10742774086884,158.391627518949
1.8800000000000014,9.81,3.93,1,1,0.01,0.01,-3.1174050800627393,3.6947535659386226,-1.8880488961055462,3.40667286291385,-8.781275681925528,-2.4604088288036094,0.0,0.5216189084073728,2.161794730244705,0.0,3.1599710864696817,0.8745340287038357,0.0,-1.3280879180897807,4.798806317089186,25.20626999573651,133.18505443741662,158.39132443315313
1.8820000000000014,9.81,3.93,1,1,0.01,0.01,-3.121198635268813,3.7015620198288555,-1.9054540772104362,3.401795555809761,-8.624581543131335,-2.416823280800012,0.0,0.5279352569480273,2.163528634062726,0.0,3.156393517726813,0.8593428337867441,0.0,-1.2858699326302776,4.7230410965424285,25.129784261107297,133.26123642982532,158.3910206909326
1.8840000000000015,9.81,3.93,1,1,0.01,0.01,-3.1250266901777835,3.708360806575685,-1.9225499599568499,3.397005868940885,-8.471970083067836,-2.372789442322656,0.0,0.5342445473618558,2.1652319948705414,0.0,3.152912510680138,0.84399207178194,0.0,-1.2444287260791718,4.648829094828856,25.054760750921545,133.33595554026235,158.39071629118388
1.8860000000000015,9.81,3.93,1,1,0.01,0.01,-3.1288886343271116,3.715150102312889,-1.9393446625386415,3.392304694038781,-8.323393357690664,-2.328312040641787,0.0,0.540546970121956,2.1669044996680498,0.0,3.149525427755422,0.8284878307329051,0.0,-1.2037593548212777,4.576133234877093,24.981217038757098,133.40919419398926,158.39041123274637
1.8880000000000015,9.81,3.93,1,1,0.01,0.01,-3.1327838733918068,3.721930084948734,-1.9558462028880792,3.38769291409722,-8.178799156226171,-2.2833950938272487,0.0,0.546842710500539,2.168545847368377,0.0,3.14622970547684,0.8128359378554302,0.0,-1.1638561349517185,4.5049173814185295,24.909170119037334,133.48093539534062,158.39010551437795
1.8900000000000015,9.81,3.93,1,1,0.01,0.01,-3.136711828975785,3.728700934149889,-1.9720624907600182,3.3831714047464145,-8.038131609212703,-2.238041954402731,0.0,0.5531319487161851,2.170155748287658,0.0,3.1430228534995193,0.7970419709038535,0.0,-1.1247127199130442,4.435146342794947,24.838636430095484,133.5511627046361,158.3897991347316
1.8920000000000015,9.81,3.93,1,1,0.01,0.01,-3.1406719383885733,3.735462831328001,-1.9880013209761298,3.3787410355429883,-7.901331741234407,-2.192255349975796,0.0,0.5594148600790234,2.1717339236571385,0.0,3.1399024535067364,0.7811112691136852,0.0,-1.0863221717866776,4.3667858695241994,24.769631876334977,133.6198602159992,158.3894920923342
1.8940000000000015,9.81,3.93,1,1,0.01,0.01,-3.1446636544095754,3.7422159596287736,-2.0036703677228127,3.3744026711815613,-7.768337972547201,-2.1460374210240327,0.0,0.5656916151335858,2.1732801051567274,0.0,3.136866157992673,0.7650489437250392,0.0,-1.0486770266726326,4.2998026500328566,24.70217184951357,133.6870125360526,158.38918438556618
1.8960000000000015,9.81,3.93,1,1,0.01,0.01,-3.148686445041902,3.7489605039233913,-2.0190771798045604,3.3701571726334634,-7.639086573544303,-2.099389756010055,0.0,0.5719623797991327,2.174794034469197,0.0,3.1339116889494636,0.7488598880930669,0.0,-1.0117693545690245,4.2341643039247145,24.63627124918007,133.7526047634635,158.38887601264355
1.8980000000000015,9.81,3.93,1,1,0.01,0.01,-3.1527397932575894,3.7556966508021556,-2.0342291767622043,3.3660053982177494,-7.513512075764344,-2.052313423989233,0.0,0.5782273155072674,2.1762754628541843,0.0,3.131036836475358,0.7325487873929754,0.0,-0.9755908141404604,4.169839373117577,24.571944502291654,133.81662246930867,158.3885669716003
1.9000000000000015,9.81,3.93,1,1,0.01,0.01,-3.156823196735847,3.7624245885702003,-2.0491336457726246,3.361948204609377,-7.3915476429059686,-2.0048090048660154,0.0,0.5844865793367013,2.177724150741211,0.0,3.1282394573190104,0.7161201279284477,0.0,-0.9401327027424556,4.106797311147167,24.509205582040657,133.87905167823232,158.38825726027298
1.9020000000000015,9.81,3.93,1,1,0.01,0.01,-3.1609361675958225,3.76914450724516,-2.0637977392532094,3.3579864477891004,-7.273125405084036,-1.9568766174460954,0.0,0.5907403241450565,2.1791398673409317,0.0,3.125517473373274,0.6995782060531681,0.0,-0.9053860020473883,4.045008470906564,24.448068025918516,133.93987885036728,158.3879468762858
1.9040000000000015,9.81,3.93,1,1,0.01,0.01,-3.165078232125223,3.775856598556688,-2.078228473100601,3.354120983939346,-7.158176759341921,-1.908515945423642,0.0,0.596988698697613,2.1805223902738424,0.0,3.1228688701303926,0.6829271367159399,0.0,-0.8713414195966415,3.9844440910617935,24.38854495304477,133.99909086399254,158.3876358170373
1.9060000000000015,9.81,3.93,1,1,0.01,0.01,-3.1692489305059897,3.7825610559477125,-2.0924327254990747,3.3503526702900706,-7.046632639224512,-1.8597262614346401,0.0,0.6032318477929401,2.181871505215717,0.0,3.1202916951091746,0.6661708616403841,0.0,-0.837989426583268,3.925076281358866,24.33064908078866,134.05667499889933,158.38732407968797
1.9080000000000015,9.81,3.93,1,1,0.01,0.01,-3.173447816538114,3.78925807457734,-2.1064172362393103,3.346682365918341,-6.938423756016884,-1.8105064492996936,0.0,0.6094699123853573,2.183187005559043,0.0,3.1177840562634254,0.6493131571506843,0.0,-0.805320292150179,3.8668780070146553,24.274392740709654,134.11261892043913,158.3870116611488
1.9100000000000015,9.81,3.93,1,1,0.01,0.01,-3.177674457362551,3.7959478513253115,-2.1201886064933406,3.343110932505144,-6.833480814064277,-1.7608550245719634,0.0,0.6157030297042055,2.184468692089765,0.0,3.1153441203798957,0.6323576416550669,0.0,-0.7733241144701575,3.809823072363105,24.21978789384355,134.1669106642269,158.38669855807044
1.9120000000000015,9.81,3.93,1,1,0.01,0.01,-3.181928433184102,3.802630584797935,-2.133753298996092,3.339639235052703,-6.731734702410575,-1.710770153498835,0.0,0.6219313333699051,2.185716372678666,0.0,3.1129701114729325,0.6153077827988762,0.0,-0.7419908488562681,3.7538861039093803,24.16684614535945,134.2195386214745,158.38638476683394
1.9140000000000015,9.81,3.93,1,1,0.01,0.01,-3.1862093369950255,3.8093064753354144,-2.1471176385882633,3.3362681425653724,-6.6331166648245174,-1.6602496704986942,0.0,0.6281549535068071,2.1869298619867275,0.0,3.110660309182149,0.5981669042991776,0.0,-0.7113103331343765,3.699042532927509,24.115578758612614,134.27049152492884,158.38607028354147
1.9160000000000015,9.81,3.93,1,1,0.01,0.01,-3.1905167743000615,3.815975725020507,-2.1602878130792496,3.332998528696985,-6.537558450124763,-1.6092910942478535,0.0,0.6343740168528499,2.188108981183859,0.0,3.1084130471785993,0.5809381924728237,0.0,-0.6812723104935126,3.64526857772156,24.06599666861748,134.31975843539092,158.3857551040084
1.9180000000000015,9.81,3.93,1,1,0.01,0.01,-3.19485036284347,3.8226385376884426,-2.173269874392493,3.3298312723673402,-6.4449924445674975,-1.5578916424660776,0.0,0.6405886468660359,2.1892535576803804,0.0,3.1062267115841977,0.5636247024697751,0.0,-0.6518664500146292,3.5925412256564297,24.01811049496391,134.36732872879165,158.38543922375555
1.9200000000000015,9.81,3.93,1,1,0.01,0.01,-3.199209732338615,3.8292951189380497,-2.1860697399590396,3.3267672583503525,-6.355351787921657,-1.5060482454832822,0.0,0.6467989638277686,2.190363424870684,0.0,3.104099739408494,0.5462293642233981,0.0,-0.6230823650641384,3.540838215051734,23.97193055420008,134.41319208380236,158.38512263800243
1.9220000000000015,9.81,3.93,1,1,0.01,0.01,-3.203594524200555,3.835945676144029,-2.198693194328189,3.323807377836223,-6.268570474728396,-1.4537575586643425,0.0,0.6530050849430784,2.191438421888531,0.0,3.102030617006272,0.5287549881292006,0.0,-0.5949096297251193,3.490138017020951,23.927466871703285,134.45733846995742,158.3848053416607
1.9240000000000015,9.81,3.93,1,1,0.01,0.01,-3.208004391282051,3.842590418470328,-2.211145890967005,3.320952528969842,-6.1845834421209425,-1.4010159737634158,0.0,0.6592071244377923,2.1924783933734386,0.0,3.100017878558956,0.5112042704633062,0.0,-0.5673377934265553,3.4404198173277023,23.884729193060352,134.4997581362681,158.38448732932846
1.9260000000000015,9.81,3.93,1,1,0.01,0.01,-3.2124389976133396,3.849229556884572,-2.2234333542230877,3.3182036173674967,-6.103326645469714,-1.3478196292741749,0.0,0.6654051936526891,2.193483189247652,0.0,3.098060104582304,0.49357979855162776,0.0,-0.5403563939190699,3.391663498321895,23.843726994978123,134.54044160030668,158.3841685952848
1.9280000000000015,9.81,3.93,1,1,0.01,0.01,-3.2168980181459745,3.8558633041735044,-2.235560981427436,3.315561556613834,-6.024737123013711,-1.2941644198376965,0.0,0.6715994011346997,2.194452664503217,0.0,3.0961559204624387,0.47588405570050113,0.0,-0.5139549687346644,3.343849621010202,23.804469495743376,134.5793796377415,158.3838491334849
1.9300000000000015,9.81,3.93,1,1,0.01,0.01,-3.221381138500998,3.8624918749594084,-2.2475340451164567,3.3130272687408975,-5.948753050543317,-1.240046004764952,0.0,0.6777898527252049,2.19538667899868,0.0,3.0943039950219267,0.4581194258991541,0.0,-0.48812306525753246,3.2969594073079453,23.76696566525172,134.6165632723035,158.3835289375552
1.9320000000000015,9.81,3.93,1,1,0.01,0.01,-3.2258880547216577,3.8691154857174648,-2.2593576953542054,3.310601684690965,-5.875313787110436,-1.1854598157269431,0.0,0.6839766516455047,2.1962850972649806,0.0,3.0925030391172164,0.4402881983041289,0.0,-0.4628502495234505,3.2509747225128143,23.73122423462334,134.65198376616615,158.3832080007895
1.9340000000000015,9.81,3.93,1,1,0.01,0.01,-3.230418473030856,3.8757343547940235,-2.271036962137832,3.3082857447647935,-5.804359912659948,-1.1304010636612236,0.0,0.6901598985795069,2.197147788320091,0.0,3.0907518042685256,0.42239257151541265,0.0,-0.4381261138562045,3.205878058034954,23.69725370542345,134.68563261072123,158.38288631614466
1.9360000000000015,9.81,3.93,1,1,0.01,0.01,-3.2349721095934787,3.8823487024257592,-2.2825767578708933,3.306080399056799,-5.735833258400163,-1.074864744940123,0.0,0.6963396917537131,2.197974625492022,0.0,3.089049081322925,0.40443465765369924,0.0,-0.4139402834411457,3.161652514412612,23.665062358504194,134.71750151773313,158.38256387623733
1.9380000000000015,9.81,3.93,1,1,0.01,0.01,-3.239548690283727,3.888958750759682,-2.293981879890775,3.303986607878602,-5.669676930660043,-1.0188456468422376,0.0,0.702516127014562,2.19876548624978,0.0,3.08739369915119,0.3864164862478815,0.0,-0.39028242192818197,3.1182817846378605,23.63465826248419,134.7475824108559,158.38224067334008
1.9400000000000015,9.81,3.93,1,1,0.01,0.01,-3.24414795045755,3.895564723873988,-2.305257013037888,3.3020053421722966,-5.605835328916206,-0.9623383523655122,0.0,0.7086892979032047,2.1995202520419186,0.0,3.0857845233787713,0.36834000794151606,0.0,-0.36714223614925584,3.075750137812696,23.60604928188144,134.7758674174971,158.38191669937854
1.9420000000000015,9.81,3.93,1,1,0.01,0.01,-3.2487696347302437,3.902166847799726,-2.3164067322556154,3.300137583914718,-5.544254158613096,-0.9053372444173979,0.0,0.7148592957277685,2.2002388081423376,0.0,3.0842204551510393,0.35020709802667976,0.0,-0.34450948002863885,3.0340424031520596,23.57924308491447,134.80234886101377,158.38159194592825
1.9440000000000015,9.81,3.93,1,1,0.01,0.01,-3.2534134967592783,3.9087653505432622,-2.327435505211166,3.298384326513929,-5.484880439345131,-0.8478365094142386,0.0,0.7210262096331954,2.200921043502971,0.0,3.0827004299328085,0.33201955981329245,0.0,-0.322373957758127,2.9931439543470324,23.554247150985713,134.82701925322579,158.3812664042115
1.9460000000000015,9.81,3.93,1,1,0.01,0.01,-3.2580792990323744,3.9153604621095384,-2.3383476949285935,3.2967465751990748,-5.4276625089189565,-0.7898301403197743,0.0,0.7271901266687042,2.201566850613067,0.0,3.081223416342047,0.31377912784165773,0.0,-0.30072552630343197,2.953040694298545,23.531068777861417,134.8498712872337,158.3809400650951
1.9480000000000015,9.81,3.93,1,1,0.01,0.01,-3.262766812660856,3.9219524145260944,-2.349147562426214,3.2952253474046924,-5.372550023767861,-0.731311939149794,0.0,0.7333511318529626,2.2021761253647334,0.0,3.0797884150174832,0.29548747094564876,0.0,-0.2795540973027058,2.913719040229316,23.509715088560682,134.87089783052673,158.3806129190874
1.9500000000000015,9.81,3.93,1,1,0.01,0.01,-3.267475817178274,3.928541441867862,-2.3598392693515686,3.293821673150531,-5.319493956147827,-0.6722755189677494,0.0,0.7395093082370212,2.202748766924474,0.0,3.0783944575197855,0.27714619517363714,0.0,-0.2588496384131483,2.8751659091794517,23.490193037966307,134.8900919183694,158.3802849563357
1.9520000000000015,9.81,3.93,1,1,0.01,0.01,-3.272206100344294,3.9351277802827114,-2.370426880607885,3.2925365954178676,-5.268446588505552,-0.6127143053938946,0.0,0.745664736965086,2.203284677610421,0.0,3.077040605265898,0.25875684657399506,0.0,-0.23860217415709886,2.837368703889222,23.47250941916984,134.907446747454,158.37995616662386
1.9540000000000015,9.81,3.93,1,1,0.01,0.01,-3.2769574579538214,3.941711668017749,-2.380914366966745,3.2913711705232735,-5.219361505373347,-0.5526215376483106,0.0,0.7518174973331953,2.203783762775019,0.0,3.0757259484959767,0.24032091385164178,0.0,-0.21880178631469827,2.8003152990706384,23.456670869561762,134.9229556698081,158.37962653936984
1.9560000000000015,9.81,3.93,1,1,0.01,0.01,-3.2817296936513376,3.9482933454463587,-2.391305607662343,3.2903264684907465,-5.172193583112765,-0.4919902691463518,0.0,0.7579676668458559,2.204245930692888,0.0,3.074449605272398,0.22183983090187728,0.0,-0.19943861390634002,2.763994028068079,23.442683876678174,134.93661218694507,158.37929606362326
1.9580000000000015,9.81,3.93,1,1,0.01,0.01,-3.2865226187503995,3.9548730550959905,-2.4016043929633204,3.2894035734230846,-5.126898977798898,-0.43081336766309386,0.0,0.7641153212707151,2.204671092453644,0.0,3.073210720510202,0.20331497922741226,0.0,-0.1805028528044446,2.728393669906751,23.43055478381465,134.94840994424825,158.3789647280629
1.9600000000000015,9.81,3.93,1,1,0.01,0.01,-3.29133605205826,3.9614510416766877,-2.4118144267187356,3.2886035838733516,-5.083435111510091,-0.36908351508163273,0.0,0.7702605346913204,2.2050591618594355,0.0,3.072008465038286,0.184747690244276,0.0,-0.16198475501078513,2.6935034367267408,23.420289795416778,134.95834272557755,158.37863252099433
1.9620000000000015,9.81,3.93,1,1,0.01,0.01,-3.2961698197055513,3.9680275521103603,-2.4219393288752187,3.287927613217247,-5.041760657262372,-0.30679320673849886,0.0,0.7764033795580346,2.2054100553269937,0.0,3.0708420346906746,0.16613924748199968,0.0,-0.14387462763246556,2.6593129615993485,23.411894982257607,134.96640444808992,158.3782994303475
1.9640000000000015,9.81,3.93,1,1,0.01,0.01,-3.30102375498097,3.974602835560804,-2.431982637962822,3.2873767900271833,-5.001835522805326,-0.24393475037776602,0.0,0.7825439267371613,2.2057236917939687,0.0,3.0697106494271207,0.1474908886832094,0.0,-0.12616283158679273,2.6258122867215925,23.405376286410906,134.97258915726326,158.37796544367416
1.9660000000000015,9.81,3.93,1,1,0.01,0.01,-3.3058976981709027,3.9811771434644694,-2.441947813547488,3.2869522584488324,-4.963620833475003,-0.18050026472413094,0.0,0.7886822455583409,2.205999992629382,0.0,3.068613552482285,0.12880380780756573,0.0,-0.10883978006268297,2.5929918519840705,23.400739526029025,134.9768910221162,158.37763054814522
1.9680000000000015,9.81,3.93,1,1,0.01,0.01,-3.3107914964039216,3.987750729561988,-2.4518382386484268,3.2866551785809044,-4.927078914280523,-0.11648167768373607,0.0,0.7948184038602715,2.206238881547987,0.0,3.067550009542732,0.11007915694470818,0.0,-0.09189593676377109,2.5608424839067214,23.397990399933853,134.97930433061453,158.37729473054839
1.9700000000000015,9.81,3.93,1,1,0.01,0.01,-3.3157050035000775,3.9943238499304607,-2.461657222119039,3.286486726858887,-4.892173271383588,-0.05187072418013994,0.0,0.8009524680348132,2.206440284528367,0.0,3.0665193079509696,0.09131804814066627,0.0,-0.07532181395617314,2.52935538493662,23.39713449202886,134.97982348525616,158.37695797728503
1.9720000000000015,9.81,3.93,1,1,0.01,0.01,-3.3206380798249184,4.00089676301652,-2.4714080009903054,3.286448096443474,-4.858868573114208,0.013341056368232795,0.0,0.8070845030695271,2.2066041297346097,0.0,3.0655207559357383,0.07252155514198108,0.0,-0.059107970341779975,2.4985221231014374,23.398177275540057,134.97844299882786,158.37662027436792
1.9740000000000015,9.81,3.93,1,1,0.01,0.01,-3.325590592148156,4.007469729670174,-2.481093742775857,3.286540497614394,-4.827130630651741,0.07916232292426639,0.0,0.8132145725886968,2.206730347441386,0.0,3.0645536818677632,0.053690715061571886,0.0,-0.043245008776052994,2.4683346220119606,23.401124117092785,134.97515749032505,158.37628160741784
1.9760000000000015,9.81,3.93,1,1,0.01,0.01,-3.330562413506903,4.014043013179438,-2.4907175477381664,3.28676515817034,-4.796926378486918,0.14560193605798744,0.0,0.8193427388928889,2.2068188699622877,0.0,3.063617433540201,0.034826529970213266,0.0,-0.027723573847556707,2.4387851512067766,23.405980280631997,134.96996168102885,158.37594196166086
1.9780000000000015,9.81,3.93,1,1,0.01,0.01,-3.335553423073406,4.020616879305786,-2.5002824511155355,3.287123323835698,-4.768223854768963,0.21266896151943193,0.0,0.8254690629971018,2.2068696315812733,0.0,3.0627113774729637,0.015929968417256413,0.0,-0.012534349334810494,2.409866316832061,23.412750931192097,134.9628503907329,158.37560132192502
1.9800000000000015,9.81,3.93,1,1,0.01,0.01,-3.34056350602719,4.027191596320409,-2.5097914253097353,3.2876162586747695,-4.7409921816308,0.2803726741567285,0.0,0.8315936046675376,2.2068825684870905,0.0,3.061834898240191,-0.0029980331159071005,0.0,0.002331944445414734,2.3815710526492553,23.421441138523242,134.9538185341139,158.37525967263716
1.9820000000000015,9.81,3.93,1,1,0.01,0.01,-3.3455925534315396,4.033767435041319,-2.5192473820343495,3.2882452455141715,-4.715201545575698,0.3487225621787775,0.0,0.8377164224570598,2.2068576187105435,0.0,3.060987397820038,-0.02195656882631497,0.0,0.016884553385604104,2.353892611363357,23.432055880579767,134.9428611172395,158.37491699781924
1.9840000000000015,9.81,3.93,1,1,0.01,0.01,-3.3506404621142405,4.040344668871301,-2.528653174424013,3.2890115863741083,-4.690823177999838,0.41772833176293833,0.0,0.8438375737393692,2.206794722064472,0.0,3.060168294966091,-0.040944762260708145,0.0,0.031132692419351293,2.326824556264557,23.44460004687714,134.9299732342081,158.37457328108525
1.9860000000000015,9.81,3.93,1,1,0.01,0.01,-3.355707134552497,4.04692357383674,-2.538011599104886,3.2899166029092046,-4.667829335917098,0.4873999120088903,0.0,0.8499571147419429,2.2066938200863344,0.0,3.059377024599596,-0.05996176504458381,0.0,0.04508554842722084,2.3003607531758457,23.459078441722443,134.9151500639143,158.37422850563675
1.9880000000000015,9.81,3.93,1,1,0.01,0.01,-3.3607924787619536,4.053504428627343,-2.547325398226833,3.290961636859594,-4.646193282945263,0.5577474602410404,0.0,0.856075100577777,2.206554855983271,0.0,3.0586130372218148,-0.07900675566618762,0.0,0.05875228320738862,2.2744953626993856,23.47549578732428,134.8983868669352,158.3738826542595
1.9900000000000015,9.81,3.93,1,1,0.01,0.01,-3.3658964081897436,4.060087514636762,-2.5565972614578754,3.2921480505129637,-4.625889270606161,0.6287813676625593,0.0,0.8621915852759788,2.2063777745795594,0.0,3.057875798345739,-0.09807893831271877,0.0,0.07214203650279714,2.249222832754409,23.493856726786642,134.87967898253243,158.37353570931907
1.9920000000000015,9.81,3.93,1,1,0.01,0.01,-3.371018841611489,4.06667311600417,-2.5658298279416014,3.293477227178261,-4.606892519986501,0.7005122653652245,0.0,0.8683066218112336,2.2061625222663297,0.0,3.057164787946499,-0.11717754175617343,0.0,0.0852639290774873,2.224537891399559,23.514165826992297,134.85902182576416,158.37318765275646
1.9940000000000015,9.81,3.93,1,1,0.01,0.01,-3.3761597030321773,4.07326151965678,-2.575025688218291,3.294950571671782,-4.589179203800629,0.7729510306999983,0.0,0.8744202621321984,2.205909046953477,0.0,3.0564794999297358,-0.13630181828634963,0.0,0.0981270658355877,2.2004355399326765,23.536427581379698,134.83641088470407,158.37283846608375
1.9960000000000016,9.81,3.93,1,1,0.01,0.01,-3.381318921590849,4.079853015353363,-2.5841873861105986,3.296569510816364,-4.572726428891937,0.8461087940142897,0.0,0.8805325571888432,2.2056172980236504,0.0,3.055819441617271,-0.15545104268870058,0.0,0.11074053897724763,2.1769110462611665,23.560646412618404,134.81184171776084,158.37248813037925
1.9980000000000016,9.81,3.93,1,1,0.01,0.01,-3.3864964314690162,4.0864478957287655,-2.5933174205747074,3.2983354939544283,-4.557512219205174,0.9199969457626256,0.0,0.8866435569587824,2.205287226288254,0.0,3.0551841332494094,-0.17462451126478037,0.0,0.12311343118647475,2.1539599385362593,23.586826675187,134.7853099510956,158.3721366262826
2.0000000000000013,9.81,3.93,1,1,0.01,0.01,-3.3916921718027564,4.093046456339478,-2.6024182475179183,3.3002499934756186,-4.543515499258229,0.994627143998522,0.0,0.892753310472628,2.2049187839453523,0.0,3.0545731075032228,-0.1938215408931815,0.0,0.13525481884653048,2.1315779990446164,23.614972657857663,134.7568112761316,158.37178393398926
2.002000000000001,9.81,3.93,1,1,0.01,0.01,-3.396906086598401,4.099648995710269,-2.611492281583707,3.302314505359818,-4.530716078138478,1.070011322256002,0.0,0.8988618658383976,2.204511924539432,0.0,3.053985909026181,-0.21304146812893818,0.0,0.14717377527912692,2.1097612583509355,23.64508858609136,134.72634144715425,158.37143003324562
2.004000000000001,9.81,3.93,1,1,0.01,0.01,-3.4021381246517692,4.106255815381922,-2.6205418979053166,3.304530549736321,-4.519094634045879,1.1461616978303648,0.0,0.904969270264995,2.20406660292291,0.0,3.0534220939845063,-0.23228364833947113,0.0,0.15887937400423346,2.0885059896853635,23.677178624347334,134.69389627899534,158.37107490334267
2.0060000000000007,9.81,3.93,1,1,0.01,0.01,-3.407388239470875,4.112867219960106,-2.629569433828995,3.3068996714599783,-4.50863269940225,1.2230907804685545,0.0,0.9110755700848141,2.2035827752193544,0.0,3.052881229625661,-0.25154745487525443,0.0,0.17038069201783468,2.0678087035697823,23.71124687831049,134.6594716448002,158.37071852311067
2.0080000000000005,9.81,3.93,1,1,0.01,0.01,-3.412656389202052,4.119483517165419,-2.6385771906080384,3.3094234407051397,-4.499312646543897,1.3008113814804958,0.0,0.9171808107754706,2.203060398788312,0.0,3.052362893854369,-0.2708322782734497,0.0,0.18168681308544252,2.04766614267715,23.747297397040256,134.6230634738723,158.37036087091255
2.0100000000000002,9.81,3.93,1,1,0.01,0.01,-3.417942536559438,4.126105017884636,-2.6475674350688108,3.312103453578251,-4.491117674012721,1.3793366232836877,0.0,0.9232850369807053,2.2024994321917055,0.0,3.0518666748215937,-0.2901375254928556,0.0,0.19280683104963633,2.0280752769184,23.785334175043833,134.58466774959345,158.37000192463728
2.012,9.81,3.93,1,1,0.01,0.01,-3.423246648757764,4.132732036223203,-2.6565424012499563,3.314941332749985,-4.484031793459069,1.4586799493942908,0.0,0.9293882925304764,2.2018998351617363,0.0,3.051392170525931,-0.3094626191785779,0.0,0.20374985315029667,2.0090332987515187,23.82536115427743,134.54428050741606,158.3696416616935
2.014,9.81,3.93,1,1,0.01,0.01,-3.428568697448399,4.139364889559013,-2.6655042920160406,3.317938728107812,-4.478039817168288,1.5388551348790376,0.0,0.9354906204602659,2.201261568570218,0.0,3.050938988426857,-0.3288069969549294,0.0,0.2145250033566125,1.990537618707689,23.867382226078202,134.501897832924,158.3692800590022
2.0159999999999996,9.81,3.93,1,1,0.01,0.01,-3.4339086586585914,4.14600389859751,-2.674455280646876,3.321097317429949,-4.473127346221398,1.6198762972831722,0.0,0.9415920630296233,2.2005845943993063,0.0,3.0505067450693075,-0.34817011074510273,0.0,0.22514142571027893,1.9725858611296274,23.911401233029977,134.45751585995941,158.3689170929894
2.0179999999999993,9.81,3.93,1,1,0.01,0.01,-3.4392665127338735,4.1526493874281645,-2.683397512403811,3.324418807081652,-4.469280759299477,1.7017579080508438,0.0,0.9476926617399701,2.1998688757135554,0.0,3.0500950657190637,-0.36755142611624403,0.0,0.23560828767964792,1.95517586011742,23.957421970765164,134.41113076881297,158.36855273957812
2.019999999999999,9.81,3.93,1,1,0.01,0.01,-3.4446422442835694,4.1593016835823615,-2.69233310607428,3.3279049327348575,-4.466487202140239,1.7845148044553607,0.0,0.9537924573516885,2.1991143766332732,0.0,3.0497035840084554,-0.3869504216486354,0.0,0.24593478352492965,1.9383056556774436,24.005448189706147,134.36273878447486,158.36818697418101
2.021999999999999,9.81,3.93,1,1,0.01,0.01,-3.450035842129376,4.165961118092755,-2.7012641554959216,3.3315574601122124,-4.464734577654817,1.8681622020579158,0.0,0.9598914899005039,2.1983210623090965,0.0,3.049331941591878,-0.40636658832771294,0.0,0.2561301376748043,1.9219734900701293,24.055483596748136,134.3123361749432,158.36781977169133
2.0239999999999987,9.81,3.93,1,1,0.01,0.01,-3.4554472992569725,4.172628025554134,-2.7101927310616016,3.3353781857565594,-4.464011536712033,1.9527157077144675,0.0,0.9659897987131951,2.197488898897781,0.0,3.048979787810638,-0.42579942895771994,0.0,0.2662036081151108,1.9061778043526454,24.107531856886112,134.25991924958853,158.36745110647465
2.0259999999999985,9.81,3.93,1,1,0.01,0.01,-3.4608766127706185,4.179302744185855,-2.7191208812066745,3.339368937827008,-4.464307469597225,2.0381913331519255,0.0,0.9720874224226412,2.196617853539123,0.0,3.048646779366673,-0.4452484575958861,0.0,0.2761644897905488,1.8909172351126773,24.161596594788286,134.20548435757115,158.36708095235943
2.0279999999999982,9.81,3.93,1,1,0.01,0.01,-3.466323783850714,4.185985615895891,-2.728050633879844,3.343531576922743,-4.465612498152363,2.124605509135749,0.0,0.9781843989822228,2.1957078943340127,0.0,3.0483325800046845,-0.46471319900599817,0.0,0.28602211802055827,1.8761906113898847,24.217681396318362,134.14902788630957,158.36670928262794
2.029999999999998,9.81,3.93,1,1,0.01,0.01,-3.471788817714285,4.192676986346564,-2.7369839979989887,3.347867996935779,-4.4679174686041705,2.211975100252698,0.0,0.984280765679594,2.1947589903235416,0.0,3.0480368602022234,-0.4841931881303378,0.0,0.29578587193080325,1.86199695178168,24.275789810008483,134.09054625999747,158.36633607000596
2.031999999999998,9.81,3.93,1,1,0.01,0.01,-3.477271723578364,4.199377205022005,-2.7459229648933423,3.352380125933918,-4.471213945086924,2.3003174203336387,0.0,0.9903765591498501,2.1937711114691716,0.0,3.0477592968673086,-0.5036879695789696,0.0,0.30546517790190697,1.8483354617303425,24.33592534848541,134.0300359381677,158.36596128665312
2.0339999999999976,9.81,3.93,1,1,0.01,0.01,-3.482772514626247,4.206086625297416,-2.754869509733413,3.357069927075212,-4.475494203866941,2.3896502485430937,0.0,0.9964718153880852,2.1927442286338823,0.0,3.047499573043138,-0.5231970971354469,0.0,0.3150695130373262,1.8352055309886173,24.39809148985143,133.96749341430026,158.3655849041517
2.0359999999999974,9.81,3.93,1,1,0.01,0.01,-3.4882912079765958,4.212805604510191,-2.7638255929500657,3.3619393995552955,-4.480751228275734,2.479991846163308,0.0,1.0025665697613808,2.191678313564317,0.0,3.0472573776194642,-0.5427201332779668,0.0,0.3246084086524295,1.8226067312612588,24.462291679022332,133.9029152144735,158.36520689349584
2.037999999999997,9.81,3.93,1,1,0.01,0.01,-3.4938278246553685,4.219534504032969,-2.772793161644181,3.3669905795890083,-4.48697870435955,2.571360974102704,0.0,1.0086608570202082,2.190573338873855,0.0,3.047032405050255,-0.5622566487151198,0.0,0.3340914537870972,1.8105388140201815,24.52852932902412,133.83629789605587,158.36482722507998
2.039999999999997,9.81,3.93,1,1,0.01,0.01,-3.499382389570564,4.226273689348682,-2.781774150988339,3.37222554142778,-4.494171017253236,2.663776911160012,0.0,1.0147547113092843,2.1894292780266023,0.0,3.0468243550771805,-0.5818062219353854,0.0,0.34352829874434593,1.7990017084910868,24.596807822250206,133.7676380464368,158.364445868687
2.0419999999999967,9.81,3.93,1,1,0.01,0.01,-3.504954931489762,4.233023530127679,-2.7907704856219797,3.3776463984143317,-4.502323248287107,2.7572594730771973,0.0,1.0208481661778732,2.188246105322276,0.0,3.046632932458581,-0.6013684387695227,0.0,0.35292865865767364,1.7879955198097686,24.667130511680952,133.69693228179457,158.3640627934755
2.0439999999999965,9.81,3.93,1,1,0.01,0.01,-3.510545483020446,4.239784400306991,-2.799784081041521,3.3832553040762954,-4.511431172836156,2.851829032416396,0.0,1.0269412545895549,2.187023795881942,0.0,3.046457846703472,-0.620942891965112,0.0,0.36230231709004795,1.7775205273464023,24.739500722067095,133.6241772459001,158.36367796796722
2.0459999999999963,9.81,3.93,1,1,0.01,0.01,-3.516154080593105,4.246556678171834,-2.8088168449869224,3.389054453260448,-4.52149125892163,2.9475065392976907,0.0,1.0330340089314631,2.185762325634603,0.0,3.046298811810252,-0.6405291807724327,0.0,0.37165912966762016,1.7675771831965084,24.813921751078794,133.54936960895455,158.36329136003334
2.047999999999996,9.81,3.93,1,1,0.01,0.01,-3.5217807644471057,4.25334074643941,-2.8178706788262167,3.39504608330931,-4.532500666576135,3.04431354303716,0.0,1.039126461023006,2.1844616713045912,0.0,3.046155546009674,-0.6601269105409862,0.0,0.38100902775148837,1.7581661108373945,24.89039687042174,133.47250606645898,158.36290293688072
2.049999999999996,9.81,3.93,1,1,0.01,0.01,-3.527425578619332,4.260136992345118,-2.8269474789395415,3.401232475281956,-4.5444572479841465,3.142272214726444,0.0,1.0452186421240783,2.183121810399772,0.0,3.0460277715117274,-0.6797356923259338,0.0,0.39036202215100624,1.7492881039492172,24.96892932692171,133.3935833381156,158.36251266503731
2.0519999999999956,9.81,3.93,1,1,0.01,0.01,-3.533088570935594,4.2669458077312425,-2.836049138104241,3.4076159552209626,-4.557359548411024,3.241405370797693,0.0,1.0513105829427687,2.181742721200512,0.0,3.045915214256064,-0.6993551425037527,0.0,0.39972820688233546,1.7409441254000184,25.04952234357944,133.3125981667577,158.36212051033715
2.0539999999999954,9.81,3.93,1,1,0.01,0.01,-3.53876979300481,4.273767589138227,-2.845177546882625,3.4141988954675098,-4.571206807934777,3.3417364976201434,0.0,1.0574023136425743,2.1803243827494203,0.0,3.045817603665558,-0.7189848823964538,0.0,0.4091177629761557,1.733135306394301,25.132179120596646,133.22954731730812,158.36172643790476
2.055999999999995,9.81,3.93,1,1,0.01,0.01,-3.544469300215968,4.280602737898634,-2.8543345950140058,3.4209837160267473,-4.58599896399613,3.4432897771773354,0.0,1.0634938638491211,2.178866774841821,0.0,3.045734672402661,-0.7386245379037119,0.0,0.418540962338653,1.725862945785037,25.216902836375148,133.14442757576387,158.361330412139
2.057999999999995,9.81,3.93,1,1,0.01,0.01,-3.5501871517378754,4.287451660233872,-2.863522172812669,3.427972885985638,-4.6017366547837995,3.546090113876698,0.0,1.069585262656405,2.1773698780169624,0.0,3.0456661561281293,-0.7582737391422659,0.0,0.4280081716701123,1.719128509549196,25.3036966484896,133.05723574820644,158.36093239669603
2.0599999999999947,9.81,3.93,1,1,0.01,0.01,-3.555923410521714,4.29431476735383,-2.8727421725734663,3.4351689249856014,-4.6184212234732,3.650163162546174,0.0,1.075676538632544,2.1758336735499384,0.0,3.0456117932618265,-0.7779321200919773,0.0,0.4375298564456611,1.7129336304271747,25.392563694636372,132.96796865983583,158.3605323544722
2.0619999999999945,9.81,3.93,1,1,0.01,0.01,-3.5616781433064135,4.301192475559506,-2.8819964899867507,3.442574404752381,-4.63605472333884,3.755535357676017,0.0,1.081767719825063,2.174258143444306,0.0,3.0455713247451253,-0.7975993182479465,0.0,0.44711658496294987,1.707280107726739,25.483507093558202,132.87662315402707,158.3601302475853
2.0639999999999943,9.81,3.93,1,1,0.01,0.01,-3.567451420626868,4.308085206348751,-2.8912870255644343,3.450191950685694,-4.654639923761723,3.8622339439667988,0.0,1.0878588337656978,2.1726432704254055,0.0,3.045544493804627,-0.8172749742780909,0.0,0.45677903246176793,1.7021699072924068,25.576529945947506,132.7831960914089,158.3597260373564
2.065999999999994,9.81,3.93,1,1,0.01,0.01,-3.573243316825015,4.314993386525261,-2.9006156860789707,3.458024243511337,-4.674180317155552,3.9702870082487647,0.0,1.0939499074747336,2.1709890379343486,0.0,3.045531045716734,-0.8369587316856139,0.0,0.4665279853208584,1.6976051616414205,25.671635335327824,132.68768434896202,158.35931968428986
2.067999999999994,9.81,3.93,1,1,0.01,0.01,-3.5790539100638066,4.321917448310937,-2.9099843860171313,3.4660740209985565,-4.694680126836824,4.0797235128409675,0.0,1.1000409674648668,2.1692954301226823,0.0,3.045530727572761,-0.8566502364757792,0.0,0.4763743453374232,1.6935881702677849,25.768826328916354,132.5900848191369,158.35891114805327
2.0699999999999936,9.81,3.93,1,1,0.01,0.01,-3.5848832823441077,4.328857829461741,-2.9193950490504887,3.474344079745641,-4.716144315866571,4.1905733304231365,0.0,1.1061320397446,2.1675624318477142,0.0,3.0455432880441355,-0.876349136826444,0.0,0.48632913409510237,1.6901214001161116,25.868105978466875,132.4903944089891,158.35850038745596
2.0719999999999934,9.81,3.93,1,1,0.01,0.01,-3.59073151952455,4.335814973387206,-2.9288496095245793,3.48283727703683,-4.738578596893177,4.30286728049721,0.0,1.1122231498211692,2.165790028668494,0.0,3.0455684771473317,-0.8960550827617931,0.0,0.49640349742645784,1.6872074862272848,25.969477321095674,132.38861003933192,158.3580873604276
2.073999999999993,9.81,3.93,1,1,0.01,0.01,-3.5965987113443862,4.342789329273718,-2.9383500139687775,3.4915565327738047,-4.761989443028395,4.416637167520239,0.0,1.118314322703001,2.16397820684245,0.0,3.0456060460081207,-0.9157677258287048,0.0,0.5066087099762996,1.684849232558343,26.072943380090557,132.2847286439048,158.35767202399535
2.075999999999993,9.81,3.93,1,1,0.01,0.01,-3.6024849514493877,4.349781352211756,-2.9478982226289867,3.5005048314851885,-4.786384099791042,4.531915820795186,0.0,1.1244055829016877,2.1621269533226557,0.0,3.045655746624711,-0.9354867187752312,0.0,0.5169561798724895,1.683049612979169,26.178507165704378,132.17874716855562,158.35725433426
2.0779999999999927,9.81,3.93,1,1,0.01,0.01,-3.6083903374208295,4.356791503327216,-2.9574962110253136,3.5096852244176606,-4.811770598155429,4.648737136211439,0.0,1.130496954433501,2.1602362557557573,0.0,3.0457173316293775,-0.9552117152306258,0.0,0.5274574535111696,1.6818117724489976,26.28617167593405,132.07066257043772,158.35683424637176
2.0799999999999925,9.81,3.93,1,1,0.01,0.01,-3.6143149708076194,4.363820249917012,-2.967145971536977,3.5191008317124846,-4.838157768744625,4.767136119932349,0.0,1.136588460820418,2.158306102480524,0.0,3.045790554048143,-0.974942369386378,0.0,0.5381242204637068,1.6811390283760697,26.395939897286098,131.9604718172185,158.3564117145046
2.0819999999999923,9.81,3.93,1,1,0.01,0.01,-3.6202589571616257,4.370868065589117,-2.976849515016786,3.5287548446714396,-4.865555257211343,4.887148934133122,0.0,1.1426801250906669,2.156336482527044,0.0,3.0458751670580666,-0.9946783356777126,0.0,0.548968318512991,1.681034872164059,26.507814805529662,131.84817188630024,158.3559866918299
2.083999999999992,9.81,3.93,1,1,0.01,0.01,-3.6262224060762653,4.377935430407226,-2.9866088724376034,3.5386505281163734,-4.8939735408527945,5.008812944898667,0.0,1.1487719697787822,2.1543273856165563,0.0,3.0459709237416646,-1.0144192684650069,0.0,0.560001738827092,1.6815029709492717,26.621799366437884,131.73375976405123,158.3555591304891
2.085999999999992,9.81,3.93,1,1,0.01,0.01,-3.632205431228418,4.385022831040237,-2.9964260965733134,3.548791222846804,-4.923423946508996,5.132166772397963,0.0,1.154864016925172,2.152278802161918,0.0,3.0460775768380253,-1.0341648217145691,0.0,0.5712366312786896,1.6825471695330576,26.73789653651868,131.6172324450463,158.355128981565
2.0879999999999916,9.81,3.93,1,1,0.01,0.01,-3.638208150423742,4.392130760916748,-3.006303263716915,3.559180348200251,-4.953918669797769,5.257250343458486,0.0,1.1609562880751763,2.150190723268712,0.0,3.0461948784900965,-1.0539146486782214,0.0,0.5826853099190832,1.6841714925141495,26.856109263735974,131.498586931316,158.354696195052
2.0899999999999914,9.81,3.93,1,1,0.01,0.01,-3.644230685645461,4.399259720384787,-3.0162424754384687,3.569821404720222,-4.985470795743524,5.384104946672254,0.0,1.167048804277619,2.148063140737001,0.0,3.0463225799876685,-1.0736684015711222,0.0,0.5943602586160455,1.6863801466261468,26.97644048822214,131.3778202316035,158.35426071982562
2.091999999999991,9.81,3.93,1,1,0.01,0.01,-3.6502731631067133,4.406410216876981,-3.026245860385745,3.5807179769370623,-5.018094320861167,5.512773290173259,0.0,1.1731415860828431,2.1458960470637227,0.0,3.0464604315054844,-1.0934257312472604,0.0,0.6062741368652411,1.6891775232856951,27.09889314298257,131.2549293606278,158.3538225036104
2.093999999999991,9.81,3.93,1,1,0.01,0.01,-3.656335713306545,4.4135827650814115,-3.036315576130551,3.59187373626715,-5.051804176760664,5.6432995622348425,0.0,1.1792346535402136,2.1436894354457383,0.0,3.046608181835976,-1.113186286872022,0.0,0.618439785785417,1.692568201357435,27.223470154593468,131.12991133835283,158.35338149294628
2.0959999999999908,9.81,3.93,1,1,0.01,0.01,-3.6624184710896444,4.420777887118385,-3.046453811063841,3.603292444036239,-5.086616255342777,5.775729494845311,0.0,1.1853280261950778,2.1414432997835373,0.0,3.04676557811603,-1.1329497155912491,0.0,0.6308702343081133,1.6965569501421927,27.35017444389368,131.0027631892607,158.35293763315437
2.0979999999999905,9.81,3.93,1,1,0.01,0.01,-3.6685215757099194,4.427996112723389,-3.056662786342879,3.61497795463307,-5.122547435661375,5.910110430430022,0.0,1.1914217230851825,2.1391576346856205,0.0,3.0469323655471703,-1.152715662196158,0.0,0.6435787055731705,1.701148732595387,27.47900892667139,130.87348194162945,158.35249086830083
2.0999999999999903,9.81,3.93,1,1,0.01,0.01,-3.674645170898023,4.4352379794364785,-3.066944757893854,3.6269342187997204,-5.159615612533234,6.046491391899449,0.0,1.197515762736512,2.1368324354735364,0.0,3.0471082871085677,-1.1724837687835175,0.0,0.6565786235419266,1.706348708783137,27.609976514346705,130.7420646268127,158.3520411411594
2.10199999999999,9.81,3.93,1,1,0.01,0.01,-3.6807894049329417,4.442504032798397,-3.077302018473534,3.639165287065534,-5.1978397269818775,6.184923156214053,0.0,1.2036101631585538,2.1344676981876214,0.0,3.047293083262183,-1.1922536744104082,0.0,0.6698836198405848,1.7121622395840588,27.743080114651043,130.60850827852136,158.3515883931724
2.10399999999999,9.81,3.93,1,1,0.01,0.01,-3.6869544307177717,4.449794826553709,-3.087736899793722,3.651675313331867,-5.237239798608446,6.325458331669802,0.0,1.2097049418389614,2.132063419593427,0.0,3.0474864916493836,-1.212025014742921,0.0,0.6835075408469438,1.7185948906453592,27.87832263230416,130.4728099321062,158.35113256441036
2.1059999999999897,9.81,3.93,1,1,0.01,0.01,-3.693140405859808,4.457110922861257,-3.0982517747124603,3.6644685586153036,-5.277836959988956,6.4681514391213675,0.0,1.2158001157376037,2.129619597188861,0.0,3.0476882467782773,-1.2317974216980776,0.0,0.6974644550343322,1.725652436602326,28.01570696968965,130.33496662384022,158.35067359352988
2.1079999999999894,9.81,3.93,1,1,0.01,0.01,-3.6993474927550865,4.464452892512278,-3.108849059496144,3.677549394957449,-5.319653493204686,6.613058997374848,0.0,1.2218957012799787,2.127136229212044,0.0,3.047898079701032,-1.2515705230782905,0.0,0.7117686605873967,1.733340865571023,28.155236027530094,130.19497539019926,158.35021141772935
2.109999999999989,9.81,3.93,1,1,0.01,0.01,-3.7055758586775256,4.471821315156505,-3.119531216156924,3.69092230950988,-5.362712868619838,6.7602396129972115,0.0,1.2279917143499666,2.124613314649919,0.0,3.0481157176803353,-1.2713439421975887,0.0,0.7264346933051424,1.741666383924583,28.296912705562534,130.05283326714127,158.3497459727038
2.111999999999989,9.81,3.93,1,1,0.01,0.01,-3.7118256758728214,4.4792167795366264,-3.1303007548700124,3.704591908803352,-5.4070397860290855,6.909754074806717,0.0,1.2340881702819133,2.1220508532476012,0.0,3.048340883844176,-1.2911172974988454,0.0,0.741477334807512,1.7506354213642439,28.44073990321531,129.90853728938154,158.34927719259684
2.1139999999999888,9.81,3.93,1,1,0.01,0.01,-3.718097121657261,4.486639883731473,-3.1411602364757614,3.718562923210899,-5.45266021830615,7.061665453326452,0.0,1.2401850838520034,2.1194488455185168,0.0,3.0485732968280153,-1.3108902021611988,0.0,0.7569116210626634,1.760254636296908,28.586720520287113,129.76208448966418,158.3488050099513
2.1159999999999886,9.81,3.93,1,1,0.01,0.01,-3.7243903785216297,4.494091235408337,-3.15211227507166,3.732840211615055,-5.499601457694385,7.216039205502776,0.0,1.2462824692689067,2.116807292755328,0.0,3.0488126704034078,-1.3306622636968177,0.0,0.7727528512531084,1.7705309215318896,28.734857457629296,129.61347189802805,158.34832935565734
2.1179999999999883,9.81,3.93,1,1,0.01,0.01,-3.7307056342403966,4.501571452084835,-3.1631595406996733,3.747428766290042,-5.547892164890167,7.372943285011294,0.0,1.2523803401636684,2.1141261970416814,0.0,3.049058713092049,-1.3504330835361351,0.0,0.789016596999868,1.781471410310211,28.885153617832472,129.4626965410664,158.3478501588989
2.119999999999988,9.81,3.93,1,1,0.01,0.01,-3.737043081986373,4.5090811614007595,-3.1743047621346805,3.7623337180104444,-5.597562421081286,7.532448258495711,0.0,1.2584787095788121,2.1114055612647977,0.0,3.0493111277641733,-1.3702022566006,0.0,0.8057187119649274,1.7930834826807818,29.037611905918013,129.30975544117922,158.34736734709725
2.121999999999988,9.81,3.93,1,1,0.01,0.01,-3.7434029204510577,4.51662100140039,-3.1855507297800836,3.7775603413986003,-5.648643783113982,7.6946274281092215,0.0,1.264577589956621,2.1086453891289243,0.0,3.0495696112201505,-1.3899693708619894,0.0,0.8228753418534229,1.805374772238598,29.192235230035944,129.15464561581658,158.34688084585252
2.1239999999999877,9.81,3.93,1,1,0.01,0.01,-3.749785353970882,4.524191620825742,-3.196900298677037,3.7931140605237035,-5.701169341975381,7.8595569607545634,0.0,1.270676993126565,2.1058456851696903,0.0,3.0498338537540675,-1.4097340068872422,0.0,0.8405029348382753,1.8183531732411806,29.349026502169934,128.99736407671287,158.3463905788828
2.1259999999999875,9.81,3.93,1,1,0.01,0.01,-3.7561905926595953,4.5317936794212805,-3.208356391634121,3.8090004547664367,-5.7551737847916975,8.027316024447233,0.0,1.2767769302918404,2.1030064547693827,0.0,3.0501035386979765,-1.4294957373677417,0.0,0.8586182524312895,1.8320268481203845,29.5079886388503,128.83790782910972,158.34589646796002
2.1279999999999872,9.81,3.93,1,1,0.01,0.01,-3.7626188525470345,4.53942784825064,-3.2199220024847044,3.8252252649638296,-5.810693460557362,8.197986932256923,0.0,1.2828774120149689,2.1001277041731807,0.0,3.0503783419454567,-1.449254126631873,0.0,0.8772383808261888,1.846404235407927,29.66912456187655,128.6762738709671,158.34539843284364
2.129999999999987,9.81,3.93,1,1,0.01,0.01,-3.7690703557245437,4.547094810025927,-3.231600199479691,3.841794399849982,-5.867766449826538,8.371655294315866,0.0,1.28897844820243,2.097209440506386,0.0,3.0506579314529576,-1.4690087301396777,0.0,0.8963807427405879,1.8614940580940307,29.83243719905005,128.5124591921611,158.34489639121114
2.131999999999987,9.81,3.93,1,1,0.01,0.01,-3.775545330497321,4.554795259450214,-3.2433941288238115,3.8587139428093056,-5.926432638615712,8.548410178418363,0.0,1.295080048088269,2.0942516717926796,0.0,3.0509419667173843,-1.4887590939583055,0.0,0.9160631097855323,1.8773053324398958,29.99792948491804,128.34646077366733,158.34439025858538
2.1339999999999866,9.81,3.93,1,1,0.01,0.01,-3.782044011543989,4.562529903573866,-3.2553070183641593,3.8759901589600174,-5.986733796784803,8.728344279774863,0.0,1.301182220216637,2.091254406973449,0.0,3.051230098228207,-1.5085047542169001,0.0,0.9363036153929879,1.893847377266002,30.165604361530598,128.17827558672826,158.34387994825886
2.1359999999999864,9.81,3.93,1,1,0.01,0.01,-3.7885666400836993,4.570299462165384,-3.2673421814401986,3.893629502586801,-6.048713661184758,8.911554100526057,0.0,1.3072849724232027,2.0882176559282257,0.0,3.0515219668922806,-1.5282452365394794,0.0,0.9571207683335488,1.911129823739641,30.33546477921081,128.00790059200355,158.34336537121436
2.137999999999986,9.81,3.93,1,1,0.01,0.01,-3.795113464051113,4.578104668097471,-3.279503020905094,3.9116386249427904,-6.112418023881501,9.098140139668363,0.0,1.3133883118153942,2.085141429496285,0.0,3.0518172034294464,-1.5479800554542882,0.0,0.9785334668586391,1.9291626256865801,30.507513697340364,127.83533273870177,158.34284643604212
2.139999999999986,9.81,3.93,1,1,0.01,0.01,-3.801684738279597,4.585946267749104,-3.29179303332884,3.9300243824423973,-6.177894825790049,9.288207094091332,0.0,1.3194922447513915,2.0820257394994437,0.0,3.0521154277368043,-1.5677087137779597,0.0,1.0005610135036345,1.9479560704533667,30.681754085160993,127.66056896369216,158.34232304885316
2.1419999999999857,9.81,3.93,1,1,0.01,0.01,-3.808280724693022,4.593825021424379,-3.3042158133943627,3.948793845267948,-6.245194256078675,9.481864071481983,0.0,1.3255967768178256,2.0788705987661293,0.0,3.05241624821944,-1.587430701972782,0.0,1.0232231305906614,1.967520790348459,30.85818892259347,127.48360619059505,158.34179511318854
2.1439999999999855,9.81,3.93,1,1,0.01,0.01,-3.814901692506554,4.601741703789031,-3.316775058498525,3.967954306414666,-6.314368857730859,9.679224815908718,0.0,1.3317019128060865,2.0756760211567453,0.0,3.0527192610851928,-1.6071454974751926,0.0,1.0465399764723016,1.9878677746922244,31.036821201075533,127.30444132884892,158.34126252992445
2.1459999999999853,9.81,3.93,1,1,0.01,0.01,-3.8215479184368637,4.609697104325479,-3.3294745735707556,3.9875132912002287,-6.3854736396838,9.88040794696193,0.0,1.3378076566872048,2.072442021590425,0.0,3.053024049600873,-1.6268525639935252,0.0,1.0705321625600952,2.00900838250774,31.2176539244198,127.12307127275304,158.34072519717284
2.147999999999985,9.81,3.93,1,1,0.01,0.01,-3.8282196869222,4.617692027807392,-3.342318276122906,4.007478567266942,-6.458566195995132,10.085537213396663,0.0,1.3439140115851862,2.0691686160732194,0.0,3.0533301833071484,-1.646551350772889,0.0,1.0952207711846185,2.0309543558864567,31.400690109693237,126.93949290048404,158.34018301017727
2.149999999999985,9.81,3.93,1,1,0.01,0.01,-3.83491729035281,4.625727294794776,-3.3553102015448726,4.027858155106543,-6.533706832525938,10.294741762298699,0.0,1.350020979748742,2.06585582172778,0.0,3.0536372171891157,-1.6662412918249445,0.0,1.1206273743369912,2.0537178340649778,31.585932788119933,126.75370307308381,158.33963586120376
2.1519999999999846,9.81,3.93,1,1,0.01,0.01,-3.8416410293122083,4.6338037421506515,-3.3684545086615345,4.048660339139775,-6.610958701667525,10.508156424876773,0.0,1.3561285625213093,2.062503656824632,0.0,3.0539446907992875,-1.685921805120114,0.0,1.146774053344964,2.0773113682515767,31.773385006008198,126.56569863341808,158.3390836394263
2.1539999999999844,9.81,3.93,1,1,0.01,0.01,-3.8483912128298305,4.641922223580486,-3.3817554855676626,4.0698936793851495,-6.69038794568243,10.725922020073593,0.0,1.3622367603092713,2.059112140815096,0.0,3.054252127329557,-1.705592291739661,0.0,1.1736834195403432,2.101747937243662,31.963049825704026,126.37547640510294,158.33852623080696
2.155999999999984,9.81,3.93,1,1,0.01,0.01,-3.855168158645656,4.65008361019557,-3.3952175557586326,4.0915670237538215,-6.772063849276871,10.948185677285075,0.0,1.368345572548265,2.0556812943659493,0.0,3.0545590326283274,-1.725252134984844,0.0,1.2013786359783194,2.1270409638800487,32.15493032657227,126.18303319139775,158.33796351797002
2.157999999999984,9.81,3.93,1,1,0.01,0.01,-3.861972193487399,4.658288791101652,-3.408845284576066,4.113689521010159,-6.8560590020731915,11.175101179584495,0.0,1.3744549976674607,2.052211139395913,0.0,3.0548648941587833,-1.7449006994401588,0.0,1.229883440273437,2.153204332374906,32.34902960600765,125.98836577406189,158.33739538006955
2.1599999999999837,9.81,3.93,1,1,0.01,0.01,-3.8688036533609256,4.666538674014195,-3.422643385988915,4.136270634440519,-6.942449471706701,11.406829328963818,0.0,1.380565033051707,2.0487016991140665,0.0,3.0551691798938636,-1.7645373299874478,0.0,1.2592221686214127,2.1802524065833286,32.54535078047699,125.79147091217403,158.33682169265103
2.1619999999999835,9.81,3.93,1,1,0.01,0.01,-3.875662883854584,4.674834185901704,-3.4366167297320116,4.159320156275871,-7.031314988332341,11.64353833523214,0.0,1.3866756750013858,2.045152998060275,0.0,3.0554713371431905,-1.7841613507674554,0.0,1.289419781080797,2.2082000492517833,32.7438969865945,125.59234534091028,158.33624232750478
2.1639999999999833,9.81,3.93,1,1,0.01,0.01,-3.8825502404581913,4.683176273658715,-3.4507703488257473,4.182848222917343,-7.122739141393424,11.885404230349842,0.0,1.392786918689859,2.0415650621477637,0.0,3.055770791306812,-1.803772064085068,0.0,1.3205018881937338,2.237062642310444,32.94467138223303,125.39098577028051,158.33565715251353
2.165999999999983,9.81,3.93,1,1,0.01,0.01,-3.889466088897461,4.691565904810058,-3.4651094475023116,4.206865331017475,-7.216809589578244,12.132611310130144,0.0,1.3988987581183385,2.037937918707925,0.0,3.0560669445501234,-1.8233687492542694,0.0,1.352494779030662,2.266856108268113,33.14767714767181,125.1873888838184,158.33506603149021
2.167999999999983,9.81,3.93,1,1,0.01,0.01,-3.8964108054847117,4.700004068248203,-3.4796394095658636,4.231382354473961,-7.313618284970056,12.385352605406087,0.0,1.4050111860680277,2.0342715965375184,0.0,3.056359174393951,-1.8429506613784794,0.0,1.3854254507498884,2.2975969327746983,33.35291748678447,124.98155133722476,158.33446882400924
2.1699999999999826,9.81,3.93,1,1,0.01,0.01,-3.903384777486755,4.708491775005552,-3.494365807216099,4.256410562397081,-7.41326171248472,12.643830384945112,0.0,1.4111241940493477,2.030566125948359,0.0,3.0566468322131386,-1.862517030061624,0.0,1.4193216397695871,2.3293021884206477,33.560395628268154,124.77346975695895,158.3338653852271
2.1719999999999824,9.81,3.93,1,1,0.01,0.01,-3.9103884035109195,4.717030059063683,-3.509294410366963,4.281961638116755,-7.515841145785986,12.908256692593678,0.0,1.41723777224807,2.0268215388196706,0.0,3.056929241636545,-1.8820670580448935,0.0,1.4542118546568206,2.3619895598475056,33.770114826917236,124.56314073877734,158.33325556569457
2.173999999999982,9.81,3.93,1,1,0.01,0.01,-3.917422093910237,4.725619978201726,-3.5244311964947403,4.308047699300351,-7.621462920975628,13.178853921356742,0.0,1.4233519094681357,2.023037868653238,0.0,3.0572056968405974,-1.9015999197637572,0.0,1.4901254108459931,2.395677370248978,33.982078364943554,124.3505608462149,158.33263921115847
2.175999999999982,9.81,3.93,1,1,0.01,0.01,-3.9244862712088837,4.734262614886131,-3.539782361052464,4.334681319258012,-7.730238729471745,13.455855427359282,0.0,1.4294665930709576,2.019215150631532,0.0,3.0574754607279524,-1.9211147598193428,0.0,1.5270924673074264,2.4303846093473487,34.19628955334584,124.13572660900647,158.33201616235232
2.1779999999999817,9.81,3.93,1,1,0.01,0.01,-3.9315813705490483,4.742959077204315,-3.5553543284905453,4.361875549518443,-7.842285931617497,13.739506186905649,0.0,1.4355818089109522,2.01535342167898,0.0,3.057737762981973,-1.940610691357811,0.0,1.5651440652959028,2.466130962936139,34.4127517333313,123.91863452144472,158.33138625477602
2.1799999999999815,9.81,3.93,1,1,0.01,0.01,-3.938707840160487,4.751710499844799,-3.5711537639267354,4.389643943764812,-7.957727892704211,14.030063500147417,0.0,1.4416975412670512,2.0114527205265835,0.0,3.0579917979869813,-1.9600867943507887,0.0,1.6043121693187883,2.50293684408628,34.63146827779199,123.6992810406712,158.33074931846318
2.1819999999999813,9.81,3.93,1,1,0.01,0.01,-3.945866141854103,4.760518045126659,-3.587187585512069,4.4180005832277525,-8.076694343249159,14.327797745196424,0.0,1.447813772769908,2.0075130877800675,0.0,3.0582367226032066,-1.9795421137694154,0.0,1.644629710474163,2.5408234261199656,34.85244259283928,123.47766258489557,158.33010517773485
2.183999999999981,9.81,3.93,1,1,0.01,0.01,-3.953056751540996,4.769382904081303,-3.6034629775432743,4.446960103640503,-8.19932176554075,14.632993186878938,0.0,1.4539304843244982,2.0035345659917994,0.0,3.0584716537844425,-1.9989756576437967,0.0,1.6861306323208882,2.5798126774638357,35.07567811939947,123.25377553154017,158.32945365093963
2.185999999999981,9.81,3.93,1,1,0.01,0.01,-3.9602801597785295,4.778306297589824,-3.619987404376358,4.476537723869978,-8.325753808654852,14.945948844724683,0.0,1.4600476550277943,1.9995171997367212,0.0,3.0586956660252107,-2.018386394999041,0.0,1.728849939455306,2.61992739850112,35.301178334874166,123.02761621530546,158.32879455017962
2.1879999999999806,9.81,3.93,1,1,0.01,0.01,-3.9675368723450757,4.787289477579381,-3.636768625200685,4.5067492763471995,-8.456141734356926,15.266979425224203,0.0,1.4661652620811456,1.9954610356925242,0.0,3.0589077886229745,-2.03777325365827,0.0,1.772823748983017,2.661191260550984,35.528946754868315,122.79918092615037,158.32812768101869
2.1899999999999804,9.81,3.93,1,1,0.01,0.01,-3.974827410845219,4.796333728282362,-3.6538147097379308,4.537611239431069,-8.59064489653792,15.596416323874315,0.0,1.4722832806969892,1.9913661227243715,0.0,3.0591070027396747,-2.0571351179020616,0.0,1.8180893450891598,2.703628847112719,35.758986934990844,122.56846590718455,158.32745284217538
2.19199999999998,9.81,3.93,1,1,0.01,0.01,-3.982152313347345,4.80544036756232,-3.6711340549358336,4.569140771851002,-8.729431257091724,15.934608703072474,0.0,1.4784016839994663,1.987232511974447,0.0,3.059292238245136,-2.0764708259729496,0.0,1.8646852369270501,2.747265697522269,35.99130247273071,122.33546735246591,158.3267698251966
2.19399999999998,9.81,3.93,1,1,0.01,0.01,-3.98951213505567,4.814610748311008,-3.6887354027327754,4.60135574938669,-8.872677941428352,16.281924652518384,0.0,1.4845204429184977,1.9830602569566669,0.0,3.0594623703233608,-2.0957791674124544,0.0,1.9126512200628294,2.7921283531795247,36.22589700941311,122.10018140469879,158.3260784141119
2.1959999999999797,9.81,3.93,1,1,0.01,0.01,-3.9969074490189422,4.823846259921151,-3.7066278589759203,4.634274803957214,-9.020571837137224,16.63875243944797,0.0,1.4906395260768104,1.9788494136568913,0.0,3.0596162158207183,-2.1150588802170467,0.0,1.9620284417333576,2.8382444065163823,36.46277423224036,121.86260415282642,158.32537838506678
2.1979999999999795,9.81,3.93,1,1,0.01,0.01,-4.004338846878205,4.833148329839962,-3.7248209135830157,4.667917365307086,-9.173310239669364,17.00550185676401,0.0,1.4967588996693921,1.974600040639018,0.0,3.059752529312988,-2.134308647798131,0.0,2.012859470195844,2.8856425528880947,36.70193787642198,121.62273162951165,158.32466950593363
2.1999999999999793,9.81,3.93,1,1,0.01,0.01,-4.01180693965621,4.842518425208797,-3.7433244620460897,4.702303705493785,-9.331101549302954,17.382605677952235,0.0,1.5028785273347702,1.970312199157366,0.0,3.0598699988658193,-2.1535270957297525,0.0,2.06518836847104,2.9343526455838873,36.94339172739859,121.38055980849933,158.32395153589792
2.201999999999979,9.81,3.93,1,1,0.01,0.01,-4.019312358591266,4.851958054594768,-3.762148828384236,4.737454986399974,-9.4941660240971,17.770521228589782,0.0,1.508998370017494,1.9659859532757933,0.0,3.059967241460599,-2.172712788266132,0.0,2.119060772807356,2.9844057541674687,37.1871396231656,121.13608460185348,158.3232242250191
2.203999999999979,9.81,3.93,1,1,0.01,0.01,-4.026855756018545,4.861468769820605,-3.7813047896625736,4.773393310514253,-9.662736594030271,18.169732085277737,0.0,1.5151183858210964,1.961621369994019,0.0,3.060042798054744,-2.191864224609472,0.0,2.1745239762212103,3.0358342263735145,37.4331854567015,120.8893018570611,158.3224873137626
2.2059999999999786,9.81,3.93,1,1,0.01,0.01,-4.034437806302088,4.871052167899577,-3.8008036022053964,4.810141775247055,-9.837059742069194,18.580749913974522,0.0,1.5212385298507938,1.9572185193816851,0.0,3.060095128242202,-2.2109798349064596,0.0,2.2316270174995556,3.08867175380321,37.681533178506925,120.64020735399552,158.32174053250245
2.2079999999999784,9.81,3.93,1,1,0.01,0.01,-4.0420592068210555,4.880709893082808,-3.820657029643629,4.8477245310735215,-10.0173964585281,19.004116460987337,0.0,1.5273587540450717,1.952777474720706,0.0,3.0601226044762315,-2.2300579759498653,0.0,2.290420776084181,3.142953441679835,37.93218679926071,120.38879680172982,158.32098360099053
2.209999999999978,9.81,3.93,1,1,0.01,0.01,-4.0497206790140305,4.890443639026983,-3.840877372950088,4.8861668438231165,-10.204023275766154,19.44040571131288,0.0,1.5334790069952473,1.9482983126565492,0.0,3.060123505812517,-2.249096926559128,0.0,2.350958073294258,3.1987158829449998,38.18515039259916,120.13506583519263,158.3202162277918
2.211999999999978,9.81,3.93,1,1,0.01,0.01,-4.057422969485522,4.9002551510910575,-3.861477502630912,4.925495161466673,-10.397233391042233,19.89022623062683,0.0,1.5395992337519977,1.9437811133590694,0.0,3.0600960111259083,-2.2680948826113347,0.0,2.413293780384303,3.255997236996748,38.44042809802583,119.8790100116542,158.31943810968005
2.2139999999999778,9.81,3.93,1,1,0.01,0.01,-4.0651668511791526,4.910146228771366,-3.8824708932580023,4.965737185785969,-10.597337886212015,20.35422370902642,0.0,1.5457193756177618,1.9392259606936884,0.0,3.0600381917490784,-2.287049951690836,0.0,2.477484933979181,3.3148373133933484,38.69802412395857,119.62062480703544,158.31864893099402
2.2159999999999775,9.81,3.93,1,1,0.01,0.01,-4.072953124622429,4.9201187282852965,-3.9038716605456467,5.0069219493491,-10.80466705392535,20.833083726659524,0.0,1.551839369923786,1.9346329424036646,0.0,3.0599480034754185,-2.3059601473226174,0.0,2.54359085947707,3.375277660870286,38.95794275092243,119.35990561202624,158.31784836294867
2.2179999999999773,9.81,3.93,1,1,0.01,0.01,-4.080782619248388,4.930174565314603,-3.925694601194879,5.0490798982574345,-11.019571841078095,21.32753476365862,0.0,1.5579591497904959,1.9300021503043527,0.0,3.0598232778619425,-2.324823382750753,0.0,2.611673303065323,3.437361662043561,39.220188334895234,119.09684772800287,158.3170360628981
2.219999999999977,9.81,3.93,1,1,0.01,0.01,-4.088656194799903,4.940315717920416,-3.947955235751858,5.092242981177294,-11.242425421506182,21.838351479370655,0.0,1.5640786438697132,1.925333680490389,0.0,3.0596617127605894,-2.3436374642191073,0.0,2.6817965730539086,3.501134634199753,39.48476531081595,118.8314463627306,158.31621167354655
2.221999999999977,9.81,3.93,1,1,0.01,0.01,-4.096574742822948,4.950544229643057,-3.970669854751876,5.136444745222318,-11.473624911304103,22.36635828878067,0.0,1.5701977760671035,1.9206276335568655,0.0,3.0594608619978665,-2.3624000837068437,0.0,2.7540276912968693,3.5666439366020177,39.75167819626337,118.56369662583973,158.31537482210308
2.2239999999999767,9.81,3.93,1,1,0.01,0.01,-4.104539188255684,4.960862212800997,-3.993855568448924,5.18172043931151,-11.713593241723594,22.912433267308636,0.0,1.5763164652430544,1.9158841148356023,0.0,3.0592181241132543,-2.381108811066056,0.0,2.8284365555450144,3.633939084771935,40.02093159531604,118.29359352405821,158.31452511937425
2.2259999999999764,9.81,3.93,1,1,0.01,0.01,-4.112550491120852,4.971271852004561,-4.017530360462389,5.228107125693924,-11.96278120639146,23.477512418876344,0.0,1.582434624890012,1.9111032346478016,0.0,3.058930730056042,-2.399761085502914,0.0,2.905096113653411,3.703071872239512,40.292530202602244,118.02113195618739,158.31366215878964
2.227999999999976,9.81,3.93,1,1,0.01,0.01,-4.120609648329698,4.981775407901492,-4.041713145707921,5.275643800404887,-12.22166970160376,24.06259434635012,0.0,1.5885521627840884,1.906285108574458,0.0,3.0585957297279633,-2.418354206337081,0.0,2.984082550655968,3.7740965002873925,40.566478807551775,117.74630670780422,158.31278551535598
2.229999999999976,9.81,3.93,1,1,0.01,0.01,-4.128717695606363,4.992375221173053,-4.066423833019258,5.324371523501537,-12.490772180746823,24.668745368246462,0.0,1.5946689806084788,1.90142985774601,0.0,3.0582099772450104,-2.436885322966771,0.0,3.0654754898179846,3.8470697162507514,40.84278229885985,117.46911244567032,158.31189474453018
2.231999999999976,9.81,3.93,1,1,0.01,0.01,-4.136875709542585,5.003073716801155,-4.091683392912448,5.3743335600185524,-12.770637346500074,25.29710513101815,0.0,1.60078497354603,1.896537609152937,0.0,3.0577701147759453,-2.455351423958117,0.0,3.149358208886205,3.922050960971037,41.121445669174726,117.18954371183139,158.31098938100612
2.2339999999999756,9.81,3.93,1,1,0.01,0.01,-4.145084809793493,5.013873408628978,-4.117513930994118,5.425575532689599,-13.061852107441325,25.94889277242276,0.0,1.606900029837921,1.8916084959791262,0.0,3.0572725547967385,-2.4737493251681553,0.0,3.2358178728767877,3.999102526038888,41.40247402002175,116.90759491738537,158.31006893740712
2.2359999999999753,9.81,3.93,1,1,0.01,0.01,-4.153346161426308,5.024776904239762,-4.143938767571992,5.478145587597964,-13.365044829055913,26.625413698524227,0.0,1.6130140303051244,1.8866426579600324,0.0,3.056713460579463,-2.4920756567996643,0.0,3.3249457848754234,4.078289721499687,41.68587256697615,116.62326033589747,158.3091329028736
2.237999999999975,9.81,3.93,1,1,0.01,0.01,-4.161660977434988,5.035786910180895,-4.1709825240896246,5.532094574052769,-13.680888913011419,27.328067044927263,0.0,1.6191268478289214,1.8816402417679123,0.0,3.0560887247101425,-2.510326849273792,0.0,3.4168376564722984,4.1596810547323,41.971646645097735,116.33653409644079,158.30818074153854
2.239999999999975,9.81,3.93,1,1,0.01,0.01,-4.170030521435143,5.046906237563168,-4.19867121707936,5.587476240137387,-14.01010674297353,28.058353902047806,0.0,1.6252383467862905,1.876601401426565,0.0,3.055393945402715,-2.528499117792294,0.0,3.5115938996196405,4.243348421248026,42.25980171464116,116.04741017623442,158.30721189087558
2.2419999999999747,9.81,3.93,1,1,0.01,0.01,-4.178456110554998,5.05813780806814,-4.227032360409018,5.644347445546557,-14.35347404029432,28.81788639476415,0.0,1.63134838243551,1.8715262987584165,0.0,3.0546244003447054,-2.546588445445053,0.0,3.6093199418825255,4.32936730819035,42.55034336705637,115.75588239285702,158.3062257599134
2.2439999999999745,9.81,3.93,1,1,0.01,0.01,-4.186939118539875,5.069484660399943,-4.2560950766901335,5.702768393521212,-14.711824678705325,29.608397718888053,0.0,1.6374568002467438,1.8664151038669439,0.0,3.0537750177736047,-2.5645905647002625,0.0,3.710126567257297,4.417817011345303,42.843277331291965,115.46194439600352,158.30522172729547
2.2459999999999742,9.81,3.93,1,1,0.01,0.01,-4.195480979089443,5.080949957221736,-4.285890218820343,5.76280288390848,-15.086056013809864,30.431753250786457,0.0,1.6435634351717323,1.8612679956579046,0.0,3.0528403444410275,-2.582500937093534,0.0,3.8141302849579874,4.5087808664955284,43.13860948041842,115.16558965875787,158.3041991391763
2.247999999999974,9.81,3.93,1,1,0.01,0.01,-4.204083189449088,5.0925369926212705,-4.316450502751594,5.824518589622568,-15.477134790841218,31.289962862478955,0.0,1.649668110845992,1.8560851624031534,0.0,3.051814510072746,-2.6003147309080203,0.0,3.9214537288224416,4.602346495964425,43.43634583858322,114.86681146834876,158.30315730693198
2.249999999999974,9.81,3.93,1,1,0.01,0.01,-4.212747314279058,5.104249200154887,-4.3478106527113995,5.88798735906489,-15.886103702992308,32.18519459296516,0.0,1.655770638716065,1.8508668023513026,0.0,3.0506911878761036,-2.6180267966099264,0.0,4.032226090269284,4.6986060711972994,43.73649258831487,114.56560291635479,158.30209550466967
2.2519999999999736,9.81,3.93,1,1,0.01,0.01,-4.22147498982764,5.116090161524683,-4.3800075602589565,5.953285547384071,-16.314088682832658,33.119789847821025,0.0,1.6618708170834187,1.845613124389969,0.0,3.0494635505802985,-2.6356316397717605,0.0,4.146583588047221,4.797656592208571,44.03905607818768,114.26195688832279,158.30101296651046
2.2539999999999734,9.81,3.93,1,1,0.01,0.01,-4.230267928437564,5.128063615949715,-4.41308045873445,6.02049437982452,-16.762307021133495,34.09628032371318,0.0,1.6679684300554913,1.8403243487649366,0.0,3.0481242214180826,-2.6531233911787147,0.0,4.264669978362896,4.899600184681664,44.34404283086162,113.95586605276209,158.29990888362371
2.255999999999973,9.81,3.93,1,1,0.01,0.01,-4.239127923418152,5.140173470299002,-4.447071114861881,6.089700350833367,-17.232076421097673,35.117406882988696,0.0,1.6740632463930831,1.8350007078622204,0.0,3.0466652193674792,-2.6704957737708575,0.0,4.386637109356234,5.004544415432986,44.65145955151018,113.64732284947526,158.29878240098543
2.257999999999973,9.81,3.93,1,1,0.01,0.01,-4.24805685431946,5.152423810061924,-4.482024039497178,6.160995663078117,-17.724825111860625,36.186140636575686,0.0,1.6801550182418699,1.8296424470597081,0.0,3.045077897866425,-2.68774206602432,0.0,4.512645524316425,5.112602626831623,44.961313136644335,113.33631947718212,158.29763261382647
2.2599999999999727,9.81,3.93,1,1,0.01,0.01,-4.257056692648922,5.164818911240429,-4.51798671977908,6.234478711081249,-18.242103163565506,37.30570653185907,0.0,1.6862434797340786,1.8242498256560016,0.0,3.043352876089461,-2.7048550613169224,0.0,4.642865118501229,5.22389429058971,45.273610683343506,113.02284788039616,158.29645856373966
2.2619999999999725,9.81,3.93,1,1,0.01,0.01,-4.266129508075804,5.177363253257531,-4.5550098752457675,6.31025461481496,-18.78559516778103,38.479609786931185,0.0,1.692328345444433,1.8188231178849439,0.0,3.0414799617291495,-2.721827022756809,0.0,4.777475854941288,5.338545381084288,45.58835949889489,112.70689973550631,158.29525923440121
2.2639999999999723,9.81,3.93,1,1,0.01,0.01,-4.275277475174256,5.190061532987943,-4.593147740832116,6.388435809332722,-19.35713447204444,39.711665564744266,0.0,1.6984093086821692,1.81336261402553,0.0,3.0394480640523582,-2.738649632874085,0.0,4.916668545182606,5.456688768018642,45.90556711084404,112.38846643602018,158.29403354686423
2.265999999999972,9.81,3.93,1,1,0.01,0.01,-4.284502880761967,5.2029186800297085,-4.632458380068461,6.469142697360686,-19.95871918651766,41.00603234154739,0.0,1.7044860395982924,1.807868621618132,0.0,3.0372450957966235,-2.755313937483982,0.0,5.060645701548087,5.578464627746451,46.2252412774488,112.06753907692217,158.29278035437096
2.267999999999972,9.81,3.93,1,1,0.01,0.01,-4.293808131898535,5.215939873350471,-4.673004032270931,6.552504372749915,-20.592530214878117,42.3672494951046,0.0,1.7105581830841048,1.8023414667994824,0.0,3.034857862228555,-2.7718102829222584,0.0,5.209622468184632,5.704020871927799,46.54738999852331,111.74410843810087,158.29149843662418
2.2699999999999716,9.81,3.93,1,1,0.01,0.01,-4.3031957646157695,5.229130559458922,-4.714851498056531,6.638659423822382,-21.260951601515,43.80027972141138,0.0,1.716625356433429,1.7967814957705603,0.0,3.0322719353960057,-2.788128245727065,0.0,5.363827638907172,5.833513591308385,46.872021526648396,111.41816496680183,158.29018649345022
2.2719999999999714,9.81,3.93,1,1,0.01,0.01,-4.312668453461429,5.242496472271351,-4.7580725681458285,6.727756826955954,-21.966593533906966,45.31055698611076,0.0,1.7226871467366573,1.791189076413566,0.0,3.029471511258859,-2.8042565536919657,0.0,5.523504770652756,5.967107511245562,47.199144378710656,111.08969875906641,158.28884313777706
2.273999999999971,9.81,3.93,1,1,0.01,0.01,-4.322229021948527,5.256043654865336,-4.802744501147241,6.819956942277135,-22.71231839394155,46.9040408311013,0.0,1.7287431079697364,1.7855646000764211,0.0,3.0264392469668726,-2.820182997038314,0.0,5.688913402212321,6.104976454057141,47.528767347715586,110.75869954011947,158.28746688783505
2.275999999999971,9.81,3.93,1,1,0.01,0.01,-4.331880454014561,5.269778483338144,-4.848950556867024,6.915432625101714,-23.50127031633839,48.587277990907644,0.0,1.734792757735237,1.779908483546005,0.0,3.0231560750521362,-2.8358943282453364,0.0,5.860330388803473,6.247303801226537,47.86089951480041,110.42515664368028,158.28605615848068
2.2779999999999707,9.81,3.93,1,1,0.01,0.01,-4.341625906609081,5.283707693016649,-4.8967805926789545,7.014370468825602,-24.336908787934547,50.36747243072766,0.0,1.7408355736056178,1.7742211712344855,0.0,3.0196009906984655,-2.851376148827094,0.0,6.038051363966965,6.394282945805927,48.19555026133995,110.08905899018211,158.28460925152206
2.2799999999999705,9.81,3.93,1,1,0.01,0.01,-4.35146872354418,5.297838407299349,-4.94633173164143,7.116972197371483,-25.223046910315727,52.25256510268334,0.0,1.7468709890104024,1.7685031376067588,0.0,3.0157508075167403,-2.8666127810480515,0.0,6.222392341183269,6.546117721818276,48.532729281008606,109.75039506390006,158.28312434490866
2.2819999999999703,9.81,3.93,1,1,0.01,0.01,-4.361412450761209,5.3121781694499965,-4.9977091123959205,7.223456228100482,-26.163895052357073,54.25132493328423,0.0,1.7528983885989828,1.7627548898814924,0.0,3.011579876363219,-2.8815871222129847,0.0,6.413691468467074,6.703022792801843,48.872446591611464,109.4091528890159,158.28159948062736
2.28399999999997,9.81,3.93,1,1,0.01,0.01,-4.3714608531886,5.326734977707363,-5.051026732452405,7.334059429370616,-27.164110741164947,56.373452808604384,0.0,1.75891710299878,1.7569769710432586,0.0,3.0070597606488665,-2.8962804787401035,0.0,6.612310949939484,6.865223975514407,49.21471254644101,109.06532000467452,158.28003255111554
2.28599999999997,9.81,3.93,1,1,0.01,0.01,-4.381617933390663,5.341517324127754,-5.106408398303073,7.449039100744993,-28.22885578244285,58.6297006198465,0.0,1.7649264028741127,1.751169963209464,0.0,3.002158860253291,-2.9106723767122014,0.0,6.8186391488972715,7.032958466749478,49.55953784484331,108.71888343913525,158.27842128397856
2.2879999999999696,9.81,3.93,1,1,0.01,0.01,-4.391887952236245,5.356534237637222,-5.163988797949289,7.5686752083137465,-29.36386176735284,61.032007776776624,0.0,1.7709254921737403,1.745334491402894,0.0,2.99684197451514,-2.9247403449802087,0.0,7.0330928870481895,7.2064749305848235,49.90693354157628,108.36982968317761,158.2767632247539
2.2899999999999694,9.81,3.93,1,1,0.01,0.01,-4.402275451849686,5.371795331840452,-5.223914713928449,7.693272912797844,-30.575505315411732,63.593657995862195,0.0,1.7769135004340644,1.7394712277893334,0.0,2.9910697927428895,-2.9384596661424216,0.0,7.256119954146506,7.386033389343314,50.25691105442819,108.01814466300094,158.27505571742913
2.291999999999969,9.81,3.93,1,1,0.01,0.01,-4.412785281145561,5.387310858214512,-5.286346397842539,7.823165434164426,-31.87089462441714,66.32945962895968,0.0,1.7828894739793872,1.7335808964499053,0.0,2.9847982981746943,-2.951803089810235,0.0,7.488201840934144,7.5719048429635345,50.60948216940054,107.66381371296201,158.27329588236256
2.293999999999969,9.81,3.93,1,1,0.01,0.01,-4.423422624293992,5.403091765410007,-5.35145913077855,7.9587173035252174,-33.25796915048175,69.25595332018001,0.0,1.7888523658295115,1.7276642787700913,0.0,2.9779780681830923,-2.9647405014601094,0.0,7.729856705627698,7.76437051681942,50.964659042560285,107.3068215486374,158.2714805911977
2.2959999999999687,9.81,3.93,1,1,0.01,0.01,-4.434193032515932,5.419149765491657,-5.419444997934013,8.100328061237052,-34.74561452370432,72.3916513621072,0.0,1.794801024086727,1.721722219542034,0.0,2.9705534496012502,-2.9772385388141918,0.0,7.981642579556472,7.96372060521195,51.32245419740508,106.94715224088213,158.2696064382872
2.2979999999999685,9.81,3.93,1,1,0.01,0.01,-4.4451024596688375,5.435497408077327,-5.490514910276232,8.248436469493216,-36.34379511401634,75.75731375926183,0.0,1.8007341785272568,1.7157556338945097,0.0,2.962461583123413,-2.989260146029511,0.0,8.244160810045074,8.170252333939562,51.68288051624751,106.58478919180925,158.26766970805676
2.2999999999999683,9.81,3.93,1,1,0.01,0.01,-4.4561573021538825,5.452148163481571,-5.564900911215846,8.403525318373296,-38.063706987277385,79.37626667469998,0.0,1.8066504250641504,1.7097655151863247,0.0,2.9536312445177177,-3.0007640539343527,0.0,8.518059726951838,8.384267106641172,52.045951223684746,106.21971511394729,158.26566633763204
2.301999999999968,9.81,3.93,1,1,0.01,0.01,-4.467364443757491,5.469116516139449,-5.642858812078553,8.566126916330223,-39.917954313095784,83.27476959045889,0.0,1.812548207676476,1.7037529440248749,0.0,2.9439814625113048,-3.011704172037991,0.0,8.80403850156725,8.606066420630784,52.411679859649595,105.85191201428015,158.26359187392973
2.303999999999968,9.81,3.93,1,1,0.01,0.01,-4.47873130613387,5.486418069781447,-5.724671206570342,8.736829369335483,-41.92075256479423,87.48243807222985,0.0,1.8184257973097266,1.6977190986031219,0.0,2.933419863175135,-3.0220288749422988,0.0,9.102851140190081,8.835946131279059,52.78008023879542,105.4813611854726,158.261441424268
2.3059999999999676,9.81,3.93,1,1,0.01,0.01,-4.49026590574243,5.504069666052753,-5.810650921304794,8.916283767055766,-44.08816202096334,92.032729349465,0.0,1.8242812671396318,1.6916652665866891,0.0,2.9218406778023964,-3.0316801619592617,0.0,9.415310515818785,9.074188499317579,53.151166391985996,105.10804320738973,158.2592095993757
2.3079999999999674,9.81,3.93,1,1,0.01,0.01,-4.50197691817514,5.5220895185213505,-5.901144966471044,9.105212408795106,-46.43835502214916,96.96349775981619,0.0,1.8301124634496726,1.685592858829716,0.0,2.909122334786332,-3.0405926640140093,0.0,9.742292284534615,9.321051258323246,53.524952484376115,104.7319379631029,158.256890447479
2.309999999999967,9.81,3.93,1,1,0.01,0.01,-4.513873750943696,5.540497364298409,-5.9965390572413915,9.304418215165589,-48.9919199631336,102.31762605371108,0.0,1.8359169711931198,1.6795034252556291,0.0,2.8951245347299768,-3.048692466079829,0.0,10.084738450390887,9.576752669843389,53.901452702868085,104.35302467504695,158.25447737791504
2.311999999999967,9.81,3.93,1,1,0.01,0.01,-4.5259666259429,5.559314635796963,-6.097262781422334,9.514795481147456,-51.772203793463476,108.14373593875015,0.0,1.8416920730822892,1.6733986733093633,0.0,2.8796846804648757,-3.055895706204784,0.0,10.443660222506768,9.841451162639176,54.280681103467785,103.97128196898593,158.25196307245372
2.3139999999999668,9.81,3.93,1,1,0.01,0.01,-4.538266672959803,5.578564655469958,-6.203795490193939,9.737342128227857,-54.805692335961346,114.49697596393936,0.0,1.8474347007566083,1.6672804894740525,0.0,2.862613497837516,-3.062106903370902,0.0,10.82013963397953,10.115217640056615,54.662651406059965,103.58668797617504,158.249339382235
2.3159999999999665,9.81,3.93,1,1,0.01,0.01,-4.550786035747865,5.598272856674774,-6.3166729832688135,9.973173600689082,-58.12242316595338,121.43987510684488,0.0,1.8531413762077058,1.6611509644510583,0.0,2.843689636429836,-3.0672169556879956,0.0,11.215329140043306,10.39799782847018,55.047376720091,103.1992204878428,158.2465972079338
2.3179999999999663,9.81,3.93,1,1,0.01,0.01,-4.56353799231288,5.618467034068283,-6.4364950419543145,10.223538512253745,-61.75641774143571,129.0432333159318,0.0,1.8588081411592918,1.6550124227317553,0.0,2.822652978395129,-3.0711007375065096,0.0,11.630448047494461,10.689561049040798,55.43486917924139,102.80885718127327,158.24372636051464
2.319999999999966,9.81,3.93,1,1,0.01,0.01,-4.576537091129766,5.639177627074452,-6.563933824383958,10.489836065080155,-65.74610569172772,137.3869910394432,0.0,1.8644304714789555,1.6488674574471456,0.0,2.7991963038968812,-3.073614208810106,0.0,12.066774097674898,10.989430409760649,55.82513945587253,102.4155759439093,158.24071539978183
2.321999999999966,9.81,3.93,1,1,0.01,0.01,-4.58979930497015,5.660438039865957,-6.699743061783288,10.773635102245317,-70.13469101552671,146.56097075678576,0.0,1.8700031728954096,1.642718971571572,0.0,2.7729548576561003,-3.0745909329115193,0.0,12.525627757021066,11.296787472515193,56.218196116155994,102.0193553318392,158.2375514479952
2.3239999999999656,9.81,3.93,1,1,0.01,0.01,-4.603342203775458,5.682285000762081,-6.844767858867942,11.076694366306729,-74.97037150111503,156.66530226577362,0.0,1.8755202532528172,1.63657022678315,0.0,2.743493226072264,-3.073837879906494,0.0,13.008345655001635,11.610341723028409,56.61404476338549,101.62017521294257,158.23421997632806
2.3259999999999654,9.81,3.93,1,1,0.01,0.01,-4.617185147402014,5.704758962635623,-6.999954665978921,11.40098303726957,-80.3062594080189,167.8102098388272,0.0,1.8809747651837667,1.6304249015463417,0.0,2.7102887606646533,-3.0711303758012383,0.0,13.516237995341145,11.928151345800275,57.01268689871921,101.21801766452317,158.2307045632424
2.327999999999965,9.81,3.93,1,1,0.01,0.01,-4.631349497835272,5.727904543296379,-7.166360591503871,11.748699778704367,-86.19974796700237,180.1146209622408,0.0,1.8863586113392643,1.6242871602749358,0.0,2.6727105639520947,-3.066206045629052,0.0,14.050522435837664,12.247376459531116,57.41411840371647,100.81286822283565,158.2269866265521
2.329999999999965,9.81,3.93,1,1,0.01,0.01,-4.645858848197811,5.75177099998746,-7.345160557464502,12.122287113691291,-92.71090005594964,193.7027016136588,0.0,1.8916623020809573,1.618161735735741,0.0,2.6299927846934166,-3.0587576030850263,0.0,14.612223587573265,12.563938562795743,57.81832751507574,100.40471762092295,158.2230451359987
2.3319999999999648,9.81,3.93,1,1,0.01,0.01,-4.660739261874599,5.776412723647416,-7.5376497038309855,12.524435635049556,-99.89916407950747,208.69685106586957,0.0,1.8968746527231302,1.6120540271155348,0.0,2.5812006578763236,-3.04842437822474,0.0,15.202022539123975,12.872049856092785,58.225292115690635,99.99356420637412,158.21885632206477
2.3339999999999645,9.81,3.93,1,1,0.01,0.01,-4.676019508244675,5.801889724127657,-7.7452366573866485,12.958068777847803,-107.817289211736,225.2047771528865,0.0,1.9019824039528888,1.60597021629403,0.0,2.5251874047902967,-3.0347825840395863,0.0,15.820034211667569,13.16356280174746,58.63497610311987,99.57941730851365,158.21439341163352
2.3359999999999643,9.81,3.93,1,1,0.01,0.01,-4.6917312700816,5.828268053404061,-7.969420396360284,13.426292799412021,-116.50063379992429,243.29684428520218,0.0,1.906969745020232,1.5999174046443738,0.0,2.460539872702501,-3.017334566796487,0.0,16.46548148678557,13.427073738294313,59.04732451104567,99.16230193369107,158.20962644473673
2.337999999999964,9.81,3.93,1,1,0.01,0.01,-4.707909278916209,5.855620074193864,-8.211738866997484,13.932286970035701,-125.94902934227349,262.96771540274733,0.0,1.911817715036125,1.5939037717440516,0.0,2.385510857992398,-2.9954977785631485,0.0,17.136223882139454,13.646696194660706,59.46225694361858,98.7422653179159,158.20452226153446
2.339999999999964,9.81,3.93,1,1,0.01,0.01,-4.724591304383849,5.884024417525889,-8.473670429250063,14.479094066215099,-136.09687687469574,284.07318364545057,0.0,1.9165034542643422,1.5879387550424195,0.0,2.297936882675367,-2.9685951504285546,0.0,17.82808622936546,13.80040551776199,59.87965872644415,98.31938606786807,158.19904479431221
2.3419999999999637,9.81,3.93,1,1,0.01,0.01,-4.7418178758623695,5.913565372213943,-8.756458697016951,15.069249127865836,-146.76522858758938,306.229045223443,0.0,1.9209992770145088,1.5820332446023582,0.0,2.1951427100297902,-2.9358502540180154,0.0,18.533923492828905,13.857861785645278,60.29936896712063,97.89378687712954,158.19315584425016
2.3439999999999634,9.81,3.93,1,1,0.01,0.01,-4.759631541985563,5.944331295957695,-9.060816846266595,15.704153950891538,-157.58768952623996,328.65484181543866,0.0,1.9252715456456027,1.5761997775197412,0.0,2.0738398455168214,-2.8963936004650175,0.0,19.242362441080903,13.777677849372076,60.72116443256408,97.46565209407747,158.18681652664156
2.3459999999999632,9.81,3.93,1,1,0.01,0.01,-4.778075368727655,5.976411416926508,-9.386450331528536,16.383068780654327,-167.9016841957615,349.9447208697974,0.0,1.9292793510422046,1.5704526994364383,0.0,1.9300387336448401,-2.8492912427789077,0.0,19.936203601108133,13.504286460530892,61.14473776606472,97.0352516613857,158.17998942745044
2.347999999999963,9.81,3.93,1,1,0.01,0.01,-4.7971902399199955,6.009890106763575,-9.731324118288958,17.101565805244565,-176.60228144115428,367.7596122729536,0.0,1.932973066230772,1.5648082315503455,0.0,1.7590179692545194,-2.7936139188904465,0.0,20.59059472877498,12.965007755952886,61.56966808609971,96.60297293235593,158.17264101845564
2.349999999999963,9.81,3.93,1,1,0.01,0.01,-4.817010380899848,6.044837405152728,-10.090612102671482,17.849313698965272,-181.97658943208205,378.4788482884942,0.0,1.9362929641229072,1.5592843368261002,0.0,1.5554336659535952,-2.728573421116933,0.0,21.171374538617457,12.06882265180106,61.995381606851055,96.16936112834469,158.16474273519574
2.3519999999999626,9.81,3.93,1,1,0.01,0.01,-4.837556464815917,6.081294448742742,-10.455346803415097,18.607232311786245,-181.58751456356026,376.9564077796249,0.0,1.9391683112255045,1.5539002200487706,0.0,1.3137078505916382,-2.653757950821425,0.0,21.6345085835141,10.709877952907233,62.42110047111417,95.73516686344998,158.15626733456415
2.3539999999999623,9.81,3.93,1,1,0.01,0.01,-4.858825889164788,6.119252940180751,-10.811009623048797,19.344525270364812,-172.36663785121084,356.7186007973261,0.0,1.9415176804462027,1.548675241368005,0.0,1.0288843912895627,-2.5694868804787845,0.0,21.928252889074283,8.78060024249463,62.845782403305634,95.30139396909715,158.14717637240278
2.355999999999962,9.81,3.93,1,1,0.01,0.01,-4.880780681539227,6.158629632316659,-11.136725075395113,20.01698999472287,-151.17276346116938,311.1437601479501,0.0,1.9432515906655103,1.5436270271288453,0.0,0.6981120904728889,-2.477253767823571,0.0,22.000129143574817,6.199831582288009,63.26806877472447,94.86933188657656,158.13740066130103
2.357999999999962,9.81,3.93,1,1,0.01,0.01,-4.903335346489396,6.199240709926121,-11.406232574892542,20.569079185273974,-116.02492846467803,236.06336287911992,0.0,1.9442786909791816,1.538768727210496,0.0,0.3226718579928419,-2.380113920362615,0.0,21.80980918976545,2.9567541257263903,63.68629124840213,94.44054591503027,158.1268371634324
2.3599999999999617,9.81,3.93,1,1,0.01,0.01,-4.926349518973724,6.240786332824523,-11.591868064894742,20.94230981699764,-67.77595686863343,133.29055536110866,0.0,1.944516023263916,1.5341057908360425,0.0,-0.0900869840473878,-2.2827335566162277,0.0,21.345257020814888,-0.8423803221134429,64.0986209911636,94.01679369756167,158.11541468872525
2.3619999999999615,9.81,3.93,1,1,0.01,0.01,-4.949631767557593,6.282858714321558,-11.671531444379417,21.089965856254643,-11.185190267098818,12.88044549879648,0.0,1.9439019953933543,1.5296332293412624,0.0,-0.5261475724387529,-2.1908036679552843,0.0,20.63402150823243,-4.955505819623768,64.50340267963074,93.59985178812087,158.1032544677516
2.3639999999999612,9.81,3.93,1,1,0.01,0.01,-4.972958360303998,6.324981768806682,-11.636035607128347,20.992602021925848,45.94523836090022,-108.69287110274406,0.0,1.9424081969102427,1.5253346710824702,0.0,-0.9667028332972367,-2.109819706979223,0.0,19.740217383744326,-9.044812697332972,64.89952703087982,93.19127902142507,158.0908060523049
2.365999999999961,9.81,3.93,1,1,0.01,0.01,-4.9961034940613605,6.366674943180171,-11.492555476382874,20.665321175660175,95.63047817633657,-214.5681704407308,0.0,1.9400451573430362,1.521184042464465,0.0,-1.3922646928240276,-2.0437340588466566,0.0,18.745904652314216,-12.770380309261665,65.28654254002655,92.79219195940684,158.07873449943338
2.367999999999961,9.81,3.93,1,1,0.01,0.01,-5.01887020016834,6.407518481733235,-11.26181647742504,20.151848186412284,132.6850278707744,-293.78667699583673,0.0,1.936859338074557,1.5171494766512539,0.0,-1.787052293045075,-1.994193333670336,0.0,17.727501960232797,-15.886109181644752,65.66443397113086,92.40313767499661,158.06757164612748
2.3699999999999606,9.81,3.93,1,1,0.01,0.01,-5.041110705317996,6.447196456513862,-10.97098800194694,19.509542727520916,155.82816223869725,-343.6259358189281,0.0,1.9329229231350555,1.5131979489212086,0.0,-2.141506706985211,-1.960671544648383,0.0,16.740332764877166,-18.284314367186784,66.03337539797727,92.02410258811368,158.05747798609093
2.3719999999999604,9.81,3.93,1,1,0.01,0.01,-5.062731871637764,6.485508324646531,-10.646541550506813,18.794331175392788,166.76852562566214,-367.6727390450472,0.0,1.9283209781685429,1.5092990321724464,0.0,-2.4522920913157087,-1.941212839510961,0.0,15.815664951254664,-19.979586622058225,66.39369034710649,91.65462926153732,158.0483196086438
2.37399999999996,9.81,3.93,1,1,0.01,0.01,-5.083688928541462,6.522355774798313,-10.309930676225687,18.05158377958698,168.5446075817846,-372.32533131517,0.0,1.923140343303002,1.505426977857774,0.0,-2.7206790293843417,-1.9332722558581628,0.0,14.965871613255949,-21.061354877081087,66.74590785904,91.2939766882489,158.03988454728892
2.37599999999996,9.81,3.93,1,1,0.01,0.01,-5.103973754586657,6.557718053244249,-9.976338756666179,17.313459925006896,164.23148633819142,-364.065812693138,0.0,1.917462329303976,1.5015612570458028,0.0,-2.950567106357345,-1.9343242953329236,0.0,14.191617045339068,-21.64751719296929,67.09074946186742,90.94126763405197,158.0320170959194
2.3779999999999597,9.81,3.93,1,1,0.01,0.01,-5.1236027832056426,6.591626470529273,-9.655331646826255,16.600272707824452,156.31996458843747,-348.14912635421723,0.0,1.9113591098076972,1.4976861448924381,0.0,-3.1469092338678846,-1.9421753723683324,0.0,13.487641814081183,-21.854043240223472,67.42904058233297,90.59559612494166,158.02463670727462
2.3799999999999595,9.81,3.93,1,1,0.01,0.01,-5.142607080866118,6.624143469637884,-9.35221463011464,15.923342591502474,146.58558565141783,-328.3248448707134,0.0,1.904892711396025,1.4937899062256743,0.0,-3.314728752064486,-1.9550593402102776,0.0,12.8463929077236,-21.78057057182149,67.76161464110349,90.25609316520759,158.01770780631108
2.3819999999999593,9.81,3.93,1,1,0.01,0.01,-5.161025209948926,6.655347554589134,-9.06938339197188,15.287842115498197,136.18827925816947,-307.0456824591637,0.0,1.898115463363744,1.48986392951182,0.0,-3.458621412358509,-1.9716165957219052,0.0,12.25995436466285,-21.506483954419878,68.08925014929059,89.92196029671159,158.01121044600217
2.383999999999959,9.81,3.93,1,1,0.01,0.01,-5.178898534444816,6.6853233648712145,-8.807395288313714,14.695053455645088,125.83354126728976,-285.8063099058607,0.0,1.8910710983841748,1.4859019668210278,0.0,-3.5825668716517303,-1.990827774346045,0.0,11.720929580408754,-21.09223839492022,68.41264285900591,89.59248228671728,158.00512514572318
2.385999999999959,9.81,3.93,1,1,0.01,0.01,-5.196268348765901,6.714155593227841,-8.565725871063934,14.143963929357398,115.91938256851263,-265.45262301780775,0.0,1.8837960343872162,1.481899524538504,0.0,-3.6899075267784767,-2.0119399741243864,0.0,11.222762317220436,-20.582599718751524,68.73240056912509,89.2670278407411,157.9994284098662
2.3879999999999586,9.81,3.93,1,1,0.01,0.01,-5.213174248801205,6.741925524374806,-8.343266538604087,13.63231647521689,106.64738801929045,-246.41564830717397,0.0,1.8763206045551653,1.4778533977379427,0.0,-3.7834041830500285,-2.034401470684247,0.0,10.759787862535736,-20.01012435080317,69.04904898053545,88.94504422962387,157.99409321015932
2.3899999999999584,9.81,3.93,1,1,0.01,0.01,-5.229653300346022,6.768709257730638,-8.138635783553026,13.15726742444331,98.0991737984454,-228.87267722900557,0.0,1.8686701402075658,1.473761323463825,0.0,-3.8653185539678856,-2.057809399372379,0.0,10.327169127515655,-19.398200071748782,69.36304152536061,88.62604934314882,157.98909086850944
2.391999999999958,9.81,3.93,1,1,0.01,0.01,-5.245739696303871,6.794576963811161,-7.9503655915000335,12.715781070607767,90.2862216359231,-212.85236509279818,0.0,1.860865882551304,1.4696217260521445,0.0,-3.9374979941152213,-2.081869908693503,0.0,9.920793457369994,-18.763470366378552,69.67476970868279,88.30962310357705,157.98439281225984
2.393999999999958,9.81,3.93,1,1,0.01,0.01,-5.261464700569862,6.81959274810435,-7.777007895980179,12.304855578900348,83.18120150458054,-198.30084469571125,0.0,1.852925731931194,1.4654335312350801,0.0,-4.00145197202218,-2.106368632133592,0.0,9.5371645036798,-18.11767661584181,69.98457256067023,87.99539921686065,157.97997177753086
2.3959999999999577,9.81,3.93,1,1,0.01,0.01,-5.276856751178261,6.843814853498434,-7.617191449766624,11.92164418947739,76.73711290341835,-185.1221716057387,0.0,1.8448648556307914,1.4611960307058547,0.0,-4.058416947414347,-2.131149118926313,0.0,9.173303119208951,-17.469021061052153,70.29274478537201,87.68305769591086,157.97580248128287
2.3979999999999575,9.81,3.93,1,1,0.01,0.01,-5.291941644672601,6.867296036374704,-7.469648761334653,11.563513129576688,70.89867321441928,-173.20242279529117,0.0,1.8366961779046533,1.4569087833647874,0.0,-4.109409627446269,-2.156097183350176,0.0,8.82666171713737,-16.823160346722023,70.59954360765701,87.37231829751579,157.9718619051728
2.3999999999999573,9.81,3.93,1,1,0.01,0.01,-5.306742755174784,6.890084017927905,-7.333225466126737,11.22806232325862,65.60888096801492,-162.42361457933254,0.0,1.8284307743040418,1.4525715431377872,0.0,-4.15526990453823,-2.1811295705085847,0.0,8.495052371411214,-16.183924116058012,70.90519446644993,87.06293486635734,157.96812933280728
2.401999999999957,9.81,3.93,1,1,0.01,0.01,-5.321281261282807,6.912221953741958,-7.206879767623131,10.913125014423757,60.81262802740862,-152.6713884142787,0.0,1.8200781892364304,1.4481842060448962,0.0,-4.1966951512747945,-2.2061857397958944,0.0,8.17658730807201,-15.553832884866463,71.20989573495893,86.75469051167407,157.96458624663302
2.403999999999957,9.81,3.93,1,1,0.01,0.01,-5.335576365963265,6.933748890066147,-7.089676582679044,10.616756095087295,56.45853650682169,-143.83894333741063,0.0,1.8116466923483774,1.4437467712450711,0.0,-4.23426749847979,-2.231221891584704,0.0,7.869629965317228,-14.934470889194557,71.51382263781449,86.44739351705454,157.96121615486902
2.4059999999999566,9.81,3.93,1,1,0.01,0.01,-5.349645501854028,6.9547001905622805,-6.9807791552891,10.337214986964668,52.499748334436,-135.82875053794922,0.0,1.8031434862696814,1.4392593122640647,0.0,-4.268475513981648,-2.25620660767374,0.0,7.572754820716598,-14.326754657873748,71.81713051103391,86.14087388054412,157.95800439157802
2.4079999999999564,9.81,3.93,1,1,0.01,0.01,-5.363504518674676,6.975107926360261,-6.879439750862059,10.072946493371923,48.894113392226636,-128.55299144271888,0.0,1.7945748756752056,1.4347219556735962,0.0,-4.2997314540480795,-2.2811176551563612,0.0,7.2847143893916675,-13.731126723350439,72.11995752536919,85.8349803891621,157.95493791453129
2.409999999999956,9.81,3.93,1,1,0.01,0.01,-5.3771678519054,6.995001227486456,-6.7849903405683385,9.82256155477922,45.60404667478372,-121.93329077661849,0.0,1.7859464055197738,1.4301348652483785,0.0,-4.328385028971704,-2.3059396320610537,0.0,7.004412049170722,-13.147695554927195,72.4224269709943,85.52957814290329,157.9520051138976
2.411999999999956,9.81,3.93,1,1,0.01,0.01,-5.390648673254272,7.014406596623781,-6.696833761534092,9.584818945383502,42.596216518758574,-115.90008745081985,0.0,1.777262974628151,1.4254982301694035,0.0,-4.354734427051658,-2.3306622247710957,0.0,6.730879590218263,-12.57633678717284,72.72464918260107,85.22454645518795,157.94919563778902
2.4139999999999557,9.81,3.93,1,1,0.01,0.01,-5.40395902413006,7.033348187656499,-6.614435586535681,9.358608414266788,39.8411594011334,-110.39184567035386,0.0,1.7685289295051656,1.420812256230136,0.0,-4.379035180197573,-2.355278912286563,0.0,6.463258596898337,-12.016766518346282,73.02672316865437,84.91977706803625,157.9465002366906
2.4159999999999555,9.81,3.93,1,1,0.01,0.01,-5.417109933644472,7.051848052119423,-6.5373167898516265,9.142935462848628,37.3128761777343,-105.35422284001709,0.0,1.7597481422011225,1.4160771592812085,0.0,-4.401507326312366,-2.379785998562512,0.0,6.2007849445011916,-11.46859439403181,73.32873799628408,84.61517263033177,157.94391062661583
2.4179999999999553,9.81,3.93,1,1,0.01,0.01,-5.43011152274987,7.069926356860586,-6.465047212896174,8.93690777364934,34.98844001325096,-100.73925879066528,0.0,1.7509240752641877,1.41129316035072,0.0,-4.422341223240975,-2.4041818869933733,0.0,5.942775835448011,-10.931362015395845,73.63077397349335,84.31064539623628,157.94141936972963
2.419999999999955,9.81,3.93,1,1,0.01,0.01,-5.442973096076319,7.0876015761510285,-6.397239788813848,8.739723210327284,32.84763148827016,-96.50461958495018,0.0,1.7420598361848632,1.4064604820234539,0.0,-4.441702291047541,-2.428466534547477,0.0,5.688618913410001,-10.404570662653946,73.93290366255107,84.00611610815722,157.93901977070828
2.421999999999955,9.81,3.93,1,1,0.01,0.01,-5.455703222925864,7.104890661262752,-6.3335454637569235,8.55065926260873,30.872607651919285,-92.6129106713465,0.0,1.733158223248251,1.4015793457689691,0.0,-4.459734898967446,-2.452641039852849,0.0,5.437763084445057,-9.887701219201432,74.23519275220292,83.70151303478414,157.93670578698706
2.4239999999999546,9.81,3.93,1,1,0.01,0.01,-5.4683098087476765,7.121809190261768,-6.273648744539048,8.36906379190125,29.04760676949381,-89.03106348003378,0.0,1.7242217643266127,1.3966499699867834,0.0,-4.4765655666552515,-2.47670733163512,0.0,5.189710746299325,-9.38022839075075,74.53770081132757,83.39677113977037,157.93447195109792
2.4259999999999544,9.81,3.93,1,1,0.01,0.01,-5.480800158275718,7.138371500471134,-6.217263801931198,8.194346931749559,27.35868774130872,-85.72979363125025,0.0,1.7152527498437464,1.3916725685945555,0.0,-4.492305613189685,-2.500667932670601,0.0,4.944011184263613,-8.881630745358787,74.84048194265134,83.0918313608025,157.93231330345384
2.427999999999954,9.81,3.93,1,1,0.01,0.01,-5.493181031372333,7.154590805773294,-6.16413106251635,8.025974004394712,25.793501746656528,-82.68312586599326,0.0,1.7062532609053371,1.3866473500279963,0.0,-4.507053359261344,-2.5245257807970996,0.0,4.70025493752358,-8.391397690088787,75.14358535188943,82.78663998222608,157.9302253341155
2.429999999999954,9.81,3.93,1,1,0.01,0.01,-5.505458692492364,7.170479300654449,-6.114014227641342,7.863459326068461,24.341093044030565,-79.86797944596637,0.0,1.697225193401542,1.3815745165530129,0.0,-4.520895966172313,-2.5482840931955053,0.0,4.458068976276672,-7.909034202891318,75.44705584505218,82.48114808720501,157.9282039322572
2.4319999999999538,9.81,3.93,1,1,0.01,0.01,-5.517638954565834,7.186048252651881,-6.066697664365294,7.706360786673261,22.99172569760035,-77.26380738951369,0.0,1.6881702787387116,1.3764542638146362,0.0,-4.533910978275113,-2.571946263593444,0.0,4.217112558962822,-7.434063922078022,75.75093426452037,82.17531107771217,157.92624534223253
2.4339999999999535,9.81,3.93,1,1,0.01,0.01,-5.529727217993419,7.2013080846496464,-6.021984119704017,7.554275102672208,21.736733094264075,-74.8522830766758,0.0,1.6790901017378237,1.3712867805650975,0.0,-4.546167622167543,-2.5955157845861625,0.0,3.977073662300528,-6.966031037799586,76.05525787274894,81.86908825254427,157.9243461252932
2.4359999999999533,9.81,3.93,1,1,0.01,0.01,-5.541728505357706,7.216268448278411,-5.97969271553333,7.406833654535792,20.56838734109939,-72.61702820573895,0.0,1.6699861161415628,1.3660722485271095,0.0,-4.557727905496636,-2.618996189162865,0.0,3.7376658956364914,-6.504501314074329,76.36006069102162,81.56244243512906,157.92250312615067
2.437999999999953,9.81,3.93,1,1,0.01,0.01,-5.553647492373578,7.230938289509536,-5.939657187059341,7.2636988315692514,19.479785915866618,-70.54337665884287,0.0,1.6608596580948969,1.3608108423586753,0.0,-4.568647549967178,-2.6423910069416845,0.0,3.49862582634076,-6.0490624846106895,76.6653737995149,81.25533964418742,157.9207134437023
2.439999999999953,9.81,3.93,1,1,0.01,0.01,-5.565488535531955,7.245325907389671,-5.901724332722775,7.124560817223512,18.464753240689625,-68.61816944432306,0.0,1.651711957901641,1.3555027296936373,0.0,-4.57897678660436,-2.6657037316796837,0.0,3.2597106553452777,-5.599324202644162,76.97122560394509,80.94774880138893,157.918974405334
2.4419999999999527,9.81,3.93,1,1,0.01,0.01,-5.577255696831308,7.259439006737577,-5.865752647774352,6.98913475706051,17.51775513746348,-66.82957647774978,0.0,1.642544150308844,1.3501480712381653,0.0,-4.588761036110326,-2.6889377974268784,0.0,3.0206961920078905,-5.154917678302888,77.27764207327542,80.63964147103135,157.91728354430677
2.4439999999999524,9.81,3.93,1,1,0.01,0.01,-5.588952765939757,7.273284745517344,-5.8316111175707785,6.8571582594615,16.633824390763653,-65.16694151582064,0.0,1.6333572835294858,1.3447470209080454,0.0,-4.598041492989507,-2.71209656130163,0.0,2.7813750857384867,-4.715495102303799,77.58464695228632,80.33099162752012,157.91563857980645
2.445999999999952,9.81,3.93,1,1,0.01,0.01,-5.600583280086016,7.286869777509385,-5.79917814994483,6.728389186032412,15.808495884773858,-63.62064705570877,0.0,1.6241523271800897,1.3392997259951227,0.0,-4.606855628774739,-2.735183291327968,0.0,2.5415552786071243,-4.280728928922605,77.89226195225578,80.02177544704318,157.91403739929896
2.447999999999952,9.81,3.93,1,1,0.01,0.01,-5.6121505419391235,7.300200290820557,-5.768340628853023,6.602603694585479,15.037749993688251,-62.181996453968964,0.0,1.6149301792820059,1.333806327354076,0.0,-4.615237626991282,-2.7582011581295496,0.0,2.3010586487486884,-3.8503110718800793,78.2005069225243,79.71197112036069,157.91247804288497
2.4499999999999518,9.81,3.93,1,1,0.01,0.01,-5.623657635703761,7.313282042705756,-5.7389930739555695,6.479594502674084,14.317963091074928,-60.84311090522391,0.0,1.6056916724521075,1.3282669596027592,0.0,-4.623218760315036,-2.78115322954653,0.0,2.059719819009527,-3.4239520523614577,78.50940000533055,79.40155868406484,157.9109586893954
2.4519999999999516,9.81,3.93,1,1,0.01,0.01,-5.635107441629484,7.326120391113771,-5.711036892887606,6.359169344035167,13.645864204832506,-59.59683925558981,0.0,1.596437579389543,1.3226817513310254,0.0,-4.630827718609034,-2.804042467450815,0.0,1.8173851091283404,-3.0013801275948206,78.81895777596719,79.09051986803493,157.90947764400212
2.4539999999999513,9.81,3.93,1,1,0.01,0.01,-5.646502649107509,7.3387203233187375,-5.6843797147854325,6.241149594048558,13.01849698314734,-58.43667891425454,0.0,1.5871686177493465,1.317050825314228,0.0,-4.6380908950764805,-2.8268717261966585,0.0,1.5739116129498425,-2.582340420341366,79.12919537002922,78.77883795712626,157.90803332715547
2.455999999999951,9.81,3.93,1,1,0.01,0.01,-5.657845768507467,7.351086481954063,-5.658934795178787,6.125369043542275,12.433186255892656,-57.35670637416318,0.0,1.5778854544804437,1.3113742987285768,0.0,-4.645032636584846,-2.84964375226885,0.0,1.3291663848508162,-2.166594063615095,79.440126599287,78.46649766539511,157.9066242646821
2.457999999999951,9.81,3.93,1,1,0.01,0.01,-5.669139141888058,7.363223188727177,-5.634620483686975,6.011672803033918,11.887508577744475,-56.35151606462125,0.0,1.5685887096944788,1.3056522833663093,0.0,-4.651675463242349,-2.872361184787813,0.0,1.083025721807076,-1.7539173704446462,79.75176405751381,78.15348502138826,157.90524907890207
2.4599999999999507,9.81,3.93,1,1,0.01,0.01,-5.680384952699644,7.37513446606007,-5.611359747094998,5.899916321867197,11.379266226267022,-55.41616643962951,0.0,1.5592789601225623,1.2998848858492387,0.0,-4.658040261505533,-2.8950265566068274,0.0,0.8353745294221915,-1.3441010351371607,80.06411921742621,77.83978726321796,157.90390648064417
2.4619999999999505,9.81,3.93,1,1,0.01,0.01,-5.691585234582911,7.386824056871596,-5.589079741363223,5.789964508736613,10.906464202451708,-54.54613236027248,0.0,1.5499567422091731,1.294072207839709,0.0,-4.664146454431993,-2.9176422957956962,0.0,0.5861057618353044,-0.9369493700189077,80.37720251974406,77.5253927423076,157.90259526205165
2.4639999999999502,9.81,3.93,1,1,0.01,0.01,-5.702741879355772,7.398295442692281,-5.567711426964265,5.681690941841572,10.467289844520181,-53.73726296131521,0.0,1.5406225548857782,1.2882143462483515,0.0,-4.670012152140428,-2.940210727351425,0.0,0.3351199267764122,-0.5322795797973426,80.69102345525302,77.21029083483519,157.9013142900882
2.46599999999995,9.81,3.93,1,1,0.01,0.01,-5.713856644270125,7.4095518602804065,-5.5471892226636985,5.574977158415522,10.060094719846903,-52.9857443046763,0.0,1.5312768620610813,1.2823113934382968,0.0,-4.675654285080107,-2.962734075012772,0.0,0.08232464818338321,-0.12992107435247577,81.00559064064078,76.89447186002194,157.90006250066273
2.46799999999995,9.81,3.93,1,1,0.01,0.01,-5.724931158611035,7.420596316888971,-5.527450693484254,5.469712014671922,9.68337850599901,-52.288066218505094,0.0,1.5219200948600218,1.2763634374257522,0.0,-4.681088722327015,-2.985214463084095,0.0,-0.17236572023035832,0.27028518019858394,81.320911888784,76.57792700452049,157.8988388933045
2.4699999999999496,9.81,3.93,1,1,0.01,0.01,-5.735966929702876,7.431431604316338,-5.508436269130691,5.365791108327262,9.335774611320675,-51.640992802668514,0.0,1.5125526536395189,1.2703705620770138,0.0,-4.68633037680145,-3.0076539181963704,0.0,-0.4290304362379869,0.6684872730038565,81.63699427408037,76.26064825224762,157.89764252632799
2.4719999999999493,9.81,3.93,1,1,0.01,0.01,-5.746965348380037,7.44206031185871,-5.490088989617149,5.263116256827784,9.016037319221128,-51.04153615165064,0.0,1.5031749098054599,1.2643328473020443,0.0,-4.691393299030283,-3.0300543709507535,0.0,-0.687742670262033,1.0648229238580003,81.95384419334943,75.9426283190825,157.89647251243193
2.473999999999949,9.81,3.93,1,1,0.01,0.01,-5.757927693973676,7.452484838269662,-5.472354275240848,5.161595025242969,8.723030269214417,-50.48693290597292,0.0,1.4937872074524183,1.258250369244942,0.0,-4.696290760848013,-3.052417657404335,0.0,-0.9485697709012603,1.4594200240905009,82.27146742276491,75.62386059192477,157.89532801468968
2.475999999999949,9.81,3.93,1,1,0.01,0.01,-5.768855138860648,7.46270740282065,-5.455179718394511,5.061140298513827,8.455716112538786,-49.97462329476859,0.0,1.4843898648449954,1.252123200471631,0.0,-4.701035330236925,-3.074745520368538,0.0,-1.2115734987642286,1.8523971447844318,82.58986917122131,75.30433907166363,157.89420824288493
2.4779999999999487,9.81,3.93,1,1,0.01,0.01,-5.779748752616037,7.47273005554642,-5.438514895012453,4.961669893373474,8.213147201468034,-49.50223237637829,0.0,1.4749831757574456,1.245951410155158,0.0,-4.705638938342162,-3.097039610499506,0.0,-1.4768102321047685,2.2438640142589263,82.90905413049876,74.98405831966232,157.89311245016108
2.4799999999999485,9.81,3.93,1,1,0.01,0.01,-5.7906095058065805,7.482554686750446,-5.422311193708264,4.863106205804761,7.9944571897410555,-49.067553221860734,0.0,1.4655674106863252,1.2397350642590401,0.0,-4.710112939557598,-3.1193014871668017,0.0,-1.7443311473696452,2.6339219667931295,83.22902652253985,74.66301340740911,157.89203992994896
2.4819999999999482,9.81,3.93,1,1,0.01,0.01,-5.801438273458608,7.492183035837728,-5.406521660891038,4.765375890376434,7.798853437319156,-48.66853181905074,0.0,1.4561428179492286,1.2334742257191045,0.0,-4.714468165458997,-3.141532619092264,0.0,-2.0141823774371503,3.0226643645672997,83.54979014412054,74.34119986902593,157.89099001314645
2.483999999999948,9.81,3.93,1,1,0.01,0.01,-5.8122358382309205,7.501616699535417,-5.391100860346699,4.668409568215136,7.625610126307278,-48.30325350302489,0.0,1.4467096246812219,1.2271689546242985,0.0,-4.718714973258873,-3.1637343847553874,0.0,-2.286405150039214,3.4101769947607066,83.87134840916107,74.01861365636245,157.88996206552352
2.485999999999948,9.81,3.93,1,1,0.01,0.01,-5.823002893320167,7.5108571395555845,-5.376004745945284,4.572141560733871,7.474062006663565,-47.969930743216665,0.0,1.437268037739344,1.2208193083969183,0.0,-4.722863289370078,-3.1859080725651894,0.0,-2.5610359086128747,3.796538443686935,84.19370438889791,73.69525109643392,157.88895548533185
2.4879999999999476,9.81,3.93,1,1,0.01,0.01,-5.833740045123758,7.51990568974905,-5.361190546287273,4.476509646555503,7.343598700536068,-47.66689213850516,0.0,1.4278182445244227,1.214425341972724,0.0,-4.7269226485899125,-3.2080548808014155,0.0,-2.8381064176132837,4.181820449771494,84.51686085010667,73.37110885099028,157.88796970109695
2.4899999999999474,9.81,3.93,1,1,0.01,0.01,-5.844447815683126,7.528763562794331,-5.346616660235397,4.381454839348525,7.233659502935455,-47.39257248987045,0.0,1.4183604137285217,1.2079871079814246,0.0,-4.730902229351913,-3.230175917330498,0.0,-3.1176438541360256,4.566088237090999,84.84082029154787,73.04618387803005,157.88700416957792
2.491999999999947,9.81,3.93,1,1,0.01,0.01,-5.855126644928147,7.537431856461449,-5.332242562394971,4.286921184536917,7.143728624170582,-47.14550383605558,0.0,1.4088946960154651,1.2015046569279255,0.0,-4.734810885436853,-3.2522721991033947,0.0,-3.3996708875365123,4.9494008311015,85.16558497878344,72.7204733950919,157.88605837387536
2.493999999999947,9.81,3.93,1,1,0.01,0.01,-5.865776892741759,7.545911559486507,-5.318028717708108,4.192855573060989,7.07333082620089,-46.92430735144584,0.0,1.3994212246411992,1.1949780373748187,0.0,-4.73865717448613,-3.274344651444518,0.0,-3.684205748596094,5.331811358088412,85.49115697749654,72.3939748441811,157.88513182167765
2.4959999999999467,9.81,3.93,1,1,0.01,0.01,-5.876398840862268,7.554203557089453,-5.30393650441684,4.099207570555375,7.022027410939624,-46.72768601736335,0.0,1.3899401160200493,1.1884072961264827,0.0,-4.742449383619213,-3.296394107142018,0.0,-3.9712622896643373,5.7133673297752505,85.81753818542572,72.06668585820222,157.88422404362794
2.4979999999999465,9.81,3.93,1,1,0.01,0.01,-5.8869926946393765,7.562308636164386,-5.289928144728862,4.005929260477321,6.989412523685373,-46.554417988416205,0.0,1.3804514702424158,1.1817924784151992,0.0,-4.74619555242071,-3.318421305351193,0.0,-4.260850037102968,6.094110914433608,86.14473036301652,71.73860422878839,157.8833345918049
2.4999999999999463,9.81,3.93,1,1,0.01,0.01,-5.897558584658751,7.570227490168957,-5.275966642588633,3.912975099865772,6.975109739376079,-46.403350584661574,0.0,1.3709553715489213,1.1751336280896436,0.0,-4.749903493531262,-3.340426890323849,0.0,-4.552974237266799,6.474079195744582,86.4727351628725,71.40972787543092,157.8824630383034
2.501999999999946,9.81,3.93,1,1,0.01,0.01,-5.908096568248779,7.577960723736921,-5.262015728017137,3.8203017865421494,6.978768903327546,-46.273394848308634,0.0,1.3614518887655849,1.1684307878060747,0.0,-4.753580811049405,-3.362411409977312,0.0,-4.84763589717808,6.853304420572221,86.80155415808187,71.08005481582606,157.88160897390793
2.503999999999946,9.81,3.93,1,1,0.01,0.01,-5.918606630882175,7.585508857035625,-5.2480398075367205,3.727868136679076,7.000063201615257,-46.1635206106609,0.0,1.3519410757042392,1.1616839992225478,0.0,-4.757234916927914,-3.3843753143179507,0.0,-5.144831820982815,7.231814236723837,87.13118886948075,70.7495831373692,157.88077200684995
2.5059999999999456,9.81,3.93,1,1,0.01,0.01,-5.9290886874841435,7.592872329888182,-5.234003920243942,3.6356349717657177,7.038686439344794,-46.07275202111073,0.0,1.3424229715319977,1.1548933031964037,0.0,-4.760873045527705,-3.4063189537346186,0.0,-5.4445546432173835,7.609631921689917,87.46164079190542,70.41831096973523,157.87995176164065
2.5079999999999454,9.81,3.93,1,1,0.01,0.01,-5.939542583658011,7.600051505678242,-5.219873699134106,3.5435650140892725,7.094350507786301,-46.00016349535893,0.0,1.3328976011133526,1.1480587399852993,0.0,-4.764502266474544,-3.4282425771784553,0.0,-5.746792859861754,7.986776603278203,87.79291141947753,70.08623645849653,157.87914787797405
2.509999999999945,9.81,3.93,1,1,0.01,0.01,-5.94996809683845,7.607046675053555,-5.205615337316733,3.4516227899330043,7.166783023766636,-45.94487604474474,0.0,1.3233649753281216,1.141180349451972,0.0,-4.768129495948498,-3.4501463302460147,0.0,-6.051530858109288,8.36326347298317,88.12500226995493,69.75335773973632,157.87836000969125
2.511999999999945,9.81,3.93,1,1,0.01,0.01,-5.960364937381754,7.613858059443046,-5.191195558792241,3.359774539763203,7.255725126861315,-45.90605395271349,0.0,1.3138250913683036,1.1342581712729285,0.0,-4.771761506522582,-3.4720302531835796,0.0,-6.35874894574233,8.739103992862004,88.45791490817868,69.41967291562551,157.8775878238042
2.5139999999999447,9.81,3.93,1,1,0.01,0.01,-5.97073274960196,7.620485814400691,-5.176581593487084,3.267988134741686,7.360929421835131,-45.8829017680964,0.0,1.3042779330165974,1.127292245151181,0.0,-4.775404935655638,-3.4938942788309175,0.0,-6.668423380965951,9.114306096623404,88.79165096863271,69.08518003093681,157.8768309995695
2.5159999999999445,9.81,3.93,1,1,0.01,0.01,-5.981071112761084,7.626930032788235,-5.161741156267959,3.1762329989578233,7.482158055480756,-45.87466158809037,0.0,1.2947234709092152,1.1202826110331574,0.0,-4.779066292934374,-3.5157382305235725,0.0,-6.98052640351922,9.48887438557364,89.126212177133,68.74987705047832,157.87608922761132
2.5179999999999443,9.81,3.93,1,1,0.01,0.01,-5.9913795420211295,7.633190747807624,-5.1466424296758735,3.0844800368253953,7.619180918517096,-45.88061060666161,0.0,1.2851616627853772,1.1132293093298178,0.0,-4.782751966151089,-3.537561819973115,0.0,-7.29502626785273,9.86281032000782,89.46160037165345,68.41376183743287,157.87536220908632
2.519999999999944,9.81,3.93,1,1,0.01,0.01,-6.00165748936509,7.639267935892972,-5.1312540501381365,2.9927015651356053,7.771773964557091,-45.90005890659575,0.0,1.275592453725749,1.1061323811420234,0.0,-4.786468226296162,-3.5593646451453305,0.0,-7.611887279132635,10.236112406580553,89.79781752229145,68.07683213259672,157.87464965488817
2.521999999999944,9.81,3.93,1,1,0.01,0.01,-6.011904344493659,7.6451615194709,-5.1155450974311165,2.9008712492988518,7.939717639359162,-45.932347475631865,0.0,1.266015776381924,1.0989918684901425,0.0,-4.790221231538157,-3.581146188156832,0.0,-7.931069832804691,10.608776382141096,90.13486575037253,67.73908553451558,157.8739512848881
2.5239999999999436,9.81,3.93,1,1,0.01,0.01,-6.0221194357039405,7.6508713695971755,-5.099485087179077,2.808964043345008,8.12279541464508,-45.97684642906782,0.0,1.2564315511988868,1.0918078145478187,0.0,-4.794017030259217,-3.6029058132106675,0.0,-8.252530458425095,10.980795394472754,90.4727473466876,67.40051948051945,157.87326682720703
2.5259999999999434,9.81,3.93,1,1,0.01,0.01,-6.032302030756019,7.656397308476788,-5.083043966184872,2.716956133285416,8.320792421722103,-46.03295342295593,0.0,1.2468396866323106,1.0845802638798183,0.0,-4.797861563208888,-3.624642764592039,0.0,-8.57622186843954,11.352160180334023,90.81146478885466,67.06113122866296,157.87259601751762
2.527999999999943,9.81,3.93,1,1,0.01,0.01,-6.042451337732859,7.661739111873802,-5.066192110396935,2.624824883470002,8.533494180991548,-46.100092243535784,0.0,1.2372400793623695,1.0773092626838106,0.0,-4.801760664835937,-3.64635616474517,0.0,-8.902093012565535,11.722859241161203,91.15102075779201,66.72091784058097,157.871938598373
2.529999999999943,9.81,3.93,1,1,0.01,0.01,-6.052566505898623,7.666896511416623,-5.048900325324078,2.532548785600243,8.760685424177424,-46.17771155990972,0.0,1.2276326145056613,1.0699948590358919,0.0,-4.805720063854709,-3.6680450124525192,0.0,-9.230089138406605,12.092879016757221,91.49141815328774,66.37987616527136,157.87129431855908
2.5319999999999427,9.81,3.93,1,1,0.01,0.01,-6.062646626560102,7.671869196803699,-5.031139848715259,2.4401074100834834,9.002149006766354,-46.265283828164954,0.0,1.2180171658267214,1.0626371031396347,0.0,-4.809745383100168,-3.6897081811374677,0.0,-9.560151858899376,12.46220405726027,91.83266010864841,66.03800282382065,157.87066293246906
2.5339999999999425,9.81,3.93,1,1,0.01,0.01,-6.072690733935635,7.67665681791401,-5.012882355325931,2.347481359436599,9.257664908730534,-46.3623043362156,0.0,1.2083935959504948,1.055236047578402,0.0,-4.813842138723877,-3.7113444173114094,0.0,-9.89221922716576,12.83081719365779,92.17475000440768,65.69529419509021,157.8700441994979
2.5359999999999423,9.81,3.93,1,1,0.01,0.01,-6.082697806035493,7.681258986826199,-4.9940999635958825,2.2546522234674913,9.527009322108054,-46.46829037958415,0.0,1.1987617565770232,1.0477917475705822,0.0,-4.818015738781847,-3.732952339185745,0.0,-10.226225819311642,13.19869970708704,92.51769148107302,65.35174640238043,157.86943788345343
2.537999999999942,9.81,3.93,1,1,0.01,0.01,-6.092666765557391,7.685675279749624,-4.974765244065941,2.1616025359816122,9.809953824446433,-46.582780559184,0.0,1.189121488699538,1.0403042612274516,0.0,-4.822271481263936,-3.754530435469059,0.0,-10.56210282568168,13.565831497141353,92.86148845088952,65.00735530109543,157.86884375198497
2.539999999999942,9.81,3.93,1,1,0.01,0.01,-6.102596480800425,7.6899052388701525,-4.954851229362474,2.0683157327778092,10.10626463748436,-46.70533419291674,0.0,1.1794726228269976,1.0327736498132094,0.0,-4.82661455161412,-3.776077064368781,0.0,-10.899778151044474,13.932191249383617,93.20614510859757,64.66211646742723,157.8682615760248
2.5419999999999416,9.81,3.93,1,1,0.01,0.01,-6.112485766600409,7.693948374113053,-4.93433142557958,1.97477611071349,10.415701970751416,-46.83553083356759,0.0,1.1698149792120645,1.0251999780068162,0.0,-4.831050019790175,-3.7975904528161872,0.0,-11.239176524146375,14.297756602252212,93.55166594116035,64.31602518808322,157.86769112924355
2.5439999999999414,9.81,3.93,1,1,0.01,0.01,-6.122333385289227,7.697804164824916,-4.913179824889254,1.8809687876335162,10.738019450013779,-46.97296988608224,0.0,1.1601483680853748,1.01758331416513,0.0,-4.835582836911487,-3.8190686959323603,0.0,-11.580219617032144,14.662504313532809,93.89805573643898,63.96907645107765,157.86713218751663
2.545999999999941,9.81,3.93,1,1,0.01,0.01,-6.132138047680497,7.701472061376127,-4.891370919209717,1.7868796629705248,11.072963630689538,-47.117270317849986,0.0,1.1504725898968897,1.0099237305868616,0.0,-4.840217831543508,-3.840509756751755,0.0,-11.922826174489314,15.026410426559185,94.24531959079101,63.621264937609354,157.86658452840038
2.547999999999941,9.81,3.93,1,1,0.01,0.01,-6.141898414083487,7.704951486685074,-4.868879714761738,1.6924953788366321,11.420273596498877,-47.26807045610274,0.0,1.1407874355650016,1.002221303776814,0.0,-4.844959705667665,-3.8619114662186305,0.0,-12.266912153928352,15.389450436299363,94.59346291557117,63.27258501504732,157.8660479306185
2.5499999999999408,9.81,3.93,1,1,0.01,0.01,-6.151613095346885,7.708241837664872,-4.845681747342132,1.5978032814378005,11.779680643711206,-47.42502786698424,0.0,1.13109268673397,0.9944761147098373,0.0,-4.849813030385801,-3.8832715234700776,0.0,-12.612390875963559,15.751599455478656,94.94249144251155,62.92303073104389,157.86552217355543
2.5519999999999405,9.81,3.93,1,1,0.01,0.01,-6.161280653933697,7.7113424865931215,-4.821753098142812,1.5027913826526376,12.150908051401379,-47.58781931124756,0.0,1.1213881160401769,0.9866882490939315,0.0,-4.854782241408515,-3.9045874964177476,0.0,-12.959173185910132,16.112832380888925,95.29241122796114,62.572595808795995,157.86500703675713
2.5539999999999403,9.81,3.93,1,1,0.01,0.01,-6.17089960502818,7.714252782404855,-4.79707040994298,1.4074483216270963,12.533670938135431,-47.75614077191214,0.0,1.1116734873875824,0.9788577976318731,0.0,-4.859871634377258,-3.9258568226384414,0.0,-13.307167626360405,16.473124060033577,95.64322865596675,62.22127364347152,157.86450229943827
2.55599999999994,9.81,3.93,1,1,0.01,0.01,-6.18046841767539,7.716972051908573,-4.771610903501169,1.311763326245534,12.927676205477221,-47.92970754956123,0.0,1.101948556232657,0.9709848562807432,0.0,-4.86508536007038,-3.9470768105816925,0.0,-13.656280620947875,16.832449458259983,95.99495044017718,61.86905729981717,157.86400773999435
2.55799999999994,9.81,3.93,1,1,0.01,0.01,-6.189985515953569,7.719499600924993,-4.745352393973184,1.215726174346893,13.332622568639488,-48.10825442128587,0.0,1.0922130698789811,0.9630695265087204,0.0,-4.87042741954361,-3.968244641100215,0.0,-14.006416669350797,17.19078382653476,96.34758362455686,61.51593951096239,157.86352313551924
2.5599999999999397,9.81,3.93,1,1,0.01,0.01,-6.1994492801792465,7.721834715347868,-4.718273307181387,1.1193271545624441,13.748200674505487,-48.291535859597,0.0,1.0824667677815831,0.9551119155484895,0.0,-4.875901659255817,-3.989357369306668,0.0,-14.35747855352865,17.5481028700236,96.70113558289465,61.16191267843127,157.86304826132593
2.5619999999999394,9.81,3.93,1,1,0.01,0.01,-6.208858048144591,7.723976662126005,-4.690352695560466,1.0225570266585786,14.174093307118078,-48.47932630792788,0.0,1.0727093818610092,0.947112136646608,0.0,-4.881511766231043,-4.010411926757661,0.0,-14.709367555124816,17.904382917644824,97.05561401709949,60.8069688733718,157.8625828904713
2.563999999999939,9.81,3.93,1,1,0.01,0.01,-6.2182101163861745,7.7259246901653835,-4.661570253604795,0.9254069812746005,14.609975680579476,-48.67142050964692,0.0,1.0629406368269698,0.9390703093081663,0.0,-4.887261263307868,-4.031405123962988,0.0,-15.061983683906607,18.25960109277465,97.41102695427365,60.45109983900939,157.86212679328304
2.565999999999939,9.81,3.93,1,1,0.01,0.01,-6.227503741483997,7.727678031150057,-4.631906332642752,0.827868598951333,15.055515819127812,-48.86763388779446,0.0,1.0531602505113873,0.9309865595361289,0.0,-4.8931535045269605,-4.052333653215559,0.0,-15.415225917053135,18.613735485292484,97.76738274256046,60.09429699432971,157.86167973689015
2.5679999999999388,9.81,3.93,1,1,0.01,0.01,-6.236737141389236,7.729235900280318,-4.601341954764038,0.7299338083516287,15.510375023962226,-49.067802973054924,0.0,1.0433679342104618,0.922861020064685,0.0,-4.899191670707606,-4.073194091734038,0.0,-15.768992449037137,18.966765325166417,98.12469004576253,59.736551438991164,157.8612414847537
2.5699999999999386,9.81,3.93,1,1,0.01,0.01,-6.24590849677886,7.7305974969264195,-4.5698588257271044,0.6315948435785503,15.974208426179262,-49.27178587777891,0.0,1.0335633930353723,0.9146938305860081,0.0,-4.905378765263369,-4.093982905107432,0.0,-16.123180951785994,19.318671157791364,98.48295783673483,59.37785395946546,157.8608117962003
2.5719999999999383,9.81,3.93,1,1,0.01,0.01,-6.255015952434895,7.731762005195954,-4.537439346675287,0.5328442005010513,16.44666562496225,-49.4794628141795,0.0,1.023746326271059,0.9064851379698512,0.0,-4.9117176103063755,-4.114696451027433,0.0,-16.477688844744616,19.66943502130565,98.84219538955335,59.018195036402545,157.8603904259559
2.573999999999938,9.81,3.93,1,1,0.01,0.01,-6.264057618645792,7.732728594412815,-4.504066624492176,0.4336745920004086,16.92739140994276,-49.6907366551556,0.0,1.0139164277424666,0.8982350964753778,0.0,-4.918210843089045,-4.135330983291063,0.0,-16.832413574402707,20.01904062612727,99.20241227047056,58.65756485320995,157.8599771236805
2.575999999999938,9.81,3.93,1,1,0.01,0.01,-6.273031572627002,7.733496419505511,-4.469724480629165,0.3340789020534236,17.416026566424836,-49.905533536532964,0.0,1.0040733861875333,0.8899438679547578,0.0,-4.92486091283058,-4.155882656052862,0.0,-17.18725290279054,20.367473536964656,99.56361832766481,58.295953305837884,157.8595716335027
2.5779999999999377,9.81,3.93,1,1,0.01,0.01,-6.281935859957545,7.734064621302406,-4.434397458240927,0.2340501385704637,17.912208761941226,-50.12380349987589,0.0,0.9942168856360961,0.8816116220480077,0.0,-4.931670077974627,-4.176347528302293,0.0,-17.542105204390943,20.714721357574696,99.92582367980063,57.933350013753696,157.85917369355434
2.5799999999999375,9.81,3.93,1,1,0.01,0.01,-6.290768496029016,7.734432326731326,-4.398070827467878,0.13358138490773364,18.415573512397103,-50.345521175405466,0.0,0.9843466057938245,0.8732385363686888,0.0,-4.938640403922519,-4.196721568538833,0.0,-17.896869770862995,21.06077391855587,100.28903870341401,57.56974433209045,157.85878303550447
2.5819999999999372,9.81,3.93,1,1,0.01,0.01,-6.299527467503181,7.734598648920801,-4.360730588708369,0.032665749973690095,18.925755225855678,-50.57068650496849,0.0,0.9744622224301616,0.8648247966800677,0.0,-4.945773761285001,-4.217000659613468,0.0,-18.251447122922965,21.405623468483633,100.65327401914423,57.2051253649478,157.85839938409202
2.583999999999937,9.81,3.93,1,1,0.01,0.01,-6.308210733773975,7.734562687200039,-4.322363473727404,-0.06870368315080903,19.44238832183957,-50.7993255054407,0.0,0.9645634077692203,0.8563705970614652,0.0,-4.953071824693062,-4.237180603702238,0.0,-18.605739328684596,21.74926486871254,101.01854047683372,56.839481979823574,157.8580224566573
2.585999999999937,9.81,3.93,1,1,0.01,0.01,-6.316816228429426,7.734323526994595,-4.2829569444531295,-0.1705339101602607,19.96510842386391,-51.03149107341713,0.0,0.9546498308824617,0.8478761400645407,0.0,-4.960536072206404,-4.257257127373813,0.0,-18.959650327720706,22.09169579219084,101.38484913952183,56.47280282314929,157.85765196267113
2.5879999999999366,9.81,3.93,1,1,0.01,0.01,-6.325341860708744,7.733880239614506,-4.242499189317023,-0.2728320601240247,20.4935536227884,-51.26726383254937,0.0,0.9447211580819267,0.8393416368593976,0.0,-4.968167785355352,-4.277225886709913,0.0,-19.31308626007477,22.432916926652847,101.75221126635876,56.1050763369031,157.85728760326185
2.5899999999999364,9.81,3.93,1,1,0.01,0.01,-6.3337855169495185,7.733231881931492,-4.200979116998626,-0.3756054518246889,21.027365808483985,-51.50675302543724,0.0,0.934777053312734,0.8307673073704224,0.0,-4.975968049849595,-4.297082472434122,0.0,-19.665955799424456,22.772932182578835,102.1206382944701,55.73629077626893,157.85692907073903
2.591999999999936,9.81,3.93,1,1,0.01,0.01,-6.342145062019692,7.732377495941683,-4.158386347440761,-0.47886165192679375,21.566192067254086,-51.750097452569975,0.0,0.9248171785434438,0.8221533804018804,0.0,-4.9839377569841945,-4.316822415001277,0.0,-20.018170489577763,23.11174890633621,102.49014181980368,55.36643422830943,157.8565760481131
2.593999999999936,9.81,3.93,1,1,0.01,0.01,-6.350418340728732,7.73131610821008,-4.1147112000062815,-0.5826085350730381,22.10968614244365,-51.99746646145132,0.0,0.9148411941529151,0.8135000937534412,0.0,-4.992077605770129,-4.336441189596944,0.0,-20.369645083472076,23.449378098942457,102.86073357698963,54.99549463162124,157.85622820861087
2.5959999999999357,9.81,3.93,1,1,0.01,0.01,-6.358603179212153,7.730046729192826,-4.069944678652528,-0.6868543460120383,22.65750995571193,-52.2490609897332,0.0,0.9048487593121373,0.8048076943258065,0.0,-5.000388105813926,-4.355934220993024,0.0,-20.7202978838396,23.78583464092189,103.23242541825078,54.623459796935094,157.85588521518588
2.5979999999999355,9.81,3.93,1,1,0.01,0.01,-6.366697386283305,7.728568352433085,-4.0240784540045995,-0.7916077638700999,23.20933518654253,-52.505114666929785,0.0,0.8948395323595414,0.7960764382168392,0.0,-5.008869580967298,-4.375296888203061,0.0,-21.070051084708776,24.12113752375991,103.6052292913937,54.25031742862765,157.85554672002135
2.5999999999999353,9.81,3.93,1,1,0.01,0.01,-6.374698754746112,7.726879953626138,-3.977104842213269,-0.8968779686894064,23.76484490772698,-52.7658949800982,0.0,0.8848131711682269,0.7873065908086119,0.0,-5.017522173764856,-4.394524528877847,0.0,-21.418831112923375,24.455310088497843,103.97915721692024,53.876055147107294,157.85521236402752
2.601999999999935,9.81,3.93,1,1,0.01,0.01,-6.3826050626622175,7.724980489549028,-3.929016780487687,-1.0026747103666684,24.3237352747819,-53.031704509750114,0.0,0.8747693335035086,0.7784984268459865,0.0,-5.026345850664352,-4.413612443379321,0.0,-21.766568968883696,24.788380272052187,104.35422126428956,53.50066051203931,157.85488177632888
2.603999999999935,9.81,3.93,1,1,0.01,0.01,-6.390414074565785,7.722868896849796,-3.879807799196785,-1.1090083801397588,24.885717267564043,-53.302882243224005,0.0,0.8647076773691698,0.7696522305074047,0.0,-5.0353404081010495,-4.432555898468172,0.0,-22.11320056574635,25.120380861891825,104.73043352736863,53.12412104637407,157.8545545737427
2.6059999999999346,9.81,3.93,1,1,0.01,0.01,-6.398123542618984,7.720544090691072,-3.829471990436428,-1.2158900847853398,25.45051848272149,-53.57980497378895,0.0,0.8546278613407847,0.7607682954687562,0.0,-5.044505479364271,-4.45135013053805,0.0,-22.45866706636078,25.45134975975946,105.10780609910042,52.746424261144966,157.85423036024537
2.6079999999999344,9.81,3.93,1,1,0.01,0.01,-6.405731207700986,7.718004963242404,-3.778003972961619,-1.3233317237081657,26.017884976084154,-53.86288879489733,0.0,0.8445295448844552,0.751846924961272,0.0,-5.053840542301513,-4.469990348326826,0.0,-22.80291521727227,25.781330255187548,105.4863510454239,52.367557681002395,157.8539087264263
2.609999999999934,9.81,3.93,1,1,0.01,0.01,-6.413234800423112,7.715250382015354,-3.725398853384333,-1.4313460691228017,26.587583154647206,-54.152590700251274,0.0,0.8344123886593171,0.7428884318245934,0.0,-5.063344927852238,-4.488471735032924,0.0,-23.145897679183147,26.11037130962778,105.86608037847192,51.98750887045463,157.85358924892654
2.611999999999934,9.81,3.93,1,1,0.01,0.01,-6.420632042062562,7.712279188034956,-3.671652183537601,-1.5399468495511859,27.159401718450887,-54.44941030172048,0.0,0.8242760548021375,0.7338931385562453,0.0,-5.0730178294112065,-4.506789449762198,0.0,-23.487573353334685,26.438527852096033,106.24700602907423,51.60626546078657,157.8532714898608
2.6139999999999337,9.81,3.93,1,1,0.01,0.01,-6.427920645406946,7.709090193840652,-3.616759913905134,-1.6491488368850125,27.73315365341188,-54.75389167865367,0.0,0.8141202071923606,0.7248613773589565,0.0,-5.082858313018373,-4.5249386282283846,0.0,-23.827907703354423,26.765861087324485,106.62913981858637,51.223815177633156,157.85295499621952
2.6159999999999335,9.81,3.93,1,1,0.01,0.01,-6.435098315501662,7.705682181309312,-3.560718343012825,-1.7589679372906342,28.30867827702482,-55.06662537378504,0.0,0.8039445116959488,0.715793490187384,0.0,-5.092865328370569,-4.542914382627432,0.0,-24.166873072203977,27.09243881751882,107.01249343006286,50.84014586918678,157.85263929924963
2.6179999999999333,9.81,3.93,1,1,0.01,0.01,-6.442162750291924,7.702053899292352,-3.503524062673659,-1.8694212862663853,28.885843339837013,-55.388250552770785,0.0,0.7937486363863792,0.7066898287959817,0.0,-5.1030377206482465,-4.560711800603109,0.0,-24.504448993963162,27.41833577893669,107.39707837878622,50.45524553502359,157.8523239138098
2.619999999999933,9.81,3.93,1,1,0.01,0.01,-6.449111641151041,7.698204061058291,-3.445173898970669,-1.9805273481982872,29.46454718671055,-55.71945734641667,0.0,0.7835322517411804,0.6975507547899145,0.0,-5.113374243149277,-4.578325943218259,0.0,-24.840622500296135,27.743633994639197,107.78290598215939,50.069102355538845,157.85200833769824
2.621999999999933,9.81,3.93,1,1,0.01,0.01,-6.455942673286293,7.694131341531387,-3.3856648488533176,-2.0923060208004385,30.044720983140827,-56.060989396911836,0.0,0.7732950308123958,0.6883766396811006,0.0,-5.1238735707208605,-4.595751841842416,0.0,-25.175388421563454,28.068423144920555,108.16998732895985,49.68170472198797,157.8516920509478
2.6239999999999326,9.81,3.93,1,1,0.01,0.01,-6.462653526013505,7.689834374316144,-3.324994012210767,-2.2047787448714744,30.62633101330614,-56.41364663189019,0.0,0.7630366493693878,0.6791678649516186,0.0,-5.134534313980326,-4.612984493862592,0.0,-25.508749682671095,28.392800957095712,108.55833324795091,49.29304126713604,157.85137451508695
2.6259999999999324,9.81,3.93,1,1,0.01,0.01,-6.4692418728911205,7.685311748496605,-3.2631585192706085,-2.3179686198488763,31.20938105809561,-56.778288292935,0.0,0.7527567860124316,0.6699248221269765,0.0,-5.145355034315426,-4.6300188571195475,0.0,-25.84071759388349,28.716873616521124,108.9479542758298,48.903100896529125,157.85105517235894
2.627999999999932,9.81,3.93,1,1,0.01,0.01,-6.475705381704249,7.680562005198284,-3.2001554531533993,-2.4319005256992083,31.793914863124325,-57.155836248280245,0.0,0.7424551222555043,0.6606479128618309,0.0,-5.1563342596561155,-4.646849842966283,0.0,-26.17131213696872,29.040756200949804,109.3388606244917,48.51187282040556,157.85073344489726
2.629999999999932,9.81,3.93,1,1,0.01,0.01,-6.482041714288834,7.675583633899491,-3.1359817673914057,-2.5466012517453125,32.380018708704895,-57.54727862296807,0.0,0.7321313425767986,0.6513375490410844,0.0,-5.167470501010475,-4.663472307839766,0.0,-26.500562247197085,29.36457314056983,109.73106214757073,48.11934658627977,157.8504087338505
2.6319999999999317,9.81,3.93,1,1,0.01,0.01,-6.488248526185632,7.670375068477513,-3.070634198193871,-2.6620996331018887,32.96782409593978,-57.95367378368179,0.0,0.721785134435369,0.6419941528993962,0.0,-5.178762269760363,-4.679881043229123,0.0,-26.82850609186815,29.688458706363857,110.1245683062122,47.72551211223827,157.85008041845046
2.6339999999999315,9.81,3.93,1,1,0.01,0.01,-6.494323466113273,7.6649346829736995,-3.0041091712103882,-2.778426695469689,33.55751056554658,-58.37615471993135,0.0,0.7114161882524488,0.6326181571624695,0.0,-5.190208095714795,-4.696070763915552,0.0,-27.155191346207992,30.012557529745855,110.5193881340161,47.330359721002104,157.8497478550182
2.6359999999999313,9.81,3.93,1,1,0.01,0.01,-6.500264175249106,7.6592607870599,-2.9364027025080413,-2.8956158091268525,34.14930866876659,-58.81593386831242,0.0,0.7010241973558906,0.6232100052136977,0.0,-5.201806545923071,-4.712036094348841,0.0,-27.480675467645725,30.337025156795047,110.9155302010767,46.93388017482245,157.84941037589914
2.637999999999931,9.81,3.93,1,1,0.01,0.01,-6.5060682863059505,7.653351621186963,-2.8675102934362853,-3.0137028530549475,34.74350311277688,-59.27430843228545,0.0,0.6906088578862034,0.6137701512900213,0.0,-5.213556244254519,-4.727771553013815,0.0,-27.80502596965445,30.662028640817333,111.31300257703072,46.536064711289846,157.84906728832055
2.639999999999931,9.81,3.93,1,1,0.01,0.01,-6.511733422392151,7.647205351393976,-2.797426819005298,-3.132726390248543,35.34043610646795,-59.75266625642087,0.0,0.6801698686626719,0.6042990607112106,0.0,-5.225455891757064,-4.743271534626343,0.0,-28.12832069652288,30.987747177424964,111.71181279300536,46.13690508015644,157.8487178731618
2.6419999999999306,9.81,3.93,1,1,0.01,0.01,-6.517257195641555,7.640820063754735,-2.726146409348035,-3.2527278553822656,35.9405109363218,-60.252492321468445,0.0,0.6697069310079429,0.5947972101470467,0.0,-5.23750428781408,-4.7585302899820645,0.0,-28.450648100607065,31.314372786850676,112.11196780234269,45.73639358128487,157.84836138362755
2.6439999999999304,9.81,3.93,1,1,0.01,0.01,-6.522637205599092,7.634193758435448,-2.653662323772456,-3.3737517561502965,36.544195806498735,-60.77537593507789,0.0,0.6592197485294841,0.5852650879273196,0.0,-5.249700352126539,-4.773541903262334,0.0,-28.77210752380309,31.642111048801016,112.51347393995214,45.334523103860846,157.847997043813
2.64599999999993,9.81,3.93,1,1,0.01,0.01,-6.527871037346577,7.627324343334858,-2.579966816837345,-3.4958458897523803,37.152027982180435,-61.32301870268593,0.0,0.648708026856216,0.5757031943999251,0.0,-5.262043147557025,-4.7883002665794345,0.0,-29.092809485173515,31.97118189582518,112.91633688012314,44.93128716702577,157.8476240471489
2.64799999999993,9.81,3.93,1,1,0.01,0.01,-6.53295625935216,7.620209627274904,-2.5050509958015548,-3.619061576180313,37.764618280828564,-61.897243374212565,0.0,0.6381714733285596,0.5661120423428236,0.0,-5.274531903882579,-4.802799051517153,0.0,-29.41287597685729,32.3018204719326,113.32056159260199,44.52667996211155,157.84724155471355
2.6499999999999297,9.81,3.93,1,1,0.01,0.01,-6.537890421025436,7.612847312706463,-2.4289046687009486,-3.743453910162654,38.38265596240178,-62.500003675000684,0.0,0.6276097966400085,0.5564921574361394,0.0,-5.2871660425157305,-4.817031677392292,0.0,-29.73244077059165,32.63427806405523,113.72615229670897,44.1206963966863,157.84684869339526
2.6519999999999295,9.81,3.93,1,1,0.01,0.01,-6.542671049958627,7.6052349878908325,-2.351516182198102,-3.869082033856662,39.00691407686589,-63.13339524418693,0.0,0.6170227064282334,0.5468440788012623,0.0,-5.299945202266789,-4.830991275927084,0.0,-30.051649737375158,32.96882311492865,114.13311241323991,43.7133321406502,157.8464445538901
2.6539999999999293,9.81,3.93,1,1,0.01,0.01,-6.5472956488324385,7.597370118513146,-2.272872248224996,-3.9960094326394686,39.63825533568241,-63.79966782073041,0.0,0.6064099128135477,0.5371683596144712,0.0,-5.312869266236375,-4.844670651980749,0.0,-30.370661183001992,33.30574232708245,114.54144451386031,43.30458367465447,157.84602818851477
2.655999999999929,9.81,3.93,1,1,0.01,0.01,-6.551761691963068,7.5892500386789195,-2.1929577582961914,-4.124304256650177,40.27763858356306,-64.50123883706614,0.0,0.5957711258823561,0.5274655678033473,0.0,-5.32593838994517,-4.858062239939632,0.0,-30.689646202396982,33.64534186890372,114.951150267661,42.89444834115413,157.84559860881512
2.657999999999929,9.81,3.93,1,1,0.01,0.01,-6.556066621464454,7.580871941239305,-2.111755584206602,-4.254039671076863,40.92612595784605,-65.24070860325695,0.0,0.5851060551130095,0.5177362868351156,0.0,-5.339153030827996,-4.871158055308351,0.0,-31.008789055877536,33.98794869519263,115.36223038449603,42.48292439844917,157.8451547829452
2.6599999999999286,9.81,3.93,1,1,0.01,0.01,-6.5602078429970945,7.572232867384238,-2.0292463636407816,-4.38529423857414,41.58489083565411,-66.02087729116616,0.0,0.5744144087411671,0.5079811166070108,0.0,-5.352513979242745,-4.883949640977431,0.0,-31.328287570657167,34.333911996299825,115.77468455467569,42.07001107811577,157.84469563279146
2.6619999999999284,9.81,3.93,1,1,0.01,0.01,-6.564182721071613,7.563329695435457,-1.9454082690058445,-4.518152337646271,42.255226683855106,-66.84476395924986,0.0,0.5636958930614913,0.49820067444991323,0.0,-5.366022391170557,-4.896428007564727,0.0,-31.64835357108537,34.68360479185128,116.18851138452717,41.65570864628533,157.8442200308125
2.663999999999928,9.81,3.93,1,1,0.01,0.01,-6.567988573871616,7.554159128763227,-1.860216757553241,-4.652704621347359,42.93855694414004,-67.71562789488478,0.0,0.5529502116620606,0.4883955962577722,0.0,-5.3796798228137614,-4.908583567135704,0.0,-31.9692133412783,35.03742568727641,116.60370832726866,41.2400184692912,157.84372679655985
2.665999999999928,9.81,3.93,1,1,0.01,0.01,-6.571622667556268,7.544717682741264,-1.7736443005703302,-4.789048521245379,43.63644610572921,-68.63699259369398,0.0,0.5421770645874949,0.47856653775684443,0.0,-5.393488267331751,-4.92040605949984,0.0,-32.29110812393389,35.39580081390315,117.0202716085683,40.82294308427433,157.84321469284262
2.6679999999999278,9.81,3.93,1,1,0.01,0.01,-6.575082209998221,7.535001670643842,-1.6856600890946523,-4.92728880228432,44.35061214186797,-69.6126727453009,0.0,0.5313761474262317,0.4687141759305016,0.0,-5.407450193993853,-4.931884470152948,0.0,-32.614294659225465,35.759185976335765,117.438196146071,40.404486275421704,157.8426824214927
2.6699999999999275,9.81,3.93,1,1,0.01,0.01,-6.578364343907096,7.5250071883769944,-1.5962297132244632,-5.067538174974787,45.0829405140525,-70.64680465376051,0.0,0.5205471503168002,0.45883921061735433,0.0,-5.421568590072415,-4.9430069387851,0.0,-32.939045767720074,36.12806903425486,117.85747546207652,39.98465315660498,157.8421286186815
2.6719999999999273,9.81,3.93,1,1,0.01,0.01,-6.581466139282416,7.514730097921956,-1.5053148116594053,-5.209917972267327,45.83549998065577,-71.74388059034085,0.0,0.509689756867266,0.4489423663027994,0.0,-5.43584700585008,-4.953760657096328,0.0,-33.26565098125069,36.502972549763435,118.27810158843592,39.56345026129672,157.84155184973264
2.673999999999927,9.81,3.93,1,1,0.01,0.01,-6.58438458513266,7.504166009353256,-1.412872687594281,-5.354558899537888,46.61056048528996,-72.9087876584632,0.0,0.4988036429811642,0.43902439412678074,0.0,-5.450289603173676,-4.9641317544516355,0.0,-33.594417225557116,36.88445673605187,118.7000649625998,39.140885640766854,157.84095060336665
2.675999999999927,9.81,3.93,1,1,0.01,0.01,-6.587116580388799,7.49331026127577,-1.318855886493728,-5.501601867369051,47.41061344606747,-74.1468518480576,0.0,0.487888475582365,0.429086074133761,0.0,-5.464901208054337,-4.974105169656777,0.0,-33.92566955826762,37.27312274859318,119.12335431359554,38.716968971709335,157.84032328530486
2.6779999999999267,9.81,3.93,1,1,0.01,0.01,-6.589658923931011,7.482157899504264,-1.2232117305804284,-5.651198918277621,48.23839482137733,-75.46388807248907,0.0,0.47694391123019914,0.41912821779462606,0.0,-5.4796873678913425,-4.983664506838054,0.0,-34.25975196537163,37.669616366460986,119.54795653652684,38.29171167462121,157.83966821114805
2.6799999999999264,9.81,3.93,1,1,0.01,0.01,-6.5920083036361765,7.470703653784964,-1.1258818040552818,-5.803514260259572,49.09691139270537,-76.86625711945692,0.0,0.46596959461494936,0.4091516708345968,0.0,-5.494654413987603,-4.992791873052694,0.0,-34.597028218671376,38.07463211887223,119.97385655397892,37.865127044455264,157.8389835984342
2.681999999999926,9.81,3.93,1,1,0.01,0.01,-6.59416128434086,7.458941912330998,-1.0268013821117048,-5.958725422046412,49.98947078261906,-78.36093061260411,0.0,0.4549651569223518,0.3991573164064173,0.0,-5.509809530129761,-5.001467694828751,0.0,-34.93788279571449,38.488917920917515,120.40103716245613,37.437230395305185,157.83826755776133
2.683999999999926,9.81,3.93,1,1,0.01,0.01,-6.596114294599493,7.446866693911437,-0.9258987956798358,-6.117024547352639,50.91971581906443,-79.95556527887867,0.0,0.4439302140541294,0.3891460786541595,0.0,-5.525160828128781,-5.009670510318792,0.0,-35.282721862287104,38.91328029293216,120.82947886168975,37.008039221159464,157.83751808284921
2.685999999999926,9.81,3.93,1,1,0.01,0.01,-6.597863612100075,7.434471617196362,-0.823094722505803,-6.278619848215,51.89166396898763,-81.65858805521977,0.0,0.4328643646895855,0.3791189267202355,0.0,-5.5407174313607115,-5.017376733129545,0.0,-35.63197431553494,39.34859025041526,121.25915966429488,36.57757337509024,157.83673303938514
2.6879999999999256,9.81,3.93,1,1,0.01,0.01,-6.599405347579369,7.421749867016937,-0.7183013935946221,-6.44373724086994,52.90975269919896,-83.47929385587796,0.0,0.42176718817109304,0.36907687925680044,0.0,-5.556489567516365,-5.024560383135986,0.0,-35.986092882981445,39.79578996623825,121.6900548828454,36.145855269635035,157.83591015248044
2.6899999999999253,9.81,3.93,1,1,0.01,0.01,-6.600735427055822,7.408694157148705,-0.6114217021715975,-6.612622191594914,53.97889178558517,-85.42795816981169,0.0,0.41063824219367534,0.35902100951300053,0.0,-5.572488671967937,-5.031192778670402,0.0,-36.34555526884883,40.25590032460828,122.1221368909342,35.71291010159649,157.8350469925307
2.691999999999925,9.81,3.93,1,1,0.01,0.01,-6.601849572170567,7.395296689166876,-0.5023482000834892,-6.785541804686599,55.10452378975142,-87.51596708003227,0.0,0.3994770602758461,0.3489524510818305,0.0,-5.588727503395974,-5.037242183355286,0.0,-36.710865333798594,40.73002950749633,122.555374854192,35.278766105045236,157.83414095923723
2.693999999999925,9.81,3.93,1,1,0.01,0.01,-6.602743278394128,7.381549106852508,-0.3909619638897845,-6.9627871904294505,56.29269416306918,-89.75596781088184,0.0,0.38828314898528604,0.33887240440512656,0.0,-5.6052202735996195,-5.042673399471644,0.0,-37.08255428699083,41.21938277979256,122.98973442652098,34.843454836983156,157.83318926350415
2.6959999999999247,9.81,3.93,1,1,0.01,0.01,-6.603411790817843,7.367442445546184,-0.2771313096905657,-7.144676157726046,57.55013273207964,-92.16204353674453,0.0,0.3770559848888014,0.3287821441531136,0.0,-5.621982793744747,-5.0474472980566425,0.0,-37.46118185954882,41.72527367027952,123.4251774059344,34.40701150093883,157.83218890687323
2.6979999999999245,9.81,3.93,1,1,0.01,0.01,-6.603850077203366,7.352967075748475,-0.16071033188232187,-7.331556284269043,58.88434867897569,-94.7499169538475,0.0,0.3657950111910854,0.3186830276165207,0.0,-5.639032639700658,-5.051520273820749,0.0,-37.8473374151808,42.249136782845206,123.86166134334393,33.96947531475064,157.83113665809458
2.6999999999999242,9.81,3.93,1,1,0.01,0.01,-6.604052797909497,7.33811264015112,-0.041537236379679834,-7.5238084270474594,60.30374157241137,-97.53718805975143,0.0,0.35449963402105744,0.3085765042756463,0.0,-5.656389339588854,-5.054843610356406,0.0,-38.241640935604714,42.79254251770762,124.29913909635829,33.53088992999547,157.83002902635377
2.701999999999924,9.81,3.93,1,1,0.01,0.01,-6.604014272251215,7.322867983145688,0.08056756679326788,-7.72185074798817,61.81773154715672,-100.54361274572042,0.0,0.34316921831773134,0.29846412674294154,0.0,-5.674074587234233,-5.057362737834124,0.0,-38.64474379380795,43.35721403771205,124.73755831859204,33.091303911989996,157.82886223058205
2.703999999999924,9.81,3.93,1,1,0.01,0.01,-6.60372844076896,7.307221071692696,0.20580365348115834,-7.926143344123834,63.436912401196956,-103.79143023916436,0.0,0.3318030832595497,0.28834756331525246,0.0,-5.692112485889163,-5.059016361262123,0.0,-39.057329194672164,43.94504688239686,125.17686087306087,32.65077129109917,157.82763216416004
2.7059999999999236,9.81,3.93,1,1,0.01,0.01,-6.603188822794294,7.29115890623827,0.33439310821922885,-8.137193589458523,65.17323220711835,-107.3057492041043,0.0,0.32040049717156616,0.2782286124207183,0.0,-5.710529827418961,-5.059735432175257,0.0,-39.48011211677609,44.55813171554885,125.61698215585997,32.209352198321554,157.82633435418154
2.7079999999999234,9.81,3.93,1,1,0.01,0.01,-6.602388468587664,7.274667420130023,0.46658344035416544,-8.355562317430268,67.04020706009774,-111.11500450114605,0.0,0.3089606718335104,0.26810921930592835,0.0,-5.72935641312237,-5.059441929992715,0.0,-39.913838526628076,45.198780794228135,126.0578503133719,31.76711360089646,157.82496391426835
2.709999999999923,9.81,3.93,1,1,0.01,0.01,-6.601319905191053,7.257731365700379,0.6026509663875338,-8.581870999491601,69.05317485591767,-115.25149932904392,0.0,0.29748275609826563,0.25799149538460486,0.0,-5.748625423547486,-5.058047410806497,0.0,-40.35928355065556,45.86955887360232,126.499385332559,31.324130157147543,157.82351548970655
2.711999999999923,9.81,3.93,1,1,0.01,0.01,-6.599975074977665,7.240334184842891,0.7429047467692573,-8.816810108022276,71.22959756845115,-119.7520508456528,0.0,0.2859658287141958,0.24787774076400204,0.0,-5.768373846093519,-5.055451270449967,0.0,-40.817248171776534,46.5733194185507,126.9414979792657,30.88048521413558,157.82198319340128
2.7139999999999227,9.81,3.93,1,1,0.01,0.01,-6.598345265686174,7.222457861491917,0.8876911841869897,-9.061148892012795,73.58942244849597,-124.65876155182426,0.0,0.2744088902254647,0.23777047058506018,0.0,-5.788642970909633,-5.051538654557745,0.0,-41.28855385317148,47.313247187674826,127.38408855359955,30.436271977203905,157.82036053080347
2.7159999999999225,9.81,3.93,1,1,0.01,0.01,-6.59642103049062,7.204082752911256,1.037399413564392,-9.3157468435104,76.15551497849535,-130.0199439001094,0.0,0.2628108538014722,0.2276724459645444,0.0,-5.809478967666935,-5.046177929889073,0.0,-41.77403426313757,48.092908497903565,127.8270454240268,29.991594887506622,157.81864031153344
2.7179999999999223,9.81,3.93,1,1,0.01,0.01,-6.5941920963690555,7.1851873960824575,1.1924676425097411,-9.581567193887446,78.95417938441827,-135.89123196694538,0.0,0.25117053481892976,0.2175867105220438,0.0,-5.830933558244734,-5.039217606971698,0.0,-42.274522954439995,48.9163107806263,128.27024329229766,29.546571252584453,157.8168145448821
2.719999999999922,9.81,3.93,1,1,0.01,0.01,-6.591647258682685,7.165748284732792,1.353390636050078,-9.859692854185829,82.01578612298171,-142.33692181631162,0.0,0.23948663898722278,0.20751663372516982,0.0,-5.853064803289945,-5.03048257209352,0.0,-42.790835399757135,49.787973418514355,128.7135411290735,29.101333186617605,157.8148743156911
2.721999999999922,9.81,3.93,1,1,0.01,0.01,-6.588774259447984,7.145739611625153,1.52072858252947,-10.151345306127197,85.37553010948024,-149.43159156944367,0.0,0.2277577487683683,0.19746596261100224,0.0,-5.875938024014927,-5.019769443987993,0.0,-43.32374314347622,50.71301232455902,129.1567797042489,28.65602993199996,157.81280963624886
2.7239999999999216,9.81,3.93,1,1,0.01,0.01,-6.585559646259724,7.12513296960992,1.6951176300401616,-10.45790706315142,89.07434855332714,-157.2620632540233,0.0,0.21598230779636268,0.18743888386585628,0.0,-5.899626884487195,-5.0068408132485756,0.0,-43.87393691310153,51.697241313507334,129.5997786152413,28.2108306535159,157.8106092687572
2.7259999999999214,9.81,3.93,1,1,0.01,0.01,-6.581988608182657,7.103897003567831,1.877282446121552,-10.780948457261259,93.16003301514324,-165.9297810390747,0.0,0.20415860294594412,0.1774400988033229,0.0,-5.924214663937558,-4.991418044948524,0.0,-44.4419742122291,52.74729404580209,130.0423326892855,27.76592782227618,157.80826051156168
2.727999999999921,9.81,3.93,1,1,0.01,0.01,-6.578044784150951,7.0819970037034565,2.0680512286579,-11.122259669795104,97.68857629196962,-175.55369367628765,0.0,0.19228474363737597,0.16747491452049068,0.0,-5.9497957529951755,-4.973172219142377,0.0,-45.02820499754264,53.87077122086396,130.48420759970696,27.321541340943824,157.8057489406508
2.729999999999921,9.81,3.93,1,1,0.01,0.01,-6.5737100384736955,7.059394428628684,2.2683736825658105,-11.483889112144048,102.72579999055873,-186.2737408588285,0.0,0.18035863789201978,0.15754935550155702,0.0,-5.976477411633013,-4.95171263843916,0.0,-45.632666229783794,55.07641878040341,130.92513448804974,26.87792360781313,157.80305809586287
2.7319999999999207,9.81,3.93,1,1,0.01,0.01,-6.568964196921672,7.036046344258775,2.4793425716203905,-11.868189469345852,108.3493110230842,-198.2550493703054,0.0,0.16837796457548204,0.14767030127181324,0.0,-6.004381828726597,-4.926572130184139,0.0,-46.25493193090513,56.37434415570643,131.36480331931915,26.43536577946959,157.80016909878873
2.7339999999999205,9.81,3.93,1,1,0.01,0.01,-6.5637847355570536,7.011904761708402,2.702219547980761,-12.277872925925863,114.65083037990505,-211.69293626481465,0.0,0.1563401411867616,0.1378456575183168,0.0,-6.033648521077431,-4.897188089128981,0.0,-46.89389917689504,57.77627901291231,131.8028546101948,25.994205576422715,157.7970601866175
2.7359999999999203,9.81,3.93,1,1,0.01,0.01,-6.558146412986248,6.986915854162244,2.9384660314070934,-12.716077253662661,121.7389167299323,-226.81877485509676,0.0,0.1442422864854519,0.12808457057942035,0.0,-6.064437098981353,-4.862877810263957,0.0,-47.54748111693443,59.29589837524642,132.23886905103558,25.55483709238201,157.79370614341758
2.73799999999992,9.81,3.93,1,1,0.01,0.01,-6.552020835155548,6.96101902928191,3.189779908880524,-13.18644445801156,129.74205377043518,-243.9066697248646,0.0,0.13208117722033963,0.11839769864075134,0.0,-6.096930397468004,-4.82280610075569,0.0,-48.21216392203189,60.94920708047702,132.67235437951723,25.117723228857795,157.79007760837501
2.73999999999992,9.81,3.93,1,1,0.01,0.01,-6.5453759403950045,6.9341458305589505,3.4581386585221114,-13.6932133565436,138.81195112470252,-263.28064100303266,0.0,0.11985319828039093,0.1087975577583018,0.0,-6.131337911563201,-4.775942362952025,0.0,-48.88236283063374,62.755004489836054,133.10272863959148,24.68341160141729,157.78614024100875
2.7419999999999196,9.81,3.93,1,1,0.01,0.01,-6.538175391645242,6.906218639160131,3.745848982178055,-14.241326408445978,149.12666104214998,-285.3215039258903,0.0,0.10755428582590365,0.09929896753051659,0.0,-6.167899351481568,-4.721003206183549,0.0,-49.54947891819702,64.73543557130024,133.52929865058016,24.2525550794034,157.78185372998357
2.7439999999999194,9.81,3.93,1,1,0.01,0.01,-6.53037786370481,6.877149149376176,4.055601793915358,-14.836548565838799,160.8926161866601,-310.47159343794357,0.0,0.09517986354644511,0.08991963066931385,0.0,-6.2068878963061795,-4.656375037026142,0.0,-50.20050620176611,66.91662760291446,133.95123208627263,23.825938565946146,157.77717065221879
2.745999999999919,9.81,3.93,1,1,0.01,0.01,-6.521936217976106,6.846836600083906,4.390528750731821,-15.485590395845948,174.34371519942994,-339.23343757503875,0.0,0.08272477345527993,0.08068089399326972,0.0,-6.248612274136484,-4.580008826724857,0.0,-50.81595793516371,69.32939007078964,134.36752098356467,23.40451425355926,157.77203523712393
2.747999999999919,9.81,3.93,1,1,0.01,0.01,-6.512796569625345,6.81516577015288,4.754251067589519,-16.196216374818142,189.73367941692013,-372.1544961321312,0.0,0.07018320516293336,0.07160875694997859,0.0,-6.293415951516673,-4.489276195253451,0.0,-51.366756310498026,72.00990749554606,134.7769337209507,22.98944847384888,157.76638219479958
2.7499999999999187,9.81,3.93,1,1,0.01,0.01,-6.502897280192361,6.7820048039938365,5.150900534271807,-16.97729662708126,207.31424264370798,-409.78239863333016,0.0,0.05754863247675204,0.06273521936349313,0.0,-6.341670142688791,-4.380772055222323,0.0,-51.80954096557631,75.00025449991891,135.17795149551148,22.582184482072115,157.7601359775836
2.7519999999999185,9.81,3.93,1,1,0.01,0.01,-6.492167967632794,6.747203056235764,5.585071557694139,-17.83871618873994,227.28479826431916,-452.5605399404019,0.0,0.044813775465273514,0.05410009400931448,0.0,-6.393754450587223,-4.250044825973643,0.0,-52.07957801571514,78.34835804264719,135.56868409661342,22.18452714850602,157.75321124511945
2.7539999999999183,9.81,3.93,1,1,0.01,0.01,-6.480528744149467,6.710589391927514,6.061622770517907,-18.790971343061017,249.68634283854826,-500.6069980188993,0.0,0.03197062343945503,0.04575345079243198,0.0,-6.450013688264312,-4.091232741590819,0.0,-52.08009372843386,82.10662620574111,135.9467584696433,21.79875753444971,157.74551600409302
2.755999999999918,9.81,3.93,1,1,0.01,0.01,-6.4678901223448495,6.671971860870813,6.585172069206765,-19.84412563957444,274.1902933888338,-553.2728489237589,0.0,0.0190105859360995,0.03775889880896066,0.0,-6.510670158717931,-3.896590343481384,0.0,-51.666511755745056,86.3276830873216,136.30917261466033,21.427787317381622,157.73695993204194
2.757999999999918,9.81,3.93,1,1,0.01,0.01,-6.4541544621990985,6.631140571291255,7.158997881169058,-21.005522403652556,299.69866906718704,-608.3040257184828,0.0,0.0059248947732153945,0.03019791956842066,0.0,-6.575655358693895,-3.655919542589213,0.0,-50.62414455649087,91.05422686529495,136.65210770512098,21.075363589744367,157.72747129486535
2.7599999999999176,9.81,3.93,1,1,0.01,0.01,-6.439220598675062,6.587877200899283,7.782854729911801,-22.27521898456789,323.63664865202196,-660.3556201164189,0.0,-0.007294526593386419,0.02317535394306025,0.0,-6.644303306009616,-3.3560142195966267,0.0,-48.63962838565124,96.29769796526834,136.97069445372944,20.7463297398684,157.71702419359784
2.7619999999999174,9.81,3.93,1,1,0.01,0.01,-6.422994515513991,6.54197716411664,8.448977601837163,-23.637613837696325,340.8435768876774,-698.6588454316045,0.0,-0.020653374662513393,0.01682571308285863,0.0,-6.714828767197982,-2.9804669285472674,0.0,-45.27298060408539,101.99754596347225,137.25873727004563,20.446928377945838,157.70566564799145
2.763999999999917,9.81,3.93,1,1,0.01,0.01,-6.405410449379335,6.49329366017211,9.135578821691638,-25.047792198168075,342.25897412265556,-704.2493646935571,0.0,-0.03415197209128813,0.011318821125934408,0.0,-6.783539907139941,-2.510688277826656,0.0,-39.95480176487719,107.95246651986905,137.50841340123745,20.185078247087876,157.69349164832533
2.765999999999917,9.81,3.93,1,1,0.01,0.01,-6.386467312405859,6.441813917504398,9.798355398166045,-26.41365772203211,314.57662918257967,-649.2169077783113,0.0,-0.04778054809253454,0.006860845437498209,0.0,-6.843924032899802,-1.9297472886212883,0.0,-32.06719358428104,113.7275528941973,137.71000273923536,19.97044171310264,157.680444452338
2.7679999999999167,9.81,3.93,1,1,0.01,0.01,-6.366280824625392,6.387768551395588,10.364572440513621,-27.58341644856193,243.79945043958736,-504.13894553483993,0.0,-0.0615131464462335,0.00368312563755846,0.0,-6.886276897358915,-1.2308979323072669,0.0,-21.19701632480783,118.58702495084381,137.85189454439296,19.813925385344607,157.66581992973758
2.7699999999999165,9.81,3.93,1,1,0.01,0.01,-6.345136001520279,6.331741909185878,10.74088941698909,-28.36186545673337,125.58381647979034,-259.7846536902449,0.0,-0.07530259922980564,0.002009619076012159,0.0,-6.899279887327577,-0.4299984623601062,0.0,-7.5774865182613365,121.57997041430023,137.92180113661584,19.7261736866343,157.64797482325014
2.7719999999999163,9.81,3.93,1,1,0.01,0.01,-6.323500143726133,6.274699780461801,10.845577425803809,-28.57789660418169,-22.779758906463286,47.710560136533914,0.0,-0.08908154590470735,0.0020024717418571925,0.0,-6.874515185527944,0.42647373676673966,0.0,7.562302511380009,121.90003503186979,137.9108451605196,19.715013621071062,157.62585878159067
2.773999999999916,9.81,3.93,1,1,0.01,0.01,-6.301954398619112,6.217846363213623,10.652739609887623,-28.1772645696274,-165.32479261139792,343.0193998633139,0.0,-0.10277337405049874,0.003707508834474682,0.0,-6.811694305901783,1.270711040720001,0.0,22.26704456003909,119.36332948908495,137.81924037321102,19.78285927051742,157.60209964372842
2.775999999999916,9.81,3.93,1,1,0.01,0.01,-6.2810578475292065,6.162339649024418,10.209028183944854,-27.257670626821252,-269.95244782801433,558.9316242496049,0.0,-0.11630958224708825,0.007035669837756164,0.0,-6.719566022204571,2.0395795932513052,0.0,34.76865660103343,114.54825509485097,137.65612160990233,19.925779594499325,157.58190120440165
2.7779999999999156,9.81,3.93,1,1,0.01,0.01,-6.2612255338980125,6.109036062539594,9.604485127147663,-26.007571990256626,-326.5703429316724,674.4114966747693,0.0,-0.12964368187829517,0.011795043194427257,0.0,-6.611225053411016,2.696688539759173,0.0,44.22944469855991,108.43329089672699,137.43240108558487,20.13495237629537,157.56735346188023
2.7799999999999154,9.81,3.93,1,1,0.01,0.01,-6.242686850624622,6.058403693838916,8.928481749486915,-24.613772070284014,-343.85909059373813,707.7732003222329,0.0,-0.14275474992983467,0.017749929470534,0.0,-6.498436302046123,3.2351153502098122,0.0,50.738688110393646,101.9197453696339,137.15700458147373,20.399421600887205,157.55642618236092
2.781999999999915,9.81,3.93,1,1,0.01,0.01,-6.225515790518741,6.010586158431232,8.245097082475318,-23.20987321912628,-336.39358313205196,689.6307153318878,0.0,-0.1556420601297667,0.024671416745028485,0.0,-6.3889652371770485,3.6665685783268263,0.0,54.864455412655914,95.60085701385289,136.8381945584792,20.708486619390754,157.54668117786994
2.783999999999915,9.81,3.93,1,1,0.01,0.01,-6.209686473748468,5.965519238663564,7.590925444291187,-21.871804991283696,-316.3422194943252,645.4919802707819,0.0,-0.1683168273793161,0.03236317268483113,0.0,-6.286775991838295,4.009616444294119,0.0,57.25644458079406,89.77378414356676,136.48420739071727,21.05293830437425,157.5371456950915
2.7859999999999148,9.81,3.93,1,1,0.01,0.01,-6.195121198846622,5.923031618561149,6.98265473668981,-20.633810523948377,-291.4774025140128,591.6119239424706,0.0,-0.18079552950699515,0.04066720112411082,0.0,-6.1932849712701215,4.282694576792982,0.0,58.460028776182874,84.5401443291046,136.10247998425487,21.425350043051715,157.52783002730658
2.7879999999999145,9.81,3.93,1,1,0.01,0.01,-6.181721844630963,5.882910566912161,6.4251913826121285,-19.505528961701394,-266.04122829557605,536.8309436722434,0.0,-0.19309588603166042,0.049459952966393606,0.0,-6.108511975145497,4.5013841863385595,0.0,58.87663620799069,79.89734322706978,135.69907668503535,21.819907479793557,157.5189841648289
2.7899999999999143,9.81,3.93,1,1,0.01,0.01,-6.169387284590665,5.8449382391147395,5.9173712295768475,-18.483979365541884,-242.06357378069535,485.35223491523715,0.0,-0.20523485776392336,0.05864571008221742,0.0,-6.031829232054367,4.677956014837572,0.0,58.783683275022355,75.79659535520808,135.27868148332482,22.232103841850993,157.51078532517582
2.791999999999914,9.81,3.93,1,1,0.01,0.01,-6.158021834643517,5.8089091804346555,5.455323819115369,-17.5606056072537,-220.3507460799581,438.8204475975548,0.0,-0.21722782578277006,0.06815023311084256,0.0,-5.962375081544806,4.8217794428618515,0.0,58.36716178168606,72.17395882816824,134.84485211215448,22.658444025323778,157.50329613747826
2.793999999999914,9.81,3.93,1,1,0.01,0.01,-6.147538675299291,5.774637318128679,5.0342622964233685,-16.725013691201926,-201.08708320661842,397.58440401115985,0.0,-0.22908837190568637,0.07791556078144246,0.0,-5.899258784980594,4.939930410993315,0.0,57.750072241642975,68.96506482087715,134.40030086340028,23.096200977951504,157.49650184135177
2.7959999999999137,9.81,3.93,1,1,0.01,0.01,-6.137860696053403,5.741957581051775,4.649361188029783,-15.966796132282926,-184.1666716227302,361.39201425831664,0.0,-0.24082833627379455,0.0878960158528811,0.0,-5.841651023675196,5.037750604041966,0.0,57.01330698667824,66.11122091963382,133.9471214185486,23.54322797497665,157.49034939352524
2.7979999999999134,9.81,3.93,1,1,0.01,0.01,-6.128920126412794,5.71072500557898,4.296145144570988,-15.276332923611058,-169.36570850488704,329.7504394485687,0.0,-0.252457985937218,0.09805521939512674,0.0,-5.788816489342981,5.119293719062437,0.0,56.20994291420193,63.56131573289617,133.48695441404664,23.997817970017646,157.48477238406429
2.7999999999999132,9.81,3.93,1,1,0.01,0.01,-6.120657667099786,5.680812819231634,3.970629093926005,-14.645073843189524,-156.4277177745979,302.10348371443723,0.0,-0.2639862143742866,0.10836387993017715,0.0,-5.740119037079256,5.187661377794899,0.0,55.37472837938849,61.27183510939402,133.02110471568602,24.458599279658195,157.4797039953442
2.801999999999913,9.81,3.93,1,1,0.01,0.01,-6.113021475965834,5.652110240313785,3.6693386044948224,-14.065572009293602,-145.1031137666508,277.9134284527762,0.0,-0.27542073590948757,0.11879815690921247,0.0,-5.69501496490487,5.245249714826458,0.0,54.53030735580076,59.20612617438028,132.55062444328172,24.92445827658471,157.47508271986644
2.803999999999913,9.81,3.93,1,1,0.01,0.01,-6.105966174185822,5.624520336256322,3.3892769657565185,-13.531407743168987,-135.16559138681302,256.6944899453685,0.0,-0.2867682606933766,0.12933844368275815,0.0,-5.653042034586048,5.293928791347902,0.0,53.691295626928365,57.333440443412584,132.07637242994542,25.394481850163622,157.47085428010905
2.8059999999999126,9.81,3.93,1,1,0.01,0.01,-6.099451942087141,5.59795808245101,3.127872259830163,-13.037072090900159,-126.41714546065201,238.0226330935653,0.0,-0.2980346461973262,0.13996845572879224,0.0,-5.613807778445796,5.335173089093976,0.0,52.866959294083564,55.62798851167243,131.5990574774489,25.867914273571316,157.4669717510202
2.8079999999999123,9.81,3.93,1,1,0.01,0.01,-6.09344372661468,5.572348664853012,2.8829204166331364,-12.57784317424833,-118.68779069539947,221.5344378669029,0.0,-0.30922502577471134,0.1506745415262154,0.0,-5.576978612110133,5.370156838558005,0.0,52.06298541328244,54.06809612108907,131.11927034050808,26.34412459103752,157.4633949315456
2.809999999999912,9.81,3.93,1,1,0.01,0.01,-6.087910560264851,5.547626023805531,2.6525314317373323,-12.149670130557995,-111.83304561158275,206.92140662168242,0.0,-0.32034391666347006,0.16144515674943394,0.0,-5.54227029523072,5.399824145383276,0.0,51.28266081171405,52.635485901917534,130.63750774590295,26.82258172920413,157.46008947510708
2.811999999999912,9.81,3.93,1,1,0.01,0.01,-6.082824981881113,5.523731617263895,2.435081528107907,-11.74907024590742,-105.73068562948085,193.9228381583626,0.0,-0.3313953103177666,0.17227045918248662,0.0,-5.509439829989731,5.424941011125893,0.0,50.5276626268618,51.31468091944121,130.15419068815214,27.302835321876998,157.45702601002915
2.8139999999999117,9.81,3.93,1,1,0.01,0.01,-6.07816254652928,5.500613375339368,2.2291719207652814,-11.373040490195184,-100.27747206050454,182.31872633980754,0.0,-0.3423827478849604,0.18314199363561157,0.0,-5.4782786942042385,5.446134273644329,0.0,49.79859210702421,50.09251561451578,129.66967854635837,27.78450079671505,157.4541793430734
2.8159999999999115,9.81,3.93,1,1,0.01,0.01,-6.073901411450153,5.47822481792219,2.0335938804416798,-11.018982686122952,-95.38616026238604,171.9233006262963,0.0,-0.35330938334165063,0.1940524445743812,0.0,-5.448607237613629,5.463921027978663,0.0,49.09533722515119,48.95773719427286,129.18428010464498,28.267247669630216,157.4515277742752
2.8179999999999112,9.81,3.93,1,1,0.01,0.01,-6.070021986143817,5.45652430958701,1.8472994096202402,-10.684640773915088,-90.98289093369681,162.57941257353932,0.0,-0.36417803643645336,0.20499544016177695,0.0,-5.42027005927365,5.478731061588167,0.0,48.41732019304532,47.900681388174355,128.69826224718224,28.7507902754015,157.44905252258374
2.819999999999911,9.81,3.93,1,1,0.01,0.01,-6.066506636145369,5.435474429311913,1.6693767435215545,-10.368048446457324,-87.00497413291107,154.15377794516547,0.0,-0.3749912372313403,0.21596539569350992,0.0,-5.393132197802266,5.49092411843245,0.0,47.763666966748254,46.91300856603587,128.2118568853595,29.234880365231263,157.4467372505908
2.821999999999911,9.81,3.93,1,1,0.01,0.01,-6.063339431611833,5.415041435942745,1.4990299170886972,-10.067485507368731,-83.39903448372903,146.5330005212912,0.0,-0.3857512637173467,0.22695738748570315,0.0,-5.367075988594745,5.500803301019522,0.0,47.1333234904879,45.987488540370286,127.72526652593172,29.719301147572875,157.4445676735046
2.8239999999999106,9.81,3.93,1,1,0.01,0.01,-6.060505933281744,5.395194813455498,1.3355617200169516,-9.781441487849378,-80.11947138886916,139.62027496750554,0.0,-0.39646017371190745,0.23796705050587874,0.0,-5.3419984657012005,5.508625562647616,0.0,46.525135336067216,45.11782453813345,127.23866878373022,30.20386245418416,157.44253123791438
2.8259999999999104,9.81,3.93,1,1,0.01,0.01,-6.0579930096294845,5.37590688278749,1.1783594577936012,-9.508585269349503,-77.1271860911337,133.33266343429034,0.0,-0.40711983202244084,0.24899049466924716,0.0,-5.31780920772691,5.5146099883231425,0.0,45.937902043671514,44.29850868669962,126.7522200669892,30.688396790601416,157.4406168575906
2.82799999999991,9.81,3.93,1,1,0.01,0.01,-6.055788680105908,5.357152469307552,1.0268830301308551,-9.247739662537718,-74.38853102760496,127.59884920236637,0.0,-0.4177319336787949,0.26002423592434964,0.0,-5.294428545803777,5.51894438106975,0.0,45.37041389902447,43.524702895332865,126.26605860842187,31.172756087182805,157.43881469560466
2.82999999999991,9.81,3.93,1,1,0.01,0.01,-6.05388198024836,5.3389086169090625,0.8806549218815517,-8.99786007424712,-71.87444258244534,122.35728335723142,0.0,-0.4282980238894217,0.271065139145349,0.0,-5.2717860672627355,5.521790539097587,0.0,44.82147647749215,42.792140255070905,125.78030697477107,31.656809009210903,157.43711598398198
2.8319999999999097,9.81,3.93,1,1,0.01,0.01,-6.052262845179226,5.321154341286969,0.7392517733507451,-8.758016548979032,-69.55972435061071,117.55465366550757,0.0,-0.4388195152566863,0.2821103705175665,0.0,-5.249819361380488,5.523288513763729,0.0,44.289926653156954,42.0970430710713,125.29507415750462,32.14043871628085,157.43551287378546
2.8339999999999095,9.81,3.93,1,1,0.01,0.01,-6.050922008616286,5.303870416253343,0.6022972570435318,-8.52737860089128,-67.4224536160941,113.14461699239664,0.0,-0.4492977026902233,0.29315735760837514,0.0,-5.2284729638824565,5.523560068142477,0.0,43.77464265337858,41.43605442744359,124.81045732474631,32.62354098517799,157.4339983099243
2.8359999999999093,9.81,3.93,1,1,0.01,0.01,-6.049850915012851,5.287039188004113,0.46945603749957876,-8.305202358724005,-65.44348863662334,109.08674718096704,0.0,-0.45973377637933677,0.3042037557003878,0.0,-5.207697465172204,5.522711504157222,0.0,43.27454996862683,40.80618080601268,124.32654329741315,33.10602262870569,157.43256592611885
2.837999999999909,9.81,3.93,1,1,0.01,0.01,-6.049041642850359,5.2706444131147085,0.3404286314501473,-8.090819633141926,-63.60605845552468,105.34565922092978,0.0,-0.4701288331222498,0.31524741925901045,0.0,-5.187448753903261,5.520835987553114,0.0,42.78862439206077,40.20474377146037,123.84340979943102,33.58780015692841,157.43120995635942
2.839999999999909,9.81,3.93,1,1,0.01,0.01,-6.048486837437475,5.254671116750129,0.2149470185787124,-7.883628586752206,-61.89542037872706,101.8902778889302,0.0,-0.48048388625889393,0.32628637763445245,0.0,-5.167687372832961,5.518015470935012,0.0,42.31589308913435,39.629339123584444,123.36112652180574,34.06879863811595,157.4299251599217
2.8419999999999086,9.81,3.93,1,1,0.01,0.01,-6.048179651841405,5.239105468155009,0.09277088001179297,-7.683085744506808,-60.29857304888706,98.69322504482685,0.0,-0.49079987441222217,0.3373188142756778,0.0,-5.148377968166002,5.514322293103707,0.0,41.85543433440786,39.07780222508507,122.87975603248161,34.548950725094166,157.42870675757578
2.8439999999999084,9.81,3.93,1,1,0.01,0.01,-6.048113694800273,5.223934670965584,-0.026315636536960493,-7.488699128808471,-58.804015316476494,95.73030463396954,0.0,-0.5010776692090426,0.3483430488727004,0.0,-5.129488817022433,5.509820516158783,0.0,41.40637636679205,38.54817845771748,122.3993545577758,35.02819581930069,157.4275503770765
2.845999999999908,9.81,3.93,1,1,0.01,0.01,-6.048282984649328,5.209146866277654,-0.14250670833894769,-7.300022341481693,-57.40154294097792,92.98006837452952,0.0,-0.5113180821235299,0.35935752195312576,0.0,-5.1109914204229066,5.504567048968666,0.0,40.967895682438936,38.038697954447954,121.91997265634903,35.50647935004183,157.42645200639086
2.847999999999908,9.81,3.93,1,1,0.01,0.01,-6.048681908445506,5.194731046728524,-0.2559772549028629,-7.116649445539582,-56.082076634497604,90.42344827629418,0.0,-0.5215218705636465,0.3703607815456754,0.0,-5.092860151409859,5.498612595665189,0.0,40.53921499041232,37.54775391102667,121.44165580283097,35.983752150568236,157.4254079533992
2.8499999999999077,9.81,3.93,1,1,0.01,0.01,-6.049305185600718,5.180676980119095,-0.366885038127957,-6.938210524746719,-54.837516152979454,88.0434446898757,0.0,-0.5316897433018741,0.3813514715927163,0.0,-5.075071949725083,5.4920024600884005,0.0,40.11960098903083,37.073883905419024,120.96444489516517,36.45996991587573,157.4244148110409
2.8519999999999075,9.81,3.93,1,1,0.01,0.01,-6.050147835438725,5.166975141325111,-0.47537249298427914,-6.764367819452915,-53.660616102779976,85.82486064383122,0.0,-0.5418223653359738,0.3923283218493614,0.0,-5.057606055927659,5.484777231057848,0.0,39.70836207261195,36.61575375426441,120.48837669728314,36.935092729773984,157.4234694270571
2.8539999999999073,9.81,3.93,1,1,0.01,0.01,-6.0512051481776075,5.15361665143232,-0.5815683284849916,-6.594812353939787,-52.54487990811621,83.75407488967329,0.0,-0.5519203622525197,0.40329013905154176,0.0,-5.0404437790287355,5.476973368585718,0.0,39.30484604381161,36.17214351698957,120.01348422673765,37.40908465089417,157.42256887763182
2.855999999999907,9.81,3.93,1,1,0.01,0.01,-6.0524726589126985,5.140593223185596,-0.6855889322572892,-6.429260984292247,-51.48446901448902,81.81884741997685,0.0,-0.5619843241551381,0.4142357991717607,0.0,-5.023568292695069,5.468623707379303,0.0,38.9084378819934,35.741935324335294,119.53979709532297,37.881913349030114,157.4217104443531
2.857999999999907,9.81,3.93,1,1,0.01,0.01,-6.053946124235968,5.127897111972309,-0.7875396066962032,-6.267453807149728,-50.47412491396,80.00815231577087,0.0,-0.5720148092102746,0.42516424061085445,0.0,-5.006964455873689,5.45975789098155,0.0,38.518557600331036,35.324102761946556,119.06734180939739,38.35354978461375,157.42089159401115
2.8599999999999066,9.81,3.93,1,1,0.01,0.01,-6.055621501179268,5.1155210716698996,-0.8875156602862706,-6.10915187906356,-49.50910199358765,78.3120336664612,0.0,-0.582012346855763,0.4360744581982793,0.0,-4.990618654349439,5.450402747500248,0.0,38.134658211696184,34.91770158376215,118.5961420355575,38.82396792527429,157.42010996083178
2.8619999999999064,9.81,3.93,1,1,0.01,0.01,-6.057494928212276,5.103458314780127,-0.9856033740283494,-5.954135203953918,-48.5851095471059,76.72148102872896,0.0,-0.5919774407109796,0.44696549789338114,0.0,-4.974518660292257,5.4405826159478075,0.0,37.75622381439619,34.52186156613756,118.12621883642785,39.29314449437787,157.4193633308057
2.863999999999906,9.81,3.93,1,1,0.01,0.01,-6.0595627080627,5.0917024763508145,-1.0818808598748835,-5.802200952616713,-47.69826156697279,75.22832148213163,0.0,-0.6019105712220406,0.4578364520965096,0.0,-4.95865350730317,5.430319630656343,0.0,37.382767802501604,34.13577934346561,117.65759088060659,39.76105874722377,157.41864962783035
2.865999999999906,9.81,3.93,1,1,0.01,0.01,-6.06182129215753,5.08024758125248,-1.1764188255455472,-5.653161883615254,-46.845033161136364,73.82512582396775,0.0,-0.6118121980708162,0.46868645549250354,0.0,-4.943013378844487,5.4196339699684355,0.0,37.013831201097595,33.7587120907323,117.19027463019893,40.22769227122335,157.4179669014223
2.8679999999999057,9.81,3.93,1,1,0.01,0.01,-6.0642672665106705,5.069088014433936,-1.2692812579765873,-5.506844939395245,-46.02222262576294,72.505126844689,0.0,-0.6216827623727066,0.47951468136038666,0.0,-4.9275895082541075,5.408544074373829,0.0,36.64898112378534,33.38997193892245,116.72428450886866,40.693028806925895,157.41731331579456
2.8699999999999055,9.81,3.93,1,1,0.01,0.01,-6.0668973389049565,5.058218493829364,-1.3605260358785856,-5.363089995240177,-45.226918359362855,71.26214795401464,0.0,-0.6315226886847525,0.4903203382925947,0.0,-4.912374088807751,5.397066838418769,0.0,36.2878093477555,33.02892102624695,116.25963305292011,41.15705408720778,157.4166871401279
2.8719999999999053,9.81,3.93,1,1,0.01,0.01,-6.069708327235995,5.047634045630883,-1.4502054803796691,-5.221748741863548,-44.45646993133027,70.09054069996371,0.0,-0.6413323868428259,0.501102667275002,0.0,-4.897360192514529,5.385217780021558,0.0,35.92993100047926,32.67496710241427,115.79633104756246,41.619755692319835,157.4160867398823
2.873999999999905,9.81,3.93,1,1,0.01,0.01,-6.072697148901895,5.037329981676249,-1.538366851466263,-5.082683685117473,-43.70846272379422,68.9851299487469,0.0,-0.6511122536442043,0.5118609390856862,0.0,-4.882541696518771,5.373011190255813,0.0,35.574983351304645,32.32755961512081,115.33438765021702,42.081122918807296,157.41551056902432
2.875999999999905,9.81,3.93,1,1,0.01,0.01,-6.075860811137289,5.027301878732083,-1.6250527968619852,-4.945767248568002,-42.98069565380506,67.94116568127843,0.0,-0.6608626743897594,0.5225944519760172,0.0,-4.86791321613951,5.360460266189327,0.0,35.22262470086005,31.9861862179845,114.87381050247164,42.54114666058675,157.41495716305838
2.8779999999999046,9.81,3.93,1,1,0.01,0.01,-6.079196402202397,5.017545559479477,-1.710301759075033,-4.810880966614668,-42.27116155644864,66.95428051880106,0.0,-0.6705840242981589,0.533302529602413,0.0,-4.8534700437140135,5.347577228972573,0.0,34.87253336104004,31.650369647628978,114.41460583207441,42.99981930069299,157.4144251327674
2.8799999999999044,9.81,3.93,1,1,0.01,0.01,-6.082701083348536,5.00805707503185,-1.7941483455689304,-4.677914757471923,-41.578029871071216,66.02045222126769,0.0,-0.6802766698029653,0.5439845191811751,0.0,-4.839208092526585,5.3343734290425555,0.0,34.52440671840454,31.319664924802478,113.95677854617487,43.45713461240497,157.41391315857985
2.881999999999904,9.81,3.93,1,1,0.01,0.01,-6.086372081490725,4.9988326888348205,-1.8766236663490539,-4.546766266729617,-40.89963132451512,65.13597051218018,0.0,-0.6899409697421649,0.5546397898422595,0.0,-4.825123845202268,5.320859440033129,0.0,34.17796037400183,30.993656840509896,113.50033231686538,43.91308766862622,157.4134199854916
2.883999999999904,9.81,3.93,1,1,0.01,0.01,-6.0902066825260235,4.989868861815201,-1.9577556426898874,-4.4173402734071905,-40.23444434881195,64.29740767618401,0.0,-0.6995772764484934,0.5652677311607677,0.0,-4.8112143060295995,5.307045142752123,0.0,33.83292735288478,30.67195769332507,113.0452696599434,44.36767475853772,157.41294441848112
2.8859999999999038,9.81,3.93,1,1,0.01,0.01,-6.094202225243202,4.981162238661351,-2.037569290240637,-4.289548151443313,-39.58108300755315,63.501592453833325,0.0,-0.7091859367479576,0.5758677518475022,0.0,-4.797476956749004,5.292939800391872,0.0,33.48905737690315,30.354205248478948,112.59159200769582,44.820893310665724,157.41248531836155
2.8879999999999035,9.81,3.93,1,1,0.01,0.01,-6.098356095775379,4.972709635130335,-2.1160869793272483,-4.163307380446062,-38.93828623630622,62.74558682402194,0.0,-0.7187672928730717,0.5864392785820642,0.0,-4.783909715406323,5.278552125975896,0.0,33.14611619469478,30.04006089311304,112.13929977641135,45.272741821612335,157.41204159802368
2.8899999999999033,9.81,3.93,1,1,0.01,0.01,-6.102665722552533,4.964508026288872,-2.1933286749067564,-4.038541100290209,-38.30490822889377,62.02666532060083,0.0,-0.7283216832965553,0.5969817549738389,0.0,-4.770510897925347,5.263890342905916,0.0,32.803884963154616,29.729207965344493,111.68839242923761,45.723219789788374,157.41161221902598
2.891999999999903,9.81,3.93,1,1,0.01,0.01,-6.10712857171539,4.9565545356052745,-2.269312158316642,-3.9151777048062684,-37.67990982388487,61.34229657733535,0.0,-0.7378494434906759,0.6074946406378454,0.0,-4.757279182100082,5.248962239356339,0.0,32.46215967502166,29.42135023759033,111.23886853492685,46.17232765356986,157.41119618849672
2.893999999999903,9.81,3.93,1,1,0.01,0.01,-6.111742142956174,4.948846424818434,-2.3440532326903085,-3.7931504703759917,-37.06235076489613,60.69012683594559,0.0,-0.7473509066167539,0.6179774103737947,0.0,-4.744213573748873,5.233775217163167,0.0,32.1207506275787,29.11621053702022,110.79072582294555,46.62006673336748,157.41079255631303
2.8959999999999027,9.81,3.93,1,1,0.01,0.01,-6.116503965755244,4.94138108451783,-2.417565913673887,-3.672397215743992,-36.45138272478799,60.067965186644926,0.0,-0.7568264041489688,0.6284295534379141,0.0,-4.73131337480804,5.218336335769804,0.0,31.779481927810096,28.813529488098343,110.34396123536969,47.06643917716049,157.41040041253018
2.8979999999999024,9.81,3.93,1,1,0.01,0.01,-6.121411595985671,4.934156025375443,-2.4898626068742593,-3.5528599897858797,-35.84624299801012,59.473770340277085,0.0,-0.7662762664361303,0.638850572898165,0.0,-4.718578153173997,5.202652351719664,0.0,31.438191029700018,28.513064363991255,109.89857097593325,47.511447909100475,157.41001888503374
2.899999999999902,9.81,3.93,1,1,0.01,0.01,-6.126462612860497,4.927168869976613,-2.560954273289208,-3.4344847843490016,-35.24624877756133,58.905638756633316,0.0,-0.7757008232047424,0.6492399850643631,0.0,-4.706007714130299,5.1867297541237996,0.0,31.096728299678677,28.214588035197043,109.45455055655606,47.95509658083636,157.40964713739243
2.901999999999902,9.81,3.93,1,1,0.01,0.01,-6.131654616199761,4.920417345202295,-2.6308505838143303,-3.3172212696102625,-34.65079194358198,58.361793975442794,0.0,-0.7851004040063894,0.6595973189855435,0.0,-4.6936020732198545,5.170574796478988,0.0,30.754956606535995,27.917888005125313,109.01189484163584,48.39738952525545,157.40928436689128
2.9039999999999018,9.81,3.93,1,1,0.01,0.01,-6.136985223996422,4.913899275119987,-2.699560063784751,-3.201022549683165,-34.059334299748905,57.84057701542508,0.0,-0.7944753386122224,0.6699221160076095,0.0,-4.6813614304436,5.1541935251666695,0.0,30.41275093242064,27.62276552355836,108.57059809035604,48.83833171237127,157.4089298027273
2.9059999999999016,9.81,3.93,1,1,0.01,0.01,-6.1424520702621175,4.907612574344909,-2.7670902283901464,-3.0858449364587255,-33.47140320159818,57.34043772311413,0.0,-0.8038259573570745,0.6802139293849176,0.0,-4.6692861456853585,5.137591804924286,0.0,30.069998001825297,27.329034769973997,108.13065399722714,49.27792870712251,157.40858270434967
2.9079999999999013,9.81,3.93,1,1,0.01,0.01,-6.148052803135227,4.901555241836761,-2.833447709696939,-2.971647739887031,-32.88658752784524,56.85992696730342,0.0,-0.813152591435594,0.6904723239400036,0.0,-4.6573767152786525,5.120775341547793,0.0,29.726595925732095,27.03652209963091,107.69205573105646,49.7161866288759,157.40824235993236
2.909999999999901,9.81,3.93,1,1,0.01,0.01,-6.153785083235149,4.895725355100836,-2.898638375919868,-2.8583930731019573,-32.304533951842416,56.39768958722577,0.0,-0.8224555731525818,0.7006968757661507,0.0,-4.645633749645347,5.103749702055467,0.0,29.382453858348434,26.745065346125227,107.25479597251055,50.15311211245341,157.40790808496396
2.911999999999901,9.81,3.93,1,1,0.01,0.01,-6.159646582247833,4.890121064765234,-2.9626674435048512,-2.746045670964427,-31.72494347564443,55.95245801325245,0.0,-0.8317352361296466,0.7108871719679339,0.0,-4.634057951948179,5.086520332519214,0.0,29.03749166411171,26.454513174837,106.81886695041754,50.588712270526656,157.4075792209442
2.9139999999999007,9.81,3.93,1,1,0.01,0.01,-6.165634981728704,4.884740589508641,-3.025539582514799,-2.634572720752514,-31.147568193844183,55.52304648819862,0.0,-0.8409919154701264,0.7210428104352486,0.0,-4.622650097710042,5.069092573748465,0.0,28.69163959287415,26.16472448231172,106.38426047693336,51.02299465724275,157.40725513417613
2.9159999999999004,9.81,3.93,1,1,0.01,0.01,-6.171747972110033,4.879582211315547,-3.087259015748577,-2.5239437038622117,-30.57220825847927,55.10834582544475,0.0,-0.8502259478841934,0.7311633996467173,0.0,-4.611411015361863,5.051471674994232,0.0,28.34483796140388,25.875567837171765,105.95096798167835,51.455967232965435,157.4069352146438
2.9179999999999002,9.81,3.93,1,1,0.01,0.01,-6.177983251900584,4.8746442710379005,-3.1478296119696654,-2.41413024750301,-29.998709019976605,54.70731864720131,0.0,-0.8594376717759574,0.741248558498652,0.0,-4.600341567689016,5.0336628058255055,0.0,27.997036839550564,25.58692095864038,105.51898054493694,51.88763833003172,157.40661887496867
2.9199999999999,9.81,3.93,1,1,0.01,0.01,-6.184338527066117,4.869925164244139,-3.2072549735742886,-2.3051059854793836,-29.426958322351513,54.31899505248499,0.0,-0.8686274272943411,0.7512979161560713,0.0,-4.589442634152723,5.0156710663171795,0.0,27.64819573962686,25.298670229189025,105.0882889299939,52.31801661944055,157.40630554943445
2.9219999999999,9.81,3.93,1,1,0.01,0.01,-6.190811510579906,4.865423337338267,-3.2655385189882002,-2.196846427244553,-28.856883933769772,53.94246866986728,0.0,-0.8777955563494595,0.7613111119225138,0.0,-4.578715094068677,4.997501495677534,0.0,27.298283307749784,25.010710238199007,104.65888361467233,52.74711107840314,157.40599469307546
2.9239999999998996,9.81,3.93,1,1,0.01,0.01,-6.197399922132994,4.861137283933162,-3.322683560046121,-2.089328834497826,-28.288451096157296,53.57689305489858,0.0,-0.8869424025962068,0.7712877951256478,0.0,-4.568159810629668,4.979159079433728,0.0,26.94727701606948,24.72294335386309,104.23075482212323,53.1749309586979,157.40568578082113
2.9259999999998993,9.81,3.93,1,1,0.01,0.01,-6.204101487994378,4.857065541463687,-3.3786933745775545,-1.9825321046726458,-27.721660179839933,53.22147839638694,0.0,-0.8960683113867207,0.7812276250159121,0.0,-4.557777615762759,4.960648755285513,0.0,26.595162854986484,24.435279320848828,103.80389255090643,53.60148575578438,157.4053783066908
2.927999999999899,9.81,3.93,1,1,0.01,0.01,-6.210913941011741,4.8532066880264395,-3.4335712743967566,-1.8764366607302574,-27.156544431250932,52.875488499502595,0.0,-0.9051736296933995,0.7911302706756241,0.0,-4.547569295814505,4.941975417730424,0.0,26.241935024623714,24.14763488150715,103.3782866043939,54.026785178640424,157.40507178303432
2.929999999999899,9.81,3.93,1,1,0.01,0.01,-6.217835020743714,4.849559339434043,-3.487320668872585,-1.7710243467345248,-26.593167803579817,52.53823801704323,0.0,-0.9142587060041127,0.8009954109361918,0.0,-4.537535578059962,4.923143921557455,0.0,25.887595624974047,23.859933418641226,102.95392661951732,54.45083912029626,157.40476573981357
2.9319999999998987,9.81,3.93,1,1,0.01,0.01,-6.224862473714989,4.846122146472902,-3.5399451242353632,-1.666278328737717,-26.03162286187806,52.20908990319033,0.0,-0.9233238901912466,0.8108227343012598,0.0,-4.527677118032696,4.904159084301062,0.0,25.532154344291058,23.57210461805424,102.53080209487221,54.8736576290474,157.40445972391962
2.9339999999998985,9.81,3.93,1,1,0.01,0.01,-6.231994053785903,4.842893792354236,-3.5914484187624387,-1.5621830005556925,-25.472028755605404,51.88745306675884,0.0,-0.9323695333562423,0.8206119388738116,0.0,-4.517994487673862,4.885025687742725,0.0,25.175628145427638,23.284084149274474,102.10890241818689,55.2952508803365,157.4041532985234
2.9359999999998982,9.81,3.93,1,1,0.01,0.01,-6.239227522628384,4.839872990348985,-3.6418345939713976,-1.4587238940544756,-24.91452925291109,51.572780203334595,0.0,-0.9413959876512396,0.8303627322853774,0.0,-4.508488164299016,4.865748478543132,0.0,24.81804094995441,22.995813363016172,101.68821689315621,55.71562914929896,157.40384604245517
2.937999999999898,9.81,3.93,1,1,0.01,0.01,-6.246560650300384,4.837058481597922,-3.6911080019396896,-1.3558875936092503,-24.359290832109984,51.2645657878338,0.0,-0.9504036060794819,0.8400748316257257,0.0,-4.499158520380849,4.846332168084576,0.0,24.459423320009105,22.70723900407243,101.2687347656345,56.1348027839757,157.4035375496102
2.939999999999898,9.81,3.93,1,1,0.01,0.01,-6.253991215911174,4.834449033088928,-3.73927334886139,-1.2536616544317625,-23.80650082685256,50.9623442109493,0.0,-0.9593927422761022,0.8497479633715095,0.0,-4.490005814145767,4.826781431599754,0.0,24.099812137936812,22.418312938461195,100.85044524917862,56.55278217919897,157.4032274283776
2.9419999999998976,9.81,3.93,1,1,0.01,0.01,-6.261517008370079,4.832043435793973,-3.786335734945758,-1.1520345244934358,-23.256365622403116,50.66568804468031,0.0,-0.9683637502709047,0.8593818633125119,0.0,-4.481030180981194,4.807100906660187,0.0,23.739250283880818,22.128991893753074,100.43333754992773,56.96957775116262,157.40291530109033
2.9439999999998974,9.81,3.93,1,1,0.01,0.01,-6.269135827211432,4.829840502958862,-3.8323006907579082,-1.0509954697995116,-22.709108901247863,50.37420642371085,0.0,-0.9773169842347778,0.8689762764743024,0.0,-4.472231625649012,4.787295191094722,0.0,23.37778631157473,21.839237211604075,100.01740089080019,57.385199912692656,157.40260080349285
2.945999999999897,9.81,3.93,1,1,0.01,0.01,-6.276845483488735,4.8278390685392685,-3.877174210099074,-0.9505345027945591,-22.16496993696077,50.08754353082021,0.0,-0.9862527982113425,0.8785309570362176,0.0,-4.463610015299186,4.7673688404059,0.0,23.015474122667488,21.549014611600956,99.60262453499041,57.79965904923611,157.40228358422652
2.947999999999897,9.81,3.93,1,1,0.01,0.01,-6.2846438007312,4.8260379857769875,-3.9209627795224176,-0.8506423137020221,-21.62420193586475,49.80537717579317,0.0,-0.995171545835409,0.8880456682437268,0.0,-4.455165073275703,4.747326364749274,0.0,22.65237263998408,21.258293965599986,99.18899780873986,58.212965495588776,157.40196330432863
2.9499999999998967,9.81,3.93,1,1,0.01,0.01,-6.292528615956038,4.824436125910729,-3.9636734045799735,-0.7513102046203546,-21.087070426550508,49.527417458467696,0.0,-1.0040735800398415,0.897520182314371,0.0,-4.446896373704906,4.727172225538434,0.0,22.288545480188297,20.96704908180426,98.77651012336011,58.625129513384834,157.40163963674496
2.9519999999998965,9.81,3.93,1,1,0.01,0.01,-6.300497780730049,4.823032377016096,-4.005313632896864,-0.6525300262159334,-20.553851697756617,49.25340550761922,0.0,-1.0129592527523648,0.906954280336602,0.0,-4.43880333685411,4.706910831735804,0.0,21.92406062636631,20.675257497881763,98.36515099648005,59.03616126937338,157.40131226585345
2.9539999999998963,9.81,3.93,1,1,0.01,0.01,-6.308549162274272,4.821825642969698,-4.0458915741703345,-0.5542941168685633,-20.02483128548209,48.98311228835077,0.0,-1.0218289145838622,0.91634775216093,0.0,-4.430885225246171,4.686546535886889,0.0,21.55899010109474,20.38290028247671,97.95491007249305,59.446070814506456,157.4009808869995
2.955999999999896,9.81,3.93,1,1,0.01,0.01,-6.316680644605644,4.820814842532638,-4.0854159171932025,-0.45659524413914654,-19.500302510498862,48.7163374715429,0.0,-1.030682914509627,0.9257003962829312,0.0,-4.423141140513271,4.666083629952901,0.0,21.19340964059183,20.08996184451124,97.54577714217467,59.85486806386466,157.40064520603931
2.957999999999896,9.81,3.93,1,1,0.01,0.01,-6.324890129709807,4.81999890854883,-4.123895944003873,-0.35942654844116306,-18.980565067663083,48.452908359724944,0.0,-1.0395215995450562,0.9350120197177738,0.0,-4.415570020970696,4.645526340994286,0.0,20.82739837057781,19.796429749713564,97.13774216144424,60.26256277744709,157.40030493889134
2.9599999999998956,9.81,3.93,1,1,0.01,0.01,-6.333175538739433,4.819376787253874,-4.161341541268079,-0.262781488808137,-18.465923668595885,48.192678864469414,0.0,-1.0483453144172001,0.9442824378659976,0.0,-4.408170639889178,4.624878826754879,0.0,20.46103848448889,19.502294543845117,96.73079526924597,60.669164541850485,157.39995981109647
2.9619999999998954,9.81,3.93,1,1,0.01,0.01,-6.341534813232639,4.8189474376903725,-4.1977632090007555,-0.16665379065836794,-17.95668673942087,47.93552853108839,0.0,-1.0571544012335214,0.9535114743704126,0.0,-4.400941604441792,4.6041451711936014,0.0,20.09441492469976,19.207549582130376,96.32492680451978,61.074682752863524,157.39960955738331
2.963999999999895,9.81,3.93,1,1,0.01,0.01,-6.34996591634627,4.818709831225802,-4.233172066739899,-0.07103739546602476,-17.45316517531067,47.681361607030546,0.0,-1.0659491991492112,0.9626989609640351,0.0,-4.393881355299327,4.583329380007987,0.0,19.727615067413204,18.91219086442308,95.92012732224096,61.47912659899923,157.3992539212402
2.965999999999895,9.81,3.93,1,1,0.01,0.01,-6.358466834099085,4.8186629511692045,-4.267579857287817,0.024073587745675723,-16.95567115361486,47.43010615094556,0.0,-1.074730044034324,0.971844737309116,0.0,-4.386988166845589,4.562435376190811,0.0,19.36072841187102,18.616216875668282,95.51638760850274,61.882505045989824,157.39889265449256
2.9679999999998947,9.81,3.93,1,1,0.01,0.01,-6.3670355766200855,4.818805792483137,-4.300998948138682,0.1186849291679459,-16.464517007319653,47.18171317990273,0.0,-1.0834972681419281,0.9809486508273353,0.0,-4.380260147982267,4.541466995658126,0.0,18.99384627452953,18.31962843124582,95.1136986946212,62.28482682226358,157.39852551688477
2.9699999999998945,9.81,3.93,1,1,0.01,0.01,-6.375670179397495,4.819137361587466,-4.3334423307147505,0.2128023233007575,-15.98001416053121,46.936155852729144,0.0,-1.092251199778436,0.9900105565213617,0.0,-4.373695243490869,4.520427982984162,0.0,18.627061488826765,18.022428526803278,94.71205187024249,62.686100405423986,157.39815227566646
2.9719999999998943,9.81,3.93,1,1,0.01,0.01,-6.384368704524113,4.8196566762517445,-4.364923617536929,0.30643143244859367,-15.502472127582026,46.693428687866955,0.0,-1.1009921629771857,0.999030316788023,0.0,-4.367291235917473,4.499321987275383,0.0,18.260468111145183,17.724622192208933,94.31143869543465,63.08633400974837,157.397772705183
2.973999999999894,9.81,3.93,1,1,0.01,0.01,-6.393129241935065,4.820362765573032,-4.395457037458423,0.39957792868540254,-15.032197577242005,46.45354681455272,0.0,-1.1097204771762832,1.0080078012233797,0.0,-4.361045747944552,4.478152558213001,0.0,17.89416113354654,17.426216349276952,93.9118510117491,63.48553557472016,157.39738658646928
2.975999999999894,9.81,3.93,1,1,0.01,0.01,-6.40194991063418,4.821254670036174,-4.425057429093046,0.4922475343545017,-14.569493463369243,46.216545256484174,0.0,-1.1184364569016478,1.0169428864200851,0.0,-4.354956245212503,4.456923142290129,0.0,17.528236203822775,17.127219672936597,93.513280952239,63.88371275460824,157.39699370684724
2.9779999999998936,9.81,3.93,1,1,0.01,0.01,-6.4108288599055365,4.822331441653668,-4.453740232572269,0.5844460611678617,-14.1146582231753,45.98247824747928,0.0,-1.127140411456112,1.0258354557574285,0.0,-4.349020039552474,4.435637079266709,0.0,17.162789353370922,16.827642455538214,93.11572095042324,64.2808729091025,157.39659385952575
2.9799999999998934,9.81,3.93,1,1,0.01,0.01,-6.419764270506968,4.82359214418238,-4.481521479767266,0.6761794479685119,-13.667985044097891,45.75141857893598,0.0,-1.1358326446153706,1.0346853991845295,0.0,-4.343234292590898,4.4142975988623006,0.0,16.797916733360022,16.527496474007336,92.71916374819025,64.67702309501348,157.39618684320374
2.981999999999893,9.81,3.93,1,1,0.01,0.01,-6.4287543558425835,4.825035853414507,-4.508417783114005,0.7674537972197184,-13.229761200084363,45.523456979184076,0.0,-1.144513454331477,1.0434926129971682,0.0,-4.337596019685458,4.392907817703768,0.0,16.433714359615276,16.22679485957788,92.32360240263584,65.07217005904016,157.39577246167602
2.983999999999893,9.81,3.93,1,1,0.01,0.01,-6.437797363111667,4.826661657540284,-4.534446323180847,0.858275410285024,-12.800267457890397,45.298701525078,0.0,-1.1531831324445,1.0522569996087796,0.0,-4.332102094151458,4.371470736541861,0.0,16.070277866599504,15.925551969853586,91.9290302918326,65.46632023160791,157.39535052344053
2.9859999999998927,9.81,3.93,1,1,0.01,0.01,-6.446891574431564,4.828468657580116,-4.559624835119109,0.9486508215641811,-12.379777553794947,45.077277086415314,0.0,-1.1618419644029025,1.060978467316164,0.0,-4.326749251737276,4.3499892377479785,0.0,15.707702270825683,15.623783262965503,91.53544111953299,65.85947972177567,157.39492084130865
2.9879999999998925,9.81,3.93,1,1,0.01,0.01,-6.456035307932475,4.830455967883875,-4.583971594137666,1.038586831551398,-11.9685577409296,44.859324803984535,0.0,-1.1704902289930683,1.0696569300604746,0.0,-4.32153409530728,4.3284660830992445,0.0,15.346081743985023,15.321505173610785,91.14282891880798,66.25165431320822,157.3944832320162
2.9899999999998923,9.81,3.93,1,1,0.01,0.01,-6.465226918822339,4.832622716695307,-4.607505400142849,1.128090538884127,-11.566866407219498,44.64500160224623,0.0,-1.1791281980783825,1.0782923071840678,0.0,-4.31645309969063,4.306903911857629,0.0,14.985509396027275,15.01873499077572,90.75118805463002,66.6428494612071,157.3940375158371
2.991999999999892,9.81,3.93,1,1,0.01,0.01,-6.4744648004202725,4.834968046779573,-4.6302455616846885,1.2171693714528249,-11.174953763737692,44.43447973783889,0.0,-1.1877561363481304,1.0868845231838182,0.0,-4.311502616654428,4.285305239145942,0.0,14.62607706837965,14.715490736962314,90.36051322540588,67.03307029079178,157.39358351619768
2.993999999999892,9.81,3.93,1,1,0.01,0.01,-6.483747385157338,4.837491116112139,-4.652211879349985,1.3058311166446726,-10.79306160308989,44.227946385275686,0.0,-1.196374301076431,1.0954335074614732,0.0,-4.306678879960152,4.263672454621128,0.0,14.267875137441736,14.411791048754258,89.97079946347367,67.42232159581789,157.39312105929156
2.9959999999998916,9.81,3.93,1,1,0.01,0.01,-6.493073145543651,4.840191098627348,-4.673424628741733,1.3940839507971396,-10.421423127272119,44.025603261364665,0.0,-1.2049829418913434,1.103939194071654,0.0,-4.301978010462655,4.242007821442948,0.0,13.910992328445372,14.107655058573197,89.58204213457694,67.81060783911984,157.3926499736968
2.9979999999998914,9.81,3.93,1,1,0.01,0.01,-6.50244059510115,4.843067185025176,-4.693904543183152,1.4819364679405067,-10.06026284428312,43.82766629004112,0.0,-1.213582300554163,1.1124015214680942,0.0,-4.29739602121165,4.220313475533731,0.0,13.555515539719746,13.8031022774907,89.19423693633085,68.19793315366073,157.39217008999157
2.999999999999891,9.81,3.93,1,1,0.01,0.01,-6.511848289261614,4.846118583634827,-4.713672796282995,1.5693977079119856,-9.709796532631906,43.63436530945546,0.0,-1.2221726107489035,1.120820432248667,0.0,-4.292928822516402,4.198591425122938,0.0,13.201529677355886,13.49815247897509,88.80737989570102,68.5843013446703,157.39168124037133
3.001999999999891,9.81,3.93,1,1,0.01,0.01,-6.52129482622979,4.849344521334006,-4.732750984496966,1.6564771839279182,-9.3702312727549,43.44594382331047,0.0,-1.2307540978818312,1.129195872899799,0.0,-4.288572226935019,4.176843550568243,0.0,12.849117500219105,13.192825583464248,88.42146736551307,68.96971589275185,157.3911832582649
3.0039999999998908,9.81,3.93,1,1,0.01,0.01,-6.530778847811734,4.852744244522858,-4.751161109817972,1.74318490970467,-9.041765544254499,43.262658798591076,0.0,-1.2393269788908698,1.1375277935407762,0.0,-4.284321954150835,4.155071604443007,0.0,12.498359475214187,12.887141543667164,88.03649602001622,69.3541799579339,157.3906759779501
3.0059999999998905,9.81,3.93,1,1,0.01,0.01,-6.540299040208794,4.856317020151795,-4.768925562725722,1.829531426223277,-8.724589387789308,43.0847805119841,0.0,-1.2478914620646195,1.1458161476684998,0.0,-4.280173635699124,4.133277211878516,0.0,12.149333642666935,12.581120230506286,87.65246284952379,69.73769638464421,157.39015923416798
3.0079999999998903,9.81,3.93,1,1,0.01,0.01,-6.549854134777833,4.860062136802556,-4.786067105523733,1.9155278282376509,-8.418884630390409,42.91259244744507,0.0,-1.2564477468706423,1.154060891903153,0.0,-4.2761228195086085,4.111461871147707,0.0,11.802115491645502,12.274781319621853,87.26936515415625,70.12026770757952,157.38963286173578
3.00999999999989,9.81,3.93,1,1,0.01,0.01,-6.5594429087586406,4.863978905822134,-4.802608856189349,2.001185790631237,-8.124825172945211,42.74639124753362,0.0,-1.2649960237926199,1.1622619857352752,0.0,-4.2721649742230206,4.08962695447594,0.0,11.456777845008029,11.968144178365439,86.8872005367119,70.50189615844504,157.38909669515692
3.01199999999989,9.81,3.93,1,1,0.01,0.01,-6.569064185969645,4.868066662509345,-4.8185742728598475,2.086517594732423,-7.8425773385870015,42.586486721319,0.0,-1.2735364741759057,1.1704193912746708,0.0,-4.268295493269145,4.0677737090631085,0.0,11.113390753927778,11.661227753215954,86.50596689469296,70.8825836735362,157.38855056822916
3.0139999999998897,9.81,3.93,1,1,0.01,0.01,-6.578716837473343,4.872324767354083,-4.8339871390751945,2.17153615470481,-7.572300280751889,42.43320191184982,0.0,-1.2820692700809255,1.17853307300155,0.0,-4.264509698638652,4.0459032583004,0.0,10.77202140161425,11.35405045755455,86.1256624115142,71.26233190213381,157.387994313648
3.0159999999998894,9.81,3.93,1,1,0.01,0.01,-6.588399782213064,4.87675260732954,-4.8488715498955814,2.25625504413463,-7.314146449716524,42.28687322639119,0.0,-1.2905945741438418,1.1866029975203034,0.0,-4.260802844351929,4.024016603164262,0.0,10.432734015918797,11.046630059736707,85.74628554692205,71.641142215685,157.38742776260705
3.017999999999889,9.81,3.93,1,1,0.01,0.01,-6.598111987622946,4.881349597237896,-4.863251899009596,2.3406885229442467,-7.06826211651402,42.14785063286518,0.0,-1.2991125394437821,1.194629133316191,0.0,-4.257170119573093,4.002114623769142,0.0,10.095589790484514,10.738983571400338,85.3678350266536,72.01901571773892,157.38685074439252
3.019999999999889,9.81,3.93,1,1,0.01,0.01,-6.6078524702132135,4.886115181110275,-4.877152866946756,2.4248515647677893,-6.834787953237625,42.016497926186105,0.0,-1.3076233093759428,1.2026114505153211,0.0,-4.253606651345777,3.9801980810603954,0.0,9.760646814075711,10.431127135946031,84.99030983136092,72.39595325461153,157.38626308597244
3.0219999999998888,9.81,3.93,1,1,0.01,0.01,-6.617620296133071,4.891048833662045,-4.890599410506331,2.5087598849326387,-6.613859668889663,41.893193068469365,0.0,-1.3161270175297448,1.210549920648103,0.0,-4.250107506920306,3.9582676186278443,0.0,9.427960007697664,10.123075917123233,84.61370918483206,72.77195542674683,157.38566461157887
3.0239999999998886,9.81,3.93,1,1,0.01,0.01,-6.627414581713771,4.896150061804795,-4.903616753512823,2.5924299691987494,-6.405608700110274,41.778328607410415,0.0,-1.324623787571218,1.2184445164164546,0.0,-4.246667695642873,3.93632376462054,0.0,9.097581069097252,9.814843987649423,84.2380325415324,73.14702260075,157.3850551422824
3.0259999999998883,9.81,3.93,1,1,0.01,0.01,-6.637234493994611,4.901418406216697,-4.916230379007388,2.675879103416744,-6.210162956335743,41.67231217748985,0.0,-1.333113733128702,1.2262952114649088,0.0,-4.243282170377916,3.91436693374276,0.0,8.769558424215173,9.506444217782965,83.8632795734956,73.52115492206225,157.38443449555785
3.027999999999888,9.81,3.93,1,1,0.01,0.01,-6.647079251234828,4.906853442973239,-4.92846602298381,2.759125404275416,-6.0276476191838935,41.57556708906195,0.0,-1.3415969576808953,1.2341019801557778,0.0,-4.239945828434745,3.892397429311255,0.0,8.443937185143447,9.19788816376055,83.4894501565878,73.8943523282522,157.38380248483998
3.029999999999888,9.81,3.93,1,1,0.01,0.01,-6.656948123414616,4.912454785240688,-4.9403496697775084,2.8421878513198306,-5.8581859961506435,41.488533010834246,0.0,-1.3500735544462426,1.241864797348487,0.0,-4.236653511969281,3.8704154453537734,0.0,8.120759114126695,8.889185955999267,83.11654435616899,74.2666145628991,157.38315891906808
3.0319999999998877,9.81,3.93,1,1,0.01,0.01,-6.666840432728653,4.9182220850350244,-4.951907549216559,2.9250863204327446,-5.701900429027016,41.41166675175455,0.0,-1.3585436062725722,1.2495836381831118,0.0,-4.233400007831424,3.8484210687287144,0.0,7.800062593131026,8.580346186950523,82.74456241217516,74.63794119004237,157.38250360221753
3.0339999999998875,9.81,3.93,1,1,0.01,0.01,-6.676755554075788,4.924155035049474,-4.96316613564487,3.007841618984626,-5.558913257811572,41.345443148891675,0.0,-1.3670071855258554,1.2572584778681737,0.0,-4.230180046827621,3.8264142812461186,0.0,7.481882598492634,8.271375798478156,82.37350472364062,75.00833160917765,157.38183633281827
3.0359999999998872,9.81,3.93,1,1,0.01,0.01,-6.686692915548743,4.930253370554185,-4.974152148929624,3.0904755228713907,-5.429347841302247,41.290356068536575,0.0,-1.3754643539768692,1.2648892914726497,0.0,-4.226988302367243,3.8043949617700306,0.0,7.166250680145884,7.962279968616737,82.00337183267894,75.37778507077726,157.3811569034562
3.037999999999887,9.81,3.93,1,1,0.01,0.01,-6.696651998927907,4.936516871372065,-4.984892557567904,3.1730108156741035,-5.313329636007654,41.246919528473306,0.0,-1.3839151626845203,1.272476053722157,0.0,-4.223819388459821,3.782362888282737,0.0,6.853194944920878,7.653061997547771,81.63416440793964,75.74630069231893,157.38046510025856
3.039999999999887,9.81,3.93,1,1,0.01,0.01,-6.706632340183534,4.942945363935268,-4.995414584011184,3.2554713301916096,-5.210987335522174,41.21566895017865,0.0,-1.3923596518744792,1.2800187387992144,0.0,-4.220667857028346,3.7603177398913448,0.0,6.54274004339011,7.343723192611595,81.26588322755265,76.11387747480666,157.3797607023593
3.0419999999998866,9.81,3.93,1,1,0.01,0.01,-6.716633529990925,4.949538723427337,-5.005745712331236,3.3378819926154533,-5.122454073069625,41.19716255062328,0.0,-1.400797850811727,1.2875173201474295,0.0,-4.217528194501489,3.7382590987574726,0.0,6.234907159734542,7.0342627521511,80.8985291615725,76.48051431977093,157.37904348134344
3.0439999999998864,9.81,3.93,1,1,0.01,0.01,-6.726655214263376,4.956296876016588,-5.015913698356991,3.420268869636806,-5.047868690535815,41.19198288437024,0.0,-1.409229777665538,1.2949717702794683,0.0,-4.214394817644758,3.7161864519310424,0.0,5.929714004090208,6.724677647960231,80.53210315392863,76.84621004673926,157.3783132006679
3.045999999999886,9.81,3.93,1,1,0.01,0.01,-6.736697094707996,4.963219801186887,-5.025946582419217,3.502659218797644,-4.987377077993966,41.20073854782272,0.0,-1.4176554393653202,1.3023820605885637,0.0,-4.211262068587248,3.694099193069252,0.0,5.62717480682681,6.414962506085383,80.16660620388691,77.21096341116981,157.37756961505673
3.047999999999886,9.81,3.93,1,1,0.01,0.01,-6.74675892940973,4.970307534172661,-5.035872704848621,3.5850815424233837,-4.941133588478614,41.224066058769154,0.0,-1.4260748314456755,1.3097481611633417,0.0,-4.208124208996569,3.6719966240220936,0.0,5.327300314200082,6.105109485701289,79.80203934702166,77.57477312284587,157.37681246986753
3.0499999999998857,9.81,3.93,1,1,0.01,0.01,-6.756840533449278,4.977560168505652,-5.045720724383314,3.667565645501929,-4.909302533595073,41.262631925834164,0.0,-1.4344879378789104,1.3170700406056643,0.0,-4.204975413349925,3.6498779562657675,0.0,5.030097784808883,5.795108155755312,79.43840363569596,77.93763786473153,157.3760415004275
3.0519999999998855,9.81,3.93,1,1,0.01,0.01,-6.766941779560857,4.984977858681707,-5.055519639653663,3.7501426979048893,-4.892059766471226,41.31713492408849,0.0,-1.442894730893141,1.3243476658511724,0.0,-4.201809761243794,3.627742312165495,0.0,4.735570986276361,5.4849453690445,79.07570011904082,78.29955631229332,157.37525643133415
3.0539999999998853,9.81,3.93,1,1,0.01,0.01,-6.777062598836174,4.992560822956703,-5.065298813926532,3.832845301381068,-4.889594359575648,41.388308594922364,0.0,-1.4512951707740052,1.3315810019921654,0.0,-4.1986212286784435,3.6055887260491892,0.0,4.443720191561356,5.174605133359298,78.71392982242239,78.66052715329742,157.3744569757198
3.055999999999885,9.81,3.93,1,1,0.01,0.01,-6.787202981481312,5.000309346281623,-5.075088003307131,3.915707561790561,-4.902110386054525,41.47692399037357,0.0,-1.4596892056478574,1.3387700121024226,0.0,-4.195403678246171,3.5834161450733344,0.0,4.154542174291127,4.864068479295511,78.35309372637789,79.02054910809551,157.3736428344734
3.057999999999885,9.81,3.93,1,1,0.01,0.01,-6.797362977633642,5.008223783387757,-5.084917388615168,3.998765167090502,-4.929828814493585,41.58379268445559,0.0,-1.4680767712441887,1.345914657063539,0.0,-4.1921508481438625,3.5612234298623258,0.0,3.868030202489481,4.553313324303055,77.9931927449995,79.37962095041935,157.37281369541887
3.0599999999998846,9.81,3.93,1,1,0.01,0.01,-6.807542698246375,5.016304562034097,-5.0948176111732275,4.08205547163118,-4.972989528407483,41.70977007668923,0.0,-1.476457790634813,1.3530148953922798,0.0,-4.188856339921,3.539009354902099,0.0,3.5841740300542875,4.24231433250575,77.63422770373596,79.73774152870652,157.3719692324425
3.0619999999998844,9.81,3.93,1,1,0.01,0.01,-6.817742316048808,5.024552186430128,-5.104819812769384,4.165617587374599,-5.031853483313594,41.85575901603921,0.0,-1.4848321739472183,1.3600706830684808,0.0,-4.185513604863214,3.516772608668621,0.0,3.302959885315616,3.9310427697910386,77.27619931657789,80.09490978798956,157.37110910456744
3.063999999999884,9.81,3.93,1,1,0.01,0.01,-6.827962066590912,5.0329672408485395,-5.114955680083548,4.249492482707287,-5.106705015991725,42.02271377685775,0.0,-1.4931998180492165,1.3670819733629043,0.0,-4.1821159288991225,3.49451179347115,0.0,3.024370455978962,3.619466353632708,76.91910816258489,80.451124792383,157.3702329549679
3.065999999999884,9.81,3.93,1,1,0.01,0.01,-6.838202249381498,5.04155039344377,-5.125257493898078,4.333723089586107,-5.197854322477093,42.21164442227232,0.0,-1.5015606062018407,1.3740487166644957,0.0,-4.17865641590396,3.4722254249895306,0.0,2.74838486972724,3.3075490970733075,76.56295466170614,80.80638574821266,157.3693404099188
3.0679999999998837,9.81,3.93,1,1,0.01,0.01,-6.848463229129889,5.050302400293838,-5.135758183448506,4.41835441983099,-5.305640123529071,42.42362159481634,0.0,-1.5099144076771234,1.3809708603063653,0.0,-4.175127969257266,3.4499119314839324,0.0,2.47497866971972,2.9952511462567086,76.20773904983744,81.16069202783633,157.3684310776738
3.0699999999998835,9.81,3.93,1,1,0.01,0.01,-6.858745437101751,5.059224109684657,-5.146491386310065,4.503433691462897,-5.43043253878035,42.65978177903566,0.0,-1.51826107733712,1.3878483483898738,0.0,-4.171523271493277,3.4275696526544,0.0,2.2041237841847194,2.6825286108651007,75.85346135304856,81.51404319421641,157.36750454726496
3.0719999999998833,9.81,3.93,1,1,0.01,0.01,-6.869049372600601,5.068316466657882,-5.157491514260892,4.589010466080323,-5.5726361935561215,42.92133308641999,0.0,-1.526600455170176,1.3946811216060364,0.0,-4.167834761861674,3.4051968381262956,0.0,1.9357884892556774,2.3693333867803474,75.500121360908,81.86643902630885,157.36656038721685
3.073999999999883,9.81,3.93,1,1,0.01,0.01,-6.879375604587421,5.077580517845459,-5.168793825613802,4.675136798374561,-5.7326935854964844,43.20956161938733,0.0,-1.5349323657800618,1.4014691170535232,0.0,-4.164054611591861,3.3827916455363725,0.0,1.6699373641455901,2.055612970256531,75.14771859881857,82.21787954534737,157.36559814416594
3.075999999999883,9.81,3.93,1,1,0.01,0.01,-6.889724773451861,5.08701741661635,-5.180434504566301,4.761867399004518,-5.9110887416803255,43.52583847831865,0.0,-1.5432566178231468,1.4082122680523905,0.0,-4.160174696626388,3.3603521381923853,0.0,1.406531237692127,1.7413102628610229,74.79625229926762,82.56836504210816,157.36461734137578
3.0779999999998826,9.81,3.93,1,1,0.01,0.01,-6.900097592949662,5.096628428563485,-5.192450748183851,4.849259812187967,-6.108351200994828,43.871627483925096,0.0,-1.5515730033883028,1.4149105039527035,0.0,-4.156186567557132,3.3378762822774055,0.0,1.1455271252341366,1.4263633664163393,74.4457213718841,82.9178961052549,157.363617477139
3.0799999999998824,9.81,3.93,1,1,0.01,0.01,-6.91049485232225,5.106414937361859,-5.2048808617054085,4.937374609519945,-6.325060361098834,44.248493696691895,0.0,-1.5598812973136287,1.4215637499370561,0.0,-4.152081416461447,3.315361943567567,0.0,0.8868781546978375,1.110705367156382,74.09612437217956,83.26647365087314,157.3625980230527
3.081999999999882,9.81,3.93,1,1,0.01,0.01,-6.920917418615895,5.11637845103188,-5.217764362944055,5.026275601703042,-6.561850234574927,44.658112825957346,0.0,-1.5681812564334796,1.4281719268160338,0.0,-4.1478500402932506,3.292806883629751,0.0,0.6305334806772447,0.7942641083009314,73.74745946883503,83.6140989533204,157.36155842215544
3.083999999999882,9.81,3.93,1,1,0.01,0.01,-6.931366239219487,5.126520608645638,-5.231142096650615,5.11603007007155,-6.819414664857622,45.102281633567,0.0,-1.576472618748505,1.4347349508155138,0.0,-4.143482800435628,3.270208755462675,0.0,0.37643818518586214,0.47696195025450083,73.39972440937996,83.96077367753162,157.36049808691158
3.0859999999998817,9.81,3.93,1,1,0.01,0.01,-6.941842344641802,5.136843187517753,-5.245056359816001,5.206709020015185,-7.098513059380415,45.582929451236154,0.0,-1.5847551025106,1.4412527333546479,0.0,-4.138969577965517,3.247565098541956,0.0,0.12453316363442207,0.15871551765416148,73.0529164840899,84.30649991293625,157.35941639702617
3.0879999999998815,9.81,3.93,1,1,0.01,0.01,-6.952346851551215,5.1473481109269175,-5.259551039010608,5.298387458662261,-7.399976705238463,46.102130947040024,0.0,-1.5930284052136774,1.4477251808133167,0.0,-4.13429972411611,3.2248733332260997,0.0,-0.12524500555050286,-0.16056456746980735,72.7070324879084,84.65128020916481,157.35831269707322
3.0899999999998813,9.81,3.93,1,1,0.01,0.01,-6.962880966103151,5.158037456419235,-5.27467176099846,5.391144699471305,-7.724715741681255,46.66212029517537,0.0,-1.6012922024800875,1.4541521942876972,0.0,-4.129462005347585,3.202130754476656,0.0,-0.37296420941118646,-0.4809739670888953,72.3620686801759,84.99511761374107,157.35718629391698
3.091999999999881,9.81,3.93,1,1,0.01,0.01,-6.973445987583184,5.168913464750115,-5.290466058022555,5.4850646967094265,-8.073726874112188,47.265306924674675,0.0,-1.6095461468312404,1.4605336693325677,0.0,-4.124444542349195,3.179334524841668,0.0,-0.6186969689725053,-0.8026149236918435,72.01802074192034,85.33801571198305,157.35603645390339
3.093999999999881,9.81,3.93,1,1,0.01,0.01,-6.984043312396677,5.17997854952776,-5.306983549338869,5.580236413171325,-8.448101926205648,47.914293047576095,0.0,-1.6177898663295305,1.466869495688761,0.0,-4.119234742194092,3.1564816666468887,0.0,-0.8625206299172605,-1.1255965723344634,71.6748837304369,85.67997866935929,157.3548623997962
3.0959999999998806,9.81,3.93,1,1,0.01,0.01,-6.994674438439212,5.191235307628456,-5.3242761407831045,5.676754224921737,-8.849037340502466,48.61189319567157,0.0,-1.6260229630770056,1.473159556994191,0.0,-4.113819222749104,3.1335690533346363,0.0,-1.1045175777911629,-1.4500352684253837,71.332652030849,86.02101127658204,157.35366330743105
3.0979999999998804,9.81,3.93,1,1,0.01,0.01,-7.005340969885837,5.202686530461875,-5.342398244390473,5.77471836733464,-9.277844753721693,49.36115602801253,0.0,-1.6342450115542593,1.479403730476618,0.0,-4.108183728302672,3.110593399884735,0.0,-1.3447754803739445,-1.776054931157947,70.99131930430316,86.36111899774802,157.35243830205118
3.09999999999988,9.81,3.93,1,1,0.01,0.01,-7.016044622441503,5.214335216173744,-5.361407020359178,5.874235427264096,-9.735962791363379,50.16538870954313,0.0,-1.642455556780829,1.4856018866262937,0.0,-4.1023130352103765,3.087551252246856,0.0,-1.583387560158989,-2.10378740210491,70.65087843241119,86.70030802188131,157.3511864542925
3.10199999999988,9.81,3.93,1,1,0.01,0.01,-7.0267872290999,5.226184582883482,-5.3813626439580675,5.975418886825458,-10.2249702473882,51.02818420541564,0.0,-1.6506541122757787,1.4917538888464092,0.0,-4.09619084616521,3.0644389757078945,0.0,-1.8204529002324064,-2.433372817967217,70.31132145749932,87.03858531827422,157.34990677577355
3.1039999999998797,9.81,3.93,1,1,0.01,0.01,-7.037570746463488,5.238238083066131,-5.4023286003344575,6.078389725004626,-10.746600839304765,51.95345188667477,0.0,-1.6588401577941219,1.4978595930791465,0.0,-4.08979967147258,3.0412527421124826,0.0,-2.0560767872398165,-2.764959995772949,69.97263951817094,87.37595869607412,157.34859821424504
3.1059999999998795,9.81,3.93,1,1,0.01,0.01,-7.04839726168381,5.250499419201141,-5.424372010586464,6.183277084162092,-11.302759757416945,52.94545190220433,0.0,-1.6670131368112733,1.5039188474049423,0.0,-4.083120695441127,3.017988515849381,0.0,-2.2903710955821253,-3.0987068279083765,69.63482277962252,87.71243686862147,157.347259648244
3.1079999999998793,9.81,3.93,1,1,0.01,0.01,-7.0592690000883636,5.262972560825674,-5.447563992933792,6.290219009475178,-11.895542259899436,54.00883384039353,0.0,-1.6751724537235964,1.5099314916124087,0.0,-4.076133625681419,2.994642038511641,0.0,-2.523454717497887,-3.434780683166303,69.29786035808054,88.04802952311076,157.34588988119128
3.109999999999879,9.81,3.93,1,1,0.01,0.01,-7.0701883335685105,5.275661763147265,-5.471980063361403,6.399363270486119,-12.527254603487682,55.14868028336505,0.0,-1.6833174707283636,1.5158973567361747,0.0,-4.068816522724611,2.971208812134504,0.0,-2.75545404427868,-3.7733588084356806,68.961740238642,88.38274739622324,157.34448763486523
3.111999999999879,9.81,3.93,1,1,0.01,0.01,-7.081157789812252,5.288571587390282,-5.497700580733069,6.510868275218897,-13.20043764368439,56.37055594846313,0.0,-1.6914475043407866,1.5218162645596796,0.0,-4.0611456069196326,2.947684080912469,0.0,-2.986503504534881,-4.114628723624089,68.62644918570001,88.71660235646627,157.34305154216628
3.1139999999998786,9.81,3.93,1,1,0.01,0.01,-7.0921800624764,5.301706923073024,-5.524811242089346,6.624904088820623,-13.917893489383385,57.6805632178528,0.0,-1.6995618214992048,1.527688027079804,0.0,-4.053095039024075,2.924062811297035,0.0,-3.216746166193849,-4.45878859976226,68.29197264502903,89.04960749405743,157.34158013908646
3.1159999999998784,9.81,3.93,1,1,0.01,0.01,-7.1032580224049005,5.3150730124378525,-5.55340363467168,6.741653570404378,-14.682715655666728,59.08540497953729,0.0,-1.7076596352017028,1.533512445929986,0.0,-4.044636670251072,2.9003396703799726,0.0,-3.4463344097829824,-4.806047606806747,67.95829463646493,89.38177721930748,157.3400718557724
3.117999999999878,9.81,3.93,1,1,0.01,0.01,-7.114394730014091,5.328675477286091,-5.5835758521679795,6.861313643754475,-15.498323226249164,60.59245584393146,0.0,-1.7157400996081682,1.5392893117583206,0.0,-4.035739756747467,2.8765090024755504,0.0,-3.6754306815401834,-5.156626213196506,67.6253976359724,89.71312737059333,157.33852500656573
3.119999999999878,9.81,3.93,1,1,0.01,0.01,-7.125593448981731,5.3425203485029344,-5.61543318377367,6.984096719840884,-16.368499614667424,62.20984296145397,0.0,-1.7238023045308681,1.5450184035569419,0.0,-4.026370632526538,2.8525648038311013,0.0,-3.9042083360184616,-5.510756413420571,67.29326244570517,90.04367533316837,157.33693777887353
3.1219999999998778,9.81,3.93,1,1,0.01,0.01,-7.136857661395073,5.356614098596104,-5.649088885926943,7.1102322917200595,-17.297436601762136,63.94653785029054,0.0,-1.7318452692235167,1.5506994879389182,0.0,-4.016492333723301,2.8285006954215084,0.0,-4.132852579125047,-5.868681852309258,66.9618680504681,90.37344017024428,157.33530822071236
3.1239999999998775,9.81,3.93,1,1,0.01,0.01,-7.148191084534364,5.370963677616085,-5.684665048029827,7.23996872542075,-18.289784426997826,65.81246085094102,0.0,-1.7398679353631934,1.556332318358829,0.0,-4.006064165633167,2.8043098938242244,0.0,-4.361561523974106,-6.230657804929547,66.63119145874086,90.70244276799244,157.3336342267333
3.1259999999998773,9.81,3.93,1,1,0.01,0.01,-7.159597689492444,5.385576552876341,-5.722293565131432,7.373575273873777,-19.35070882292329,67.8186000557192,0.0,-1.7478691591007323,1.5619166342731843,0.0,-3.995041202275285,2.7799851802325195,0.0,-4.590547373549491,-6.596950958131687,66.30120752614705,91.0307059963622,157.33191352250924
3.127999999999877,9.81,3.93,1,1,0.01,0.01,-7.17108172185889,5.400460752949922,-5.762117232449175,7.5113443448911426,-20.48595600493759,69.97714681549384,0.0,-1.7558477020326264,1.5674521602371483,0.0,-3.9833737061123835,2.7555188677544615,0.0,-4.820037745982836,-6.967838923006098,65.9718887589177,91.3582548879125,157.3301436468302
3.129999999999877,9.81,3.93,1,1,0.01,0.01,-7.18264772472904,5.415624916485231,-5.804290978758386,7.653594058673267,-21.70192676033729,72.3016501978941,0.0,-1.7638022209202608,1.5729386049343708,0.0,-3.9710064529622966,2.7309027672742254,0.0,-5.050277160257729,-7.343609385495832,65.64320509451191,91.68511683719645,157.32832193170836
3.1319999999998767,9.81,3.93,1,1,0.01,0.01,-7.194300564334655,5.431078346459638,-5.848983258104136,7.800671135350269,-23.005760916720668,74.80719305090278,0.0,-1.7717312559492462,1.578375660137482,0.0,-3.9578779439281715,2.706128152336078,0.0,-5.2815287023498225,-7.72455877346709,65.31512365610024,92.01132182364685,157.3264454797471
3.1339999999998764,9.81,3.93,1,1,0.01,0.01,-7.206045458634544,5.4468310705761125,-5.896377621982185,7.952954158642688,-24.405433601543397,77.51059259464822,0.0,-1.779633217281424,1.5837629995979925,0.0,-3.9439194821954735,2.68118572377138,0.0,-5.514075894186522,-8.110990280373798,64.98760847707604,92.33690266139132,157.32451113846736
3.135999999999876,9.81,3.93,1,1,0.01,0.01,-7.217888009250664,5.462893908606235,-5.94667449707597,8.11085726780777,-25.909864816866918,80.43062869011553,0.0,-1.7875063696030393,1.5891002778661005,0.0,-3.9290540875920166,2.6560655751544227,0.0,-5.748224790312874,-8.503211035165602,64.66062019112911,92.66189527999093,157.32251547112003
3.137999999999876,9.81,3.93,1,1,0.01,0.01,-7.229834237188489,5.479278547593672,-6.000093196761479,8.27483433648425,-27.529043920911764,83.5883030628573,0.0,-1.7953488143123693,1.5943871290436038,0.0,-3.9131952156212284,2.630757160685405,0.0,-5.984306329697987,-8.901528141078915,64.33411568266413,92.98633904076617,157.32045472343032
3.139999999999876,9.81,3.93,1,1,0.01,0.01,-7.2418906228400575,5.495997625955993,-6.056874197774499,8.445383703587988,-29.274170589876096,87.00713270553118,0.0,-1.8031584689160347,1.5996231654769806,0.0,-3.8962452399245295,2.605249267816465,0.0,-6.222678972562289,-9.30624321669795,64.00804769146775,93.31027709416242,157.31832478563018
3.1419999999998756,9.81,3.93,1,1,0.01,0.01,-7.254064150833949,5.5130648276592655,-6.117281716442742,8.623053527546757,-31.157813663770632,90.71348030581527,0.0,-1.8109330431117057,1.6048079764032885,0.0,-3.878093647375537,2.5795299979409654,0.0,-6.463731654209427,-9.717644953359224,63.68236436448888,93.63375678453846,157.31612114902734
3.1439999999998753,9.81,3.93,1,1,0.01,0.01,-7.266362360367835,5.530494987787629,-6.1816066213190615,8.808447840044643,-33.194088854346056,94.73692362509888,0.0,-1.8186700109214096,1.6099411265695627,0.0,-3.8586148827034426,2.5535867598725703,0.0,-6.707887089225373,-10.135999042879956,63.35700874637889,93.95683010986104,157.31383885623993
3.145999999999875,9.81,3.93,1,1,0.01,0.01,-7.278793401734385,5.5483042109852185,-6.250169720247094,9.002233377664867,-35.3988554469972,99.11066394058759,0.0,-1.8263665780984129,1.6150221548577042,0.0,-3.8376657639746616,2.527406282812783,0.0,-6.955605459464514,-10.561534613973858,63.031918199018996,94.2795542450765,157.3114724440955
3.147999999999875,9.81,3.93,1,1,0.01,0.01,-7.291366099826772,5.566510004402935,-6.323325458766995,9.205147267086469,-37.78993060363997,103.87197041391371,0.0,-1.834019643854207,1.6200505729629187,0.0,-3.815082370521235,2.5009746582766184,0.0,-7.207388517061004,-10.994426024246168,62.707023738603624,94.60199213943915,157.30901587804277
3.1499999999998747,9.81,3.93,1,1,0.01,0.01,-7.304090025479514,5.585131426924346,-6.40146606159466,9.418005628141026,-40.38731726579968,109.06265171007942,0.0,-1.841625755731057,1.6250258641964823,0.0,-3.790676279835621,2.4742774243487298,0.0,-7.463784127884577,-11.434768459253428,62.382249276961815,94.92421319982734,157.30646247678914
3.1519999999998745,9.81,3.93,1,1,0.01,0.01,-7.316975575553325,5.604189256550926,-6.485026136931915,9.641713133256573,-43.21343733474634,114.72953702902447,0.0,-1.8491810561677622,1.6299474825156075,0.0,-3.764229998101002,2.447299711154709,0.0,-7.725391269287214,-11.882545251965738,62.05751075165432,95.24629407408281,157.30380482573713
3.1539999999998742,9.81,3.93,1,1,0.01,0.01,-7.330034062691391,5.623706177859419,-6.5744877402439155,9.877273512434618,-46.29335478143245,120.92493384738799,0.0,-1.856681218956467,1.6348148519285035,0.0,-3.7354913885995353,2.4200264742409816,0.0,-7.992865475469589,-12.337584101519234,61.73271512703132,95.56831955067213,157.30103467770346
3.155999999999874,9.81,3.93,1,1,0.01,0.01,-7.343277815630403,5.643706991342985,-6.670385853042474,10.125800905507315,-49.654962072120526,127.7070058523322,0.0,-1.8641213733471407,1.6396273664867376,0.0,-3.7041668510910477,2.392442853651777,0.0,-8.266924689539568,-12.799498365746839,61.407759245962076,95.89038359343894,157.298142839401
3.157999999999874,9.81,3.93,1,1,0.01,0.01,-7.356720290796949,5.664218846115843,-6.7733141624273445,10.388531815411138,-53.329085382008486,135.13997671825607,0.0,-1.8714960130000142,1.6443843911678155,0.0,-3.669912940943137,2.364534712300726,0.0,-8.548355426152073,-13.267608227113673,61.0825285095233,96.21259053279542,157.29511904231873
3.1599999999998736,9.81,3.93,1,1,0.01,0.01,-7.370376195585559,5.68527149674456,-6.883930911899915,10.66683717225508,-57.34943576667314,143.29400564967267,0.0,-1.8787988862857166,1.6490852640797686,0.0,-3.6323260368333448,2.3362894298132413,0.0,-8.838019061750229,-13.740834651035076,60.756895359935946,96.53505643715084,157.2919517970868
3.1619999999998734,9.81,3.93,1,1,0.01,0.01,-7.384261623083696,5.706897583624938,-7.002964407115652,10.962233622931128,-61.75228896812026,152.24448677467137,0.0,-1.8860228635547929,1.6537293006029232,0.0,-3.590929568292533,2.3076970603123756,0.0,-9.136857934792472,-14.217556491099105,60.430717541104165,96.85791069026607,157.28862823137024
3.163999999999873,9.81,3.93,1,1,0.01,0.01,-7.398394196900428,5.729132933970045,-7.1312174611075,11.276392529230712,-66.57570692105004,162.07037773257957,0.0,-1.8931597759068353,1.6583158003454967,0.0,-3.5451581991352548,2.2787520088259794,0.0,-9.44590073195388,-14.695417622629646,60.103836112329844,97.18129780076579,157.28513391309565
3.165999999999873,9.81,3.93,1,1,0.01,0.01,-7.412793222886306,5.752016876516018,-7.269569589222079,11.611144156504254,-71.85800573579523,172.85093462499634,0.0,-1.9002002186527078,1.6628440581624178,0.0,-3.494338234407644,2.2494554469659382,0.0,-9.766266322388555,-15.171066341304963,59.77607319605875,97.50537946784067,157.28145266389942
3.1679999999998727,9.81,3.93,1,1,0.01,0.01,-7.42747984146258,5.775592556561032,-7.418975018352253,11.96847296230049,-77.63500782850957,184.65987853145748,0.0,-1.9071333110671094,1.6673133810184018,0.0,-3.437663391241201,2.2198187822342064,0.0,-10.099164727623233,-15.639803187592753,59.44722945291297,97.83033691987237,157.27756637278534
3.1699999999998725,9.81,3.93,1,1,0.01,0.01,-7.442477169330065,5.799907227501472,-7.580453413224905,12.350497445441848,-83.93536118683056,197.5554825634837,0.0,-1.9139464022058452,1.6717231132321086,0.0,-3.374164982377166,2.1898686270104433,0.0,-10.445893200819343,-16.0951057123338,59.1170813017381,98.15637352630887,157.27345482804697
3.1719999999998723,9.81,3.93,1,1,0.01,0.01,-7.457810411470495,5.8250124784462,-7.75506843267303,12.759424245023764,-90.77282831576288,211.5642677169618,0.0,-1.9206247106499257,1.6760726737060172,0.0,-3.302675578643453,2.1596538948952912,0.0,-10.807824319761803,-16.52798975035614,58.785377946703456,98.48371765098557,157.26909559768902
3.173999999999872,9.81,3.93,1,1,0.01,0.01,-7.473506912049586,5.850964331541354,-7.943886516145192,13.197460465976874,-98.13389787027614,226.65483966533012,0.0,-1.9271508843889316,1.6803616102373289,0.0,-3.221785490303869,2.1292558942390913,0.0,-11.186381401938238,-16.926157812820772,58.45183834926043,98.81262565644548,157.26446400570592
3.175999999999872,9.81,3.93,1,1,0.01,0.01,-7.489596093872523,5.877823102677727,-8.147904292310225,13.66665976979653,-105.95832391116598,242.6968257200107,0.0,-1.9335044664385221,1.684589678042121,0.0,-3.1297922171535095,2.0988025921774285,0.0,-11.582994176499767,-17.27287986019349,58.116148406508195,99.143384866513,157.2595332730212
3.1779999999998716,9.81,3.93,1,1,0.01,0.01,-7.5061092074481826,5.905652859012816,-8.36792732135657,14.168665817205436,-114.1092916019808,259.3979677305816,0.0,-1.9396612537472464,1.6887569523053816,0.0,-3.0246448744224983,2.0684885575552334,0.0,-11.999024129988719,-17.545558422492338,57.777958790468105,99.47631612211921,157.25427491258733
3.1799999999998714,9.81,3.93,1,1,0.01,0.01,-7.523078768941061,5.934520218769969,-8.604375410328121,14.704300936965769,-122.32909329690338,276.2107193114341,0.0,-1.9455925444072244,1.6928639878608183,0.0,-2.903889389108881,2.038602351775057,0.0,-12.43564374955794,-17.713966580896063,57.43688418721574,99.81177528513608,157.24865947235182
3.181999999999871,9.81,3.93,1,1,0.01,0.01,-7.540537508312154,5.964492116758535,-8.856981296649717,15.272930158792622,-130.17623617755595,292.1997890032348,0.0,-1.9512642863433163,1.6969120426054816,0.0,-2.764627389595053,2.0095630494034076,0.0,-12.89364627588514,-17.73824795228237,57.09250506324604,100.15015260749792,157.24265767074394
3.183999999999871,9.81,3.93,1,1,0.01,0.01,-7.55851657551354,5.995632004613728,-9.124343377065602,15.871517949175379,-136.9426295357382,305.86783743763965,0.0,-1.9566361781056223,1.7009033837072325,0.0,-2.603514132543904,1.9819665336864252,0.0,-13.373151628195167,-17.566991505098343,56.74437355895098,100.49186823886424,157.23624179781524
3.1859999999998707,9.81,3.93,1,1,0.01,0.01,-7.577042675830884,6.027993793512449,-9.403298076439675,16.493305486779335,-141.55862551502906,314.9557886133371,0.0,-1.9616608417208865,1.704841694075909,0.0,-2.416840420857287,1.9566390729845864,0.0,-13.873159243376708,-17.13612514812887,56.392025585366255,100.83736128492187,157.22938687028812
3.1879999999998705,9.81,3.93,1,1,0.01,0.01,-7.596133763857556,6.0616127602817045,-9.68811179240896,17.126108852617126,-142.51510545119427,316.2793602415581,0.0,-1.9662833032286509,1.7087325849578783,0.0,-2.2007697814909033,1.9346886061265711,0.0,-14.390881366317158,-16.370084953061095,56.03500154957595,101.18706887490023,157.2220704244762
3.1899999999998703,9.81,3.93,1,1,0.01,0.01,-7.615793006755887,6.096492810056973,-9.969586643069077,17.7504373672485,-137.87076552181327,305.74549210292156,0.0,-1.9704411847404122,1.7125841889687001,0.0,-1.9518264401569174,1.917531158625382,0.0,-14.920781333886255,-15.187641350326842,55.67287834154702,101.54139109952365,157.21426944107066
3.19199999999987,9.81,3.93,1,1,0.01,0.01,-7.636001085414549,6.132590244358439,-10.234360194604848,18.338023182403397,-125.46208596276361,278.7961937938221,0.0,-1.9740662040675236,1.7164077445465453,0.0,-1.6677245133883964,1.906851250948395,0.0,-15.453275360358266,-13.51537311460056,55.305315804855525,101.90063846772837,157.20595427258388
3.19399999999987,9.81,3.93,1,1,0.01,0.01,-7.656707720019312,6.169795908177319,-10.464941981661395,18.851906378784317,-103.44870454486411,231.5592216554868,0.0,-1.9770876847814258,1.7202179843650214,0.0,-1.3485408559483907,1.9044397829449835,0.0,-15.973213764916702,-11.310691761268286,54.932123025641246,102.26496237926968,157.19708540491092
3.1959999999998696,9.81,3.93,1,1,0.01,0.01,-7.6778246119564715,6.207920340578745,-10.641210516190824,19.24960018587543,-71.21032351304369,162.73904243513667,0.0,-1.9794385758920061,1.7240330359920966,0.0,-0.9980066522009221,1.9118648183414941,0.0,-16.458649512539374,-8.591528826816774,54.55335223456652,102.63427753337704,157.18762976794358
3.1979999999998694,9.81,3.93,1,1,0.01,0.01,-7.699223290197256,6.24668928284434,-10.743834866789985,19.4903126585025,-30.286211760733092,75.59644730043017,0.0,-1.981063705486406,1.7278735207824032,0.0,-0.6243613361641309,1.930002664817934,0.0,-16.88100442324943,-5.461052810767435,54.16941919553153,103.00819705415296,157.1776162496845
3.199999999999869,9.81,3.93,1,1,0.01,0.01,-7.720741388249876,6.2857569737922665,-10.759072652357624,19.545067083062577,15.317416966445178,-21.405301483538345,0.0,-1.9819286657416204,1.731760718722702,0.0,-0.24003108394838973,1.958586580871736,0.0,-17.208053884434314,-2.1089023415470662,53.78120728355199,103.38600958398483,157.1672168675368
3.201999999999869,9.81,3.93,1,1,0.01,0.01,-7.7421983726402015,6.324739377490934,-10.683021024790644,19.40566531457507,60.02689353562524,-116.49861113838178,0.0,-1.9820265326278717,1.7357140795434076,0.0,0.14025093336874928,1.9960244043647042,0.0,-17.410204100117838,1.2233304211323652,53.390053496336805,103.76672178924765,157.15677528558444
3.2039999999998687,9.81,3.93,1,1,0.01,0.01,-7.763417205811616,6.363259921397468,-10.522985171851724,19.08757110945189,98.54635460522547,-198.50301957464438,0.0,-1.9813797067520698,1.739748790096919,0.0,0.5023575984259627,2.03965384770108,0.0,-17.468145412338675,4.302325901127124,52.99753920840543,104.1491653466517,157.1467045550571
3.2059999999998685,9.81,3.93,1,1,0.01,0.01,-7.784244950171094,6.400992996414494,-10.295107691185745,18.624908414606452,127.53549138061781,-260.36321194357794,0.0,-1.9800359884047292,1.7438741996521143,0.0,0.8354381985972155,2.086348404911059,0.0,-17.378087088239518,6.958721629565638,52.60517099818749,104.53213725360406,157.13730825179155
3.2079999999998683,9.81,3.93,1,1,0.01,0.01,-7.804565938959202,6.4376917764159325,-10.019681533749056,18.060574154826583,146.1619204035228,-300.3145503125935,0.0,-1.9780604904644359,1.7480935272989724,0.0,1.1332427197710875,2.1331775374147166,0.0,-17.151821339161728,9.111841992756077,52.21415472743472,104.9145282849388,157.12868301237353
3.209999999999868,9.81,3.93,1,1,0.01,0.01,-7.824305299343529,6.473195684469228,-9.716560411582929,17.436554631592077,155.53810875335006,-320.6967789557474,0.0,-1.975526392269785,1.7524047013039772,0.0,1.3939121890594335,2.1778492413744908,0.0,-16.812160224368164,10.7604670773156,51.825359884953045,105.29540616772196,157.120766052675
3.211999999999868,9.81,3.93,1,1,0.01,0.01,-7.843424842031827,6.507421749417616,-9.40225865788002,16.78780277025612,157.7247036742655,-325.8528957341872,0.0,-1.9725071408444763,1.7568018067934936,0.0,1.618826724299917,2.2188523792942005,0.0,-16.38665423550648,11.955348650430903,51.43939658264971,105.67404573061245,157.11344231326217
3.2139999999998676,9.81,3.93,1,1,0.01,0.01,-7.8619150970474445,6.540347820919594,-9.0889402159116,16.140098758945246,154.90552280442242,-320.3891346551044,0.0,-1.9690712869264473,1.761276601151533,0.0,1.811251267857613,2.2553778177691504,0.0,-15.902318369990919,12.77085111088452,51.056696946024644,106.0499187818805,157.10661572790514
3.2159999999998674,9.81,3.93,1,1,0.01,0.01,-7.8797867276398454,6.571994459389093,-8.784682158244642,15.510599601039033,148.94038102310242,-308.2310904579956,0.0,-1.9652798629332087,1.7658197641965276,0.0,1.9752359172224472,2.2871427862705116,0.0,-15.382507338680215,13.284732887990915,50.67756320170133,106.42266294074889,157.10022614245023
3.217999999999867,9.81,3.93,1,1,0.01,0.01,-7.897063136155987,6.6024093291580135,-8.49430053761222,14.909576501841908,141.2264382002029,-292.33027687174354,0.0,-1.9611856023625598,1.7704217775204327,0.0,2.1149014818820193,2.3142093185462946,0.0,-14.8457498552128,13.567181722421726,50.302193771842596,106.79204481401835,157.09423858586095
3.219999999999867,9.81,3.93,1,1,0.01,0.01,-7.91377486441031,6.631655369570646,-8.220262962903744,14.342337121453518,132.72796486987355,-274.72599499347496,0.0,-1.9568332464480034,1.7750734673469777,0.0,2.23405601268487,2.3368384963940234,0.0,-14.305837677922838,13.676615962196289,49.9307029508989,107.15792614477903,157.08862909567793
3.2219999999998667,9.81,3.93,1,1,0.01,0.01,-7.9299557054837875,6.659802572389105,-7.963466897954338,13.810866199469242,124.06770019416778,-256.73735637978757,0.0,-1.9522603719600347,1.7797662961483653,0.0,2.336034988940837,2.355388787108711,0.0,-13.772510718267647,13.659344520752784,49.56313978834545,107.52023623247024,157.0833760208157
3.2239999999998665,9.81,3.93,1,1,0.01,0.01,-7.945640180372215,6.686922637174458,-7.723824519814152,13.31505925293164,115.62318049310379,-239.16604300092933,0.0,-1.94749839031696,1.7844924878577628,0.0,2.4236704185462035,2.370251746012429,0.0,-13.252309338998026,13.550978361850634,49.19950576726904,107.8789509453282,157.07845671259724
3.2259999999998663,9.81,3.93,1,1,0.01,0.01,-7.960862001301109,6.713085708664671,-7.500670112505006,12.853582590068326,107.60624737590535,-222.46378720596724,0.0,-1.942573531516017,1.7892450523948376,0.0,2.4993240545721402,2.3818146561343636,0.0,-12.749374830107419,13.378379006769576,48.83976982324675,108.23407739838188,157.07384722162863
3.227999999999866,9.81,3.93,1,1,0.01,0.01,-7.975653204919508,6.738358528878313,-7.293029515500861,12.42444266517241,100.12164035527769,-206.85586902797007,0.0,-1.9375077286594475,1.7940177543882583,0.0,2.564946376201857,2.3904408376270085,0.0,-12.266114183457972,13.161557746884458,48.48388004917227,108.58564306050133,157.06952310967358
3.229999999999866,9.81,3.93,1,1,0.01,0.01,-7.990043719986286,6.7628035078311495,-7.099791201094433,12.025348035634012,93.20748406057578,-192.42650468587345,0.0,-1.9323193755791923,1.7988050544236653,0.0,2.6221410151509144,2.3964608020080873,0.0,-11.803715989458793,12.915299011449513,48.13177224782847,108.93368814907898,157.06546039690744
3.2319999999998656,9.81,3.93,1,1,0.01,0.01,-8.004061206067512,6.786478368092372,-6.919810754625472,11.653930819956114,86.86213763240563,-179.17551236084284,0.0,-1.9270239583208064,1.8036020396535084,0.0,2.6722250740763602,2.400169690300279,0.0,-11.362534494476133,12.650459550382045,47.78337588990584,109.27826039226149,157.06163628216734
3.2339999999998654,9.81,3.93,1,1,0.01,0.01,-8.017731054468198,6.809436133616945,-6.751971816392138,11.307876233098728,81.06148384876319,-167.05483241494812,0.0,-1.9216345734472653,1.8084043532095437,0.0,2.7162816499543947,2.401828126307999,0.0,-10.942367783799346,12.37497075357957,47.43861811012981,109.61941146514262,157.05802957527243
3.235999999999865,9.81,3.93,1,1,0.01,0.01,-8.03107648118992,6.831725314559206,-6.595219307882299,10.984993548987543,75.76979374614399,-155.99150254259035,0.0,-1.916162349968276,1.813208127332251,0.0,2.755203817906586,2.4016647590220295,0.0,-10.542655404126114,12.094595763710972,47.0974262958452,109.95719459605529,157.0546208919005
3.237999999999865,9.81,3.93,1,1,0.01,0.01,-8.044118667714635,6.853390194606437,-6.448575432723903,10.683250613464649,70.94638958514406,-145.90176909483347,0.0,-1.9106167915606154,1.818009922469482,0.0,2.789730658951686,2.399879495969006,0.0,-10.16261664835257,11.81349450532917,46.75972969973323,110.29166298464948,157.0513926843827
3.2399999999998648,9.81,3.93,1,1,0.01,0.01,-8.056876922463315,6.874471163334797,-6.311145249286027,10.400786251001696,66.54961214239026,-136.69950757552664,0.0,-1.9050060539453708,1.8228066730926875,0.0,2.820476406538149,2.3966468752515464,0.0,-9.801346030272269,11.534642635994418,46.42546039189064,110.62286878009311,157.04832917198377
3.2419999999998645,9.81,3.93,1,1,0.01,0.01,-8.069368846732555,6.89500505921499,-6.182116143678927,10.135909707096632,62.539085161362344,-128.3010451239952,0.0,-1.8993371699929242,1.8275956401709474,0.0,2.847953873411844,2.3921192892176473,0.0,-9.457878297118633,11.260141269688198,46.09455377296861,110.95086244387264,157.04541621684126
3.2439999999998643,9.81,3.93,1,1,0.01,0.01,-8.081610495840106,6.915025503532309,-6.060753918867913,9.887092867334061,58.876920115461814,-120.62774140710324,0.0,-1.8936162328748927,1.8323743698426855,0.0,2.872593230275157,2.3864299261044906,0.0,-9.131231977630986,10.991445789414854,45.766948800712356,111.27569237526107,157.04264117597342
3.245999999999864,9.81,3.93,1,1,0.01,0.01,-8.093616530525852,6.93456321461378,-5.9463971769385795,9.652958802913314,55.528272856172116,-113.60719645858428,0.0,-1.887848545590915,1.8371406576558627,0.0,2.894757055201537,2.3796953819779896,0.0,-8.820437920743796,10.729535004525397,45.442588033072255,111.59740471490878,157.03999274798105
3.247999999999864,9.81,3.93,1,1,0.01,0.01,-8.105400356296883,6.953646297352121,-5.838451009938399,9.432268795808417,52.46151299109929,-107.17363632203771,0.0,-1.8820387435271875,1.84189251770598,0.0,2.91475241180076,2.3720179414027784,0.0,-8.524557410168573,10.475036397123006,45.12141755702464,111.91604326802062,157.03746082504526
3.2499999999998637,9.81,3.93,1,1,0.01,0.01,-8.116974249986324,6.972300506372234,-5.736380597177269,9.223909114603785,49.64816980629974,-101.26782275405827,0.0,-1.8761908953419972,1.8466281560254838,0.0,2.9328405675619886,2.363487548284723,0.0,-8.242693090898568,10.228319036626463,44.80338684906036,112.23164950662348,157.03503635568384
3.2519999999998634,9.81,3.93,1,1,0.01,0.01,-8.128349473709624,6.990549483132461,-5.639705045867398,9.026878260089395,47.062756547423064,-95.83670244133839,0.0,-1.870308586382596,1.851345947633655,0.0,2.9492448392573793,2.354183498248586,0.0,-7.973994981313637,9.989562650659707,44.48844859762903,112.5442626229581,157.03271122058715
3.2539999999998632,9.81,3.93,1,1,0.01,0.01,-8.139536376901415,7.008414968321814,-5.547991650729851,8.840275058239998,44.68253548276637,-90.83292802927217,0.0,-1.8643949879723034,1.8560444167229782,0.0,2.9641569503524883,2.344175886656881,0.0,-7.717663162990963,9.758809070288617,44.17655850729697,112.85391961472673,157.0304781220237
3.255999999999863,9.81,3.93,1,1,0.01,0.01,-8.150544487360964,7.025916991444157,-5.460850650160314,8.663287770242748,42.48726127626342,-86.21433066635211,0.0,-1.858452915223562,1.8607222195261406,0.0,2.977742203722518,2.333526845378202,0.0,-7.472948259637525,9.53600060913414,43.86767509731617,113.16065538898613,157.0283304863023
3.257999999999863,9.81,3.93,1,1,0.01,0.01,-8.161382592326031,7.043074039684869,-5.377930498355671,8.49518426548574,40.45892456004848,-81.9433907006256,0.0,-1.8524848754946779,1.865378129471541,0.0,2.9901437084013494,2.3222915986393544,0.0,-7.239150478369899,9.321008726789936,43.561759502595905,113.46450287567998,157.02626237827587
3.2599999999998626,9.81,3.93,1,1,0.01,0.01,-8.172058810597226,7.059903208169494,-5.298913639552183,8.335303232431823,38.58150785137727,-77.98673253440452,0.0,-1.8464931091842929,1.870011024292738,0.0,3.001485848387203,2.3105193648399025,0.0,-7.015617748962006,9.113655445455493,43.25877528192466,113.76549314474477,157.02426842666944
3.2619999999998623,9.81,3.93,1,1,0.01,0.01,-8.182580656687511,7.076420333631252,-5.223512752738489,8.183046364072085,36.84075995602909,-74.31465691606468,0.0,-1.8404796242236108,1.8746198748074963,0.0,3.0118771418601678,2.298254127660154,0.0,-6.801743329899997,8.913729345058293,42.95868823621716,114.0636555227641,157.02234375898126
3.263999999999862,9.81,3.93,1,1,0.01,0.01,-8.192955097898652,7.092640113356927,-5.151467426873747,8.037871436488212,35.22399136622321,-70.9007162261519,0.0,-1.834446225362449,1.879203735125413,0.0,3.0214126081697885,2.285535296450382,0.0,-6.596963133114131,8.720997491037883,42.661466238196645,114.35901770656615,157.0204839447628
3.265999999999862,9.81,3.93,1,1,0.01,0.01,-8.203188605143103,7.108576211110098,-5.082541223967613,7.899286192927861,33.71989101935027,-67.72133375032716,0.0,-1.8283945391360832,1.8837617340801087,0.0,3.0301757357209436,2.2723982728814827,0.0,-6.400752937319342,8.535214303087617,42.36707907403687,114.65160587214774,157.0186849461846
3.2679999999998617,9.81,3.93,1,1,0.01,0.01,-8.213287198244714,7.124241351555458,-5.016519087979927,7.766842946666013,32.31836357601465,-64.75546534499884,0.0,-1.822326035233536,1.888293067713202,0.0,3.0382401249173934,2.25887493820684,0.0,-6.212625602604907,8.356128118322127,42.07549829692705,114.94144477798571,157.01694307491277
3.2699999999998615,9.81,3.93,1,1,0.01,0.01,-8.223256486369785,7.139647404538797,-4.953205059888685,7.640133820639335,31.01038574656764,-61.98430054191459,0.0,-1.816242044855334,1.8927969926636767,0.0,3.0456708654378657,2.2449940732239826,0.0,-6.032128358970799,8.183486013891997,41.78669709217351,115.2285578622613,157.0152549544348
3.2719999999998612,9.81,3.93,1,1,0.01,0.01,-8.233101704163785,7.154805460419602,-4.892420262540982,7.518786548459816,29.78787991872434,-59.39099952822348,0.0,-1.8101437765424897,1.8972728203385563,0.0,3.0525256954070175,2.2307817211033925,0.0,-5.85884021378478,8.017037314173457,41.50065015325283,115.51296733384348,157.0136174870963
3.273999999999861,9.81,3.93,1,1,0.01,0.01,-8.242827744099957,7.169725897509754,-4.834001122491669,7.402460768764022,28.64360327217419,-56.96046227630501,0.0,-1.8040323298730434,1.9017199117593053,0.0,3.058855980776533,2.216261501631768,0.0,-5.692369504019159,7.856536103406078,41.217333568119855,115.79469425707768,157.01202782519755
3.275999999999861,9.81,3.93,1,1,0.01,0.01,-8.252439185483944,7.184418442543121,-4.777797799625593,7.290844752245868,27.57105061947565,-54.679126192642904,0.0,-1.7979087073535236,1.9061376729942838,0.0,3.0647075459062343,2.201454884056377,0.0,-5.532351606070801,7.701742986660932,40.9367247150296,116.07375863057199,157.01048334560159
3.2779999999998606,9.81,3.93,1,1,0.01,0.01,-8.261940320503692,7.1988922249866745,-4.723672798771978,7.183652507767645,26.56436933000744,-52.534788888433454,0.0,-1.791773824776814,1.9105255511005659,0.0,3.0701213805098986,2.1863814245789834,0.0,-5.378446807178441,7.552426283457575,40.658802167130624,116.35017946024652,157.00898162737715
3.2799999999998604,9.81,3.93,1,1,0.01,0.01,-8.271335177665454,7.213155825903154,-4.671499740662669,7.08062122044872,25.61828484097571,-50.51645297339231,0.0,-1.785628520272414,1.9148830305097735,0.0,3.075134243481664,2.171058973595636,0.0,-5.230338336652683,7.408362794216417,40.38354560510209,116.62397482696896,157.00752043207106
3.28199999999986,9.81,3.93,1,1,0.01,0.01,-8.280627542914331,7.227217321987088,-4.62116227242283,6.981508980511048,24.728035415807625,-48.614190094335406,0.0,-1.7794735622379476,1.9192096298017298,0.0,3.0797791803936136,2.155503856983924,0.0,-5.087730551430734,7.269338246359609,40.11093573714666,116.89516194911339,157.00609768626003
3.28399999999986,9.81,3.93,1,1,0.01,0.01,-8.289820978700726,7.241084325318875,-4.572553100308024,6.886092766900837,23.88931496375271,-46.81902175596204,0.0,-1.7733096563103055,1.9235048988178345,0.0,3.084085968459667,2.1397310350746084,0.0,-4.950347268219332,7.135147501557617,39.84095422569244,117.16375724039275,157.0047114660852
3.2859999999998597,9.81,3.93,1,1,0.01,0.01,-8.298918841221802,7.254764019314407,-4.525573129628438,6.794166654330619,23.098222878650095,-45.12281475879741,0.0,-1.7671374515097287,1.9277684160726887,0.0,3.0880815003420126,2.123754242388898,0.0,-4.817930233246718,7.005594586354783,39.573583620204424,117.42977636330917,157.0033599835136
3.2879999999998595,9.81,3.93,1,1,0.01,0.01,-8.307924296038903,7.26826319128914,-4.480130698751634,6.7055402164400615,22.351219986447553,-43.51818936154257,0.0,-1.760957545669429,1.9319997864281553,0.0,3.091790116216174,2.107586110757638,0.0,-4.6902377200880965,6.880492593709367,39.30880729555477,117.69323427855069,157.00204157410548
3.2899999999998593,9.81,3.93,1,1,0.01,0.01,-8.316840332247432,7.281588262004534,-4.436140895776064,6.620037101310855,21.645089809063972,-41.99843851956952,0.0,-1.7547704902461536,1.9361986389989103,0.0,3.095233891916435,2.0912382780483396,0.0,-4.567043245931986,6.759663491741981,39.04660939544756,117.9541452906514,157.00075468609896
3.291999999999859,9.81,3.93,1,1,0.01,0.01,-8.32566977535435,7.2947453125204005,-4.393524947945959,6.537493758646801,20.976904456644128,-40.557456767972496,0.0,-1.748576794592827,1.94036462526272,0.0,3.0984328896815336,2.074721484398367,0.0,-4.448134396859721,6.642937867368978,38.78697478043863,118.21252309021419,156.99949787065282
3.293999999999859,9.81,3.93,1,1,0.01,0.01,-8.334415298999945,7.307740108638064,-4.352209675160619,6.457758300599325,20.34399455190173,-39.18967750786168,0.0,-1.7423769297624383,1.9444974173519936,0.0,3.1014053769537804,2.058045657577095,0.0,-4.333311753105618,6.530154625879739,38.529888980132334,118.46838079296732,156.99826977309965
3.2959999999998586,9.81,3.93,1,1,0.01,0.01,-8.343079435644361,7.3205781231855545,-4.312127000042102,6.380689480531696,19.743922670146624,-37.890017620593625,0.0,-1.7361713319023733,1.9485967065064052,0.0,3.1041680178078894,2.0412199888670535,0.0,-4.22238790577137,6.421160662427743,38.275338149178346,118.72173097591718,156.99706912509552
3.2979999999998584,9.81,3.93,1,1,0.01,0.01,-8.351664586325262,7.333264556366696,-4.273213507987252,6.3061557760185085,19.174459847950626,-36.653828478822064,0.0,-1.7299604052899522,1.952662201668801,0.0,3.1067360408619784,2.024253000657816,0.0,-4.115186557034299,6.315810517486961,38.023309026724554,118.972585710832,156.99589473755657
3.299999999999858,9.81,3.93,1,1,0.01,0.01,-8.360173029580732,7.345804354370322,-4.235410051462704,6.234034564111548,18.633564773421934,-35.47685254808247,0.0,-1.72374452505289,1.9566936282088712,0.0,3.10912338692414,2.007152606780032,0.0,-4.011541696476501,6.213966025306467,37.77378889901646,119.22095659527551,156.99474549429198
3.301999999999858,9.81,3.93,1,1,0.01,0.01,-8.368606929620785,7.358202226413463,-4.198661393522522,6.164211378405398,18.11936532288783,-34.35518488046952,0.0,-1.7175240396123581,1.9606907267609741,0.0,3.111342839130312,1.9899261664658212,0.0,-3.9112968467473896,6.115495962070651,37.526765564863965,119.46685478139094,156.9936203462549
3.3039999999998577,9.81,3.93,1,1,0.01,0.01,-8.376968343821407,7.370462660372721,-4.162915886152819,6.096579238737832,17.630142153487633,-33.28523889501456,0.0,-1.7112992728812704,1.9646532521641693,0.0,3.1134061379146343,1.9725805327016686,0.0,-3.814304372339358,6.020275698681459,37.28222730372087,119.7102910026201,156.99251830634097
3.3059999999998575,9.81,3.93,1,1,0.01,0.01,-8.385259229606872,7.382589937140895,-4.128125179589231,6.03103804548871,17.164314099704207,-32.2637159195864,0.0,-1.7050705262460863,1.9685809724938985,0.0,3.1153240828067386,1.9551220956377064,0.0,-3.7204248457961273,5.928186861701227,37.040162846149016,119.95127559852503,156.99143844467403
3.3079999999998573,9.81,3.93,1,1,0.01,0.01,-8.393481450778806,7.39458814383086,-4.094243959223103,5.967494031420666,16.720425155061047,-31.28757803827987,0.0,-1.6988380803567327,1.9724736681760338,0.0,3.1171066227599695,1.9375568216298076,0.0,-3.629526466179551,5.839117004937296,36.800561346460164,120.18981853786622,156.9903798843264
3.309999999999857,9.81,3.93,1,1,0.01,0.01,-8.401636783344143,7.406461185935423,-4.061229707120481,5.905859264855976,16.297132848821544,-30.354023847852055,0.0,-1.6926021967460692,1.9763311311750669,0.0,3.1187629364701728,1.9198902884160964,0.0,-3.541484525090966,5.752959293339886,36.5634123573485,120.42592944007869,156.9893417974272
3.311999999999857,9.81,3.93,1,1,0.01,0.01,-8.409726920888522,7.418212798540262,-4.02904248553312,5.8460511987242345,15.893197852194788,-29.46046677816164,0.0,-1.6863631192976622,1.980153164249151,0.0,3.1203015039386117,1.9021277168652984,0.0,-3.456180915976949,5.6696122002676805,36.32870580634357,120.65961759527346,156.98832340161704
3.3139999999998566,9.81,3.93,1,1,0.01,0.01,-8.417753479536739,7.429846556676768,-3.997644740089878,5.787992260660203,15.507474669830577,-28.60451567590647,0.0,-1.6801210755782519,1.9839395802655388,0.0,3.121730170358423,1.8842739996791162,0.0,-3.37350368284676,5.588979218707786,36.09643197393173,120.89089198288266,156.9873239568144
3.3159999999998564,9.81,3.93,1,1,0.01,0.01,-8.425718002537556,7.4413658848925355,-3.967001120626538,5.731609479893376,15.138903290762155,-27.78395738925173,0.0,-1.6738762780493142,1.9876902015706628,0.0,3.1230562032562386,1.8663337273832759,0.0,-3.2933466048917683,5.51096858668508,35.86658147320568,121.11976128905522,156.9863427622609
3.317999999999856,9.81,3.93,1,1,0.01,0.01,-8.433621964506273,7.452774066109252,-3.9370783178475057,5.676834147161795,14.786501688834443,-26.9967411240395,0.0,-1.6676289251704064,1.9914048594097256,0.0,3.1242863436949837,1.848311211900854,0.0,-3.2156088138273184,5.435493026833851,35.63914523091626,121.34623392290061,156.98537915381687
3.319999999999856,9.81,3.93,1,1,0.01,0.01,-8.441466775355108,7.464074249830622,-3.907844914218714,5.623601504311913,14.449359076393883,-26.24096437090958,0.0,-1.661379202405424,1.9950833933912564,0.0,3.125426852236964,1.8302105079658657,0.0,-3.1401944410769196,5.3624694999128995,35.41411446981356,121.57031803167135,156.98443250148492
3.3219999999998557,9.81,3.93,1,1,0.01,0.01,-8.449253783938401,7.475269459756683,-3.879271247671321,5.57185046062231,14.126629826919375,-25.51486022747722,0.0,-1.6551272831416575,1.9987256509925042,0.0,3.1264835502746755,1.8120354326044423,0.0,-3.0670122921903094,5.291818971906632,35.19148069217115,121.79202151496469,156.98350220713584
3.3239999999998555,9.81,3.93,1,1,0.01,0.01,-8.456984281436963,7.486362600855272,-3.8513292868538893,5.5215233332187195,13.817527992593472,-24.816785961229535,0.0,-1.6488733295303613,2.002331487102037,0.0,3.1274618572585857,1.7937895828840225,0.0,-2.995975546132002,5.223466194258249,34.97123566440026,122.011352038019,156.98258770241927
3.3259999999998553,9.81,3.93,1,1,0.01,0.01,-8.464659504503542,7.497356465936434,-3.8239925168095548,5.47256560923742,13.521322351777087,-24.145212677494186,0.0,-1.6426174932565685,2.005900763596281,0.0,3.128366824283867,1.7754763521077348,0.0,-2.927001477298838,5.157339496716613,34.75337140266792,122.22831704417497,156.9816884468429
3.327999999999855,9.81,3.93,1,1,0.01,0.01,-8.472280638189218,7.508253741771157,-3.7972358340768047,5.42492572764869,13.237331929145958,-23.498715973087666,0.0,-1.6363599162450249,2.009433348946973,0.0,3.129203164440048,1.7570989446109928,0.0,-2.8600111983253904,5.093370592237846,34.537880159440036,122.44292376656014,156.9808039260002
3.329999999999855,9.81,3.93,1,1,0.01,0.01,-8.479848818668673,7.519057014791834,-3.7710354503200305,5.3785548788763755,12.964921938032385,-22.87596747040068,0.0,-1.6301007313083553,2.012929117856996,0.0,3.1299752802778413,1.7386603892992287,0.0,-2.794929421916192,5.031494393361572,34.324754410878,122.65517923906046,156.97993364993846
3.3319999999998546,9.81,3.93,1,1,0.01,0.01,-8.487365135780573,7.529768776408358,-3.745368803690878,5.333406820547465,12.703500100434873,-22.275727139022518,0.0,-1.6238400627429077,2.0163879509220655,0.0,3.1306872887040464,1.7201635520506606,0.0,-2.731684240107514,4.971648839473782,34.11398684502458,122.86509030662526,156.97907715164985
3.3339999999998544,9.81,3.93,1,1,0.01,0.01,-8.49483063539781,7.540391427970597,-3.7202144772052206,5.2894377078803485,12.452513305324862,-21.69683632278039,0.0,-1.6175780268771478,2.0198097343162393,0.0,3.131343043578218,1.701611147093836,0.0,-2.6702069195076117,4.913774734371492,33.9055703507175,123.0726636349594,156.9782339856769
3.335999999999854,9.81,3.93,1,1,0.01,0.01,-8.502246321640964,7.550927285405151,-3.695552123494705,5.246605937375092,12.211444570397699,-21.138211399493827,0.0,-1.6113147325769384,2.0231943594991915,0.0,3.131946156252273,1.683005747458217,0.0,-2.6104317111977218,4.857815593554723,33.699498007178455,123.2779057196429,156.97740372682136
3.337999999999854,9.81,3.93,1,1,0.01,0.01,-8.509613158947172,7.561378583551781,-3.6713623953574754,5.2048720026059785,11.979810276371849,-20.59883800899587,0.0,-1.605050281711627,2.0265417229435645,0.0,3.132500014266022,1.6643497945852017,0.0,-2.5522956740953187,4.803717500687568,33.495763074225984,123.48082289472208,156.97658596894806
3.3399999999998538,9.81,3.93,1,1,0.01,0.01,-8.516932074005444,7.571747480222623,-3.647626881590946,5.164198361038127,11.757157646408826,-20.077765792207387,0.0,-1.598784769584412,2.0298517258807673,0.0,3.1330077983870437,1.6456456071778691,0.0,-2.495738510689401,4.751428972689881,33.29435898306687,123.68142134080834,156.9757803238752
3.3419999999998535,9.81,3.93,1,1,0.01,0.01,-8.52420395756855,7.582036060005241,-3.6243280476412187,5.124549310897897,11.5430624462724,-19.57410359040481,0.0,-1.5925182853301414,2.0331242740637623,0.0,3.133472498161845,1.6268953893595712,0.0,-2.4407024141552163,4.700900832943649,33.09527932762479,123.87970709271927,156.97498642034407
3.3439999999998533,9.81,3.93,1,1,0.01,0.01,-8.531429666150663,7.592246337828735,-3.6014491806497904,5.085890877222828,11.337126883524904,-19.087015059408923,0.0,-1.5862509122833748,2.03635927754552,0.0,3.133896926126451,1.6081012382041742,0.0,-2.3871319259438843,4.65208609212203,32.898517856366475,124.07568604669333,156.97420390305982
3.345999999999853,9.81,3.93,1,1,0.01,0.01,-8.53861002361917,7.602380262310467,-3.578974338519173,5.048190706302387,11.138977686415467,-18.615714658339677,0.0,-1.5799827283192451,2.03955665047199,0.0,3.134283730808249,1.589265150694324,0.0,-2.334973803021993,4.604939836173956,32.70406846459096,124.2693639672104,156.97343243180137
3.347999999999853,9.81,3.93,1,1,0.01,0.01,-8.545745822688362,7.612439718899459,-3.556888302655635,5.011417967797066,10.948264345195943,-18.159463976921813,0.0,-1.5737138061694234,2.042716310888417,0.0,3.134635408636261,1.5703890301585965,0.0,-2.284176894008659,4.559419121022025,32.511925187148805,124.46074649344098,156.97267168058977
3.3499999999998527,9.81,3.93,1,1,0.01,0.01,-8.552837826322,7.62242653283117,-3.5351765340799157,4.975543263891505,10.764657500435288,-17.717568369153778,0.0,-1.5674442137152704,2.045838180558088,0.0,3.1349543148645727,1.5514746922330969,0.0,-2.2346920235223364,4.515482873556436,32.32208219156158,124.64983914535374,156.97192133691533
3.3519999999998524,9.81,3.93,1,1,0.01,0.01,-8.55988676905126,7.632342471907113,-3.51382513262597,4.940538544898238,10.58784746452715,-17.28937386453977,0.0,-1.561174014260037,2.0489221847925165,0.0,3.1352426736022188,1.5325238703888544,0.0,-2.1864718841091895,4.4730917985317875,32.13453377151352,124.8366473295,156.9711811010135
3.353999999999852,9.81,3.93,1,1,0.01,0.01,-8.56689335821394,7.642189249111694,-3.492820798973951,4.906377030783205,10.417542864021721,-16.874264331080752,0.0,-1.5549032667818348,2.0519682522923337,0.0,3.1355025870332174,1.513538221062066,0.0,-2.1394709351779415,4.432208290997445,31.94927434069031,125.02117634450143,156.97045068519174
3.355999999999852,9.81,3.93,1,1,0.01,0.01,-8.573858275120369,7.651968525077615,-3.472150799287073,4.873033138133064,10.253469391687554,-16.47165886687855,0.0,-1.5486320261689044,2.054976314998021,0.0,3.13573604390148,1.4945193284209606,0.0,-2.093645308415099,4.3927963539145765,31.766298426941166,125.20343138625643,156.9697298131976
3.3579999999998518,9.81,3.93,1,1,0.01,0.01,-8.580782176151018,7.661681910410291,-3.4518029322430284,4.840482412128225,10.095368658338948,-16.08100939956436,0.0,-1.542360343438597,2.0579463079498694,0.0,3.135944927327797,1.4754687087996592,0.0,-2.048952719198164,4.354821520634788,31.585600666742494,125.3834175528866,156.9690182196291
3.3599999999998515,9.81,3.93,1,1,0.01,0.01,-8.587665693790424,7.671330967880877,-3.4317654982695482,4.808701463124986,9.942997135470037,-15.701798474859626,0.0,-1.5360882659413302,2.060878169156482,0.0,3.1361310220191982,1.4563878148266332,0.0,-2.0053523835646794,4.318250781936111,31.407175799942465,125.56113984943896,156.96831564938142
3.3619999999998513,9.81,3.93,1,1,0.01,0.01,-8.594509437601621,7.680917214496775,-3.4120272708106953,4.777667907485613,9.796125180630034,-15.333537217441284,0.0,-1.5298158375506936,2.0637718394712596,0.0,3.136296020924886,1.4372780392728406,0.0,-1.962804940331248,4.283052517331346,31.231018664769167,125.73660319236068,156.96762185712984
3.363999999999851,9.81,3.93,1,1,0.01,0.01,-8.601313995145018,7.690442123457766,-3.3925774694657953,4.747360312327179,9.65453613827156,-14.9757634489456,0.0,-1.5235430988407466,2.0666272624763127,0.0,3.1364415313875944,1.418140718642266,0.0,-1.921272377989766,4.249196430382582,31.057124193083137,125.90981241376002,156.96693660684315
3.365999999999851,9.81,3.93,1,1,0.01,0.01,-8.608079932845296,7.699907126005306,-3.3734057348567323,4.717758143888804,9.51802550951379,-14.628039949426057,0.0,-1.5172700872514828,2.0694443843733232,0.0,3.1365690808344344,1.3989771365255717,0.0,-1.880717966038201,4.216653487773008,30.885487405859855,126.08077226546857,156.96625967132843
3.3679999999998507,9.81,3.93,1,1,0.01,0.01,-8.614807796809663,7.709313613171949,-3.3545021050917994,4.6888417192429515,9.38640018489738,-14.289952849904928,0.0,-1.5109968372433398,2.0722231538808806,0.0,3.136680122046931,1.3797885267357286,0.0,-1.8411061904307544,4.185395861903539,30.716103408886262,126.24948742291576,156.96559083180202
3.3699999999998504,9.81,3.93,1,1,0.01,0.01,-8.62149811360053,7.718662937437316,-3.3358569937055647,4.660592161099952,9.259477734775116,-13.961110144840845,0.0,-1.5047233804415538,2.0749635221379,0.0,3.1367760380462273,1.3605760762427872,0.0,-1.8024026928571402,4.155396876797203,30.54896738865794,126.4159624888297,156.96492987748763
3.3719999999998502,9.81,3.93,1,1,0.01,0.01,-8.628151390965451,7.727956414296588,-3.317461168964409,4.6329913554762125,9.137085752490515,-13.641140314394498,0.0,-1.498449745771107,2.0776654426127052,0.0,3.136858146625968,1.3413409279235193,0.0,-1.7645742135836517,4.126630957108613,30.384074608463685,126.58020199677327,156.96427660523696
3.37399999999985,9.81,3.93,1,1,0.01,0.01,-8.634768118526951,7.737195323747005,-3.299305734436621,4.6060219120158195,9.01906124595152,-13.32969104732328,0.0,-1.4921759595829283,2.080328871017458,0.0,3.1369277045623303,1.3220841831402126,0.0,-1.727588537609406,4.099073580049422,30.22142040464572,126.7422104145279,156.96363081917363
3.37599999999985,9.81,3.93,1,1,0.01,0.01,-8.641348768434687,7.746380911697518,-3.2813821107343086,4.579667126772746,8.90525007361535,-13.026428056188115,0.0,-1.4859020457719814,2.082953765227569,0.0,3.1369859115279075,1.3028069041617982,0.0,-1.6914144439103014,4.072701230053099,30.061000183024127,126.9019921473331,156.96299233035722
3.3779999999998496,9.81,3.93,1,1,0.01,0.01,-8.64789379598219,7.755514391306299,-3.263682018341982,4.553910947276687,8.79550642126683,-12.73103397731968,0.0,-1.4796280258877923,2.085540085205807,0.0,3.137033913733772,1.2835101164393004,0.0,-1.6560216575605795,4.047491356014438,29.902809415475378,127.0595515409913,156.96236095646668
3.3799999999998493,9.81,3.93,1,1,0.01,0.01,-8.65440364019028,7.764596944250545,-3.246197461453551,4.528737939720002,8.689692316303047,-12.443207348679827,0.0,-1.4733539192379501,2.088087792930833,0.0,3.13707280732171,1.264194810746581,0.0,-1.621380804537717,4.023422330949814,29.746843636654464,127.21489288484744,156.9617365215019
3.381999999999849,9.81,3.93,1,1,0.01,0.01,-8.660878724359113,7.773629721932644,-3.228920712745773,4.504133258116285,8.587677176533683,-12.162661659372716,0.0,-1.467079742985058,2.0905968523298766,0.0,3.1371036415267644,1.2448619451966056,0.0,-1.5874633690312394,4.000473413934853,29.59309844085217,127.36802041464948,156.96111885550164
3.383999999999849,9.81,3.93,1,1,0.01,0.01,-8.66731945659065,7.782613846626511,-3.211844299021877,4.4800826152930755,8.489337390774093,-11.889124465117552,0.0,-1.4608055122375625,2.093067229215327,0.0,3.1371274216283886,1.2255124471423904,0.0,-1.5542416530890544,3.978624714185536,29.441569478979098,127.51893831529844,156.96050779427753
3.3859999999998487,9.81,3.93,1,1,0.01,0.01,-8.673726230283231,7.791550412567646,-3.1949609876642984,4.456572255592012,8.394555928749677,-11.622336564498712,0.0,-1.4545312401348902,2.095498891225038,0.0,3.137145111706827,1.2061472149712695,0.0,-1.521688738447453,3.9578571571576084,29.292252455667253,127.66765072349548,156.95990317916272
3.3879999999998485,9.81,3.93,1,1,0.01,0.01,-8.680099424599815,7.800440486990197,-3.1782637738402006,4.433588929159705,8.303221978048139,-11.362051231262846,0.0,-1.4482569379272454,2.0978918077660955,0.0,3.1371576372200396,1.1867671198003331,0.0,-1.4897784504020732,3.9381524525477403,29.14514312648285,127.81416173029096,156.95930485677383
3.3899999999998482,9.81,3.93,1,1,0.01,0.01,-8.68643940491135,7.809285111114102,-3.1617458684077873,4.411119867721603,8.21523060605266,-11.108033498342518,0.0,-1.4419826150504205,2.1002459499619017,0.0,3.137165887415049,1.1673730070802666,0.0,-1.458485323587419,3.919493064087394,29.000237295243043,127.95847538354302,156.95871267878607
3.391999999999848,9.81,3.93,1,1,0.01,0.01,-8.692746523216606,7.818085301085185,-3.1454006864753556,4.3891527617394095,8.130482444968314,-10.860059489658827,0.0,-1.4357082791959437,2.1025612906023676,0.0,3.1371707175864203,1.1479656981143576,0.0,-1.4277845695421667,3.9018621810276515,28.857530811429328,128.1005956902908,156.95812650172013
3.393999999999848,9.81,3.93,1,1,0.01,0.01,-8.699021118539738,7.826842048870867,-3.1292218365686577,4.367675738860159,8.048883398214333,-10.617915796089887,0.0,-1.4294339363768482,2.1048378040970803,0.0,3.137172951193617,1.1285459914987694,0.0,-1.3976520459460302,3.8852436912200803,28.71701956769197,128.2405266190488,156.95754618674079
3.3959999999998476,9.81,3.93,1,1,0.01,0.01,-8.70526351730678,7.835556323114,-3.1132031103654447,4.346677343571974,7.970344366602123,-10.381398892298318,0.0,-1.4231595909893389,2.10707546643126,0.0,3.1371733818478145,1.109114664489896,0.0,-1.3680642274222274,3.8696221557048087,28.578699497439615,128.37827210202587,156.95697159946548
3.3979999999998474,9.81,3.93,1,1,0.01,0.01,-8.711474033702107,7.844229069947147,-3.097338472959085,4.326146517987863,7.894780992851249,-10.150314591386932,0.0,-1.4168852458706092,2.1092742551243946,0.0,3.1371727751780676,1.0896724743040567,0.0,-1.3389981778068318,3.8549827847229814,28.442566572507843,128.51383603727544,156.95640260978328
3.399999999999847,9.81,3.93,1,1,0.01,0.01,-8.717652970005965,7.852861213769506,-3.081622053615932,4.306072583684713,7.822113423116387,-9.92447753460263,0.0,-1.4106109023530355,2.1114341491913997,0.0,3.1371718705857696,1.0702201593544705,0.0,-1.310431523793234,3.8413114150761847,28.308616800902172,128.64722229078018,156.95583909168235
3.401999999999847,9.81,3.93,1,1,0.01,0.01,-8.723800616913945,7.861453657988503,-3.0660481369936514,4.286445224529981,7.752266084307664,-9.703710713537053,0.0,-1.4043365603149718,2.1135551291062162,0.0,3.137171382895749,1.050758440430028,0.0,-1.282342429866111,3.82859448876048,28.176846224610347,128.77843469847758,156.95528092308794
3.4039999999998467,9.81,3.93,1,1,0.01,0.01,-8.729917253839352,7.870007285727975,-3.0506111547900545,4.267254470433451,7.685167476087296,-9.487845022480625,0.0,-1.3980622182283313,2.115637176767673,0.0,3.1371720039115396,1.0312880218202247,0.0,-1.2547095744453671,3.8168190328074396,28.047250917478976,128.9074770682272,156.95472798570617
3.4059999999998465,9.81,3.93,1,1,0.01,0.01,-8.736003149199272,7.878522960504734,-3.0353056777941263,4.248490681965953,7.620749976515344,-9.276718838774613,0.0,-1.3917878732031568,2.1176802754675847,0.0,3.137174403881895,1.0118095923900603,0.0,-1.2275121271655394,3.805972640269049,27.919826983150106,129.0343531817274,156.9541801648775
3.4079999999998463,9.81,3.93,1,1,0.01,0.01,-8.74205856068512,7.887001526875189,-3.020126408312908,4.2301445357910445,7.558949660400923,-9.07017762917884,0.0,-1.385513521029333,2.1196844098609415,0.0,3.137179232885001,0.9923238266086809,0.0,-1.2007297272214217,3.796043452287456,27.794570553053966,129.159066796383,156.95363734943697
3.409999999999846,9.81,3.93,1,1,0.01,0.01,-8.748083735518394,7.895443811053606,-3.005068172949701,4.212207010859471,7.499706129490755,-8.868073580430009,0.0,-1.3792391562156108,2.121649565938099,0.0,3.137187122136319,0.9728313855352091,0.0,-1.1743424627151615,3.7870201411943625,27.671477784453224,129.28162164712728,156.9530994315805
3.411999999999846,9.81,3.93,1,1,0.01,0.01,-8.754078910692325,7.90385062150347,-2.9901259157107303,4.1946693753197435,7.44296235369562,-8.670265252308182,0.0,-1.3729647720260894,2.123575730998913,0.0,3.1371986852256137,0.9533329177649157,0.0,-1.1483308509442525,3.778891894588578,27.55054485853552,129.40202144820324,156.95256630673876
3.4139999999998456,9.81,3.93,1,1,0.01,0.01,-8.760044313200048,7.912222749503365,-2.975294691418936,4.177523174101372,7.38866452261869,-8.476617251660667,0.0,-1.3666903605142848,2.1254628936287334,0.0,3.1372145192882184,0.9338290603387811,0.0,-1.1226758195738917,3.7716484003434743,27.431767978550106,129.52026989490656,156.95203787345667
3.4159999999998454,9.81,3.93,1,1,0.01,0.01,-8.765980160249889,7.92056096968864,-2.9605696594149773,4.160760217130306,7.336761906707295,-8.28699992595216,0.0,-1.3604159125549244,2.1273110436761726,0.0,3.1372352061152564,0.9143204396192619,0.0,-1.097358688640796,3.7652798324993815,27.31514336798548,129.6363706652932,156.9515140332787
3.417999999999845,9.81,3.93,1,1,0.01,0.01,-8.771886659468324,7.928866040570121,-2.945946077526834,4.14437256813885,7.2872067274026,-8.101289075019546,0.0,-1.3541414178735747,2.1291201722325983,0.0,3.137261313207194,0.8948076721349065,0.0,-1.0723611533389439,3.7597768379988787,27.20066726878469,129.75032742185476,156.95099469063945
3.419999999999845,9.81,3.93,1,1,0.01,0.01,-8.777764009091138,7.9371387050310025,-2.9314192962905996,4.128352534034901,7.239954035709942,-7.919365679810264,0.0,-1.3478668650742134,2.130890271613283,0.0,3.137293394774739,0.8752913653963512,0.0,-1.0476652675408877,3.7551305242255943,27.088335939594778,129.8621438131649,156.95047975275966
3.4219999999998447,9.81,3.93,1,1,0.01,0.01,-8.783612398143257,7.945379690803007,-2.9169847534061595,4.112692654797669,7.194961598657079,-7.741115646974694,0.0,-1.3415922416648525,2.1326213353401653,0.0,3.137331992690867,0.8557721186859352,0.0,-1.023253428011069,3.7513324473099474,26.9781456540478,129.9718234754991,156.9499691295469
3.4239999999998445,9.81,3.93,1,1,0.01,0.01,-8.789432006607715,7.953589710922839,-2.9026379684124763,4.097385693869242,7.152189793148374,-7.566429568268182,0.0,-1.3353175340813028,2.134313358126166,0.0,3.137377637397424,0.8362505238232868,0.0,-0.9991083592705281,3.748374601167453,26.870092699070014,130.07937003443112,156.94946273350115
3.4259999999998443,9.81,3.93,1,1,0.01,0.01,-8.79522300558418,7.961769464169897,-2.8883745375681587,4.082424629013346,7.1116015067603895,-7.3952024937950505,0.0,-1.3290427277091674,2.1359663358609993,0.0,3.137430848769556,0.8167271659089061,0.0,-0.9752130990746993,3.7462494072376473,26.764173373216735,130.18478710640719,156.9489604796239
3.427999999999844,9.81,3.93,1,1,0.01,0.01,-8.80098555743744,7.969919635486141,-2.874190128923845,4.067802643614533,7.073162045058567,-7.227333718198207,0.0,-1.322767806904139,2.1375802655984644,0.0,3.1374921369409834,0.7972026240477248,0.0,-0.9515509844684183,3.7449497048938305,26.660383985029934,130.28807830030246,156.9484622853324
3.429999999999844,9.81,3.93,1,1,0.01,0.01,-8.806719815936196,7.978040896378985,-2.860080477573764,4.053513118392741,7.036839045046525,-7.062726578963452,0.0,-1.316492755010699,2.139155145545182,0.0,3.137562003092918,0.7776774720545241,0.0,-0.9281056383844343,3.7444687424957745,26.55872085141615,130.38924721896183,156.94796807037798
3.4319999999998436,9.81,3.93,1,1,0.01,0.01,-8.81242592638256,7.986133905308007,-2.846041381074563,4.039549623509776,7.002602394389033,-6.901288266068195,0.0,-1.3102175543792556,2.140690975050666,0.0,3.1376409402092045,0.7581522791431408,0.0,-0.9048609567539395,3.7448001690594372,26.459180296041833,130.48829746072386,156.9474777567657
3.4339999999998434,9.81,3.93,1,1,0.01,0.01,-8.818104025732513,7.994199308056253,-2.8320686950201988,4.025905911045762,6.970424156075434,-6.742929642258059,0.0,-1.3039421863818172,2.142187754598839,0.0,3.137729433800194,0.7386276106009261,0.0,-0.8818010960990764,3.7459380265196343,26.361758647743983,130.58523262093718,156.94699126868116
3.435999999999843,9.81,3.93,1,1,0.01,0.01,-8.823754242707686,8.002237738086839,-2.8181583287623186,4.012575907824955,6.940278498216565,-6.587565073287957,0.0,-1.2976666314262344,2.143645485800815,0.0,3.137827962597557,0.7191040284503545,0.0,-0.8589104615797635,3.7478767425631543,26.266452238953566,130.68005629346408,156.94650853241765
3.437999999999843,9.81,3.93,1,1,0.01,0.01,-8.829376697898708,8.010249816885544,-2.8043062412661524,3.9995537085716415,6.912141628690027,-6.435112267509596,0.0,-1.2913908689690947,2.145064171389037,0.0,3.137936999222186,0.6995820920992013,0.0,-0.836173695468339,3.7506111240114195,26.17325740412891,130.77277207217895,156.94602947630787
3.4399999999998427,9.81,3.93,1,1,0.01,0.01,-8.83497150386039,8.01823615429003,-2.79050843709249,3.9868335693779935,6.8859917343701,-6.285492124231196,0.0,-1.285114877527291,2.146443815212683,0.0,3.13805701082722,0.6800623589808428,0.0,-0.8135756660273454,3.7541363507334697,26.082170478197842,130.86338355246053,156.94555403065837
3.4419999999998425,9.81,3.93,1,1,0.01,0.01,-8.840538765199002,8.026197348806285,-2.776760962496819,3.974409901466879,6.861808924698402,-6.138628590315731,0.0,-1.2788386346883396,2.1477844222343476,0.0,3.1381884597179885,0.660545385186184,0.0,-0.7911014567671879,3.7584479700711486,25.993187795005024,130.95189433268146,156.94508212768648
3.4439999999998423,9.81,3.93,1,1,0.01,0.01,-8.846078578651852,8.034133987912892,-2.7630599016371664,3.962277265233658,6.839575179369073,-5.99444852452001,0.0,-1.2725621171194703,2.1490859985279873,0.0,3.138331803950681,0.6410317260885537,0.0,-0.7687363560616756,3.7635418917600276,25.90630568576318,131.03830801569728,156.94461370146047
3.445999999999842,9.81,3.93,1,1,0.01,0.01,-8.851591033159382,8.042046648353626,-2.7494013728826383,3.9504303645519476,6.8192742999191855,-5.8528815691117515,0.0,-1.2662853005755474,2.1503485512781046,0.0,3.1384874979113735,0.6215219369629803,0.0,-0.7464658471008415,3.769414383330699,25.821520477505878,131.1226282103362,156.94414868784207
3.447999999999842,9.81,3.93,1,1,0.01,0.01,-8.857076209929977,8.049935896418932,-2.735781525215031,3.9388640413292375,6.800891865030752,-5.713860028333303,0.0,-1.2600081599058464,2.151572088780168,0.0,3.138655992876927,0.6020165736011783,0.0,-0.7242755981616037,3.776062065976299,25.738828491539245,131.20485853289216,156.9436870244314
3.4499999999998416,9.81,3.93,1,1,0.01,0.01,-8.862534182497663,8.057802288216745,-2.7221965347162795,3.927573270299069,6.784415189364768,-5.577318753309542,0.0,-1.2537306690597243,2.1527566204422572,0.0,3.138837737559258,0.582516192923547,0.0,-0.7021514531779561,3.783481910873334,25.65822604189118,131.28500260862313,156.9432286505143
3.4519999999998414,9.81,3.93,1,1,0.01,0.01,-8.867965016772866,8.065646369933123,-2.7086426011348466,3.916553154037269,6.769833285761383,-5.443195033024988,0.0,-1.2474528010912214,2.1539021567879275,0.0,3.1390331786343313,0.5630213535894499,0.0,-0.6800794225934556,3.791671235943933,25.579709433755582,131.36306407325594,156.9427735070115
3.453999999999841,9.81,3.93,1,1,0.01,0.01,-8.873368771086364,8.073468678083122,-2.6951159445244706,3.905798918190457,6.757136830652497,-5.311428491019847,0.0,-1.241174528162614,2.155008709460298,0.0,3.1392427612571545,0.5435326166070233,0.0,-0.6580456744797666,3.8006277030486784,25.503274961929456,131.43904657450102,156.94232153643048
3.455999999999841,9.81,3.93,1,1,0.01,0.01,-8.8787454962266,8.08126973975234,-2.681612801949001,3.895305906905712,6.746318132544718,-5.181960987478228,0.0,-1.2348958215469568,2.156076291227367,0.0,3.139466929564017,0.5240505459437355,0.0,-0.6360365259059872,3.81034931560022,25.42891890924099,131.51295377357806,156.94187268281905
3.4579999999998408,9.81,3.93,1,1,0.01,0.01,-8.884095235470452,8.089050072829505,-2.668129424247302,3.8850695784509295,6.737371103441375,-5.054736526403372,0.0,-1.2286166516296237,2.1571049159885325,0.0,3.1397061271631235,0.5045757091389659,0.0,-0.614038434544441,3.8208344165887467,25.356637544966556,131.58478934675415,156.9414268917207
3.4599999999998405,9.81,3.93,1,1,0.01,0.01,-8.8894180246076,8.096810186230483,-2.6546620728524815,3.8750855010159806,6.730291233082138,-4.929701167594463,0.0,-1.222336987908888,2.1580945987823528,0.0,3.139960797614702,0.4851086779197529,0.0,-0.5920379904993676,3.8320816870114065,25.2864271232344,131.65455698689738,156.94098411013178
3.4619999999998403,9.81,3.93,1,1,0.01,0.01,-8.894713891958567,8.104550580114077,-2.641207016659911,3.86534934868534,6.7250755658881,-4.806802943158318,0.0,-1.2160567989955435,2.1590453557955542,0.0,3.140231384901655,0.46565002882090223,0.0,-0.5700219083458046,3.844090144698559,25.21828388141317,131.72226040504816,156.94054428646132
3.46399999999984,9.81,3.93,1,1,0.01,0.01,-8.89998285838655,8.11227174608992,-2.6277605289387416,3.855856897573362,6.7217226805093455,-4.685991778307165,0.0,-1.2097760526115966,2.1599572043732462,0.0,3.140518333891683,0.4462003438107836,0.0,-0.547977019366915,3.856859143530592,25.15220403848285,131.78790333200743,156.9401073704903
3.46599999999984,9.81,3.93,1,1,0.01,0.01,-8.905224937303121,8.119974167418796,-2.614318884281802,3.846604022113876,6.720232671878931,-4.567219416208292,0.0,-1.20349471558804,2.160830163030448,0.0,3.140822090791895,0.4267602109237957,0.0,-0.5258902639783325,3.8703883730399324,25.088183793386648,131.85148951994876,156.9396733133354
3.4679999999998397,9.81,3.93,1,1,0.01,0.01,-8.910440134667837,8.127658319205695,-2.600878355588953,3.837586691496211,6.720607135686416,-4.4504393466683325,0.0,-1.197212753861732,2.1616642514648365,0.0,3.141143103596702,0.4073302249009294,0.0,-0.5037486843293639,3.884677858393521,25.026219323360763,131.9130227440511,156.93924206741184
3.4699999999998394,9.81,3.93,1,1,0.01,0.01,-8.915628448981874,8.135324668585877,-2.5874352110791476,3.8288009662401863,6.722849155189496,-4.335606738446967,0.0,-1.1909301324713732,2.1624594905708214,0.0,3.141481822529928,0.3879109878394772,0.0,-0.4815394170710976,3.899727960751929,24.966306782240988,131.97250680415777,156.93881358639877
3.471999999999839,9.81,3.93,1,1,0.01,0.01,-8.920789871275693,8.142973674904217,-2.573985711326588,3.8202429949030123,6.726963290289998,-4.2226783750091945,0.0,-1.1846468155526098,2.163215902454911,0.0,3.1418387004818955,0.36850310985320317,0.0,-0.45924968628245405,3.915539378001918,24.908442298743125,132.02994552646277,156.9383878252059
3.473999999999839,9.81,3.93,1,1,0.01,0.01,-8.9259243850908,8.150605789888093,-2.5605261063165257,3.8119090109113936,6.73295556880612,-4.111612593536771,0.0,-1.1783627663322724,2.1639335104524138,0.0,3.1422141934422756,0.349107209744183,0.0,-0.4368667965457142,3.932113145859988,24.852621974715618,132.08534276522576,156.93796473994138
3.4759999999998388,9.81,3.93,1,1,0.01,0.01,-8.931031966455647,8.158221457814053,-2.547052632516375,3.8037953295124916,6.7408334798787095,-4.002369227030778,0.0,-1.172077947121743,2.1646123391454997,0.0,3.1426087609294338,0.32972391568754955,0.0,-0.41437812616370956,3.9494506393452014,24.798841883361682,132.13870240451905,156.93754428788074
3.4779999999998386,9.81,3.93,1,1,0.01,0.01,-8.936112583855666,8.165821115668505,-2.533561509957925,3.7958983448377253,6.750605969454594,-3.8949095493481125,0.0,-1.1657923193094772,2.1652524143826453,0.0,3.1430228664169877,0.3103538659304801,0.0,-0.3917711205115658,3.9675535746201422,24.747098067429,132.1900283600084,156.9371264274374
3.4799999999998383,9.81,3.93,1,1,0.01,0.01,-8.941166198197493,8.173405193302639,-2.5200489393265513,3.788214527073687,6.762283437795273,-3.789196223024209,0.0,-1.1595058433526586,2.1658537632994763,0.0,3.143456977758255,0.2909977095066877,0.0,-0.369033285516393,3.986424011199648,24.697386537364817,132.2393245807686,156.93671111813342
3.481999999999838,9.81,3.93,1,1,0.01,0.01,-8.946192762767366,8.180974113581788,-2.506511099053428,3.7807404197347436,6.775877738963413,-3.6851932497436075,0.0,-1.153218478768032,2.166416414341093,0.0,3.1439115676092224,0.2716561069677207,0.0,-0.34615218125892316,4.00606435452749,24.649703269433463,132.2865950511396,156.9362983205731
3.483999999999838,9.81,3.93,1,1,0.01,0.01,-8.951192223183705,8.18852829252945,-2.492944142406822,3.773472637032158,6.791402182244756,-3.5828659233289124,0.0,-1.1469301841218633,2.166940397285834,0.0,3.1443871138506942,0.2523297311325305,0.0,-0.32311541569185803,4.026477358921917,24.604044203794736,132.33184379262093,156.93588799641566
3.4859999999998377,9.81,3.93,1,1,0.01,0.01,-8.956164517343877,8.196068139466108,-2.4793441945786427,3.766407861334814,6.808871535466291,-3.4821807851263156,0.0,-1.1406409170190703,2.167425743270572,0.0,3.1448841000101826,0.23301926785665422,0.0,-0.2999106384700952,4.047666130891461,24.560405242540018,132.3750748658095,156.9354801083495
3.4879999999998375,9.81,3.93,1,1,0.01,0.01,-8.961109575365125,8.2035940571431,-2.465707349762488,3.759542840716873,6.828302030175722,-3.3831055816735,0.0,-1.1343506340915135,2.167872484817591,0.0,3.145403015684125,0.21372541682239815,0.0,-0.27652553488860526,4.069634132823142,24.51878224768369,132.4162923723845,156.93507462006818
3.4899999999998372,9.81,3.93,1,1,0.01,0.01,-8.966027319519632,8.21110644187163,-2.4520296682194958,3.7528743865878993,6.849711368650777,-3.2856092245430943,0.0,-1.1280592909854321,2.1682806558630423,0.0,3.145944356961012,0.19444889235161428,0.0,-0.25294781992454257,4.092385187045776,24.479171039107815,132.455500457139,156.93467149624684
3.491999999999837,9.81,3.93,1,1,0.01,0.01,-8.970917664163721,8.21860568364714,-2.438307173328373,3.7463993714012087,6.873118732710187,-3.1896617522613546,0.0,-1.1217668423480334,2.1686502917870456,0.0,3.1465086268459106,0.1751904242425547,0.0,-0.22916523238059144,4.115923480271628,24.441567392456676,132.49270331006164,156.93427070251832
3.493999999999837,9.81,3.93,1,1,0.01,0.01,-8.97578051566111,8.226092166269174,-2.4245358486160207,3.7401147264363845,6.898544794300643,-3.0952342942075886,0.0,-1.115473241813238,2.168981429445521,0.0,3.1470963356869186,0.15595075863233165,0.0,-0.20516552912716293,4.140253568420288,24.40596703697879,132.52790516847364,156.93387220545242
3.4959999999998366,9.81,3.93,1,1,0.01,0.01,-8.980615772300233,8.23356626745686,-2.410711634765229,3.734017439652084,6.926011727837772,-3.002299036406699,0.0,-1.1091784419865656,2.169274107203726,0.0,3.147708001604052,0.13673065888678576,0.0,-0.1809364794419856,4.165380381829254,24.372365653313786,132.56111031921944,156.93347597253322
3.4979999999998364,9.81,3.93,1,1,0.01,0.01,-8.985423324205529,8.241028358960188,-2.3968304265959532,3.728104553605443,6.955543224280343,-2.9108291891311113,0.0,-1.1028823944291526,2.169528364971648,0.0,3.1483441509210137,0.11753090651921067,0.0,-0.15646585944575284,4.191309230856205,24.340758871220864,132.5923231009187,156.93308197213955
3.499999999999836,9.81,3.93,1,1,0.01,0.01,-8.990203053242679,8.248478806667173,-2.3828880700167234,3.7223731634345243,6.987164506920567,-2.820798956235559,0.0,-1.0965850496409204,2.169744244241234,0.0,3.149005318600299,0.09835230213994511,0.0,-0.13174144663382528,4.218045811878591,24.311142267245792,132.62154790627878,156.93269017352458
3.501999999999836,9.81,3.93,1,1,0.01,0.01,-8.994954832917701,8.25591797070705,-2.3688803589427705,3.716820414900431,7.020902348874288,-2.7321835061511752,0.0,-1.0902863570428551,2.169921788125563,0.0,3.149692048682085,0.07919566643850767,0.0,-0.10675101450416478,4.245596213696684,24.28351136232384,132.64878918447266,156.9323005467965
3.5039999999998357,9.81,3.93,1,1,0.01,0.01,-8.999678528269857,8.263346205549608,-2.3548030321774838,3.7114435024858285,7.056785092257155,-2.6449589444711554,0.0,-1.0839862649584089,2.170061041400013,0.0,3.1504048947273096,0.06006184120022984,0.0,-0.08148232728268857,4.273966924346841,24.257861619314944,132.67405144358503,156.93191306289998
3.5059999999998355,9.81,3.93,1,1,0.01,0.01,-9.004373995758275,8.270763860100784,-2.3406517702538414,3.706239667546753,7.094842669034356,-2.559102288064058,0.0,-1.0776847205940179,2.170162050545507,0.0,3.151144420265323,0.040951690359337545,0.0,-0.055923134747893476,4.303164838332231,24.2341884404679,132.69733925313025,156.93152769359816
3.5079999999998353,9.81,3.93,1,1,0.01,0.01,-9.009041083142215,8.278171277794595,-2.3264221922324766,3.7012061965147214,7.135106623532749,-2.474591440655095,0.0,-1.0713816700187029,2.1702248637938792,0.0,3.151911199246511,0.021866101090618928,0.0,-0.030061167157554136,4.333197264278922,24.21248716481047,132.71865724664406,156.9311444114545
3.509999999999835,9.81,3.93,1,1,0.01,0.01,-9.013679629354879,8.285568796681533,-2.3121098524530663,3.696340419146255,7.177610136605056,-2.391405169819314,0.0,-1.0650770581427804,2.1702495311755055,0.0,3.1527058165002133,0.002805984941674722,0.0,-0.0038841302808420306,4.364071933025652,24.192753065461268,132.7380101243556,156.93076318981687
3.511999999999835,9.81,3.93,1,1,0.01,0.01,-9.018289464370689,8.292956749513504,-2.2977102372357487,3.691639706817049,7.222388051437077,-2.309523085334856,0.0,-1.058770828695639,2.1702361045691956,0.0,3.153528868198291,-0.016227720991816186,0.0,0.022620299459418177,4.395797006156306,24.174981346860235,132.75540265593952,156.93038400279977
3.5139999999998346,9.81,3.93,1,1,0.01,0.01,-9.022870409065893,8.300335463825395,-2.283218761529287,3.6871014708581145,7.2694769009888125,-2.228925618846966,0.0,-1.0524629242025836,2.1701846377545153,0.0,3.154380962324643,-0.0352340528456529,0.0,0.04946447972918483,4.428381084984507,24.159167141913674,132.77083968335515,156.93000682526883
3.5159999999998344,9.81,3.93,1,1,0.01,0.01,-9.027422275072434,8.307705262013352,-2.268630765502728,3.682723160931325,7.318914937061112,-2.149594004797782,0.0,-1.0461532859607399,2.170095186466572,0.0,3.155262719150953,-0.05421201871890252,0.0,0.07666080690370335,4.461833220000444,24.145305509049678,132.78432612377497,156.92963163282465
3.517999999999834,9.81,3.93,1,1,0.01,0.01,-9.031944864624926,8.315066461409852,-2.253941511077308,3.6785022634418683,7.37074216097885,-2.071510262578855,0.0,-1.0398418540139973,2.1699678084534115,0.0,3.1561747717189457,-0.07316059735553238,0.0,0.10422172055879889,4.496162920790427,24.133391429180342,132.7958669726076,156.92925840178793
3.519999999999834,9.81,3.93,1,1,0.01,0.01,-9.036437970400643,8.32241937435563,-2.239146178395383,3.6744362999852065,7.425000355882002,-1.9946571798674455,0.0,-1.0335285671269778,2.169802563536079,0.0,3.1571177663293644,-0.09207873677302891,0.0,0.13215970782404213,4.531380166440311,24.12341980256592,132.80546730661817,156.92888710918407
3.5219999999998337,9.81,3.93,1,1,0.01,0.01,-9.04090137535237,8.329764308268526,-2.224239862223179,3.6705228258262097,7.481733120614451,-1.9190182971094218,0.0,-1.0272133627580287,2.1695995136715016,0.0,3.158092363037873,-0.11096535283541198,0.0,0.16048730758818838,4.567495416434379,24.115385445576607,132.81313228715203,156.92851773272864
3.5239999999998335,9.81,3.93,1,1,0.01,0.01,-9.045334852534001,8.337101565709341,-2.209217568284171,3.6667594284082057,7.540985905200066,-1.8445778931149852,0.0,-1.0208961770312048,2.1693587230182523,0.0,3.1590992361580934,-0.12981932776752664,0.0,0.18921711454541476,4.604519622061874,24.109283087347684,132.81886716346463,156.9281502508123
3.5259999999998333,9.81,3.93,1,1,0.01,0.01,-9.049738164918724,8.344431444444716,-2.1940742095199393,3.6631437258897526,7.602806047893336,-1.771320971735154,0.0,-1.0145769447072515,2.1690802580053883,0.0,3.160139074771857,-0.14863950860777186,0.0,0.21836178307006426,4.64246423834373,24.105107366322507,132.82267727616514,156.92778464248764
3.527999999999833,9.81,3.93,1,1,0.01,0.01,-9.054111065209653,8.351754237507125,-2.1788046022753575,3.6596733657070026,7.667242813790897,-1.699233249590291,0.0,-1.0082555991535447,2.1687641874044052,0.0,3.161212583246837,-0.1674247055958626,0.0,0.24793403090549768,4.681341236492746,24.10285282667914,132.824568060775,156.92742088745413
3.529999999999833,9.81,3.93,1,1,0.01,0.01,-9.058453295642764,8.359070233252012,-2.1634034624050114,3.6563460231595792,7.734347434987184,-1.6283011448231641,0.0,-1.0019320723129976,2.16841058240452,0.0,3.1623204817615624,-0.1861736904924608,0.0,0.27794664265159985,4.721163116920701,24.102513914634464,132.82454505141058,156.92705896604505
3.5319999999998326,9.81,3.93,1,1,0.01,0.01,-9.062764587781936,8.366379715412123,-2.147865401297778,3.6531594000179433,7.804173152255273,-1.5585117668522166,0.0,-0.9956062946719078,2.1680195166913485,0.0,3.163463506837904,-0.2048851948269959,0.0,0.3084124730332339,4.7619429228065995,24.10408497462141,132.82261388459165,156.92669885921305
3.5339999999998324,9.81,3.93,1,1,0.01,0.01,-9.067044662305994,8.373682963149065,-2.132184921816537,3.6501112231502737,7.8767752582301425,-1.489852907101605,0.0,-0.9892781952267335,2.1675910665292077,0.0,3.164642411880911,-0.22355790807019205,0.0,0.33934444993060386,4.803694254240409,24.107560245332298,132.81878030318498,156.9263405485173
3.535999999999832,9.81,3.93,1,1,0.01,0.01,-9.071293228787507,8.380980251102153,-2.116356414150034,3.6471992431669285,7.952211142068507,-1.422313030687814,0.0,-0.9829477014497814,2.167125310847108,0.0,3.1658579677260175,-0.24219047572727598,0.0,0.37075557714994156,4.846431282957381,24.112933855623776,132.81305016048555,156.9259840161093
3.537999999999832,9.81,3.93,1,1,0.01,0.01,-9.075509985463224,8.388271849434545,-2.100374151573974,3.6444212330805903,8.030540335554168,-1.3558812690432802,0.0,-0.9766147392537898,2.166622331328666,0.0,3.1671109631934105,-0.2607814973479497,0.0,0.4026589369112076,4.890168767678163,24.120199820276216,132.80542942444362,156.92562924471983
3.5399999999998317,9.81,3.93,1,1,0.01,0.01,-9.079694618995932,8.395558023876722,-2.0842322861184863,3.641774986980245,8.111824560613247,-1.2905474134599735,0.0,-0.9702792329553992,2.1660822125060815,0.0,3.168402205649383,-0.2793295244488739,0.0,0.435067692026963,4.934922070070396,24.129352035601407,132.7959241820438,156.9252762176452
3.5419999999998315,9.81,3.93,1,1,0.01,0.01,-9.083846804227546,8.402839035767322,-2.0679248441391866,3.6392583187171637,8.196127778197823,-1.2263019095374172,0.0,-0.9639411052374978,2.165505041858351,0.0,3.169732521574406,-0.29783305834420065,0.0,0.4679950877440605,4.980707171347828,24.140384274891982,132.78454064384158,156.92492491873355
3.5439999999998313,9.81,3.93,1,1,0.01,0.01,-9.087966203923258,8.41011514209136,-2.0514457217891393,3.6368690606010987,8.283516238489748,-1.1631358525207962,0.0,-0.9576002771104102,2.164890909913928,0.0,3.171102757137568,-0.3162905478795766,0.0,0.5014544532172522,5.027540689523146,24.15329018370554,132.77128514866604,156.92457533237157
3.545999999999831,9.81,3.93,1,1,0.01,0.01,-9.09205246850651,8.417386595515852,-2.03478868038914,3.6346050621049213,8.374058532369244,-1.1010409835169175,0.0,-0.9512566678719532,2.1642399103580114,0.0,3.172513778776947,-0.3347003870647107,0.0,0.535459202580761,5.075439897331058,24.168063274975907,132.7561641684947,156.9242274434706
3.547999999999831,9.81,3.93,1,1,0.01,0.01,-9.096105235784618,8.424653644422847,-2.017947341693848,3.6324641885759616,8.467825644084746,-1.040009686576802,0.0,-0.9449101950663015,2.1635521401446622,0.0,3.1739664737854234,-0.3530609125993811,0.0,0.5700228355807456,5.124422740838288,24.184696923944447,132.73918431350768,156.92388123745212
3.5499999999998306,9.81,3.93,1,1,0.01,0.01,-9.100124130664819,8.43191653293989,-2.000915183051439,3.6304443199523235,8.56489100505057,-0.9800349866348137,0.0,-0.9385607744416953,2.162827699614007,0.0,3.1754617509012792,-0.3713704012876766,0.0,0.605158937728499,5.174507858757201,24.203184362902974,132.7203523373316,156.9235367002346
3.5519999999998304,9.81,3.93,1,1,0.01,0.01,-9.10410876486052,8.43917550096793,-1.983685532454601,3.628543349482472,8.665330548689612,-0.9211105482962401,0.0,-0.9322083199069513,2.1620666926147027,0.0,3.177000540902878,-0.3896270673346787,0.0,0.640881179930045,5.225714602479843,24.22351867574021,132.69967514247793,156.92319381821812
3.55399999999983,9.81,3.93,1,1,0.01,0.01,-9.108058736587557,8.446430784206656,-1.966251563480881,3.6267591824464045,8.769222766225907,-0.8632306754655419,0.0,-0.9258527434867887,2.161269226631945,0.0,3.1785837972065796,-0.40782905951988946,0.0,0.6772033175444906,5.278063056849145,24.245692792283375,132.6771597859871,156.92285257827047
3.55599999999983,9.81,3.93,1,1,0.01,0.01,-9.111973630250201,8.453682614177282,-1.948606290120583,3.62508973487673,8.876648763319785,-0.8063903118090949,0.0,-0.9194939552759467,2.1604354129212497,0.0,3.1802124964669005,-0.4259744582411674,0.0,0.7141391888188441,5.331574061683814,24.26969948242552,132.65281348528583,156.92251296771136
3.5579999999998297,9.81,3.93,1,1,0.01,0.01,-9.115853016116722,8.460931218242775,-1.9307425614906544,3.6235329322779912,8.987692317423843,-0.7505850420471751,0.0,-0.9131318633921159,2.1595653666482852,0.0,3.181887639177794,-0.4440612724227696,0.0,0.751702712642676,5.386269234073168,24.295531350029286,132.62664362426776,156.92217497429704
3.5599999999998295,9.81,3.93,1,1,0.01,0.01,-9.119696449984259,8.46817681962551,-1.912653056433253,3.62208670834258,9.102439935722385,-0.6958110940704194,0.0,-0.9067663739276499,2.158659207035035,0.0,3.1836102502737758,-0.4620874362807798,0.0,0.7899078855610908,5.442170991457819,24.323180826597618,132.59865775960702,156.92183858620464
3.5619999999998293,9.81,3.93,1,1,0.01,0.01,-9.123503472832773,8.475419637422364,-1.8943302779979785,3.620749003661597,9.220980913500165,-0.6420653418775517,0.0,-0.9003973909000873,2.1577170575125755,0.0,3.1853813797294435,-0.48005080593886434,0.0,0.8287687779791797,5.499302575511575,24.352640164700716,132.56886362731484,156.92150379201556
3.563999999999829,9.81,3.93,1,1,0.01,0.01,-9.127273610467846,8.482659886617215,-1.8757665478070813,3.6195177644290166,9.343407392766704,-0.5893453093313292,0.0,-0.8940248162014778,2.1567390458807667,0.0,3.1872021031557334,-0.4979491558869069,0.0,0.8682995294853225,5.557688076839093,24.383901431148953,132.5372691495492,156.92117058069815
3.565999999999829,9.81,3.93,1,1,0.01,0.01,-9.131006373152092,8.489897778090846,-1.8569540003033267,3.6183909411375264,9.46981442094208,-0.5376491747302441,0.0,-0.8876485495465081,2.1557253044752023,0.0,3.1890735223910744,-0.5157801752749002,0.0,0.9085143432149112,5.617352460503119,24.416956499900326,132.50388244168957,156.9208389415899
3.5679999999998286,9.81,3.93,1,1,0.01,0.01,-9.134701255224948,8.497133518628228,-1.8378845768806051,3.6173664872644054,9.600300009386515,-0.4869757761942859,0.0,-0.8812684884194688,2.1546759703417484,0.0,3.190996766085353,-0.5335414640339982,0.0,0.9494274791692723,5.678321592393922,24.45179704469112,132.46871181968856,156.92050886437968
3.5699999999998284,9.81,3.93,1,1,0.01,0.01,-9.138357734710617,8.504367310923168,-1.8185500198978402,3.616442357945822,9.73496519153182,-0.4373246178636241,0.0,-0.8748845280200563,2.1535911854189953,0.0,3.19297299027436,-0.5512305288161745,0.0,0.991053246397326,5.740622266452253,24.488414531377202,132.43176580771018,156.92018033908738
3.571999999999828,9.81,3.93,1,1,0.01,0.01,-9.141975272913903,8.511599353580293,-1.7989418665772547,3.61561650863792,9.87391408034407,-0.38869587690841056,0.0,-0.8684965612080315,2.1524710967290526,0.0,3.1950033789421313,-0.568844778743856,0.0,1.033405993940441,5.804282232755612,24.526800209973967,132.39305314607083,156.9198533560448
3.573999999999828,9.81,3.93,1,1,0.01,0.01,-9.145553314003754,8.51882984111433,-1.7790514427886284,3.614886893763075,10.017253924817535,-0.34109041134935314,0.0,-0.8621044784467711,2.151315856577008,0.0,3.1970891445682894,-0.5863815209601038,0.0,1.076500100432034,5.869330226475697,24.56694510638116,132.3525827994928,156.91952790587396
3.5759999999998278,9.81,3.93,1,1,0.01,0.01,-9.149091284584236,8.526058963946682,-1.7588698567218102,3.6142514653397013,10.165095165165944,-0.29450976868736856,0.0,-0.8557081677457475,2.150125622759527,0.0,3.1992315286571373,-0.6038379559699165,0.0,1.1203499622353812,5.935795997712727,24.608840013779055,132.31036396568638,156.91920397946544
3.5779999999998275,9.81,3.93,1,1,0.01,0.01,-9.152588593252762,8.533286908399225,-1.7383879924504584,3.6137081715939914,10.31755148634195,-0.24895619534165325,0.0,-0.8493075146019704,2.1489005587829535,0.0,3.2014318022449886,-0.6212111727624228,0.0,1.1649699799929287,6.003710342209855,24.65247548368189,132.26640608427277,156.91888156795466
3.5799999999998273,9.81,3.93,1,1,0.01,0.01,-9.156044630145335,8.540513856685326,-1.7175965033907492,3.6132549555519713,10.474739869474964,-0.204432646893689,0.0,-0.8429024019404315,2.147640834091428,0.0,3.2036912663817123,-0.6384981437037064,0.0,1.210374543450968,6.073105132947796,24.697841816633026,132.22071884606504,156.91856066269807
3.581999999999827,9.81,3.93,1,1,0.01,0.01,-9.159458766468603,8.547739986898016,-1.6964858056596661,3.612889753610265,10.636780640775665,-0.16094279913580545,0.0,-0.8364927100536181,2.1463466243054286,0.0,3.206011252582186,-0.6556957191891613,0.0,1.2565780144118455,6.144013352616608,24.74492905252724,132.17331220271979,156.91824125524704
3.583999999999827,9.81,3.93,1,1,0.01,0.01,-9.162830354018546,8.55496547299528,-1.6750460713384252,3.6126104940839587,10.803797517407391,-0.1184910599207325,0.0,-0.8300783165401684,2.1450181114712743,0.0,3.208393123242757,-0.6728006220441509,0.0,1.303594707654774,6.2164691269574455,24.79372696054276,132.12419637677806,156.91792333732081
3.5859999999998267,9.81,3.93,1,1,0.01,0.01,-9.166158724685587,8.562190484782422,-1.6532672216476454,3.61241509572997,10.97591764977418,-0.07708258180813932,0.0,-0.8236590962427159,2.143655484322088,0.0,3.2108382720174338,-0.689809441661144,0.0,1.351438869653446,6.2905077589628595,24.8442250286673,132.07338187211087,156.91760690077817
3.5879999999998264,9.81,3.93,1,1,0.01,0.01,-9.169443189945985,8.569415187891455,-1.6311389200420268,3.61230146624433,11.153271659619286,-0.036723275503064645,0.0,-0.8172349211850412,2.1422589385507522,0.0,3.213348124147895,-0.7067186278610151,0.0,1.4001246549051343,6.366165763919035,24.896412452799748,132.0208794847871,156.91729193758684
3.589999999999826,9.81,3.93,1,1,0.01,0.01,-9.172683040339333,8.576639743757447,-1.6086505652335714,3.6122675007318024,11.335993673267424,0.0025801759208698982,0.0,-0.8108056605086049,2.1408286770954326,0.0,3.215924136740875,-0.7235244844658222,0.0,1.4496660996716781,6.443480905267659,24.950278125409703,131.96670031438202,156.91697843979173
3.591999999999826,9.81,3.93,1,1,0.01,0.01,-9.175877544932042,8.583864309591789,-1.5857912841537818,3.6123110801462817,11.524221349278504,0.04082030202217046,0.0,-0.8043711804085936,2.1393649104382586,0.0,3.218567798985808,-0.74022316256984,0.0,1.5000770929171818,6.52249223125864,25.005810623735584,131.91085577574566,156.91666639948124
3.593999999999826,9.81,3.93,1,1,0.01,0.01,-9.179025950766707,8.591089038352306,-1.5625499248668029,3.6124300697004212,11.718095899709123,0.07798882922703942,0.0,-0.797931344069592,2.1378678569177683,0.0,3.221280632304935,-0.7568106534951617,0.0,1.5513713442106887,6.6032401123575255,25.06299819750178,131.8533576112493,156.91635580875106
3.5959999999998256,9.81,3.93,1,1,0.01,0.01,-9.182127482297249,8.598314078710157,-1.5389150494471615,3.6126223172429817,11.917762104101117,0.1140766643135267,0.0,-0.79148601160102,2.136337743055769,0.0,3.2240641904273133,-0.7732827814177509,0.0,1.60356234834449,6.6857662793632215,25.121828756134242,131.79421790353211,156.91604665966636
3.5979999999998253,9.81,3.93,1,1,0.01,0.01,-9.185181340809796,8.605539575013458,-1.514874926837599,3.6128856516024093,12.123368315232199,0.14907387716083864,0.0,-0.7850350399725278,2.1347748038993024,0.0,3.2269200593773206,-0.7896351956493948,0.0,1.656663346399902,6.770113862182304,25.18228985545319,131.73344908876854,156.91573894422174
3.599999999999825,9.81,3.93,1,1,0.01,0.01,-9.188186703829277,8.612765667247553,-1.49041752570451,3.6132178808951947,12.335066455574335,0.18296968278378323,0.0,-0.7785782829494876,2.1331792833783827,0.0,3.2298498573674266,-0.8058633625604028,0.0,1.71068728297185,6.856327429195863,25.244368683820934,131.67106397047735,156.9154326542983
3.601999999999825,9.81,3.93,1,1,0.01,0.01,-9.191142724511737,8.619992490991873,-1.465530507310712,3.613616790797606,12.553012003306698,0.21575242267653616,0.0,-0.7721155910288128,2.131551434680273,0.0,3.2328552345839454,-0.8219625571276876,0.0,1.7656467592425964,6.944453027143044,25.308052047721795,131.60707573389658,156.91512778161837
3.6039999999998247,9.81,3.93,1,1,0.01,0.01,-9.194048531022428,8.627220177373292,-1.4402012184276713,3.6140801427794416,12.777363966625131,0.2474095454943135,0.0,-0.7656468113753214,2.129891520641052,0.0,3.2359378728535018,-0.8379278540923056,0.0,1.821553981571775,7.034538221432449,25.373326356750542,131.54149796094705,156.9148243176976
3.6059999999998245,9.81,3.93,1,1,0.01,0.01,-9.1969032258998,8.634448853015915,-1.4144166843119486,3.6146056722985125,13.008284844976279,0.2779275871065767,0.0,-0.7591717877589015,2.128199814155268,0.0,3.239099485176798,-0.8537541187101825,0.0,1.8784207052456432,7.12663213677804,25.440177607984626,131.47434464580908,156.9145222537937
3.6079999999998242,9.81,3.93,1,1,0.01,0.01,-9.199705885405507,8.641678639987214,-1.3881636017734853,3.6151910869546353,13.245940575722134,0.3072921500613983,0.0,-0.7526903604927496,2.12647659860452,0.0,3.242341815115007,-0.8694359970794532,0.0,1.9362581730027677,7.220785498039768,25.50859136971496,131.40563021113775,156.9142215808527
3.609999999999824,9.81,3.93,1,1,0.01,0.01,-9.202455558860697,8.648909655740436,-1.361428332366475,3.615834064602003,13.490500464609394,0.33548788250675043,0.0,-0.7462023663729936,2.1247221683057984,0.0,3.2456666360128694,-0.8849679060274092,0.0,1.995077047925711,7.317050671131315,25.578552764508945,131.3353695249419,156.91392228945085
3.611999999999824,9.81,3.93,1,1,0.01,0.01,-9.205151267968809,8.656142013053184,-1.3341968957369514,3.616532251418899,13.742137098275842,0.36249845662261615,0.0,-0.7397076386200528,2.122936828980542,0.0,3.2490757500410217,-0.9003440225400703,0.0,2.05488734025992,7.415481703836891,25.650046451578596,131.26357791815553,156.91362436973412
3.6139999999998236,9.81,3.93,1,1,0.01,0.01,-9.207792006125265,8.663375819962102,-1.3064549631649114,3.6172832599338385,14.001026236876053,0.38830654662466957,0.0,-0.7332060068221112,2.1211208982452803,0.0,3.2525709870386788,-0.9155582727168334,0.0,2.115698327689601,7.516134366357001,25.723056608425924,131.19027120292725,156.91332781135318
3.6159999999998234,9.81,3.93,1,1,0.01,0.01,-9.210376737714478,8.670611179693562,-1.2781878513427887,3.618084667007345,14.267346684745174,0.41289380641075857,0.0,-0.726697296881115,2.1192747061248642,0.0,3.256154203136051,-0.9306043202328513,0.0,2.177518468568779,7.619066191378197,25.797566911737093,131.1154656916574,156.91303260339447
3.617999999999823,9.81,3.93,1,1,0.01,0.01,-9.21290439739468,8.677848190590275,-1.2493805164364242,3.61893401176873,14.541280136847048,0.4362408469307537,0.0,-0.7201813309617633,2.1173985955892842,0.0,3.259827279134055,-0.9454755542916593,0.0,2.2403553075715634,7.724336513434248,25.873560517495346,131.03917821681233,156.91273873430768
3.619999999999823,9.81,3.93,1,1,0.01,0.01,-9.215373889371207,8.685086946033724,-1.2200175484793727,3.6198287935074123,14.82301099856794,0.45832721337163873,0.0,-0.7136579274440207,2.1154929231151045,0.0,3.263592118617051,-0.9601650770506112,0.0,2.304215373189915,7.832006507296106,25.951020040282774,130.9614261515449,156.91244619182768
3.6219999999998227,9.81,3.93,1,1,0.01,0.01,-9.217784086658945,8.692327534362342,-1.1900831661564535,3.6207664695185087,15.112726176220972,0.4791313622625766,0.0,-0.7071269008796639,2.1135580592725773,0.0,3.2674506457722092,-0.9746656905019095,0.0,2.3691040664699576,7.9421392250942935,26.029927531740043,130.88222743115247,156.91215496289252
3.6239999999998225,9.81,3.93,1,1,0.01,0.01,-9.22013383033479,8.699570038785325,-1.1595612120379368,3.621744452902652,15.410614835416295,0.4986306386183479,0.0,-0.700588061953531,2.111594389339579,0.0,3.2714048028868574,-0.9889698827925111,0.0,2.435025540339343,8.054799631840329,26.110264458151974,130.80160057540445,156.9118650335564
3.6259999999998223,9.81,3.93,1,1,0.01,0.01,-9.22242192878108,8.70681453729201,-1.1284351483316561,3.622760110320244,15.716868124232203,0.5168012532543345,0.0,-0.6940412174501129,2.1096023139434568,0.0,3.2754565474928863,-1.0030698139663894,0.0,2.5019825688369575,8.1700546389732,26.19201167712708,130.7195647117701,156.91157638889717
3.627999999999822,9.81,3.93,1,1,0.01,0.01,-9.224647156921097,8.714061102556709,-1.096688053226709,3.623810759700637,16.03167885788718,0.5336182604237254,0.0,-0.6874861702262396,2.1075822497319967,0.0,3.2796078491246345,-1.0169573011136546,0.0,2.569976405515122,8.287973135511756,26.275149413338028,130.63613959957996,156.911289012918
3.629999999999822,9.81,3.93,1,1,0.01,0.01,-9.226808255447946,8.72130980183892,-1.064302617909244,3.624893667907045,16.355241161367168,0.5490555359453557,0.0,-0.6809227191906585,2.1055346300746822,0.0,3.2838606856540693,-1.0306238029116526,0.0,2.639006630240485,8.408626016344817,26.359657233289706,130.55134565515374,156.91100288844345
3.6319999999998216,9.81,3.93,1,1,0.01,0.01,-9.22890393004817,8.728560696878823,-1.0312611443381898,3.6260060483583656,16.687750066201897,0.5630857560116738,0.0,-0.6743506592914169,2.1034599057955234,0.0,3.2882170391640306,-1.0440604035446994,0.0,2.7090709835763978,8.532086207136187,26.445514019081365,130.46520397792872,156.9107179970101
3.6339999999998214,9.81,3.93,1,1,0.01,0.01,-9.230932850621793,8.735813843787978,-0.9975455438766516,3.627145058609463,17.029401057315084,0.5756803768870351,0.0,-0.6677697815119734,2.1013585459386377,0.0,3.2926788913174514,-1.0572577959899458,0.0,2.7801651878827793,8.658428685262963,26.532697941128852,130.37773637762018,156.91043431874903
3.635999999999821,9.81,3.93,1,1,0.01,0.01,-9.232893650500536,8.743069292935145,-0.9631373368831451,3.6283077978919396,17.38038956558757,0.5868096157324527,0.0,-0.6611798728771263,2.099231038567932,0.0,3.2972482181769243,-1.0702062646592827,0.0,2.85228275422532,8.787730496139769,26.62118642981284,130.28896540245037,156.9101518322632
3.637999999999821,9.81,3.93,1,1,0.01,0.01,-9.234784925666293,8.750327088827145,-0.9280176533758415,3.629491304617894,17.74091040148069,0.5964424328178448,0.0,-0.65458071646989,2.0970778916021398,0.0,3.3019269844257404,-1.0828956673887564,0.0,2.9254147741383796,8.920070764211038,26.710956146019374,130.1989143684774,156.9098705144968
3.6399999999998207,9.81,3.93,1,1,0.01,0.01,-9.236605233972098,8.757587269984699,-0.8921672348926105,3.6306925538497326,18.11115712476241,0.6045465154123155,0.0,-0.6479720914605697,2.09489963368654,0.0,3.3067171369377166,-1.0953154167697179,0.0,2.999549695240698,9.055530697815467,26.801982950538736,130.10760739005815,156.90959034059688
3.6419999999998205,9.81,3.93,1,1,0.01,0.01,-9.238353094368117,8.764849868813172,-0.855566437679872,3.6319084547397065,18.491321345067036,0.6110882636737829,0.0,-0.6413537731493942,2.0926968151026726,0.0,3.3116205976393354,-1.1074544608188197,0.0,3.074673079657772,9.19419358704236,26.8942418722899,130.01506941147846,156.90931128376837
3.6439999999998203,9.81,3.93,1,1,0.01,0.01,-9.240026986135474,8.77211491146817,-0.8181952373541229,3.633135847943517,18.881591947700365,0.6160327788932589,0.0,-0.6347255330241856,2.09047000871738,0.0,3.316639255603582,-1.1193012629873345,0.0,3.1507673441607653,9.336144793607442,26.987707075337607,129.92132623978188,156.90903331511947
3.64599999999982,9.81,3.93,1,1,0.01,0.01,-9.24162534813099,8.779382417715944,-0.7800332351915069,3.634371503013088,19.282154238779775,0.6193438544853298,0.0,-0.6280871388346587,2.088219810972487,0.0,3.3217749583106655,-1.1308437815143502,0.0,3.2278114808905074,9.481471731675867,27.08235182467099,129.826404578829,156.90875640349998
3.64799999999982,9.81,3.93,1,1,0.01,0.01,-9.243146578046277,8.786652400788556,-0.7410596662129345,3.635612115774423,19.69318900347454,0.6209839701555251,0.0,-0.6214383546850963,2.0859468429164125,0.0,3.3270295020063188,-1.142069448132871,0.0,3.3057807574962057,9.63026383845187,27.17814845071341,129.73033206461605,156.90848051532947
3.6499999999998196,9.81,3.93,1,1,0.01,0.01,-9.244589031684944,8.793924867233809,-0.7012534092450596,3.6368543056973617,20.11487147078951,0.6209142897183284,0.0,-0.6147789411472652,2.083651751279022,0.0,3.3324046210837235,-1.1529651461433361,0.0,3.384646395484681,9.782612533237252,27.27506831253518,129.633137301882,156.90820561441717
3.6519999999998194,9.81,3.93,1,1,0.01,0.01,-9.245951022262057,8.801199816759892,-0.6605929991508437,3.6380946132650527,20.547370178020557,0.6190946630837244,0.0,-0.6081086553956141,2.0813352095909385,0.0,3.337901976410336,-1.1635171878748787,0.0,3.4643752255462177,9.938611163534661,27.373081759742757,129.53484990202966,156.9079316617724
3.653999999999819,9.81,3.93,1,1,0.01,0.01,-9.247230819730408,8.80847724207479,-0.61905664143749,3.639329497352034,20.990845727706446,0.6154836329793696,0.0,-0.6014272513669425,2.0789979193485255,0.0,3.3435231425159713,-1.1737112915617325,0.0,3.544929318601498,10.098354936635697,27.472158093020877,129.43550052238396,156.90765861540484
3.655999999999819,9.81,3.93,1,1,0.01,0.01,-9.248426650138558,8.815757128720458,-0.5766222294641717,3.6405553326210036,21.445449429615532,0.610038447026767,0.0,-0.5947344799469011,2.0766406112256663,0.0,3.3492695935533665,-1.1835325576698021,0.0,3.626265591299744,10.261940834987595,27.57226552330645,129.33512090680807,156.9073864301145
3.6579999999998187,9.81,3.93,1,1,0.01,0.01,-9.249536695026093,8.823039454901812,-0.5332673644871647,3.6417684069496548,21.911321820044517,0.6027150758444573,0.0,-0.5880300891858858,2.0742640463334157,0.0,3.3551426879373754,-1.1929654447175098,0.0,3.7083353846956277,10.429467513476212,27.673371129577884,129.2337439276944,156.90711505727228
3.6599999999998185,9.81,3.93,1,1,0.01,0.01,-9.250559090862016,8.83032419131063,-0.4889693787956763,3.642964918900343,22.388591050479,0.593468237909065,0.0,-0.5813138245470465,2.0718690175284586,0.0,3.361143651563752,-1.2019937446445412,0.0,3.791084014840408,10.601035176596438,27.77544081524629,129.13140362934237,156.90684444458867
3.6619999999998183,9.81,3.93,1,1,0.01,0.01,-9.251491928532724,8.837611300944435,-0.44370536220775764,3.6441409752468896,22.877371137478335,0.5822514319659655,0.0,-0.5745854291893779,2.069456350771251,0.0,3.36727355950324,-1.2106005577937335,0.0,3.874450294048288,10.776745433303555,27.878439263141342,129.0281352727316,156.90657453587292
3.663999999999818,9.81,3.93,1,1,0.01,0.01,-9.25233325288658,8.844900738920494,-0.3974521922120997,3.645292588574461,23.377760065517705,0.5690169778441452,0.0,-0.5678446442890215,2.067026906534485,0.0,3.373533316061746,-1.2187682675832079,0.0,3.9583660216390784,10.95670112715216,27.98232988908976,128.92397538169033,156.90630527078008
3.665999999999818,9.81,3.93,1,1,0.01,0.01,-9.253081062342654,8.852192452285129,-0.35018656805813175,3.6464156749702425,23.889837734451213,0.5537160665975471,0.0,-0.5610912094021954,2.064581581262486,0.0,3.37992363309218,-1.2264785149603377,0.0,4.042755443022883,11.141006139130749,28.08707479409066,128.81896179045714,156.9060365845478
3.6679999999998176,9.81,3.93,1,1,0.01,0.01,-9.253733308571869,8.859486379818495,-0.3018850491135062,3.6475060518245366,24.41366374327737,0.5362988209616684,0.0,-0.5543248628733328,2.0621213088818005,0.0,3.3864450064390783,-1.2337121727439142,0.0,4.127534676077621,11.329765160393364,28.1926347151005,128.713133692621,156.9057684077215
3.6699999999998174,9.81,3.93,1,1,0.01,0.01,-9.254287896259397,8.866782451835094,-0.2525240978246041,3.648559435763968,24.949275001997215,0.5167143671857835,0.0,-0.5475453422923104,2.059647062363121,0.0,3.3930976903925676,-1.240449319978294,0.0,4.212611103886729,11.52308343187311,28.29896897444793,128.60653169142049,156.90550066586843
3.671999999999817,9.81,3.93,1,1,0.01,0.01,-9.254742682957879,8.874080589980313,-0.20208012763190591,3.6495714407406603,25.496683163582077,0.4949109193718484,0.0,-0.5407523850048606,2.0571598553343753,0.0,3.3998816700243806,-1.2466692164419455,0.0,4.297882733051686,11.721066447538435,28.406035427909533,128.49919785137124,156.90523327928076
3.673999999999817,9.81,3.93,1,1,0.01,0.01,-9.255095479041731,8.88138070702331,-0.15052955620770372,3.6505375763035897,26.055871868428273,0.470835877522783,0.0,-0.5339457286805422,2.0546607437445035,0.0,3.4067966312753315,-1.2523502774733952,0.0,4.3832375169788556,11.923819617822895,28.51379041148795,128.39117575117984,156.9049661626678
3.6759999999998167,9.81,3.93,1,1,0.01,0.01,-9.255344047773567,8.888682706646653,-0.09784886439838686,3.6514532460808007,26.626793794193446,0.44443594057462654,0.0,-0.5271251119428961,2.0521508275771208,0.0,3.413841928661034,-1.2574700493002484,0.0,4.468552643767751,12.131447889524257,28.622188686945993,128.28251053789177,156.90469922483777
3.6779999999998165,9.81,3.93,1,1,0.01,0.01,-9.255486105494539,8.895986483233164,-0.044014661267074255,3.6523137465037774,27.209367504610334,0.41565723575554614,0.0,-0.5202902750666791,2.0496312526128255,0.0,3.42101655046115,-1.2620051850815255,0.0,4.553693788602968,12.344055318232733,28.73118338616489,128.17324898220352,156.90443236836842
3.6799999999998163,9.81,3.93,1,1,0.01,0.01,-9.255519321951201,8.903291921650471,0.010996244355692075,3.6531142658080253,27.803474091779815,0.384445465683076,0.0,-0.5134409607473591,2.047103212238536,0.0,3.4283190812568693,-1.265931421900508,0.0,4.638514330881938,12.561744589112331,28.84072595440929,128.0634395348603,156.9041654892696
3.681999999999816,9.81,3.93,1,1,0.01,0.01,-9.255441320772334,8.910598897033875,0.06720676539559031,3.653849883346806,28.408953607594036,0.3507460746714002,0.0,-0.5065769149482866,2.0445679493016553,0.0,3.435747661682394,-1.2692235589741419,0.0,4.722854536700045,12.7846164816295,28.950766092599423,127.95313238403617,156.9038984766356
3.683999999999816,9.81,3.93,1,1,0.01,0.01,-9.255249680109996,8.917907274568194,0.12463945070756344,3.6545155692579563,29.025601281354312,0.31450443577691534,0.0,-0.4996978878312769,2.042026758006357,0.0,3.443299945258729,-1.2718554373764785,0.0,4.8065407077724736,13.012769273602423,29.061251698708883,127.84237951358094,156.9036312122898
3.6859999999998156,9.81,3.93,1,1,0.01,0.01,-9.254941933459941,8.925216909269322,0.18331639146912507,3.6551061845268444,29.653163522367358,0.27566606015786865,0.0,-0.4928036347765272,2.039480985848635,0.0,3.4509730521827233,-1.2737999216070703,0.0,4.88938429840334,13.24629807973887,29.17212880842807,127.7312347619944,156.90336357042247
3.6879999999998154,9.81,3.93,1,1,0.01,0.01,-9.254515570677382,8.932527645766356,0.2432591193643494,3.65561648149169,30.291333708358394,0.2341768303585665,0.0,-0.4858939174981264,2.036932035586064,0.0,3.4587635199510762,-1.275028883371386,0.0,4.9711810027275,13.485294119646571,29.283341535255694,127.61975388196683,156.90309541722252
3.689999999999815,9.81,3.93,1,1,0.01,0.01,-9.25396803920496,8.939839318085207,0.30448849613300993,3.656041104840732,30.939747762969816,0.18998325915209513,0.0,-0.47896850526155466,2.034381367237452,0.0,3.4666672507086362,-1.2755131879779962,0.0,5.051709815151842,13.729843910145739,29.39483201020499,127.50799460030028,156.90282661050526
3.691999999999815,9.81,3.93,1,1,0.01,0.01,-9.253296745530584,8.947151749434749,0.36702459406863663,3.6563745931539993,31.597979528453315,0.14303277557881167,0.0,-0.4720271762098584,2.0318305001067083,0.0,3.474679455222784,-1.2752226837979719,0.0,5.130732067724683,13.980028376596872,29.50654032133978,127.39601667799779,156.90255699933758
3.6939999999998148,9.81,3.93,1,1,0.01,0.01,-9.25249905689368,8.954464751996639,0.4308865670646879,3.6566113810456953,32.265535942951566,0.09327403980249915,0.0,-0.46506971880531733,2.029281014824324,0.0,3.482794593401799,-1.2741261952738068,0.0,5.207990449064616,14.235921877889467,29.61840445338379,127.28388197027905,156.90228642366284
3.6959999999998145,9.81,3.93,1,1,0.01,0.01,-9.251572303259096,8.961778126720073,0.4960925118305143,3.65674580196643,32.94185203553802,0.04065728836420979,0.0,-0.45809593339358745,2.0267345553988463,0.0,3.4910063112950014,-1.272191520009284,0.0,5.283208010495947,14.497591139729547,29.730360227678787,127.17165448624912,156.9020147139279
3.6979999999998143,9.81,3.93,1,1,0.01,0.01,-9.25051377957872,8.969091663122862,0.5626593189293289,3.656772091727611,33.626285756472974,-0.014865288657112341,0.0,-0.4511056338973841,2.0241928312695987,0.0,3.4993073745369125,-1.2693854305169774,0.0,5.356087166169447,14.765094090930315,29.84234124280172,127.05940044791262,156.90174169071435
3.699999999999814,9.81,3.93,1,1,0.01,0.01,-9.249320748361441,8.97640513910032,0.6306025133300617,3.656684392813231,34.3181126649734,-0.07333913717354923,0.0,-0.4440986496468611,2.021657619350745,0.0,3.5076895982268352,-1.2656736812467413,0.0,5.42630869520244,15.038478597564213,29.954278816186836,126.94718834819135,156.90146716437818
3.701999999999814,9.81,3.93,1,1,0.01,0.01,-9.247990442572725,8.983718320743634,0.6999360842148876,3.656476759546963,35.0165205022094,-0.13480689404908874,0.0,-0.4370748273537568,2.019130766055433,0.0,3.5161437732702185,-1.261021021564953,0.0,5.493530755249852,15.31778109009523,30.06610192713922,126.83508900756095,156.90119093470017
3.7039999999998137,9.81,3.93,1,1,0.01,0.01,-9.246520068885484,8.991030962169473,0.7706723038455489,3.6561431641847943,35.720603683246296,-0.1993079064252279,0.0,-0.43003403323636746,2.0166141892874525,0.0,3.524659589248575,-1.255391215401819,0.0,5.5573879184277875,15.60302507899188,30.177737161666077,126.72317562888583,156.9009127905519
3.7059999999998134,9.81,3.93,1,1,0.01,0.01,-9.244906811304269,8.998342805362773,0.8428215353655464,3.6556775040053444,36.429357748265076,-0.2668777145884049,0.0,-0.4229761553021332,2.014109880386269,0.0,3.533225553932327,-1.2487470683290292,0.0,5.617490242140263,15.894219554848883,30.289108659597552,126.61152384998312,156.90063250958067
3.7079999999998132,9.81,3.93,1,1,0.01,0.01,-9.24314783518495,9.005653580034755,0.9163920295030485,3.6550736094713576,37.141673820604076,-0.3375474978559261,0.0,-0.415901105794434,2.011619906009818,0.0,3.5418289096048543,-1.2410504628750594,0.0,5.673422389118567,16.1913572697346,30.400138064513204,126.50021179340581,156.90034985791902
3.709999999999813,9.81,3.93,1,1,0.01,0.01,-9.241240291672055,9.01296300349841,0.9913897102421562,3.6543252535365554,37.856333126963385,-0.41134348332479087,0.0,-0.4088088238097464,2.0091464099377,0.0,3.550455546428073,-1.2322624029259377,0.0,5.7247428128488975,16.494412897360164,30.510744477040138,126.38932011288357,156.90006458992372
3.711999999999813,9.81,3.93,1,1,0.01,0.01,-9.239181322575645,9.020270780563788,1.0678179496491054,3.6534261621719235,38.57200164345875,-0.4882863177620964,0.0,-0.40169927809075895,2.0066916147757605,0.0,3.5590899131494185,-1.2223430680966951,0.0,5.770983026535914,16.803341070753856,30.62084441213611,126.27893203581358,156.8997764479497
3.7139999999998126,9.81,3.93,1,1,0.01,0.01,-9.236968065709124,9.02757660345564,1.1456773321761247,3.6523700261844514,39.287224940051516,-0.5683904034311913,0.0,-0.39457247000044454,2.0042578235411774,0.0,3.567714925528222,-1.2112518789900504,0.0,5.811646975803545,17.11807429744807,30.730351761023528,126.16913340114188,156.8994851621654
3.7159999999998123,9.81,3.93,1,1,0.01,0.01,-9.234597660708591,9.034880151756033,1.2249654089199078,3.651150514399165,40.00042330513288,-0.6516631992431463,0.0,-0.38742843668116783,2.00184742110536,0.0,3.5763118729459817,-1.1989475742832583,0.0,5.846210537448428,17.43852075376827,30.839177758491218,126.06001269192537,156.8991904504166
3.717999999999812,9.81,3.93,1,1,0.01,0.01,-9.232067255353176,9.042181092374754,1.3056764424847402,3.649761288271853,40.70988724159609,-0.7381044893078557,0.0,-0.3802672544019272,1.999462875470038,0.0,3.584860323760352,-1.1853883005991461,0.0,5.8741211687026045,17.764561961678876,30.947230956332714,125.95166106181236,156.89889201814506
3.719999999999812,9.81,3.93,1,1,0.01,0.01,-9.229374012404381,9.049479079550428,1.3878011432926802,3.6481960179949757,41.41377343544539,-0.8277056217347505,0.0,-0.37308904209559723,1.9971067388500194,0.0,3.59333803006648,-1.1705317161215967,0.0,5.894797733592658,18.096050353810124,31.054417203741497,125.84417235462914,156.89858955837065
3.7219999999998117,9.81,3.93,1,1,0.01,0.01,-9.22651511698048,9.056773754885382,1.4713263983950193,3.6464484001526896,42.110101307689526,-0.920448721404169,0.0,-0.36589396508660904,1.9947816485341638,0.0,3.6017208326416457,-1.1543351089067855,0.0,5.907630535054111,18.43280673478373,31.16063963553434,125.73764311620961,156.89828275174395
3.7239999999998115,9.81,3.93,1,1,0.01,0.01,-9.223487784479742,9.06406474741741,1.5562349940702616,3.64451217697253,42.79675026973266,-1.016305881393753,0.0,-0.3586822390077999,1.9924903274942687,0.0,3.609982566969162,-1.1367555308166737,0.0,5.911981583413058,18.77461764978715,31.26579866912093,125.63217259755828,156.8979712666792
3.7259999999998112,9.81,3.93,1,1,0.01,0.01,-9.220289269063429,9.07135167373167,1.642505333743372,3.642381157210888,43.47145781145047,-1.1152383388051397,0.0,-0.3514541339033048,1.9902355847097053,0.0,3.6180949713647585,-1.117749947958768,0.0,5.907185133617209,19.121232674527924,31.369792011184977,125.52786274839008,156.89765475957506
3.727999999999811,9.81,3.93,1,1,0.01,0.01,-9.216916872706141,9.078634138116009,1.7301111530277562,3.6400492386967858,44.13181855932078,-1.2171956418799563,0.0,-0.34420997851212176,1.9880203151739835,0.0,3.62602759836166,-1.0972754084525675,0.0,5.89254852510362,19.472361644232222,31.472514675080383,125.42481820005261,156.897332875133
3.729999999999811,9.81,3.93,1,1,0.01,0.01,-9.213367954817254,9.085911732763043,1.8190212339734462,3.6375104325434724,44.7752844490245,-1.322114816523486,0.0,-0.3369501647245945,1.985847499547832,0.0,3.6337477306480146,-1.0752892282569957,0.0,5.867353359347606,19.82767184322965,31.57385900998391,125.32314623679937,156.8970052467833
3.7319999999998106,9.81,3.93,1,1,0.01,0.01,-9.209639942432686,9.093184038022319,1.9091991208996029,3.6347588890198352,45.399166162457796,-1.4299195416475068,0.0,-0.32967515220124827,1.983720203422026,0.0,3.6412203029902837,-1.0517491956797822,0.0,5.830857050837596,20.18678518087317,31.673714742870356,125.22295675435556,156.89667149722592
3.7339999999998104,9.81,3.93,1,1,0.01,0.01,-9.205730340971215,9.100450622705862,2.000602840493276,3.631788925053461,46.000635982676876,-1.5405193440917642,0.0,-0.32238547314051835,1.981641576152109,0.0,3.648407831715895,-1.0266137950501515,0.0,5.782294787374026,20.549275384045284,31.771969034399504,125.1243622046988,156.8963312390983
3.73599999999981,9.81,3.93,1,1,0.01,0.01,-9.201636745543864,9.107711044450323,2.093184629165021,3.6285950533142897,46.57673222147553,-1.6538088252580458,0.0,-0.31508173717851196,1.9796148492263281,0.0,3.6552703534655593,-0.9998424498635337,0.0,5.720881935058091,20.914665241257428,31.868506549809002,125.02747752596777,156.89598407577677
3.73799999999981,9.81,3.93,1,1,0.01,0.01,-9.197356852798594,9.114964850138797,2.1868906709601865,3.6251720128021563,47.12436537259435,-1.769666932969321,0.0,-0.3077646364004649,1.9776433341277133,0.0,3.661765375056035,-0.9713957855037539,0.0,5.645816922020511,21.282423938291064,31.963209545906988,124.93242005641449,156.89562960232146
3.7399999999998097,9.81,3.93,1,1,0.01,0.01,-9.192888473275639,9.122211576385261,2.2816608496262223,3.6215148008331424,47.64032613848678,-1.8879562934129344,0.0,-0.3004349504397491,1.9757304196512244,0.0,3.66784783641447,-0.9412359114098449,0.0,5.556284632703168,21.65196453037727,32.05595797524051,124.83930943133277,156.89526740657328
3.7419999999998095,9.81,3.93,1,1,0.01,0.01,-9.188229544241343,9.129450750084247,2.3774285187239377,3.617618706288638,48.121295469629125,-2.0085226193000545,0.0,-0.2930935516361898,1.9738795686374528,0.0,3.673470088650674,-0.9093267222810233,0.0,5.451460341228666,22.02264160095806,32.14662960848041,124.74826746192794,156.89489707040835
3.7439999999998093,9.81,3.93,1,1,0.01,0.01,-9.18337814296028,9.136681889028154,2.474120293936123,3.6134793439575845,48.563856742101244,-2.1311942115338143,0.0,-0.2857414102213335,1.9720943140854525,0.0,3.6785818894193527,-0.8756342176056182,0.0,5.33051420796702,22.39374916199507,32.23510017601653,124.65941799514222,156.89451817115875
3.745999999999809,9.81,3.93,1,1,0.01,0.01,-9.17833250035692,9.14390450259416,2.571655871961189,3.6090926897667504,48.9645101811438,-2.255781572665591,0.0,-0.27837959949384655,1.9703782546090638,0.0,3.6831304177846547,-0.8401268384562581,0.0,5.192616357717361,22.764518855435586,32.32124352968259,124.5728867535197,156.8941302832023
3.747999999999809,9.81,3.93,1,1,0.01,0.01,-9.17309101500913,9.151118092502294,2.6699478805726513,3.604455116656537,49.31968961527798,-2.3820771511836423,0.0,-0.2710093009437981,1.968735049203559,0.0,3.6870603108289606,-0.8027758201181633,0.0,5.036942550891474,23.13411851964342,32.404931825441125,124.48880115428427,156.8937329797254
3.7499999999998086,9.81,3.93,1,1,0.01,0.01,-9.167652267406453,9.158322153645669,2.7689017645668725,3.599563430821184,49.62578161708858,-2.509855236155132,0.0,-0.26363180928013763,1.9671684112927208,0.0,3.690313724240527,-0.7635555587125087,0.0,4.862680450652588,23.501651188156533,32.486035727744664,124.40729010691702,156.89332583466168
3.7519999999998084,9.81,3.93,1,1,0.01,0.01,-9.162015034396608,9.165516174993286,2.868415712400606,3.594414907993018,49.87914705278528,-2.6388720218666504,0.0,-0.2562485373111621,1.9656821020305737,0.0,3.6928304190645367,-0.7224439895455312,0.0,4.669036479091795,23.866154590833517,32.56442463614823,124.3284837886551,156.89290842480335
3.753999999999808,9.81,3.93,1,1,0.01,0.01,-9.156178303734016,9.172699640565174,2.968380628325569,3.5890073294113143,50.07614502321801,-2.7688658618218667,0.0,-0.24886102062360724,1.9642799228369385,0.0,3.694547876703706,-0.6794229744649005,0.0,4.455243244246903,24.226601229071726,32.63996693459061,124.25251339749444,156.89248033208506
3.755999999999808,9.81,3.93,1,1,0.01,0.01,-9.150141288634602,9.179872030478808,3.0686801547487508,3.5833390170782957,50.21315913430927,-2.899557730681316,0.0,-0.24147092200182735,1.9629657071519255,0.0,3.69540144410192,-0.6344786950420195,0.0,4.220567507128265,24.58189909708239,32.7125302635675,124.17951088246416,156.89204114603166
3.7579999999998077,9.81,3.93,1,1,0.01,0.01,-9.143903442231844,9.187032822064978,3.1691907493743203,3.5774088678688583,50.286625985347314,-3.030651911424751,0.0,-0.23408003552499743,1.9617433114012672,0.0,3.6953245108333483,-0.5876020479348012,0.0,3.9643186440556195,24.930893119960363,32.781981815212376,124.10960865115105,156.89159046636343
3.7599999999998075,9.81,3.93,1,1,0.01,0.01,-9.13746447182015,9.194181491050335,3.2697818214068097,3.571216386027822,50.293065709888126,-3.1618369231140804,0.0,-0.22669029027700785,1.9606166051721814,0.0,3.694248719545592,-0.5387890383276409,0.0,3.685857544694648,25.272367376255715,32.84818865105814,124.0429392546873,156.89112790574544
3.7619999999998073,9.81,3.93,1,1,0.01,0.01,-9.130824352763499,9.201317512802921,3.3703159307082498,3.5647617135601934,50.229114347081676,-3.292786702106492,0.0,-0.21930375360117332,1.959589460608056,0.0,3.6921042108668574,-0.48804116690779,0.0,3.384605870476883,25.605048167736694,32.91101804199607,123.9796350506704,156.89065309266647
3.763999999999807,9.81,3.93,1,1,0.01,0.01,-9.12398334193992,9.208440363635933,3.4706490532987946,3.5580456579972894,50.09155776222899,-3.423162046375424,0.0,-0.21192263383004192,1.9586657410397859,0.0,3.6888199034820195,-0.43536580543259024,0.0,3.060055581909707,25.92760799184435,32.970337829663194,123.9198278447652,156.89016567442837
3.765999999999807,9.81,3.93,1,1,0.01,0.01,-9.116941990586287,9.215549522163958,3.5706309159683127,3.5510697170060053,49.87736677573962,-3.5526123287445017,0.0,-0.20454928241969972,1.957849288881817,0.0,3.6843238096124376,-0.3807765555852657,0.0,2.7117786270344366,26.238670462850603,33.026016808191756,123.86364851203221,156.88966532022397
3.7679999999998066,9.81,3.93,1,1,0.01,0.01,-9.109701156402998,9.222644470704816,3.6701054020258015,3.5438360993012985,49.5837331010212,-3.6807774803323334,0.0,-0.19718619541789878,1.9571439128318728,0.0,3.678543385601948,-0.32429358552112,0.0,2.3394366674158107,26.536816215862643,33.07792512493802,123.81122659933908,156.8891517242771
3.7699999999998064,9.81,3.93,1,1,0.01,0.01,-9.102262014774983,9.229724696719089,3.7689110293581822,3.5363477413243736,49.208105636109714,-3.80729024039158,0.0,-0.18983601419663967,1.9565533744247716,0.0,3.671405916722043,-0.2659439382898685,0.0,1.9427907030898208,26.820589813564773,33.12593469848364,123.76268991053254,156.88862460901618
3.771999999999806,9.81,3.93,1,1,0.01,0.01,-9.094626068964011,9.236789694278324,3.8668815010078146,3.528608319162267,48.748226603009044,-3.931778663069875,0.0,-0.1825015253821782,1.9560813740024943,0.0,3.662838934671006,-0.2057618061943881,0.0,1.5217104443970941,27.088507659033244,33.16991965187399,123.71816407637495,156.88808372824894
3.773999999999806,9.81,3.93,1,1,0.01,0.01,-9.08679515912795,9.243838965551902,3.963846327420839,3.520622255209499,48.202166984871894,-4.053868865521012,0.0,-0.17518565991912385,1.9557315361746,0.0,3.6527706655646277,-0.14378876512798067,0.0,1.0761832671993723,27.33906689927057,33.2097567587266,123.67777211157467,156.88752887030125
3.7759999999998057,9.81,3.93,1,1,0.01,0.01,-9.078771470025405,9.25087202230159,4.05963151838233,3.5123947191099716,47.568360676445394,-4.1731879953870905,0.0,-0.16789149121048083,1.9555073948549007,0.0,3.6411305055138476,-0.08007396303356208,0.0,0.6063225792209759,27.570755283562026,33.24532589952645,123.64163396155863,156.88695986108507
3.7779999999998055,9.81,3.93,1,1,0.01,0.01,-9.070557537269346,9.257888387371896,4.1540603414594885,3.5039316225678108,46.845636739609446,-4.289367389109362,0.0,-0.160622232281926,1.95541237797182,0.0,3.627849520171949,-0.014674256857199197,0.0,0.11237541974970919,27.782061918733234,33.27651052511497,123.60986604193755,156.88637656705254
3.7799999999998053,9.81,3.93,1,1,0.01,0.01,-9.062156252000921,9.264887596163634,4.246954142544852,3.4952396076794585,46.03324914521718,-4.402045885997253,0.0,-0.1533812319265917,1.9554497919607794,0.0,3.612860963928989,0.052345707265046504,0.0,-0.40527088676374534,27.971488840371876,33.303198124098074,123.58258077389851,156.8857788979966
3.781999999999805,9.81,3.93,1,1,0.01,0.01,-9.053570863864673,9.271869198077427,4.33813322285534,3.486326028515836,45.13090338634927,-4.510873256700552,0.0,-0.14617196979596905,1.9556228061569758,0.0,3.596100813752998,0.12091347534207414,0.0,-0.9460832000935123,28.137563295647467,33.32528069064548,123.5598861190104,156.88516680965589
3.783999999999805,9.81,3.93,1,1,0.01,0.01,-9.044804982178926,9.278832757913477,4.427417765530034,3.4771989257719955,44.13877936765147,-4.615513698909785,0.0,-0.1389980504131437,1.9559344372158165,0.0,3.577508312046551,0.19094883249439987,0.0,-1.5093783262825513,28.278850610186918,33.342655188935716,123.54188511714509,156.8845403060808
3.7859999999998046,9.81,3.93,1,1,0.01,0.01,-9.035862575209963,9.285777857213613,4.514628803812144,3.467866994401303,43.05755001133113,-4.715649347990376,0.0,-0.13186319609644087,1.9563875336957386,0.0,3.5570265123247546,0.26236391888210964,0.0,-2.094320229912484,28.393967489272622,33.35522401033102,123.52867543138987,156.8838994417209
3.7879999999998044,9.81,3.93,1,1,0.01,0.01,-9.026747967475739,9.29270409553161,4.599589221731428,3.4583395442601303,41.88839507275436,-4.810983746066948,0.0,-0.12477123879443869,1.9569847609439026,0.0,3.534602821047056,0.33506341701888803,0.0,-2.6999188371126097,28.48159558319778,33.36289541924541,123.52034890394783,156.88324432319325
3.789999999999804,9.81,3.93,1,1,0.01,0.01,-9.017465835024021,9.299611091617917,4.682124777254962,3.448626453905268,40.63300972688926,-4.901245210031581,0.0,-0.11772611084700996,1.9577285864291127,0.0,3.5101895285700837,0.40894481188175763,0.0,-3.325030547904104,28.54049512872492,33.365583983605624,123.51699112708994,156.88257511069557
3.791999999999804,9.81,3.93,1,1,0.01,0.01,-9.008021198650727,9.306498484505338,4.7620651370774505,3.438738117807246,39.293607569963584,-4.986190037250835,0.0,-0.11073183470138348,1.9586212656680408,0.0,3.4837443219496715,0.4838987241197754,0.0,-3.9683605499831214,28.569518464014074,33.36321098580289,123.51868103322785,156.88189201903074
3.7939999999998038,9.81,3.93,1,1,0.01,0.01,-8.998419415046534,9.313365934482873,4.839244911605208,3.4286853873656717,37.872917776861236,-5.065605487549361,0.0,-0.1037925116268868,1.9596648288902743,0.0,3.4552307722218547,0.559809315490811,0.0,-4.628466995461237,28.56762320382181,33.35570481009563,123.5254905081186,156.88119531821422
3.7959999999998035,9.81,3.93,1,1,0.01,0.01,-8.988666165883199,9.320213123945793,4.913504678274265,3.4184795062343882,36.374176261603075,-5.1393124814679,0.0,-0.09691230948675117,1.9608610685847507,0.0,3.4246187888462813,0.6365547644408871,0.0,-5.303767068074144,28.53388485583724,33.34300130255355,123.53748403108715,156.8804853336407
3.7979999999998033,9.81,3.93,1,1,0.01,0.01,-8.978767444874935,9.327039758111201,4.9846919811513075,3.4081320405814566,34.80111080284357,-5.207167957889418,0.0,-0.09009544963977867,1.9622115280647603,0.0,3.3918850342076827,0.7140078085153599,0.0,-5.99254493178336,28.467508658199524,33.32504409982901,123.554718345964,156.879762445793
3.799999999999803,9.81,3.93,1,1,0.01,0.01,-8.968729542874337,9.333845565589645,5.052662294808674,3.397654805018273,33.15792021539552,-5.269066838900089,0.0,-0.08334619305858487,1.9637174911808557,0.0,3.357013291444024,0.7920363490866927,0.0,-6.69296151351645,28.36784042286265,33.301784923302066,123.5772421661795,156.87902708948155
3.801999999999803,9.81,3.93,1,1,0.01,0.01,-8.958559031086088,9.340630298804935,5.117279940746716,3.3870597850302935,31.4492477687392,-5.324943556133166,0.0,-0.07666882576401768,1.9653799733008244,0.0,3.319994779400462,0.8705041127332515,0.0,-7.403066034130633,28.234376179681604,33.27318383547021,123.60509591714064,156.87827975261087
3.8039999999998027,9.81,3.93,1,1,0.01,0.01,-8.948262742504664,9.347393734256105,5.178418945156724,3.3763590568257054,29.680149170642494,-5.374773100703198,0.0,-0.07006764368718138,1.9671997136634625,0.0,3.280828409187977,0.9492713625374463,0.0,-8.120809163698064,28.066770431835998,33.23920945583216,123.63831151864407,156.87752097447623
3.8059999999998024,9.81,3.93,1,1,0.01,0.01,-8.937847751703973,9.354135672617275,5.235963827565846,3.3655647055852382,27.85605554467384,-5.418571567977887,0.0,-0.06354693708066089,1.9691771691984723,0.0,3.2395209776407974,1.028195651621996,0.0,-8.844057641109558,27.864842854219553,33.19983913394459,123.6769122096565,156.8767513436011
3.807999999999802,9.81,3.93,1,1,0.01,0.01,-8.927321353126821,9.360855938673295,5.289810310865674,3.3546887431437877,25.982731931161,-5.4563961786051065,0.0,-0.05711097460912823,1.9713125098885766,0.0,3.19608729390008,1.107132610434282,0.0,-9.57061016491344,27.628583292250962,33.15505907780429,123.72091241732886,156.87597149513314
3.809999999999802,9.81,3.93,1,1,0.01,0.01,-8.916691038039998,9.367554381091043,5.3398659443753305,3.343743026160898,24.066231928835766,-5.488344768107423,0.0,-0.050763987255950827,1.97360561573234,0.0,3.1505502363791784,1.1859367586468368,0.0,-10.298214333352782,27.358154948538825,33.10486443621018,123.77031767161334,156.87518210782352
3.8119999999998018,9.81,3.93,1,1,0.01,0.01,-8.905964470336187,9.374230872028464,5.386050632899241,3.33273917584127,22.112849166531063,-5.5145547486462725,0.0,-0.04451015218691423,1.9760560753473846,0.0,3.102940738464385,1.2644623320810895,0.0,-11.024584387651977,27.053895678159254,33.04925933428933,123.82512456633184,156.87438390062118
3.8139999999998015,9.81,3.93,1,1,0.01,0.01,-8.895149461376565,9.380885306585443,5.428297066175973,3.3216885002479266,20.129066348756098,-5.535201557877533,0.0,-0.03835357671424833,1.9786631862342587,0.0,3.0532977024445938,1.3425641147973226,0.0,-11.747419494536343,26.716317349011998,32.98825686190778,123.88532076701114,156.87357762891892
3.8159999999998013,9.81,3.93,1,1,0.01,0.01,-8.884253944077637,9.38751760210275,5.466551044641003,3.3106019202097277,18.12150265458795,-5.550496620815572,0.0,-0.032298282504075626,1.9814259567013393,0.0,3.001667842316523,1.4200982664291923,0.0,-12.464422292283988,26.346103260782733,32.92187901523154,123.95088506526399,156.87276408049553
3.817999999999801,9.81,3.93,1,1,0.01,0.01,-8.87328594645244,9.394127697317193,5.50077169900438,3.2994898997626683,16.09686028540166,-5.560684860934224,0.0,-0.02634819016793799,1.9843431094314774,0.0,2.9481054572476877,1.4969231349781693,0.0,-13.173317419662256,25.94410365334403,32.850156592228025,124.02178747896994,156.87194407119796
3.819999999999801,9.81,3.93,1,1,0.01,0.01,-8.862253564819676,9.400715551382893,5.5309316027352535,3.2883623819824175,14.061870953731757,-5.566041806041566,0.0,-0.020507104374364427,1.987413086651783,0.0,2.8926721385707004,1.5729000456141913,0.0,-13.87186974897272,25.511329371896792,32.77312904341552,124.09798939700215,156.87111844041766
3.8219999999998007,9.81,3.93,1,1,0.01,0.01,-8.851164936894548,9.40728114277026,5.557016778111016,3.2772287309662382,12.02324308385118,-5.566870342486068,0.0,-0.014778699609735324,1.9906340568495267,0.0,2.8354364142018618,1.6478940565410505,0.0,-14.55790205296463,25.04894379072098,32.69084427964501,124.17944376676613,156.87028804641113
3.8239999999998004,9.81,3.93,1,1,0.01,0.01,-8.84002821497224,9.413824468055642,5.579026597993878,3.266097680608539,9.98761045585806,-5.563497177749791,0.0,-0.009166506708911948,1.9940039229599207,0.0,2.7764733353012625,1.7217746736626551,0.0,-15.229311850208372,24.558253129105836,32.603358439143705,124.26609532237646,156.86945376152016
3.8259999999998002,9.81,3.93,1,1,0.01,0.01,-8.828851539409253,9.420345540615743,5.596973586909703,3.254977290689103,7.96148297120697,-5.556269076297242,0.0,-0.0036739002656416275,1.9975203319357928,0.0,2.7158640108006953,1.794416516606588,0.0,-15.88408719405073,24.040695321018646,32.510735616448784,124.35788085089766,156.86861646734644
3.8279999999998,9.81,3.93,1,1,0.01,0.01,-8.817643012599342,9.426844389241879,5.610883126295131,3.243874910659966,5.951200151048437,-5.545548936567399,0.0,0.0016959129791656036,2.00118068559521,0.0,2.6536950961038324,1.8656999295987793,0.0,-16.52032119573325,23.497827623655073,32.41304755620423,124.45472949373017,156.8677770499344
3.8299999999998,9.81,3.93,1,1,0.01,0.01,-8.80641067362984,9.433321056689714,5.620793069926541,3.232797151379656,3.9628879020751597,-5.531711778194234,0.0,0.006939904686391385,2.004982152631093,0.0,2.5900582427985883,1.9355115317122848,0.0,-17.1362251017604,22.93131316867002,32.310373315086515,124.55656307992712,156.86693639501362
3.8319999999997996,9.81,3.93,1,1,0.01,0.01,-8.795162473791196,9.439775598180526,5.626753276530796,3.2217498649056147,2.0024190005886604,-5.51514070794725,0.0,0.012055234334110598,2.008921681657031,0.0,2.5250495166077416,2.0037447021040684,0.0,-17.730139778146754,22.342906673283352,32.20279889535652,124.66329648799604,156.86609538335256
3.8339999999997993,9.81,3.93,1,1,0.01,0.01,-8.783906253097662,9.446208079870097,5.628825067391237,3.210738132320668,0.07537765705361325,-5.49622293060136,0.0,0.017039257443303035,2.01299601515579,0.0,2.45876879103945,2.070299996977692,0.0,-18.300545488706945,21.734439536452985,32.09041685370788,124.77483803256017,156.86525488626805
3.835999999999799,9.81,3.93,1,1,0.01,0.01,-8.772649717960764,9.452618577301179,5.627080617396718,3.199766259440562,-1.812971566911236,-5.475345867122024,0.0,0.02188953257283499,2.017201704191669,0.0,2.3913191242846943,2.1350854961409738,0.0,-18.846069890044966,21.107804547933114,31.973325889194413,124.89108987213979,156.86441576133421
3.837999999999799,9.81,3.93,1,1,0.01,0.01,-8.761400420139845,9.459007173855035,5.621602288435514,3.1888377801297643,-3.6577103067432013,-5.4528934373878535,0.0,0.026603827057718132,2.0215351237446963,0.0,2.322806126852081,2.1980170781377883,0.0,-19.365494201315407,20.46494043551469,31.85163041407345,125.01194843425552,156.86357884832896
3.8399999999997987,9.81,3.93,1,1,0.01,0.01,-8.750165737075843,9.465373959216913,5.61248191431338,3.177955466844395,-5.454288312625482,-5.4292425584038595,0.0,0.031180121479425393,2.025992488523661,0.0,2.2533373272403487,2.2590186239999888,0.0,-19.857757541236257,19.807816468429614,31.725440111400424,125.13730485404938,156.8627449654498
3.8419999999997985,9.81,3.93,1,1,0.01,0.01,-8.738952853695968,9.471719027869446,5.599820046483755,3.1671213479262406,-7.198540722767052,-5.404759901830935,0.0,0.03561661287141382,2.030569869116127,0.0,2.183021542637978,2.3180221506681673,0.0,-20.321959457384537,19.13841732327639,31.594869483156554,125.2670454226715,156.86191490582806
3.8439999999997982,9.81,3.93,1,1,0.01,0.01,-8.727768745758395,9.478042477626921,5.583725169829346,3.156336731091792,-8.88670075375492,-5.379798946945865,0.0,0.03991171667654936,2.035263208336575,0.0,2.1119682612227413,2.3749678760510715,0.0,-20.757360702779124,18.45872840348219,31.46003739259018,125.40105204177334,156.86108943436352
3.845999999999798,9.81,3.93,1,1,0.01,0.01,-8.716620164787775,9.484344408222228,5.5643128975423215,3.145602232496015,-10.51540793723965,-5.35469735710702,0.0,0.044064067485775515,2.0400683376386093,0.0,2.040287042127879,2.4298042185191777,0.0,-21.163382341563874,17.770721784904147,31.321066604308463,125.53920268058741,156.86026928489588
3.847999999999798,9.81,3.93,1,1,0.01,0.01,-8.705513624634591,9.490624919956936,5.541705153830989,3.1349178107025337,-12.081712091555406,-5.329774699691179,0.0,0.048072518598962666,2.044980993463504,0.0,1.968086938562802,2.4824877343489717,0.0,-21.539603288819084,17.07634293938068,31.178083325475303,125.6813718322494,156.8594551577247
3.8499999999997976,9.81,3.93,1,1,0.01,0.01,-8.694455389674308,9.496884112423658,5.516029352751836,3.1242828048599582,-13.583073267257845,-5.305330521516277,0.0,0.05193614045921202,2.0499968334050136,0.0,1.895475948943234,2.532982997243428,0.0,-21.88575640885029,16.377498365583868,31.031216751261823,125.82743096622359,156.8586477174854
3.8519999999997974,9.81,3.93,1,1,0.01,0.01,-8.683451464646211,9.503122083308352,5.487417580945034,3.113695976367726,-15.017357946827444,-5.281642784182138,0.0,0.05565421802091908,2.0551114520791325,0.0,1.822560500214958,2.5812624245483313,0.0,-22.20172331158509,15.676044233075991,30.880598617455888,125.97724897392445,156.85784759138033
3.853999999999797,9.81,3.93,1,1,0.01,0.01,-8.672507586116822,9.509338927278867,5.4560057914573425,3.103155553313101,-16.38283181102052,-5.258966656716013,0.0,0.059226247119607556,2.06032039659715,0.0,1.749444966863831,2.62730605516406,0.0,-22.487527997939445,14.973776121696659,30.726362762884783,126.1306926048789,156.85705536776368
3.855999999999797,9.81,3.93,1,1,0.01,0.01,-8.66162921553909,9.515534734964529,5.421933015186472,3.0926592769726837,-17.678149407847624,-5.237533656545486,0.0,0.06265192991782054,2.0656191815506055,0.0,1.6762312284082461,2.6711012844199473,0.0,-22.743329512286742,14.272419914901384,30.568644704034433,126.28762689103772,156.85627159507214
3.8579999999997967,9.81,3.93,1,1,0.01,0.01,-8.650821533866138,9.52170959203023,5.385340595792417,3.0822044496954706,-18.902341075438084,-5.217551124236465,0.0,0.06593116950625388,2.0710033034274695,0.0,1.603018267482684,2.7126425613390737,0.0,-22.969413763683036,13.573623882969681,30.407581223971718,126.4479155571178,156.85549678108953
3.8599999999997965,9.81,3.93,1,1,0.01,0.01,-8.640089437667376,9.527863578347118,5.346371453209865,3.0717879835184903,-20.054797477743058,-5.199202012699755,0.0,0.06906406374287444,2.0764682543898316,0.0,1.52990180995445,2.751931053782676,0.0,-23.166184677558476,12.878951970551318,30.243309977396017,126.61142141513588,156.8547313925319
3.8619999999997963,9.81,3.93,1,1,0.01,0.01,-8.629437536685261,9.533996767260739,5.305169380175955,3.0614064489086514,-21.135252112856165,-5.182644967717148,0.0,0.07205089841499634,2.082009535354287,0.0,1.4569740078821238,2.7889742869330085,0.0,-23.33415483651977,12.189878283206586,30.0759691133681,126.77800674156622,156.8539758549343
3.863999999999796,9.81,3.93,1,1,0.01,0.01,-8.618870152762836,9.540109224956327,5.261878375472395,3.0510561230738404,-22.14376214853125,-5.1680146736695765,0.0,0.0748921398103356,2.087622668327115,0.0,1.38432316553082,2.8237857604619894,0.0,-23.473935763122764,11.507782749693005,29.905696916990124,126.94753363583193,156.85323055282205
3.865999999999796,9.81,3.93,1,1,0.01,0.01,-8.60839132006552,9.546201009919857,5.216642016881405,3.040733037340784,-23.080687928999673,-5.15542243624661,0.0,0.07758842678288602,2.09330320795676,0.0,1.3120335081151548,2.8563845495498157,0.0,-23.586227989381765,10.833947920979227,29.732631471046467,127.11986435909503,156.8524958301415
3.8679999999997956,9.81,3.93,1,1,0.01,0.01,-8.598004786515268,9.552272172492545,5.169602876180926,3.0304330231550733,-23.946671482375912,-5.144956972623544,0.0,0.08014056239836154,2.099046752276329,0.0,1.2401849924486312,2.8867948946747526,0.0,-23.67181104782374,10.169556853431507,29.556910338362414,127.29486165256858,156.851771990931
3.8699999999997954,9.81,3.93,1,1,0.01,0.01,-8.587714016351269,9.558322754515647,5.1209019778638485,3.0201517563184064,-24.74261433947975,-5.136685379054743,0.0,0.08254950524181948,2.1048489526182927,0.0,1.1688531582441735,2.9150457848020395,0.0,-23.731533507488916,9.515692012394782,29.378670265399272,127.47238903480668,156.85105930020595
3.871999999999795,9.81,3.93,1,1,0.01,0.01,-8.5775221937285,9.56435278906169,5.0706783026651685,3.0098847991382094,-25.469654953670187,-5.13065424596459,0.0,0.08481636046720276,2.110705522692561,0.0,1.0981090184341968,2.9411705382678512,0.0,-23.766303165844427,8.873335123445411,29.198046907381762,127.6523110776536,156.85035798503534
3.873999999999795,9.81,3.93,1,1,0.01,0.01,-8.567432227263964,9.570362300247696,5.019068336424857,2.999627640223982,-26.12914598793747,-5.1268908913392455,0.0,0.08694237066494359,2.1166122468273043,0.0,1.0280189865623761,2.965206385293098,0.0,-23.77707749449731,8.243367891875117,29.015174575049546,127.83449366073503,156.84966823578458
3.8759999999997947,9.81,3.93,1,1,0.01,0.01,-8.55744675543979,9.57635130312546,4.966205664306246,2.989375731721977,-26.722631710742945,-5.125404684438991,0.0,0.0889289066196014,2.1225649873794086,0.0,0.9586448390408396,2.9871940556810603,0.0,-23.764854423219536,7.626573506347622,28.830186002936486,128.01880420456433,156.84899020750083
3.8779999999997945,9.81,3.93,1,1,0.01,0.01,-8.547568152772879,9.5823198036436,4.912220609932282,2.979124523834226,-27.251825716513142,-5.126188433471369,0.0,0.09077745802490567,2.1285596913281575,0.0,0.8900437098652291,3.0071773748614525,0.0,-23.730663533448578,7.0236388400092915,28.643212138916414,128.20511188250208,156.8483240214185
3.8799999999997943,9.81,3.93,1,1,0.01,0.01,-8.537798536662029,9.58826779867585,4.857239918596002,2.9688694965187437,-27.718589160821953,-5.129219812800693,0.0,0.09248962421856566,2.134592396071665,0.0,0.8222681152321962,3.0252028710486893,0.0,-23.67555771936805,6.435157261445861,28.454381954602418,128.3932878119579,156.8476697665603
3.881999999999794,9.81,3.93,1,1,0.01,0.01,-8.52813977482554,9.594195276109884,4.801386483347269,2.9586061883144814,-28.124909674615875,-5.1344628074297205,0.0,0.09406710499403381,2.140659234450732,0.0,0.755366005406608,3.0413193958917297,0.0,-23.600605362140893,5.861631968565784,28.26382227606109,128.58320522535413,156.84702750141523
3.883999999999794,9.81,3.93,1,1,0.01,0.01,-8.518593493244989,9.600102214990882,4.744779112454312,2.9483302222768177,-28.472881096729473,-5.141869154800679,0.0,0.09551169154101213,2.1467564390291765,0.0,0.6893808411345547,3.055577760611761,0.0,-23.50688305103808,5.303479760545114,28.071657634188306,128.77473962148207,156.84639725567038
3.8859999999997936,9.81,3.93,1,1,0.01,0.01,-8.509161084534162,9.60598858571411,4.687532336484478,2.9380373290469195,-28.764684139753523,-5.151379766348704,0.0,0.09682525756108062,2.152880345663284,0.0,0.6243516918890581,3.0680303892582264,0.0,-23.395468874230314,4.76103516617875,27.878010134003283,128.96776889797619,156.84577903197948
3.8879999999997934,9.81,3.93,1,1,0.01,0.01,-8.499843716655821,9.61185435026082,4.62975625304167,2.927723367111028,-29.00256808133064,-5.162926113640428,0.0,0.0980097505994324,2.1590273963959863,0.0,0.5603133532630796,3.0787309903666102,0.0,-23.26743629198667,4.234554851135498,27.682999342039917,129.16217346571108,156.845172807751
3.889999999999793,9.81,3.93,1,1,0.01,0.01,-8.490642341913102,9.617699462471913,4.571556407035653,2.9173843403336943,-29.188833551356613,-5.17643156629168,0.0,0.09906718362835809,2.165194141713555,0.0,0.497296480884834,3.0877342479764542,0.0,-23.123848596020903,3.724222231512002,27.486742190954608,129.35783634598405,156.84457853693866
3.891999999999793,9.81,3.93,1,1,0.01,0.01,-8.481557706146694,9.623523868354036,4.513033704237705,2.9070164128723093,-29.325816465556183,-5.191812671132465,0.0,0.0999996269129777,2.1713772422042594,0.0,0.43532773831794513,3.0950955326678278,0.0,-22.965753950780442,3.230152226526647,27.289352900424937,129.55464325139596,156.8439961518209
3.8939999999997927,9.81,3.93,1,1,0.01,0.01,-8.472590358073575,9.629327506412999,4.454284355794798,2.8966159215991563,-29.415873137558258,-5.208980364242888,0.0,0.10080920018474626,2.1775734696594364,0.0,0.3744299565200059,3.10087063300008,0.0,-22.794181005586925,2.752396089021504,27.09094291338208,129.75248265137463,156.84342556475673
3.8959999999997925,9.81,3.93,1,1,0.01,0.01,-8.463740658707723,9.635110308009647,4.395399851327141,2.8861793861719383,-29.461366585009014,-5.227841109491695,0.0,0.10149806514352167,2.1837797076579792,0.0,0.31462230256180057,3.1051155074895114,0.0,-22.610135060696393,2.290946258479444,26.891620846600635,129.95124582330632,156.84286666990695
3.8979999999997923,9.81,3.93,1,1,0.01,0.01,-8.455008790808044,9.640872197733662,4.336466958217893,2.8757035169045952,-29.464654030448163,-5.248297959050409,0.0,0.10206841830453972,2.189992951675241,0.0,0.25592045545329817,3.1078860570425797,0.0,-22.414594765512028,1.84574118738754,26.691492454661443,130.1508268902484,156.84231934490984
3.899999999999792,9.81,3.93,1,1,0.01,0.01,-8.44639476830352,9.646613093791032,4.277567744715813,2.8651852205975903,-29.428075584639867,-5.270251533018208,0.0,0.102522484202484,2.1962103087570544,0.0,0.19833678707556973,3.1092379175685707,0.0,-22.208509323301005,1.41667009785018,26.490660606306374,130.3511228461985,156.84178345250487
3.901999999999792,9.81,3.93,1,1,0.01,0.01,-8.437898445650289,9.652332908401272,4.218779624507736,2.8546216044910633,-29.353944088748175,-5.2936009167710845,0.0,0.10286250896099425,2.202428996798787,0.0,0.14188054637863495,3.109226272329135,0.0,-21.992796173771694,1.0035776312899907,26.289225272213713,130.5520335698833,156.841258842097
3.9039999999997916,9.81,3.93,1,1,0.01,0.01,-8.429519527080023,9.658031548200817,4.160175420474946,2.844009978505702,-29.24453608213168,-5.318244475940795,0.0,0.10309075423243519,2.2086463434683576,0.0,0.08655804516879345,3.107905683441203,0.0,-21.768339122686765,0.6062683597736602,26.08728352324149,130.75346182801383,156.84074535125532
3.9059999999997914,9.81,3.93,1,1,0.01,0.01,-8.42125757570346,9.663708914649327,4.101823445422198,2.8333478559352283,-29.102083854517286,-5.344080590038857,0.0,0.1032094915095697,2.2148597848108316,0.0,0.03237284397376666,3.1053299418329816,0.0,-21.535986886241677,0.22451113290649624,25.8849295382116,130.95531326893115,156.84024280714274
3.907999999999791,9.81,3.93,1,1,0.01,0.01,-8.413112022437282,9.669364904435945,4.04378759765739,2.822632952751405,-28.928768534807148,-5.37100830667589,0.0,0.10322099680791719,2.2210668635707287,0.0,-0.02067406336337424,3.101551934858465,0.0,-21.29655201714419,-0.1419567607027436,25.682254620337545,131.15749640753612,156.83975102787366
3.909999999999791,9.81,3.93,1,1,0.01,0.01,-8.40508217472667,9.674999409882927,3.9861274694007163,2.8118631856777734,-28.726714163667143,-5.39892791909662,0.0,0.1031275457150237,2.2272652272664915,0.0,-0.07258406755130059,3.0966235307024514,0.0,-21.05081017910727,-0.49342563372671927,25.47934722143225,131.3599226023635,156.83926982379575
3.9119999999997908,9.81,3.93,1,1,0.01,0.01,-8.397167225039828,9.680612319344306,3.928898466111842,2.801036669182244,-28.49798269323487,-5.427741470364946,0.0,0.10293140880068263,2.233452626049803,0.0,-0.12336076521517575,3.0905954786539818,0.0,-20.79949973673661,-0.8302096542036462,25.276292973072735,131.56250602562457,156.8387989986973
3.9139999999997905,9.81,3.93,1,1,0.01,0.01,-8.389366259114423,9.686203517597574,3.8721519349398115,2.790151711531506,-28.244569854632683,-5.457353188010533,0.0,0.10263484738016881,2.2396269103805113,0.0,-0.1730097846488955,3.0835173242888265,0.0,-20.543321628473254,-1.1526433216115899,25.073174723935985,131.76516362700107,156.83833835093705
3.9159999999997903,9.81,3.93,1,1,0.01,0.01,-8.38167826393942,9.691772886226662,3.8159353006207866,2.7792068100422234,-27.96840183238173,-5.487669853294085,0.0,0.10224010962096142,2.245786028546024,0.0,-0.2215386167063982,3.0754373385803393,0.0,-20.28293949127539,-1.4610781696859287,24.870072582566443,131.9678150919324,156.83788767449886
3.91799999999979,9.81,3.93,1,1,0.01,0.01,-8.374102135458978,9.69732030399471,3.7602922072713367,2.7682006456554196,-27.67133268413748,-5.51860110948521,0.0,0.10174942698201139,2.2519280240520247,0.0,-0.2689564514538232,3.0664024599496447,0.0,-20.01898000701608,-1.7558796977029867,24.66706396487553,132.17038279509478,156.8374467599703
3.91999999999979,9.81,3.93,1,1,0.01,0.01,-8.366636685988054,9.70284564720542,3.7052626646481563,2.757132076951518,-27.355142444313042,-5.550059713681415,0.0,0.10116501097352704,2.258051032909412,0.0,-0.31527402108394903,3.056458248270123,0.0,-19.752033442081387,-2.037424529320539,24.464223645721148,132.37279174972716,156.8370153954483
3.9219999999997897,9.81,3.93,1,1,0.01,0.01,-8.359280651332133,9.708348790051962,3.6508831975672096,2.746000133714376,-27.021535850991327,-5.581961736747914,0.0,0.10048905022433696,2.2641532808404,0.0,-0.3605034494837945,3.0456488498548624,0.0,-19.482654353314246,-2.3060977958128537,24.261623813957247,132.5749695534155,156.83659336737276
3.9239999999997894,9.81,3.93,1,1,0.01,0.01,-8.352032697605956,9.713829604952648,3.597186997295183,2.7348040101435114,-26.67214163695238,-5.614226715936208,0.0,0.0997237078432156,2.2702330804247755,0.0,-0.40465810874516767,3.034016972478173,0.0,-19.211362435218017,-2.5622907386386444,24.059334130388276,132.77684633090195,156.8361804612902
3.925999999999789,9.81,3.93,1,1,0.01,0.01,-8.344891427748387,9.719287962872745,3.5442040738426206,2.7235430578046667,-26.30851232755484,-5.646777764656499,0.0,0.09887111906007029,2.2762888282054723,0.0,-0.44775248281705393,3.0216038695116088,0.0,-18.938643485165137,-2.8063985247147354,23.85742178810619,132.978354674444,156.8357764625502
3.927999999999789,9.81,3.93,1,1,0.01,0.01,-8.337855387732608,9.724723733632,3.4919614082004053,2.7122167784000415,-25.932124490515182,-5.679541643747505,0.0,0.09793338913258531,2.2823190017707997,0.0,-0.489802038416949,3.008449332290117,0.0,-18.664950465214723,-3.0388182665035286,23.65595157473077,133.1794295822076,156.83538115693838
3.9299999999997888,9.81,3.93,1,1,0.01,0.01,-8.330923072472617,9.730136786197601,3.440483103668591,2.7008248164309934,-25.544379385237523,-5.7124487984171575,0.0,0.09691259150373854,2.2883221568289236,0.0,-0.5308231032458615,2.994591689863245,0.0,-18.39070464099447,-3.2599472380345,23.45498593611279,133.38000839513472,156.83499433124751
3.9319999999997886,9.81,3.93,1,1,0.01,0.01,-8.324092931428595,9.735526988962382,3.3897905355284803,2.6893669518178567,-25.146603962187847,-5.745433364826695,0.0,0.09581076619559459,2.2942969242885676,0.0,-0.5708327514882834,2.980067815329229,0.0,-18.116296779924088,-3.470181277240468,23.254585041100196,133.58003073269018,156.83461577379038
3.9339999999997883,9.81,3.93,1,1,0.01,0.01,-8.317363373915159,9.740894210008296,3.339902498404879,2.6778430925338066,-24.74005216580471,-5.778433150068165,0.0,0.09462991842486801,2.300242007358335,0.0,-0.609848696523203,2.964913137994853,0.0,-17.84208839282578,-3.6699133644688446,23.054806847004194,133.77943842785368,156.83424527485786
3.935999999999788,9.81,3.93,1,1,0.01,0.01,-8.310732774117653,9.746238317355203,3.290835350755385,2.666253267302432,-24.3259064975352,-5.8113895890479705,0.0,0.09337201742595547,2.306156178675584,0.0,-0.6478891907249728,2.949161660650499,0.0,-17.568413004666546,-3.8595323667014148,22.855707165438254,133.97817546168704,156.8338826271253
3.937999999999788,9.81,3.93,1,1,0.01,0.01,-8.30419947582276,9.751559179195153,3.242603156007263,2.6545976184018922,-23.90527979872501,-5.844247681543667,0.0,0.09203899546739736,2.312038277474411,0.0,-0.6849729321928169,2.9328459812969383,0.0,-17.295577441793398,-4.0394219368568,22.657339728235172,134.17618789777458,156.83352762600975
3.9399999999997877,9.81,3.93,1,1,0.01,0.01,-8.297761796870518,9.756856664112414,3.1952178199398467,2.6428763946122578,-23.47921721623211,-5.876955912450314,0.0,0.09063274704811786,2.317887206801024,0.0,-0.7211189782146025,2.915997318707787,0.0,-17.023863124548996,-4.209959557534911,22.45975625318102,134.3734238168011,156.83318006998212
3.9419999999997875,9.81,3.93,1,1,0.01,0.01,-8.291418033335619,9.76213064128957,3.148689223981573,2.6310899443368463,-23.04869831673055,-5.909466157984635,0.0,0.08915512826017791,2.3237019307836095,0.0,-0.7563466652434381,2.8986455412580954,0.0,-16.753527355581767,-4.371515718668797,22.263006509332854,134.56983325150458,156.83283976083743
3.9439999999997872,9.81,3.93,1,1,0.01,0.01,-8.28516646344642,9.767380980700052,3.103025354155768,2.619238708923072,-22.614639318698995,-5.941733580369732,0.0,0.08760795630526641,2.3294814719626804,0.0,-0.7906755351441344,2.8808191984953835,0.0,-16.484804595491507,-4.524453218756074,22.067138381715285,134.76536812221033,156.83250650392563
3.945999999999787,9.81,3.93,1,1,0.01,0.01,-8.27900535125059,9.772607553287527,3.0582324254683817,2.6073232162035294,-22.17789541401343,-5.973716513285956,0.0,0.0859930091526343,2.335224908686899,0.0,-0.8241252674501119,2.8625455549737238,0.0,-16.217907718674315,-4.6691265796314605,21.87219793521616,134.9599821731294,156.83218010834554
3.947999999999787,9.81,3.93,1,1,0.01,0.01,-8.272932950036674,9.777810231132607,3.014315001584187,2.5953440742736795,-21.739263153874806,-6.005376340143781,0.0,0.08431202532673376,2.3409313725784777,0.0,-0.8567156173596274,2.8438506259142793,0.0,-15.95302924335211,-4.805881565098264,21.67822947752648,135.15363090958007,156.83186038710656
3.9499999999997866,9.81,3.93,1,1,0.01,0.01,-8.26694750552111,9.782988887607358,2.971276109685814,2.583301965518626,-21.299482876471814,-6.0366773670178295,0.0,0.08256670381335174,2.3466000460713956,0.0,-0.8884663591920137,2.8247592142964972,0.0,-15.690342530791906,-4.9350547941411405,21.48527562099047,135.34627153626855,156.83154715725902
3.9519999999997864,9.81,3.93,1,1,0.01,0.01,-8.26104725881039,9.788143397518123,2.9291173504526307,2.5711976408979877,-20.859241156306947,-6.067586691875341,0.0,0.08075870407360586,2.3522301600249174,0.0,-0.9193972350202619,2.805294949022998,0.0,-15.430002949643107,-5.056973439886252,21.29337734325185,135.53786289674468,156.83124023999653
3.953999999999786,9.81,3.93,1,1,0.01,0.01,-8.255230449148184,9.793273637237174,2.887839003134225,2.5590319144948115,-20.419173257485678,-6.098074071538971,0.0,0.07888964615573357,2.3578209914142656,0.0,-0.9495279081950239,2.7854803238378656,0.0,-15.172149002150626,-5.171955005945271,21.1025740466017,135.72836541413204,156.83093946073373
3.955999999999786,9.81,3.93,1,1,0.01,0.01,-8.249495316457208,9.798379484823728,2.8474401257264113,2.546805658331763,-19.97986557548112,-6.128111787645537,0.0,0.07696111089517699,2.3633718610996244,0.0,-0.9788779214759917,2.765336736712466,0.0,-14.91690340974199,-5.280307172263426,20.912903615948487,135.91774103321106,156.83064464915955
3.9579999999997857,9.81,3.93,1,1,0.01,0.01,-8.243840103685605,9.803460820134873,2.8079186502865743,2.5345197974554847,-19.541858053940782,-6.157674512695186,0.0,0.07497464019403,2.368882131674179,0.0,-1.007466659490466,2.744884529445124,0.0,-14.66437415614397,-5.382327703087463,20.724402475347652,136.10595316392272,156.83035563927038
3.9599999999997855,9.81,3.93,1,1,0.01,0.01,-8.238263058967515,9.808517524926915,2.7692714734501074,2.5221753052879734,-19.10564656499551,-6.18673917713361,0.0,0.07293173737146252,2.3743512053913904,0.0,-1.0353133152440157,2.7241430272508733,0.0,-14.4146554867628,-5.478304410162079,20.53710564304065,136.29296662634434,156.830072269385
3.9619999999997852,9.81,3.93,1,1,0.01,0.01,-8.232762437607345,9.813549482947701,2.7314945422310246,2.509773199242083,-18.671685243269355,-6.2152848382706845,0.0,0.07083386757730636,2.379778522171254,0.0,-1.0624368604147538,2.7031305781453154,0.0,-14.167828863568992,-5.568515164750794,20.351046784965888,136.47874759717547,156.82979438214136
3.963999999999785,9.81,3.93,1,1,0.01,0.01,-8.227336503897059,9.818556580020443,2.6945829352078143,2.497314536596784,-18.240388765373517,-6.243292551711647,0.0,0.06868245826146835,2.3851635576849866,0.0,-1.0888560191714587,2.681864591951978,0.0,-13.923963875166377,-5.653227952558888,20.166258266715303,136.66326355776346,156.82952182447877
3.965999999999785,9.81,3.93,1,1,0.01,0.01,-8.221983532775624,9.823538704119525,2.658530939210567,2.48480041062658,-17.812134568109265,-6.270745245862593,0.0,0.06647889969240339,2.3905058215172392,0.0,-1.1145892452643649,2.6603615787862203,0.0,-13.683119102104396,-5.732700966097694,19.98277120392079,136.84648324368715,156.82925444760792
3.9679999999997846,9.81,3.93,1,1,0.01,0.01,-8.21670181133948,9.828495745438838,2.62333212163765,2.4722319469784444,-17.38726499990202,-6.297627599969993,0.0,0.06422454551833012,2.395804855404627,0.0,-1.1396547021473733,2.638637186889968,0.0,-13.44534293781416,-5.807182729477261,19.800615511061334,137.02837659590605,156.82899210696738
3.9699999999997844,9.81,3.93,1,1,0.01,0.01,-8.211489640212616,9.833427596453102,2.5889793985399567,2.4596103002888414,-16.966089401157973,-6.323925926060788,0.0,0.061920713365358204,2.4010602315492062,0.0,-1.1640702459011647,2.616706239711152,0.0,-13.210674365821422,-5.87691225104408,19.61981994869202,137.20891471347892,156.82873466217094
3.971999999999784,9.81,3.93,1,1,0.01,0.01,-8.206345334784604,9.838334151972655,2.555465098618314,2.4469366510327237,-16.54888611027625,-6.349628055068699,0.0,0.05956868546715399,2.406271551005277,0.0,-1.1878534107371532,2.594582772139359,0.0,-12.979143694115843,-5.942119199685733,19.440412169101183,137.3880698078446,156.8284819769458
3.973999999999784,9.81,3.93,1,1,0.01,0.01,-8.201267226324594,9.843215309192162,2.5227810232852335,2.4342122025959108,-16.135904392975455,-6.374723227360214,0.0,0.05716970932119758,2.4114384421377393,0.0,-1.211021396873278,2.572280065825198,0.0,-12.750773247742163,-6.003024101009567,19.262418760408195,137.56581515865457,156.82823391906277
3.9759999999997837,9.81,3.93,1,1,0.01,0.01,-8.196253662978991,9.848070967733696,2.4909185029460215,2.4214381785618886,-15.727366293410196,-6.399201987809683,0.0,0.054724998367063016,2.4165605591501453,0.0,-1.2335910605841196,2.5498106835250525,0.0,-12.525578020827496,-6.059838549966573,19.08586528911991,137.7421250711402,156.82799036026012
3.9779999999997835,9.81,3.93,1,1,0.01,0.01,-8.191303010660224,9.852901029684585,2.4598684496565872,2.4086158202038317,-15.323468406271106,-6.423056085518429,0.0,0.05223573268260151,2.421637580680402,0.0,-1.2555789062382354,2.527186502426001,0.0,-12.303566289378065,-6.112765436827618,18.910776341167754,137.9169748349938,156.82775117616154
3.9799999999997833,9.81,3.93,1,1,0.01,0.01,-8.186413653833684,9.857705399630452,2.4296214063162718,2.395746384172502,-14.924383569683428,-6.446278378224065,0.0,0.04970305969419153,2.426669208462096,0.0,-1.2770010801473135,2.504418746416766,0.0,-12.084740186266057,-6.161999183739256,18.737175561451608,138.0903406847385,156.8275162461901
3.981999999999783,9.81,3.93,1,1,0.01,0.01,-8.181583996209612,9.862483984683813,2.400167592553819,2.382831140370635,-14.530262479261262,-6.46886274140552,0.0,0.047128094897624484,2.4316551660492767,0.0,-1.2978733660619644,2.4815180172809677,0.0,-11.869096239893494,-6.207725989377656,18.565085691919354,138.26219976155858,156.82728545347794
3.983999999999783,9.81,3.93,1,1,0.01,0.01,-8.176812461346401,9.867236694508604,2.371496947463436,2.369871370004442,-14.141235224134201,-6.49080398205403,0.0,0.04451192258647785,2.436595197602531,0.0,-1.3182111821597116,2.4584943247977105,0.0,-11.656625878061918,-6.250124079492362,18.394528608213605,138.43253007655926,156.82705868477285
3.9859999999997826,9.81,3.93,1,1,0.01,0.01,-8.172097493171425,9.871963441340977,2.3435991693458487,2.3568683638029566,-13.757412746156364,-6.512097757050239,0.0,0.04185559658514415,2.441489066734168,0.0,-1.3380295793809496,2.435357115742455,0.0,-11.447315898601836,-6.289363961382518,18.225525354919935,138.6013104754233,156.82683583034324
3.9879999999997824,9.81,3.93,1,1,0.01,0.01,-8.167437556425277,9.876664140006703,2.3164637526064964,2.3438234203960913,-13.37888822383548,-6.532740496063377,0.0,0.03916014098394183,2.446336555410301,0.0,-1.3573432409784338,2.412115301787893,0.0,-11.241148908324238,-6.3256086805786165,18.058096179451535,138.76852060442883,156.82661678388035
3.989999999999782,9.81,3.93,1,1,0.01,0.01,-8.162831137034912,9.881338707935475,2.2900800219596635,2.3307378448424587,-13.00573838279232,-6.55272932886754,0.0,0.03642655087403701,2.451137462907631,0.0,-1.3761664831552214,2.3887772863105914,0.0,-11.03810373185203,-6.35901407821335,17.89226056460778,138.93414087779266,156.82640144240042
3.991999999999782,9.81,3.93,1,1,0.01,0.01,-8.158276742420966,9.88598706517241,2.264437164083482,2.3176129472982483,-12.638024734779595,-6.572062016953818,0.0,0.033655793080071494,2.455891604822774,0.0,-1.3945132566753662,2.365350990114032,0.0,-10.838155791872273,-6.389729047759696,17.728037259844157,139.09815244630164,156.82618970614578
3.9939999999997817,9.81,3.93,1,1,0.01,0.01,-8.153772901744189,9.890609134387024,2.2395242568665137,2.3044500418186917,-12.275794747467405,-6.590736889304225,0.0,0.030848806888715274,2.4605988121319338,0.0,-1.4123971493396543,2.3418438760833395,0.0,-10.641277462325819,-6.417895789986656,17.56544431129173,139.26053716719346,156.8259814784852
3.9959999999997815,9.81,3.93,1,1,0.01,0.01,-8.14931816609568,9.895204840879941,2.2153302963820534,2.291250445283942,-11.919082947334584,-6.608752782182233,0.0,0.02800650477145883,2.4652589302988615,0.0,-1.4298313892277779,2.318262972790299,0.0,-10.44743839601605,-6.443650065146642,17.404499090566166,139.42127757524923,156.8257766658154
3.9979999999997813,9.81,3.93,1,1,0.01,0.01,-8.144911108635345,9.899774112587561,2.1918442217215155,2.2780154764414813,-11.567911958107613,-6.626108982788614,0.0,0.025129773100246333,2.4698718184289827,0.0,-1.446828848615175,2.2946148970706273,0.0,-10.256605828080202,-6.467121441548027,17.245218322404426,139.5803568550588,156.82557517746324
3.999999999999781,9.81,3.93,1,1,0.01,0.01,-8.140550324682708,9.904316880084933,2.16905493781331,2.264746455057484,-11.222293477255864,-6.642805176625508,0.0,0.02221947285467163,2.4744373484676516,0.0,-1.4634020484806076,2.2709058755978213,0.0,-10.068744856721612,-6.488433539798766,17.087618111168176,139.73775881441878,156.82537692558697
4.001999999999781,9.81,3.93,1,1,0.01,0.01,-8.136234431764015,9.90883307658702,2.146951336348549,2.2514447011698775,-10.882229193094194,-6.658841398407686,0.0,0.01927644031961795,2.478955404440614,0.0,-1.4795631635275923,2.2471417654799084,0.0,-9.883818702552738,-6.5077042721241085,16.931713966254037,139.8934678588276,156.82518182508164
4.003999999999781,9.81,3.93,1,1,0.01,0.01,-8.131962069619263,9.91332263794859,2.125522314929798,2.238111534436169,-10.54771164506257,-6.6742179863605156,0.0,0.016301487772423018,2.483425881734653,0.0,-1.4953240276485589,2.22332807390721,0.0,-9.701788947848643,-6.5250460762628615,16.777520826447116,140.04746896703497,156.82498979348208
4.005999999999781,9.81,3.93,1,1,0.01,0.01,-8.127731900172632,9.917785502662863,2.1047567945539543,2.2247482735694244,-10.218725029749725,-6.6889355397414345,0.0,0.013295404158704338,2.4878486864166662,0.0,-1.5106961397677257,2.199469976880186,0.0,-9.522615756956435,-6.540566143544616,16.62505308325828,140.19974766761334,156.82480075087162
4.007999999999781,9.81,3.93,1,1,0.01,0.01,-8.123542607469522,9.92222161185913,2.0846437355352063,2.211356235856116,-9.895245955209795,-6.702994879425648,0.0,0.01025895575618374,2.4922237345892517,0.0,-1.5256906700032793,2.175572337047573,0.0,-9.346258079053166,-6.554366640828628,16.474324603280287,140.3502900165084,156.8246146197887
4.00999999999978,9.81,3.93,1,1,0.01,0.01,-8.119392897583216,9.926630909299494,2.065172151968969,2.1979367367498686,-9.577244146086922,-6.716397011396776,0.0,0.007192886825907907,2.4965509517811384,0.0,-1.5403184660956053,2.1516397206854325,0.0,-9.172673834389185,-6.566544926062584,16.325348749601215,140.49908257553682,156.82443132513802
4.01199999999978,9.81,3.93,1,1,0.01,0.01,-8.115281498493998,9.931013341374836,2.0463311248326987,2.1844910895354475,-9.26468310201737,-6.729143092987476,0.0,0.004097920250389131,2.500830272370732,0.0,-1.5545900600527522,2.1276764138481754,0.0,-9.001820085099567,-6.5771937572822985,16.17813840231037,140.64611239179237,156.82425079410274
4.01399999999978,9.81,3.93,1,1,0.01,0.01,-8.111207159943358,9.935368857100212,2.0281098138146136,2.171020605057643,-8.957520711723179,-6.741234401718736,0.0,0.0009747581582729703,2.5050616390411475,0.0,-1.5685156749690106,2.103686437722663,0.0,-8.83365319161181,-6.586401494931254,16.03270597813153,140.79136697792634,156.82407295605788
4.01599999999978,9.81,3.93,1,1,0.01,0.01,-8.107168653265738,9.939697408109746,2.0104974679565677,2.157526591510003,-8.655709825147811,-6.7526723065899565,0.0,-0.0021759174647687507,2.5092450022652035,0.0,-1.5821052319769018,2.079673563216474,0.0,-8.668128955624514,-6.594252297429689,15.889063449218716,140.93483429326892,156.82389774248765
4.0179999999997795,9.81,3.93,1,1,0.01,0.01,-8.103164771200102,9.943998948651162,1.9934834351927084,2.1440103542786515,-8.359198785914195,-6.763458241677925,0.0,-0.005353444179153621,2.513380319818832,0.0,-1.5953683572965345,2.05564132481114,0.0,-8.505202750579318,-6.600826309965493,15.747222361146804,141.07650272575682,156.82372508690364
4.019999999999779,9.81,3.93,1,1,0.01,0.01,-8.099194327683483,9.94827343558006,1.9770571708610525,2.130473195836716,-8.06793192631021,-6.773593681906775,0.0,-0.0085571785086751,2.5174675563214923,0.0,-1.6083143893501433,2.0315930337107697,0.0,-8.344829640497178,-6.606199846518034,15.607193850129851,141.21636107463559,156.82355492476543
4.021999999999779,9.81,3.93,1,1,0.01,0.01,-8.095256157628455,9.952520828354016,1.9612082452607826,2.116916415685157,-7.78185002692879,-6.783080120856924,0.0,-0.011786495372052341,2.5215066828022095,0.0,-1.6209523859128598,2.007531790316045,0.0,-8.18696448800078,-6.610445565158161,15.468988659498521,141.35439853390596,156.82338719340447
4.023999999999779,9.81,3.93,1,1,0.01,0.01,-8.091349116686407,9.956741089026623,1.9459263503239013,2.103341310336045,-7.500890743007102,-6.7919190504862845,0.0,-0.015040787528804556,2.5254976762898944,0.0,-1.6332911312738878,1.9834604960528526,0.0,-8.031562052296511,-6.613632636695704,15.332617155466593,141.49060467648212,156.82322183194873
4.025999999999779,9.81,3.93,1,1,0.01,0.01,-8.087472080998289,9.960934182241521,1.9312013054658643,2.0897491733345848,-7.224988999428038,-6.800111942642394,0.0,-0.018319465039431493,2.5294405194267133,0.0,-1.6453391433851081,1.9593818645842969,0.0,-7.878577077843875,-6.6158269067696045,15.198089342216349,141.62496943903426,156.8230587812506
4.027999999999778,9.81,3.93,1,1,0.01,0.01,-8.083623946934434,9.96510007522652,1.9170230626759774,2.0761412953164204,-6.954077356261995,-6.807660232249938,0.0,-0.021621954739867055,2.533335200103282,0.0,-1.6571046809767298,1.93529843243393,0.0,-7.727964374395403,-6.617091051495604,15.065414876330978,141.7574831074862,156.82289798381717
4.029999999999778,9.81,3.93,1,1,0.01,0.01,-8.079803630824914,9.969238737787864,1.9033817109046662,2.062518964096985,-6.688086346644216,-6.814565302063464,0.0,-0.02494769973011146,2.5371817111145436,0.0,-1.6685957506220022,1.9112125690474024,0.0,-7.579678889048278,-6.6174847268030765,14.934603080601637,141.8881363031406,156.82273938374226
4.031999999999778,9.81,3.93,1,1,0.01,0.01,-8.07601006868177,9.973350142304701,1.890267479801225,2.048883464789866,-6.426944788699175,-6.820828468880876,0.0,-0.028296158876930266,2.5409800498352277,0.0,-1.6798201137351467,1.887126486318774,0.0,-7.433675770908063,-6.617064711606002,14.80566295723514,142.01691996940613,156.82258292664127
4.033999999999778,9.81,3.93,1,1,0.01,0.01,-8.07224221591438,9.97743426372383,1.8776707428523034,2.035236079951363,-6.170580073141311,-6.826450971118414,0.0,-0.031666806330469366,2.544730217913839,0.0,-1.6907852934886975,1.8630422476069533,0.0,-7.28991042892667,-6.615885044964074,14.678603200487863,142.14382535909937,156.82242855958722
4.0359999999997775,9.81,3.93,1,1,0.01,0.01,-8.06849904703912,9.981491079554733,1.8655820199682207,2.021578089748619,-5.918918428100645,-6.83143395765301,0.0,-0.035059131054624104,2.5484322209842123,0.0,-1.7014985816383865,1.8389617762667745,0.0,-7.148338583439928,-6.613997157399069,14.553432208750849,142.26884402229985,156.8222762310507
4.037999999999777,9.81,3.93,1,1,0.01,0.01,-8.064779555384344,9.985520569865002,1.853991979561172,2.007910772148868,-5.671885162643395,-6.835778477843733,0.0,-0.0384726363709329,2.552086068393643,0.0,-1.71196704524498,1.8148868637184896,0.0,-7.008916311895946,-6.611449996536553,14.430158096108762,142.39196779473173,156.82212589084048
4.039999999999777,9.81,3.93,1,1,0.01,0.01,-8.061082752791703,9.989522717276133,1.842891440156532,1.9942354031275333,-5.429404890379136,-6.839485472648182,0.0,-0.041906839515835625,2.555691772946721,0.0,-1.7221975332845116,1.7908191770782647,0.0,-6.871600089231579,-6.608290147249781,14.308788703395807,142.51318878665109,156.8219774900469
4.041999999999777,9.81,3.93,1,1,0.01,0.01,-8.057407669314664,9.993497506959766,1.8322713715757548,1.9805532568930666,-5.191401734473825,-6.842555766755166,0.0,-0.045361271211005305,2.5592493506640013,0.0,-1.7321966831392084,1.7667602663717652,0.0,-6.736346823324775,-6.604561946483786,14.189331608770168,142.63249937221667,156.82183098098685
4.043999999999777,9.81,3.93,1,1,0.01,0.01,-8.053753352915063,9.99744492663439,1.8221228957267974,1.9668656061265626,-4.957799515313417,-6.844990061659075,0.0,-0.048835475246556403,2.5627588205547185,0.0,-1.7419709269630979,1.7427115713516441,0.0,-6.603113885919783,-6.6003075929411095,14.071794137828142,142.74989217932398,156.8216863171521
4.045999999999776,9.81,3.93,1,1,0.01,0.01,-8.050118869158448,10.001364966562539,1.81243728703558,1.9531737222343455,-4.728521921994872,-6.846788929606707,0.0,-0.05232900807684515,2.5662202044027245,0.0,-1.7515264979169392,1.718674427939166,0.0,-6.471859139395891,-6.595567251809402,13.956183373276977,142.86536007988042,156.8215434531574
4.047999999999776,9.81,3.93,1,1,0.01,0.01,-8.046503300908887,10.005257619548502,1.8032059725497076,1.9394788756118433,-4.5034926687535135,-6.847952808350296,0.0,-0.055841438428614,2.5696335265649894,0.0,-1.760869436268634,1.6946500743091308,0.0,-6.3425409597234825,-6.590379154712573,13.842506164186968,142.97889618050598,156.82140234469296
4.049999999999776,9.81,3.93,1,1,0.01,0.01,-8.042905748023866,10.009122880936577,1.7944205317435247,1.9257823359172004,-4.28263563737222,-6.848481996646064,0.0,-0.05937234692118032,2.5729988137818967,0.0,-1.7700055953556146,1.670639656636629,0.0,-6.215118255927776,-6.584779695063657,13.730769134839724,143.09049381363718,156.8212629484769
4.051999999999776,9.81,3.93,1,1,0.01,0.01,-8.039325327049868,10.012960748609874,1.786072696051546,1.9120853723531972,-4.065875006555103,-6.848376650440096,0.0,-0.06292132569844144,2.57631609499873,0.0,-1.7789406474071296,1.6466442345230154,0.0,-6.08955048635645,-6.578803518997734,13.62097869319123,143.20014652901946,156.8211252222107
4.053999999999776,9.81,3.93,1,1,0.01,0.01,-8.035761170919116,10.016771222989696,1.7781543481553999,1.8983892539561547,-3.8531353691917305,-6.847636779688284,0.0,-0.06648797807234685,2.5795854011976935,0.0,-1.7876800892244533,1.6226647861181196,0.0,-5.965797672027569,-6.5724836120582095,13.51314103896588,143.30784808556984,156.8209891245357
4.055999999999775,9.81,3.93,1,1,0.01,0.01,-8.032212428647991,10.020554307035495,1.7706575210476239,1.8846952498906078,-3.6443418383794293,-6.846262245759564,0.0,-0.07007191817762048,2.5828067652398947,0.0,-1.7962292477182655,1.5987022129544601,0.0,-5.843820407312415,-6.565851381808549,13.407262171397944,143.4135924435941,156.82085461499204
4.057999999999775,9.81,3.93,1,1,0.01,0.01,-8.028678265037506,10.024310006245429,1.763574396893975,1.8710046297486278,-3.439420143020402,-6.844252759375881,0.0,-0.07367277063738376,2.5859802217167105,0.0,-1.8045932853025204,1.5747573445089151,0.0,-5.723579868190635,-6.558936736536065,13.303347896635525,143.5173737573429,156.82072165397844
4.059999999999775,9.81,3.93,1,1,0.01,0.01,-8.025157860376257,10.028038328657521,1.75689730571433,1.857318663852765,-3.2382967137573058,-6.841607879044676,0.0,-0.07729017023945517,2.589105806810028,0.0,-1.8127772051451156,1.5508309425061515,0.0,-5.605037818296051,-6.5517681602120135,13.201403834822132,143.61918636789247,156.8205902027146
4.061999999999775,9.81,3.93,1,1,0.01,0.01,-8.021650410146169,10.031739284851424,1.7506187239007736,1.8436386235616686,-3.040898759965163,-6.838327009943558,0.0,-0.08092376162297654,2.5921835581608317,0.0,-1.8207858562756218,1.5269237049778313,0.0,-5.488156612956608,-6.544372783866103,13.10143542686943,143.7190247963345,156.82046022320395
4.0639999999997745,9.81,3.93,1,1,0.01,0.01,-8.018155124731353,10.035412887950802,1.744731272590085,1.8299657815775157,-2.8471543384700255,-6.8344094032186495,0.0,-0.08457319897513538,2.595213514745691,0.0,-1.828623938551232,1.503036270090543,0.0,-5.372899201415213,-6.536776453530822,13.003447940935192,143.8168837372641,156.8203316781993
4.065999999999774,9.81,3.93,1,1,0.01,0.01,-8.014671229130359,10.039059153626319,1.739227715906534,1.8163014122544603,-2.6569924146227177,-6.82985415566171,0.0,-0.08823814573766986,2.598195716760672,0.0,-1.8362960074820285,1.4791692197550261,0.0,-5.25922912740492,-6.529003794904739,12.907446478618752,143.91275805255023,156.820204531169
4.067999999999774,9.81,3.93,1,1,0.01,0.01,-8.01119796267205,10.042678100099263,1.7341009590896808,1.8026467919073772,-2.470342916315121,-6.82466020973294,0.0,-0.09191827432288002,2.6011302055122583,0.0,-1.8438064789171937,1.4553230830285298,0.0,-5.147110528238333,-6.521078274880007,12.813435980886553,144.006642765378,156.82007874626453
4.069999999999774,9.81,3.93,1,1,0.01,0.01,-8.007734578735333,10.046269748145763,1.7293440465207417,1.789003199120239,-2.287136781487376,-6.818826353899008,0.0,-0.09561326583888896,2.6040170233148867,0.0,-1.851159633594049,1.4314983393214797,0.0,-5.036508132558381,-6.513022260074321,12.72142123373956,144.09853305455053,156.8199542882901
4.071999999999774,9.81,3.93,1,1,0.01,0.01,-8.004280344472921,10.049834121101647,1.7249501596600192,1.7753719150535263,-2.1073059996389945,-6.812351223258262,0.0,-0.0993228098238449,2.606856213394705,0.0,-1.8583596215518516,1.4076954214192319,0.0,-4.927387256886858,-6.504857072502073,12.631406873633406,144.1884242490396,156.819831122673
4.073999999999773,9.81,3.93,1,1,0.01,0.01,-8.000834540539307,10.053371244867893,1.7209126149069047,1.7617542237501216,-1.9307836478215765,-6.80523330042651,0.0,-0.10304660398883791,2.6096478197991972,0.0,-1.8654104664127586,1.3839147183289047,0.0,-4.8197138010955225,-6.496603042515547,12.543397392662417,144.27631182277324,156.81970921543567
4.075999999999773,9.81,3.93,1,1,0.01,0.01,-7.9973964608230785,10.0568811479167,1.7172248613930408,1.7481514124391921,-1.7575039215594792,-6.7974709166596,0.0,-0.1067843539692358,2.6123918873123353,0.0,-1.8723160695322252,1.3601565779609683,0.0,-4.713454242915358,-6.488279559140962,12.457397143517287,144.3621913896513,156.81958853316857
4.077999999999773,9.81,3.93,1,1,0.01,0.01,-7.993965412183711,10.060363861298164,1.7138804787183644,1.734564771837609,-1.5874021611140814,-6.789062253190061,0.0,-0.11053577308419238,2.6150884613749317,0.0,-1.879080214021458,1.336421309654642,0.0,-4.60857563158995,-6.479905117930217,12.373410344226343,144.44605869877796,156.8194690430043
4.079999999999773,9.81,3.93,1,1,0.01,0.01,-7.990540714192935,10.063819418647553,1.7108731746389545,1.7209955964484958,-1.4204148734785638,-6.780005342757082,0.0,-0.11430058210408578,2.6177375880099123,0.0,-1.8857065686446302,1.312709186555663,0.0,-4.505045580770332,-6.471497366444198,12.291441082690014,144.5279096299036,156.81935071259363
4.0819999999997725,9.81,3.93,1,1,0.01,0.01,-7.987121698880769,10.06724785619317,1.7081967827148565,1.7074451848565413,-1.2564797504640248,-6.770298071311049,0.0,-0.11807850902561146,2.620339313752174,0.0,-1.8921986915934406,1.2890204478546752,0.0,-4.4028322607411665,-6.463073147478163,12.211493321016569,144.60774018906469,156.81923351008126
4.083999999999772,9.81,3.93,1,1,0.01,0.01,-7.983707710486294,10.070649212764813,1.705845259925362,1.693914840019742,-1.0955356832118455,-6.759938179874617,0.0,-0.12186928885431625,2.6228936855828104,0.0,-1.8985600341420092,1.2653553008938296,0.0,-4.301904390060042,-6.454648540136275,12.133570899668456,144.68554650441527,156.81911740408373
4.085999999999772,9.81,3.93,1,1,0.01,0.01,-7.980298105213217,10.074023529802815,1.703812684258576,1.6804058695572794,-0.9375227734441931,-6.748923266544291,0.0,-0.12567266339432426,2.625400750867419,0.0,-1.9047939441848993,1.2417139231489596,0.0,-4.202231226685454,-6.446238898856983,12.057677541426953,144.7613248222412,156.81900236366815
4.087999999999772,9.81,3.93,1,1,0.01,0.01,-7.976892250990287,10.07737085136764,1.702093252281502,1.6669195860332682,-0.7823823417423807,-6.737250788617621,0.0,-0.12948838104501703,2.627860557298252,0.0,-1.91090366966114,1.2180964640942356,0.0,-4.10378255866249,-6.437858890486738,11.983816855182816,144.8350715031491,156.81888835833192
4.089999999999772,9.81,3.93,1,1,0.01,0.01,-7.973489527236573,10.080691224150057,1.7006812766963173,1.6534573072361323,-0.6300569331217916,-6.72491806483229,0.0,-0.13331619660445904,2.6302731528399796,0.0,-1.916892361867204,1.1945030469557794,0.0,-4.006528694429261,-6.429522529495523,11.911992339560165,144.9067830184225,156.81877535798264
4.091999999999771,9.81,3.93,1,1,0.01,0.01,-7.970089324631651,10.08398469748187,1.6995711838879914,1.640020356453405,-0.48049032015329984,-6.711922277704478,0.0,-0.1371558710793297,2.632638585678862,0.0,-1.9227630786618755,1.170933770360467,0.0,-3.9104404528020136,-6.421243211423386,11.842207386381055,144.97645594653915,156.8186633329202
4.093999999999771,9.81,3.93,1,1,0.01,0.01,-7.966691044890688,10.087251323347182,1.6987575114679223,1.6266100627417603,-0.33362750386237056,-6.698260475954954,0.0,-0.14100717150116904,2.6349569041751186,0.0,-1.9285187875659506,1.1473887098856956,0.0,-3.8154891526915113,-6.4130337446432675,11.774465283977197,145.04408696984163,156.81855225381884
4.095999999999771,9.81,3.93,1,1,0.01,0.01,-7.963294100544449,10.090491156394199,1.6982349058178152,1.6132277611921142,-0.18941471262040074,-6.6839295770125675,0.0,-0.14486987074872204,2.637228156818301,0.0,-1.934162368759649,1.1238679195156338,0.0,-3.721646602598867,-6.404906380521338,11.70876922035502,145.10967287135543,156.81844209171044
4.097999999999771,9.81,3.93,1,1,0.01,0.01,-7.959897914724211,10.093704253947557,1.6979981196376213,1.5998747931896489,-0.04779939922737376,-6.6689263695853445,0.0,-0.1487437473761628,2.639452392185485,0.0,-1.939696617980648,1.1003714330092336,0.0,-3.6288850899349283,-6.39687284205252,11.64512228622058,145.1732105317479,156.8183328179685
4.0999999999997705,9.81,3.93,1,1,0.01,0.01,-7.9565019209515695,10.096890676021175,1.698042009500964,1.5865525066686355,0.09126976363076773,-6.653247516290533,0.0,-0.15262858544703206,2.6416296589021195,0.0,-1.9451242493256367,1.0768992651848126,0.0,-3.53717737020281,-6.388944351045325,11.583527477869836,145.23469692642288,156.81822440429272
4.10199999999977,9.81,3.93,1,1,0.01,0.01,-7.953105562933128,10.100050485331595,1.6983615334211344,1.5732622563619434,0.22784288937951122,-6.636889556335543,0.0,-0.15652417437368182,2.6437600056053694,0.0,-1.950447897958215,1.0534514131259196,0.0,-3.4464966560801145,-6.381131653926564,11.523987699950146,145.294129122745,156.81811682269515
4.10399999999977,9.81,3.93,1,1,0.01,0.01,-7.949708294360045,10.103183747311826,1.6989517484304024,1.5600054040451432,0.36196888485087964,-6.619848908242812,0.0,-0.16043030876203745,2.6458434809097775,0.0,-1.955670122725886,1.0300278573128645,0.0,-3.3568166064338003,-6.373445046233014,11.466505768097793,145.35150427738765,156.81801004548544
4.10599999999977,9.81,3.93,1,1,0.01,0.01,-7.946309578712397,10.106290530125673,1.6998078081750962,1.5467833187751217,0.4936954587308302,-6.60212187261171,0.0,-0.16434678826150817,2.6478801333751436,0.0,-1.9607934086889884,1.0066285626840419,0.0,-3.2681113152975483,-6.365894395854421,11.411084411457395,145.40681963380146,156.81790404525884
4.10799999999977,9.81,3.93,1,1,0.01,0.01,-7.942908889068348,10.109370904682528,1.7009249605286145,1.5335973771231404,0.6230691310252471,-6.583704634911961,0.0,-0.16827341741987822,2.6498700114764366,0.0,-1.965820169564188,0.9832534796309267,0.0,-3.180355300838587,-6.358489165088563,11.357726275087133,145.46007251979597,156.81779879488312
4.109999999999769,9.81,3.93,1,1,0.01,0.01,-7.93950570791806,10.112424944652632,1.702298545224286,1.5204489634022806,0.7501352434204319,-6.564593268303,0.0,-0.1722100055429855,2.6518131635756528,0.0,-1.970752750085237,0.9599025449305127,0.0,-3.0935234943387013,-6.351238431566632,11.306433922255302,145.51126034523202,156.81769426748733
4.111999999999769,9.81,3.93,1,1,0.01,0.01,-7.936099526982326,10.11545272648278,1.70392399150975,1.5073394698892275,0.8749379704247763,-6.544783736474788,0.0,-0.17615636655905498,2.653709637895459,0.0,-1.9755934282835461,0.9365756826185772,0.0,-3.0075912292111333,-6.344150908103976,11.257209836631704,145.5603805998186,156.8175904364503
4.113999999999769,9.81,3.93,1,1,0.01,0.01,-7.932689847035867,10.11845432941246,1.7057968158243109,1.4942702970403547,0.9975203311863128,-6.52427189650563,0.0,-0.18011231888750912,2.6555594824945423,0.0,-1.980344417691177,0.9132728048071277,0.0,-2.9225342300734862,-6.337234961529035,11.210056424378914,145.60743085101132,156.81748727539022
4.115999999999769,9.81,3.93,1,1,0.01,0.01,-7.929276177735252,10.121429835490435,1.7079126195005256,1.4812428537020794,1.1179242018900275,-6.503053501733399,0.0,-0.18407768531210833,2.6573627452445368,0.0,-1.985007869468692,0.8899938124490991,0.0,-2.8383286018943235,-6.330498630540231,11.16497601614702,145.65240874200805,156.81738475815507
4.1179999999997685,9.81,3.93,1,1,0.01,0.01,-7.925858037451386,10.124379329591717,1.7102670864910896,1.468258557315464,1.2361903286463154,-6.481124204636824,0.0,-0.18805229285827885,2.659119473808429,0.0,-1.9895858744602963,0.8667385960532171,0.0,-2.7549508192294305,-6.323949642638452,11.121970868975668,145.6953119898373,156.81728285881297
4.119999999999768,9.81,3.93,1,1,0.01,0.01,-7.922434953106524,10.12730289943496,1.712855981121922,1.4553188341150483,1.3523583407892914,-6.458479559724025,0.0,-0.1920359726744738,2.6608297156203364,0.0,-1.9940804651786104,0.843507036351816,0.0,-2.672377715562104,-6.317595430180147,11.081043168107055,145.73613838353592,156.81718155164296
4.121999999999768,9.81,3.93,1,1,0.01,0.01,-7.91900646001575,10.130200635600247,1.7156751458721962,1.4424251193218982,1.4664667645104055,-6.435115026425641,0.0,-0.1960285599174364,2.6624935178665954,0.0,-1.9984936177214327,0.8202990049241864,0.0,-2.590586472760085,-6.311443145594211,11.042195028713802,145.77488578241355,156.81708081112734
4.123999999999768,9.81,3.93,1,1,0.01,0.01,-7.915572101732864,10.13307263154724,1.7187204991819152,1.4295788573308672,1.578553036759399,-6.411025971990501,0.0,-0.20002989364123602,2.6641109274680375,0.0,-2.0028272536226766,0.7971143647778965,0.0,-2.509554610660417,-6.305499675803234,11.005428497544564,145.81155211439892,156.81698061194348
4.125999999999768,9.81,3.93,1,1,0.01,0.01,-7.91213142990063,10.135918983633722,1.7219880332875028,1.4167815018920633,1.6886535193500631,-6.38620767438208,0.0,-0.20403981668993876,2.6656819910633964,0.0,-2.0070832416396662,0.7739529708904185,0.0,-2.429259976792246,-6.299771655887887,10.970745554490742,145.84613537446572,156.81688092895646
4.127999999999767,9.81,3.93,1,1,0.01,0.01,-7.908684004105328,10.138739791134475,1.7254738120857653,1.4040345162865255,1.7968035132140212,-6.360655325174087,0.0,-0.20805817559378792,2.6672067549937575,0.0,-2.011263399478919,0.7508146707132441,0.0,-2.3496807362463965,-6.294265482031283,10.938148114077565,145.8786336231347,156.81678173721227
4.129999999999767,9.81,3.93,1,1,0.01,0.01,-7.905229391735539,10.141535156260517,1.7291739690264634,1.3913393734961093,1.903037272750645,-6.334364032444159,0.0,-0.21208482046877675,2.6686852652879773,0.0,-2.0153694954624344,0.7276993046405313,0.0,-2.2707953616993666,-6.288987323778168,10.907638026882065,145.9090449850491,156.81668301193116
4.131999999999767,9.81,3.93,1,1,0.01,0.01,-7.90176716784513,10.144305184178666,1.733084705033641,1.3786975563675885,2.0073880202261463,-6.307328823664434,0.0,-0.21611960491950455,2.670117567649012,0.0,-2.0194032501365347,0.7046067064441929,0.0,-2.192582623598387,-6.2839431356422395,10.879217080881281,145.93736764762033,156.81658472850162
4.133999999999767,9.81,3.93,1,1,0.01,0.01,-7.898296915020354,10.147049983031435,1.7372022864557666,1.3661105577709796,2.1098879601787597,-6.279544648588558,0.0,-0.22016238594518278,2.6715037074410857,0.0,-2.023366337825121,0.6815367036773187,0.0,-2.115021580513562,-6.2791386680929016,10.852887002733029,145.9635998597422,156.81648686247524
4.1359999999997665,9.81,3.93,1,1,0.01,0.01,-7.89481822325103,10.149769663957224,1.7415230430446567,1.3535798807520958,2.2105682937915843,-6.25100638213454,0.0,-0.22421302384869957,2.6728437296776204,0.0,-2.0272603881292266,0.6584891180475989,0.0,-2.038091569661938,-6.274579477951376,10.82864945899168,145.98773993056886,156.81638938956056
4.137999999999766,9.81,3.93,1,1,0.01,0.01,-7.891330689805732,10.152464341110825,1.7460433659630843,1.3411070386793391,2.3094592331978867,-6.221708827263145,0.0,-0.22827138214862996,2.6741376790099047,0.0,-2.0310869873747124,0.6354637657623843,0.0,-1.9617721976077767,-6.270270938224608,10.806506057261952,146.00978622835703,156.81629228561897
4.139999999999766,9.81,3.93,1,1,0.01,0.01,-7.887833919110936,10.155134131684207,1.7507597058209037,1.3286935553847419,2.4065900156874793,-6.191646717851816,0.0,-0.23233732749409342,2.6753855997164093,0.0,-2.034847680009804,0.6124604578469119,0.0,-1.8860433311426412,-6.266218247403736,10.786458347292507,146.02973717936732,156.8161955266598
4.141999999999766,9.81,3.93,1,1,0.01,0.01,-7.88432752263407,10.157779155927578,1.7556685707394655,1.3163409652992626,2.501988917785795,-6.160814721564234,0.0,-0.2364107295823552,2.6765875356927262,0.0,-2.038543969954194,0.5894790004371453,0.0,-1.8108850883482837,-6.262426438252714,10.768507822012086,146.04759126682453,156.8160990888366
4.143999999999766,9.81,3.93,1,1,0.01,0.01,-7.880811118770396,10.160399537170719,1.7607665244440405,1.3040508135823483,2.5956832691804546,-6.129207442715895,0.0,-0.2404914610790757,2.677743530442052,0.0,-2.0421773219012858,0.5665191950485868,0.0,-1.7362778298447656,-6.258900386111118,10.752655918509781,146.06334702993274,156.81600294844253
4.145999999999765,9.81,3.93,1,1,0.01,0.01,-7.877284332733691,10.16299540184456,1.766050184383926,1.2918246562457696,2.687699466472728,-6.0968194251358625,0.0,-0.24457939754112767,2.678853627066209,0.0,-2.0457491625752695,0.5435808388223152,0.0,-1.6622021502256683,-6.255644816734436,10.73890401896244,146.07700306294535,156.8159070819078
4.147999999999765,9.81,3.93,1,1,0.01,0.01,-7.873746796450655,10.165566879503006,1.7715162198798635,1.2796640602717337,2.7780629867340254,-6.063645155025736,0.0,-0.24867441734187734,2.6799178682571183,0.0,-2.0492608819444125,0.5206637247494846,0.0,-1.5886388696819709,-6.252664313693139,10.727253451510148,146.08855801428587,156.815811465796
4.149999999999765,9.81,3.93,1,1,0.01,0.01,-7.870198148459003,10.16811410284499,1.7771613502983576,1.2675706037252836,2.866798400849819,-6.029679063816229,0.0,-0.2527764015988495,2.6809362962887047,0.0,-2.052713834392123,0.49776764187541933,0.0,-1.5155690258156862,-6.249963325351462,10.71770549108245,146.09801058571884,156.8157160768013
4.151999999999765,9.81,3.93,1,1,0.01,0.01,-7.866638033809166,10.170637207736752,1.78298234325246,1.2555458758609848,2.9539293866355725,-5.994915531022407,0.0,-0.25688523410369035,2.6819089530091977,0.0,-2.056109339847184,0.4748923754843704,0.0,-1.4429738656439732,-6.247546171445356,10.71026136017693,146.10535953156892,156.81562089174585
4.1539999999997645,9.81,3.93,1,1,0.01,0.01,-7.863066103969588,10.173136333234307,1.7889760128285441,1.243591477223902,3.0394787417116396,-5.9593488870984075,0.0,-0.2610008012543682,2.68283587983378,0.0,-2.059448684874532,0.45203770726589154,0.0,-1.3708348377939905,-6.245417049278198,10.704922229592032,146.11060365798596,156.815525887578
4.155999999999764,9.81,3.93,1,1,0.01,0.01,-7.859482016735522,10.175611621606137,1.7951392178385794,1.231709019744867,3.12346839612541,-5.922973416293101,0.0,-0.26512299198948985,2.68371711773754,0.0,-2.062733123727828,0.42920341546391577,0.0,-1.2991335848890246,-6.243580039551582,10.701689219115366,146.11374182225393,156.8154310413693
4.157999999999764,9.81,3.93,1,1,0.01,0.01,-7.855885436141311,10.178063218356044,1.8014688600973896,1.2199001268300311,3.2059194247113205,-5.885783359507459,0.0,-0.2692516977247069,2.6845527072487267,0.0,-2.0659638793652166,0.406389275009282,0.0,-1.2278519361253328,-6.24203911184823,10.700563398170036,146.1147729321437,156.81533633031373
4.159999999999764,9.81,3.93,1,1,0.01,0.01,-7.852276032376082,10.18049127224619,1.807961882724361,1.2081664334447026,3.2868520591807613,-5.847772917155256,0.0,-0.2733868122911154,2.6853426884422396,0.0,-2.069142144429367,0.3835950576366254,0.0,-1.1569719000395844,-6.240798129782403,10.701545786419715,146.1136959453061,156.8152417317258
4.161999999999764,9.81,3.93,1,1,0.01,0.01,-7.848653481702815,10.182895935320289,1.8146152684690569,1.1965095861914565,3.3662856999351645,-5.80893625202843,0.0,-0.27752823187556674,2.6860871009333387,0.0,-2.072269082193036,0.3608205319864763,0.0,-1.086475657466526,-6.239860855832946,10.704637354334473,146.11050986870498,156.81514722303945
4.1639999999997634,9.81,3.93,1,1,0.01,0.01,-7.84501746638074,10.18527736292696,1.8214260380601741,1.1849312433825085,3.444238927597603,-5.76926749216859,0.0,-0.28167585496285197,2.686785983871546,0.0,-2.0753458274712644,0.3380654636932129,0.0,-1.016345554685861,-6.2392309558730465,10.709839023718644,146.10521375808818,156.81505278180683
4.165999999999763,9.81,3.93,1,1,0.01,0.01,-7.841367674591008,10.187635713743214,1.828391248577281,1.173433075106338,3.520729514258854,-5.728760733746125,0.0,-0.2858295822796708,2.687439375934715,0.0,-2.078373487501315,0.3153296154596597,0.0,-0.9465640967577711,-6.23891200341016,10.717151668202472,146.09780671749542,156.81495838569788
4.167999999999763,9.81,3.93,1,1,0.01,0.01,-7.837703800365602,10.189971149798064,1.8355079918447588,1.162016763288544,3.5957744344356115,-5.687410043948887,0.0,-0.28998931674032713,2.688047315323226,0.0,-2.081353142791337,0.29261274711897833,0.0,-0.8771139410460613,-6.2389074835486245,10.726576113698362,146.0882878988013,156.81486401249967
4.169999999999763,9.81,3.93,1,1,0.01,0.01,-7.834025543519432,10.192283836496257,1.8427733928473686,1.1506840017469135,3.6693898757394416,-5.645209463881737,0.0,-0.2941549633940955,2.6886098397543,0.0,-2.0842858479388298,0.2699146156844662,0.0,-0.8079778909278325,-6.239220796687164,10.738113138823618,146.0766565012923,156.8147696401159
4.171999999999763,9.81,3.93,1,1,0.01,0.01,-7.830332609585582,10.194573942642112,1.85018460816687,1.1394364962406764,3.7415912492561403,-5.602153011479033,0.0,-0.2983264293741964,2.689126986456402,0.0,-2.0871726324198265,0.2472349753878696,0.0,-0.7391388896885744,-6.23985526196251,10.751763475290796,146.0629117712765,156.8146752465673
4.173999999999762,9.81,3.93,1,1,0.01,0.01,-7.826624709753665,10.196841640463443,1.8577388244391067,1.1282759645139238,3.812393199636246,-5.55823468443185,0.0,-0.3025036238483154,2.6895987921637037,0.0,-2.0900145013497227,0.22457357770679198,0.0,-0.6705800146015286,-6.240814120449914,10.76752780826674,146.04705300172446,156.8145808099912
4.175999999999762,9.81,3.93,1,1,0.01,0.01,-7.822901560811238,10.19908710563557,1.8654332568309864,1.1172041363331522,3.881809614898289,-5.513448463131704,0.0,-0.30668645797062366,2.6900252931105966,0.0,-2.0928124362166485,0.2019301713816981,0.0,-0.6022844711899676,-6.242100538130748,10.785406776701784,146.02907953194057,156.81448630864236
4.177999999999762,9.81,3.93,1,1,0.01,0.01,-7.819162885088248,10.201310517305393,1.8732651475367823,1.1062227535189058,3.9498536359472594,-5.467788313632888,0.0,-0.3108748448352292,2.690406525026223,0.0,-2.0955673955882164,0.17930450242305768,0.0,-0.5342355876712094,-6.243717608636752,10.805400973630123,146.0089907472629,156.81439172089304
4.179999999999762,9.81,3.93,1,1,0.01,0.01,-7.815408410404465,10.203512058115528,1.881231764293189,1.0953335699714704,4.016537665811618,-5.4212481906352705,0.0,-0.315068699431025,2.6907425231290163,0.0,-2.0982803157924828,0.15669631410906276,0.0,-0.46641680958091164,-6.245668355780135,10.827510946442679,145.9867860787912,156.81429702523388
4.1819999999997615,9.81,3.93,1,1,0.01,0.01,-7.811637870019865,10.205691914228494,1.889330398912575,1.0845383516905822,4.0818733786028805,-5.373822040489666,0.0,-0.3192679385978673,2.6910333221212284,0.0,-2.1009521115738785,0.1341053469744064,0.0,-0.39881169457640475,-6.247955735878018,10.85173719713348,145.96246500314138,156.81420220027485
4.183999999999761,9.81,3.93,1,1,0.01,0.01,-7.807851002587936,10.207850275350916,1.897558365833879,1.0738388767890996,4.145871728202578,-5.32550380422777,0.0,-0.3234724809840488,2.6912789561834245,0.0,-2.1035836767248757,0.11153133879051552,0.0,-0.3314039074176022,-6.25058263987945,10.878080182520732,145.93602704222562,156.81410722474635
4.185999999999761,9.81,3.93,1,1,0.01,0.01,-7.804047552111855,10.209987334757766,1.9059130006906146,1.0632369355005904,4.208542956681999,-5.276287420618878,0.0,-0.32768224700500426,2.6914794589689306,0.0,-2.106175884694081,0.08897402453769454,0.0,-0.26417721512427994,-6.25355189530259,10.906540314443557,145.90747176305695,156.8140120775005
4.187999999999761,9.81,3.93,1,1,0.01,0.01,-7.800227267903517,10.212103289316607,1.9143916588954506,1.0527343301807757,4.269896602460904,-5.226166829255467,0.0,-0.33189715880320725,2.6916348635982095,0.0,-2.1087295891714306,0.06643313636953646,0.0,-0.197115482308289,-6.256866267989312,10.937117959935318,145.87679877757668,156.813916737512
4.189999999999761,9.81,3.93,1,1,0.01,0.01,-7.79638990454538,10.214198339511828,1.9229917142408532,1.0423328753027727,4.329941508211739,-5.1751359736696285,0.0,-0.33611714020922623,2.6917452026531765,0.0,-2.1112456246512097,0.04390840356994599,0.0,-0.13020266667929636,-6.260528463684302,10.969813441375223,145.84400774250537,156.81382118388058
4.19199999999976,9.81,3.93,1,1,0.01,0.01,-7.792535221855095,10.216272689468878,1.9317105575152895,1.0320343974460724,4.388685828516819,-5.123188804482827,0.0,-0.34034211670387327,2.6918105081714034,0.0,-2.113724806973411,0.02139955250318626,0.0,-0.06342281472292431,-6.264541129444794,11.004627036618267,145.80909835921378,156.81372539583205
4.19399999999976,9.81,3.93,1,1,0.01,0.01,-7.788662984852878,10.218326546978455,1.9405455951345025,1.021840735279181,4.446137037286154,-5.070319282590882,0.0,-0.3445720153814247,2.691830811640227,0.0,-2.116167933844121,-0.0010936934427801803,0.0,0.003239942450188863,-6.268906854887357,11.041558979105284,145.77207037361515,156.81362935272043
4.19599999999976,9.81,3.93,1,1,0.01,0.01,-7.784772963731617,10.220360123520662,1.9494942477873922,1.011753739535856,4.502301934944274,-5.016521382386595,0.0,-0.34880676491385065,2.6918061439907337,0.0,-2.118575785335437,-0.02357161391926979,0.0,0.06980139308546508,-6.273628173277317,11.080609457953653,145.73292357607647,156.81353303403012
4.19799999999976,9.81,3.93,1,1,0.01,0.01,-7.780864933829669,10.222373634289113,1.9585539490960444,1.001775272984857,4.557186655394979,-4.961789095022069,0.0,-0.3530462955160335,2.6917365355916134,0.0,-2.1209491243654943,-0.04603449168592541,0.0,0.13627724859698562,-6.278707562466377,11.121778618029829,145.69165780134801,156.81343641937784
4.1999999999997595,9.81,3.93,1,1,0.01,0.01,-7.776938675606317,10.224367298214963,1.9677221442894752,0.9919072103931297,4.610796672773225,-4.906116431712997,0.0,-0.3572905389119242,2.691622016242869,0.0,-2.1232886971590963,-0.06848261268550845,0.0,0.2026831472127053,-6.284147445683499,11.165066560004524,145.64827292851072,156.81333948851525
4.201999999999759,9.81,3.93,1,1,0.01,0.01,-7.772993974619875,10.226341337990865,1.9769962888906751,0.982151438482338,4.663136807994034,-4.849497427087148,0.0,-0.36153942830159724,2.691462615169366,0.0,-2.125595233689438,-0.09091626612414153,0.0,0.2690346574533868,-6.289950192183934,11.210473340391482,145.60276888093932,156.8132422213308
4.203999999999759,9.81,3.93,1,1,0.01,0.01,-7.769030621508403,10.228295980094826,1.9863738474165564,0.9725098558786538,4.714211235108468,-4.7919261425790936,0.0,-0.36579289832918016,2.691258361014232,0.0,-2.127869448101424,-0.1133357445567687,0.0,0.3353472814464678,-6.296118117761038,11.257998971571135,145.5551456262823,156.81314459785344
4.205999999999759,9.81,3.93,1,1,0.01,0.01,-7.765048411973005,10.230231454813966,1.9958522920904274,0.9629843730557077,4.764023487477644,-4.733396669873669,0.0,-0.37005088505159867,2.691009281832059,0.0,-2.130112039116946,-0.13574134397750096,0.0,0.40163645807570464,-6.302653485124995,11.307643421799238,145.50540317645505,156.8130465982543
4.207999999999759,9.81,3.93,1,1,0.01,0.01,-7.761047146763698,10.232147996268145,2.005429101566643,0.9535769122706038,4.812576463775479,-4.673903134399931,0.0,-0.3743133259081254,2.690715405081936,0.0,-2.13232369042263,-0.15813336391465482,0.0,0.467917565967779,-6.309558504152731,11.35940661520238,145.45354158764772,156.8129482028501
4.209999999999758,9.81,3.93,1,1,0.01,0.01,-7.757026631667811,10.234045842433462,2.0151017596670986,0.9442894074928933,4.8598724338320105,-4.613439698878112,0.0,-0.3785801596906788,2.6903767576202786,0.0,-2.134505071040377,-0.18051210753017857,0.0,0.534205926316647,-6.316835332012685,11.413288431760426,145.39956096034553,156.81284939210596
4.211999999999758,9.81,3.93,1,1,0.01,0.01,-7.752986677500908,10.235925235165602,2.0248677541292612,0.9351238043263995,4.9059130443289085,-4.552000566921427,0.0,-0.38285132651485654,2.689993365693465,0.0,-2.136656835681136,-0.20287788172327287,0.0,0.6005168055466718,-6.324486073168157,11.469288707277544,145.34346143936122,156.81275014663876
4.213999999999758,9.81,3.93,1,1,0.01,0.01,-7.748927100100196,10.237786420223026,2.034724575365454,0.9260820599237835,4.950699324359658,-4.489579986695015,0.0,-0.38712676779164445,2.689565254930245,0.0,-2.138779625082197,-0.2252309972378897,0.0,0.66686541781515,-6.332512779262482,11.527407233341854,145.28524321387812,156.81265044721997
4.215999999999758,9.81,3.93,1,1,0.01,0.01,-7.744847720320408,10.239629647289966,2.044669715233136,0.9171661428937317,4.994231690866891,-4.426172254633814,0.0,-0.39140642619980137,2.6890924503339484,0.0,-2.140874066328428,-0.24757176877396656,0.0,0.7332669273552894,-6.3409174488894555,11.587643757275588,145.22490651750383,156.81255027477943
4.2179999999997575,9.81,3.93,1,1,0.01,0.01,-7.740748364032134,10.24145516999925,2.054700665815945,0.9083780332006485,5.036509953970075,-4.361771719221568,0.0,-0.39569024565886346,2.688574976274457,0.0,-2.1429407731576937,-0.26990051510208973,0.0,0.799736450660145,-6.349702027251787,11.649997982075815,145.16245162833286,156.81244961040866
4.219999999999757,9.81,3.93,1,1,0.01,0.01,-7.73662886212258,10.2432632459549,2.064814918215297,0.8997197220567269,5.077533322196821,-4.296372784832885,0.0,-0.39997817130273294,2.6880128564799426,0.0,-2.1449803462507995,-0.2922175591813456,0.0,0.866289058508158,-6.3588684057105365,11.714469566346875,145.09787886901762,156.8123484353645
4.221999999999757,9.81,3.93,1,1,0.01,0.01,-7.732489050498727,10.245054136754511,2.0750099613523627,0.8911932118062713,5.1173004076316815,-4.229969915640048,0.0,-0.4042701494538491,2.687406114028373,0.0,-2.1469933735062408,-0.31452322828020673,0.0,0.9329397778311371,-6.368418421228216,11.781058124225673,145.03118860684697,156.81224673107263
4.223999999999757,9.81,3.93,1,1,0.01,0.01,-7.728328770092888,10.2468281080114,2.0852832807802737,0.88280051580214,5.155809230996531,-4.162557639586529,0.0,-0.40856612759788513,2.6867547713387667,0.0,-2.148980430300019,-0.3368178541001533,0.0,0.9997035934250388,-6.378353855708023,11.849763225300393,144.96238125383104,156.81214447913143
4.225999999999757,9.81,3.93,1,1,0.01,0.01,-7.724147866870619,10.248585429376487,2.0956323575064286,0.8745436582741725,5.193057226676947,-4.094130552428952,0.0,-0.41286605435894586,2.6860588501622047,0.0,-2.150942079730784,-0.35910177290180534,0.0,1.0665954495040666,-6.3886764352316385,11.920584394523683,144.8914572667924,156.81204166131607
4.227999999999756,9.81,3.93,1,1,0.01,0.01,-7.71994619184098,10.250326374559915,2.106054666824813,0.8664246741894629,5.22904124770957,-4.024683321848972,0.0,-0.4171698794752562,2.685318371572583,0.0,-2.1528788728505326,-0.3813753256333971,0.0,1.13363025109873,-6.399387829197775,11.99352111212122,144.81841714746122,156.81193825958243
4.229999999999756,9.81,3.93,1,1,0.01,0.01,-7.715723601069122,10.252051221352374,2.1165476771582683,0.8584456091043391,5.263757570745475,-3.9542106916369666,0.0,-0.4214775537752733,2.684533355957106,0.0,-2.1547913488810715,-0.40363885806124067,0.0,1.2008228652979056,-6.410489649363552,12.06857281349626,144.74326144257483,156.8118342560711
4.231999999999756,9.81,3.93,1,1,0.01,0.01,-7.711479955691181,10.25376025164613,2.127108848910674,0.8506085190079004,5.297201901005223,-3.882707485948576,0.0,-0.42578902915424255,2.683703823006519,0.0,-2.1566800354164917,-0.42589272090209407,0.0,1.2681881223357019,-6.421983448790819,12.145738889131575,144.66599074397993,156.8117296331115
4.233999999999756,9.81,3.93,1,1,0.01,0.01,-7.70721512193145,10.255453751455716,2.137735633329047,0.842915470156969,5.329369377241217,-3.810168613635755,0.0,-0.43010425855112877,2.682829791705076,0.0,-2.1585454486118207,-0.4481372699570687,0.0,1.3357408165230482,-6.433870720699211,12.225018684489333,144.58660568873745,156.81162437322678
4.2359999999997555,9.81,3.93,1,1,0.01,0.01,-7.702928971121829,10.25713201093831,2.1484254713755853,0.8353685389023034,5.3602545767239,-3.7365890726534925,0.0,-0.4344231959259124,2.6819112803202296,0.0,-2.1603880933580215,-0.4703728662468929,0.0,1.4034957070244403,-6.446152897227685,12.30641149990961,144.5051069592276,156.8115184591372
4.237999999999755,9.81,3.93,1,1,0.01,0.01,-7.698621379723508,10.258795324413727,2.1591757926097217,0.8279698115059217,5.389851520267943,-3.661963954543231,0.0,-0.4387457962372303,2.680948306392063,0.0,-2.1622084634435663,-0.4925998761482959,0.0,1.471467518480081,-6.458831348106378,12.389916590509204,144.42149528325626,156.81141187376548
4.239999999999755,9.81,3.93,1,1,0.01,0.01,-7.694292229350887,10.260443990384065,2.1699840140802835,0.8207213839493809,5.418153677315544,-3.5862884489940257,0.0,-0.44307201542031815,2.679940886722433,0.0,-2.1640070417026736,-0.5148186715312257,0.0,1.5396709414734757,-6.4719073792402195,12.47553316608072,144.33577143415988,156.8113046002406
4.241999999999755,9.81,3.93,1,1,0.01,0.01,-7.689941406797693,10.262078311552932,2.1808475392278925,0.8136253617328547,5.44515397109377,-3.5095578484822743,0.0,-0.44740181036523974,2.678889037363857,0.0,-2.1657843001504404,-0.5370296298966712,0.0,1.6081206328446913,-6.485382231206032,12.563260390993804,144.24793623090966,156.81119662190346
4.243999999999755,9.81,3.93,1,1,0.01,0.01,-7.685568804065287,10.263698594844284,2.1917637567977644,0.8066838596648538,5.470844783863664,-3.4317675529906793,0.0,-0.45173513889537276,2.6777927736081004,0.0,-2.1675407001049107,-0.5592331345148162,0.0,1.6768312158493242,-6.499257077664304,12.65309738409837,144.15799053821206,156.81108792231043
4.245999999999754,9.81,3.93,1,1,0.01,0.01,-7.6811743183931345,10.26530515142082,2.202730039763116,0.7998990016424277,5.495217962278606,-3.3529130748068963,0.0,-0.4560719597461307,2.676652109974506,0.0,-2.169276692296315,-0.5814295745632811,0.0,1.7458172801633167,-6.513533023687368,12.74504321863188,144.0659352666069,156.8109784852388
4.247999999999754,9.81,3.93,1,1,0.01,0.01,-7.676757852291414,10.266898296701932,2.2137437442594132,0.7932729204216893,5.5182648228701,-3.272990043402326,0.0,-0.460412232543881,2.675467060198045,0.0,-2.1709927169635472,-0.6036193452651213,0.0,1.8150933817334525,-6.528211104005113,12.839096922130864,143.97177137256082,156.8108682946917
4.249999999999754,9.81,3.93,1,1,0.01,0.01,-7.672319313575751,10.26847835038118,2.2248022085297308,0.786807757378502,5.539976157679456,-3.1919942103911927,0.0,-0.46475591778504366,2.674237637217079,0.0,-2.172689203937979,-0.6258028480263418,0.0,1.8846740424736608,-6.54329228116953,12.935257476347589,143.87549985855495,156.81075733490255
4.251999999999754,9.81,3.93,1,1,0.01,0.01,-7.667858615404049,10.270045636443292,2.23590275188154,0.7805056622591683,5.560342240053725,-3.1099214545695792,0.0,-0.46910297681535984,2.6729638531608635,0.0,-2.1743665727147903,-0.6479804905726763,0.0,1.9545737498071953,-6.5587774436395625,13.033523817173556,143.77712177316684,156.81064559034039
4.2539999999997535,9.81,3.93,1,1,0.01,0.01,-7.6633756763153915,10.271600483180645,2.2470426736552658,0.7743687929209603,5.579352830624923,-3.0267677870345664,0.0,-0.47345337180927605,2.671645719336774,0.0,-2.1760252325118645,-0.6701526870852406,0.0,2.02480695605435,-6.574667403787309,13.133894834570025,143.67663821114508,156.8105330457151
4.255999999999753,9.81,3.93,1,1,0.01,0.01,-7.658870420270997,10.273143223209216,2.258219252205003,0.7683993150623324,5.596997183491709,-2.942529356382769,0.0,-0.4778070657494372,2.6702832462172537,0.0,-2.1776655823163473,-0.6923198583348157,0.0,2.095388077665811,-6.590962895826818,13.236369372506708,143.57405031347517,156.81041968598188
4.257999999999753,9.81,3.93,1,1,0.01,0.01,-7.654342776697205,10.274674193483985,2.269429743891814,0.762599401942658,5.613264052622649,-2.857202453987557,0.0,-0.48216402240626427,2.668876443426508,0.0,-2.1792880109190125,-0.7144824318144354,0.0,2.166331494301516,-6.607664573666819,13.34094622891001,143.4693592674371,156.81030549634713
4.259999999999753,9.81,3.93,1,1,0.01,0.01,-7.649792680530454,10.276193735313775,2.28067138209007,0.7569712340913337,5.62814169850089,-2.770783519354134,0.0,-0.48652420631757864,2.667425319726926,0.0,-2.1808928969364687,-0.7366408418699194,0.0,2.2376515477548065,-6.624773008688416,13.447624155621119,143.36256630665196,156.81019046227308
4.261999999999753,9.81,3.93,1,1,0.01,0.01,-7.645220072264237,10.277702194375484,2.2919413762073417,0.7515169990060973,5.641617895029864,-2.683269145550996,0.0,-0.4908875827682794,2.6659298830052465,0.0,-2.1824806088213435,-0.7587955298281026,0.0,2.309362540721988,-6.64228868744907,13.556401858365682,143.25367271111787,156.81007456948356
4.263999999999752,9.81,3.93,1,1,0.01,0.01,-7.640624897998008,10.279199920727716,2.3032369107183754,0.7462388908404061,5.653679936720017,-2.594656084716723,0.0,-0.495254117770002,2.6643901402584707,0.0,-2.184051504860493,-0.7809469441222727,0.0,2.3814787354167493,-6.660212009313982,13.667277996735269,143.1426798072337,156.80995780396896
4.265999999999752,9.81,3.93,1,1,0.01,0.01,-7.636007109487995,10.280687268823767,2.3145551442137453,0.7411391100797295,5.664314646176668,-2.504941253639855,0.0,-0.49962377804078306,2.662806097579526,0.0,-2.185605933161362,-0.8030955404146058,0.0,2.4540143520297337,-6.678543284016194,13.780251184182296,143.02958896780945,156.80984015199175
4.267999999999752,9.81,3.93,1,1,0.01,0.01,-7.631366664199912,10.282164597523959,2.325893208463794,0.7362198632066094,5.673508381909307,-2.41412173941014,0.0,-0.503996530984675,2.661177760142685,0.0,-2.187144231626533,-0.8252417817151356,0.0,2.5269835670328287,-6.697282729146533,13.895319988028852,142.91440161206256,156.80972160009142
4.269999999999752,9.81,3.93,1,1,0.01,0.01,-7.626703525363521,10.283632270107287,2.3372482074985346,0.7314833623543483,5.681247046482515,-2.322194805138627,0.0,-0.5083723446713021,2.659505132188762,0.0,-2.188666727916622,-0.8473861384969188,0.0,2.6004005113281665,-6.7164304675748765,14.012482929491043,142.79711920559973,156.80960213509076
4.2719999999997516,9.81,3.93,1,1,0.01,0.01,-7.622017662029018,10.285090654282369,2.3486172167042105,0.7269318249491922,5.6875160950292445,-2.229157895743961,0.0,-0.5127511878153285,2.657788217010067,0.0,-2.190173739401524,-0.869529088806993,0.0,2.674279268241668,-6.735986524803794,14.131738483719083,142.67774326038142,156.8094817441005
4.273999999999751,9.81,3.93,1,1,0.01,0.01,-7.61730904912521,10.286540122197659,2.3599972819372628,0.7225674733408752,5.692300544146674,-2.13500864380178,0.0,-0.5171330297558251,2.656027016935157,0.0,-2.191665573100177,-0.891671118372755,0.0,2.7486338713611085,-6.755950826256198,14.253085079854998,142.5562753346704,156.8093604145254
4.275999999999751,9.81,3.93,1,1,0.01,0.01,-7.612577667519448,10.287981050450917,2.3713854186564878,0.7183925344214067,5.695584981195411,-2.039744875454069,0.0,-0.5215178404354861,2.6542215333133656,0.0,-2.1931425256088657,-0.913812720703266,0.0,2.823478302218367,-6.776323194498172,14.37652110110787,142.432717032961,156.80923813406886
4.277999999999751,9.81,3.93,1,1,0.01,0.01,-7.607823504079267,10.289413820097906,2.3827786110742144,0.7144092392319816,5.697353574022318,-1.9433646163743892,0.0,-0.5259055903797123,2.6523717664991513,0.0,-2.194604883018257,-0.9359543971851804,0.0,2.898826487816168,-6.797103346398764,14.502044884849013,142.30707000589038,156.8091148907394
4.279999999999751,9.81,3.93,1,1,0.01,0.01,-7.603046551735721,10.29083881666028,2.3941738113273674,0.7106198225579088,5.697590081127673,-1.845866097785078,0.0,-0.5302962506755071,2.6504777158362454,0.0,-2.1960529208191732,-0.9580966571727746,0.0,2.9746922979990127,-6.818290890228002,14.629654722726789,142.17933595012883,156.80899067285563
4.2819999999997505,9.81,3.93,1,1,0.01,0.01,-7.598246809548339,10.292256430132664,2.4055679386693267,0.7070265225114557,5.696277862296999,-1.747247762522126,0.0,-0.5346897929501646,2.6485393796416314,0.0,-2.197486903797267,-0.9802400180716179,0.0,3.051089542668258,-6.839885322694948,14.75934886080261,142.04951660824898,156.8088654690516
4.28399999999975,9.81,3.93,1,1,0.01,0.01,-7.593424282771684,10.293667054988877,2.416957878683531,0.703631580102521,5.693399889717613,-1.647508271142197,0.0,-0.5390861893497583,2.646556755189369,0.0,-2.1989070859167352,-1.002385005415541,0.0,3.1280319688417615,-6.861886025927563,14.89112549970958,141.91761376857315,156.80873926828272
4.28599999999975,9.81,3.93,1,1,0.01,0.01,-7.58857898292346,10.295071090187287,2.428340482519817,0.7004372387970537,5.688938759600414,-1.5466465080673113,0.0,-0.5434854125173603,2.644529838694263,0.0,-2.2003137101931385,-1.024532152936266,0.0,3.205533257557654,-6.884292264396061,15.024982794833686,141.78362926499724,156.80861205983092
4.28799999999975,9.81,3.93,1,1,0.01,0.01,-7.583710927854124,10.296468939175275,2.439712566154524,0.6974457440631515,5.682876704326405,-1.4446615877607152,0.0,-0.5478874355710148,2.6424586252954017,0.0,-2.2017070085555095,-1.046682002625373,0.0,3.2836070206228767,-6.907103181781803,15.160918856519569,141.64756497679056,156.80848383331013
4.28999999999975,9.81,3.93,1,1,0.01,0.01,-7.578820141817953,10.297861009892772,2.4510709096754315,0.6946593429047808,5.675195605137722,-1.3415528609281404,0.0,-0.5522922320814205,2.6403431090395926,0.0,-2.203087201697906,-1.0688351047880216,0.0,3.362266797206433,-6.930317797793869,15.298931750301556,141.50942282837062,156.80835457867218
4.291999999999749,9.81,3.93,1,1,0.01,0.01,-7.573906655545512,10.299247714774854,2.4624122565926423,0.6920802833830736,5.665877005392729,-1.2373199207379106,0.0,-0.5566997760492949,2.6381832828646736,0.0,-2.204454498920477,-1.0909920180879236,0.0,3.4415260502775937,-6.953935004935158,15.439019497160062,141.3692047890512,156.80822428621127
4.293999999999749,9.81,3.93,1,1,0.01,0.01,-7.568970506317477,10.300629470753368,2.473733313176551,0.6897108141251722,5.65490212440357,-1.1319626090523496,0.0,-0.5611100418824269,2.6359791385827687,0.0,-2.2058090979603566,-1.1131533095831252,0.0,3.5213981628896818,-6.97795356522084,15.581180073806014,141.2269128727641,156.80809294657013
4.295999999999749,9.81,3.93,1,1,0.01,0.01,-7.564011738039755,10.302006699257564,2.4850307478240907,0.6875531838206056,5.642251871875227,-1.025481022663394,0.0,-0.5655230043723716,2.63373066686347,0.0,-2.207151184812448,-1.1353195547520027,0.0,3.6018964343096007,-7.002372106851217,15.72541141299276,141.08254913775238,156.80796055074515
4.297999999999749,9.81,3.93,1,1,0.01,0.01,-7.559030401319839,10.303379826213705,2.4963011904544703,0.6856096407051971,5.627906862963821,-0.9178755195240949,0.0,-0.5699386386707765,2.6314378572169783,0.0,-2.208480933540342,-1.15749133750897,0.0,3.6830340759937723,-7.027189120841766,15.871711403856995,140.93611568623456,156.80782709009156
4.2999999999997485,9.81,3.93,1,1,0.01,0.01,-7.554026553544339,10.30474928204363,2.507541231935665,0.6838824320325204,5.611847433971736,-0.8091467249674726,0.0,-0.5743569202653241,2.629100697977221,0.0,-2.2097985060775893,-1.1796692502093715,0.0,3.764824207411139,-7.052402957613167,16.020077892289653,140.78761466403876,156.80769255632842
4.301999999999748,9.81,3.93,1,1,0.01,0.01,-7.549000258957636,10.306115501662255,2.518747423542947,0.6823738035329374,5.594053658696369,-0.6992955379037766,0.0,-0.578777824955263,2.6267191762849804,0.0,-2.211104052019553,-1.2018538936429826,0.0,3.84727985171388,-7.0780118235442675,16.17050868133757,140.63704826020654,156.8075569415441
4.303999999999748,9.81,3.93,1,1,0.01,0.01,-7.543951588741582,10.307478924473973,2.5299162764507797,0.6810859988602721,5.574505365448682,-0.5883231369863511,0.0,-0.5832013288265172,2.6242932780710366,0.0,-2.212397708406084,-1.2240458770155964,0.0,3.9304139312568327,-7.104013777491093,16.323001531636873,140.48441870656427,156.80742023820113
4.305999999999748,9.81,3.93,1,1,0.01,0.01,-7.538880621096173,10.308839994367936,2.541044261259435,0.6800212590261913,5.553182154757032,-0.4762309867362331,0.0,-0.5876274082263514,2.621822988039369,0.0,-2.2136795994952996,-1.2462458179181117,0.0,4.014239262966506,-7.1304067272752905,16.47755416187886,140.32972827726257,156.80728243914143
4.307999999999748,9.81,3.93,1,1,0.01,0.01,-7.533787441321151,10.310199159712202,2.5521278075577114,0.6791818218223872,5.530063417770829,-0.36302084361467624,0.0,-0.5920560397375725,2.619308289650421,0.0,-2.2149498365287226,-1.268454342282561,0.0,4.098768553560859,-7.157188426145457,16.63416424930917,140.17297928828143,156.8071435375906
4.309999999999747,9.81,3.93,1,1,0.01,0.01,-7.528672141898427,10.311556873346696,2.563163303523176,0.678569921230676,5.505128355377661,-0.2486947620324873,0.0,-0.5964872001522549,2.6167491651044776,0.0,-2.216208517488134,-1.290672084324511,0.0,4.184014394621118,-7.184356469215211,16.792829430261236,140.0141740969019,156.80700352716315
4.311999999999747,9.81,3.93,1,1,0.01,0.01,-7.523534822575269,10.312913592574997,2.5741470955613575,0.6781877868211507,5.478355998046528,-0.13325510028433984,0.0,-0.6009208664449737,2.6141455953251675,0.0,-2.2174557268444546,-1.3128996864712719,0.0,4.269989257517114,-7.211908289881985,16.953547300724818,139.8533151011423,156.8068624018671
4.313999999999747,9.81,3.93,1,1,0.01,0.01,-7.518375590448181,10.314269779154907,2.5850754879853715,0.6780376431385494,5.449725226409051,-0.016704526396067676,0.0,-0.6053570157455179,2.61149755994312,0.0,-2.218691535298964,-1.3351377992752853,0.0,4.356705488187562,-7.2398411562305425,17.116315416949803,139.6904047391583,156.8067201561081
4.315999999999747,9.81,3.93,1,1,0.01,0.01,-7.513194560047365,10.315625899287767,2.595944742737445,0.6781217090770295,5.419214792588674,0.10095397612849344,0.0,-0.6097956253111001,2.6088050372798173,0.0,-2.2199159995173265,-1.3573870813122355,0.0,4.444175301777481,-7.268152167425997,17.281131296087185,139.52544548860715,156.80657678469433
4.3179999999997465,9.81,3.93,1,1,0.01,0.01,-7.507991853421712,10.316982423606527,2.606751079153863,0.6784421972435565,5.386803342287523,0.2197171026737259,0.0,-0.614236672497999,2.6060680043316617,0.0,-2.221129161856734,-1.3796481990631222,0.0,4.532410777134136,-7.296838250100728,17.447992416866317,139.35843986597385,156.80643228284018
4.319999999999746,9.81,3.93,1,1,0.01,0.01,-7.502767600224206,10.318339827162525,2.617490673774847,0.6790013133101519,5.3524694376384785,0.3395812220062431,0.0,-0.6186801347326754,2.6032864367542974,0.0,-2.2223310500866593,-1.4019218267799107,0.0,4.621423851164289,-7.325896154740316,17.616896220310604,139.1893904258601,156.8062866461707
4.321999999999746,9.81,3.93,1,1,0.01,0.01,-7.497521937797672,10.319698589410963,2.6281596602009145,0.6798012553552684,5.316191580829125,0.46054237091063044,0.0,-0.6231259894823024,2.6004603088472127,0.0,-2.22352167710363,-1.4242086463340282,0.0,4.711226313054673,-7.355322452073635,17.787840110490954,139.01829976023407,156.80613987072502
4.323999999999746,9.81,3.93,1,1,0.01,0.01,-7.492255011260758,10.321059194195046,2.6387541289972565,0.680844213194591,5.2779482385022725,0.5825962489825525,0.0,-0.6275742142247438,2.5975895935386744,0.0,-2.224701040640561,-1.446509347047283,0.0,4.801829798358778,-7.385113529472713,17.960821455318854,138.84517049764185,156.8059919529607
4.325999999999746,9.81,3.93,1,1,0.01,0.01,-7.486966973594057,10.322422129728784,2.6492701276477004,0.6821323677015941,5.237717866936738,0.7057382135942096,0.0,-0.6320247864179145,2.594674262371004,0.0,-2.2258691229710887,-1.4688246255044717,0.0,4.893245782952262,-7.415265587367954,18.135837587377935,138.67000530237846,156.80584288975638
4.327999999999745,9.81,3.93,1,1,0.01,0.01,-7.481657985726278,10.323787888578416,2.659703660559814,0.6836678901182165,5.19547893800964,0.8299632750491492,0.0,-0.636477683468579,2.591714285486257,0.0,-2.2270258906094975,-1.4911551853473282,0.0,4.985485576860792,-7.445774635684939,18.31288580479626,138.49280687361934,156.8056926784156
4.329999999999745,9.81,3.93,1,1,0.01,0.01,-7.476328216620347,10.325156967642455,2.670050689122715,0.6854529413560476,5.151209965940232,0.9552660919424436,0.0,-0.6409328827005196,2.5887096316123337,0.0,-2.228171294006813,-1.5135017370490753,0.0,5.078560317963077,-7.4766364903091755,18.491963372158356,138.31357794451142,156.80554131666977
4.331999999999745,9.81,3.93,1,1,0.01,0.01,-7.470977843359341,10.326529868130315,2.680307131819151,0.6874896712884553,5.104889534813229,1.0816409667440063,0.0,-0.6453903613221041,2.5856602680495535,0.0,-2.229305267243602,-1.5358649976691745,0.0,5.172480965573215,-7.507846769585297,18.673067521457867,138.13232128122277,156.80538880268062
4.333999999999745,9.81,3.93,1,1,0.01,0.01,-7.465607051232143,10.327907095539524,2.6904688643933987,0.6897802180341174,5.0564963268773395,1.209081841622812,0.0,-0.6498500963932421,2.5825661606577475,0.0,-2.230427727720195,-1.5582456905877367,0.0,5.267258293906245,-7.539400890857895,18.856195453091473,137.94903968195177,156.80523513504323
4.3359999999997445,9.81,3.93,1,1,0.01,0.01,-7.460216033818703,10.329289159631488,2.7005317200765346,0.6923267072324583,5.006009151613109,1.337582294530116,0.0,-0.6543120647917033,2.5794272738438964,0.0,-2.2315385758449167,-1.580644545219023,0.0,5.362902885431005,-7.571294067061112,19.041344336893324,137.7637359758944,156.80508031278774
4.337999999999744,9.81,3.93,1,1,0.01,0.01,-7.454804993074791,10.330676574405803,2.7104914898706,0.6951312513115261,4.953406975561415,1.4671355355609579,0.0,-0.6587762431788291,2.5762435705503703,0.0,-2.2326376947210833,-1.603062296703668,0.0,5.4594251241152945,-7.603521303364731,19.22851131321132,137.5764130221703,156.80492433538163
4.339999999999744,9.81,3.93,1,1,0.01,0.01,-7.4493741394161175,10.332069858073098,2.7203439228931776,0.698195948748888,4.898668952902249,1.5977344036129086,0.0,-0.6632426079646027,2.5730150122437982,0.0,-2.233724949833433,-1.6254996855790573,0.0,5.556835188567968,-7.636077393884522,19.417693494024284,137.387073708707,156.80476720273128
4.341999999999744,9.81,3.93,1,1,0.01,0.01,-7.443923691801712,10.33346953302638,2.7300847267838653,0.701522883326156,4.841774456770436,1.7293713633623429,0.0,-0.667711135272109,2.569741558904626,0.0,-2.2348001887348072,-1.647957457427529,0.0,5.655143045083677,-7.6689569184653,19.608887964101005,137.1957209510827,156.8046089151837
4.343999999999744,9.81,3.93,1,1,0.01,0.01,-7.438453877816414,10.334876125810903,2.739709568174104,0.7051141233777998,4.782703111293194,1.8620385025778725,0.0,-0.6721818009013398,2.5664231690173915,0.0,-2.2358632407338,-1.6704363625018301,0.0,5.754358440595431,-7.702154239544998,19.802091782199643,137.00235769132695,156.8044494735266
4.345999999999743,9.81,3.93,1,1,0.01,0.01,-7.43296493375237,10.336290167092509,2.74921407322179,0.7089717210349418,4.721434824330844,1.995727529792692,0.0,-0.6766545802924162,2.563059799561783,0.0,-2.2369139165842897,-1.6929371553276895,0.0,5.854490895541938,-7.73566349910897,19.997301982309708,136.80698689668037,156.80428887899006
4.347999999999743,9.81,3.93,1,1,0.01,0.01,-7.427457104689388,10.337712191624467,2.758593828212051,0.7130977114648719,4.657949820900607,2.1304297723558845,0.0,-0.6811294484881539,2.559651406004505,0.0,-2.2379520081775985,-1.7154605942828787,0.0,5.955549696655315,-7.769478615743376,20.19451557493355,136.60961155831268,156.80412713324623
4.349999999999743,9.81,3.93,1,1,0.01,0.01,-7.4219306445740285,10.339142738212782,2.767844380225539,0.7174941121070629,4.592228677259356,2.2661361748851414,0.0,-0.6856063800960415,2.5561979422920182,0.0,-2.238977288238268,-1.738007441152668,0.0,6.05754388967689,-7.803593281797517,20.393729548409524,136.41023468999975,156.80396423840926
4.351999999999743,9.81,3.93,1,1,0.01,0.01,-7.416385816297286,10.34058234967997,2.776961237875522,0.7221629219065108,4.524252355619507,2.402837298142278,0.0,-0.6900853492496034,2.5526993608441857,0.0,-2.2399895100242704,-1.7605784606612738,0.0,6.16048227200807,-7.838000960664654,20.594940870274826,136.20885932676015,156.80380019703497
4.3539999999997425,9.81,3.93,1,1,0.01,0.01,-7.410822891770728,10.3420315728273,2.785939872115018,0.7271061205452666,4.454002239468404,2.5405233183540625,0.0,-0.6945663295691726,2.5491556125488852,0.0,-2.2409884070326775,-1.7831744199791029,0.0,6.264373385304316,-7.872694884191721,20.7981464886685,136.00548852345122,156.8036350121197
4.355999999999742,9.81,3.93,1,1,0.01,0.01,-7.405242152000953,10.343490958395506,2.7947757171151437,0.732325667673075,4.38146016945924,2.679184027000858,0.0,-0.6990492941220828,2.5455666467576297,0.0,-2.2419736927117135,-1.8057960882056006,0.0,6.369225508020574,-7.907668050228219,21.003343333773543,135.8001253533257,156.80346868709927
4.357999999999742,9.81,3.93,1,1,0.01,0.01,-7.39964388716221,10.344961061023945,2.80346417121579,0.7378235021380769,4.306608479838196,2.818808831095646,0.0,-0.703534215382278,2.5419324112822457,0.0,-2.2429450601801957,-1.828444235827477,0.0,6.475046647916747,-7.9429132203250505,21.210528319297243,135.59277290654938,156.80330122584664
4.359999999999742,9.81,3.93,1,1,0.01,0.01,-7.394028396667054,10.346442439208227,2.812000597949652,0.7436015412185788,4.22943003536921,2.959386753977179,0.0,-0.7080210651893979,2.5382528523926604,0.0,-2.2439021819554146,-1.8511196341523781,0.0,6.581844534533151,-7.978422917594379,21.419698343990156,135.38343428867995,156.8031326326701
4.361999999999742,9.81,3.93,1,1,0.01,0.01,-7.3883959892348745,10.347935655256313,2.820380327140577,0.7496616798569425,4.149908268715152,3.1009064366394647,0.0,-0.7125098147072916,2.534527914815849,0.0,-2.244844709690481,-1.8738230547176955,0.0,6.689626611644945,-8.014189424741737,21.630850293201014,135.1721126191091,156.8029629123101
4.363999999999741,9.81,3.93,1,1,0.01,0.01,-7.382746982958146,10.349441275243075,2.8285986560770913,0.7560057898966901,4.0680272182303145,3.2433561396220147,0.0,-0.7170004343820467,2.5307575417359836,0.0,-2.2457722739222272,-1.896555268674768,0.0,6.798400029706808,-8.050204782281924,21.8439810404685,134.95881102946768,156.80279206993617
4.365999999999741,9.81,3.93,1,1,0.01,0.01,-7.377081705366271,10.35095986896334,2.836650850761883,0.762635719323969,3.983771566116327,3.386723745483737,0.0,-0.7214928938995131,2.5269416747958404,0.0,-2.246684483830752,-1.9193170461483735,0.0,6.908171638298299,-8.086460786950484,22.059087449147565,134.743532661995,156.80262011114257
4.367999999999741,9.81,3.93,1,1,0.01,0.01,-7.37140049348683,10.352492009883424,2.8445321472379206,0.7695532915145682,3.8971266768901582,3.5309967618840803,0.0,-0.7259871621423524,2.5230802540995194,0.0,-2.247580927011759,-1.9421091555716492,0.0,7.018947978581448,-8.122948990322804,22.276166374069653,134.5262806678748,156.80244704194445
4.369999999999741,9.81,3.93,1,1,0.01,0.01,-7.365703693904116,10.354038275091161,2.8522377529917713,0.7767603044877244,3.8080786361094203,3.676162325295408,0.0,-0.730483207146662,2.5191732182165074,0.0,-2.248461169262769,-1.9649323629967057,0.0,7.130735275783031,-8.159660697652862,22.49521466323564,134.30705820553698,156.8022728687726
4.3719999999997405,9.81,3.93,1,1,0.01,0.01,-7.359991662814779,10.355599245244452,2.8597628484345807,0.7842585301680026,3.7166142892971448,3.822207205369703,0.0,-0.7349809960581782,2.515220504187151,0.0,-2.2493247543844026,-1.9877874313810773,0.0,7.243539431713829,-8.196586966944109,22.71622915953989,134.0858684389281,156.80209759846798
4.37399999999974,9.81,3.93,1,1,0.01,0.01,-7.354264766080427,10.357175504518342,2.867102588461052,0.7920497136565849,3.6227212810046754,3.969117809983028,0.0,-0.739480495088084,2.5112220475295786,0.0,-2.250171203997885,-2.0106751198503163,0.0,7.35736601733814,-8.233718608264939,22.939206702523713,133.86271453575137,156.80192123827507
4.37599999999974,9.81,3.93,1,1,0.01,0.01,-7.348523379277039,10.358767640550655,2.874252104086633,0.8001355725133452,3.52638809394786,4.1168801909816,0.0,-0.7439816694684935,2.507177782248121,0.0,-2.2510000173799387,-2.033596182937238,0.0,7.47222026540789,-8.271046183321342,23.16414413015753,133.63759966567798,156.8017437958355
4.37799999999974,9.81,3.93,1,1,0.01,0.01,-7.342767887741019,10.360376244386208,2.8812065041629937,0.8085177960511368,3.4276040881487266,4.265480050651991,0.0,-0.7484844834076088,2.503087640843278,0.0,-2.251810671316262,-2.0565513697981297,0.0,7.58810706317536,-8.308560005299467,23.39103828064929,133.4105269985311,156.8015652791804
4.37999999999974,9.81,3.93,1,1,0.01,0.01,-7.336998686611742,10.362001910419616,2.8879608771717353,0.8171980446437639,3.326359540011333,4.414902748938671,0.0,-0.7529889000446106,2.4989515543232717,0.0,-2.252602619974761,-2.0795414234065364,0.0,7.705030945199911,-8.346250138990799,23.619885994277627,133.1814997024445,156.80138569672215
4.381999999999739,9.81,3.93,1,1,0.01,0.01,-7.331216180870438,10.36364523633674,2.8945102930961206,0.8261779490491538,3.222645681257359,4.565133311431238,0.0,-0.7574948814043126,2.4947694522172377,0.0,-2.2533752947997296,-2.1025670797251914,0.0,7.822996086264365,-8.384106401212712,23.85068411524784,132.95052094199798,156.80120505724582
4.383999999999739,9.81,3.93,1,1,0.01,0.01,-7.3254207853752495,10.365306823054786,2.9008498053704717,0.8354591097492924,3.1164547376437404,4.716156438143569,0.0,-0.762002388351622,2.490541262590091,0.0,-2.2541281044281707,-2.1256290668567694,0.0,7.942006294417353,-8.422118361537203,24.083429493568467,132.71759387633062,156.8010233698991
4.385999999999739,9.81,3.93,1,1,0.01,0.01,-7.3196129248923185,10.366987274661113,2.90697445290672,0.8450430963085278,3.007779967381546,4.867956513106752,0.0,-0.7665113805458652,2.486266912059111,0.0,-2.2548604346294105,-2.148728104174283,0.0,8.062065004158853,-8.460275343340374,24.318118986947,132.48272165723523,156.80084064418224
4.387999999999739,9.81,3.93,1,1,0.01,0.01,-7.313793034122738,10.368687198350772,2.9128792621974235,0.8549314467518914,2.8966156991723704,5.02051761479685,0.0,-0.7710218163950087,2.481946325812293,0.0,-2.255571648269214,-2.1718649014318996,0.0,8.183175269786274,-8.49856642518538,24.554749462701825,132.2459074272355,156.80065688993733
4.3899999999997386,9.81,3.93,1,1,0.01,0.01,-7.307961557725226,10.370407204362822,2.9185592494944026,0.8651256669651265,2.7829573697755023,5.173823527418411,0.0,-0.775533653009841,2.4775794276284815,0.0,-2.2562610852994895,-2.1950401578571803,0.0,8.305339758919573,-8.536980442551032,24.793317799688513,132.00715431764732,156.80047211733583
4.391999999999738,9.81,3.93,1,1,0.01,0.01,-7.302118950334367,10.372147905915472,2.9240094230619675,0.875627230118157,2.6668015610163853,5.327857753063607,0.0,-0.7800468461581561,2.4731661398993525,0.0,-2.2569280627747794,-2.218254561225697,0.0,8.428560746224052,-8.5755059899185,25.033820890237916,131.76646544662876,156.80028633686666
4.393999999999738,9.81,3.93,1,1,0.01,0.01,-7.29626567657427,10.373909919140095,2.9292247855035285,0.8864375761137653,2.548146036144281,5.4826035247663505,0.0,-0.7845613502189924,2.468706383653252,0.0,-2.257571874896597,-2.2415087869191415,0.0,8.552840107350304,-8.614131423227905,25.276255642103255,131.52384391721887,156.80009955932212
4.395999999999738,9.81,3.93,1,1,0.01,0.01,-7.290402211067509,10.375693863014158,2.9342003361601887,0.8975581110632901,2.4269897754441563,5.638043820470482,0.0,-0.7890771181370034,2.4642000785809417,0.0,-2.258191793086728,-2.264803496968187,0.0,8.678179313111661,-8.6528448627166,25.520618980414593,131.2792928153697,156.79991179578428
4.397999999999738,9.81,3.93,1,1,0.01,0.01,-7.284529038439181,10.37750035929315,2.9389310735797367,0.9089902067911887,2.3033330110061616,5.794161377929173,0.0,-0.7935941013769842,2.459647143063269,0.0,-2.2587870660905054,-2.2881393390812406,0.0,8.804579423919188,-8.691634196150298,25.7669078496364,131.032815207973,156.79972305760938
4.3999999999997375,9.81,3.93,1,1,0.01,0.01,-7.278646653315975,10.379330032441528,2.9434119980542532,0.9207352003703447,2.177177260552991,5.950938710553451,0.0,-0.7981122498786658,2.4550474942007936,0.0,-2.2593569201110935,-2.3115169456606464,0.0,8.9320410844962,-8.730487082458017,26.015119215527648,130.78441414088505,156.7995333564127
4.401999999999737,9.81,3.93,1,1,0.01,0.01,-7.2727555603200855,10.381183509562783,2.9476381142243446,0.932794393690034,2.0485253602244993,6.108358124224819,0.0,-0.8026315120117725,2.4504010478453893,0.0,-2.2599005589757253,-2.3349369328075333,0.0,9.060564518892976,-8.769390955781192,26.26525006709866,130.5340926369521,156.79934270405076
4.403999999999737,9.81,3.93,1,1,0.01,0.01,-7.26685627405786,10.383061420328666,2.951604433747819,0.945169053058494,1.9173814962159565,6.266401735088152,0.0,-0.8071518345314741,2.4457077186338525,0.0,-2.2604171643348323,-2.3583998993170994,0.0,9.190149525824918,-8.808333029946906,26.517297418564716,130.28185369403963,156.79915111260433
4.405999999999737,9.81,3.93,1,1,0.01,0.01,-7.260949319103041,10.384964396907659,2.955305978030405,0.9578604088420701,1.7837512351658777,6.425051488338174,0.0,-0.8116731625342567,2.4409674200235285,0.0,-2.260905895894932,-2.3819064256657763,0.0,9.320795474356116,-8.84730030337452,26.771258311291668,130.02770028306844,156.7989585943601
4.407999999999737,9.81,3.93,1,1,0.01,0.01,-7.255035229974492,10.386893073892761,2.958737781015907,0.97086965514294,1.6476415531874453,6.584289178012893,0.0,-0.8161954394142973,2.436180064329964,0.0,-2.2613658916860375,-2.4054570729920637,0.0,9.452501299951827,-8.886279564424186,27.02712981573068,129.77163534606012,156.7987651617908
4.409999999999736,9.81,3.93,1,1,0.01,0.01,-7.249114551108284,10.388848088228677,2.9618948920329773,0.9841979495174411,1.509060863436849,6.744096467805517,0.0,-0.8207186068203989,2.4313455627666016,0.0,-2.261796268364354,-2.4290523820727477,0.0,9.585265500923107,-8.925257397195223,27.284909033338877,129.51366179419549,156.79857082753438
4.411999999999736,9.81,3.93,1,1,0.01,0.01,-7.243187836824031,10.390830079138473,2.9647723786954754,0.9978464127370509,1.3680190421104734,6.904454912906038,0.0,-0.8252426046135884,2.426463825486541,0.0,-2.2621961215509865,-2.4526928722964936,0.0,9.719086135288006,-8.964220187781693,27.54459309848412,129.2537825058899,156.798375604374
4.413999999999736,9.81,3.93,1,1,0.01,0.01,-7.237255651285381,10.39283968804981,2.9673653298531564,1.011816128594086,1.2245274527635273,7.0653459828813165,0.0,-0.8297673708254079,2.4215347616263307,0.0,-2.2625645262071337,-2.4763790406366,0.0,9.853960818072952,-9.003154130990982,27.806179180328126,128.99200032488667,156.7981795052148
4.415999999999736,9.81,3.93,1,1,0.01,0.01,-7.231318568454552,10.394877558520824,2.969668858589231,1.0261081437542092,1.0785989688413544,7.226751085602258,0.0,-0.834292841617002,2.4165582793518317,0.0,-2.2629005370464075,-2.500111360625037,0.0,9.989886719079262,-9.04204523753119,28.069664484686694,128.72831805837427,156.79798254306095
4.4179999999997355,9.81,3.93,1,1,0.01,0.01,-7.22537717204083,10.39694433616577,2.9716781052611085,1.0407234676578407,0.9302479943156592,7.388651592224668,0.0,-0.8388189512390636,2.4115342859061215,0.0,-2.2632031889846305,-2.5238902813297885,0.0,10.126860561139237,-9.080879341671444,28.335046255862586,128.46273847512902,156.7977847309916
4.419999999999735,9.81,3.93,1,1,0.01,0.01,-7.219432055442952,10.39904066858052,2.973388240580429,1.0556630724725933,0.7794904823178698,7.551028863229598,0.0,-0.843345631992717,2.406462687659445,0.0,-2.2634714976274957,-2.547716226337701,0.0,10.264878618886959,-9.119642109378633,28.60232177844817,128.1952643036876,156.79758608213575
4.421999999999735,9.81,3.93,1,1,0.01,0.01,-7.213483821685279,10.401167205268,2.9747944687282684,1.0709278930988486,0.6263439516628928,7.713864275527583,0.0,-0.8478728141914338,2.4013433901611765,0.0,-2.263704459796267,-2.571589592745092,0.0,10.403936718068918,-9.158319046932492,28.871488379094735,127.92589823055158,156.7973866096463
4.423999999999735,9.81,3.93,1,1,0.01,0.01,-7.207533083347725,10.403324597563723,2.975892030501196,1.086518827230609,0.4708275011579983,7.877139250628446,0.0,-0.8524004261239918,2.3961762981938173,0.0,-2.2639010540917868,-2.5955107501581463,0.0,10.5440302354186,-9.19689551002067,29.142543428243087,127.65464289842959,156.79718632667266
4.425999999999735,9.81,3.93,1,1,0.01,0.01,-7.2015804624893525,10.405513498561472,2.9766762064836465,1.1024367354737565,0.31296182159216945,8.040835283880039,0.0,-0.8569283940186593,2.3909613158289513,0.0,-2.264060241496672,-2.6194800397058415,0.0,10.685154099121664,-9.235356713312926,29.415484341815414,127.38150090451768,156.7969852463331
4.427999999999734,9.81,3.93,1,1,0.01,0.01,-7.195626590565607,10.4077345630393,2.9771423202418634,1.1186824415238579,0.15276920530442234,8.204933974774107,0.0,-0.8614566420085723,2.385698346485187,0.0,-2.2641809660157852,-2.6434977730673395,0.0,10.827302789894963,-9.273687740513674,29.690308582861363,127.10647479882427,156.79678338168563
4.429999999999734,9.81,3.93,1,1,0.01,0.01,-7.1896721083391455,10.409988447385933,2.977285741534479,1.1352567324056475,-0.009726446769096007,8.36941705831915,0.0,-0.8659850920984569,2.3803872929880066,0.0,-2.264262155354659,-2.6675642315165424,0.0,10.97047034270527,-9.311873554889566,29.967013663157175,126.82956708254065,156.79658074569784
4.431999999999734,9.81,3.93,1,1,0.01,0.01,-7.183717665784231,10.412275809527724,2.9771018895345827,1.1521603587763216,-0.17449962066649977,8.53426643747739,0.0,-0.8705136641327469,2.375028057631522,0.0,-2.264302721635679,-2.691679664986179,0.0,11.11465034915194,-9.349899010268338,30.24559714475422,126.5507802064622,156.79637735121642
4.433999999999734,9.81,3.93,1,1,0.01,0.01,-7.177763921984675,10.414597308856276,2.9765862360579516,1.1693940352947663,-0.3415231876837345,8.699464216661243,0.0,-0.8750422757651531,2.3696205422420737,0.0,-2.2643015621515334,-2.7158442911537914,0.0,11.259835960537279,-9.387748862503111,30.526056641471957,126.27011656946283,156.7961732109348
4.4359999999997335,9.81,3.93,1,1,0.01,0.01,-7.171811545025324,10.416953606156868,2.975734308791923,1.1869584410588345,-0.5107684054615347,8.86499273628483,0.0,-0.8795708424297948,2.3641646482436323,0.0,-2.264257560155405,-2.7400582945522816,0.0,11.40601989164903,-9.425407781395096,30.808389820333975,125.98757851702615,156.79596833736014
4.437999999999733,9.81,3.93,1,1,0.01,0.01,-7.165861211877093,10.41934536353783,2.9745416945192185,1.204854220112776,-0.6822049219624164,9.030834608363286,0.0,-0.8840992773139398,2.3586602767249603,0.0,-2.2641695856872524,-2.764321825707402,0.0,11.553194425277853,-9.462860363066296,31.09259440294267,125.70316833983733,156.79576274278
4.439999999999733,9.81,3.93,1,1,0.01,0.01,-7.159913608275555,10.421773244361008,2.973004042330855,1.2230819820269059,-0.8558007824202697,9.196972753152114,0.0,-0.888627491332431,2.3531073285084627,0.0,-2.2640364964353275,-2.788635000304723,0.0,11.701351417492459,-9.500091142771744,31.378668166789094,125.41688827243803,156.7955564392271
4.441999999999733,9.81,3.93,1,1,0.01,0.01,-7.153969428593128,10.424237913173448,2.9711170668221167,1.2416423025515857,-1.0315224393408682,9.363390436817829,0.0,-0.8931553931038758,2.347505704220673,0.0,-2.263857138632014,-2.812997898388618,0.0,11.850482303694688,-9.53708460813976,31.66660894649547,125.12874049194812,156.7953494384436
4.443999999999733,9.81,3.93,1,1,0.01,0.01,-7.1480293757048905,10.426740035640483,2.9688765512654154,1.260535724347569,-1.2093347656264435,9.530071310129413,0.0,-0.897682888928657,2.3418553043643113,0.0,-2.263630347982945,-2.837410563595716,0.0,12.000578105475563,-9.57382521282694,31.95641463498677,124.83872711685765,156.79514175184443
4.445999999999732,9.81,3.93,1,1,0.01,0.01,-7.142094160848075,10.429280278480343,2.9662783507537185,1.2797627577947401,-1.3892010708919407,9.696999448159534,0.0,-0.902209882768832,2.3361560293918346,0.0,-2.263354950628119,-2.8618730024252916,0.0,12.151629438292643,-9.610297390572631,32.24808318458799,124.54685020589156,156.79493339047954
4.447999999999732,9.81,3.93,1,1,0.01,0.01,-7.136164503475315,10.431859309400473,2.963318395308101,1.2993238818812565,-1.5710831210354943,9.864159390983572,0.0,-0.9067362762299948,2.3304077797804084,0.0,-2.2630297641337442,-2.8863851835491,0.0,12.30362651998854,-9.646485569636623,32.54161260804505,124.25311175695042,156.79472436499546
4.449999999999732,9.81,3.93,1,1,0.01,0.01,-7.130241131101715,10.434477797035703,2.9599926929428566,1.319219545175075,-1.7549411611189982,10.03153618536312,0.0,-0.9112619685451353,2.324610456108221,0.0,-2.2626535985132956,-2.9109470371629254,0.0,12.45655918016832,-9.682374187601603,32.837000979465095,123.9575137061305,156.7945146855956
4.451999999999732,9.81,3.93,1,1,0.01,0.01,-7.124324779145842,10.437136410888453,2.956297332681492,1.33945016687982,-1.9407339416088902,10.199115427400802,0.0,-0.9157868565605869,2.318763959132043,0.0,-2.2622252572761474,-2.9355584543823654,0.0,12.610416870453843,-9.71794770652048,33.13424643517476,123.66005792682516,156.79430436199993
4.4539999999997315,9.81,3.93,1,1,0.01,0.01,-7.118416190764732,10.43983582127113,2.9522284875168445,1.3600161379769187,-2.1284187480202976,10.366883306151687,0.0,-0.9203108347240825,2.312868189865959,0.0,-2.2617435385020848,-2.9602192866849877,0.0,12.76518867563043,-9.753190628387216,33.433347174492525,123.36074622891124,156.79409340340376
4.455999999999731,9.81,3.93,1,1,0.01,0.01,-7.112516116683048,10.442576699250898,2.9477824173084777,1.3809178224559047,-2.3179514340008724,10.534826648176782,0.0,-0.9248337950749916,2.3069230496611572,0.0,-2.2612072359397506,-2.984929345401191,0.0,12.920863325701022,-9.788087510907838,33.73430146041329,123.05958035802215,156.79388181843544
4.457999999999731,9.81,3.93,1,1,0.01,0.01,-7.106625315016505,10.445359716597004,2.942955471610442,1.4021555586347583,-2.509286457883653,10.702932963023528,0.0,-0.929355627236772,2.300928440286697,0.0,-2.260615140127067,-3.0096884012558585,0.0,13.07742920886096,-9.82262298354713,34.03710762020246,122.75656199491098,156.79366961511346
4.459999999999731,9.81,3.93,1,1,0.01,0.01,-7.100744551089712,10.448185545730825,2.9377440924224434,1.4237296605721217,-2.7023769227306493,10.87119048961844,0.0,-0.9338762184116958,2.294884264011128,0.0,-2.2599660395314083,-3.034496183962961,0.0,13.234874385405613,-9.856781763824387,34.34176404589765,122.4516927549051,156.79345680080274
4.461999999999731,9.81,3.93,1,1,0.01,0.01,-7.094874597248608,10.451054859678845,2.9321448168574213,1.445640419573199,-2.897174619881215,11.039588243555787,0.0,-0.9383954533778459,2.28879042368488,0.0,-2.2592587217073596,-3.059352381874875,0.0,13.393186602580398,-9.890548673830892,34.64826919471434,122.1449741874554,156.79324338216975
4.46399999999973,9.81,3.93,1,1,0.01,0.01,-7.089016232667634,10.453968332028731,2.926154279718518,1.467888105791118,-3.0936300760120035,11.208116065268888,0.0,-0.9429132144884774,2.282646822823282,0.0,-2.2584919744695435,-3.0842566416885697,0.0,13.552353310383076,-9.923908656939364,34.956621589355954,121.83640777578124,156.7930293651372
4.46599999999973,9.81,3.93,1,1,0.01,0.01,-7.0831702431518595,10.456926636888713,2.9197692159784174,1.490472969925503,-3.2916926037065717,11.376764669068109,0.0,-0.9474293816737112,2.276453365690129,0.0,-2.2576645870781307,-3.1092085682101267,0.0,13.712361678324111,-9.956846794675174,35.26681981822409,121.52599493661397,156.79281475483805
4.46799999999973,9.81,3.93,1,1,0.01,0.01,-7.077337420934254,10.459930448850454,2.9129864631540423,1.513395245019982,-3.4913103555253135,11.54552569303279,0.0,-0.9519438324446254,2.270209957381641,0.0,-2.256775351434282,-3.1342077241794213,0.0,13.873198613151288,-9.989348323716845,35.57886253552859,121.21373702003993,156.79259955556853
4.46999999999973,9.81,3.93,1,1,0.01,0.01,-7.07151856446831,10.46298044295562,2.905802963569624,1.5366551483603166,-3.692430381557885,11.714391749743417,0.0,-0.956456441899734,2.2639165039107247,0.0,-2.2558230632828886,-3.159253630156315,0.0,14.034850777541335,-10.02139865299293,35.89274846129501,120.89963530944512,156.79238377074012
4.4719999999997295,9.81,3.93,1,1,0.01,0.01,-7.065714478216269,10.466077294666356,2.8982157665012074,1.560252883474831,-3.89499869043249,11.8833564778427,0.0,-0.9609670827338785,2.2575729122913963,0.0,-2.254806523419745,-3.184345764469798,0.0,14.197304609760506,-10.052983380840654,36.20847638126891,120.5836910215626,156.79216740283152
4.473999999999729,9.81,3.93,1,1,0.01,0.01,-7.0599259724331755,10.469221679839842,2.890222030195705,1.5841886422387808,-4.098960313747943,12.05241459441533,0.0,-0.9654756252495522,2.251179090623241,0.0,-2.2537245389001965,-3.2094835632313075,0.0,14.360546344293939,-10.084088312190628,36.52604514671594,120.26590530662423,156.79195045334018
4.475999999999729,9.81,3.93,1,1,0.01,0.01,-7.054153862947024,10.472414274707196,2.8818190237577013,1.608462607084291,-4.304259373886108,12.221561948176744,0.0,-0.9699819373706127,2.244734948175778,0.0,-2.252575924246276,-3.2346664204131206,0.0,14.524562033440798,-10.114699475741208,36.84545367411468,119.94627924861695,156.79173292273163
4.477999999999729,9.81,3.93,1,1,0.01,0.01,-7.048398970935275,10.475655755856874,2.87300412889729,1.6330749533174784,-4.5108391551550495,12.390795573465148,0.0,-0.9744858846584223,2.238240395472611,0.0,-2.251359502649247,-3.2598936879928626,0.0,14.689337569871682,-10.144803141085015,37.16670094474392,119.62481386564589,156.7915148103898
4.479999999999729,9.81,3.93,1,1,0.01,0.01,-7.0426621226980135,10.478946800222833,2.863774841532345,1.658025851544355,-4.718642178204542,12.560113745031833,0.0,-0.9789873303303886,2.231695344375218,0.0,-2.2500741071643597,-3.285164676164798,0.0,14.854858710141853,-10.174385835749327,37.489786004162674,119.30151011040388,156.79129611456656
4.481999999999728,9.81,3.93,1,1,0.01,0.01,-7.036944149428062,10.482288085077643,2.8541287732387377,1.683315470207108,-4.9276102776481165,12.729516033627817,0.0,-0.983486135280875,2.225099708166243,0.0,-2.2487185818945603,-3.310478653618405,0.0,15.021111099151994,-10.203434362111217,37.814707961581576,118.97636887074772,156.79107683232928
4.483999999999728,9.81,3.93,1,1,0.01,0.01,-7.031245886978342,10.485680288030798,2.8440636525421685,1.7089439782323517,-5.137684682818397,12.899003362387623,0.0,-0.9879821581044634,2.2184534016321864,0.0,-2.2472917831599846,-3.3358348478845787,0.0,15.188080295546122,-10.23193581414851,38.141465989126644,118.64939097038331,156.79085695950994
4.485999999999728,9.81,3.93,1,1,0.01,0.01,-7.02556817562682,10.489124087032417,2.8335773260454173,1.734911547792946,-5.348806101575236,13.068578064015158,0.0,-0.992475255121557,2.211756341145307,0.0,-2.2457925806497427,-3.3612324457497786,0.0,15.355751798035355,-10.25987759398595,38.47005932099512,118.32057716965713,156.79063649065225
4.487999999999728,9.81,3.93,1,1,0.01,0.01,-7.019911859839368,10.4926201603826,2.8226677593849985,1.7612183571849949,-5.5609148070788486,13.238243938778547,0.0,-0.9969652804062397,2.205008444744645,0.0,-2.244219858552755,-3.3866705937378696,0.0,15.524111072632293,-10.287247428196938,38.80048725250194,117.9899281664564,156.79041541895833
4.4899999999997275,9.81,3.93,1,1,0.01,0.01,-7.014277788030888,10.496169186746647,2.8113330380113823,1.787864593821654,-5.773950727434084,13.408006313326528,0.0,-1.0014520858163942,2.198209632216014,0.0,-2.2425725166642176,-3.412148398659649,0.0,15.69314358078107,-10.314033383820453,39.13274913901948,117.65744459721654,156.790193736236
4.491999999999727,9.81,3.93,1,1,0.01,0.01,-7.0086668123250515,10.499771845176387,2.799571367787139,1.8148504573454047,-5.987853538105311,13.577872100342505,0.0,-1.0059355210259948,2.191359825170818,0.0,-2.2408494714642404,-3.4376649282295393,0.0,15.862834808364795,-10.340223884052529,39.46684439480874,117.3231270380356,156.78997143284434
4.493999999999727,9.81,3.93,1,1,0.01,0.01,-7.003079788313033,10.503428815137843,2.7873810753975725,1.8421761628604918,-6.202562756995929,13.747849859057343,0.0,-1.0104154335595383,2.184458947123569,0.0,-2.2390496571652805,-3.4632192117489202,0.0,16.033170295571185,-10.365807723572384,39.80277249174433,116.98697600589531,156.78974849763964
4.495999999999727,9.81,3.93,1,1,0.01,0.01,-6.997517574811619,10.507140776545496,2.774760608568618,1.8698419442872654,-6.418017842081162,13.917949856646834,0.0,-1.0148916688285157,2.1775069235679854,0.0,-2.237172026725024,-3.488810240855159,0.0,16.20413566759461,-10.390774083463514,40.14053295793233,116.6489919599883,156.78952491792063
4.497999999999727,9.81,3.93,1,1,0.01,0.01,-6.991981033621069,10.510908409803372,2.761708536087021,1.8978480578402308,-6.634158291478037,14.088184130546791,0.0,-1.0193640701698967,2.1705036820515082,0.0,-2.2352155528211695,-3.514436970335538,0.0,16.37571666615264,-10.415112545689658,40.480125376223704,116.30917530314976,156.78930067937347
4.499999999999726,9.81,3.93,1,1,0.01,0.01,-6.98647102928314,10.514732395853214,2.7482235476180397,1.926194785631676,-6.850923745832446,14.258566551722858,0.0,-1.0238324788865039,2.163449152248142,0.0,-2.233179228784904,-3.540098319004689,0.0,16.547899181791976,-10.438813107087494,40.82154938262294,115.96752638339353,156.78907576601648
4.501999999999726,9.81,3.93,1,1,0.01,0.01,-6.980988428839693,10.51861341622998,2.734304453316154,1.9548824394028297,-7.068254092899565,14.429112888940708,0.0,-1.0282967342892206,2.1563432660294635,0.0,-2.2310620694896044,-3.5657931706442607,0.0,16.720669286958696,-10.461866192837306,41.16480466459369,115.62404549555005,156.78885016014374
4.503999999999726,9.81,3.93,1,1,0.01,0.01,-6.975534101592267,10.522552153124952,2.7199501832245288,1.9839113643846042,-7.28608957419114,14.59984087408786,0.0,-1.0327566737409215,2.1491859575337062,0.0,-2.2288631121915943,-3.5915203750031455,0.0,16.8940132698056,-10.484262669374951,41.50989095926297,115.27873288300665,156.78862384226963
4.505999999999726,9.81,3.93,1,1,0.01,0.01,-6.97010891886309,10.526549289456677,2.705159786459224,2.013281943290081,-7.504370893561089,14.77077026860732,0.0,-1.037212132702039,2.1419771632327707,0.0,-2.226581417319601,-3.6172787488565494,0.0,17.06791766870904,-10.505993856708312,41.85680805152508,114.93158873954661,156.7883967910717
4.507999999999726,9.81,3.93,1,1,0.01,0.01,-6.964713753757931,10.530605508950037,2.6899324301744003,2.042994600441031,-7.723039327599377,14.941922931110412,0.0,-1.0416629447776566,2.134716821997068,0.0,-2.224216069209824,-3.6430670771219007,0.0,17.242369307466177,-10.527051540103521,42.20555577204746,114.58261321128703,156.7881689833345
4.509999999999725,9.81,3.93,1,1,0.01,0.01,-6.95934948093124,10.534721496223709,2.6742673983050382,2.073049806030905,-7.9420368377036805,15.113322886245426,0.0,-1.0461089417660057,2.127404875158075,0.0,-2.2217661767834866,-3.668884114029404,0.0,17.417355331142996,-10.547427981107097,42.556133995179145,114.23180639871268,156.78794039389183
4.511999999999725,9.81,3.93,1,1,0.01,0.01,-6.9540169763540325,10.538897936886283,2.6581640900839463,2.103448080526885,-8.16130618369858,15.284996394908186,0.0,-1.050549953708269,2.120041266568494,0.0,-2.219230874163829,-3.694728584344994,0.0,17.592863242543203,-10.567115927871429,42.90854263676512,113.8791683588046,156.78771099556974
4.513999999999725,9.81,3.93,1,1,0.01,0.01,-6.948717117084968,10.543135517641334,2.6416220183300902,2.1341899992137785,-8.380791038873136,15.456972025890192,0.0,-1.0549858089395487,2.112625942659914,0.0,-2.216609321229641,-3.7205991846431123,0.0,17.768880939267206,-10.58610862475299,43.26278165186755,113.5246991072608,156.78748075912836
4.515999999999725,9.81,3.93,1,1,0.01,0.01,-6.943450781045081,10.547434926401719,2.6246408075055334,2.165276196882735,-8.600436106309791,15.629280729071,0.0,-1.0594163341408778,2.1051588524978873,0.0,-2.2139007041025014,-3.7464945846266597,0.0,17.945396751330616,-10.604399821154056,43.618851032396385,113.16839862080793,156.78724965320433
4.5179999999997245,9.81,3.93,1,1,0.01,0.01,-6.938218846796636,10.5517968524134,2.607220191538534,2.1967073726679867,-8.820187236380281,15.801955910272493,0.0,-1.0638413543921332,2.097639947834308,0.0,-2.2111042355649437,-3.77241342849129,0.0,18.12239947931153,-10.62198377958037,43.97675080465088,112.8102668396005,156.78701764425136
4.519999999999724,9.81,3.93,1,1,0.01,0.01,-6.933022193326564,10.556221986389096,2.589360011410583,2.22848429503507,-9.039991545288691,15.975033507905133,0.0,-1.0682606932257177,2.090069183157036,0.0,-2.2082191554070136,-3.79835433633109,0.0,18.29987843299647,-10.638855282889562,44.336481026775445,112.4503036697069,156.78678469648236
4.521999999999724,9.81,3.93,1,1,0.01,0.01,-6.927861699834967,10.560711020652061,2.5710602125054054,2.2606078069242463,-9.259797534546044,16.148552071548853,0.0,-1.0726741726808675,2.082446515736657,0.0,-2.205244730698608,-3.8243159055825435,0.0,18.47782347049515,-10.655009640706313,44.6980417861312,112.08850898567852,156.78655077180971
4.523999999999724,9.81,3.93,1,1,0.01,0.01,-6.922738245529169,10.56526464929031,2.5523208417181733,2.2930788310531476,-9.47955521126722,16.322552842624532,0.0,-1.0770816133584158,2.0747719056703224,0.0,-2.202180255985262,-3.8502967125034755,0.0,18.656225037794904,-10.670442694983018,45.0614331965853,111.72488263320042,156.78631582978574
4.525999999999724,9.81,3.93,1,1,0.01,0.01,-6.917652709423782,10.56988356832161,2.5331420443233874,2.3258983753829994,-9.699216209187734,16.497079837326673,0.0,-1.081482834475875,2.0670453159226074,0.0,-2.1990250534051663,-3.8762953136836362,0.0,18.83507420872685,-10.685150824686684,45.4266553957211,111.35942443182145,156.78607982754255
4.527999999999723,9.81,3.93,1,1,0.01,0.01,-6.912605970147282,10.574568475869578,2.5135240606000866,2.3590675387531204,-9.918733910306115,16.672179932003793,0.0,-1.085877653922674,2.0592667123633057,0.0,-2.1957784727251433,-3.902310247583492,0.0,19.014362725317458,-10.69913094959428,45.79370854197097,110.99213417776032,156.7858427197313
4.529999999999723,9.81,3.93,1,1,0.01,0.01,-6.907598905755575,10.57932007235121,2.4934672222132166,2.3925875166888,-10.138063567066794,16.847902951188225,0.0,-1.090265888315389,2.051436063802135,0.0,-2.192439891293713,-3.9283400360976155,0.0,19.19408303850031,-10.712380533182138,46.162592811675005,110.62301164678692,156.78560445846193
4.531999999999723,9.81,3.93,1,1,0.01,0.01,-6.902632393553052,10.584139060676216,2.472971948350159,2.426459607388065,-10.357162425008251,17.024301758494808,0.0,-1.0946473530527823,2.0435533420202816,0.0,-2.189008713909257,-3.9543831861389593,0.0,19.37422834916464,-10.7248975845961,46.533308396065905,110.25205659717449,156.7853649932404
4.533999999999723,9.81,3.93,1,1,0.01,0.01,-6.8977073099216115,10.589026146458501,2.4520387416115508,2.4606852178933094,-10.575989845813233,17.201432350626824,0.0,-1.0990218623705061,2.0356185217987615,0.0,-2.1854843726015645,-3.980438191240385,0.0,19.554792649520373,-10.73668065969217,46.905855498184806,109.87926877272216,156.78512427090698
4.5359999999997225,9.81,3.93,1,1,0.01,0.01,-6.892824530158145,10.593982038240181,2.4306681836556447,2.495265870454254,-10.794507430709887,17.379353954745767,0.0,-1.1033892293952685,2.0276315809435803,0.0,-2.1818663263252143,-4.006503533169498,0.0,19.735770764760318,-10.74772886113974,47.28023432972831,109.50464790584502,156.78488223557332
4.537999999999722,9.81,3.93,1,1,0.01,0.01,-6.887984928320986,10.599007447728535,2.4088609305955506,2.530203209089242,-11.012679144186585,17.558129129484,0.0,-1.1077492661983095,2.0195925003076245,0.0,-2.1781540605630774,-4.032577683553096,0.0,19.917158395004783,-10.758041837580498,47.656445107830095,109.12819372072845,156.78463882855854
4.539999999999722,9.81,3.93,1,1,0.01,0.01,-6.883189377085807,10.604103090046266,2.3866177081487536,2.56549900635245,-11.230471437998249,17.737823869899607,0.0,-1.1121017838479825,2.011501263809321,0.0,-2.1743470868387997,-4.058659105507159,0.0,20.09895215751522,-10.76761978184042,48.03448805177838,108.74990593654614,156.78439398832452
4.541999999999722,9.81,3.93,1,1,0.01,0.01,-6.878438747611471,10.609269683995521,2.363939306538333,2.601155170315216,-11.447853375457992,17.91850771669748,0.0,-1.1164465924612732,2.003357858448028,0.0,-2.1704449421368532,-4.084746255268557,0.0,20.281149629168173,-10.77646342819272,48.4143633796717,108.36978427073913,156.78414765041083
4.543999999999722,9.81,3.93,1,1,0.01,0.01,-6.873733909416323,10.614507952336092,2.340826575145307,2.6371737517703675,-11.664796756025552,18.100253870065718,0.0,-1.1207835012540688,1.995162274316154,0.0,-2.1664471882289926,-4.1108375838245035,0.0,20.46374938918415,-10.78457404867237,48.79607130501464,107.98782844235308,156.7838997473677
4.545999999999721,9.81,3.93,1,1,0.01,0.01,-6.869075730265434,10.619818622078256,2.3172804169114776,2.673556951669145,-11.881276240222554,18.283139308501838,0.0,-1.1251123185899732,1.9869145046080403,0.0,-2.162353410906185,-4.13693153853571,0.0,20.64675106210965,-10.791953448445572,49.17961203325474,107.60403817543386,156.78365020868858
4.547999999999721,9.81,3.93,1,1,0.01,0.01,-6.864465076069282,10.625202424790729,2.2933017824920836,2.710307128801103,-12.097269474924886,18.467244913033902,0.0,-1.1294328520275088,1.978614545625593,0.0,-2.158163219114897,-4.163026564749434,0.0,20.830155361056097,-10.798603960238244,49.56498575826344,107.21841320247782,156.78339896074127
4.549999999999721,9.81,3.93,1,1,0.01,0.01,-6.859902810794379,10.630660096924235,2.268891664157429,2.7474268077282082,-12.312757219103819,18.652655597269952,0.0,-1.133744908365483,1.9702623967807051,0.0,-2.153876243996976,-4.1891211073983445,0.0,21.013964131203032,-10.804528437830822,49.95219265876115,106.83095326793648,156.7831459266976
4.551999999999721,9.81,3.93,1,1,0.01,0.01,-6.855389796386357,10.636192380151204,2.244051089442507,2.784918686985248,-12.527723470110427,18.839460443743192,0.0,-1.138048293686332,1.9618580605945057,0.0,-2.149492137832306,-4.215213612581282,0.0,21.198180393578394,-10.809730248627833,50.34123289468731,106.44165813177428,156.78289102646158
4.5539999999997205,9.81,3.93,1,1,0.01,0.01,-6.85092689270599,10.641800021722153,2.2187811145434138,2.822785647559642,-12.742155590621993,19.027752847054728,0.0,-1.1423428133972662,1.9534015426934621,0.0,-2.14501057288346,-4.2413025291221285,0.0,21.382808389134837,-10.814213265312357,50.73210660351826,106.05052757307763,156.78263417659588
4.55599999999972,9.81,3.93,1,1,0.01,0.01,-6.846514957478698,10.64748377483931,2.1930828174590897,2.861030761664783,-12.95604443639568,19.217630664353436,0.0,-1.146628272269001,1.9448928518023847,0.0,-2.14043124014166,-4.267386310102883,0.0,21.56785362314614,-10.817981856597251,51.124813896532146,105.65756139371481,156.78237529024696
4.55799999999972,9.81,3.93,1,1,0.01,0.01,-6.842154846258004,10.653244399048099,2.1669572908766077,2.8996573018221516,-13.169384485000828,19.40919637373144,0.0,-1.1509044744718733,1.9363319997344068,0.0,-2.1357538479734552,-4.293463414367061,0.0,21.753322909953557,-10.821040877086753,51.519354855021035,105.26275942204626,156.7821142770673
4.55999999999972,9.81,3.93,1,1,0.01,0.01,-6.837847412403493,10.659082660647105,2.1404056347978493,2.938668750268652,-13.382173965731923,19.602557241158863,0.0,-1.1551712236091627,1.9277190013779821,0.0,-2.130978120667385,-4.319532307989842,0.0,21.939224418100075,-10.823395656262525,51.91572952645207,104.86612151668459,156.78185104313667
4.56199999999972,9.81,3.93,1,1,0.01,0.01,-6.83359350707377,10.6649993331172,2.113428948904987,2.9780688087069125,-13.594414990933961,19.797825496625734,0.0,-1.1594283227473952,1.91905387468098,0.0,-2.126103796880026,-4.345591465711138,0.0,22.12556771589572,-10.825051986610045,52.31393792057562,104.46764757030418,156.7815854908798
4.563999999999719,9.81,3.93,1,1,0.01,0.01,-6.829393979234958,10.67099519757052,2.086028324661685,3.017861408417668,-13.806113689005505,19.995118520210802,0.0,-1.1636755744434457,1.9103366406319504,0.0,-2.1211306279807305,-4.371639372328106,0.0,22.312363817465933,-10.826016110901646,52.71398000548176,104.0673375135006,156.78131751898235
4.565999999999719,9.81,3.93,1,1,0.01,0.01,-6.825249675685251,10.677071043220055,2.05820483714637,3.058050720754846,-14.017280339378738,20.19455903884913,0.0,-1.1679127807682252,1.901567323238659,0.0,-2.116058376294388,-4.397674524043479,0.0,22.49962522934161,-10.826294708653645,53.115855703603174,103.66519131870078,156.78104702230394
4.567999999999719,9.81,3.93,1,1,0.01,0.01,-6.821161441096085,10.683227667870625,2.0299595366132874,3.0986411680455763,-14.227929509813327,20.39627533462997,0.0,-1.1721397433267504,1.892745949503956,0.0,-2.11088681324135,-4.4236954297663384,0.0,22.687365997658645,-10.825894881774765,53.51956488766382,103.26120900412387,156.7807738917877
4.569999999999719,9.81,3.93,1,1,0.01,0.01,-6.817130118070448,10.689465878432081,2.001293439776348,3.1396374349190594,-14.438080196379687,20.60040146551823,0.0,-1.1763562632743887,1.8838725493991109,0.0,-2.1056157173737455,-4.449700612361921,0.0,22.875601756042638,-10.82482413942417,53.92510737657194,102.85539063779521,156.78049801436714
4.5719999999997185,9.81,3.93,1,1,0.01,0.01,-6.813156547218918,10.695786491455612,1.9722075208099752,3.1810444800901037,-14.647755966548706,20.807077499461535,0.0,-1.1805621413290763,1.8749471558346844,0.0,-2.1002448723071,-4.475688609847229,0.0,23.064349774264414,-10.823090382096469,54.332482931255385,102.44773634161362,156.780219272869
4.573999999999718,9.81,3.93,1,1,0.01,0.01,-6.80924156725398,10.702190333694105,1.9427027020602838,3.222867548625111,-14.85698510584947,21.01644976291781,0.0,-1.1847571777792858,1.8659698046290822,0.0,-2.094774064546219,-4.5016579765291835,0.0,23.25362900776077,-10.820701884951635,54.7416912504369,102.03824629547549,156.7799375459124
4.575999999999718,9.81,3.93,1,1,0.01,0.01,-6.805386015103216,10.708678242687533,1.91277984445896,3.265112184720464,-15.065800768603587,21.228671104919492,0.0,-1.188941172487548,1.8569405344748773,0.0,-2.0892030812039404,-4.527607284082322,0.0,23.443460148126047,-10.817667280406335,55.152731966347105,101.62692074145664,156.77965270780373
4.577999999999718,9.81,3.93,1,1,0.01,0.01,-6.801590726041979,10.71525106737445,1.8824397376311337,3.3077842450255694,-15.274241133294534,21.443901177875407,0.0,-1.1931139248892948,1.8478593869030533,0.0,-2.083531707611337,-4.553535122562883,0.0,23.63386567468981,-10.813995540003308,55.56560464037105,101.21375998805625,156.7793646284273
4.579999999999718,9.81,3.93,1,1,0.01,0.01,-6.797856533846156,10.721909668730692,1.8516830896873704,3.3508899125453158,-15.482349563184783,21.662306736407846,0.0,-1.197275233986821,1.8387264062452728,0.0,-2.077759724817503,-4.579440101356487,0.0,23.824869907308504,-10.809695955573021,55.98030875862586,100.79876441450487,156.77907317313074
4.581999999999717,9.81,3.93,1,1,0.01,0.01,-6.7941842709656814,10.728654920436512,1.820510516688632,3.3944357111593937,-15.690174772850087,21.884061955622926,0.0,-1.2014248983381233,1.8295416395943294,0.0,-2.0718869069770203,-4.605320850056391,0.0,24.01649906050945,-10.804778119701723,56.39684372746363,100.38193447514158,156.77877820260522
4.583999999999717,9.81,3.93,1,1,0.01,0.01,-6.7905747687194475,10.735487709573384,1.7889225317716457,3.4384285207988405,-15.897771001362388,22.109348770326,0.0,-1.2055627160404128,1.8203051367629084,0.0,-2.065913018622643,-4.631176019269658,0.0,24.20878129913993,-10.7992519055168,56.81520886889645,99.96327070386383,156.77847957276026
4.585999999999717,9.81,3.93,1,1,0.01,0.01,-6.787028857512325,10.742408937351865,1.7569195339206027,3.4828755933233078,-16.10519819291865,22.338357236814712,0.0,-1.2096884847080418,1.811016950240809,0.0,-2.05983781182056,-4.65700428134839,0.0,24.40174679568604,-10.793127445799117,57.2354034159364,99.54277371865561,156.778177134592
4.587999999999717,9.81,3.93,1,1,0.01,0.01,-6.783547367075004,10.749419519871951,1.724501796369435,3.5277845691459526,-16.312522185783827,22.57128591901582,0.0,-1.2138020014446316,1.801677135150793,0.0,-2.0536610232051666,-4.682804331043392,0.0,24.5954277894412,-10.786415111429212,57.65742650784596,99.12044422619934,156.7778707340453
4.5899999999997165,9.81,3.93,1,1,0.01,0.01,-6.780131126727406,10.756520388917465,1.6916694546171125,3.5731634946565247,-16.5198149104933,22.80834230087858,0.0,-1.2179030628091465,1.7922857492031836,0.0,-2.0473823708896406,-4.708574886077648,0.0,24.789858647719168,-10.779125489170216,58.08127718529132,98.69628302657718,156.7775602118685
4.591999999999716,9.81,3.93,1,1,0.01,0.01,-6.776780965666486,10.763712492786144,1.6584224940364292,3.6190208404972064,-16.727154598341976,23.049743227094492,0.0,-1.2219914647756518,1.7828428526494244,0.0,-2.0410015512484887,-4.734314687636863,0.0,24.98507592932193,-10.77126935878893,58.506954385390735,98.27029101807001,156.77724540346074
4.593999999999716,9.81,3.93,1,1,0.01,0.01,-6.773497713279221,10.77099679715717,1.6247607370545993,3.6653655207500737,-16.93462600127798,23.295715374391083,0.0,-1.2260670026865175,1.7733485082347182,0.0,-2.034518235567214,-4.760022500774602,0.0,25.181118450491038,-10.76285766950999,58.93445693665083,97.84246920205987,156.7769261387107
4.595999999999716,9.81,3.93,1,1,0.01,0.01,-6.770282199481704,10.778374285998048,1.590683829881662,3.71220691309973,-17.142320624414797,23.5464957558355,0.0,-1.2301294711987774,1.7638027811499641,0.0,-2.0279320665541007,-4.785697114729266,0.0,25.378027353588056,-10.753901515796152,59.36378355378093,97.41281868804637,156.7766022418273
4.597999999999716,9.81,3.93,1,1,0.01,0.01,-6.767135255085238,10.785845962512834,1.5561912287601514,3.7595548800397425,-17.350336972482296,23.802332260796614,0.0,-1.2341786642233679,1.7542057389831374,0.0,-2.021242654708041,-4.8113373431503135,0.0,25.57584617877027,-10.744412112440626,59.794932832375295,96.98134069878465,156.77627353115994
4.599999999999715,9.81,3.93,1,1,0.01,0.01,-6.764057712190448,10.793412850133887,1.5212821857067427,3.8074197911970367,-17.55878081165136,24.063484233443646,0.0,-1.2382143748569605,1.7445574516703113,0.0,-2.0144495745358313,-4.836942024231005,0.0,25.774620938948367,-10.7344007689531,60.227903243453866,96.54803657555573,156.77593981900958
4.601999999999715,9.81,3.93,1,1,0.01,0.01,-6.761050404610438,10.801075993559449,1.4859557337135871,3.8558125468544104,-17.767765448292554,24.330223092913773,0.0,-1.242236395306064,1.7348579914465145,0.0,-2.0075523606114567,-4.862510020744839,0.0,25.974400198335072,-10.723878863214496,60.662693127847774,96.11290778358045,156.77560091142823
4.603999999999715,9.81,3.93,1,1,0.01,0.01,-6.758114168324112,10.808836459839547,1.4502106713737946,3.9047446027578667,-17.977412026366263,24.602832998561425,0.0,-1.246244516803086,1.7251074327966085,0.0,-2.000550503468948,-4.8880402199827895,0.0,26.17523515491823,-10.712857814368421,61.0993006904183,95.6759559175886,156.77525660800688
4.605999999999715,9.81,3.93,1,1,0.01,0.01,-6.755249841960859,10.816695339512863,1.414045546891979,3.954227996302597,-18.187849845291808,24.881611564009486,0.0,-1.250238529514006,1.7153058524063982,0.0,-1.9934434453194703,-4.9135315335883005,0.0,26.37717972721761,-10.701349054909983,61.53772399409456,95.2371827075568,156.77490670165136
4.6079999999997145,9.81,3.93,1,1,0.01,0.01,-6.752458267317864,10.824653747797445,1.3774586414369279,4.004275374199217,-18.399216700307893,25.16687062406372,0.0,-1.2542182224372946,1.7054533291141647,0.0,-1.986230575582081,-4.938982897286783,0.0,26.580290645712694,-10.689364001923451,61.97796095371478,94.79659002462881,156.7745509783436
4.609999999999714,9.81,3.93,1,1,0.01,0.01,-6.749740289911405,10.832712825838316,1.340447951789248,4.054900021730357,-18.61165924751757,25.45893705892676,0.0,-1.258183383293704,1.6955499438628643,0.0,-1.9789112262166177,-4.964393270506157,0.0,26.784627549359122,-10.676914027412147,62.420009329654945,94.35417988723472,156.77418921688968
4.611999999999714,9.81,3.93,1,1,0.01,0.01,-6.747096759563616,10.840873742015294,1.3030111722322637,4.106115893716978,-18.825333396010343,25.758153680564433,0.0,-1.2621337984065109,1.685595779653184,0.0,-1.9714846668455672,-4.989761635884736,0.0,26.990253087644266,-10.664010427651835,62.86386672122666,93.90995446742474,156.7738211886514
4.613999999999714,9.81,3.93,1,1,0.01,0.01,-6.7445285310262575,10.849137693314555,1.2651456756294386,4.157937647323954,-19.040404729673735,26.06488018653657,0.0,-1.2660692525717867,1.6755909214976998,0.0,-1.9639500996505432,-5.0150869986623885,0.0,27.197233028667988,-10.65066439148872,63.309530559825,93.46391609743645,156.77344665726145
4.615999999999714,9.81,3.93,1,1,0.01,0.01,-6.742036464643204,10.857505906767763,1.2268484936261301,4.210380676845583,-19.25704896154938,26.379494187114258,0.0,-1.2699895289182146,1.6655354563763793,0.0,-1.956306654027354,-5.040368385950555,0.0,27.405636373773046,-10.636886967490044,63.75699810180493,93.01606727651551,156.77306537832044
4.6179999999997134,9.81,3.93,1,1,0.01,0.01,-6.73962142705346,10.865979640962877,1.1881162959075102,4.263461150623883,-19.475452423857543,26.702392312071954,0.0,-1.2738944087559685,1.6554294731936623,0.0,-1.9485533809817737,-5.065604845876292,0.0,27.615535479292266,-10.62268902984052,64.20626642106423,92.56641067801078,156.772677099075
4.619999999999713,9.81,3.93,1,1,0.01,0.01,-6.737284291936666,10.874560187631069,1.1489453684379485,4.317196050265926,-19.69581259711124,27.03399140416967,0.0,-1.2777836714141042,1.645273062737381,0.0,-1.940689247246343,-5.090795446594969,0.0,27.82700618602501,-10.608081242862951,64.65733240130754,92.11494915676695,156.7722815580745
4.621999999999713,9.81,3.93,1,1,0.01,0.01,-6.735025940803206,10.88324887331452,1.1093315905999837,4.37160321234119,-19.91833868207171,27.374729807039895,0.0,-1.2816570940658933,1.6350663176398004,0.0,-1.9327131290963626,-5.115939275165658,0.0,28.04012795710566,-10.593074024023721,65.1101927279651,91.66168575684112,156.77187848480622
4.623999999999713,9.81,3.93,1,1,0.01,0.01,-6.732847263831222,10.892047061120252,1.0692704111431475,4.426701372756086,-20.143252218663925,27.725068755970305,0.0,-1.2855144515414558,1.624809332341035,0.0,-1.9246238058408096,-5.1410354362826,0.0,28.254984024981763,-10.577677505264026,65.5648438797365,91.2066237195687,156.7714675993052
4.625999999999713,9.81,3.93,1,1,0.01,0.01,-6.73074916075299,10.900956152565579,1.0287568228442667,4.482510214020648,-20.370787756379734,28.08549388094101,0.0,-1.2893555161270447,1.614502203055176,0.0,-1.9164199529615198,-5.166083050855379,0.0,28.47166154827967,-10.561901492477169,66.02128211972942,90.7497664920107,156.77104861174013
4.627999999999712,9.81,3.93,1,1,0.01,0.01,-6.728732541793364,10.909977589521153,0.9877853357713642,4.539050415642068,-20.601193581151342,28.45651683224086,0.0,-1.2931800573502255,1.604145027739372,0.0,-1.9081001348707118,-5.191081254429555,0.0,28.690251779401233,-10.545755422926037,66.4795034861573,90.29111773581157,156.77062122196887
4.629999999999712,9.81,3.93,1,1,0.01,0.01,-6.726798328663179,10.919112856258158,0.9463499490328183,4.596343707901427,-20.834732504186196,28.838677040065917,0.0,-1.2969878417501592,1.5937379060662924,0.0,-1.8996627972545201,-5.21602919543834,0.0,28.910850243766827,-10.52924832037203,66.9395037825599,89.83068133650639,156.7701851190663
4.631999999999712,9.81,3.93,1,1,0.01,0.01,-6.724947455610782,10.928363481606654,0.9044441208818996,4.654412929293997,-21.071682718823734,29.232543620715,0.0,-1.3007786326321384,1.5832809394002136,0.0,-1.8911062589656837,-5.240926033275142,0.0,29.133556931701573,-10.512388747651217,67.40127856750652,89.36846141331165,156.76973998081817
4.633999999999712,9.81,3.93,1,1,0.01,0.01,-6.723180870535113,10.937731041232736,0.8620607370340572,4.713282087940025,-21.312338732108714,29.638717443344518,0.0,-1.3045521898054144,1.5727742307771828,0.0,-1.8824287034256288,-5.2657709361750005,0.0,29.358476504046568,-10.495184756404965,67.86482314373684,88.90446232944373,156.76928547318056
4.6359999999997115,9.81,3.93,1,1,0.01,0.01,-6.7214995361640675,10.947217160042747,0.8191920770402389,4.772976427302333,-21.557012378491947,30.05783337276793,0.0,-1.308308269303319,1.562217884889584,0.0,-1.8736281694910495,-5.290563078891998,0.0,29.58571851267699,-10.477643833630218,68.33013254669362,88.4386887030076,156.7688212497012
4.637999999999711,9.81,3.93,1,1,0.01,0.01,-6.719904431302205,10.95682351472355,0.7758297785439259,4.833522496579712,-21.806033923866444,30.49056270548094,0.0,-1.3120466230845218,1.5516120080756062,0.0,-1.864702541736062,-5.315301640157463,0.0,29.81539763721215,-10.459772844676008,68.79720153239252,87.97114541850786,156.76834695090037
4.639999999999711,9.81,3.93,1,1,0.01,0.01,-6.7183965521522095,10.96655183642859,0.7319647992322563,4.8949482261813015,-22.05975326905131,30.937615818017584,0.0,-1.3157669987142488,1.5409567083139855,0.0,-1.8556495400948092,-5.33998579990253,0.0,30.04763393932513,-10.441577972260449,69.26602456457503,87.50183763903188,156.7678622036069
4.641999999999711,9.81,3.93,1,1,0.01,0.01,-6.716976913714926,10.976403913620347,0.6875873762724047,4.957283008727508,-22.318541262845233,31.399745048889237,0.0,-1.319469139024077,1.5302520952245906,0.0,-1.8464667088042488,-5.36461473622581,0.0,30.282553136186348,-10.423064651032595,69.73659580108044,87.03077081916689,156.76736662024734
4.643999999999711,9.81,3.93,1,1,0.01,0.01,-6.715646551273234,10.986381595080744,0.6426869830030107,5.020557786067873,-22.582791135917837,31.877747837798612,0.0,-1.3231527817488713,1.5194982800753007,0.0,-1.8371514045793547,-5.389187622085025,0.0,30.52028689472464,-10.404237497137862,70.20890907937014,86.55795071871111,156.76685979808127
4.64599999999971,9.81,3.93,1,1,0.01,0.01,-6.714406521965488,10.996486793102028,0.5972522826266582,5.084805142856384,-22.852920068095155,32.37247014855886,0.0,-1.3268176591392447,1.508695375795842,0.0,-1.8277007839463268,-5.413703621688243,0.0,30.760973148547855,-10.38510023218084,70.68295790113058,86.08338341725253,156.76634131838313
4.64799999999971,9.81,3.93,1,1,0.01,0.01,-6.713257906454807,11.006721486871868,0.5512710786228588,5.150059407280619,-23.12937090305613,32.88481020525752,0.0,-1.3304634975477723,1.4978434969991152,0.0,-1.8181117896500687,-5.438161886557442,0.0,31.004756439546323,-10.365655600895035,71.1587354158724,85.6070753296875,156.76581074555992
4.64999999999971,9.81,3.93,1,1,0.01,0.01,-6.7122018107010675,11.017087726067603,0.5047302615713449,5.216356759603646,-23.41261402611012,33.41572257471755,0.0,-1.3340900169870251,1.486942760010775,0.0,-1.808381136043621,-5.462561551233339,0.0,31.25178828640146,-10.345905281744129,71.6362344034388,85.12903322276593,156.76526762620472
4.65199999999971,9.81,3.93,1,1,0.01,0.01,-6.711239367843131,11.027587634675987,0.4576157520423014,5.2837353492475865,-23.703149422599626,33.96622263229652,0.0,-1.337696930657273,1.475993282907788,0.0,-1.7985052933560697,-5.4869017285863055,0.0,31.50222758244435,-10.325849789573567,72.11544725532255,84.64926423275404,156.76471148807659
4.6539999999997095,9.81,3.93,1,1,0.01,0.01,-6.71037174019953,11.038223415056308,0.40991243917299147,5.352235421226289,-24.001508936604665,34.5373914525976,0.0,-1.3412839444415243,1.4649951855667598,0.0,-1.7884804707234163,-5.511181504693626,0.0,31.75624102555907,-10.30548836931392,72.59636595468757,84.16777588431391,156.76414183900147
4.655999999999709,9.81,3.93,1,1,0.01,0.01,-6.7096001213966705,11.048997352266463,0.3616041145085091,5.42189945282273,-24.30825875204835,35.13038117181684,0.0,-1.3448507563652707,1.4539485897230162,0.0,-1.7783025978539126,-5.535399933237617,0.0,32.01400358310119,-10.284818879606233,73.07898205497447,83.68457611071409,156.76355816568855
4.657999999999709,9.81,3.93,1,1,0.01,0.01,-6.7089257386344645,11.059911818673452,0.3126734006374882,5.492772301505969,-24.624002121068397,35.746420874332415,0.0,-1.3483970560180927,1.4428536190413834,0.0,-1.7679673051832914,-5.559556029373265,0.0,32.27569899511499,-10.2638376650614,73.56328665696017,83.19967327549114,156.7629599324513
4.659999999999709,9.81,3.93,1,1,0.01,0.01,-6.70834985510034,11.070969278871853,0.2631016741007824,5.564901365194238,-24.949382367675764,36.38682306284857,0.0,-1.3519225239339363,1.431710399199793,0.0,-1.7574699023583362,-5.5836487630067495,0.0,32.54152031948007,-10.242539415690558,74.0492703841284,82.71307619569768,156.7623465798261
4.661999999999709,9.81,3.93,1,1,0.01,0.01,-6.7078737725436275,11.082172294936193,0.2128689819915621,5.638336756096891,-25.285086198330607,37.05299077907852,0.0,-1.3554268309265303,1.4205190579870057,0.0,-1.7468053548676479,-5.607677051417965,0.0,32.81167052300889,-10.220917011840399,74.53692335619078,82.22479416688861,156.7617175230794
4.663999999999708,9.81,3.93,1,1,0.01,0.01,-6.707498834023598,11.093523532035704,0.1619539515979707,5.713131489510471,-25.631847355204812,37.746425450748426,0.0,-1.3589096373760594,1.4092797254157685,0.0,-1.7359682586153213,-5.631639751150949,0.0,33.08636312295686,-10.198961352727707,75.02623516058206,81.73483699000813,156.7610721505902
4.665999999999708,9.81,3.93,1,1,0.01,0.01,-6.707226426845765,11.105025764442905,0.11033369236330728,5.789341689105599,-25.990450652647937,38.46873555079139,0.0,-1.3623705924627387,1.3979925338530046,0.0,-1.7249528122082645,-5.655535649085093,0.0,33.36582288390009,-10.176661166398452,75.51719482173515,81.24321500036329,156.76040982209844
4.667999999999708,9.81,3.93,1,1,0.01,0.01,-6.7070579857026225,11.116681881970655,0.05798368935233529,5.867026810424436,-26.36173644283748,39.221646166213034,0.0,-1.3658093333424692,1.3866576181687538,0.0,-1.7137527866980709,-5.679363452587415,0.0,33.65028657549236,-10.154002798617528,76.00979076791654,80.7499390988877,156.75972986680424
4.669999999999708,9.81,3.93,1,1,0.01,0.01,-6.706994996036686,11.128494896876,0.004877687314214167,5.9462498845165035,-26.746605562886824,40.00700958748003,0.0,-1.3692254842592007,1.3752751159058108,0.0,-1.7023614924849222,-5.703121778631746,0.0,33.940003797241644,-10.13096997782817,76.50401079538138,80.25502078592211,156.75903158130347
4.6719999999997075,9.81,3.93,1,1,0.01,0.01,-6.707038997645659,11.140467951273214,-0.04901243567908766,6.027077783877395,-27.14602482295404,40.826817044729175,0.0,-1.372618655587992,1.3638451674722507,0.0,-1.6907717430522662,-5.726809141753619,0.0,34.23523787715537,-10.107543552890638,76.99984202957711,79.75847219776527,156.7583142273424
4.673999999999707,9.81,3.93,1,1,0.01,0.01,-6.707191588551689,11.152604325103031,-0.10371680616732366,6.109581513124947,-27.561033103300087,41.68321173495347,0.0,-1.375988442802079,1.3523679163593363,0.0,-1.6789758151567735,-5.7504239406900215,0.0,34.536266851906255,-10.083701199809834,77.49727088309506,79.26030614627862,156.7575770293737
4.675999999999707,9.81,3.93,1,1,0.01,0.01,-6.707454429159128,11.164907444710206,-0.1592677061032701,6.193836527155927,-27.99274813799408,42.57850330503418,0.0,-1.3793344253564301,1.3408435093875806,0.0,-1.666965405046579,-5.773964443530192,0.0,34.84338453708026,-10.059417093073757,77.99628301003123,78.76053616186006,156.7568191718913
4.677999999999707,9.81,3.93,1,1,0.01,0.01,-6.70782924672797,11.177380892087443,-0.21569973798105016,6.2799230798794685,-28.4423740742849,43.51518397954256,0.0,-1.3826561654793759,1.3292720969841463,0.0,-1.6547315802217466,-5.7974287711767545,0.0,35.156901697099315,-10.034661536537245,78.49686325637865,78.2591765401423,156.75603979652095
4.679999999999707,9.81,3.93,1,1,0.01,0.01,-6.708317840193225,11.190028414850227,-0.27305000594261675,6.367926607028644,-28.91120990984229,44.495946550244085,0.0,-1.3859532068628622,1.317653833495205,0.0,-1.6422647261822816,-5.820814878884955,0.0,35.477147325583466,-10.009400547975977,78.99899560602499,77.75624239281493,156.7552379988399
4.681999999999706,9.81,3.93,1,1,0.01,0.01,-6.70892208536403,11.202853937014627,-0.3313583147329124,6.45793814701721,-29.400658925453197,45.52370447692046,0.0,-1.389225073240674,1.305988877537314,0.0,-1.6295544875290275,-5.844120535610824,0.0,35.804470048251154,-9.983595390478733,79.50266312187713,77.25174970301659,156.75441282489373
4.683999999999706,9.81,3.93,1,1,0.01,0.01,-6.709643940540254,11.215861570658564,-0.39066738862690387,6.550054804345033,-29.912239248746598,46.60161438734119,0.0,-1.392471266842632,1.2942773923925595,0.0,-1.6165897026903933,-5.8673433008553095,0.0,36.13923966197455,-9.957202042718688,80.00784788157247,76.74571538580642,156.7535632673789
4.685999999999706,9.81,3.93,1,1,0.01,0.01,-6.710485452588927,11.229055628556653,-0.45102311274335316,6.644380260674909,-30.447595705608272,47.733101309022715,0.0,-1.3956912667111974,1.2825195464527726,0.0,-1.6033583314389237,-5.890480498639992,0.0,36.481848825341196,-9.930170598801105,80.51453090716538,76.23815735428366,156.75268826144904
4.687999999999706,9.81,3.93,1,1,0.01,0.01,-6.711448763527933,11.242440637889658,-0.5124747994975997,6.741025339420024,-31.008513140721092,48.92188701805306,0.0,-1.3988845268651262,1.270715513718979,0.0,-1.58984737423507,-5.913529188188779,0.0,36.83271491805317,-9.902444586791876,81.02269208809734,75.72909459200409,156.75178668010142
4.6899999999997055,9.81,3.93,1,1,0.01,0.01,-6.7125361176703455,11.256021355142126,-0.5750754833368684,6.840108630512043,-31.596931417849362,50.17202195226797,0.0,-1.4020504742927482,1.258865474363175,0.0,-1.5760427822866216,-5.936486130817342,0.0,37.19228208876063,-9.873960193130069,81.53231009666412,75.21854723242942,156.75085732909355
4.691999999999705,9.81,3.93,1,1,0.01,0.01,-6.71374986938946,11.26980278231601,-0.6388822473563317,6.941757182985617,-32.214962344940886,51.487921209283,0.0,-1.4051885067550458,1.2469696153605665,0.0,-1.561929357036631,-5.959347752445488,0.0,37.56102351352245,-9.844645377850107,82.04336229508698,74.7065366462462,156.74989894133319
4.693999999999705,9.81,3.93,1,1,0.01,0.01,-6.715092491572336,11.283790184604465,-0.7039565859239127,7.046107274140222,-32.86490880991014,52.874405236569345,0.0,-1.408297990375936,1.2350281312016658,0.0,-1.547490637585339,-5.982110101043991,0.0,37.93944389006347,-9.814418862805843,82.55582463316333,74.19308553750791,156.74891017067125
4.695999999999705,9.81,3.93,1,1,0.01,0.01,-6.716566584838497,11.297989109688835,-0.7703648080605352,7.153305265354517,-33.54928646137348,54.33674592363788,0.0,-1.4113782569939333,1.2230412246952,0.0,-1.5327087743066872,-6.004768798203227,0.0,38.3280821964165,-9.783188971800822,83.06967153533249,73.67821804969347,156.74788958502597
4.697999999999705,9.81,3.93,1,1,0.01,0.01,-6.718174887610634,11.312405408843441,-0.8381784870469544,7.263508556167308,-34.27084832621306,55.88071892883741,0.0,-1.414428601245607,1.2110091078744951,0.0,-1.5175643866280275,-6.027318983861218,0.0,38.7275147464665,-9.750852297549905,83.58487577581488,73.16195988293369,156.74683565874858
4.699999999999704,9.81,3.93,1,1,0.01,0.01,-6.719920287135944,11.327045260057822,-0.9074749625787117,7.376886650045912,-35.03261282457905,57.512663219372925,0.0,-1.417448277346853,1.1989320030221209,0.0,-1.5020364025941477,-6.049755253047999,0.0,39.13835857943602,-9.717292165576053,84.10140834028424,72.64433842384493,156.74574676412917
4.701999999999704,9.81,3.93,1,1,0.01,0.01,-6.721805831570325,11.34191519341496,-0.9783379027916828,7.493622347389363,-35.837895725175,59.23954897797235,0.0,-1.420436495532823,1.1868101438300847,0.0,-1.4861018774210362,-6.072071583284059,0.0,39.561275225556344,-9.682376859278085,84.61923827229566,72.1253828896301,156.74462116192575
4.703999999999704,9.81,3.93,1,1,0.01,0.01,-6.723834743253486,11.357022118997554,-1.0508579346619535,7.613913083823961,-36.69034668233446,61.06905523939902,0.0,-1.4233924181113053,1.1746437767158242,0.0,-1.4697357877455428,-6.0942612510038625,0.0,39.99697489616541,-9.645957563235603,85.13833250241422,71.6051244883653,156.74345699077952
4.705999999999704,9.81,3.93,1,1,0.01,0.01,-6.726010433321333,11.372373357633421,-1.125133352681715,7.73797243481947,-37.59399111509932,63.00965887241536,0.0,-1.4263151550771678,1.1624331623178503,0.0,-1.4529107976760351,-6.116316735049709,0.0,40.44622115338387,-9.60786597302775,85.6586556576609,71.0835965976989,156.7422522553598
4.7079999999997035,9.81,3.93,1,1,0.01,0.01,-6.7283365178234735,11.387976674836594,-1.2012709173718845,7.866031811180214,-38.55327833173244,65.07073682739271,0.0,-1.4292037592269768,1.1501785771991453,0.0,-1.435596992021705,-6.13822960488142,0.0,40.909836122479156,-9.5679115090167,86.1801698484986,70.56083496455122,156.7410048130498
4.709999999999703,9.81,3.93,1,1,0.01,0.01,-6.730816835538672,11.403840318353831,-1.279386757166633,7.998342374162227,-39.573136976383545,67.26268393834741,0.0,-1.4320572207028235,1.1378803157916468,0.0,-1.417761571195775,-6.159990390655195,0.0,41.388706319192636,-9.525878058166539,86.7028344301211,70.03687792883821,156.7397123589593
4.711999999999703,9.81,3.93,1,1,0.01,0.01,-6.7334554677104705,11.419973059788653,-1.3596073895617014,8.135177203977566,-40.65903908488989,69.59704901550091,0.0,-1.4348744608823225,1.1255386926213782,0.0,-1.3993685012114045,-6.181588431715884,0.0,41.883789174839116,-9.481520151347228,87.22660573424723,69.51176667475747,156.73837240900468
4.713999999999703,9.81,3.93,1,1,0.01,0.01,-6.736256759959696,11.436384240848335,-1.4420708802395346,8.276833761445072,-41.817074292532254,72.08669250884111,0.0,-1.4376543255173266,1.1131540448614747,0.0,-1.380378110872347,-6.203011699290268,0.0,42.39612035407624,-9.434558462846752,87.75143676696044,68.98554551379726,156.7369822807577
4.715999999999703,9.81,3.93,1,1,0.01,0.01,-6.739225346671292,11.453083824845818,-1.526928162271338,8.42363668974932,-43.05403604870601,74.74596968749754,0.0,-1.4403955770065473,1.1007267352696481,0.0,-1.3607466266406747,-6.22424658822397,0.0,42.926821974061,-9.384674492832996,88.27727686732898,68.45826220437493,156.7355390717039
4.717999999999702,9.81,3.93,1,1,0.01,0.01,-6.742366178201059,11.470082454190768,-1.6143445415746294,8.575941011943696,-44.37752207531424,77.59094409263503,0.0,-1.4430968856662796,1.0882571555781082,0.0,-1.3404256336640505,-6.245277671419327,0.0,43.47711184943917,-9.331504260790192,88.80407132057081,67.92996831391469,156.7340396344855
4.719999999999702,9.81,3.93,1,1,0.01,0.01,-6.745684551305023,11.487391514725504,-1.7045014197302228,8.734135790310916,-45.79605177395817,80.63963701873683,0.0,-1.4457568198380364,1.0757457304180118,0.0,-1.3193614489629684,-6.266087409136586,0.0,44.04831390538223,-9.27463079653857,89.33176091834974,67.40071963026907,156.7324805486188
4.721999999999702,9.81,3.93,1,1,0.01,0.01,-6.749186143262116,11.505023207905955,-1.7975982712277379,8.89864832638619,-47.319203862566795,83.9123200041994,0.0,-1.4483738346409103,1.063192921878164,0.0,-1.2974943896846378,-6.286655803425757,0.0,44.64186992076396,-9.21357516275333,89.860281457353,66.87057663073259,156.7308580880856
4.723999999999702,9.81,3.93,1,1,0.01,0.01,-6.7528770502420175,11.522990632000385,-1.893854919453254,9.069948995866069,-48.95777823095631,87.43185882271177,0.0,-1.4509462591385374,1.0505992348192261,0.0,-1.2747579154505648,-6.306959985540704,0.0,45.259352785470234,-9.147785675463027,90.38956316553075,66.33960501852556,156.7291681840563
4.7259999999997016,9.81,3.93,1,1,0.01,0.01,-6.756763830567149,11.541307873685193,-1.993514164554194,9.24855683140487,-50.72398687914936,91.22411933092039,0.0,-1.4534722816439265,1.0379652230922016,0.0,-1.2510776189399517,-6.326973721089823,0.0,45.902481479438585,-9.076624902250952,90.91953004321803,65.80787633865572,156.72740638187375
4.727999999999701,9.81,3.93,1,1,0.01,0.01,-6.760853553634498,11.55999011166528,-2.096844827084115,9.435045989229721,-52.63167988181111,95.31844783057505,0.0,-1.4559499328277323,1.0252914968440774,0.0,-1.2263700326598674,-6.3466668136827735,0.0,46.57313800558243,-8.999353905555987,91.45009910366174,65.27546868755556,156.72556779121732
4.729999999999701,9.81,3.93,1,1,0.01,0.01,-6.765153855403485,11.579053734245436,-2.204145284500844,9.630053263562043,-54.696613655218755,99.74824144862262,0.0,-1.4583770662238822,1.0125787311370709,0.0,-1.2005412119679886,-6.36600438264769,0.0,47.273386532835396,-8.91511305217747,91.9811794941408,64.74246753401039,156.7236470281512
4.731999999999701,9.81,3.93,1,1,0.01,0.01,-6.769673001525795,11.598516473140384,-2.3157475937284517,9.834286847223751,-56.93677044769286,104.55162755143766,0.0,-1.4607513356369028,0.9998276761631724,0.0,-1.1734850443072096,-6.384945983619693,0.0,48.00549502660893,-8.822898518297805,92.51267147468366,64.20896667277836,156.72163814746202
4.733999999999701,9.81,3.93,1,1,0.01,0.01,-6.7744199593986805,11.61839755624867,-2.432022312785421,10.048536579007495,-59.37273999784338,109.7722755355582,0.0,-1.463070168842698,0.9870391694066245,0.0,-1.1450812215820048,-6.403444531891626,0.0,48.77195965763304,-8.721533366232316,93.04446522612625,63.67506933720565,156.7195345633319
4.7359999999997004,9.81,3.93,1,1,0.01,0.01,-6.779404480672655,11.638717882646727,-2.5533841587594117,10.273685970188703,-62.02817678222596,115.46036964013847,0.0,-1.4653307368322146,0.9742141501984272,0.0,-1.115192795701526,-6.421444976615689,0.0,49.57553227921783,-8.609631732761471,93.5764394526073,63.140889503337114,156.71732895594442
4.7379999999997,9.81,3.93,1,1,0.01,0.01,-6.784637196047814,11.659500223705585,-2.68029866915695,10.510726366073794,-64.9303492810667,121.67377787347274,0.0,-1.4675299176663026,0.9613536772258244,0.0,-1.0836632152398495,-6.438882658194304,0.0,50.41925123556487,-8.48555421869426,94.10845973512502,62.606553425924105,156.71501316104911
4.7399999999997,9.81,3.93,1,1,0.01,0.01,-6.790129724562236,11.680769455019599,-2.8132900699992183,10.76077367615005,-68.1108012898664,128.47945987915608,0.0,-1.4696642537782174,0.9484589497152395,0.0,-1.0503127121476266,-6.455681260018338,0.0,51.30647569060417,-8.34735196222833,94.64037658195087,62.07220145685784,156.71257803880872
4.7419999999997,9.81,3.93,1,1,0.01,0.01,-6.795894800025389,11.70255282479509,-2.9529505981846516,11.02508820087273,-71.60614951358605,135.95516563891587,0.0,-1.471729901261333,0.9355313332121387,0.0,-1.014933869049533,-6.471750237000956,0.0,52.24092351675507,-8.192696053757356,95.17202310772825,61.53799020962779,156.71001331735604
4.7439999999997,9.81,3.93,1,1,0.01,0.01,-6.801946417796018,11.724880265513326,-3.099951578749277,11.305098196952677,-75.4590464102856,144.19148715396722,0.0,-1.4737225692917821,0.9225723911538144,0.0,-0.9772861464981684,-6.486981564117688,0.0,53.22671250561223,-8.018787820071555,95.70321225500035,61.00409515039311,156.70730740539346
4.745999999999699,9.81,3.93,1,1,0.01,0.01,-6.808300005766507,11.747784757097339,-3.2550566205048796,11.602427958012138,-79.71934218955327,153.29433603648934,0.0,-1.4756374473288525,0.909583923796137,0.0,-0.9370890809153254,-6.501245594079769,0.0,54.268404176278175,-7.822243946390737,96.23373344830469,60.47071371848841,156.7044471667931
4.747999999999699,9.81,3.93,1,1,0.01,0.01,-6.814972624213475,11.771302751518508,-3.419137365874303,11.918931343387651,-84.4454842550484,163.38792971550419,0.0,-1.4774691170688832,0.8965680165486458,0.0,-0.8940137712496825,-6.514385738072753,0.0,55.37104862949625,-7.598948234519278,96.76334854002039,59.938069108491156,156.70141764851155
4.749999999999699,9.81,3.93,1,1,0.01,0.01,-6.821983200124578,11.795474670814333,-3.593192310016072,12.25673185965526,-89.70619457286148,174.6183743340218,0.0,-1.4792114452440464,0.8835271004448673,0.0,-0.8476721463727244,-6.526211578016123,0.0,56.5402275108994,-7.343858751379244,97.29178686627353,59.40641488489002,156.69820175116354
4.751999999999699,9.81,3.93,1,1,0.01,0.01,-6.829352802721635,11.8203454928727,-3.7783692832079177,12.618270572219433,-95.5824621380706,187.1579265106203,0.0,-1.4808574521768847,0.8704640283998961,0.0,-0.797603332949333,-6.536489869537,0.0,57.78208985037331,-7.050754819375261,97.81873917699313,58.87604065242861,156.69477982942175
4.7539999999996985,9.81,3.93,1,1,0.01,0.01,-6.837104968154884,11.845965442041944,-3.975992252145741,13.006363263424868,-102.1698724154204,201.20998544019866,0.0,-1.482399149414726,0.8573821721917102,0.0,-0.7432562067935529,-6.5449326817790245,0.0,59.10337175202592,-6.711902174245033,98.34385013193108,58.34727907526623,156.69112920719732
4.755999999999698,9.81,3.93,1,1,0.01,0.01,-6.845266082677076,11.872390804518558,-4.187593105161542,13.4242682861886,-109.58125585218058,217.01478520908907,0.0,-1.4838273376219955,0.8442855469024226,0.0,-0.6839668843483908,-6.551181613485134,0.0,60.511384649019845,-6.317605840876611,98.86670895782977,57.82051463305177,156.68722359088156
4.757999999999698,9.81,3.93,1,1,0.01,0.01,-6.853865834852135,11.899684891202657,-4.41494897305153,13.875766341616265,-117.94954943911331,234.85557474870515,0.0,-1.485131352990508,0.8311789721007148,0.0,-0.6189294605802511,-6.554786580084537,0.0,62.01394648473507,-5.8556076505780945,99.38683773260597,57.296194631407474,156.68303236401346
4.759999999999698,9.81,3.93,1,1,0.01,0.01,-6.862937748143758,11.927919172533706,-4.66012526391567,14.365252648611664,-127.43058343322807,255.06469439219129,0.0,-1.4862987464458262,0.8180682826759977,0.0,-0.5471576802076152,-6.555177017835421,0.0,63.61921300393992,-5.310267123093559,99.9036765897251,56.774843161332285,156.67851975105737
4.761999999999698,9.81,3.93,1,1,0.01,0.01,-6.872519804808738,11.957174609152428,-4.925523692512863,14.897840119227022,-138.20514354488103,278.0282026161356,0.0,-1.4873148744892402,0.8049606074506573,0.0,-0.46743438615563226,-6.551622401731213,0.0,65.33533772346603,-4.661438283587486,100.41656490715695,56.25707894453713,156.67364385169407
4.763999999999697,9.81,3.93,1,1,0.01,0.01,-6.882655168887039,11.987543195944717,-5.213932655970546,15.479468144404231,-150.47895371426878,304.18623097269557,0.0,-1.488162373114489,0.7918647412342836,0.0,-0.37824446784715593,-6.543177586065138,0.0,67.16984132087434,-3.8829178257212438,100.92471724702986,55.74363833286753,156.6683555798974
4.765999999999697,9.81,3.93,1,1,0.01,0.01,-6.8933930073140095,12.019129718995275,-5.528573385283191,16.117003409775965,-164.4778677121862,334.0234011868585,0.0,-1.4888204762866049,0.7787916469048763,0.0,-0.2776856107358028,-6.528606465676576,0.0,69.12849109802171,-2.9402886160652253,101.42719243555489,55.23540517738401,156.6625976129389
4.767999999999697,9.81,3.93,1,1,0.01,0.01,-6.904789388163788,12.052053683440414,-5.873127565882925,16.818302976668406,-180.43297410902545,368.0382158823014,0.0,-1.489264127437647,0.7657551398741322,0.0,-0.16334953033999833,-6.506274608877683,0.0,71.21335744123145,-1.7879153880297394,101.92285372552455,54.73344987242897,156.65630359795352
4.769999999999697,9.81,3.93,1,1,0.01,0.01,-6.916908193089671,12.08645128274991,-6.251717172651108,17.5921785339673,-198.5454638158266,406.6701331203807,0.0,-1.4894628163074226,0.7527728297708475,0.0,-0.032165021540675465,-6.473997686682901,0.0,73.41949322894833,-0.3647730035604303,102.41031751684174,54.239080617520045,156.64939813436177
4.7719999999996965,9.81,3.93,1,1,0.01,0.01,-6.929821897144686,12.12247710453648,-6.668778918627827,18.448141231550995,-218.912189871058,450.1442761723918,0.0,-1.489379055964494,0.7398674251740256,0.0,0.1198055401390623,-6.4288279744657055,0.0,75.72932651032895,1.4112670152278264,102.88788777055825,53.75391075715966,156.64179852771792
4.773999999999696,9.81,3.93,1,1,0.01,0.01,-6.943611906764114,12.160304927649813,-7.128723293324955,19.395696346757358,-241.37717935867485,498.1607416516618,0.0,-1.4889664024993035,0.7270685468896345,0.0,0.29761899976702244,-6.366757540066721,0.0,78.10331716910511,3.6509998987823837,103.35347336595453,53.27994668195343,156.63342004790798
4.775999999999696,9.81,3.93,1,1,0.01,0.01,-6.958367842153068,12.200126326115411,-7.635175338635674,20.442761761032074,-265.2493491022629,549.3027542872594,0.0,-1.48816693110192,0.7144152371320861,0.0,0.5077366088852515,-6.2823194055943095,0.0,80.46471634658587,6.503152669434242,103.80448681328895,52.81970041282937,156.62418722611832
4.777999999999696,9.81,3.93,1,1,0.01,0.01,-6.974184604359566,12.242144648099133,-8.189443676758083,21.59246696433388,-288.7955673564239,599.9721710517746,0.0,-1.4869081626966696,0.7019593698875428,0.0,0.7582715848078827,-6.168092171975616,0.0,82.67567491702273,10.163696212132411,104.23772572304748,52.376327656976045,156.6140533800235
4.779999999999696,9.81,3.93,1,1,0.01,0.01,-6.991155164376405,12.286560038158095,-8.78766585062901,22.837170479355425,-308.41077817424537,642.6445073466299,0.0,-1.4850996867454787,0.6897700850639376,0.0,1.0590050345348532,-6.014196117987034,0.0,84.50266516735566,14.879585914433852,104.64924345391361,51.95378135092107,156.6030248048347
4.781999999999695,9.81,3.93,1,1,0.01,0.01,-7.009355757044017,12.333538526876179,-9.41596993231252,24.148302780258813,-317.4947302046177,663.5031783743214,0.0,-1.4826303432799803,0.6779389992463842,0.0,1.4207278303298718,-5.808083133242558,0.0,85.57465217904466,20.932601536936403,105.03422040907492,51.55694383873436,156.59116424780927
4.783999999999695,9.81,3.93,1,1,0.01,0.01,-7.0288191594362495,12.383156086809493,-10.043489000381047,25.461679728457597,-305.60377873906197,640.6444287598551,0.0,-1.4793680803558096,0.6665849270546562,0.0,1.8530879381131804,-5.535361514316906,0.0,85.35486314156583,28.574478277134887,105.3868515848365,51.1916456782336,156.57849726307012
4.785999999999695,9.81,3.93,1,1,0.01,0.01,-7.049493259232963,12.435311731232492,-10.61533669511487,26.66270025531931,-259.70260691643955,546.6867498560426,0.0,-1.4751665135710768,0.6558547634880025,0.0,2.3599155462054786,-5.18297912727946,0.0,83.18285844259663,37.87484301900584,105.7003098854176,50.86439379804624,156.56470368346385
4.787999999999695,9.81,3.93,1,1,0.01,0.01,-7.071190973340744,12.48962230923208,-11.052662287824916,27.58637586235904,-170.4544704971564,361.96732144136246,0.0,-1.4698834697130851,0.6459144615135983,0.0,2.9320410461530177,-4.745973418965664,0.0,78.47561097973383,48.481879733043804,105.96712955600796,50.58157267215859,156.54870222816655
4.7899999999996945,9.81,3.93,1,1,0.01,0.01,-7.093556795302984,12.545352035826427,-11.270824353294659,28.05540352848927,-43.30686124260988,97.83127856039906,0.0,-1.4634134103906284,0.6369240351728971,0.0,3.541308615360394,-4.236215179118157,0.0,71.10509840171656,59.441054554378205,106.18105713048803,50.348024607370704,156.52908173785875
4.791999999999694,9.81,3.93,1,1,0.01,0.01,-7.116090781977672,12.601462494526546,-11.216791310140922,27.9586540666158,96.00681187569259,-191.78914369279067,0.0,-1.4557239693666721,0.6289991828698218,0.0,4.143487798145923,-3.6860833773782185,0.0,61.70937213672257,69.36686024221751,106.34098601793164,50.165424715722494,156.50641073365415
4.793999999999694,9.81,3.93,1,1,0.01,0.01,-7.138247242270935,12.656819453978596,-10.900438129939053,27.316882908198817,213.9442963921963,-436.56564175075636,0.0,-1.446874751400418,0.6221775908906239,0.0,4.693286454072696,-3.1396775067765974,0.0,51.53796823699058,77.04053925125243,106.45323738090227,50.031408596034666,156.48464597693692
4.795999999999694,9.81,3.93,1,1,0.01,0.01,-7.159561433838215,12.710458485971822,-10.388417859962459,26.269853436351227,290.17546220146545,-593.9184576464345,0.0,-1.437002806018155,0.6164118097503949,0.0,5.161328369449674,-2.6358220967332344,0.0,41.85644399549059,81.96108990282563,106.5273818857282,49.94015971798869,156.46754160371688
4.797999999999694,9.81,3.93,1,1,0.01,0.01,-7.179728458245484,12.761750197875145,-9.767172557204491,24.99867112872247,324.6360508264614,-663.8090762085942,0.0,-1.4262834641154751,0.6115920832501025,0.0,5.5398782905632835,-2.196477618985448,0.0,33.45227065093889,84.37213579930923,106.57086525640008,49.884105847742134,156.4549711041422
4.799999999999693,9.81,3.93,1,1,0.01,0.01,-7.198606623565869,12.81040692050713,-9.109633316610317,23.655918652540112,328.81662528136087,-670.4192677357854,0.0,-1.4148908395338773,0.6075816202793078,0.0,5.8368609333175385,-1.8267205665509123,0.0,26.569484659917336,84.89661192278959,106.5889755159277,49.855663153504366,156.44463866943207
4.801999999999693,9.81,3.93,1,1,0.01,0.01,-7.216174999658985,12.856393371400639,-8.463220684417413,22.340554814934542,315.45404044585734,-640.4991291672766,0.0,-1.402974746765139,0.6042449888429536,0.0,6.066776398529717,-1.521169923996366,0.0,21.108012523156308,84.18362089287555,106.586665416914,49.84827272430485,156.43493814121885
4.803999999999693,9.81,3.93,1,1,0.01,0.01,-7.232483987518765,12.89982283449992,-7.852966465484987,21.10455241524514,293.9105840752528,-593.6800181236508,0.0,-1.3906543002242189,0.6014627649609636,0.0,6.244496037734745,-1.2702860642659584,0.0,16.832110447358872,82.74360394245791,106.56875542127989,49.856700939440856,156.42545636072074
4.805999999999693,9.81,3.93,1,1,0.01,0.01,-7.247617959176368,12.940878814995369,-7.289051958981499,19.968772608754993,269.8130517860698,-541.7357308668354,0.0,-1.3780206272549465,0.5991356559581545,0.0,6.382617352313119,-1.0641135500822143,0.0,13.491879471784957,80.92510806321245,106.53939379502475,49.876932302993694,156.41632609801843
4.8079999999996925,9.81,3.93,1,1,0.01,0.01,-7.2616723822530265,12.979767166197439,-6.773281818633688,18.936572377021093,246.1141227585966,-490.8237881214601,0.0,-1.3651424224243356,0.5971833454156646,0.0,6.490939606784807,-0.8938700286256087,0.0,10.871895392783046,78.9475137837897,106.50181158883137,49.90593220609852,156.4077437949299
4.809999999999692,9.81,3.93,1,1,0.01,0.01,-7.274741648840431,13.016690700403684,-6.3033095823039105,18.002672885998766,224.16490712747407,-443.7434740850941,0.0,-1.3520713835997358,0.5955415277117508,0.0,6.576796062897491,-0.7523552363185009,0.0,8.8017528903671,76.94149114881287,106.4584060511719,49.94141175347539,156.39981780464728
4.811999999999692,9.81,3.93,1,1,0.01,0.01,-7.286913428074499,13.051837480778918,-5.875047691886559,17.158208395289765,204.44969892338543,-401.48043322054275,0.0,-1.3388466251118687,0.594158756540995,0.0,6.645592489767083,-0.6338598867040939,0.0,7.151734844633476,74.9811060287037,106.41093335570508,49.98163573217943,156.3925690878845
4.813999999999692,9.81,3.93,1,1,0.01,0.01,-7.29826658765689,13.085376582044127,-5.483926766444911,16.393357522262892,187.0191561200174,-364.116060671613,0.0,-1.3254980063704775,0.5929936948106314,0.0,6.70130414036667,-0.5339181941880264,0.0,5.824609602338409,73.10573205606856,106.36068860399041,50.02527721496769,156.38596581895808
4.815999999999692,9.81,3.93,1,1,0.01,0.01,-7.308870915318827,13.117457605766312,-5.125501959739018,15.698604753350612,171.72644575892326,-331.32244479077224,0.0,-1.3120485660173347,0.5920128949200187,0.0,6.746867264047408,-0.449047805928964,0.0,4.747741993316576,71.3340196965979,106.30864130494382,50.071310910686684,156.3799522156305
4.817999999999691,9.81,3.93,1,1,0.01,0.01,-7.318787667598836,13.148211911367824,-4.795711948422056,15.065274555923814,158.34938876443812,-302.6178051886078,0.0,-1.2985162822187648,0.5911890683341335,0.0,6.7844682148276005,-0.37652593492466613,0.0,3.8667004146853907,69.67250759218601,106.25552993787684,50.11893583839037,156.37446577626721
4.819999999999691,9.81,3.93,1,1,0.01,0.01,-7.328070440077671,13.177754504736534,-4.490962107357399,14.48569831306329,146.6505376364976,-277.49170586457114,0.0,-1.2849153444264205,0.5904997563009817,0.0,6.815751099746109,-0.3142112282620584,0.0,3.140421696738104,68.1208394480341,106.20192661047197,50.16751933316141,156.36944594363337
4.821999999999691,9.81,3.93,1,1,0.01,0.01,-7.33676610906461,13.206186063199992,-4.208123645272058,13.953206500260269,136.40469005607895,-255.4620584003957,0.0,-1.2712570764179365,0.589926313075614,0.0,6.841965441424156,-0.26040695935770963,0.0,2.5376634949244092,66.67489216517521,106.1482814405012,50.216556321671746,156.36483776217295
4.823999999999691,9.81,3.93,1,1,0.01,0.01,-7.344915729487645,13.233594857944622,-3.9444961962837732,13.462045496800206,127.40982928110441,-236.09748990658656,0.0,-1.2575506113755712,0.5894531270190118,0.0,6.864071122709075,-0.21375757098076376,0.0,2.0344326568979834,65.32863555306035,106.09495346391198,50.26563948185154,156.36059294576353
4.8259999999996905,9.81,3.93,1,1,0.01,0.01,-7.352555342519336,13.260058478731741,-3.697757672041175,13.007268710974117,119.48993141941381,-219.02277290436066,0.0,-1.2438033902014558,0.5890670210797297,0.0,6.882813313456662,-0.17317083447147752,0.0,1.6121257167555088,64.07522594734776,106.04223255580843,50.31443717809749,156.3566697339059
4.82799999999969,9.81,3.93,1,1,0.01,0.01,-7.359716680328296,13.285645336299932,-3.465912786380391,12.58462573150823,112.49400975743566,-203.91646474631168,0.0,-1.2300215330496238,0.5887567883056704,0.0,6.898776364075033,-0.13775924067921452,0.0,1.2561805164984294,62.907638090215585,105.99035527067011,50.36267698423751,156.35303225490762
4.82999999999969,9.81,3.93,1,1,0.01,0.01,-7.366427771091364,13.310415950460264,-3.2472453037951308,12.190459916614563,106.29361389578055,-190.50538771358947,0.0,-1.2162101191798536,0.58851282925393,0.0,6.912422918245264,-0.10679569331877836,0.0,0.9550927494988136,61.81901915256935,105.93951649247184,50.410133254160726,156.34964974663256
4.83199999999969,9.81,3.93,1,1,0.01,0.01,-7.3727134539401415,13.334424045278077,-3.040275874052555,11.821618182331267,100.77987667556846,-178.55822407050843,0.0,-1.2023733999057393,0.5883268666809505,0.0,6.924122574292312,-0.07967981590148687,0.0,0.6996932710520458,60.80287609049927,105.8898781421807,50.45661765117994,156.34649579336065
4.83399999999969,9.81,3.93,1,1,0.01,0.01,-7.378595815506565,13.357717476656317,-2.843725775334031,11.475373554886975,95.86062058827586,-167.8792844901912,0.0,-1.188514962241181,0.5881917192196677,0.0,6.934173097231768,-0.0559121509012348,0.0,0.48261257335689167,59.85316373302398,105.8415757807773,50.50197186090619,156.3435476416835
4.835999999999689,9.81,3.93,1,1,0.01,0.01,-7.384094559585241,13.380339017131666,-2.656486195053495,11.149359624165818,91.45773945850847,-158.30289085782294,0.0,-1.1746378558604322,0.5881011204052187,0.0,6.942816273483761,-0.0350742540933886,0.0,0.29788046655938366,58.964314544646605,105.79472368174453,50.546061931217025,156.34078561296155
4.837999999999689,9.81,3.93,1,1,0.01,0.01,-7.389227320373056,13.402327020328409,-2.4775924108407215,10.841515496405828,87.50492433181196,-149.68850915515335,0.0,-1.1607446924936053,0.5880495728280297,0.0,6.950249876425523,-0.01681321863050278,0.0,0.1406241761091571,58.13123495889988,105.749418773359,50.58877383636879,156.3381926097278
4.839999999999689,9.81,3.93,1,1,0.01,0.01,-7.394009928389605,13.42371598455558,-2.306202175346754,10.550039736374064,83.945732918278,-141.91662434267946,0.0,-1.1468377244152812,0.588032229705729,0.0,6.956636781675751,-0.0008295502943305166,0.0,0.006838665926521243,57.34928339748797,105.70574373486605,50.63000997074893,156.335753705615
4.841999999999689,9.81,3.93,1,1,0.01,0.01,-7.398456636815577,13.444537032080792,-2.141577644732956,10.273351876908068,80.73197192318244,-134.88528784671087,0.0,-1.1329189069309127,0.5880447980198839,0.0,6.962111973766199,0.01313240375514213,0.0,-0.10678958467861986,56.61423910100396,105.66376945130747,50.669686355024496,156.33345580633198
4.8439999999996886,9.81,3.93,1,1,0.01,0.01,-7.402580314736614,13.46481831792737,-1.9830702647366218,10.010060237812446,77.8223513688709,-128.5072480579341,0.0,-1.1189899485075518,0.5880834587397095,0.0,6.966787978489866,0.02529206620304114,0.0,-0.20301890757778332,55.92226721868135,105.6235569767319,50.70773039296389,156.3312873696958
4.845999999999688,9.81,3.93,1,1,0.01,0.01,-7.406392612691465,13.484585379707545,-1.8301081119299414,9.75893497835608,75.18136927184331,-122.70757363199998,0.0,-1.1050523512845027,0.5881448006825326,0.0,6.970759109344827,0.03583872522939302,0.0,-0.2841587453352489,55.26988334175274,105.58515911668665,50.74407905747,156.32923817415667
4.847999999999688,9.81,3.93,1,1,0.01,0.01,-7.409904105000004,13.503861438029148,-1.6821852681541638,9.518885481202771,72.77838847382492,-117.42168728657965,0.0,-1.0911074440338404,0.5882257653331573,0.0,6.974104812992051,0.04493644974960598,0.0,-0.35215316703056304,54.65391927451452,105.54862171310006,50.77867741380797,156.32729912690803
4.849999999999688,9.81,3.93,1,1,0.01,0.01,-7.4131244125760025,13.522667655366796,-1.5388528777716326,9.288941319725845,70.58687235625139,-112.59373865359757,0.0,-1.0771564091502412,0.5883236005289769,0.0,6.97689232456138,0.052728078777991017,0.0,-0.40864695967308345,54.071490986857995,105.51398469450992,50.811477409741926,156.32546210425184
4.851999999999688,9.81,3.93,1,1,0.01,0.01,-7.416062309291936,13.541023359927841,-1.3997115988143807,9.068236192421955,68.58375129581034,-108.17525589256087,0.0,-1.063200304884868,0.5884358213632985,0.0,6.979178790148321,0.05933847957729077,0.0,-0.45503829225323067,53.51996917720922,105.48128293979141,50.84243687846471,156.3237198182561
4.8539999999996875,9.81,3.93,1,1,0.01,0.01,-7.4187258144383925,13.55894623992454,-1.2644052105962853,8.855994318359564,66.74889646290717,-104.12402601531902,0.0,-1.0492400837646794,0.5885601770013701,0.0,6.98101297488854,0.06487722450668931,0.0,-0.49252095682073194,52.996952568702056,105.45054699255293,50.8715187123358,156.32206570488873
4.855999999999687,9.81,3.93,1,1,0.01,0.01,-7.4211222733897015,13.576452512745686,-1.1326151829281497,8.651518878605676,65.06468170810298,-100.40316278411798,0.0,-1.0352766079321227,0.5886946223679568,0.0,6.982436646389571,0.06944080280394727,0.0,-0.5221184619929405,52.500243884980485,105.42180365512915,50.898690174619645,156.32049382974878
4.857999999999687,9.81,3.93,1,1,0.01,0.01,-7.423258428233796,13.59355707276797,-1.0040560469954136,8.454182163146198,63.515617785034024,-96.98032856089614,0.0,-1.0213106619828345,0.5888372938709379,0.0,6.983485702119692,0.07311445802448813,0.0,-0.544711714849294,52.02782835582368,105.39507648486108,50.923922323407254,156.31899880826833
4.859999999999687,9.81,3.93,1,1,0.01,0.01,-7.425140479833914,13.610273620929254,-0.8784714364742047,8.263417143660845,62.08804606456143,-93.8270827092091,0.0,-1.0073429637585114,0.5889864884864476,0.0,6.984191093550734,0.07597372240113054,0.0,-0.5610616249725856,51.577854555778934,105.37038621058738,50.94718952727321,156.31757573786058
4.861999999999687,9.81,3.93,1,1,0.01,0.01,-7.42677414255095,13.626614778677943,-0.7556306906978976,8.07871024206141,60.769881277810285,-90.91833424599506,0.0,-0.9933741734588588,0.5891406456579203,0.0,6.9845795879704085,0.07808570445178342,0.0,-0.5718276623691146,51.14861736166271,105.34775108361156,50.968469056366686,156.31622013997824
4.863999999999686,9.81,3.93,1,1,0.01,0.01,-7.42816469265843,13.642592188494163,-0.6353259306103483,7.899595105032825,59.550394765952746,-88.23188058514079,0.0,-0.9794049013642103,0.5892983315620514,0.0,6.984674399881906,0.0795101746219854,0.0,-0.5775831725736972,50.7385428149037,105.32718717455309,50.98774073586716,156.31492791042024
4.865999999999686,9.81,3.93,1,1,0.01,0.01,-7.429317011319537,13.658216602832882,-0.5173695336623714,7.72564722766586,58.42003128809702,-85.74801757342823,0.0,-0.9654357144036663,0.5894582253748459,0.0,6.984495717046988,0.08030048477965357,0.0,-0.5788280783260711,50.34617468460598,105.30870862528144,51.00498665126234,156.3136952765438
4.867999999999686,9.81,3.93,1,1,0.01,0.01,-7.430235622860908,13.673497963053027,-0.4015919463902293,7.556479296063494,57.37025371232223,-83.44920873628473,0.0,-0.9514671417590348,0.5896191072352921,0.0,6.9840611409605415,0.08050435036438386,0.0,-0.575999463902934,49.970162542151634,105.292327863373,51.02019089690016,156.31251876027318
4.869999999999686,9.81,3.93,1,1,0.01,0.01,-7.430924728966051,13.688445469659023,-0.2878397837005636,7.391737140699033,56.393410945398244,-81.31980384769187,0.0,-0.9374996796594801,0.589779847656037,0.0,6.983386057474129,0.08016451847698447,0.0,-0.5694804353843542,49.6092511752463,105.27805578515694,51.033339360846085,156.311395146003
4.8719999999996855,9.81,3.93,1,1,0.01,0.01,-7.431388239317961,13.703067644983248,-0.1759741723135779,7.2310962102391985,55.482625290897154,-79.3457987162019,0.0,-0.923533795493594,0.5899393981724822,0.0,6.9824839501209475,0.07931934083155279,0.0,-0.5596075703596008,49.26227118679899,105.26590191231067,51.044419540335696,156.31032145264635
4.873999999999685,9.81,3.93,1,1,0.01,0.01,-7.431629799142602,13.717372389272574,-0.0658693027386305,7.07425849027399,54.631696101484884,-77.5146295192173,0.0,-0.9095699313432081,0.5900967830559811,0.0,6.981366666219431,0.07800326702161442,0.0,-0.5466772083064797,48.92813064092816,105.25587452608788,51.05342038312304,156.3092949092109
4.875999999999685,9.81,3.93,1,1,0.01,0.01,-7.431652814039508,13.731367031003524,0.042588840141982734,6.9209498035236505,53.835017140087324,-75.81499618664806,0.0,-0.8956085070249202,0.5902510919448278,0.0,6.9800446438853285,0.0762472707796028,0.0,-0.5309507840167795,48.60580763415941,105.2479807825499,51.06033215083694,156.30831293338684
4.877999999999685,9.81,3.93,1,1,0.01,0.01,-7.431460472430813,13.745058372134087,0.14950359309572248,6.770917438109121,53.087505511219064,-74.23671028594126,0.0,-0.8816499227108487,0.5904014732697792,0.0,6.978527106542197,0.07407921967941022,0.0,-0.5126593678638958,48.294343684283625,105.24222681160387,51.06514630111512,156.307373112719
4.879999999999685,9.81,3.93,1,1,0.01,0.01,-7.431055765913575,13.758452728901922,0.25496859848212056,6.623928058768097,52.38454038797392,-72.77056363582832,0.0,-0.8676945611880158,0.5905471283699028,0.0,6.97682223029549,0.07152419693424472,0.0,-0.4920075461232171,47.9928378422952,105.23861780217891,51.06785538582148,156.30647318800038
4.881999999999684,9.81,3.93,1,1,0.01,0.01,-7.430441507761003,13.771555968695587,0.35906867418610433,6.479765862790043,51.721910057955455,-71.40821451002222,0.0,-0.8537427898062401,0.5906873062103466,0.0,6.974937288556875,0.06860478248199642,0.0,-0.46917675015578436,47.700441444359825,105.23715807549827,51.06845296308934,156.3056110385876
4.883999999999684,9.81,3.93,1,1,0.01,0.01,-7.429620349784822,13.784373543454862,0.4618805849120608,6.338230948185104,51.095766055537425,-70.14208881173093,0.0,-0.8397949621562404,0.5908212986267442,0.0,6.972878777519328,0.0653412993630696,0.0,-0.4443281237335363,47.416353430946046,105.23785114809007,51.06693352128889,156.30478466937896
4.885999999999684,9.81,3.93,1,1,0.01,0.01,-7.42859479774259,13.79691051999621,0.5634737279500507,6.199137866399633,50.50258334850566,-68.96529402703568,0.0,-0.8258514195133113,0.5909484360320462,0.0,6.97065252544933,0.06175203042187005,0.0,-0.4176050020474532,47.13981616920894,105.24069978592358,51.06329241331616,156.30399219923976
4.887999999999684,9.81,3.93,1,1,0.01,0.01,-7.427367225449525,13.809171607608212,0.6639107446321675,6.062314335911992,49.939125712536395,-67.87154411735551,0.0,-0.811912492076371,0.5910680835307247,0.0,6.968263788248496,0.057853409564785796,0.0,-0.3891350632284007,46.870111722555194,105.24570605085049,51.05752579984027,156.30323185069076
4.8899999999996835,9.81,3.93,1,1,0.01,0.01,-7.425939887733595,13.821161183217905,0.7632480671047985,5.927600096421859,49.402415563674126,-66.85509380237642,0.0,-0.7979785000277712,0.5911796373931613,0.0,6.9657173333181746,0.05366019114779147,0.0,-0.35903220288070326,46.60655851816611,105.25287134034967,51.04963060035109,156.30250194070075
4.891999999999683,9.81,3.93,1,1,0.01,0.01,-7.424314932354736,13.832883314391355,0.8615364086995807,5.794845886194884,48.88970763228667,-65.91068092624776,0.0,-0.7840497544355582,0.591282521849554,0.0,6.96301751341853,0.04918560052014237,0.0,-0.3273981737027278,46.34850836922824,105.26219642143363,51.03960445101531,156.30180087244895
4.893999999999683,9.81,3.93,1,1,0.01,0.01,-7.4224944109937,13.844341780399368,0.9588212050497499,5.663912527532276,48.39846595614392,-65.03347580057878,0.0,-0.7701265580167336,0.5913761861683021,0.0,6.9601683319325085,0.04444146829664419,0.0,-0.29432402537253494,46.0953438138205,105.27368145945054,51.02744566849074,156.3011271279413
4.895999999999683,9.81,3.93,1,1,0.01,0.01,-7.42048028940269,13.855540091551296,1.0551430121346321,5.534670107375603,47.92634374873377,-64.219036585144,0.0,-0.7562092057775143,0.5914601019885689,0.0,6.957173500713607,0.03943835055119693,0.0,-0.259891374200265,45.84647573693348,105.28732604241492,51.013153218965336,156.30047926138025
4.897999999999683,9.81,3.93,1,1,0.01,0.01,-7.418274456798456,13.866481506975664,1.1505378666147035,5.406997241791293,47.47116576449051,-63.46326990716219,0.0,-0.7422979855444183,0.5915337608807761,0.0,6.954036491504715,0.03418563680641379,0.0,-0.2241735273645236,45.6013412460332,105.3031292014159,50.99672669178589,156.2998558932018
4.899999999999682,9.81,3.93,1,1,0.01,0.01,-7.4158787345684924,13.8771690510054,1.2450376131194616,5.280780414556967,47.03091283751848,-62.7623960373461,0.0,-0.7283931783981845,0.5915966721122711,0.0,6.950760581756365,0.02869164742655833,0.0,-0.18723648266569645,45.359401774007644,105.3210894275793,50.978166277124686,156.29925570470397
4.901999999999682,9.81,3.93,1,1,0.01,0.01,-7.413294884352269,13.887605528307148,1.3386702025509214,5.1559133813339155,46.603708316497965,-62.11291803955529,0.0,-0.7144950590210176,0.5916483605983837,0.0,6.947348895540185,0.02296372179514425,0.0,-0.14913982149622754,45.12014138631347,105.34120468600088,50.957472747202175,156.29867743320307
4.903999999999682,9.81,3.93,1,1,0.01,0.01,-7.410524615551853,13.89779353787823,1.4314599649507977,5.0322966319909845,46.18780615726695,-61.51159439402562,0.0,-0.7006038959663756,0.5916883650216557,0.0,6.943804440142683,0.01700829846691032,0.0,-0.10993751002523475,44.88306527173321,105.36347242701592,50.93464744064234,156.29811986765827
4.905999999999682,9.81,3.93,1,1,0.01,0.01,-7.407569592319606,13.907735486020915,1.5234278600360591,4.909836904573011,45.78158046730427,-60.95541466438701,0.0,-0.6867199518594476,0.5917162361042413,0.0,6.9401301388317895,0.010830988321045704,0.0,-0.06967862132858504,44.64769839841101,105.38788959512931,50.90969224958783,156.29758184471714
4.9079999999996815,9.81,3.93,1,1,0.01,0.01,-7.404431440064849,13.917433598391458,1.6145917081244139,4.788446745205441,45.38351632402196,-60.44157783818931,0.0,-0.6728434835355372,0.5917315350203912,0.0,6.936328860210673,0.004436641603541916,0.0,-0.02840798928688969,44.41358431880082,105.41445263589205,50.88260960924464,156.2970622451367
4.909999999999681,9.81,3.93,1,1,0.01,0.01,-7.401111751516267,13.926889931210646,1.7049664038391867,4.6680441089154865,44.99220171222499,-59.96747302117409,0.0,-0.658974742122827,0.5917338319375738,0.0,6.932403444507806,-0.0021705903728232723,0.0,0.013833196541856427,44.18028410887403,105.44315750098113,50.853402489560736,156.29655999054188
4.911999999999681,9.81,3.93,1,1,0.01,0.01,-7.397612092372352,13.936106381713167,1.7945641146942022,4.548551996945541,44.60632044601662,-59.5306622085293,0.0,-0.6451139730753588,0.5917227046762376,0.0,6.9283567270970305,-0.008987198204901292,0.0,0.05700684723922809,43.94737542842883,105.47399965171228,50.822074388775306,156.29607404048758
4.913999999999681,9.81,3.93,1,1,0.01,0.01,-7.39393400656824,13.94508469790481,1.883394466407241,4.42989812665053,44.22464595737519,-59.12886489303731,0.0,-0.6312614161615209,0.5916977374794455,0.0,6.9241915594947105,-0.01601026147459724,0.0,0.10107747536623425,43.714451690647365,105.50697406119403,50.78862932860028,156.2956033897943
4.915999999999681,9.81,3.93,1,1,0.01,0.01,-7.390079021183816,13.95382648768913,1.9714647165699133,4.312014630518881,43.84603584808586,-58.75994430137611,0.0,-0.6174173054128657,0.5916585198846983,0.0,6.9199108280418145,-0.023237399422557127,0.0,0.14601173465932565,43.48112133018752,105.54207521531183,50.753071850818415,156.29514706613026
4.91799999999968,9.81,3.93,1,1,0.01,0.01,-7.386048651014913,13.962333227418664,2.0587799181078275,4.194837781246756,43.46942711406415,-58.421895076686894,0.0,-0.6035818690377104,0.5916046456911902,0.0,6.915517470445472,-0.0306667247863029,0.0,0.1917779937767129,43.247007160092934,105.57929711271464,50.715407015101206,156.29470412781586
4.91999999999968,9.81,3.93,1,1,0.01,0.01,-7.381844402826737,13.970606269920088,2.145343073793859,4.078307740135343,43.09383196169223,-58.11283224856802,0.0,-0.5897553293036687,0.5915357120165501,0.0,6.911014490326776,-0.038296800427337734,0.0,0.23834594003123197,43.011745808680075,105.6186332639644,50.675640397865905,156.2942736618303
4.92199999999968,9.81,3.93,1,1,0.01,0.01,-7.377467779306275,13.978646852037404,2.231155282925877,3.962368326378393,42.718334144879506,-57.83098135147654,0.0,-0.5759379023929624,0.5914513184378235,0.0,6.906404969898076,-0.046126598422709816,0.0,0.2856862096875778,42.774987228328094,105.66007668999544,50.633778092005436,156.29385478200086
4.92399999999968,9.81,3.93,1,1,0.01,0.01,-7.372920282728353,13.986456101732786,2.316215881145718,3.8469668050677144,42.3420857593791,-57.57466956958737,0.0,-0.5621297982341552,0.5913510662120552,0.0,6.901692080873427,-0.05415546134157841,0.0,0.33377004196065796,42.536394268772824,105.70361992002002,50.58982670733688,156.2934466273569
4.9259999999996795,9.81,3.93,1,1,0.01,0.01,-7.368203418348203,13.994035044780512,2.4005225742561795,3.732053691973178,41.9643044376525,-57.34231780090023,0.0,-0.5483312203137372,0.5912345575723383,0.0,6.896879093699716,-0.06238306546683613,0.0,0.3825689543374153,42.29564230810312,105.74925498901001,50.54379337162415,156.29304836063415
4.927999999999679,9.81,3.93,1,1,0.01,0.01,-7.363318697531748,14.00138461108576,2.4840715667853863,3.617582573355143,41.584270893423465,-57.13243354611675,0.0,-0.5345423654708765,0.5911013950956621,0.0,6.891969385182548,-0.0708093857571729,0.0,0.43205443727096216,42.05241893518483,105.79697343487459,50.4956857320407,156.29265916691529
4.929999999999679,9.81,3.93,1,1,0.01,0.01,-7.358267640633481,14.008505640656741,2.566857685951348,3.503509939244901,41.20132677015322,-56.943604538839374,0.0,-0.5207634236784482,0.5909511811392388,0.0,6.886966444570285,-0.07943466237569095,0.0,0.48219766666528047,41.806423677708594,105.8467662954487,50.44551195694474,156.29227825239343
4.931999999999679,9.81,3.93,1,1,0.01,0.01,-7.3530517796305155,14.01539888925569,2.6488745015925517,3.3897950287858385,40.81487275211148,-56.77449304320464,0.0,-0.5069945778134042,0.5907835173423446,0.0,6.881873878150956,-0.08825936863923574,0.0,0.5329692328968132,41.55736777047596,105.89862410540013,50.393280737848116,156.29190484324823
4.933999999999679,9.81,3.93,1,1,0.01,0.01,-7.347672660520411,14.02206503375152,2.7301144425517494,3.2763996863673026,40.42436690061756,-56.623830753365766,0.0,-0.49323600341937174,0.5905980041909403,0.0,6.876695412410187,-0.0972841802667373,0.0,0.5843388854013213,41.30497395891676,105.95253689315777,50.339001291464896,156.29153818462265
4.935999999999678,9.81,3.93,1,1,0.01,0.01,-7.34213184548942,14.028504677194572,2.8105689099287656,3.163288227406944,40.029323181469124,-56.49041423646132,0.0,-0.47948786846435054,0.5903942406425932,0.0,6.871434895793338,-0.10650994582724321,0.0,0.6362752921062236,41.048976333170735,106.00849417795871,50.282683361733035,156.29117753969174
4.937999999999678,9.81,3.93,1,1,0.01,0.01,-7.336430914857062,14.034718353631721,2.8902283875533,3.0504273127475963,39.629310152632904,-56.37310086699375,0.0,-0.46575033309623615,0.5901718238093647,0.0,6.8660962991117325,-0.11593765830741762,0.0,0.6887458132027957,40.7891201883785,106.0664849671084,50.22433722170631,156.2908221888147
4.939999999999678,9.81,3.93,1,1,0.01,0.01,-7.330571468802288,14.04070653267809,2.969082549969632,2.9377858307333153,39.22394978400839,-56.2708052060242,0.0,-0.4520235493988694,0.5899303486965078,0.0,6.86068371463066,-0.12556842773594726,0.0,0.7417162889419966,40.52516190711112,106.12649775354116,50.16397367522065,156.2904714287618
4.941999999999678,9.81,3.93,1,1,0.01,0.01,-7.3245551288759545,14.046469623859892,3.047120368171261,2.8253347861174753,38.81291638354639,-56.182495783380745,0.0,-0.43830766115116776,0.5896694079948988,0.0,6.855201353876076,-0.13540345481723515,0.0,0.7951508412957602,40.256868860133125,106.18852051376564,50.10160405824238,156.290124572008
4.9439999999996775,9.81,3.93,1,1,0.01,0.01,-7.318383539303927,14.052007980741267,3.124330213274377,2.71304719503516,38.395935606250006,-56.107192245265225,0.0,-0.42460280359192226,0.5893885919252171,0.0,6.849653544197016,-0.14544400554095221,0.0,0.849011689465165,39.98401932193988,106.25254070627724,50.03724023981114,156.2897809460884
4.945999999999677,9.81,3.93,1,1,0.01,0.01,-7.312058368084764,14.057321904846546,3.2006999582741735,2.6008979853435568,37.97278352465204,-56.04396283331366,0.0,-0.41090910319264773,0.5890874881319637,0.0,6.844044724121709,-0.15569138674521638,0.0,0.9032589793254964,39.7064023977432,106.31854527050913,49.970894622496175,156.2894398930053
4.947999999999677,9.81,3.93,1,1,0.01,0.01,-7.305581307885722,14.062411649388034,3.2762170779871775,2.488863901698664,37.543285741278844,-55.99192216439097,0.0,-0.3972266774409438,0.5887656816253938,0.0,6.838379437547365,-0.1661469226224102,0.0,0.9578506269944622,39.42381795880031,106.38652062639974,49.90258014228725,156.28910076868698
4.949999999999677,9.81,3.93,1,1,0.01,0.01,-7.298954076740632,14.067277422808194,3.350868747245566,2.3769234147951726,37.10731652540318,-55.95022928322889,0.0,-0.38355563463653686,0.5884227547695158,0.0,6.8326623268057585,-0.1768119321644161,0.0,1.0127421767736693,39.13607658319184,106.4564526746357,49.83231026784901,156.2887629424847
4.951999999999677,9.81,3.93,1,1,0.01,0.01,-7.292178418553101,14.071919392144046,3.424641937375787,2.2650566342496,36.664797958088045,-55.91808596252561,0.0,-0.36989607370234556,0.5880582873142385,0.0,6.826898124650052,-0.1876877075530911,0.0,1.067886673773145,38.84299949935958,106.52832679764066,49.760098999070095,156.28842579671075
4.953999999999676,9.81,3.93,1,1,0.01,0.01,-7.285256103408478,14.076337686220569,3.497523510963412,2.1532452246552785,36.21569907113772,-55.894735227328255,0.0,-0.35624808401256663,0.5876718564698006,0.0,6.821091645211366,-0.19877549350667462,0.0,1.1232345515530047,38.54441852991132,106.60212786135995,49.685960864846315,156.28808872620627
4.955999999999676,9.81,3.93,1,1,0.01,0.01,-7.278188927698008,14.080532398679035,3.5695003148789572,2.041472324382141,35.760034967129926,-55.87946008249044,0.0,-0.3426117452398484,0.5872630370215242,0.0,6.815247773977587,-0.21007646759886844,0.0,1.178733535136846,38.240176033393055,106.67784021789853,49.60991092003992,156.28775113793847
4.957999999999676,9.81,3.93,1,1,0.01,0.01,-7.27097871405873,14.08450359084535,3.6405592715152633,1.9297224667348933,35.2978659092057,-55.87158242374308,0.0,-0.32898712722343393,0.5868314014829474,0.0,6.8093714568506325,-0.22159172157077778,0.0,1.234328559746723,37.930124841916886,106.75544770905557,49.5319647415651,156.28741245062068
4.959999999999676,9.81,3.93,1,1,0.01,0.01,-7.263627311132729,14.088251294442793,3.710687468165853,1.8179815031204776,34.82929637075821,-55.870462114486955,0.0,-0.3153742898600622,0.5863765202853144,0.0,6.803467688342561,-0.2333222436588554,0.0,1.2899617055923245,37.61412819271744,106.83493367079863,49.45213842355424,156.28707209435288
4.961999999999676,9.81,3.93,1,1,0.01,0.01,-7.256136593149579,14.091775514152818,3.779872244455394,1.7062365279100884,34.35447403659142,-55.875496211826636,0.0,-0.30177328301928197,0.5858979620013791,0.0,6.79754149897483,-0.2452689019636516,0.0,1.3455721490132095,37.29205965188992,106.91628093871,49.37044857156714,156.28672951027715
4.963999999999675,9.81,3.93,1,1,0.01,0.01,-7.2485084593359455,14.095076230027042,3.8481012777179546,1.5944758047126601,33.873588748521655,-55.8861183266469,0.0,-0.2881841464847129,0.585395293601401,0.0,6.791597941949124,-0.25743242888500395,0.0,1.4010961302259939,36.96380302874132,106.99947185443642,49.28691229581038,156.28638415024682
4.965999999999675,9.81,3.93,1,1,0.01,0.01,-7.240744833156587,14.09815339975298,3.9153626662060534,1.4826886938059534,33.38687138976956,-55.90179810370111,0.0,-0.2746069099226207,0.5848680807391834,0.0,6.785642079161815,-0.2698134066489248,0.0,1.4564669378667674,36.62925227935881,107.08448827316181,49.20154720334224,156.28603547650405
4.967999999999675,9.81,3.93,1,1,0.01,0.01,-7.2328476613912125,14.101006960775614,3.981645010003561,1.3708655804983436,32.89459270384148,-55.92204080875848,0.0,-0.2610415928790567,0.5843158880659466,0.0,6.779678966637757,-0.28241225395053354,0.0,1.5116149104473955,36.2883113981707,107.17131157211865,49.11437138924498,156.28568296136365
4.969999999999675,9.81,3.93,1,1,0.01,0.01,-7.22481891305192,14.103636832276422,4.04693748950824,1.2589978042193082,32.397062044922734,-55.946387010855375,0.0,-0.24748820480665334,0.5837382795697772,0.0,6.773713639462299,-0.2952292137353893,0.0,1.566467454760462,35.94089429644005,107.25992266014684,49.025403426753854,156.28532608690068
4.9719999999996745,9.81,3.93,1,1,0.01,0.01,-7.216660578146215,14.106042917011198,4.111229941345051,1.1470775881595707,31.894626058103558,-55.97441234863338,0.0,-0.2339467451219791,0.5831348189383575,0.0,6.767751096293174,-0.3082643421387678,0.0,1.6209490811740146,35.58692466679306,107.35030198829972,48.93466235633929,156.284964344639
4.973999999999674,9.81,3.93,1,1,0.01,0.01,-7.208374666290888,14.108225103007548,4.174512931569266,1.0350979693030065,31.3876672890229,-56.00572737063163,0.0,-0.22041720329422287,0.5825050699426382,0.0,6.761796283536269,-0.3215174985991738,0.0,1.6749814556569396,35.22633583303938,107.44242956149125,48.84216767374677,156.28459723523804
4.975999999999674,9.81,3.93,1,1,0.01,0.01,-7.199963205182316,14.110183265122727,4.236777826018849,0.9230527287118251,30.87660272374743,-56.039977440245636,0.0,-0.20689955896577328,0.58184859683911,0.0,6.755854079270928,-0.3349883371581506,0.0,1.7284834682670585,34.85907058469139,107.53628495116737,48.74793931700722,156.2842242681746
4.977999999999674,9.81,3.93,1,1,0.01,0.01,-7.191428238929024,14.111917266462202,4.298016857678375,0.8109363219443025,30.36188226089373,-56.07684269688171,0.0,-0.19339378210514568,0.5811649647882685,0.0,6.749929277011859,-0.3486762989541765,0.0,1.781371317722968,34.48508099573376,107.6318473089836,48.651997652437245,156.28384496142084
4.979999999999674,9.81,3.93,1,1,0.01,0.01,-7.18277182625262,14.113426959659096,4.358223190921956,0.6987438095004818,29.843987119147894,-56.11603806562522,0.0,-0.17989983319245884,0.5804537402868962,0.0,6.744026569394986,-0.3625806059129516,0.0,1.833558611562318,34.10432822732935,107.72909538145504,48.55436345965782,156.28345884111286
4.981999999999673,9.81,3.93,1,1,0.01,0.01,-7.173996038563464,14.11471218801447,4.41739098251003,0.586470787205851,29.323428184430238,-56.157313308516684,0.0,-0.16641766343754127,0.5797144916117744,0.0,6.738150531874577,-0.3767002556311551,0.0,1.8849564812726767,33.71678231427637,107.828007525542,48.45505791566776,156.28306544120977
4.983999999999673,9.81,3.93,1,1,0.01,0.01,-7.165102957917695,14.115772786498246,4.475515439224428,0.4741133164560478,28.80074430199222,-56.200453111295566,0.0,-0.15294721503055386,0.5789467892724306,0.0,6.732305606518149,-0.39103401744486593,0.0,1.9354737116627028,33.32242193515173,107.92856172512698,48.35410257801528,156.28266430314227
4.985999999999673,9.81,3.93,1,1,0.01,0.01,-7.1560946748624295,14.116608582610429,4.532592872037689,0.36166785425716397,28.276500519707366,-56.24527720023062,0.0,-0.13948842142485918,0.5781502064705804,0.0,6.726496085984,-0.40558042966782937,0.0,1.9850168836251467,32.92123416618542,108.03073560832789,48.25151936712014,156.28225497544804
4.987999999999673,9.81,3.93,1,1,0.01,0.01,-7.146973286176172,14.117219397102152,4.588620746726037,0.24913118300622789,27.75128628972389,-56.29164048441245,0.0,-0.12604120765167437,0.5773243195639348,0.0,6.720726097763972,-0.42033779797844295,0.0,2.0334905293295753,32.51321421901258,108.13450646558809,48.147330547805424,156.2818370133935
4.9899999999996725,9.81,3.93,1,1,0.01,0.01,-7.137740892511612,14.117605044555996,4.643597730850609,0.13650033996493022,27.22571363648105,-56.339433219645564,0.0,-0.11260549066589376,0.576468708532113,0.0,6.714999588770965,-0.4353041949280924,0.0,2.0807972987746983,32.09836516254099,108.23985126847367,48.04155871010616,156.28140997857983
4.991999999999672,9.81,3.93,1,1,0.01,0.01,-7.128399595948148,14.117765333824892,4.697523737048308,0.02377254638662009,26.700415299846163,-56.388581190841066,0.0,-0.09918117972234453,0.5755829574424374,0.0,6.709320310347058,-0.45047746053734605,0.0,2.1268381365290514,31.67669762925254,108.34674668910446,47.93422674942855,156.280973438533
4.993999999999672,9.81,3.93,1,1,0.01,0.01,-7.1189514974615475,14.11770006832893,4.750399962591849,-0.08905486373797092,26.176042862801815,-56.43904591058289,0.0,-0.08576817678152204,0.5746666549134786,0.0,6.7036918037635775,-0.4658552039399905,0.0,2.171512467393206,31.248229506328425,108.45516912013655,47.82535784614059,156.28052696627714
4.995999999999672,9.81,3.93,1,1,0.01,0.01,-7.109398694318245,14.11740904620923,4.802228925198019,-0.2019845153469484,25.65326487370082,-56.49082483232074,0.0,-0.07236637694377912,0.5737193945743131,0.0,6.698117386279317,-0.48143480602916483,0.0,2.2147183896332887,30.81298561204693,108.5650946952061,47.714975444682366,156.28007013988847
4.997999999999672,9.81,3.93,1,1,0.01,0.01,-7.099743277401773,14.11689206033806,4.853014495083742,-0.3150190644137827,25.132764973607866,-56.54395157743606,0.0,-0.058975668910792756,0.5727407755175136,0.0,6.692600137817513,-0.49721342305392524,0.0,2.256352874360421,30.370997357952927,108.67649930974339,47.603103232288085,156.27960254203148
4.999999999999671,9.81,3.93,1,1,0.01,0.01,-7.089987328478815,14.116148898184262,4.902761923290985,-0.4281612705218031,24.615240039657355,-56.598496176227215,0.0,-0.04559593547299312,0.5717304027440584,0.0,6.687142888315638,-0.5131879911089525,0.0,2.2963119695669096,29.922302397335958,108.7893586420538,47.48976511742046,156.27912375947426
5.001999999999671,9.81,3.93,1,1,0.01,0.01,-7.080132917412312,14.115179341533057,4.9514778663237555,-0.5414140699352253,24.101398355683088,-56.65456532368053,0.0,-0.03222705402159198,0.5706878875984038,0.0,6.6817482057955,-0.5293552314552024,0.0,2.3344910072799783,29.466944260583503,108.90364817456411,47.374985208020234,156.27863338258436
5.003999999999671,9.81,3.93,1,1,0.01,0.01,-7.070182099328926,14.11398316605917,4.999170407163189,-0.6547806491978382,23.591957821610606,-56.71230265172139,0.0,-0.01886889708369821,0.5696128481921571,0.0,6.6764183851935,-0.5457116566042555,0.0,2.3707848122540094,29.004971977992305,109.01934321512158,47.258787789681165,156.27813100480273
5.005999999999671,9.81,3.93,1,1,0.01,0.01,-7.060136911748023,14.112560140752201,5.04584907274988,-0.7682645192947112,23.087644213257285,-56.77188902048916,0.0,-0.005521332878987595,0.5685049098148625,0.0,6.67115543798344,-0.5622535770950581,0.0,2.4050879105980267,28.53643969063026,109.13641891823407,47.14119730386214,156.2776162220962
5.0079999999996705,9.81,3.93,1,1,0.01,0.01,-7.049999371679131,14.110910027193095,5.091524848045998,-0.8818695904182313,22.589189504256538,-56.83354283204373,0.0,0.00781577410369072,0.5673637053306135,0.0,6.665961082616008,-0.5789771088877836,0.0,2.4372947367225346,28.06140624983879,109.25485030613326,47.022238326253856,156.27708863238712
5.00999999999967,9.81,3.93,1,1,0.01,0.01,-7.039771472694586,14.109032578680406,5.1362101868131305,-0.9956002473874755,22.09733026181907,-56.897520370795235,0.0,0.02114256251142277,0.5661888755593217,0.0,6.660836735790817,-0.5958781812962626,0.0,2.4672998369912738,27.57993480595536,109.37461228954152,46.90193554541898,156.2765478349605
5.01199999999967,9.81,3.93,1,1,0.01,0.01,-7.029455181983774,14.10692753920505,5.179919019265228,-1.109461425779413,21.612806127973606,-56.96411617585913,0.0,0.03445917351572869,0.5649800696416521,0.0,6.655783504568254,-0.6129525453776278,0.0,2.4949980684778414,27.0920923868156,109.49567968801864,46.780313741827925,156.27599342984655
5.01399999999967,9.81,3.93,1,1,0.01,0.01,-7.019052437395044,14.104594642272,5.222666756779103,-1.2234586888417593,21.136358397792204,-57.033663451465486,0.0,0.04776575018612639,0.5637369453867983,0.0,6.650802179319644,-0.630195782695603,0.0,2.5202847912543724,26.597949466566124,109.61802724976471,46.657397767414224,156.27542501717892
5.01599999999967,9.81,3.93,1,1,0.01,0.01,-7.008565144470965,14.10203360956733,5.264470293867841,-1.3375983052705263,20.668728705923918,-57.10653452252137,0.0,0.061062436850418234,0.5624591696024119,0.0,6.645893227505644,-0.6476033143721338,0.0,2.543056052678601,26.09757952528353,109.7416296707544,46.533212525773465,156.27484219652786
5.017999999999669,9.81,3.93,1,1,0.01,0.01,-6.997995173482197,14.099244149468744,5.305348007644863,-1.4518873279504916,20.21065783252629,-57.183141343413936,0.0,0.07434937844337697,0.5611464184062404,0.0,6.641056788263633,-0.6651704103406626,0.0,2.563208762195276,25.591058599849394,109.8664616130726,46.40778295313346,156.27424456620605
5.019999999999669,9.81,3.93,1,1,0.01,0.01,-6.987344356464729,14.096225955397566,5.345319755028306,-1.5663336737740228,19.76288463942856,-57.26393606918417,0.0,0.0876267198453734,0.559798377519107,0.0,6.6362926677765035,-0.6828921987140013,0.0,2.580640855230018,25.078464826481145,109.99249772232815,46.281134000219964,156.27363172254812
5.021999999999669,9.81,3.93,1,1,0.01,0.01,-6.976614484264748,14.092978704009912,5.384406867956803,-1.6809462046730228,19.32614514707796,-57.34941169928291,0.0,0.1008946052125057,0.5584147425391299,0.0,6.631600335386238,-0.7007636751791291,0.0,2.5952514448219843,24.559877975258495,110.11971264401535,46.15329061514523,156.2730032591606
5.023999999999669,9.81,3.93,1,1,0.01,0.01,-6.9658073035948185,14.08950205322445,5.422632146908528,-1.7957348100203179,18.90117176253696,-57.440102805261134,0.0,0.11415317729966246,0.5569952191971903,0.0,6.626978920407387,-0.7187797123316491,0.0,2.606940959720303,24.035378976920455,110.24808103869844,46.02427772744423,156.27235876614267
5.0259999999996685,9.81,3.93,1,1,0.01,0.01,-6.9549245141044675,14.085795640083845,5.46001985303565,-1.9107104905807057,18.48869266852028,-57.53658635495104,0.0,0.12740257677787514,0.5555395235938657,0.0,6.6224272095870225,-0.736935068863056,0.0,2.615611267752888,23.505049442134787,110.3775775958923,45.89412023338345,156.27169782927575
5.027999999999668,9.81,3.93,1,1,0.01,0.01,-6.943967765467609,14.081859078446575,5.496595699246047,-2.025885444218266,18.0894313832087,-57.63948264698176,0.0,0.14064294154719237,0.5540473824182222,0.0,6.6179436451496185,-0.755224398514881,0.0,2.6211657833656683,22.968971173362647,110.50817704651227,45.762842982666356,156.27102002917863
5.029999999999668,9.81,3.93,1,1,0.01,0.01,-6.932938654488563,14.077691956505388,5.532386840583391,-2.141273153595578,17.70410650036055,-57.74945637084379,0.0,0.15387440604616387,0.5525185331489857,0.0,6.613526323357442,-0.7736422587149542,0.0,2.623509558323165,22.427225669355394,110.63985417377272,45.63047076665667,156.2703249404294
5.031999999999668,9.81,3.93,1,1,0.01,0.01,-6.921838722227715,14.073293834128151,5.5674218642755795,-2.2568884761323926,17.333431619085886,-57.86721780920758,0.0,0.16709710055890004,0.550952724238836,0.0,6.609172993509185,-0.7921831188121895,0.0,2.6225493546556153,21.879893622227144,110.77258382240808,45.497028308241084,156.26961213064916
5.033999999999668,9.81,3.93,1,1,0.01,0.01,-6.910669451147083,14.068664240016263,5.60173077984012,-2.3727477365262866,16.978115472561676,-57.993524200804856,0.0,0.1803111505205106,0.5493497152827109,0.0,6.604881057292005,-0.8108413678277608,0.0,2.6181936990331356,21.32705440694609,110.90634090609451,45.362540253451286,156.2688811595458
5.035999999999667,9.81,3.93,1,1,0.01,0.01,-6.8994322622752815,14.063802668675192,5.635345009653641,-2.4888688221762014,16.638862264979768,-58.12918128395096,0.0,0.19351667582150922,0.5477092771711468,0.0,6.600647568394951,-0.8296113216420351,0.0,2.6103529178416354,20.76878556298024,111.04110041295402,45.22703116496228,156.2681315779163
5.037999999999667,9.81,3.93,1,1,0.01,0.01,-6.888128512390531,14.058708577190952,5.668297380411355,-2.6052712818918127,16.316372226140434,-58.27504504271809,0.0,0.20671379011163704,0.546031192229881,0.0,6.596469232284398,-0.8484872295377867,0.0,2.5989391523257437,20.205162267716343,111.17683740901792,45.09052551758494,156.26736292660286
5.039999999999667,9.81,3.93,1,1,0.01,0.01,-6.876759491219483,14.053381381805503,5.7006221159214014,-2.7219764283178067,16.011342393362632,-58.43202367991315,0.0,0.2199026001033062,0.5443152543470815,0.0,6.592342406034967,-0.8674632800215579,0.0,2.583866353251553,19.63625680114531,111.31352703953104,44.953047695868904,156.26657473539996
5.041999999999667,9.81,3.93,1,1,0.01,0.01,-6.865326418648744,14.047820454283213,5.732354831698683,-2.8390074445527897,15.72446763079966,-58.601079843396604,0.0,0.2330832048746685,0.5425612690897127,0.0,6.588263098102564,-0.8865336058457929,0.0,2.565050254622828,19.062138001173167,111.45114452797735,44.81462199393103,156.26576652190838
5.0439999999996665,9.81,3.93,1,1,0.01,0.01,-6.853830441945003,14.042025118059438,5.763532531843587,-2.956389495498234,15.456441896844916,-58.78323313493786,0.0,0.24625569517207768,0.5407690538107288,0.0,6.584226967918725,-0.9056922881548853,0.0,2.5424083260586263,18.482870708769447,111.58966517270548,44.67527261762639,156.26493779033189
5.045999999999666,9.81,3.93,1,1,0.01,0.01,-6.842272632978699,14.035994644161175,5.794193608713096,-3.0741498445341864,15.207959771123816,-58.979562933792536,0.0,0.25942015271144925,0.5389384377489069,0.0,6.580229325178452,-0.9249333596783135,0.0,2.5158597035062074,17.89851520200766,111.72906434103317,44.53502368917767,156.26408803021084
5.047999999999666,9.81,3.93,1,1,0.01,0.01,-6.830653985445115,14.029728246888501,5.824377845915819,-3.1923179761861253,14.979718253610889,-59.19121157054779,0.0,0.2725766494777747,0.5370692621233042,0.0,6.576265128686012,-0.9442508068932927,0.0,2.4853250980191857,17.309126617880377,111.86931746070769,44.39389925438175,156.26321671508944
5.049999999999666,9.81,3.93,1,1,0.01,0.01,-6.818975412075689,14.023225079244073,5.854126425188783,-3.3109257255221833,14.772418849731373,-59.419387890589555,0.0,0.28572524702178337,0.5351613802245071,0.0,6.572328984615179,-0.9636385710778653,0.0,2.450726682376262,16.714754360584642,112.01040000859024,44.25192329251616,156.2623233011064
5.051999999999666,9.81,3.93,1,1,0.01,0.01,-6.80723774183121,14.016484228096422,5.88348193774314,-3.4300074151028657,14.586769956932136,-59.66537125086043,0.0,0.29886599575239514,0.5332146575049237,0.0,6.5684151440320555,-0.9830905481731742,0.0,2.4119879553503356,16.115441494769897,112.15228749643803,44.109119729068496,156.26140722550653
5.053999999999665,9.81,3.93,1,1,0.01,0.01,-6.795441717067336,14.009504709061048,5.912488400698837,-3.549600000397546,14.423489570180658,-59.930515998486214,0.0,0.3119989342233586,0.5312289716706234,0.0,6.564517499519086,-1.0026005873698747,0.0,2.3690335834583007,15.511224122017412,112.29495545364207,43.965512451421105,156.2604679050632
5.055999999999665,9.81,3.93,1,1,0.01,0.01,-6.783587990661609,14.002285461081373,5.941191279265472,-3.6697432246846513,14.28330832622158,-60.2162564854491,0.0,0.32512408841209584,0.5292042127773476,0.0,6.560629580728682,-1.0221624883290932,0.0,2.321789220030309,14.902130738575517,112.43837940677463,43.821125327627946,156.25950473440258
5.057999999999665,9.81,3.93,1,1,0.01,0.01,-6.771677123089787,13.994825340689475,5.969637515368993,-3.7904797845670477,14.166972909237924,-60.524112679885164,0.0,0.33824147098843,0.5271402833335234,0.0,6.5567445486834,-1.0417699969419703,0.0,2.2701813014308447,14.288181572106476,112.58253485579192,43.67598222843009,156.258517084222
5.059999999999665,9.81,3.93,1,1,0.01,0.01,-6.759709579437852,13.987123115924147,5.997875563472425,-3.9118555073624743,14.07524984389672,-60.855696441921204,0.0,0.35135108057049697,0.5250370984132858,0.0,6.552855188626567,-1.061416799523796,0.0,2.214136820243041,13.669387894904395,112.72739724672493,43.5301070526661,156.25750429939103
5.0619999999996645,9.81,3.93,1,1,0.01,0.01,-6.747685726334525,13.97917745988113,6.02595543439455,-4.033919541772913,14.008929705667716,-61.21271854038221,0.0,0.3644529009647516,0.5228945857827894,0.0,6.548953901212299,-1.0810965153287913,0.0,2.1535830751916714,13.045751310716183,112.87294194067351,43.38352375624895,156.25646569692248
5.063999999999664,9.81,3.93,1,1,0.01,0.01,-6.735605828787416,13.970986943867452,6.053928747994745,-4.156724563398906,13.968831782886772,-61.5969964963909,0.0,0.3775469003864829,0.5207126860432443,0.0,6.545032691806916,-1.1008026872594,0.0,2.0884473975289177,12.417263011935948,113.01914417890742,43.23625638489368,156.25540056380112
5.065999999999664,9.81,3.93,1,1,0.01,0.01,-6.723470046904177,13.962550030128439,6.081848795666287,-4.2803269968477675,13.955809230376392,-62.01046335103926,0.0,0.39063303065685956,0.5184913527944632,0.0,6.541083157653904,-1.1205287706288565,0.0,2.018656853539164,11.783903003541143,113.16597904385401,43.08832911080181,156.2543081546558
5.067999999999664,9.81,3.93,1,1,0.01,0.01,-6.711278432477995,13.953865064112312,6.109770613666159,-4.404787256391575,13.970754760664775,-62.455177467206624,0.0,0.403711226371935,0.5162305528229427,0.0,6.537096472631758,-1.1402681198179785,0.0,1.9441379227360904,11.145639289693092,113.3134214157292,42.93976627352848,156.2531876892577
5.069999999999664,9.81,3.93,1,1,0.01,0.01,-6.699030925414666,13.944930266233118,6.137751068408518,-4.530170007365506,14.014606926088337,-62.93333349050567,0.0,0.4167814040385333,0.5139302663188801,0.0,6.533063369307332,-1.1600139726454972,0.0,1.864816151225692,10.502427018427294,113.461445924539,42.7905924252858,156.2520383498248
5.0719999999996634,9.81,3.93,1,1,0.01,0.01,-6.686727349976097,13.935743723088091,6.165848954963773,-4.656544450763905,14.08835705348946,-63.447274611619626,0.0,0.4298434611712558,0.5115904871268919,0.0,6.528974117956339,-1.1797594322458251,0.0,1.7806157795940352,9.85420757930562,113.61002689715068,42.640832380965605,156.25085927811628
5.073999999999663,9.81,3.93,1,1,0.01,0.01,-6.674367410812462,13.926303378080354,6.194125110138199,-4.783984633795555,14.19305690302866,-63.99950629236078,0.0,0.44289727534420975,0.5092112230356519,0.0,6.524818502186247,-1.199497446217516,0.0,1.6914593445474508,9.2009076482833,113.75913829908774,42.49051127320045,156.24964957228818
5.075999999999663,9.81,3.93,1,1,0.01,0.01,-6.661950688752367,13.916607021391995,6.222642541663157,-4.912569789507007,14.32982713404183,-64.59271164112323,0.0,0.4559427031902597,0.506792496112182,0.0,6.520585790754459,-1.2192207827698973,0.0,1.5972672533877772,8.542438173352053,113.90875367066417,42.33965461282359,156.24840828348775
5.077999999999663,9.81,3.93,1,1,0.01,0.01,-6.6494766363171145,13.906652279245938,6.251466575201848,-5.042384708980695,14.499866674179904,-65.22976865061953,0.0,0.4689795793397246,0.504334343087065,0.0,6.516264705124868,-1.2389220035527972,0.0,1.4979573302458782,7.8786932937447975,114.05884605702312,42.18828835513392,156.24713441215704
5.079999999999663,9.81,3.93,1,1,0.01,0.01,-6.636944572921561,13.896436602387583,6.2806650210890735,-5.173520150071282,14.704463103588735,-65.91376954257557,0.0,0.4820077152895298,0.5018368157976281,0.0,6.511843382247396,-1.2585934328038935,0.0,1.3934443328249053,7.209549184617299,114.2093879315781,42.036438972431824,156.24582690400993
5.081999999999662,9.81,3.93,1,1,0.01,0.01,-6.62435367971999,13.885957253708746,6.310308362960685,-5.306073287169244,14.945004184040604,-66.6480425012746,0.0,0.49502689819265966,0.49929998169682455,0.0,6.507309331976735,-1.278227122389014,0.0,1.2836394382233616,6.53486281814485,114.36035111229683,41.884133533351005,156.24448464564784
5.083999999999662,9.81,3.93,1,1,0.01,0.01,-6.611702994050828,13.875211294926848,6.3404699707099095,-5.44014820708695,15.222990684186032,-67.43617612149643,0.0,0.5080368895565529,0.49672392443652535,0.0,6.502649388465634,-1.297814812240377,0.0,1.1684496962190112,5.854470630871585,114.51170667018194,41.73139978958851,156.24310645977044
5.085999999999662,9.81,3.93,1,1,0.01,0.01,-6.5989914034288475,13.864195572221448,6.371226340534357,-5.5758564568635025,15.540050677049916,-68.28204694773143,0.0,0.5210374238376514,0.49410874453498543,0.0,6.4978496547731694,-1.3173478856145289,0.0,1.0477774482033075,5.16818708591237,114.66342482921249,41.57826627072029,156.24169109993278
5.087999999999662,9.81,3.93,1,1,0.01,0.01,-6.586217639027605,13.852906700717815,6.402657365218284,-5.713317650097173,15.897955515257658,-69.18985054204897,0.0,0.5340282069176825,0.49145456013950395,0.0,6.492895439816096,-1.3368173184932806,0.0,0.9215197097679757,4.475803117210451,114.81547485690476,41.42476238788906,156.24023724479383
5.0899999999996615,9.81,3.93,1,1,0.01,0.01,-6.573380268588121,13.841341047693103,6.434846638239344,-5.852660139358464,16.298637724110648,-70.16413658948048,0.0,0.547008914445372,0.488761507896746,0.0,6.487771186658847,-1.3562136223335315,0.0,0.7895675147688171,3.777084441479816,114.96782494452955,41.270918547266234,156.2387434917958
5.091999999999661,9.81,3.93,1,1,0.01,0.01,-6.560477688682155,13.829494714364495,6.467881795809073,-5.994021763336752,16.744211093585115,-71.20984863443374,0.0,0.5599791900251473,0.4860297439449477,0.0,6.482460390980452,-1.3755267792322474,0.0,0.651805218538607,3.0717697216838165,115.1204420758739,41.11676627432516,156.23720835019907
5.093999999999661,9.81,3.93,1,1,0.01,0.01,-6.547508116249586,13.817363516100185,6.501854901565623,-6.1375506786581076,17.23699329889339,-72.3323691421822,0.0,0.5729386432318713,0.4832594450442276,0.0,6.476945508370017,-1.394746168406026,0.0,0.5081097578065475,2.3595685638951682,115.2732918832748,40.96233835011806,156.23563023339284
5.095999999999661,9.81,3.93,1,1,0.01,0.01,-6.534469579319287,13.804942960872632,6.536862879352621,-6.283406287816029,17.779531436990773,-73.53757069915206,0.0,0.5858868474277364,0.4804508098636482,0.0,6.471207848880133,-1.4138604826847945,0.0,0.3583498648279033,1.6401593271183108,115.42633848945462,40.80766896093297,156.2340074503876
5.097999999999661,9.81,3.93,1,1,0.01,0.01,-6.521359906811223,13.79222822574901,6.573008000359539,-6.431760276422882,18.374630935277654,-74.83187430861261,0.0,0.5988233373540405,0.4776040604464653,0.0,6.465227457002319,-1.4328576334789092,0.0,0.20238523326331237,0.9131867231002514,115.57954433345898,40.65279386291907,156.23233819637807
5.09999999999966,9.81,3.93,1,1,0.01,0.01,-6.508176717303919,13.779214131185293,6.610398431891315,-6.582797775068758,19.025388371097545,-76.22231590940225,0.0,0.6117476064666216,0.47471944387841436,0.0,6.458982974910933,-1.4517246423892582,0.0,0.04006563351316145,0.17825918027720705,115.73286997873132,40.49775056352149,156.2306205422528
5.10199999999966,9.81,3.93,1,1,0.01,0.01,-6.494917406635854,13.765895112857445,6.64914885620787,-6.736718663528674,19.735228839428064,-77.71662245066173,0.0,0.6246591039790004,0.4717972341878276,0.0,6.452451486440727,-1.4704475172793918,0.0,-0.1287700244370327,-0.5650540572335632,115.88627390104347,40.342578521860005,156.22885242290346
5.10399999999966,9.81,3.93,1,1,0.01,0.01,-6.481579134191035,13.752265190724929,6.689381169264047,-6.8937390379642745,20.50794862501753,-79.32329910274437,0.0,0.637557231571822,0.46883773451119526,0.0,6.4456083388036625,-1.4890111102027992,0.0,-0.3042946819948026,-1.3172261283209472,116.03971225362812,40.18731937053614,156.22703162416425
5.10599999999966,9.81,3.93,1,1,0.01,0.01,-6.468158807697781,13.738317934977053,6.731225270831815,-7.054092865215405,21.347764078669194,-81.05172948298119,0.0,0.6504413397206091,0.4658412795634801,0.0,6.438426938495171,-1.507398954059259,0.0,-0.48669417712656504,-2.078776088030396,116.19313860641782,40.03201716176579,156.2251557681836
5.1079999999996595,9.81,3.93,1,1,0.01,0.01,-6.454653066344854,13.724046428460532,6.774819959453949,-7.218033852383903,22.259367771026508,-82.91229113649187,0.0,0.663310723586129,0.4628082384593255,0.0,6.430878517166281,-1.525593074218061,0.0,-0.6761683426051716,-2.850272816475827,116.34650365577185,39.87671864122352,156.22322229699537
5.109999999999659,9.81,3.93,1,1,0.01,0.01,-6.441058261989906,13.70944322512546,6.820313948028908,-7.3858375648167485,23.247993208071286,-84.91648895135498,0.0,0.6761646184024254,0.4597390179396559,0.0,6.422931862416971,-1.5435737705641526,0.0,-0.8729321540733607,-3.63233934979141,116.49975490044497,39.72147355357414,156.22122845401913
5.111999999999659,9.81,3.93,1,1,0.01,0.01,-6.427370438200886,13.69450030395498,6.867867018643192,-7.5578038314712055,24.319489649396687,-87.07710972248266,0.0,0.689002194286492,0.45663406606808676,0.0,6.414553007462639,-1.5613193644571497,0.0,-1.077216921546685,-4.425657684838491,116.65283627880129,39.5663349843645,156.21917126316578
5.113999999999659,9.81,3.93,1,1,0.01,0.01,-6.413585306830507,13.67920901775915,6.917651338652546,-7.734259483704472,25.48040888411241,-89.40840173231723,0.0,0.7018225503802921,0.45349387647381056,0.0,6.40570487239278,-1.578805903894616,0.0,-1.2892715135594661,-5.23097411523003,116.80568776137696,39.41135974379516,156.2170475051721
5.115999999999659,9.81,3.93,1,1,0.01,0.01,-6.399698221775961,13.663560036113145,6.969852964094185,-7.915561482039754,26.738106203800005,-91.92628401775676,0.0,0.7146247082198262,0.45031899323243096,0.0,6.396346848220647,-1.5960068186761778,0.0,-1.5093635969322914,-6.049105162385698,116.95824489180126,39.25660879890876,156.21485369071002
5.117999999999658,9.81,3.93,1,1,0.01,0.01,-6.385704149519101,13.647543281600893,7.0246735614468205,-8.102100495749273,28.100858284558615,-94.64859097755107,0.0,0.7274076042064797,0.4471100164944629,0.0,6.386434313038841,-1.612892515492103,0.0,-1.7377808664234828,-6.880944171585522,117.1104382677677,39.10214776196977,156.21258602973748
5.119999999999658,9.81,3.93,1,1,0.01,0.01,-6.371597635974481,13.631147858383487,7.082332384740834,-8.29430501257311,29.57800127268574,-97.59535918819577,0.0,0.740170081032314,0.4438676089935949,0.0,6.375918067250069,-1.629429900499982,0.0,-1.9748322263649292,-7.727468649006769,117.26219295213168,38.948047444314184,156.21024039644587
5.121999999999658,9.81,3.93,1,1,0.01,0.01,-6.357372769091626,13.614361971942383,7.143068552303444,-8.492646071073715,31.18009308831581,-100.78916479609612,0.0,0.7529108778820134,0.4405925035945536,0.0,6.364743671907237,-1.6455818139642036,0.0,-2.2208488694403,-8.58974842094358,117.41342780223788,38.79438448679276,156.20781228903064
5.123999999999658,9.81,3.93,1,1,0.01,0.01,-6.343023136560709,13.597172838644504,7.207143676310768,-8.697642726649828,32.91910485280073,-104.25552171102849,0.0,0.7656286191988123,0.4372855120749549,0.0,6.352850670505575,-1.661306357725256,0.0,-2.4761851741668464,-9.468954699927387,117.56405470315788,38.64124208020189,156.20529678335976
5.1259999999996575,9.81,3.93,1,1,0.01,0.01,-6.328541777853989,13.57956658353242,7.274844909195067,-8.909868384901756,34.80864745186697,-108.02335313026444,0.0,0.7783218017578144,0.433947535378599,0.0,6.340171669900383,-1.6765560913866082,0.0,-2.7412193097434336,-10.366370142883264,117.71397768750475,38.48871079190064,156.2026884794054
5.127999999999657,9.81,3.93,1,1,0.01,0.01,-6.313921129694357,13.561528124448524,7.3464884843022755,-9.12995816385332,36.8642406212252,-112.1255517854561,0.0,0.7909887797358833,0.430579575631972,0.0,6.326631250086963,-1.6912770668161645,0.0,-3.016353390967689,-11.283399981604699,117.86309192076834,38.336889518304744,156.1999814390731
5.129999999999657,9.81,3.93,1,1,0.01,0.01,-6.299152963871726,13.543041040246099,7.42242384461266,-9.358617480743682,39.10363365053842,-116.59964786278442,0.0,0.8036277473993693,0.4271827502842782,0.0,6.312144664984032,-1.7054076623957157,0.0,-3.3020129615281024,-12.22158429236696,118.01128252643679,38.18588658731186,156.19716911374866
5.131999999999657,9.81,3.93,1,1,0.01,0.01,-6.284228316120814,13.524087420408065,7.503038473572942,-9.596632101256349,41.54718892586205,-121.48860796740792,0.0,0.816236718945949,0.4237583088187288,0.0,6.29661628658771,-1.7188771677878822,0.0,-3.5986454934101437,-13.18261144432052,118.1584232193071,38.035821040206,156.19424425951308
5.133999999999657,9.81,3.93,1,1,0.01,0.01,-6.269137404521714,13.504647692868273,7.588763567063932,-9.844879941068793,44.21834216528808,-126.84179398303758,0.0,0.8288135049293623,0.42030765259457104,0.0,6.279937732205107,-1.7316040559612458,0.0,-3.9067174622080216,-14.168332717588537,118.3043747079538,37.88682412953469,156.19119883748849
5.135999999999656,9.81,3.93,1,1,0.01,0.01,-6.253869535576798,13.484700426188482,7.6800807163705995,-10.104344973821147,47.14415645616494,-132.71611744002408,0.0,0.8413556845595793,0.416832358523736,0.0,6.261985597978647,-1.7434938606253225,0.0,-4.226709376441212,-15.180777999770697,118.44898281788315,37.73904107831014,156.18802389619327
5.137999999999656,9.81,3.93,1,1,0.01,0.01,-6.23841299574108,13.464222101459509,7.777529810083491,-10.37613367881497,50.355991189648805,-139.17743328509363,0.0,0.8538605729965641,0.413334207473282,0.0,6.242618700265069,-1.754436552408398,0.0,-4.559107879452559,-16.22217233545831,118.59207627479108,37.59263315723303,156.1847094320241
5.139999999999656,9.81,3.93,1,1,0.01,0.01,-6.222754925722023,13.443186848334319,7.881718409714499,-10.66149455921045,53.89031181190983,-146.302226948699,0.0,0.8663251825316446,0.40981521853001135,0.0,6.2216746978371456,-1.764303273714476,0.0,-4.904393669375581,-17.294952889105648,118.73346407174645,37.44778015129225,156.1812442230387
5.141999999999656,9.81,3.93,1,1,0.01,0.01,-6.206881174299758,13.421566138423936,7.993332911190599,-10.96184138075643,57.789672021224554,-154.1796604237934,0.0,0.8787461762601162,0.4062776905870047,0.0,6.198965929837467,-1.7729422468895348,0.0,-5.263023442518976,-18.401785543409066,118.87293232387431,37.304683306152235,156.17761563002654
5.1439999999996555,9.81,3.93,1,1,0.01,0.01,-6.190776127726904,13.399328427846914,8.113151874014049,-11.278780925658584,62.10390655183006,-162.91405650544968,0.0,0.8911198124699625,0.402724253141603,0.0,6.174274253460803,-1.7801736083477024,0.0,-5.635403277563692,-19.545579825118992,119.01024048767746,37.16356886970037,156.17380935737782
5.145999999999655,9.81,3.93,1,1,0.01,0.01,-6.174422509922745,13.376438738966263,8.242061983032958,-11.614146228609282,66.89157961628645,-172.62791456180966,0.0,0.9034418774739021,0.3991579287704746,0.0,6.147344596614056,-1.7857828357869134,0.0,-6.021849719132657,-20.729500021328008,119.14511678734559,37.02469237707197,156.16980916441756
5.147999999999655,9.81,3.93,1,1,0.01,0.01,-6.1578011476521155,13.352858169217933,8.381077204426989,-11.970036461984753,72.221740430089,-183.46556407372574,0.0,0.9157076039536499,0.39558221052665266,0.0,6.117876847472432,-1.7895123165803524,0.0,-6.4225331002773585,-21.95696905366781,119.27725264436476,36.88834387130331,156.16559651566808
5.149999999999655,9.81,3.93,1,1,0.01,0.01,-6.140890693650279,13.328543312382653,8.531361804565039,-12.348864857882223,78.17604079015054,-195.59756895363262,0.0,0.927911571007404,0.39200115856627504,0.0,6.085515575298468,-1.7910504382586065,0.0,-6.837395070364812,-23.231659648641436,119.40629584538497,36.754854310511014,156.161150155896
5.151999999999655,9.81,3.93,1,1,0.01,0.01,-6.123667299208743,13.303445574654027,8.69425800812753,-12.753416275130327,84.85126579581062,-209.22598651473476,0.0,0.9400475809133537,0.3884195217765323,0.0,6.049836901580008,-1.7900173451811132,0.0,-7.266028407390607,-24.557464152679835,119.53184210107223,36.62460349188874,156.15644559296098
5.153999999999654,9.81,3.93,1,1,0.01,0.01,-6.106104226092048,13.277510364453809,8.87131915718841,-13.186916190349233,92.36230820537484,-224.59054025637428,0.0,0.9521085060293818,0.3848428922102618,0.0,6.010331598515091,-1.7859461671969612,0.0,-7.707501264663234,-25.93842930288704,119.65342453789275,36.498029930888094,156.15145446878086
5.155999999999654,9.81,3.93,1,1,0.01,0.01,-6.088171385900526,13.250676131331653,9.064349246114519,-13.65311290800302,100.8455613405151,-241.97564673191354,0.0,0.9640860970836322,0.38127790298509356,0.0,5.9663831569087105,-1.7782580391000116,0.0,-8.160098873897846,-27.378634264223145,119.77050051499046,36.37564328213825,156.1461437971287
5.157999999999654,9.81,3.93,1,1,0.01,0.01,-6.069834793363009,13.222873225962212,9.275449546425564,-14.15637442969435,110.46257925788389,-261.7179684403145,0.0,0.9759707411522598,0.3777324843404708,0.0,5.917239102335676,-1.7662285241547764,0.0,-8.620941549123838,-28.88197746542317,119.88243495548967,36.25804009308615,156.1404750485758
5.159999999999654,9.81,3.93,1,1,0.01,0.01,-6.051055919064148,13.194022551338419,9.507072498271862,-14.70180026871902,121.40358694497726,-284.2136010261311,0.0,0.9877511535684445,0.37421619829992947,0.0,5.861973201886399,-1.748942028640954,0.0,-9.085415643319491,-30.45181724549427,119.98847910745576,36.14592396459939,156.13440307205514
5.1619999999996535,9.81,3.93,1,1,0.01,0.01,-6.031790927891128,13.16403397710399,9.762081731945095,-15.295345699602533,133.88988361378802,-309.92286167316456,0.0,0.9994139824625934,0.37074068064308086,0.0,5.799435342924589,-1.725229301061169,0.0,-9.546319174385834,-32.090378235935695,120.08774328217623,36.040131585900774,156.12787486807701
5.163999999999653,9.81,3.93,1,1,0.01,0.01,-6.011989794267889,13.132804499314613,10.043814215560653,-15.943949852048254,148.17310996836517,-339.36838113376234,0.0,1.0109432971033228,0.36732023078206455,0.0,5.72818474005707,-1.6935809511511357,0.0,-9.992568739437136,-33.79778198869636,120.17916163290485,35.94166665497198,156.12082828787683
5.165999999999653,9.81,3.93,1,1,0.01,0.01,-5.991595298482542,13.100216156166239,10.35613459493026,-16.65564651363818,164.52724875028917,-373.1177679427673,0.0,1.022319921169044,0.36397260723610647,0.0,5.646400759826251,-1.6520268623512206,0.0,-10.407227866974605,-35.57047447287649,120.26144641981173,35.85174443872089,156.11319085853262
5.167999999999653,9.81,3.93,1,1,0.01,0.01,-5.970541938819133,13.066133774762482,10.70345989780523,-17.439611383966668,183.22515743468696,-411.7335323776911,0.0,1.033520559225168,0.3607201107378937,0.0,5.551764269635672,-1.5979672140342198,0.0,-10.764483603900386,-37.39868686187789,120.33302847082274,35.77185071453732,156.10487918536006
5.169999999999653,9.81,3.93,1,1,0.01,0.01,-5.9487548586223715,13.03040276031907,11.09070942809507,-18.306050266244224,204.48367632561093,-455.6566185662865,0.0,1.044516649636988,0.3575910707358595,0.0,5.441301796937082,-1.5279357258441277,0.0,-11.02500104144138,-39.26235702413839,120.39197978795349,35.70382006715945,156.09579985511294
5.171999999999652,9.81,3.93,1,1,0.01,0.01,-5.926149017836066,12.992847414697112,11.52308983192549,-19.265738151378823,228.34701289911493,-504.9596952608112,0.0,1.0552728633280393,0.3546218949966997,0.0,5.311187104489138,-1.4372710555756685,0.0,-11.12882212519826,-41.124641263879234,120.43591373764212,35.64993983648211,156.08585357412423
5.173999999999652,9.81,3.93,1,1,0.01,0.01,-5.902629093701985,12.953270809486714,12.005541891533024,-20.328843411452908,254.45315624471226,-558.8538637842591,0.0,1.06574516593043,0.3518598911165438,0.0,5.156505551790417,-1.3196729744820452,0.0,-10.984712531145643,-42.92179369203633,120.46185860449978,35.61308682205734,156.07494542655712
5.175999999999652,9.81,3.93,1,1,0.01,0.01,-5.878091075891928,12.911458251910723,12.54152934065795,-21.502363426163523,281.5903925251351,-614.7532283111785,0.0,1.075878399352057,0.3493670996695102,0.0,4.971018674032848,-1.1666403704884887,0.0,-10.454900278979293,-44.54800796941058,120.46610252696908,35.59690241162159,156.06300493859067
5.177999999999652,9.81,3.93,1,1,0.01,0.01,-5.852427374221567,12.86718817822037,13.130624406898846,-22.785023507097286,306.91464830140046,-666.6256105838579,0.0,1.0856034848948664,0.34722531916010113,0.0,4.747046837100736,-0.9668647367244099,0.0,-9.335455471676108,-45.8345854248963,120.4440131105467,35.606003744617524,156.05001685516424
5.1799999999996515,9.81,3.93,1,1,0.01,0.01,-5.825538604009784,12.820257143827206,13.76410262675573,-24.15798279536072,324.7409581513375,-702.4481787286486,0.0,1.0948347447541473,0.3455421668603347,0.0,4.47576318189086,-0.7058646747767172,0.0,-7.337633021317993,-46.52663448476192,120.38984288950999,35.64620417666556,156.03604706617557
5.181999999999651,9.81,3.93,1,1,0.01,0.01,-5.797356805301805,12.770528922646522,14.417866245117033,-25.569919795331586,325.1914667820133,-701.36563137241,0.0,1.103468717557091,0.3444570112857962,0.0,4.148502742876577,-0.3666189995406208,0.0,-4.0892070127155185,-46.27170585729796,120.29653908884481,35.72465823944522,156.02119732829004
5.183999999999651,9.81,3.93,1,1,0.01,0.01,-5.767885045198931,12.718018115215168,15.043572745638397,-26.918357364850532,294.14875980268965,-633.6067358788072,0.0,1.1113873933612934,0.34414334819934245,0.0,3.760014888730884,0.06728817045032498,0.0,0.7991720223510368,-44.65716161677207,120.1556000009609,35.849736598159076,156.00533659911997
5.185999999999651,9.81,3.93,1,1,0.01,0.01,-5.737252447659224,12.663006192279344,15.563625724459554,-28.03916429919665,217.84824039187498,-470.1836719468804,0.0,1.1184704361197308,0.34480066392816133,0.0,3.3142191169529527,0.6041587920322571,0.0,7.538348398679346,-41.35293353774588,119.9572242801078,36.03030324410899,155.98752752421677
5.187999999999651,9.81,3.93,1,1,0.01,0.01,-5.70576523791209,12.606148980985035,15.8825484109632,-28.73062338008121,94.60171210694467,-207.61583825033503,0.0,1.1246198862234738,0.3466270815325546,0.0,2.8304903549063076,1.2328952218996272,0.0,15.84150002387004,-36.36903787795087,119.69179262547217,36.274093395056795,155.96588602052896
5.1899999999996504,9.81,3.93,1,1,0.01,0.01,-5.673909279035458,12.54848170250274,15.923977068320273,-28.831507964266656,-53.900054620956915,108.25436140916739,0.0,1.1297925814091556,0.3497720243408733,0.0,2.344114314100892,1.9155738998419656,0.0,24.724524013690722,-30.255742498164707,119.35431708136969,36.58541377634199,155.93973085771168
5.19199999999965,9.81,3.93,1,1,0.01,0.01,-5.6422654735507365,12.491240172590034,15.674697824504412,-28.313968437632102,-189.55944780382205,396.9841362468286,0.0,1.1340227500399207,0.35428853097123836,0.0,1.8953663129565639,2.595509536146388,0.0,32.801673794578505,-23.953365091904526,118.94943773217784,36.96332024852538,155.91275798070322
5.19399999999965,9.81,3.93,1,1,0.01,0.01,-5.611366242072377,12.435557732718365,15.193532472555253,-27.302266201834357,-282.83259612566155,596.1735988043878,0.0,1.1374166379692545,0.36011681832477294,0.0,1.513224395665361,3.219652018379194,0.0,38.98025888519005,-18.320575750951846,118.48889996316694,37.40163693158759,155.89053689475452
5.19599999999965,9.81,3.93,1,1,0.01,0.01,-5.581582709960869,12.382226961311463,14.57502467184796,-25.99617491259209,-327.95751655238365,693.5906497794413,0.0,1.1401208383733987,0.36711061352399166,0.0,1.2072852259513356,3.756972390790888,0.0,42.90244018962469,-13.786495297425153,117.9834634031512,37.89090655483528,155.8743699579865
5.19799999999965,9.81,3.93,1,1,0.01,0.01,-5.553099169848179,12.331645504542221,13.905814960116771,-24.578929717842232,-336.18608473409097,712.918059405061,0.0,1.1422851954677005,0.3750853619750655,0.0,0.9716989602264308,4.200460432304438,0.0,44.82538945240724,-10.369526156624929,117.44066006641668,38.42093419309295,155.86159425950962
5.199999999999649,9.81,3.93,1,1,0.01,0.01,-5.525953503718807,12.28390114194591,13.244442621536802,-23.17455313053295,-322.4970209302518,685.738775285561,0.0,1.1440391096700178,0.3838591645115035,0.0,0.793686771309007,4.5582843747575925,0.0,45.258124372026515,-7.880327696809275,116.86720275212016,38.98256597891684,155.849768731037
5.201999999999649,9.81,3.93,1,1,0.01,0.01,-5.500094732546456,12.238893126992137,12.622363778648806,-21.8499315031845,-298.4555331097034,636.4658722313218,0.0,1.1454843081221686,0.39327391889438823,0.0,0.6598361172039771,4.844416234491064,0.0,44.69685518014641,-6.0879573401055325,116.26974119337723,39.56836491837883,155.83810611175608
5.203999999999649,9.81,3.93,1,1,0.01,0.01,-5.475428947623578,12.19642913881415,12.052558046319646,-20.63292461413168,-271.09525985604006,579.9687103120441,0.0,1.1466971763442297,0.4032006675622567,0.0,0.558843158150157,5.073070146027039,0.0,43.52441303137098,-4.794595725062456,115.65414565099331,40.17258015588087,155.82672580687418
5.205999999999649,9.81,3.93,1,1,0.01,0.01,-5.4518478581140375,12.156285626361903,11.537545900114093,-19.529259902956245,-244.09112356738754,524.0352055692093,0.0,1.147734069459582,0.413537217340741,0.0,0.4820490156164663,5.256469743463232,0.0,42.004695521404635,-3.852076225216101,115.02505487634575,40.79085227996323,155.81590715630898
5.2079999999996485,9.81,3.93,1,1,0.01,0.01,-5.4292439438225815,12.118239913369935,11.074707808913821,-18.53375264867532,-219.10262615956722,472.19925059938635,0.0,1.1486364639082014,0.42420338099174615,0.0,0.4230973098112063,5.404390745920043,0.0,40.30883515850572,-3.1556859078078694,114.38593416629398,41.41988928235951,155.80582344865348
5.209999999999648,9.81,3.93,1,1,0.01,0.01,-5.407517403562619,12.082084987646196,10.65930387618074,-17.63668362393265,-196.71058503221417,425.71442338274267,0.0,1.1494350500372348,0.4351362191899435,0.0,0.3773966935246489,5.524404947233106,0.0,38.54371645750028,-2.6330928464065053,113.73933212001238,42.05719373294438,155.79652585295676
5.211999999999648,9.81,3.93,1,1,0.01,0.01,-5.386578657652304,12.047634893259316,10.286029032031639,-16.827089902945538,-176.96607661031737,384.7116824029065,0.0,1.1501527476059428,0.4462860489664713,0.0,0.3416382508360971,5.622307712485193,0.0,36.77417311859714,-2.234574274951593,113.08713492490351,42.700854056165824,155.78798898106933
5.213999999999648,9.81,3.93,1,1,0.01,0.01,-5.36634864696182,12.01472545436057,9.949746026390452,-16.094320885291776,-159.68518442746395,348.82167640941475,0.0,1.1508068619436134,0.4576133207959352,0.0,0.31342506064999864,5.702528950019278,0.0,35.038294645917865,-1.9257911219253354,112.43076044942632,43.349391008060536,155.78015145748685
5.215999999999648,9.81,3.93,1,1,0.01,0.01,-5.3467581443522345,11.983212897381996,9.645788533262374,-15.428686101167779,-144.59841447741348,317.49071323040437,0.0,1.151410610701614,0.4690862474423724,0.0,0.29100523079934804,5.76846969090302,0.0,33.3574256534896,-1.6828007896919766,111.77129405378157,44.00164641261415,155.7729404663957
5.217999999999647,9.81,3.93,1,1,0.01,0.01,-5.327746698674001,11.952971682864149,9.370051425257682,-14.821652498682719,-131.42237112906653,290.13271777506463,0.0,1.151974205417634,0.48067902396602824,0.0,0.2730844372832557,5.822760406181427,0.0,31.74253605062537,-1.488708445933332,111.10958140386447,44.656702731364305,155.76628413522877
5.219999999999647,9.81,3.93,1,1,0.01,0.01,-5.309261510447819,11.923892180907483,9.118982140075808,-14.265831674226476,-119.89148551398296,266.1968119145248,0.0,1.1525056222241952,0.4923704937929392,0.0,0.2586953733955515,5.867453721164705,0.0,30.198234467869636,-1.3314367548179344,110.44629213466177,45.313824691473826,155.7601168261356
5.221999999999647,9.81,3.93,1,1,0.01,0.01,-5.291256372661716,11.895878474313239,8.889530814704615,-13.754878952172268,-109.76989016559006,245.1928882618677,0.0,1.1530111558934248,0.5041431454964114,0.0,0.24710674071951377,5.904166620057165,0.0,28.725285974230047,-1.2022377161942668,109.78196418187382,45.972416604090796,155.7543807859646
5.223999999999647,9.81,3.93,1,1,0.01,0.01,-5.273690727507556,11.868846398724983,8.679087363988064,-13.283363991464245,-100.85382570149604,226.69709874857097,0.0,1.153495822235859,0.515982353403413,0.0,0.23775942342684786,5.934185186401109,0.0,27.32218904405639,-1.0946924825940367,109.1170352411329,46.631990862187536,155.74902610332043
5.2259999999996465,9.81,3.93,1,1,0.01,0.01,-5.256528850339683,11.842721845224329,8.485418579571622,-12.846640708247147,-92.96983664123103,210.34836767687355,0.0,1.1539636535597473,0.5278757981399408,0.0,0.23022133603032602,5.958541995782193,0.0,25.98616190846986,-1.0040323483669515,108.4518655254903,47.29214445050877,155.74400997599906
5.227999999999646,9.81,3.93,1,1,0.01,0.01,-5.239739154440962,11.817439313131022,8.306610757011036,-12.440728298508114,-85.9713569718188,195.84143483840137,0.0,1.1544179180119107,0.5398130205887199,0.0,0.2241551586865882,5.978073645406145,0.0,24.713757489343866,-0.926672463465339,107.78675452756417,47.952541244528,155.73929577209216
5.229999999999646,9.81,3.93,1,1,0.01,0.01,-5.223293603309664,11.792940685968317,8.141019667963981,-12.062207322413807,-79.73492774017022,182.91906597507815,0.0,1.1548612841825487,0.5517850754320123,0.0,0.21929503510142756,5.993463842047685,0.0,23.50124405233887,-0.859887750256968,107.12195356950673,48.61289853140517,155.7348521009119
5.231999999999646,9.81,3.93,1,1,0.01,0.01,-5.207167215494898,11.769174199771665,7.987227974809774,-11.708131154631602,-74.15660318614727,171.36461786659788,0.0,1.1552959459327978,0.5637842596165314,0.0,0.21542956130967905,6.005275943228223,0.0,22.34483764001988,-0.801584908975522,106.45767533819244,49.27297664071453,155.73065197890696
5.233999999999646,9.81,3.93,1,1,0.01,0.01,-5.191337647658748,11.746093574117618,7.84400945298634,-11.375951537143962,-69.14876204691694,160.99542531963073,0.0,1.1557237180096207,0.5758038976616867,0.0,0.21238923451908076,6.013977746449532,0.0,21.240840557084418,-0.7501400997242387,105.79410122567319,49.93257088881829,155.72667211449146
5.235999999999645,9.81,3.93,1,1,0.01,0.01,-5.175784843115878,11.723657279435121,7.710299137414146,-11.063456427953676,-64.63737752270322,151.65713072348916,0.0,1.1561461099841122,0.5878381704672441,0.0,0.2100370967971108,6.019960537763064,0.0,20.185720320418003,-0.7042820407647516,105.13138704716974,50.591505261760986,155.72289230893074
5.237999999999645,9.81,3.93,1,1,0.01,0.01,-5.160490734915513,11.701827917887908,7.585168486900493,-10.768718278016802,-60.55972573174531,143.21891952760754,0.0,1.156564383943746,0.5998819776951374,0.0,0.20826169098473446,6.0235538547192276,0.0,19.176151009195397,-0.6630068780118527,104.46966754297587,51.24962741723191,155.71929496020778
5.239999999999645,9.81,3.93,1,1,0.01,0.01,-5.145438994277678,11.680571698725004,7.467804735320682,-10.490051016459986,-56.86248337432962,135.5695621346143,0.0,1.1569795998913321,0.6119308262829793,0.0,0.20697170704450707,6.025037023354733,0.0,18.209031058961436,-0.6255155324840244,103.80905995744473,51.90680469673757,155.7158646541823
5.241999999999645,9.81,3.93,1,1,0.01,0.01,-5.130614816751603,11.659857992220122,7.357493707182685,-10.225974245922416,-53.50015773089874,128.61414558608269,0.0,1.1573926517562718,0.6239807394625688,0.0,0.2060918764250702,6.024648246674003,0.0,17.28148651903909,-0.5911671251661108,103.14966690960651,52.56292091840568,155.7125878280122
5.2439999999996445,9.81,3.93,1,1,0.01,0.01,-5.1160047397954695,11.639658949083572,7.253605487953763,-9.975183381903816,-50.4337943136662,122.27138222878096,0.0,1.1578042961742616,0.6360281819945353,0.0,0.20555979654111078,6.022591819499036,0.0,16.390865572643534,-0.5594440223122349,102.491578714479,53.21787377819432,155.70945249267334
5.245999999999644,9.81,3.93,1,1,0.01,0.01,-5.101596486590123,11.619949174544063,7.155582443263591,-9.736524684398976,-47.62991360399973,116.47139483346984,0.0,1.1582151756502232,0.6480699983237933,0.0,0.20532345473271374,6.019043898154335,0.0,15.534728043640268,-0.5299253642644899,101.83487527438056,53.871572729153456,155.70644800353404
5.247999999999644,9.81,3.93,1,1,0.01,0.01,-5.08737883181862,11.600705448209569,7.062929171184894,-9.50897431676391,-45.059635486788295,111.15389232578457,0.0,1.1586258373244005,0.6601033611040201,0.0,0.20533928281181135,6.014157146869798,0.0,14.710832269722648,-0.5022668470513605,101.17962763071279,54.52393723923019,155.70356486994297
5.249999999999644,9.81,3.93,1,1,0.01,0.01,-5.073341485896978,11.581906482384436,6.975204047596615,-9.291620724087567,-42.69795693066785,106.26666458149495,0.0,1.1590367482709905,0.6721257281003002,0.0,0.20557061740148552,6.008064504605135,0.0,13.917120848167865,-0.47618515463941125,100.52589924547847,55.174895351033236,155.7007945965117
5.251999999999644,9.81,3.93,1,1,0.01,0.01,-5.059474994756761,11.563532712800962,6.892012087265877,-9.083649753479452,-40.523154630136865,101.76433749041969,0.0,1.1594483080430211,0.6841348059053901,0.0,0.20598647305934203,6.000882258215902,0.0,13.151706191454794,-0.4514458802089393,99.8737470660587,55.82438248415063,155.69812955020933
5.253999999999643,9.81,3.93,1,1,0.01,0.01,-5.045770652781945,11.545566116768732,6.8129988944818525,-8.884332045148478,-38.516289573408315,97.60734036867109,0.0,1.159860859015674,0.6961285192315301,0.0,0.20656055829104936,5.992712564847839,0.0,12.412856459642649,-0.4278540865334406,99.22322241494814,56.47234043359518,155.69556284854332
5.255999999999643,9.81,3.93,1,1,0.01,0.01,-5.032220426911745,11.527990054597698,6.7378455186717945,-8.693012309703516,-36.66079485496721,93.76104683787612,0.0,1.160274694958448,0.7081049847915696,0.0,0.2072704815139107,5.983645534157838,0.0,11.69898219592701,-0.4052468781999372,98.57437173720477,57.118716527837705,155.6930882650425
5.257999999999643,9.81,3.93,1,1,0.01,0.01,-5.018816890255376,11.510789130847472,6.666264064123415,-8.509100177249183,-34.94213161267635,90.19505768841596,0.0,1.1606900681739019,0.7200624889787586,0.0,0.2080971065686349,5.973760956556585,0.0,11.00862383663095,-0.3834875188956191,97.92723723151335,57.76346291747344,155.6907001489868
5.259999999999643,9.81,3.93,1,1,0.01,0.01,-5.0055531638382345,11.493949072525437,6.597993930200672,-8.332062360626205,-33.3475008550276,86.88260024416434,0.0,1.1611071954697159,0.7319994687075032,0.0,0.20902402672345272,5.963129745093303,0.0,10.340440167900946,-0.36246074366670894,97.28185738550377,58.40653597142785,155.6883933569316
5.2619999999996425,9.81,3.93,1,1,0.01,0.01,-4.992422865323351,11.477456621823912,6.532798580505695,-8.161415921111486,-31.865601271003683,83.80002358742898,0.0,1.1615262631761072,0.7439144948977445,0.0,0.21003713313445543,5.95181514436759,0.0,9.693197739389957,-0.3420690015908044,96.63826743186324,59.04789576217006,155.6861631940333
5.263999999999642,9.81,3.93,1,1,0.01,0.01,-4.97942006373659,11.461299441371509,6.470462757320681,-7.99672246215035,-30.48642498647491,80.9263728983357,0.0,1.1619474313780593,0.7558062581809424,0.0,0.2111242590368081,5.939873748871067,0.0,9.065761207561325,-0.32222942750505407,95.99649973858628,59.68750562497509,155.68400536356137
5.265999999999642,9.81,3.93,1,1,0.01,0.01,-4.966539239376355,11.445466030291314,6.410790072181081,-7.837583106947958,-29.201084735020615,78.24302929462672,0.0,1.1623708374986748,0.767673556481579,0.0,0.21227488498767505,5.927356364635009,0.0,8.457084559541828,-0.3028713884859071,95.3565841441834,60.32533177909296,155.68191592327636
5.267999999999642,9.81,3.93,1,1,0.01,0.01,-4.95377524821464,11.42994564962143,6.353600915245665,-7.683634140371519,-28.00166712013667,75.73340407625886,0.0,1.1627965993437523,0.779515284188894,0.0,0.21347989358455338,5.9143087413990845,0.0,7.86620315711271,-0.2839344860609443,94.71854824667867,60.96134300091478,155.67989124759345
5.269999999999642,9.81,3.93,1,1,0.01,0.01,-4.941123290200998,11.41472825587173,6.298730635769069,-7.534543215710262,-26.881107618984426,73.3826783067685,0.0,1.1632248176971105,0.7913304226826073,0.0,0.21473136447786134,5.900772197282267,0.0,7.292226535739864,-0.26536692177716764,94.08241765362978,61.59551034100953,155.6779279946393
5.271999999999641,9.81,3.93,1,1,0.01,0.01,-4.9285788809681925,11.399804441672599,6.246027953871002,-7.390006043286002,-25.833083762576088,71.17758029863423,0.0,1.163655578539667,0.8031180320160064,0.0,0.21602240235637754,5.886784153800352,0.0,6.7343318930434295,-0.24712415400202073,93.44821619913762,62.22780687833175,155.67602307746938
5.273999999999641,9.81,3.93,1,1,0.01,0.01,-4.916137826511277,11.38516538262352,6.195353570271119,-7.2497434914068855,-24.85192356149713,69.10619489165357,0.0,1.1640889549522004,0.8148772435921102,0.0,0.21734699203693392,5.872378595787733,0.0,6.1917582031529825,-0.22916778932486187,92.81596613277848,62.858207506054086,155.67417363883257
5.275999999999641,9.81,3.93,1,1,0.01,0.01,-4.903796200472945,11.37080278957686,6.146578945989543,-7.113499041272371,-23.932526760104796,67.15779948440442,0.0,1.1645250087511338,0.8266072536949621,0.0,0.218699875930986,5.857586468155496,0.0,5.66380089691004,-0.21146466384850146,92.18568828456313,63.48668874440932,155.67237702897245
5.277999999999641,9.81,3.93,1,1,0.01,0.01,-4.891550323719506,11.356708865699593,6.099585228416007,-6.9810365466186886,-23.070296919601468,65.32272264911333,0.0,1.1649637918982088,0.8383073177598689,0.0,0.2200764500614523,5.842436019310108,0.0,5.1498070521562935,-0.193986078888001,91.55740220935078,64.1132285766904,155.6706307860412
5.2799999999996405,9.81,3.93,1,1,0.01,0.01,-4.87939674593525,11.342876267746206,6.054262303798649,-6.852138256501291,-22.261082670521102,63.59222186937686,0.0,1.1654053477178887,0.8499767452842207,0.0,0.2214726755189477,5.826953099356695,0.0,4.649171042930101,-0.17670716277716783,90.93112631359037,64.73780630517436,155.66893261876473
5.28199999999964,9.81,3.93,1,1,0.01,0.01,-4.867332228999727,11.329298071052769,6.010507959235553,-6.72660306593392,-21.501126753127792,61.958377519708435,0.0,1.1658497119508435,0.8616148952953828,0.0,0.2228850028169086,5.811161419832583,0.0,4.161330600996826,-0.15960633610346112,90.30687796680914,65.36040242424875,155.6672803910579
5.28399999999964,9.81,3.93,1,1,0.01,0.01,-4.85535373194372,11.31596773782727,5.968227139780147,-6.604244964375899,-20.7870216920591,60.414000680925895,0.0,1.1662969136671326,0.8732211723045236,0.0,0.22431030706227081,5.795082780595037,0.0,3.685763247586156,-0.1426648621126327,89.68467359989017,65.98099850844183,155.665672108332
5.28599999999964,9.81,3.93,1,1,0.01,0.01,-4.8434583973062795,11.302879088366787,5.927331288385713,-6.484891656468544,-20.11567113886607,58.952552775971085,0.0,1.1667469760589873,0.8847950226854674,0.0,0.22574583222688283,5.778737268569634,0.0,3.2219830574004815,-0.12586646751874622,89.06452879187415,66.59957711340348,155.66410590527764
5.28799999999964,9.81,3.93,1,1,0.01,0.01,-4.8316435387379135,11.290026274879443,5.887737758187768,-6.368383333120401,-19.484256070576397,57.56807533285401,0.0,1.1671999171299499,0.8963359314263766,0.0,0.2271891431023189,5.762143432312677,0.0,2.769537720840971,-0.10919702172961566,88.44645834675822,67.21612168817731,155.66258003493553
5.289999999999639,9.81,3.93,1,1,0.01,0.01,-4.819906629714486,11.277403757629756,5.849369288115173,-6.254571574153143,-18.89020516018042,56.2551284478416,0.0,1.1676557502945144,0.9078434192092791,0.0,0.2286380837625839,5.745318435720178,0.0,2.3280058739522613,-0.09264426471111067,87.83047636155185,67.83061649734466,155.6610928588965
5.291999999999639,9.81,3.93,1,1,0.01,0.01,-4.808245293243126,11.26500628316078,5.812153534079865,-6.143318366346082,-18.331168740949533,55.00873674305588,0.0,1.1681144849003149,0.9193170397786359,0.0,0.23009074155636478,5.7282781937022245,0.0,1.8969946688121742,-0.0761975754870528,87.21659628666873,68.4430465518258,155.65964283849453
5.293999999999639,9.81,3.93,1,1,0.01,0.01,-4.796657292455818,11.252828864376543,5.776022649060474,-6.034495222939607,-17.80499587470257,53.82434179656853,0.0,1.168576126683075,0.9307563775653166,0.0,0.23154541581177457,5.711037492214952,0.0,1.4761375600017828,-0.059847774698013965,86.60483097957973,69.05339754729283,155.65822852687256
5.295999999999639,9.81,3.93,1,1,0.01,0.01,-4.785140521998825,11.240866762294214,5.740912906299118,-5.927982392543735,-17.30971410774683,52.69776017656234,0.0,1.1690406781630436,0.9421610455367803,0.0,0.23300059056910413,5.693610094686683,0.0,1.065092285402492,-0.04358695579470199,85.99519275252838,69.66165580929417,155.65684856182256
5.2979999999996386,9.81,3.93,1,1,0.01,0.01,-4.773693000136832,11.229115469297863,5.706764360599863,-5.8236681470027225,-16.843511559825437,51.62514633957851,0.0,1.1695081389903959,0.9535306832480274,0.0,0.23445491076638314,5.676008836577379,0.0,0.6635390219032697,-0.027408340376043637,85.38769341499679,70.26780824431091,155.6555016593077
5.299999999999638,9.81,3.93,1,1,0.01,0.01,-4.762312861500074,11.217570693745216,5.67352054337349,-5.721448139135797,-16.404721043103496,50.60295976066176,0.0,1.1699785062460035,0.9648649550711064,0.0,0.23590716139297865,5.658245709561005,0.0,0.27117869868608857,-0.011306153942586628,84.78234431152299,70.87184229606984,155.65418660759283
5.301999999999638,9.81,3.93,1,1,0.01,0.01,-4.750998350410828,11.206228345795719,5.641128187634467,-5.621224822445254,-15.991805951736522,49.6279357539282,0.0,1.1704517747031193,0.9761635485837393,0.0,0.23735624920146403,5.640331936610274,0.0,-0.1122685473840692,0.004724481042935604,84.17915635538905,71.47374590652589,155.65290226191496
5.303999999999638,9.81,3.93,1,1,0.01,0.01,-4.73974781473276,11.195084524343054,5.609536979637175,-5.522906925887448,-15.60334769927458,48.69705951861398,0.0,1.170927937054691,0.9874261730999776,0.0,0.2388011866305892,5.622278039085869,0.0,-0.4870647880851442,0.020687637386858956,83.57814005863406,72.0735074810007,155.65164753963478
5.305999999999638,9.81,3.93,1,1,0.01,0.01,-4.7285597001927995,11.184135504948156,5.578699334252076,-5.42640897766562,-15.238034512220993,47.80754301042012,0.0,1.1714069841104797,0.99865255832788,0.0,0.24024107764435776,5.604093896781966,0.0,-0.8534556042295676,0.03658666286791964,82.97930555878982,72.67111585702955,155.65042141581938
5.3079999999996375,9.81,3.93,1,1,0.01,0.01,-4.717432545130681,11.173377728680077,5.548570191538802,-5.331650872747482,-14.894651414404917,46.95680429287822,0.0,1.1718889049675343,1.009842453140961,0.0,0.241675105235962,5.585788801752271,0.0,-1.211671281164095,0.05242424924745886,82.38266264268638,73.26656027652366,155.64922291921005
5.309999999999637,9.81,3.93,1,1,0.01,0.01,-4.7063649756360135,11.162807791782027,5.519106832280851,-5.2385574794531395,-14.572071259231707,46.14244907016098,0.0,1.1723736871571242,1.0209956244516942,0.0,0.2431025203821413,5.567371506632131,0.0,-1.5619279092582226,0.06820249213539181,81.78822076763348,73.85983036090175,155.64805112853523
5.311999999999637,9.81,3.93,1,1,0.01,0.01,-4.695355701036993,11.152422436088631,5.490268710512846,-5.1470582810152266,-14.269246685967918,45.36225414255608,0.0,1.1728613167708783,1.032111856176718,0.0,0.24452263226439558,5.548850268079393,0.0,-1.9044283982283434,0.08392294302348226,81.19598908024817,74.45091608888723,155.64690516913538
5.313999999999637,9.81,3.93,1,1,0.01,0.01,-4.684403509708523,11.14221854012813,5.4620173013022955,-5.057087048495846,-13.985202892533081,44.614152559827076,0.0,1.1733517785684684,1.0431909482844963,0.0,0.24593479959989806,5.530232885877302,0.0,-2.239363413226113,0.0995866545999428,80.60597643316657,75.03980777669992,155.6457842098665
5.315999999999637,9.81,3.93,1,1,0.01,0.01,-4.673507265170821,11.132193110850094,5.434315962248498,-4.9685815418646095,-13.71903113124137,43.89622027680055,0.0,1.1738450560689495,1.0542327159172868,0.0,0.2473384229467983,5.511526738174472,0.0,-2.5669122398017663,0.1151942202943377,80.01819139985122,75.62649606040563,155.64468746025685
5.317999999999636,9.81,3.93,1,1,0.01,0.01,-4.662665902452456,11.122343275925205,5.407129807336089,-4.8814832364077825,-13.469882845927925,43.20666414051105,0.0,1.1743411316275658,1.0652369885800748,0.0,0.24873293786773015,5.492738813278294,0.0,-2.8872435841254465,0.1307458088637304,79.43264228768186,76.21097188020977,155.64361416789163
5.319999999999636,9.81,3.93,1,1,0.01,0.01,-4.651878424694342,11.112666276569001,5.380425591933252,-4.795737071957841,-13.236964379209768,42.54381105973163,0.0,1.1748399864996515,1.0762036093899767,0.0,0.25011780885118867,5.473875738367566,0.0,-3.2005163142014115,0.14624119471503907,78.849337149497,76.79322646650675,155.64256361600377
5.321999999999636,9.81,3.93,1,1,0.01,0.01,-4.641143899973501,11.103159460846227,5.3541716078580714,-4.711291222712149,-13.019532187522753,41.90609822624878,0.0,1.1753416008930508,1.0871324343802784,0.0,0.2514925239040803,5.45494380544634,0.0,-3.5068801472318327,0.1616797845609121,78.26828379373582,77.37325132751685,155.64153512125267
5.323999999999636,9.81,3.93,1,1,0.01,0.01,-4.630461458327432,11.093820277416631,5.328337587553282,-4.628096885654317,-12.816888509256726,41.292064273248855,0.0,1.1758459540103137,1.0980233318538466,0.0,0.252856589740701,5.435948994823186,0.0,-3.8064762877716944,0.17706064092422572,77.68948979331455,77.95103823835703,155.64052803167158
5.3259999999996355,9.81,3.93,1,1,0.01,0.01,-4.619830288961747,11.084646269686809,5.302894616512297,-4.546108085806926,-12.628377437957942,40.7003412700384,0.0,1.1763530240818179,1.1088761817812753,0.0,0.2542095275029148,5.416896996367107,0.0,-4.099438020855677,0.1923825029362956,77.1129624933578,78.52657923141305,155.63954172477085
5.327999999999635,9.81,3.93,1,1,0.01,0.01,-4.609249637625345,11.075635070336041,5.277815053189505,-4.46528149673353,-12.453381358333267,40.12964746434038,0.0,1.1768627883907985,1.1196908752395003,0.0,0.2555508689553953,5.397793228762802,0.0,-4.385891263866979,0.20764380481502437,76.53870901789325,79.0998665878879,155.63857560578117
5.329999999999635,9.81,3.93,1,1,0.01,0.01,-4.59871880413886,11.066784396187073,5.253072455707258,-4.3855762748747065,-12.29131770779881,39.57878069385217,0.0,1.177375223291203,1.130467313887094,0.0,0.25688015310685564,5.378642856963047,0.0,-4.665955080549988,0.2228426923586733,75.9667362756087,79.67089283041668,155.63762910602537
5.331999999999635,9.81,3.93,1,1,0.01,0.01,-4.588237140063429,11.058092043395455,5.2286415147420415,-4.306953906450237,-12.141636030674409,39.046612397844456,0.0,1.177890304219159,1.141205409472827,0.0,0.25819692321458676,5.359450808014166,0.0,-4.939742160239699,0.23797703774798695,75.39705096475842,80.23965071664819,155.6367016814066
5.333999999999635,9.81,3.93,1,1,0.01,0.01,-4.57780404649796,11.049555882933468,5.204497992034194,-4.2293780657898425,-12.003815295927687,38.53208216751419,0.0,1.1784080056988293,1.1519050833743896,0.0,0.25950072413516256,5.340221785411629,0.0,-5.20735926508598,0.2530444529126611,74.82965957730327,80.80613323370227,155.63579281100556
5.335999999999634,9.81,3.93,1,1,0.01,0.01,-4.567418971994192,11.041173856346825,5.180618664020379,-4.152814484070389,-11.877361452688975,38.034192780735374,0.0,1.1789283013432357,1.1625662661644651,0.0,0.26079109998889005,5.320960282126005,0.0,-5.468907647786392,0.2680423016865684,74.26456840235394,81.37033359341874,155.63490199577268
5.337999999999634,9.81,3.93,1,1,0.01,0.01,-4.557081410579738,11.032943971764258,5.156981270136578,-4.077230827539979,-11.76180520066476,37.552005672922554,0.0,1.179451163850746,1.1731888972016566,0.0,0.262067592109504,5.301670592425029,0.0,-5.724483442104244,0.2829677109487822,73.70178352898935,81.93224522832418,155.63402875731353
5.339999999999634,9.81,3.93,1,1,0.01,0.01,-4.546790899880207,11.024864300141877,5.133564465382534,-4.002596584400491,-11.656699955119516,37.084636801042066,0.0,1.1799765649976939,1.1837729242439359,0.0,0.26332973725434405,5.282356822604501,0.0,-5.974178028235709,0.2978175809240994,73.14131084850862,82.49186178824564,155.63317263675427
5.341999999999634,9.81,3.93,1,1,0.01,0.01,-4.536547019332234,11.016932971725726,5.110347776776949,-3.928882959601283,-11.561619988329078,36.63125286248319,0.0,1.1805044756276624,1.1943183030825586,0.0,0.2645770660531521,5.263022900729547,0.0,-6.218078374898589,0.3125885947961907,72.58315605617592,83.049177137508,155.6323331936839
5.3439999999996335,9.81,3.93,1,1,0.01,0.01,-4.526349388480002,11.009148172717412,5.087311563366924,-3.8560627768691407,-11.476158731370688,36.191067834614955,0.0,1.1810348656378904,1.2048249971945555,0.0,0.2658091016762493,5.243672585477664,0.0,-6.456267359843364,0.3272772277686606,72.0273246525094,83.6041853526568,155.6315100051662
5.345999999999633,9.81,3.93,1,1,0.01,0.01,-4.516197665348443,11.001508142128948,5.064436979485648,-3.7841103873642177,-11.39992722183985,35.76333980448051,0.0,1.1815677039632135,1.2152929774120773,0.0,0.2670253587052388,5.224309474166194,0.0,-6.688824070332559,0.34187975569380835,71.47382194416367,84.15688072065151,155.6307026648152
5.347999999999633,9.81,3.93,1,1,0.01,0.01,-4.5060915448869165,10.994011168814135,5.041705940979607,-3.7130015844095245,-11.332552684605176,35.347368061282346,0.0,1.1821029585579357,1.2257222216070498,0.0,0.26822534219121347,5.204937010039032,0.0,-6.915824084995137,0.35639226337498864,70.92265304445112,84.70725773747955,155.62991078193068
5.349999999999633,9.81,3.93,1,1,0.01,0.01,-4.4960307574776674,10.986655588664812,5.019101094150993,-3.642713523793345,-11.273677234053661,34.942490427142104,0.0,1.182640596375991,1.2361127143897161,0.0,0.2694085468872497,5.1855584888804165,0.0,-7.137339738337526,0.3708106526364317,70.3738228735432,85.25531110714414,155.62913398068736
5.351999999999633,9.81,3.93,1,1,0.01,0.01,-4.486015067503889,10.979439781961332,4.9966057871828715,-3.5732246491904265,-11.222956687461965,34.548080804124446,0.0,1.1831805833497366,1.2464644468197963,0.0,0.27057445664329144,5.166177065017534,0.0,-7.3534403690795935,0.3851306502433638,69.82733615839217,85.80103574098328,155.62837189937545
5.353999999999632,9.81,3.93,1,1,0.01,0.01,-4.476044271972625,10.972362170867411,4.974204043834342,-3.504514622289551,-11.18005948017796,34.16354691773953,0.0,1.1837228843676815,1.2567774161290761,0.0,0.27172254395300016,5.146795756768089,0.0,-7.564192553382291,0.3993478157458559,69.28319743240858,86.34442675727811,155.62762418968668
5.355999999999632,9.81,3.93,1,1,0.01,0.01,-4.4661181991881795,10.965421217060326,4.9518805392106,-3.4365642572526403,-11.144665674220969,33.78832823911078,0.0,1.1842674632514574,1.2670516254543993,0.0,0.2728522696429365,5.1274174513842485,0.0,-7.76966032394192,0.41345754931069606,68.74141103492997,86.88547948111469,155.62689051604465
5.357999999999632,9.81,3.93,1,1,0.01,0.01,-4.45623670747206,10.958615419488169,4.929620577428765,-3.3693554591644044,-11.116466052730935,33.42189406975305,0.0,1.1848142827322947,1.2772870835800652,0.0,0.2739630826956411,5.108044909539825,0.0,-7.969905375842908,0.42745509959801614,68.20198111051236,87.42418944446172,155.62617055497407
5.359999999999632,9.81,3.93,1,1,0.01,0.01,-4.446399683925834,10.951943312246453,4.907410071014731,-3.302871166162036,-11.095161293423766,33.06374177447132,0.0,1.1853633044272787,1.2874838046888009,0.0,0.2750544201987397,5.088680769403801,0.0,-8.164987259986598,0.44133557173185256,67.66491160807475,87.96055238643325,155.62546399450798
5.3619999999996315,9.81,3.93,1,1,0.01,0.01,-4.4366070432335825,10.945403462567027,4.885235521879314,-3.237095294962026,-11.080461214854552,32.71339514928517,0.0,1.1859144888156232,1.297641808120483,0.0,0.2761257074130355,5.06932755033972,0.0,-8.354963564845924,0.45509393540739207,67.13020627992594,88.49456425370299,155.62477053362892
5.363999999999631,9.81,3.93,1,1,0.01,0.01,-4.4268587265009485,10.938994468912753,4.863084003733818,-3.1720126895260923,-11.072084089863607,32.370402912532576,0.0,1.1864677952151816,1.307761118137933,0.0,0.27717635795291806,5.049987656267248,0.0,-8.539890087234918,0.4687250331711971,66.59786868069871,89.02622120104311,155.62408988174184
5.365999999999631,9.81,3.93,1,1,0.01,0.01,-4.417154700128015,10.932714959171916,4.840943145815829,-3.10760907263076,-11.069756021089427,32.03433730842318,0.0,1.187023181759434,1.3178417636991093,0.0,0.27820577407312436,5.030663378719529,0.0,-8.719820992727323,0.48222358890533795,66.06790216621899,89.55551959195796,155.62342175817696
5.367999999999631,9.81,3.93,1,1,0.01,0.01,-4.407494954713527,10.92656358894676,4.8188011178058385,-3.0438710001255878,-11.073210373884622,31.704792813310952,0.0,1.1875806053751576,1.3278837782351594,0.0,0.2792133470559751,5.011356899627219,0.0,-8.894808966308785,0.49558421654049795,65.54030989233227,90.08245599938903,155.62276589172131
5.369999999999631,9.81,3.93,1,1,0.01,0.01,-4.397879503988176,10.920539039930999,4.79664661582423,-2.980785817683568,-11.082187262373663,31.38138493585376,0.0,1.1881400217609426,1.3378871994337647,0.0,0.280198457693865,4.992070293857827,0.0,-9.064905353802299,0.5088014290186198,65.01509481370977,90.6070272064641,155.62212202017386
5.37199999999963,9.81,3.93,1,1,0.01,0.01,-4.388308383774906,10.914640018371472,4.774468849406282,-2.9183416198640852,-11.096433084749604,31.063749103034205,0.0,1.1887013853667914,1.3478520690273683,0.0,0.28116047686166945,4.9728055315368715,0.0,-9.23016029456625,0.5218696475202496,64.49225968265681,91.12923020727034,155.62148988992715
5.37399999999963,9.81,3.93,1,1,0.01,0.01,-4.3787816509743624,10.908865253609509,4.752257529360363,-2.8565272113241185,-11.115700104226113,30.751539624741497,0.0,1.1892646493749244,1.357778432585829,0.0,0.2820987661742615,4.953564480175386,0.0,-9.390622845927815,0.5347832109677666,63.971807047941795,91.64906220762748,155.6208692555693
5.37599999999963,9.81,3.93,1,1,0.01,0.01,-4.369299382573815,10.903213496697845,4.730002856421336,-2.795332070027316,-11.139746072346131,30.44442873026876,0.0,1.1898297656819923,1.3676663393131658,0.0,0.28301267872424973,4.934348906626558,0.0,-9.546341099781484,0.5475363858109581,63.45373925366601,92.16652062584222,155.62025987950824
5.37799999999963,9.81,3.93,1,1,0.01,0.01,-4.359861674678056,10.897683519089238,4.707695510617551,-2.7347463123132614,-11.168333891602046,30.142105670669807,0.0,1.1903966848828462,1.377515841848064,0.0,0.28390155989525134,4.91516047889268,0.0,-9.697362291752775,0.5601233760974246,62.938058438191305,92.68160309342437,155.6196615316157
5.3799999999996295,9.81,3.93,1,1,0.01,0.01,-4.350468641560904,10.892274111393194,4.685326641275651,-2.6747606597008144,-11.20123131454915,29.844275881453093,0.0,1.1909653562559896,1.3873269960678583,0.0,0.28476474824613696,4.896000767801999,0.0,-9.84373290330005,0.5725383338264657,62.424766533142176,93.19430745574633,155.6190739888885
5.381999999999629,9.81,3.93,1,1,0.01,0.01,-4.341120414736126,10.886984082197444,4.662887857592863,-2.615366407309973,-11.238210676797149,29.55066020057315,0.0,1.1915357277508822,1.397099860895758,0.0,0.28560157646162265,4.876871248573754,0.0,-9.985498757103317,0.5847753695811253,61.913865262498405,93.70463177263,155.6184970351284
5.383999999999629,9.81,3.93,1,1,0.01,0.01,-4.331817142046703,10.881812256951054,4.640371219711464,-2.556555393796328,-11.279048661445492,29.260994137117,0.0,1.1921077459771903,1.4068344981111036,0.0,0.28641137236470293,4.857773302288324,0.0,-10.122705106066693,0.5968285634296705,61.40535614179185,94.21257431884499,155.61793046063684
5.385999999999629,9.81,3.93,1,1,0.01,0.01,-4.322558986771487,10.876757476906231,4.617769230234845,-2.4983199727009886,-11.323526092691647,28.975027186480695,0.0,1.19268135619614,1.4165309721624826,0.0,0.28719345998639423,4.8387082172782705,0.0,-10.25539671624143,0.6086919760843064,60.89924047742244,94.71813358450362,155.61737406192606
5.387999999999629,9.81,3.93,1,1,0.01,0.01,-4.313346126748439,10.871818598116091,4.5950748261289664,-2.4406529851269063,-11.371427756486188,28.69252218819003,0.0,1.19325650231404,1.4261893499835678,0.0,0.28794716068818527,4.819677190454767,0.0,-10.383617943958134,0.6203596603015475,60.39551936610339,95.22130827534005,155.61682764144345
5.389999999999628,9.81,3.93,1,1,0.01,0.01,-4.3041787535137255,10.866994490485812,4.572281370957132,-2.383547733659868,-11.422542246241761,28.41325472285045,0.0,1.1938331268781215,1.4358097008115407,0.0,0.28867179433277906,4.800681328583106,0.0,-10.507412807441114,0.6318256725060483,59.894193694450856,95.7220973128593,155.61629100731017
5.391999999999628,9.81,3.93,1,1,0.01,0.01,-4.29505707145604,10.862284036874769,4.549382647399863,-2.326997957459173,-11.476661831719005,28.137012545006357,0.0,1.1944111710747438,1.4453920960080429,0.0,0.28936668049833303,4.781721649519626,0.0,-10.62682505316206,0.6430840846160395,59.395264138724606,96.22049983434741,155.615763973072
5.393999999999628,9.81,3.93,1,1,0.01,0.01,-4.285981296985651,10.857686132247373,4.526372850015307,-2.270997808449156,-11.53358234932211,27.863595048966975,0.0,1.1949905747300813,1.4549366088825626,0.0,0.29003113973176375,4.762799083421754,0.0,-10.741898217177761,0.654128996046669,58.89873116473231,96.71651519272993,155.61524635746224
5.395999999999628,9.81,3.93,1,1,0.01,0.01,-4.276951657717713,10.853199682870484,4.5032465781990485,-2.215541828548367,-11.593103112131523,27.592812764901396,0.0,1.1955712763133457,1.4644433145182227,0.0,0.2906644948363589,4.743914473941718,0.0,-10.852675681683635,0.6649545458643877,58.40459502790503,97.2101429562707,155.61473798417575
5.3979999999996275,9.81,3.93,1,1,0.01,0.01,-4.267968391669495,10.848823605555364,4.479998829305441,-2.1606249278783625,-11.655026838091072,27.324486882735304,0.0,1.1961532129426165,1.4739122895999586,0.0,0.2912660721890021,4.725068579413733,0.0,-10.95920072700411,0.6755549250634153,57.912855773551414,97.7013829081026,155.614238681654
5.399999999999627,9.81,3.93,1,1,0.01,0.01,-4.259031746471234,10.844556826942293,4.4566249918956755,-2.1062423638988084,-11.719159594847214,27.05844880159053,0.0,1.1967363203933306,1.4833436122450596,0.0,0.2918352030823551,4.706262074043592,0.0,-11.061516579230528,0.6859243889333558,57.423513237298046,98.19023504558203,155.61374828288007
5.401999999999627,9.81,3.93,1,1,0.01,0.01,-4.250141978590394,10.84039828282602,4.433120839080705,-2.0523897214199,-11.785310759811699,26.79453970269816,0.0,1.1973205331094785,1.4927373618361115,0.0,0.2923712250871641,4.687495549108765,0.0,-11.159666453707924,0.6960572694847816,56.93656704572145,98.67669957946167,155.61326662518312
5.403999999999627,9.81,3.93,1,1,0.01,0.01,-4.24129935256916,10.836346917520354,4.409482521929971,-1.9990628934470747,-11.853292994088417,26.53261014389382,0.0,1.1979057842175354,1.5020936188563403,0.0,0.2928734834300288,4.6687695141763825,0.0,-11.253693594563526,0.7059479878983601,56.45201661717698,99.16077693287471,155.6127935500517
5.405999999999627,9.81,3.93,1,1,0.01,0.01,-4.232504140275085,10.832401683260262,4.385706562919489,-1.94625806281661,-11.922922228967751,26.272519673962545,0.0,1.198492005543165,1.511412464727432,0.0,0.29334133238173393,4.650084398345693,0.0,-11.343641310461846,0.7155910669610994,55.969861162828536,99.64246774012753,155.61232890295605
5.407999999999626,9.81,3.93,1,1,0.01,0.01,-4.223756620164809,10.828561539639947,4.361789849395419,-1.8939716845840149,-11.99401766375194,26.014136465250928,0.0,1.199079127630712,1.5206939816498592,0.0,0.2937741366514616,4.631440551520928,0.0,-11.429553006764083,0.7249811434525683,55.49009968788301,100.1217728452961,155.6118725331791
5.409999999999626,9.81,3.93,1,1,0.01,0.01,-4.21505707656086,10.824825453085419,4.337729627031642,-1.8422004691301486,-12.066401773729837,25.757336963098773,0.0,1.1996670797654678,1.5299382524457892,0.0,0.294171272782079,4.612838245719659,0.0,-11.511472214262298,0.7341129804426443,55.01273099303042,100.5986933006233,155.61142429365373
5.411999999999626,9.81,3.93,1,1,0.01,0.01,-4.206405798941559,10.82119239636016,4.31352349326218,-1.7909413659527675,-12.139900327173072,25.502005550769827,0.0,1.2002557899987387,1.5391453604046446,0.0,0.2945321305417874,4.594277676421309,0.0,-11.589442614653198,0.7429814794617488,54.53775367609312,101.0732303647157,155.61098404080883
5.413999999999626,9.81,3.93,1,1,0.01,0.01,-4.197803081244105,10.817661348102558,4.2891693906715105,-1.740191548113729,-12.214342410275114,25.248034228675145,0.0,1.2008451851756923,1.5483153891314188,0.0,0.2948561143073559,4.575758963959593,0.0,-11.663508062909779,0.75158169250378,54.06516613388358,101.54538550053891,155.6105516344225
5.415999999999626,9.81,3.93,1,1,0.01,0.01,-4.189249221180926,10.814231292393796,4.264665600327917,-1.689948397314378,-12.289560459003045,24.99532230679074,0.0,1.201435190965935,1.5574484223978025,0.0,0.29514264443441574,4.557282154962116,0.0,-11.733712606703683,0.7599088338221962,53.594966564270294,102.01516037321022,155.61012693748052
5.417999999999625,9.81,3.93,1,1,0.01,0.01,-4.180744519569438,10.810901218355001,4.240010735047053,-1.6402094895737511,-12.365390296878362,24.743776109268815,0.0,1.2020257318968421,1.5665445439962564,0.0,0.29539115861010845,4.538847223839873,0.0,-11.800100503026107,0.7679582914790736,53.127152968452684,102.4825568475903,155.609709816043
5.419999999999625,9.81,3.93,1,1,0.01,0.01,-4.17228927967535,10.807670119772444,4.215203732574799,-1.5909725814861264,-12.441671177747704,24.493308690332764,0.0,1.2026167313895557,1.5756038375971064,0.0,0.295601113183665,4.5204540743286,0.0,-11.862716232149609,0.7757256386077052,52.6617231534414,102.94757698567486,155.60930013911627
5.421999999999625,9.81,3.93,1,1,0.01,0.01,-4.163883806569698,10.804536994749666,4.190243848680336,-1.5422355970361998,-12.51824583264791,24.243839560629368,0.0,1.2032081117976192,1.5846263866087782,0.0,0.2957719844704696,4.502102541083503,0.0,-11.921604509068597,0.7832066443494888,52.19867473474277,103.41022304378825,155.608897778531
5.423999999999625,9.81,3.93,1,1,0.01,0.01,-4.155528406499787,10.801500845385428,4.165130650152117,-1.4939966149517279,-12.594960519913622,23.995294423290474,0.0,1.2037997944481948,1.5936122740412744,0.0,0.29590327002536576,4.483792391328336,0.0,-11.97681029255182,0.790397284426817,51.7380051392438,103.87049746958226,155.60850260882606
5.4259999999996245,9.81,3.93,1,1,0.01,0.01,-4.147223386274235,10.798560677476445,4.139864007691049,-1.446253856574911,-12.671665077716222,23.747604919025292,0.0,1.2043916996857864,1.602561582373002,0.0,0.29599448988102184,4.4655233265592305,0.0,-12.02837879193535,0.7972937513144532,51.27971160829417,104.32840289884305,155.60811450713723
5.427999999999624,9.81,3.93,1,1,0.01,0.01,-4.138969052662351,10.79571550024386,4.11444408869682,-1.3990056742350756,-12.748212978265704,23.500708379632236,0.0,1.2049837469184068,1.6114743934210694,0.0,0.29604518774732413,4.447294984303244,0.0,-12.076355471780744,0.8038924639731027,50.82379120098043,104.7839421521116,155.60773335309204
5.429999999999624,9.81,3.93,1,1,0.01,0.01,-4.1307657118080385,10.792964326082497,4.0888713499447675,-1.3522505401063802,-12.824461382947101,23.254547589378355,0.0,1.2055758546660975,1.6203507882151507,0.0,0.2960549321679914,4.429106939931074,0.0,-12.120786054518563,0.8101900771104596,50.37024079758757,105.23711823112136,155.6073590287089
5.431999999999624,9.81,3.93,1,1,0.01,0.01,-4.12261366865846,10.79030617033192,4.06314653015211,-1.305987035535311,-12.900271197704429,23.009070553751187,0.0,1.2061679406117212,1.6291908468750265,0.0,0.296023317630717,4.41095870852299,0.0,-12.161716521193618,0.8161834899364877,49.9190571032425,105.68793431505915,155.60699141830165
5.433999999999624,9.81,3.93,1,1,0.01,0.01,-4.114513226407679,10.787740051068377,4.037270642433717,-1.2602138408236778,-12.975507128024793,22.764230275138065,0.0,1.2067599216539207,1.6379946484919166,0.0,0.29594996562732523,4.392849746786549,0.0,-12.199193110424345,0.8218698543814812,49.47023665173239,106.13639375665585,155.60663040838824
5.435999999999623,9.81,3.93,1,1,0.01,0.01,-4.106464685955501,10.785264988916742,4.011244966648813,-1.2149297254536595,-13.05003773291579,22.519984535035803,0.0,1.207351713962144,1.6467622710136887,0.0,0.29583452566071056,4.374779455024312,0.0,-12.233262315684863,0.827246582747693,49.02377580949168,106.58250007811253,155.60627588760423
5.437999999999623,9.81,3.93,1,1,0.01,0.01,-4.098468345381727,10.782880006881564,3.985071041641211,-1.1701335387421978,-13.123735477308964,22.27629568243661,0.0,1.2079432330336304,1.6554937911340617,0.0,0.29567667619542315,4.356747179149402,0.0,-12.263970881014622,0.8323113547671639,48.57967077975026,107.02625696686985,155.60592774662013
5.439999999999623,9.81,3.93,1,1,0.01,0.01,-4.09052449943603,10.780584130196399,3.95875065737676,-1.1258242009127095,-13.19647678236156,22.03313042807561,0.0,1.2085343937522384,1.6641892841858756,0.0,0.2954761255491195,4.338752212746397,0.0,-12.291365795256942,0.8370621240410935,48.137917606835344,107.46766827122819,155.60558587806355
5.441999999999623,9.81,3.93,1,1,0.01,0.01,-4.0826334390436525,10.778376386190585,3.932285846982698,-1.0820006945726772,-13.268142073168105,21.790459644261414,0.0,1.2091251104489957,1.6728488240385335,0.0,0.29523261272221324,4.320793799174697,0.0,-12.315494284924055,0.8414971238382409,47.698512180618664,107.9067379958262,155.60525017644488
5.4439999999996225,9.81,3.93,1,1,0.01,0.01,-4.074795450827128,10.776255804172665,3.9056788786945535,-1.038662056586204,-13.338615823432356,21.548258170044335,0.0,1.2097152969642408,1.6814724829996888,0.0,0.29494590816337996,4.302871133711271,0.0,-12.336403805782924,0.8456148722326515,47.26145024109998,108.34347029698675,155.60492053808673
5.445999999999622,9.81,3.93,1,1,0.01,0.01,-4.067010816644183,10.774221415329684,3.878932247717087,-0.9958073703310744,-13.407786596688727,21.306504621507145,0.0,1.2103048667112384,1.6900603317212533,0.0,0.294615814468811,4.284983365729409,0.0,-12.354142033252783,0.8494141765636869,46.826727383119504,108.7778694779381,155.6045968610576
5.447999999999622,9.81,3.93,1,1,0.01,0.01,-4.059279813142012,10.772272252641587,3.8520486680065558,-0.9534357583302738,-13.47554708370027,21.065181206989173,0.0,1.2108937327411118,1.6986124391097999,0.0,0.29424216701331996,4.2671296009098,0.0,-12.36875685170166,0.8528941372039842,46.39433906118793,109.20993998392066,155.6042790451086
5.449999999999622,9.81,3.93,1,1,0.01,0.01,-4.051602711328042,10.770407350809993,3.825031063982289,-0.9115463752482623,-13.54179413569867,20.82427354708127,0.0,1.211481807808985,1.7071288722414066,0.0,0.29382483451177877,4.249308903480203,0.0,-12.380296342726552,0.8560541506241561,45.9642805944271,109.63968639718665,155.60396699161376
5.451999999999622,9.81,3.93,1,1,0.01,0.01,-4.0439797761573555,10.768625746200621,3.797882562176193,-0.8701384012426088,-13.606428793167755,20.58377049924878,0.0,1.2120690044411602,1.715609696281021,0.0,0.293363719509442,4.231520298479586,0.0,-12.38880877249799,0.858893911745405,45.53654717160935,110.06711343190463,155.603660603514
5.453999999999621,9.81,3.93,1,1,0.01,0.01,-4.036411266136857,10.766926476798664,3.770606482829368,-0.8292110356618546,-13.669356309909963,20.3436639869617,0.0,1.2126552350032074,1.7240549744063536,0.0,0.2928587588002391,4.213762774042654,0.0,-12.394342578247272,0.8614134155749008,45.11113385628691,110.49222592897593,155.60335978526285
5.455999999999621,9.81,3.93,1,1,0.01,0.01,-4.0288974329462945,10.765308582176422,3.7432063314454984,-0.7887634910806977,-13.730486172169872,20.10394883322747,0.0,1.2132404117688376,1.732464767736386,0.0,0.2923099237720726,4.1960352837004855,0.0,-12.396946353971462,0.8636129581208106,44.68803559200265,110.91502885077566,155.6030644427783
5.457999999999621,9.81,3.93,1,1,0.01,0.01,-4.021438521076212,10.763771103472545,3.7156857903111042,-0.7487949876637836,-13.789732112624543,19.864622598437755,0.0,1.2138244469893573,1.7408391352644585,0.0,0.2917172206788087,4.178336748692772,0.0,-12.39666883542788,0.8654931365879072,44.267247207568616,111.33552727582506,155.60277448339366
5.459999999999621,9.81,3.93,1,1,0.01,0.01,-4.014034767482881,10.762313083382217,3.6880487099930765,-0.7093047478495527,-13.847012119084756,19.625685422455042,0.0,1.2144072529636278,1.749178133796018,0.0,0.29108069083851024,4.16066606028736,0.0,-12.39355888448785,0.8670548488564167,43.848763422406584,111.75372639340803,155.6024898158146
5.4619999999996205,9.81,3.93,1,1,0.01,0.01,-4.006686401260254,10.760933566157673,3.660299100824207,-0.6702919913457276,-13.902248437783955,19.387139870875775,0.0,1.2149887421083259,1.7574818178909943,0.0,0.2904004107580494,4.143022082102455,0.0,-12.38766547291574,0.8682992922505683,43.43257885193698,112.16963149813998,155.60221035007697
5.46399999999962,9.81,3.93,1,1,0.01,0.01,-3.9993936433289465,10.759631597618402,3.6324411243876296,-0.6317559304281423,-13.955367571164306,19.14899078541788,0.0,1.2155688270283855,1.7657502398108273,0.0,0.28967649218431546,4.125403652427018,0.0,-12.379037665637322,0.8692279616055764,43.01868801300807,112.58324798449995,155.601935997508
5.46599999999962,9.81,3.93,1,1,0.01,0.01,-3.9921567061422505,10.758406225170468,3.6044790850112465,-0.5936957655347086,-14.00630027010051,18.911245138389503,0.0,1.2161474205874723,1.7739834494701197,0.0,0.2889090820825893,4.107809586534826,0.0,-12.367724603558614,0.8698426466448098,42.607085329354796,112.99458134133496,155.60166667068975
5.46799999999962,9.81,3.93,1,1,0.01,0.01,-3.984975793409128,10.757256497834357,3.576417421283297,-0.5561106811463948,-14.0549815205315,18.673911891202508,0.0,1.2167244359783425,1.7821814943929208,0.0,0.2880983625427875,4.090238678987678,0.0,-12.353775485993816,0.870145428681173,42.197765137077575,113.4036371463479,155.60140228342547
5.46999999999962,9.81,3.93,1,1,0.01,0.01,-3.977851099834152,10.756181466280768,3.5482606976002566,-0.5189998419471584,-14.101350524499104,18.437001856900892,0.0,1.2172997867929323,1.7903444196735874,0.0,0.2872445506146859,4.072689705923272,0.0,-12.337239552758476,0.8701386766597436,41.7907216901302,113.81042106057681,155.60114275070703
5.471999999999619,9.81,3.93,1,1,0.01,0.01,-3.9707828108743044,10.755180182873831,3.520013595758237,-0.4823623892548269,-14.145350675620248,18.200527566679586,0.0,1.2178733870920655,1.798472267942218,0.0,0.28634789807325567,4.055161427323441,0.0,-12.318166065981933,0.8698250425604805,41.38594916580918,114.21493882287719,155.60088798868637
5.473999999999619,9.81,3.93,1,1,0.01,0.01,-3.9637711025125437,10.754251701721177,3.4916809065989636,-0.44619743771497,-14.186929529044962,17.964503140372,0.0,1.218445151474604,1.8065650793345824,0.0,0.2854086911157028,4.037652589258346,0.0,-12.296604291690361,0.8692074561827844,40.983441670232715,114.61719624441446,155.60063791464717
5.475999999999619,9.81,3.93,1,1,0.01,0.01,-3.956816141048012,10.753395078730387,3.46326752172129,-0.4105040722498426,-14.226038765977155,17.728944160888577,0.0,1.2190149951459461,1.8146228914665303,0.0,0.28442724999175695,4.020161926102578,0.0,-12.27260348120999,0.8682891193350288,40.58319324380225,115.01719920317821,155.60039244698046
5.477999999999619,9.81,3.93,1,1,0.01,0.01,-3.949918082902746,10.752609371671275,3.4347784252690285,-0.3752813452545135,-14.262634152858208,17.493867552589272,0.0,1.2195828339856933,1.822645739412785,0.0,0.2834039285692015,4.002688162718929,0.0,-12.246212852437324,0.8670734994548946,40.18519786663512,115.4149536385248,155.60015150515994
5.4799999999996185,9.81,3.93,1,1,0.01,0.01,-3.9430770744447297,10.751893640243548,3.406218685805653,-0.34052827403232766,-14.296675495335279,17.25929146357583,0.0,1.220148584614419,1.8306336556900802,0.0,0.2823391138366212,3.9852300166061423,0.0,-12.217481571022084,0.8655643226875089,39.789449463962676,115.81046554575887,155.59991500972154
5.481999999999618,9.81,3.93,1,1,0.01,0.01,-3.936293251827099,10.751246946149362,3.3775934482861607,-0.3062438384618773,-14.328126587155536,17.025235151887554,0.0,1.2207121644593442,1.8385866702445446,0.0,0.2812332253456512,3.9677862000066413,0.0,-12.186458731505308,0.8637655664504238,39.39594191148154,116.2037409707609,155.59968288224246
5.483999999999618,9.81,3.93,1,1,0.01,0.01,-3.9295667408432995,10.750668353170315,3.34890792613609,-0.27242697888768974,-14.356955154147128,16.791718875586533,0.0,1.2212734918188681,1.8465048104432642,0.0,0.2800867145950941,3.9503554219708668,0.0,-12.15319333845447,0.8616814515156808,39.004669040653475,116.59478600466966,155.59945504532314
5.485999999999618,9.81,3.93,1,1,0.01,0.01,-3.9228976567979674,10.75015692724845,3.3201673934473446,-0.2390765942268689,-14.383132793463538,16.55876378671535,0.0,1.221832485925803,1.8543881010699295,0.0,0.27890006435943937,3.9329363903747003,0.0,-12.11773428763459,0.8593164336405366,38.61562464394383,116.98360677862728,155.5992314225711
5.487999999999618,9.81,3.93,1,1,0.01,0.01,-3.9162861043932993,10.749711736570818,3.291377177300105,-0.20619154028396375,-14.406634908284182,16.326391829109845,0.0,1.222389067009201,1.8622365643244552,0.0,0.27767378796450704,3.915527813886769,0.0,-12.080130347252894,0.8566751947796811,38.228802479991096,117.37020945859358,155.59901193858468
5.489999999999617,9.81,3.93,1,1,0.01,0.01,-3.9097321776306404,10.749331851657232,3.262542650219715,-0.17377062826637193,-14.427440638177256,16.094625640047386,0.0,1.2229431563547015,1.870050219826504,0.0,0.27640842851289554,3.8981284038827164,0.0,-12.040430139313111,0.853762633912193,37.84419627870187,117.75460024023829,155.59879651894016
5.491999999999617,9.81,3.93,1,1,0.01,0.01,-3.9032359597270188,10.749016345450777,3.2336692227769945,-0.14181262349262913,-14.44553278534369,15.863488455708707,0.0,1.2234946763632588,1.8778290846227568,0.0,0.2751045580622736,3.8807368763035273,0.0,-11.998682121113095,0.8505838575179777,37.461799746262166,118.13678534391592,155.5985850901781
5.493999999999617,9.81,3.93,1,1,0.01,0.01,-3.8967975230463288,10.748764293410726,3.2047623363399995,-0.11031624428598164,-14.460897736971084,15.633004020428771,0.0,1.2240435506082048,1.885573173197864,0.0,0.2737627767593343,3.863351953455472,0.0,-11.954934566918727,0.8471441697380269,37.08160657006118,118.51677100973163,155.5983775797928
5.495999999999617,9.81,3.93,1,1,0.01,0.01,-3.8904169290448527,10.748574773607492,3.175827455984762,-0.07928016104569048,-14.473525383936218,15.4031964997092,0.0,1.2245897038905196,1.8932824974889229,0.0,0.2723837119325835,3.8459723657492026,0.0,-11.909235549844539,0.8434490622540454,36.70361042351921,118.89456349270242,155.59817391622164
5.4979999999996165,9.81,3.93,1,1,0.01,0.01,-3.8840942282307966,10.748446866819258,3.146870063572073,-0.04870299548857436,-14.48340903610208,15.174090396961741,0.0,1.2251330622922576,1.9009570669033748,0.0,0.27096801714700236,3.828596853375962,0.0,-11.861632923970708,0.839504203922596,36.3278049708154,119.27016905802026,155.59797402883567
5.499999999999616,9.81,3.93,1,1,0.01,0.01,-3.8778294601375007,10.748379656629965,3.1178956509968705,-0.01858332005336238,-14.49054533446159,14.945710473948747,0.0,1.2256735532280474,1.908596888340195,0.0,0.26951637122374367,3.8112241679189927,0.0,-11.81217430672411,0.8353154301991425,35.95418387150979,119.64359397642227,155.59777784793206
5.501999999999616,9.81,3.93,1,1,0.01,0.01,-3.8716226533099722,10.748372229528332,3.0889097136162738,0.011080342539500639,-14.49493416038522,14.718081674883575,0.0,1.226211105494595,1.9162019662142247,0.0,0.26802947722809334,3.7938530738984797,0.0,-11.7609070615498,0.8308887323873566,35.58274078505441,120.01484451967151,155.59758530472592
5.503999999999616,9.81,3.93,1,1,0.01,0.01,-3.8654738253043814,10.748423675007615,3.0599177438618086,0.04028951957987538,-14.496578542232752,14.491229054149718,0.0,1.2267456493181352,1.9237723024835458,0.0,0.266508061428797,3.7764823502486067,0.0,-11.707878280897832,0.8262302467482713,35.21346937518933,120.38392695615514,155.59739633134447
5.505999999999616,9.81,3.93,1,1,0.01,0.01,-3.8593829827001422,10.748533085665795,3.0309252250408214,0.06904578851897047,-14.495484559591924,14.265177707594708,0.0,1.227277116399778,1.9313078966797206,0.0,0.26495287223206637,3.7591107917255555,0.0,-11.653134769549034,0.8213462435040647,34.84636331421966,120.75084754660122,155.5972108608209
5.507999999999615,9.81,3.93,1,1,0.01,0.01,-3.853350121124199,10.74869955730594,3.0019376253315704,0.0973507769865074,-14.491661245407311,14.039952707350595,0.0,1.2278054399586988,1.9388087459407937,0.0,0.26336467909334954,3.741737210245447,0.0,-11.596723028301742,0.816243115769961,34.481416287169615,121.11561253992005,155.59702882708967
5.509999999999615,9.81,3.93,1,1,0.01,0.01,-3.8473752252871245,10.748922189036477,2.9729603919759526,0.12520616268101065,-14.485120486262506,13.815579040129585,0.0,1.2283305547731291,1.9462748450468865,0.0,0.26174427141011974,3.724360436151482,0.0,-11.538689238040286,0.8109273684475913,34.1186219958102,121.47822816917156,155.59685016498176
5.511999999999615,9.81,3.93,1,1,0.01,0.01,-3.8414582690306327,10.749200083371118,2.9439989456732913,0.15261367314011892,-14.47587692107724,13.592081548940083,0.0,1.2288523972191199,1.9537061864582608,0.0,0.2600924573987588,3.706979319409788,0.0,-11.479079244204806,0.8054056071118505,33.75797416255828,121.83870064766262,155.5966748102209
5.513999999999615,9.81,3.93,1,1,0.01,0.01,-3.8355992153861003,10.749532346328209,2.9150586751781,0.1795750853977008,-14.463947838478363,13.369484878164709,0.0,1.2293709053070505,1.9611027603557083,0.0,0.25841006295862096,3.6895927307336525,0.0,-11.417938541680458,0.7996845269224664,33.39946653424414,122.19703616517651,155.59650269942065
5.5159999999996145,9.81,3.93,1,1,0.01,0.01,-3.8297980166436876,10.749918087529299,2.8861449321042167,0.2060922255344374,-14.449353073100479,13.147813421939038,0.0,1.2298860187158427,1.9684645546831014,0.0,0.2566979305263812,3.672199562636001,0.0,-11.355312260122824,0.7937709015906511,33.04309288574508,122.55324088433589,155.59633377008097
5.517999999999614,9.81,3.93,1,1,0.01,0.01,-3.8240546144316414,10.75035642029669,2.857263025937199,0.23216696812840976,-14.432114901066736,12.927091275766163,0.0,1.230397678824889,1.9757915551919913,0.0,0.25495691792353925,3.6547987304102914,0.0,-11.29124514973525,0.787671572429499,32.68884702348415,122.90732093710193,155.5961679605861
5.519999999999614,9.81,3.93,1,1,0.01,0.01,-3.818368939805365,10.750846461749813,2.8284182192563705,0.2578012356120951,-14.41225793489593,12.70734219129972,0.0,1.2309058287436578,1.98308374548809,0.0,0.253187897200037,3.6373891730400443,0.0,-11.22578156751229,0.781393437516036,32.33672278879157,123.25928242141043,155.596005210202
5.521999999999614,9.81,3.93,1,1,0.01,0.01,-3.8127409133458325,10.751387332900215,2.7996157231674257,0.2829969975420397,-14.38980901807503,12.488589534225058,0.0,1.2314104133390003,1.990341107079499,0.0,0.25139175347678544,3.61996985403757,0.0,-11.158965463962579,0.7749434409912432,31.9867140611292,123.60913139794559,155.59584545907478
5.523999999999614,9.81,3.93,1,1,0.01,0.01,-3.807170445266929,10.751978158745011,2.7708606929460333,0.3077562697873313,-14.364797119529982,12.27085624516552,0.0,1.2319113792601337,1.997563619426554,0.0,0.24956938378978527,3.6025397622124866,0.0,-11.09084037032284,0.7683285625229098,31.638814761176054,123.95687388705319,155.59568864822924
5.525999999999613,9.81,3.93,1,1,0.01,0.01,-3.8016574355312893,10.752618068358633,2.742158223892408,0.33208111364284665,-14.337253228219849,12.054164803538553,0.0,1.2324086749613155,2.004751259993124,0.0,0.24772169593853843,3.585097912370873,0.0,-11.02144938627379,0.7615558069550616,31.293018853775042,124.30251586579192,155.59553471956696
5.527999999999613,9.81,3.93,1,1,0.01,0.01,-3.7962017739742207,10.753306194982738,2.7135133473963897,0.3559736348730975,-14.307210248071213,11.838537194284116,0.0,1.232902250722221,2.0119040042992475,0.0,0.24584960734119876,3.5676433459460464,0.0,-10.950835168167414,0.754632194165763,30.949320350740848,124.64606326512408,155.59538361586493
5.529999999999613,9.81,3.93,1,1,0.01,0.01,-3.7908033404352826,10.754041676114136,2.6849310272121403,0.3794359826923389,-14.274702893461532,11.623994877386163,0.0,1.2333920586660523,2.0190218259749675,0.0,0.24395404389888686,3.5501751315621397,0.0,-10.879039917774131,0.747564749153829,30.607713313529818,124.98752196724519,155.595235280775
5.531999999999613,9.81,3.93,1,1,0.01,0.01,-3.78546200489711,10.754823653590622,2.656416155941156,0.4024703486864462,-14.23976758545055,11.41055876010555,0.0,1.2338780527753692,2.0261046968152163,0.0,0.24203593887151237,3.5326923655316533,0.0,-10.806105371556702,0.7403604923735284,30.268191855770997,125.32689780305114,155.59508965882213
5.533999999999613,9.81,3.93,1,1,0.01,0.01,-3.7801776276310637,10.755651273674594,2.6279735517219103,0.42507896568190084,-14.202442348949884,11.198249171841901,0.0,1.2343601889056934,2.033152586835637,0.0,0.24009623176723655,3.5151941722884716,0.0,-10.732072790477218,0.7330264303345044,29.93075014566035,125.66419654974295,155.5949466954033
5.535999999999612,9.81,3.93,1,1,0.01,0.01,-3.774950059349295,10.75652368713437,2.599607955124068,0.44726410656705873,-14.162766711011066,10.98708584154044,0.0,1.23483842479691,2.0401654643292058,0.0,0.23813586724764774,3.4976797047578403,0.0,-10.656982950342009,0.7255695464827572,29.59538240821897,125.99942392856751,155.5948063367865
5.537999999999612,9.81,3.93,1,1,0.01,0.01,-3.7697791413628208,10.757440049323087,2.5713240262448624,0.4690280830707063,-14.120781600402267,10.77708787755851,0.0,1.2353127200824923,2.0471432959235387,0.0,0.23615579405058512,3.480148144664918,0.0,-10.58087613268832,0.7179967923769184,29.2620829274163,126.33258560269321,155.59466853010952
5.539999999999612,9.81,3.93,1,1,0.01,0.01,-3.764664705745207,10.758399520255134,2.5431263420048955,0.490373244502738,-14.076529248633769,10.568273749905744,0.0,1.2357830362965916,2.054086046638746,0.0,0.23415696393244617,3.462598702783633,0.0,-10.503792116215457,0.7103150791725645,28.930846048160134,126.66368717521868,155.59453322337882
5.541999999999612,9.81,3.93,1,1,0.01,0.01,-3.7596065755014605,10.75940126468003,2.515019393640311,0.5113019764616156,-14.030053092582246,10.36066127477165,0.0,1.2362493368790317,2.0609936799457254,0.0,0.2321403306316605,3.4450306191276696,0.0,-10.425770168762227,0.7025312694256998,28.601666178155064,126.99273418731238,155.59440036546744
5.5439999999996115,9.81,3.93,1,1,0.01,0.01,-3.7546045647417445,10.760444452153674,2.4870075843880066,0.5318166995130973,-13.981397678852979,10.154267601253139,0.0,1.2367115871782621,2.067866157824797,0.0,0.23010684885482646,3.4274431630854916,0.0,-10.346849039831328,0.6946521692248371,28.27453778963189,127.31973211648277,155.59426990611465
5.545999999999611,9.81,3.93,1,1,0.01,0.01,-3.7496584788595357,10.761528257106953,2.45909522736027,0.5519198678445498,-13.930608570009435,9.949109200195048,0.0,1.2371697544522875,2.074703440824533,0.0,0.2280574732870752,3.4098356335012916,0.0,-10.26706695366023,0.6866845206602225,27.94945542094885,127.64468637497427,155.59414179592312
5.547999999999611,9.81,3.93,1,1,0.01,0.01,-3.744768114713841,10.762651858911605,2.4312865436049926,0.5716139678989814,-13.877732252788727,9.745201855056498,0.0,1.237623807867668,2.081505488120708,0.0,0.2259931576278449,3.392207358703997,0.0,-10.186461602837484,0.6786349946365171,27.62641367806886,127.96760230828885,155.5940159863577
5.549999999999611,9.81,3.93,1,1,0.01,0.01,-3.739933260815118,10.763814441943364,2.403585660347372,0.5909015169927608,-13.822816048411337,9.542560654715697,0.0,1.2380737184965935,2.0882722575752575,0.0,0.22391485365332386,3.37455769648628,0.0,-10.105070142461953,0.6705101840344665,27.305407235913247,128.28848519382976,155.593892429743
5.551999999999611,9.81,3.93,1,1,0.01,0.01,-3.735153697514527,10.765015195642308,2.375996609408821,0.6097850619208123,-13.765908025083512,9.341199988127174,0.0,1.2385194593121367,2.095003705795147,0.0,0.22182351030659153,3.3568860340357958,0.0,-10.022929184842063,0.6623165972253982,26.986430839596835,128.6073402396649,155.59377107926173
5.55399999999961,9.81,3.93,1,1,0.01,0.01,-3.730429197196177,10.766253314570411,2.348523325798601,0.6282671775529056,-13.707056912780455,9.141133540744681,0.0,1.2389610051816826,2.101699788191045,0.0,0.21972007281644856,3.339191787820644,0.0,-9.940074794730629,0.6540606519413459,26.669479305544474,128.92417258340674,155.59365188895123
5.55599999999961,9.81,3.93,1,1,0.01,0.01,-3.7257595244720196,10.767527998466292,2.321169646473545,0.6463504654244866,-13.646312020388466,8.942374292625058,0.0,1.2393983328586557,2.1083604590357408,0.0,0.2176054818456754,3.321474403431372,0.0,-9.856542485090785,0.6457486695019379,26.354547522494666,129.23898729120674,155.5935348137014
5.55799999999961,9.81,3.93,1,1,0.01,0.01,-3.721144436379054,10.768838452297127,2.293939309261077,0.6640375523253256,-13.58372315527507,8.744934518128316,0.0,1.239831420972556,2.114985671522194,0.0,0.2154806726695061,3.303733355381564,0.0,-9.772367213386874,0.6373868693984919,26.041630452391342,129.55178935686013,155.59341980925146
5.55999999999961,9.81,3.93,1,1,0.01,0.01,-3.716583682578534,10.770183886307752,2.2668359519406125,0.6813310888890929,-13.51934054534618,8.548825787130717,0.0,1.2402602500173852,2.1215753778211464,0.0,0.21334657438487697,3.2859681468692483,0.0,-9.687583378393922,0.6289813642342824,25.730723131167444,129.86258370101905,155.5933068321865
5.5619999999996095,9.81,3.93,1,1,0.01,0.01,-3.7120770055568517,10.77156351606694,2.2398631114783174,0.6982337481868052,-13.453214763640567,8.35405896766878,0.0,1.2406848023385335,2.128129529138223,0.0,0.21120410915092547,3.2681783095013297,0.0,-9.602224817518492,0.6205381550189484,25.421820669424193,130.17137517051006,155.59319583993425
5.563999999999609,9.81,3.93,1,1,0.01,0.01,-3.707624140827807,10.77297656251088,2.213024223410103,0.7147482243269224,-13.38539665550304,8.160644229933167,0.0,1.2411050621181587,2.1346480757704427,0.0,0.20905419146115717,3.250363402983118,0.0,-9.516324804622553,0.6120631268141481,25.11491825300758,130.47816853775313,155.5930867907607
5.565999999999609,9.81,3.93,1,1,0.01,0.01,-3.703224817135964,10.77442225198385,2.1863226213676685,0.7308772310647174,-13.315937268369112,7.968591051533473,0.0,1.2415210153591592,2.1411309671620744,0.0,0.20689772744752882,3.2325230147752277,0.0,-9.429916048342086,0.6035620447264234,24.81001114348729,130.7829685002788,155.59297964376609
5.567999999999609,9.81,3.93,1,1,0.01,0.01,-3.6988787566608194,10.775899816276139,2.15976153674234,0.7466235004233797,-13.244887784185932,7.777908223956032,0.0,1.241932649867783,2.1475781519597836,0.0,0.20473561421661907,3.214656759719911,0.0,-9.343030690890796,0.5950405502424198,24.507094678540206,131.08577968034032,155.59287435888052
5.569999999999609,9.81,3.93,1,1,0.01,0.01,-3.694585675221509,10.77740849265921,2.1333440984814183,0.7619897813291655,-13.172299454486094,7.5886038601384165,0.0,1.242339955234935,2.1539895780669953,0.0,0.20256873921801738,3.1967642796389244,0.0,-9.25570030733899,0.5865041579009534,24.206164272241917,131.38660662461726,155.59277089685918
5.571999999999608,9.81,3.93,1,1,0.01,0.01,-3.69034528248179,10.778947523918157,2.1070733330117166,0.7769788382627505,-13.098223538123975,7.400685403086801,0.0,1.2427429228162616,2.1603651926974243,0.0,0.2003979796449093,3.178845242905059,0.0,-9.167955905357283,0.5779582522954819,23.907215415270155,131.68545380400678,155.59266921927693
5.573999999999608,9.81,3.93,1,1,0.01,0.01,-3.6861572821550608,10.78051615838148,2.080952164284961,0.7915934499288001,-13.022711241676573,7.214159635463311,0.0,1.2431415457110622,2.166704942427733,0.0,0.19822420186674927,3.1608993439893185,0.0,-9.079827925413857,0.5694080853998449,23.610243675023,131.98232561350022,155.59256928852324
5.575999999999608,9.81,3.93,1,1,0.01,0.01,-3.6820213722091637,10.782113649948217,2.0549834139397274,0.8058364079456253,-12.94581366250443,7.029032690073085,0.0,1.2435358187401004,2.173008773249253,0.0,0.19604826089389915,3.142926302985774,0.0,-8.991346241413927,0.5608587742097229,23.315244695655544,132.2772263721405,155.59247106779603
5.577999999999608,9.81,3.93,1,1,0.01,0.01,-3.6779372450707597,10.783739258112481,2.0291698015746036,0.8197105155566549,-12.867581734461925,6.845310061182557,0.0,1.243925738422377,2.179276630618734,0.0,0.19387099987398404,3.1249258651160474,0.0,-8.90254016176937,0.5523152986915524,23.022214198038334,132.57016032305748,155.59237452109582
5.5799999999996075,9.81,3.93,1,1,0.01,0.01,-3.6739045878290453,10.785392247985444,2.0035139451272976,0.8332185863653201,-12.788066176239562,6.662996616602129,0.0,1.2443113029509343,2.185508459508102,0.0,0.19169324961959272,3.106897800215339,0.0,-8.813438430886189,0.5437825000299914,22.731147979641356,132.86113163357868,155.59227961322003
5.581999999999607,9.81,3.93,1,1,0.01,0.01,-3.6699230824386095,10.787071890314802,1.9780183613544458,0.846363443094815,-12.707317442316564,6.482096610469248,0.0,1.2446925121677244,2.191704204453137,0.0,0.18951582816710144,3.0888419022017755,0.0,-8.72406923105689,0.5352650791652175,22.442041914345605,133.15014439540946,155.59218630975505
5.583999999999607,9.81,3.93,1,1,0.01,0.01,-3.665992405921239,10.78877746150181,1.952685466406928,0.8591479163740714,-12.625385676495318,6.302613696669418,0.0,1.2450693675376503,2.19786380960111,0.0,0.18733954036599731,3.070757988531015,0.0,-8.634460184745071,0.5267675956099881,22.15489195218748,133.43720262488262,155.5920945770701
5.585999999999607,9.81,3.93,1,1,0.01,0.01,-3.6621122305664753,10.790508243615893,1.927517576495559,0.8715748435511628,-12.542320667985507,6.124550942835015,0.0,1.245441872121807,2.203987218757294,0.0,0.18516517749834877,3.052645899637736,0.0,-8.544638357248571,0.5182944665370098,21.869694119037998,133.72231026327188,155.59200438230988
5.587999999999607,9.81,3.93,1,1,0.01,0.01,-3.6582822241307604,10.792263524406923,1.9025169086420923,0.8836470675352364,-12.458171810000783,5.9479108448639515,0.0,1.2458100305499868,2.2100743754303585,0.0,0.18299351692781507,3.0345054983657405,0.0,-8.454630259727713,0.5098499661263187,21.58644451622031,134.00547117716667,155.59191569338697
5.589999999999606,9.81,3.93,1,1,0.01,0.01,-3.6545020500349956,10.79404259731521,1.8776855815105518,0.8953674356679545,-12.372988060826804,5.772695341902512,0.0,1.2461738489925187,2.216125222876603,0.0,0.18082532177764404,3.0163366693882923,0.0,-8.364461852584887,0.5014382251624532,21.305139320069074,134.28668915890495,155.59182847897404
5.591999999999606,9.81,3.93,1,1,0.01,0.01,-3.6507713675603615,10.795844761479259,1.853025616313993,0.9067387986253217,-12.286817907315706,5.59890583173869,0.0,1.2465333351314847,2.2221397041430313,0.0,0.1786613406369869,2.998139318620231,0.0,-8.274158549181418,0.49306323087082293,21.025774781434386,134.5659679270612,155.5917427084956
5.593999999999606,9.81,3.93,1,1,0.01,0.01,-3.647089832042255,10.797669321741374,1.82853893779189,0.9177640093506654,-12.199709330758601,5.426543186554693,0.0,1.2468884981313828,2.228117762109238,0.0,0.17650230729489286,2.9799133726234004,0.0,-8.183745219877775,0.4847288269827588,20.74834722513391,134.84331112698572,155.59165835211962
5.595999999999606,9.81,3.93,1,1,0.01,0.01,-3.6434570950622036,10.799515588651145,1.804227375253439,0.9284459220194399,-12.111709775084622,5.255607768989353,0.0,1.2472393486092863,2.2340593395281108,0.0,0.17434894050123087,2.9616587780067927,0.0,-8.09324619638284,0.4764387140184346,20.472853049355933,135.11872233139357,155.5915753807495
5.5979999999996055,9.81,3.93,1,1,0.01,0.01,-3.639872804637631,10.801382878466907,1.7800926636821859,0.9387873910364256,-12.022866117332534,5.086099448463511,0.0,1.2475858986045454,2.2399643790653117,0.0,0.17220194375388526,2.943375500822775,0.0,-8.002685276397983,0.46819644977717284,20.199288725016274,135.39220504099814,155.59149376601442
5.599999999999605,9.81,3.93,1,1,0.01,0.01,-3.636336605409356,10.803270513155223,1.7561364448974817,0.9487912700658045,-11.933224640338024,4.918017617723348,0.0,1.2479281615480902,2.2458328233375577,0.0,0.1700620051113888,2.9250635259607285,0.0,-7.912085728541767,0.46000545002422677,19.927650795072072,135.66376268518846,155.59141348026054
5.601999999999605,9.81,3.93,1,1,0.01,0.01,-3.632848138826715,10.80517782038846,1.7323602687683988,0.9584604110945039,-11.842831007577946,4.751361209558891,0.0,1.2482661522313854,2.251664614949692,0.0,0.16792979703022254,2.906722856539318,0.0,-7.82147029754093,0.4518689893634158,19.65793587379547,135.9333986227462,155.5913344965417
5.603999999999605,9.81,3.93,1,1,0.01,0.01,-3.6294070433302097,10.807104133540527,1.7087655944758506,0.9677976635291184,-11.751730240111128,4.586128713657272,0.0,1.2485998867750872,2.2574596965305296,0.0,0.16580597622601254,2.888353513298599,0.0,-7.730861209673526,0.44379020228512306,19.39014064600985,136.2011161426,155.59125678860985
5.605999999999605,9.81,3.93,1,1,0.01,0.01,-3.6260129545315816,10.809048791680837,1.6853537918187855,0.9768058733266416,-11.659966695553292,4.422318193551658,0.0,1.2489293825974372,2.2632180107674955,0.0,0.16369118355777243,2.8699555339930303,0.0,-7.640280178449927,0.43577208437909354,19.124261866291114,136.46691846461425,155.59118033090536
5.607999999999604,9.81,3.93,1,1,0.01,0.01,-3.6226655053912387,10.81101113956657,1.6621261425604483,0.9854878821591594,-11.567584049023004,4.259927303629858,0.0,1.2492546583824546,2.2689395004400414,0.0,0.16158604393438808,2.851528972786486,0.0,-7.549748410517767,0.42781749370177113,18.86029635813705,136.73080874040963,155.59110509854668
5.609999999999604,9.81,3.93,1,1,0.01,0.01,-3.6193643263929483,10.812990527633296,1.6390838418108347,0.9938465266125915,-11.474625275993759,4.098953306167388,0.0,1.2495757340479603,2.274624108451867,0.0,0.15949116624246656,2.833073899650229,0.0,-7.4592866117767835,0.4199291522879001,18.59824101310707,136.99279005421351,155.59103106732059
5.611999999999604,9.81,3.93,1,1,0.01,0.01,-3.616109045715734,10.814986311984025,1.6162279994415871,1.001884637419497,-11.381132636987285,3.939393088352725,0.0,1.2498926307134757,2.280271777861936,0.0,0.1574071432947302,2.8145903997647754,0.0,-7.368914993689792,0.4121096477964799,18.33809278993487,137.25286542373698,155.59095821367185
5.613999999999604,9.81,3.93,1,1,0.01,0.01,-3.612899289402915,10.816997854376769,1.5935596415297195,1.0096050387258952,-11.287147664042202,3.781243179273954,0.0,1.2502053706680414,2.2858824519142953,0.0,0.15533455179812786,2.796078572926528,0.0,-7.2786532797762,0.40436143528135343,18.079848713616407,137.511037801076,155.5908865146924
5.6159999999996035,9.81,3.93,1,1,0.01,0.01,-3.6097346815282276,10.819024522210656,1.571079711826683,1.0170105473919988,-11.192711148891721,3.624499766837727,0.0,1.2505139773379876,2.2914560740667165,0.0,0.15327395234076244,2.7775385329599662,0.0,-7.18852071227455,0.3966868390767466,17.823505874475536,137.76731007363514,155.59081594811067
5.617999999999603,9.81,3.93,1,1,0.01,0.01,-3.6066148443589903,10.821065688510693,1.5487890732494243,1.0241039723266923,-11.097863132784132,3.4691587145934015,0.0,1.250818475254702,2.2969925880181767,0.0,0.15122588939680295,2.7589704071361703,0.0,-7.098536058960988,0.3890880547885013,17.569061427209615,138.0216850650717,155.5907464922813
5.619999999999603,9.81,3.93,1,1,0.01,0.01,-3.603539398516265,10.823120731911224,1.5266885093902127,1.0308881138555444,-11.002642897880033,3.3152155784372246,0.0,1.2511188900224166,2.3024919377351667,0.0,0.14919089134858138,2.7403743355983363,0.0,-7.00871762011051,0.38156715138207187,17.31651258991699,138.27416553625665,155.59067812617363
5.621999999999603,9.81,3.93,1,1,0.01,0.01,-3.600507963131984,10.825189036638161,1.504778726042154,1.0373657631220883,-10.907088960159959,3.162665623172539,0.0,1.2514152482860623,2.3079540674768713,0.0,0.14716947052496507,2.721750470794953,0.0,-6.919083235588392,0.3741260733583315,17.06585664310877,138.52475418625204,155.5906108293608
5.623999999999603,9.81,3.93,1,1,0.01,0.01,-3.5975201560030112,10.827269992490043,1.4830603527374313,1.043539701522059,-10.811239063776942,3.011503838904135,0.0,1.251707577699214,2.313378921819218,0.0,0.14516212325522757,2.703098976921213,0.0,-6.82965029205925,0.36676664300883355,16.817090928706694,138.77345365330206,155.59054458200876
5.625999999999602,9.81,3.93,1,1,0.01,0.01,-3.5945755937421184,10.829362994818009,1.4615339442954516,1.0494127001702382,-10.715130176788994,2.861724957246313,0.0,1.251995906892156,2.3187664456778205,0.0,0.1431693299375715,2.6844200293691998,0.0,-6.740435730301566,0.35949056274226476,16.570212849029033,139.0202665158357,155.59047936486473
5.627999999999602,9.81,3.93,1,1,0.01,0.01,-3.5916738919258546,10.831467444504723,1.4401999823781995,1.0549875193995106,-10.618798488206831,2.7133234673254796,0.0,1.2522802654401017,2.324116584329824,0.0,0.14119155512151968,2.6657138141873142,0.0,-6.651456052615736,0.3522994174742532,16.325219865766403,139.2651952934795,155.5904151592459
5.629999999999602,9.81,3.93,1,1,0.01,0.01,-3.5888146652393034,10.833582747942343,1.419058877050235,1.060266908291707,-10.522279406293473,2.5662936315599403,0.0,1.2525606838315848,2.329429283434691,0.0,0.13922924760333913,2.6469805275494105,0.0,-6.562727330314102,0.34519467707283563,16.082109498949155,139.50824244807885,155.590351947028
5.631999999999602,9.81,3.93,1,1,0.01,0.01,-3.5859975276177147,10.835708317009571,1.3981109683408917,1.0652536042397704,-10.425607558052802,2.4206295012008274,0.0,1.2528371934370688,2.33470448905393,0.0,0.1372828405337455,2.6282203752340307,0.0,-6.474265211281695,0.3381776988523716,15.840879325908444,139.74941038472554,155.59028971063398
5.6339999999996015,9.81,3.93,1,1,0.01,0.01,-3.5832220923850127,10.837843569047863,1.3773565278063604,1.0699503325407518,-10.328816789845728,2.276324931619264,0.0,1.253109826477762,2.3399421476697855,0.0,0.13535275153714607,2.609433572114037,0.0,-6.386084927596605,0.33124973010898395,15.601526980231757,139.98870145279014,155.5902284330219
5.635999999999601,9.81,3.93,1,1,0.01,0.01,-3.5804879723891827,10.839987926836857,1.3567957600894638,1.0743598060191162,-10.23194016907306,2.1333735973264734,0.0,1.253378615994699,2.3451422062029286,0.0,0.13343938284161047,2.5906203416570244,0.0,-6.298201303199559,0.3244119106907103,15.36405015071534,140.22611794695837,155.5901680976737
5.637999999999601,9.81,3.93,1,1,0.01,0.01,-3.577794780134541,10.842140818569078,1.3364288044750479,1.0784847246798113,-10.135009986866022,1.9917690067145797,0.0,1.2536435958180856,2.3503046120291566,0.0,0.1315431214188871,2.5717809154367206,0.0,-6.210628761602254,0.31766527559613167,15.128446580314481,140.46166210826902,155.5901086885835
5.639999999999601,9.81,3.93,1,1,0.01,0.01,-3.5751421279109,10.844301677823973,1.3162557364390333,1.082327775390528,-10.038057761726186,1.8515045165069672,0.0,1.253904800536936,2.3554293129951267,0.0,0.12966433913373546,2.552915532655639,0.0,-6.1233813336246214,0.31101075759539754,14.894714065093117,140.69533612515272,155.59005019024585
5.641999999999601,9.81,3.93,1,1,0.01,0.01,-3.5725296279196455,10.846469943541342,1.2962765691892848,1.0858916315925653,-9.941114244058344,1.712573345908515,0.0,1.2541622654690108,2.3605162574331393,0.0,0.12780339290190115,2.534024439679133,0.0,-6.0364726651513045,0.3044491898679581,14.662850453174098,140.92714213446956,155.58999258764365
5.6439999999996004,9.81,3.93,1,1,0.01,0.01,-3.569956892396738,10.848645059994224,1.2764912551965684,1.089178953039685,-9.844209421540718,1.5749685904466713,0.0,1.2544160266310889,2.3655653941750145,0.0,0.1259606248560198,2.5151078895810697,0.0,-5.949916024898286,0.29798130865148176,14.432853643691516,141.15708222254568,155.5899358662372
5.6459999999996,9.81,3.93,1,1,0.01,0.01,-3.5674235337326667,10.850826476761279,1.2568996877139753,1.092192385564335,-9.747372525279006,1.4386832354956915,0.0,1.2546661207095697,2.37057667256506,0.0,0.12413636251884849,2.496166141701185,0.0,-5.8637243121806115,0.29160775589695287,14.204721585745972,141.38515842620572,155.5898800119517
5.6479999999996,9.81,3.93,1,1,0.01,0.01,-3.5649291645893757,10.853013648698738,1.2375017022832984,1.0949345608705985,-9.650632036691697,1.303710169477169,0.0,1.2549125850314324,2.3755500424721667,0.0,0.12233091898316267,2.4771994612142576,0.0,-5.777910064672783,0.28532908192504747,13.978452277364193,141.6113727338015,155.5898250111657
5.6499999999996,9.81,3.93,1,1,0.01,0.01,-3.5624733980141925,10.855206035911957,1.2182970782269487,1.097408096353214,-9.554015695075856,1.170042196730912,0.0,1.2551554575355652,2.380485454301067,0.0,0.12054459309769686,2.458208118711155,0.0,-5.692485466153635,0.2791457480792223,13.754043764464036,141.8357270862356,155.58977085069964
5.6519999999996,9.81,3.93,1,1,0.01,0.01,-3.560055847550787,10.85740310372664,1.1992855401241012,1.0996155949420041,-9.457550505804315,1.0376720500511345,0.0,1.2553947767444633,2.385382859002747,0.0,0.1187776696585991,2.439192389791771,0.0,-5.607462354227826,0.273058129371403,13.531494139825533,142.0582233779784,155.58971751780393
5.653999999999599,9.81,3.93,1,1,0.01,0.01,-3.5576761273471975,10.859604322659775,1.1804667592698548,1.1015596449710383,-9.361262749106382,0.9065924028837298,0.0,1.2556305817363191,2.390242208084072,0.0,0.11703041960575894,2.420152554669883,0.0,-5.522852228016493,0.26706651711612206,13.310801542069342,142.2788634580778,155.58966500014714
5.655999999999599,9.81,3.93,1,1,0.01,0.01,-3.555333852260953,10.861809168390334,1.1618403551162864,1.1032428200718483,-9.26517798938601,0.7767958811811395,0.0,1.2558629121175167,2.3950634536166326,0.0,0.11530310022350633,2.401088897789935,0.0,-5.438666255810044,0.2611711215495072,13.091964154643378,142.49764913116158,155.58961328580494
5.657999999999599,9.81,3.93,1,1,0.01,0.01,-3.553028637961335,10.864017121729773,1.1434058966943672,1.1046676790900087,-9.169321085033182,0.6482750749120934,0.0,1.256091807995514,2.399846548244823,0.0,0.11359595534518346,2.382001707455649,0.0,-5.354915282676117,0.2553720744297337,12.874980204818039,142.71458215842966,155.5895623632477
5.659999999999599,9.81,3.93,1,1,0.01,0.01,-3.5507601010288146,10.866227668592407,1.1251629040158004,1.10583676602439,-9.073716198685249,0.5210225492242166,0.0,1.25631730995216,2.4045914451932084,0.0,0.11190921556100382,2.3628912754704983,0.0,-5.271609838016521,0.24966943161556607,12.659847962691561,142.9296642586381,155.58951222132967
5.6619999999995985,9.81,3.93,1,1,0.01,0.01,-3.5485278590517058,10.868440299965663,1.1071108494539195,1.1067526099883875,-8.97838680789722,0.3950308552578834,0.0,1.2565394590174086,2.409298098273165,0.0,0.11024309842883277,2.343757896789872,0.0,-5.188760143066825,0.2440631756203124,12.446565740205337,143.14289710907173,155.58946284927706
5.663999999999598,9.81,3.93,1,1,0.01,0.01,-3.5463315307200793,10.870654511880295,1.0892491591028712,1.1074177251924309,-8.883355716181208,0.2702925406107797,0.0,1.2567582966434738,2.4139664618888554,0.0,0.10859780868731178,2.3246018691849204,0.0,-5.10637611833305,0.2385532181382226,12.23513189017062,143.35428234650635,155.589414236677
5.665999999999598,9.81,3.93,1,1,0.01,0.01,-3.5441707359169823,10.872869805380576,1.071577214114382,1.1078346109470703,-8.78864506437703,0.14680015945277702,0.0,1.2569738646794022,2.4185964910425186,0.0,0.10697353847102457,2.305423492917914,0.0,-5.024467390959867,0.23313940254116744,12.025544805306719,143.56382156815886,155.58936637346557
5.667999999999598,9.81,3.93,1,1,0.01,0.01,-3.5420450958070027,10.875085686494517,1.0540943520114825,1.1080057516859447,-8.694276342317094,0.02454628229115219,0.0,1.2571862053460852,2.423188141339158,0.0,0.10537046752712505,2.2862230704290263,0.0,-4.943043302025321,0.22782150634298803,11.81780291729154,143.77151633262616,155.5893192499177
5.669999999999598,9.81,3.93,1,1,0.01,0.01,-3.5399542329222347,10.877301666204152,1.0367998679786379,1.1079336170079315,-8.600270400751178,-0.09647649461259888,0.0,1.2573953612116957,2.4277413689905694,0.0,0.10378876343322459,2.2670009060343705,0.0,-4.862112913757162,0.2225992436299086,11.611904695824714,143.97736816080976,155.58927285663447
5.671999999999597,9.81,3.93,1,1,0.01,0.01,-3.5378977712456847,10.87951726041593,1.0196930161277962,1.1076206617377813,-8.506647463496973,-0.21627554017370176,0.0,1.257601375167575,2.432256130818819,0.0,0.10222858181597748,2.2477573056351856,0.0,-4.781685016666461,0.2174722674547756,11.40784864770422,144.1813785368292,155.5892271845334
5.673999999999597,9.81,3.93,1,1,0.01,0.01,-3.5358753362921718,10.881731989931238,1.002773010739937,1.107069326004545,-8.413427139784941,-0.33485817976086274,0.0,1.2578042904045457,2.436732384259126,0.0,0.10069006657014273,2.2284925764379526,0.0,-4.701768136594133,0.21244017219378006,11.205633315916446,144.38354890892046,155.58918222483692
5.675999999999597,9.81,3.93,1,1,0.01,0.01,-3.533886555186767,10.883945380417101,0.9860390274817615,1.1062820353371032,-8.320628436766903,-0.4522316868168943,0.0,1.258004150389667,2.4411700873621935,0.0,0.09917335007775317,2.209207026685308,0.0,-4.622370541666646,0.2075024958641412,11.005257278740366,144.5838806903207,155.58913796906108
5.677999999999597,9.81,3.93,1,1,0.01,0.01,-3.531931056740828,10.886156962377097,0.9694902045972256,1.1052612007761122,-8.22826977215906,-0.5684032748211427,0.0,1.2582009988434313,2.445569198796037,0.0,0.09767855342701356,2.189900965397566,0.0,-4.543500249157215,0.2026587224013494,10.806719148866232,144.78237526013947,155.5890944090057
5.6799999999995965,9.81,3.93,1,1,0.01,0.01,-3.5300084715256737,10.8883662711225,0.953125644073676,1.104009219001686,-8.136368986992442,-0.6833800895905275,0.0,1.2583948797173916,2.4499296778472703,0.0,0.09620578663075424,2.170574702124645,0.0,-4.465165032249194,0.1979082838951297,10.61001757252885,144.97903396421395,155.5890515367428
5.681999999999596,9.81,3.93,1,1,0.01,0.01,-3.5281184319439505,10.890572846743703,0.9369444127824006,1.1025284724761388,-8.044943358443861,-0.7971692019168906,0.0,1.2585858371722305,2.4542514844219436,0.0,0.09475514884402274,2.151228546708213,0.0,-4.387372426698599,0.1932505627828929,10.415151228655976,145.17385811595076,155.58900934460675
5.683999999999596,9.81,3.93,1,1,0.01,0.01,-3.526260572298749,10.892776234081936,0.9209455435934562,1.1008213296011211,-7.954009612723212,-0.9097776005368168,0.0,1.2587739155562618,2.4585345790458843,0.0,0.09332672858067391,2.131862809053855,0.0,-4.310129737392982,0.18868489400013944,10.22211882803196,145.3668489971514,155.58896782518337
5.685999999999596,9.81,3.93,1,1,0.01,0.01,-3.524434528860511,10.89497598270131,0.9051280364646853,1.0988901448884845,-7.863583937993157,-1.0212121854308345,0.0,1.2589591593843648,2.462778922864615,0.0,0.0919206039286304,2.1124777989130332,0.0,-4.233444044804098,0.18421056708699485,10.030919112476848,145.55800785882332,155.58892697130017
5.687999999999596,9.81,3.93,1,1,0.01,0.01,-3.5226399399317856,10.897171646861224,0.8894908595048805,1.0967372591442237,-7.773681997299224,-1.1314797614481327,0.0,1.2591416133173396,2.4669844776428222,0.0,0.09053684276365798,2.0930738256746406,0.0,-4.157322211332085,0.17982682825051208,9.841550854041099,145.74733592197416,155.58888677601524
5.689999999999595,9.81,3.93,1,1,0.01,0.01,-3.520876445909888,10.899362785489147,0.8740329500110947,1.0943649996648452,-7.68431894148913,-1.2405870322529076,0.0,1.2593213221417079,2.4711512057634444,0.0,0.0891755029613558,2.0736511981659507,0.0,-4.08177088753913,0.17553288238217574,9.65401285421636,145.93483437839208,155.58884723260843
5.691999999999595,9.81,3.93,1,1,0.01,0.01,-3.519143689347505,10.901548962153802,0.8587532154801412,1.091775680445526,-7.59550942210183,-1.3485405945883278,0.0,1.2594983307499097,2.475279070226347,0.0,0.08783663260727363,2.0542102244626856,0.0,-4.006796518270703,0.1713278950305604,9.468303943161832,146.12050439140856,155.5888083345704
5.693999999999595,9.81,3.93,1,1,0.01,0.01,-3.517441315011307,10.903729745038785,0.8436505345943606,1.0889716023994302,-7.507267604207479,-1.4553469328537174,0.0,1.259672684120941,2.4793680346466465,0.0,0.08652027020487668,2.0347512117080573,0.0,-3.9324053486628854,0.1672109943287903,9.284422978947081,146.3043470966465,155.58877007559357
5.695999999999595,9.81,3.93,1,1,0.01,0.01,-3.515768969938612,10.905904706916624,0.8287237581817725,1.0859550535875615,-7.419607179181104,-1.5610124139906763,0.0,1.2598444273013913,2.483418063252661,0.0,0.08522644488128402,2.01527446594049,0.0,-3.858603430034267,0.1631812728769322,9.102368846810698,146.48636360275134,155.58873244956203
5.6979999999995945,9.81,3.93,1,1,0.01,0.01,-3.514126303492155,10.90807342512332,0.8139717101507586,1.082728309458538,-7.3325413773934685,-1.6655432826735437,0.0,1.260013605386897,2.4874291208835415,0.0,0.0839551765905517,1.9957802919298513,0.0,-3.785396625661331,0.15923778957921783,8.922140458435322,146.66655499210697,155.58869545054228
5.699999999999594,9.81,3.93,1,1,0.01,0.01,-3.512512967413014,10.910235481533359,0.7993931883994613,1.0792936330976861,-7.246082980803947,-1.7689456567996693,0.0,1.260180263503995,2.4914011729865786,0.0,0.08270647631441294,1.97626899302193,0.0,-3.712790616436245,0.15537957143633205,8.74373675123884,146.84492232153508,155.5886590727739
5.701999999999594,9.81,3.93,1,1,0.01,0.01,-3.5109286158717423,10.912390462535257,0.7849869657001044,1.0756532754848578,-7.160244335441269,-1.871225523274541,0.0,1.2603444467923768,2.4953341856141993,0.0,0.08148034626034484,1.956740870990958,0.0,-3.6407909064063038,0.15160561529297722,8.567156687681802,147.0214666229784,155.5886233106602
5.703999999999594,9.81,3.93,1,1,0.01,0.01,-3.5093729055177554,10.914537959007598,0.7707517905584782,1.071809475760387,-7.0750373637586605,-1.9723887340872155,0.0,1.2605062003875362,2.499228125420694,0.0,0.08027678005681252,1.9371962258999473,0.0,-3.5694028281943804,0.14791488954094428,8.392399254591146,147.19618890416834,155.58858815875948
5.705999999999594,9.81,3.93,1,1,0.01,0.01,-3.5078454955270266,10.91667756629564,0.7566863880488478,1.0677644614986086,-6.9904735768514765,-2.0724410026708,0.0,1.2606655694038045,2.5030829596586464,0.0,0.07909576294567028,1.9176353559686163,0.0,-3.498631548299929,0.1443063357782101,8.219463462500048,147.36909014927565,155.5885536117757
5.707999999999593,9.81,3.93,1,1,0.01,0.01,-3.506346047648135,10.918808884188453,0.7427894606245747,1.0635204489883754,-6.906564086525494,-2.171387900543402,0.0,1.2608225989177677,2.5068986561751365,0.0,0.07793727197152785,1.8980585574486861,0.0,-3.4284820722802354,0.14077887042430512,8.048348345004031,147.5401713195464,155.58851966455043
5.709999999999593,9.81,3.93,1,1,0.01,0.01,-3.5048742262467156,10.920931516896639,0.7290596889047594,1.0590796435200178,-6.823319617205898,-2.269234854224167,0.0,1.2609773339520558,2.5106751834076704,0.0,0.07680127616811495,1.8784661245063206,0.0,-3.3589592498117824,0.13733138629265226,7.879052958133039,147.70943335392036,155.5884863120534
5.711999999999593,9.81,3.93,1,1,0.01,0.01,-3.503429698348362,10.923045073030627,0.7154957324372335,1.0544442396781994,-6.740750517676799,-2.3659871424196206,0.0,1.26112981945951,2.5144125103799104,0.0,0.07568773674147448,1.8588583491115143,0.0,-3.2900677796317708,0.1339627541202378,7.711576379739705,147.87687716963526,155.58845354937498
5.713999999999593,9.81,3.93,1,1,0.01,0.01,-3.5020121336800254,10.925149165579557,0.70209623043825,1.049616421640135,-6.658866772642981,-2.461649893474963,0.0,1.261280100307703,2.5181106066971695,0.0,0.07459660725001374,1.8392355209341835,0.0,-3.2218122143598897,0.1306718240553718,7.545917708903408,148.04250366281383,155.58842137171723
5.7159999999995925,9.81,3.93,1,1,0.01,0.01,-3.5006212047099563,10.927243411890766,0.6888598025092341,1.0445983634786435,-6.577678014105453,-2.5562280830853252,0.0,1.2614282212638253,2.5217694425417165,0.0,0.07352783378130717,1.819597927246771,0.0,-3.1541969652006703,0.12745742710407343,7.3820760653502715,148.20631370903607,155.58838977438634
5.717999999999592,9.81,3.93,1,1,0.01,0.01,-3.4992565866862373,10.929327433649892,0.6757850493309757,1.039392229469526,-6.4971935325436565,-2.6497265322619077,0.0,1.2615742269799128,2.525388988667887,0.0,0.07248135512564856,1.799945852833146,0.0,-3.087226306526818,0.12431837653582886,7.220050588888763,148.36830816389545,155.58835875278422
5.719999999999592,9.81,3.93,1,1,0.01,0.01,-3.4979179576739474,10.931400856861583,0.6628705533356563,1.0340001744027567,-6.41742228789781,-2.7421499055474996,0.0,1.2617181619784292,2.528969216397021,0.0,0.0714571029463027,1.7802795799035993,0.0,-3.020904380344055,0.12125346924940342,7.059840438861011,148.52848786354008,155.5883283024011
5.721999999999592,9.81,3.93,1,1,0.01,0.01,-3.4966049985910077,10.933463311830845,0.6501148793571156,1.0284243438970015,-6.338372920345358,-2.833502709476587,0.0,1.2618600706381726,2.5325100976122368,0.0,0.07045500194644469,1.7605993880157222,0.0,-2.955235200638119,0.11826148709947253,6.901444793609414,148.68685362519838,155.5882984188078
5.723999999999592,9.81,3.93,1,1,0.01,0.01,-3.4953173932427424,10.935514433145014,0.6375165752597768,1.022666874716974,-6.26005376086635,-2.923789291274532,0.0,1.2619999971805285,2.5360116047530497,0.0,0.06947497003277071,1.7409055540009892,0.0,-2.8902226576046877,0.1153411981848422,6.744862849958702,148.84340624768961,155.58826909764832
5.725999999999591,9.81,3.93,1,1,0.01,0.01,-3.494054828355209,10.937553859656369,0.625074172546654,1.016729895093159,-6.182472841593129,-3.0130138377908606,0.0,1.2621379856560255,2.539473710809849,0.0,0.06851691847578201,1.721198351896816,0.0,-2.8258705217630373,0.11249135809906986,6.590093822712923,148.9981465119195,155.58824033463242
5.727999999999591,9.81,3.93,1,1,0.01,0.01,-3.492816993607329,10.939581234465379,0.6127861869468818,1.0106155250434392,-6.105637905940147,-3.1011803746613147,0.0,1.262274079931234,2.542896389318255,0.0,0.06758075206671257,1.701478052883954,0.0,-2.762182447954464,0.10971071114425202,6.437136944167616,149.15107518136136,155.58821212552897
5.729999999999591,9.81,3.93,1,1,0.01,0.01,-3.491603581661864,10.941596204904611,0.6006511189832062,1.0043258766961751,-6.029556418510696,-3.188292765693464,0.0,1.2624083236759502,2.5462796143533333,0.0,0.06666636927116712,1.6817449252289773,0.0,-2.6991619792264134,0.10699799150890987,6.285991463636555,149.30219300252185,155.5881844661584
5.731999999999591,9.81,3.93,1,1,0.01,0.01,-3.49041428819528,10.943598422523266,0.5886674545198887,0.9978630546142918,-5.954235574777287,-3.2743547124707657,0.0,1.2625407603507035,2.5496233605237264,0.0,0.06577366237940241,1.6619992342317293,0.0,-2.6368125506035196,0.10435192441068564,6.136656646993233,149.45150070539316,155.5881573523864
5.7339999999995905,9.81,3.93,1,1,0.01,0.01,-3.489248811926529,10.945587543072376,0.5768336652914776,0.9912291561199454,-5.879682310533437,-3.3593697541699283,0.0,1.2626714331945503,2.5529276029656636,0.0,0.0649025176533453,1.6422412421775177,0.0,-2.575137492746702,0.10177122720482622,5.989131776226671,149.5989990038904,155.58813078011707
5.73599999999959,9.81,3.93,1,1,0.01,0.01,-3.488106854644798,10.947563226490647,0.5651482094129062,0.9844262716193455,-5.805903311114852,-3.4433412675862085,0.0,1.26280038521316,2.5561923173368917,0.0,0.06405281547031855,1.6224712082939008,0.0,-2.5141400355016135,0.09925461045922854,5.84341614901142,149.7446885962753,155.58810474528673
5.73799999999959,9.81,3.93,1,1,0.01,0.01,-3.4869881212362523,10.949525136890955,0.5536095318713805,0.9774564849273226,-5.732905020388446,-3.5262724673616628,0.0,1.2629276591671932,2.55941747981052,0.0,0.06322443046353221,1.6026893887119016,0.0,-2.4538233113377887,0.09680077899695792,5.699509078291646,149.88857016556588,155.58807924385752
5.73999999999959,9.81,3.93,1,1,0.01,0.01,-3.4858923197098135,10.95147294254748,0.5422160650005219,0.9703218735912416,-5.660693649508249,-3.6081664064111187,0.0,1.2630532975609428,2.5626030670687885,0.0,0.06241723165936522,1.5828960364314548,0.0,-2.394190358679859,0.09440843290709112,5.557409891878831,150.03064437993243,155.58805427181125
5.74199999999959,9.81,3.93,1,1,0.01,0.01,-3.4848191612220076,10.953406315883504,0.5309662289372318,0.9630245092138686,-5.589275185437346,-3.689025976540706,0.0,1.2631773426312598,2.5657490562967777,0.0,0.06163108261146798,1.5630914012909694,0.0,-2.3352441251323426,0.09207626852473824,5.417117932063201,150.17091189308042,155.58802982514362
5.743999999999589,9.81,3.93,1,1,0.01,0.01,-3.4837683601009157,10.955324933459831,0.5198584320617466,0.9555664577748136,-5.518655399235712,-3.768853909253872,0.0,1.2632998363367411,2.56885542517606,0.0,0.06086584153173208,1.5432757299408235,0.0,-2.2769874705994977,0.0898029793811134,5.278632555238438,150.30937334461998,155.58800589985842
5.745999999999589,9.81,3.93,1,1,0.01,0.01,-3.4827396338692607,10.957228475963873,0.5088910714213517,0.9479497799501769,-5.448839854113968,-3.8476527767397117,0.0,1.263420820347171,2.5719221518782986,0.0,0.06012136141817846,1.5234492658206427,0.0,-2.219423170301799,0.08758725712452003,5.141953131539477,150.44602936042267,155.58798249196215
5.747999999999589,9.81,3.93,1,1,0.01,0.01,-3.481732703266662,10.959116628199354,0.49806253313821996,0.9401765314300417,-5.379833913253603,-3.925424993038386,0.0,1.2635403360332182,2.5749492150587985,0.0,0.05939749017981728,1.503612249140221,0.0,-2.162553917690655,0.08542779241310723,5.007079044493217,150.58088055296463,155.58795959745785
5.749999999999589,9.81,3.93,1,1,0.01,0.01,-3.480747292271092,10.960989079076652,0.48737119280184504,0.932248763233462,-5.311642747394064,-4.002172815378878,0.0,1.2636584244563835,2.5779365938500467,0.0,0.058694070758481424,1.4837649168639495,0.0,-2.1063823272630304,0.08332327578016677,4.874009690681934,150.71392752165903,155.58793721234096
5.7519999999995886,9.81,3.93,1,1,0.01,0.01,-3.479783128119561,10.962845521603777,0.4768154158465311,0.9241685220206082,-5.244271342188254,-4.077898345683516,0.0,1.2637751263591823,2.5808842678551933,0.0,0.058010941247775026,1.4639075026985968,0.0,-2.050910937277634,0.0812723984729299,4.742744479419061,150.84517085317435,155.5879153325934
5.753999999999588,9.81,3.93,1,1,0.01,0.01,-3.4788399413280624,10.964685652877955,0.4663935579144026,0.91593785040174,-5.177724505327365,-4.152603532234551,0.0,1.2638904821555674,2.58379221714154,0.0,0.05734793500910376,1.444040237084328,0.0,-1.996142212374421,0.07927385326555267,4.613282832437205,150.97461112174204,155.58789395417924
5.755999999999588,9.81,3.93,1,1,0.01,0.01,-3.4779174657108056,10.96650917407784,0.45610396520439395,0.9075587872426891,-5.11200687343698,-4.226290171497477,0.0,1.2640045319215738,2.58666042223399,0.0,0.05670488078491648,1.4241633471888115,0.0,-1.9420785460991312,0.07732633524719904,4.485624183588055,151.10224888945152,155.58787307303956
5.757999999999588,9.81,3.93,1,1,0.01,0.01,-3.4770154383987637,10.968315790456323,0.4459449748076737,0.8990333679665421,-5.047122918745992,-4.2989599100961495,0.0,1.2641173153861975,2.589488864108505,0.0,0.05608160280916938,1.4042770569043173,0.0,-1.8887222633346854,0.07542854258594388,4.359767978554074,151.22808470653393,155.587852685088
5.759999999999588,9.81,3.93,1,1,0.01,0.01,-3.4761335998575666,10.970105211333946,0.4359149150299568,0.890363624851226,-4.983076955530761,-4.370614246934573,0.0,1.2642288719224801,2.5922775241855494,0.0,0.05547792091510625,1.384381586847655,0.0,-1.836075622641198,0.07357917726931763,4.235713674571589,151.35211911163475,155.58783278620635
5.7619999999995875,9.81,3.93,1,1,0.01,0.01,-3.475271693904759,10.97187715009291,0.4260121057011511,0.8815515873227078,-4.91987314633654,-4.441254535460268,0.0,1.2643392405388196,2.5950263843235506,0.0,0.054893650640392616,1.3644771543628642,0.0,-1.7841408185064678,0.0717769458222185,4.1134607401651815,151.47435263207532,155.5878133722405
5.763999999999587,9.81,3.93,1,1,0.01,0.01,-3.4744294677264524,10.973631324171652,0.4162348584727821,0.8725992822435295,-4.857515507978928,-4.510881986064207,0.0,1.264448459870479,2.597735426812348,0.0,0.05432860332970422,1.3445639735265236,0.0,-1.7329199835087603,0.07002056000298436,3.9930086548929897,151.59478578410315,155.58779443899616
5.765999999999587,9.81,3.93,1,1,0.01,0.01,-3.473606671893395,10.975367455060011,0.40658147710363146,0.8635087341964114,-4.796007917327946,-4.579497668612203,0.0,1.264556568171298,2.6004046343666714,0.0,0.053782586234797675,1.3246422551555808,0.0,-1.6824151903937599,0.06830873747830007,3.8743569091027714,151.71341907313214,155.58777598223492
5.767999999999587,9.81,3.93,1,1,0.01,0.01,-3.47280306037648,10.977085268294944,0.3970502577340238,0.8542819657626655,-4.735354116877649,-4.647102515102686,0.0,1.2646636033056122,2.6030339901196315,0.0,0.05325540261215626,1.3047122068176047,0.0,-1.632628454067559,0.06664020247768325,3.757505003698508,151.8302529939723,155.5877579976708
5.769999999999587,9.81,3.93,1,1,0.01,0.01,-3.4720183905617192,10.978784493456796,0.387639489149185,0.84492099779517,-4.67555772010438,-4.713697322445846,0.0,1.2647696027403517,2.6056234776162306,0.0,0.05274685181827371,1.2847740328433397,0.0,-1.5835617335075451,0.06501368642823138,3.6424524499171698,151.9452880310492,155.58774048096635
5.771999999999586,9.81,3.93,1,1,0.01,0.01,-3.471252423264697,10.980464864166112,0.3783474530320933,0.8354278496856704,-4.616622216616886,-4.779282755358973,0.0,1.2648746035373375,2.6081730808069064,0.0,0.05225672940263615,1.264827934341492,0.0,-1.5352169335931085,0.06342792857029023,3.5291987691155646,152.05852465861383,155.5877234277294
5.773999999999586,9.81,3.93,1,1,0.01,0.01,-3.4705049227445297,10.98212611808098,0.3691724242062352,0.8258045396261758,-4.558550977101553,-4.8438593493730915,0.0,1.2649786423457599,2.6106827840411033,0.0,0.05178482719848201,1.2448741092156346,0.0,-1.4875959068580362,0.061881676554708324,3.417743492566899,152.169963340943,155.5877068335099
5.775999999999586,9.81,3.93,1,1,0.01,0.01,-3.469775656717353,10.983767996894883,0.3601126708686732,0.8160530848642366,-4.501347258066474,-4.907427513945521,0.0,1.2650817553948313,2.6131525720608804,0.0,0.051330933411407535,1.2249127521831478,0.0,-1.440700455166499,0.060373687022305396,3.3080861612668695,152.27960453252973,155.5876906937966
5.777999999999586,9.81,3.93,1,1,0.01,0.01,-3.4690643963693475,10.985390246335063,0.3511664548138233,0.806175501951894,-4.445014206387728,-4.969987535673629,0.0,1.2651839784866201,2.615582429994558,0.0,0.050894832705882284,1.2049440547961137,0.0,-1.394532331314534,0.058902726166159367,3.200226325749015,152.38744867826523,155.58767500401424
5.7799999999995855,9.81,3.93,1,1,0.01,0.01,-3.4683709163693264,10.986992616161375,0.34233203164833464,0.7961738069881068,-4.389554863661725,-5.031539581604383,0.0,1.265285346989054,2.6179723433504156,0.0,0.05047630628974383,1.1849682054640822,0.0,-1.3490932405589215,0.057467570277301656,3.094163545909133,152.49349621361182,155.58765975952096
5.781999999999585,9.81,3.93,1,1,0.01,0.01,-3.4676949948809055,10.988574860165615,0.3336076509974555,0.7860500158544652,-4.334972170367468,-5.0920837026347545,0.0,1.2653858958290871,2.620322298010421,0.0,0.05007513199675723,1.1649853894786193,0.0,-1.3043848420753432,0.05606700627440864,2.9898973908384345,152.59774756476668,155.5876449556051
5.783999999999585,9.81,3.93,1,1,0.01,0.01,-3.467036413574266,10.990136736171314,0.32499155670326124,0.7758061444440193,-4.2812689698424835,-5.151619836997934,0.0,1.2654856594860353,2.622632280224034,0.0,0.04969108436727348,1.144995789039575,0.0,-1.2604087503477213,0.05469983221799744,2.887427438665287,152.7002031488184,155.5876305874837
5.785999999999585,9.81,3.93,1,1,0.01,0.01,-3.4663949576375286,10.99167800603399,0.31648198701511354,0.7654442088830526,-4.228448012076724,-5.210147813829918,0.0,1.2655846719850663,2.6249022766020365,0.0,0.0493239347271092,1.1249995832829907,0.0,-1.2171665364906257,0.053364857809714804,2.7867532764052423,152.80086337389392,155.58761665029917
5.787999999999585,9.81,3.93,1,1,0.01,0.01,-3.4657704157877545,10.99319843564182,0.30807717477271057,0.7549662257456465,-4.176511957328144,-5.267667356811821,0.0,1.2656829668908505,2.627132274110443,0.0,0.04897345126465583,1.1049969483105788,0.0,-1.174659729506622,0.052060904877157484,2.6878744998191593,152.89972863929873,155.5876031391179
5.789999999999584,9.81,3.93,1,1,0.01,0.01,-3.465162580281588,10.99469779491676,0.2997753475820807,0.7443742122608883,-4.1254633795643905,-5.324178087882397,0.0,1.26578057730136,2.629322260064462,0.0,0.04863939910633236,1.0849880572207053,0.0,-1.1328898174804298,0.05078680784476297,2.5907907132791417,152.9967993356488,155.58759004892795
5.791999999999584,9.81,3.93,1,1,0.01,0.01,-3.464571246925554,10.996175857816036,0.2915747279848633,0.733670186512589,-4.075304769734642,-5.379679531015831,0.0,1.2658775358418195,2.6314722221225204,0.0,0.04832154039042639,1.064973080140814,0.0,-1.091858248711758,0.04954141419121066,2.495501529642087,153.0920758449952,155.5875773746373
5.793999999999584,9.81,3.93,1,1,0.01,0.01,-3.4639962150860217,10.997632402334062,0.2834735336212122,0.7228561676313838,-4.026038538876001,-5.434171116059492,0.0,1.265973874658802,2.633582148280348,0.0,0.048019634339402505,1.0449521842612286,0.0,-1.0515664327886545,0.0483235848937922,2.402006570130607,153.1855585409413,155.58756511107188
5.795999999999584,9.81,3.93,1,1,0.01,0.01,-3.4634372876988504,10.999067210504716,0.27546997738664847,0.711934175979102,-3.97766702105842,-5.4876521826268245,0.0,1.2660696254144692,2.635652026865155,0.0,0.04773343733071605,1.024925533870281,0.0,-1.0120157416032132,0.0471321948601478,2.31030546422109,153.27724778875356,155.58755325297466
5.7979999999995835,9.81,3.93,1,1,0.01,0.01,-3.4628942712787265,11.000480068403975,0.2675622675831806,0.7009062333252997,-3.9301924761729268,-5.540121984039795,0.0,1.266164819280949,2.637681846529845,0.0,0.047462702966245586,1.004893290390694,0.0,-0.9732075103114485,0.0459661333478234,2.2203978495386703,153.36714394546473,155.5875417950034
5.799999999999583,9.81,3.93,1,1,0.01,0.01,-3.4623669759282043,11.001870766152907,0.2597486080650019,0.6897743630158628,-3.883617092567114,-5.591579691316085,0.0,1.2662594869348567,2.6396715962473385,0.0,0.04720718214034972,0.9848556124171859,0.0,-0.9351430382391528,0.044824304371974925,2.1322833717588954,153.45524735997145,155.58753073173034
5.801999999999583,9.81,3.93,1,1,0.01,0.01,-3.4618552153464597,11.003239097920979,0.25202719837906573,0.6785405901335951,-3.837942989532552,-5.642024397195668,0.0,1.2663536585519415,2.6416212653049413,0.0,0.04696662310666603,0.964812655755224,0.0,-0.8978235897355114,0.043705627101640956,2.0459616845158326,153.54155837312445,155.5875200576403
5.803999999999583,9.81,3.93,1,1,0.01,0.01,-3.4613588068377683,11.00458486192969,0.24439623390083037,0.6672069416507179,-3.7931722196483233,-5.69145512020173,0.0,1.266447363801877,2.643530843298816,0.0,0.046740771543664565,0.9447645734608972,0.0,-0.8612503949762543,0.04260903624488214,1.961432449316461,153.62607731781367,155.58750976713011
5.805999999999583,9.81,3.93,1,1,0.01,0.01,-3.4608775713197173,11.005907860456496,0.236853905965457,0.6557754465732182,-3.7493067709852355,-5.739870808730724,0.0,1.2665406318431678,2.6454003201285166,0.0,0.046529370619054204,0.9247115158818402,0.0,-0.8254246507180878,0.041533482423152676,1.8786953354610294,153.7088045190468,155.58749985450783
5.807999999999582,9.81,3.93,1,1,0.01,0.01,-3.460411333331157,11.00720789983901,0.22939840199473496,0.644248136076991,-3.7063485691750278,-5.78727034516637,0.0,1.266633491318202,2.6472296859916193,0.0,0.04633216105307471,0.9046536306991908,0.0,-0.7903475210061474,0.040477932535188485,1.7977500199692926,153.78974029402258,155.58749031399188
5.809999999999582,9.81,3.93,1,1,0.01,0.01,-3.459959921039905,11.008484790479477,0.22202790561999983,0.6326270436357355,-3.6642994793490873,-5.833652550012562,0.0,1.2667259703484053,2.649018931378428,0.0,0.04614888118074972,0.8845910629705022,0.0,-0.7560201378361592,0.03944137011072016,1.7185961875122642,153.86888495219821,155.5874811397105
5.811999999999582,9.81,3.93,1,1,0.01,0.01,-3.459523166250207,11.009738346849483,0.2147405968013011,0.6209142051405693,-3.6231613079509097,-5.879016186039893,0.0,1.2668180965295468,2.650768047066778,0.0,0.04597926701313555,0.8645239551736097,0.0,-0.7224436017730307,0.03842279565426614,1.641233530349443,153.94623879535231,155.58747232570175
5.813999999999582,9.81,3.93,1,1,0.01,0.01,-3.4591009044099637,11.010968387494911,0.207534651943067,0.609111659011341,-3.5829358044270343,-5.923359962440741,0.0,1.266909896927138,2.652477024116906,0.0,0.04582305229765942,0.8444524472513691,0.0,-0.6896189825274959,0.03742122697929678,1.5656617482711261,154.02180211764147,155.5874638659126
5.8159999999995815,9.81,3.93,1,1,0.01,0.01,-3.458692974617728,11.012174735041098,0.20040824400650611,0.5972214462996285,-3.5436246628003563,-5.966682538987898,0.0,1.2670013980719732,2.654145853866443,0.0,0.0456799685775411,0.82437667665727,0.0,-0.6575473194924939,0.036435699532958894,1.4918805485457696,154.09557520565346,155.58745575419923
5.817999999999581,9.81,3.93,1,1,0.01,0.01,-3.458299219629483,11.013357216198195,0.19335954261897564,0.5852456107834199,-3.5052295231306365,-6.008982530191446,0.0,1.2670926259557787,2.655774527925473,0.0,0.04554974525040877,0.8042967784018571,0.0,-0.6262296222408696,0.03546526671163584,1.4198896458720862,154.16755833845488,155.58744798432696
5.819999999999581,9.81,3.93,1,1,0.01,0.01,-3.4579194858652005,11.014515661766708,0.1863867141805382,0.5731861990534878,-3.467751972866309,-6.050258509448894,0.0,1.2671836060269772,2.6573630381716935,0.0,0.04543210962612425,0.7842128850999386,0.0,-0.5956668709859995,0.03450900016752155,1.3496887623357208,154.2377517876345,155.5874405499702
5.821999999999581,9.81,3.93,1,1,0.01,0.01,-3.4575536234151945,11.015649906643205,0.17948792196792004,0.5610452605914733,-3.431193548091898,-6.090509013183583,0.0,1.2672743631865717,2.658911376745678,0.0,0.0453267869838718,0.7641251270185495,0.0,-0.5658600170069098,0.03356599010640785,1.2812776273703106,154.30615581734273,155.58743344471304
5.823999999999581,9.81,3.93,1,1,0.01,0.01,-3.4572014860462623,11.016759789826162,0.17266132623607516,0.5488248478397098,-3.3955557346754173,-6.129732544966192,0.0,1.26736492178414,2.6604195360462226,0.0,0.045233500628572273,0.7440336321256293,0.0,-0.536809983039415,0.032635345576874794,1.2146559777227333,154.37277068432644,155.58742666204918
5.82599999999958,9.81,3.93,1,1,0.01,0.01,-3.4568629312076316,11.017845154421959,0.16590508431755124,0.536527016262824,-3.360839969319948,-6.167927579614402,0.0,1.2674553056139395,2.6618875087257976,0.0,0.04515197194664984,0.723938526139391,0.0,-0.5085176636347964,0.03171619475103511,1.1498235574223492,154.43759663796033,155.58742019538266
5.82799999999958,9.81,3.93,1,1,0.01,0.01,-3.4565378200367047,11.018905847650968,0.15921735071984477,0.5241538244011648,-3.3270476405234333,-6.205092567265879,0.0,1.267545537911132,2.663315287686104,0.0,0.045081920461199326,0.7038399325783525,0.0,-0.4809839254875027,0.030807685196987823,1.0867801177540706,154.50063392027457,155.58741403802864
5.82999999999958,9.81,3.93,1,1,0.01,0.01,-3.4562260173646155,11.019941720853756,0.15259627722092467,0.5117073339161159,-3.2941800894511695,-6.241225937419365,0.0,1.267635641348103,2.6647028660737186,0.0,0.0450230638866121,0.6837379728119928,0.0,-0.4542096077333157,0.02990898414313051,1.025525417235047,154.56188276597868,155.58740818321374
5.83199999999958,9.81,3.93,1,1,0.01,0.01,-3.4559273917215925,11.02095262949737,0.1460400129630951,0.49918960962736286,-3.2622386107247245,-6.276326102939247,0.0,1.2677256380309063,2.6660502372758477,0.0,0.04497511818267891,0.6636327661120179,0.0,-0.4281955222194177,0.029019278734440223,0.9660592215948269,154.6213434024823,155.58740262407713
5.8339999999995795,9.81,3.93,1,1,0.01,0.01,-3.455641815342138,11.021938433181672,0.13954670454536056,0.4866027195421911,-3.231224453131527,-6.310391464018718,0.0,1.2678155494958048,2.6673573949161877,0.0,0.04493779760822298,0.643524429704203,0.0,-0.40294245374774545,0.02813777628084765,0.908381303758787,154.67901604991272,155.5873973536715
5.835999999999579,9.81,3.93,1,1,0.01,0.01,-3.4553691641700244,11.022898995645754,0.1331144961144476,0.4739487348769034,-3.2011388202591045,-6.343420412096563,0.0,1.2679053967059217,2.668624332850883,0.0,0.04491081477429805,0.6234130788207846,0.0,-0.3784511602929933,0.027263704497805186,0.8524914438346781,154.73490092112948,155.58739236496416
5.837999999999579,9.81,3.93,1,1,0.01,0.01,-3.4551093178631067,11.023834184774355,0.1267415294546305,0.46122973007045404,-3.171982871057784,-6.375411333723115,0.0,1.2679952000479981,2.66985104516459,0.0,0.044893880696988755,0.6032988267533852,0.0,-0.35472237319660016,0.026396311739141854,0.7983894291021203,154.78899822173588,155.587387650838
5.839999999999579,9.81,3.93,1,1,0.01,0.01,-3.454862159797961,11.024743872604322,0.12042594407649959,0.4484477827904055,-3.143757720335776,-6.4063626143704715,0.0,1.2680849793292572,2.6710375261666504,0.0,0.0448867048498422,0.5831817849064408,0.0,-0.33175679733801533,0.025534867222283753,0.746075054004878,154.84130815008808,155.58738320409296
5.841999999999579,9.81,3.93,1,1,0.01,0.01,-3.454627577074342,11.025627935331066,0.11416587730480404,0.4356049739313245,-3.116464439190369,-6.436272642182592,0.0,1.2681747537743684,2.6721837703873734,0.0,0.04488899521596863,0.5630620628511097,0.0,-0.30955511128450813,0.024678661245915508,0.6955481201457584,154.89183089730165,155.5873790174474
5.843999999999578,9.81,3.93,1,1,0.01,0.01,-3.4544054605194683,11.026486253315005,0.10795946436549292,0.4227033876057421,-3.090104055378998,-6.465139811660517,0.0,1.2682645420225214,2.67328977257442,0.0,0.04490045833984402,0.5429397683796446,0.0,-0.28811796742075735,0.02382700540014681,0.6468084362839867,154.94056664725554,155.5873750835395
5.845999999999578,9.81,3.93,1,1,0.01,0.01,-3.454195704692133,11.027318711087988,0.10180483847207127,0.4097451111278111,-3.0646775536337736,-6.492962527278401,0.0,1.2683543621245983,2.6743555276892996,0.0,0.044920799378839735,0.5228150075602002,0.0,-0.2674459920594138,0.022979232769235948,0.5998558183348928,154.98751557659406,155.58737139492897
5.847999999999578,9.81,3.93,1,1,0.01,0.01,-3.453998207886644,11.028125197359676,0.0957001309113808,0.396732234989805,-3.0401858759229605,-6.519739207026043,0.0,1.2684442315404514,2.6753810309039814,0.0,0.04494972215450926,0.5026878847920618,0.0,-0.24753978553380476,0.02213469812691822,0.5546900893717784,155.03267785472667,155.58736794409845
5.849999999999578,9.81,3.93,1,1,0.01,0.01,-3.45381287213659,11.028905605023867,0.08964347112890765,0.3836668528316086,-3.016629921662977,-6.545468285873442,0.0,1.2685341671362824,2.6763662775976083,0.0,0.04498692920366143,0.48255850286127067,0.0,-0.2283999222739046,0.021292778124379776,0.5113110796298109,155.07605364382596,155.58736472345578
5.8519999999995775,9.81,3.93,1,1,0.01,0.01,-3.453639603218441,11.029659831164757,0.08363298681371285,0.3705510614033613,-2.994010547884241,-6.570148219153252,0.0,1.2686241851821256,2.6773112633533236,0.0,0.04503212182924385,0.462426962996629,0.0,-0.2100269508666692,0.020452871470908168,0.4697186265118143,155.11764309882335,155.58736172533517
5.853999999999577,9.81,3.93,1,1,0.01,0.01,-3.453478310654972,11.030387777063114,0.0776668039830747,0.3573869605214202,-2.9723285693539463,-6.5937774858573235,0.0,1.268714301349429,2.678215983955225,0.0,0.045085000151054835,0.44229336492606497,0.0,-0.1924213941017891,0.019614399107243073,0.4299125745958172,155.15744636740413,155.58735894199995
5.855999999999577,9.81,3.93,1,1,0.01,0.01,-3.4533289077185274,11.031089348202364,0.07174304706692546,0.34417665301782063,-2.9515847586594286,-6.6163545918427324,0.0,1.2688045307087372,2.6790804353854063,0.0,0.0451452631563206,0.42215780693333566,0.0,-0.17558374900388152,0.018776804371653657,0.39189277564423136,155.1954635899998,155.58735636564404
5.857999999999577,9.81,3.93,1,1,0.01,0.01,-3.4531913114341077,11.031764454274569,0.06585983899215885,0.33092224468341713,-2.9317798462546434,-6.637878072944026,0.0,1.2688948877274817,2.6799046138211313,0.0,0.045212608750144365,0.40202038591505845,0.0,-0.15951448685210992,0.01793955315875028,0.3556590886145406,155.23169489977948,155.58735398839403
5.859999999999577,9.81,3.93,1,1,0.01,0.01,-3.4530654425822926,11.032413009186275,0.060015301266878464,0.3176258442048978,-2.9129145204731346,-6.658346497987553,0.0,1.2689853862678617,2.6806885156321187,0.0,0.04528673380585215,0.3818811974380416,0.0,-0.1442140531881718,0.017102134071042763,0.3212113796713684,155.2661404226404,155.5873518023118
5.861999999999576,9.81,3.93,1,1,0.01,0.01,-3.452951225701994,11.033034931064241,0.05420755406465157,0.30428956309587046,-2.8949894275102155,-6.67775847170436,0.0,1.2690760395848337,2.6814321373779344,0.0,0.045367334215259805,0.3617403357969063,0.0,-0.1296828678135688,0.01626405856325257,0.28854952219982205,155.29880027719636,155.58734979939618
5.863999999999576,9.81,3.93,1,1,0.01,0.01,-3.4528485890930414,11.033630142261023,0.04843471630882694,0.2909155156222276,-2.878005171377169,-6.696112637537995,0.0,1.2691668603241975,2.6821354758055116,0.0,0.04545410493886694,0.3415978940719785,0.0,-0.11592132477702775,0.015424861079375499,0.25767339681999196,155.329674574766,155.58734797158598
5.865999999999576,9.81,3.93,1,1,0.01,0.01,-3.4527574648185966,11.03419856936039,0.04269490575697012,0.27750581872200347,-2.861962313830126,-6.713407680344036,0.0,1.2692578605207854,2.682798527846777,0.0,0.04554674005600434,0.32145396418743233,0.0,-0.10292979235290405,0.014584099182496604,0.22858289140250407,155.35876341935932,155.58734631076183
5.867999999999576,9.81,3.93,1,1,0.01,0.01,-3.4526777887074025,11.034740143182589,0.03698623908546397,0.26406259191994347,-2.846861374276194,-6.729642328977793,0.0,1.2693490515967478,2.6834212906163977,0.0,0.04564493281494385,0.3013086369696729,0.0,-0.090708613011363,0.013741353677349582,0.20127790108502355,155.38606690766386,155.5873448087489
5.869999999999576,9.81,3.93,1,1,0.01,0.01,-3.4526095003558592,11.03525479878943,0.03130683197431774,0.2505879572370124,-2.8327028296593046,-6.7448153587672195,0.0,1.2694404443599427,2.684003761409642,0.0,0.04574837568298758,0.2811620022059375,0.0,-0.07925810338109072,0.01289622872561346,0.17575832828961038,155.41158512902962,155.58734345731924
5.871999999999575,9.81,3.93,1,1,0.01,0.01,-3.452552543129933,11.03574247548918,0.025654799192222813,0.23708403909507397,-2.8194871143280023,-6.75892559386803,0.0,1.2695320490024242,2.6845459377003666,0.0,0.045856760396543954,0.26101414870310263,0.0,-0.06857855420525069,0.012048351953934522,0.15202408274083876,155.43531816545396,155.5873422481948
5.873999999999575,9.81,3.93,1,1,0.01,0.01,-3.452506864166892,11.03620311684127,0.020028254681888964,0.22355296421698084,-2.807214619887562,-6.771971909498045,0.0,1.269623875099027,2.685047817139102,0.0,0.0459697780112113,0.24086516434667704,0.0,-0.058670230291358275,0.011197374554663754,0.13007508148458724,155.45726609156475,155.58734117304934
5.875999999999575,9.81,3.93,1,1,0.01,0.01,-3.4524724143768744,11.036636670660789,0.014425311645690534,0.20999686152231825,-2.795885695038255,-6.783953234048278,0.0,1.2697159316060618,2.685509397551286,0.0,0.04608711895186619,0.2207151361599703,0.0,-0.049533370455709345,0.010342971379292099,0.10991124890742335,155.4774289746045,155.58734022351192
5.877999999999575,9.81,3.93,1,1,0.01,0.01,-3.452449148444282,11.037043089022774,0.008844082631647914,0.19641786201905165,-2.7855006454020788,-6.794868551067916,0.0,1.2698082268600974,2.6859306769355835,0.0,0.046208473062782,0.20056415036341407,0.0,-0.041168187462953705,0.009484841024572593,0.09153251675649948,155.4958068744126,155.5873393911691
5.8799999999995745,9.81,3.93,1,1,0.01,0.01,-3.4524370248290026,11.037422328266272,0.0032826796197659176,0.18281809869133184,-2.776059733339468,-6.804716901121091,0.0,1.2699007685768526,2.686311653462348,0.0,0.04633352965777231,0.1804122924340265,0.0,-0.03357486796136756,0.008622705911309692,0.07493882415989071,155.51239984340793,155.58733866756782
5.881999999999574,9.81,3.93,1,1,0.01,0.01,-3.452436005767461,11.037774348998179,-0.0022607858912528523,0.169199706383717,-2.767563177757868,-6.81349738351306,0.0,1.269993563850186,2.6866523254721946,0.0,0.0464619775703744,0.16025964716500135,0.0,-0.026753572414335403,0.0077563123558011884,0.0601301176473059,155.52720792657112,155.58733804421843
5.883999999999574,9.81,3.93,1,1,0.01,0.01,-3.452446057273492,11.03809911609684,-0.007788202796905066,0.15556482168207475,-2.7600111539137813,-6.821209157883663,0.0,1.2700866191511837,2.6869526914746866,0.0,0.04659350520407995,0.1401062987254059,0.0,-0.020704435028510687,0.0068854306339156575,0.04710635117110941,155.5402311614262,155.58733751259732
5.885999999999574,9.81,3.93,1,1,0.01,0.01,-3.452467149139043,11.038396598715414,-0.013301460299382287,0.14191558279143113,-2.753403793209564,-6.827851445666447,0.0,1.270179940327352,2.6872127501471557,0.0,0.046727800582614706,0.11995233071997388,0.0,-0.015427563679084101,0.006009855037787869,0.035867486127595494,155.55146957802236,155.58733706414995
5.887999999999574,9.81,3.93,1,1,0.01,0.01,-3.4524992549347,11.038666770284982,-0.01880244781965636,0.12825412941103786,-2.7477411829865863,-6.8334235314112615,0.0,1.2702735326019052,2.6874325003336272,0.0,0.04686455140027863,0.09979782624897685,0.0,-0.010923039832545093,0.00512940392511654,0.026413491378463584,155.56092319891548,155.58733669029394
5.889999999999573,9.81,3.93,1,1,0.01,0.01,-3.4525423520100356,11.038909608517413,-0.02429305490914827,0.11458260260693173,-2.7430233663157146,-6.837924763969213,0.0,1.2703674005731587,2.6876119410438664,0.0,0.0470034450723471,0.07964286796815806,0.0,-0.007190918467281092,0.004243919761047629,0.018744343272446312,155.56859203914894,155.5873363824214
5.891999999999573,9.81,3.93,1,1,0.01,0.01,-3.452596421493782,11.03912509540797,-0.029775171160976124,0.10090314468226286,-2.7392503417861964,-6.841354557538402,0.0,1.2704615482140222,2.687751071452559,0.0,0.0471441687855385,0.05948753814871596,0.0,-0.004231227992316623,0.0033532691526279913,0.012860025667048382,155.5744761062355,155.58733613190253
5.893999999999573,9.81,3.93,1,1,0.01,0.01,-3.4526614482938243,11.039313217237645,-0.03525068612078029,0.08721789904567195,-2.7364220632939817,-6.843712392569252,0.0,1.2705559788715932,2.6878498908986037,0.0,0.04728640954855357,0.03933191873731838,0.0,-0.002043970164451697,0.0024573428758150892,0.008760529950358743,155.57857540013845,155.5873359300888
5.895999999999573,9.81,3.93,1,1,0.01,0.01,-3.4527374210970176,11.039473964575246,-0.04072148919712535,0.07352901007799832,-2.734538439830339,-6.8449978165283,0.0,1.2706506952668486,2.6879083988845074,0.0,0.047429854242690174,0.019176091416134737,0.0,-0.0006291200040171683,0.0015560558950291818,0.006445855062904833,155.58088991325207,155.58733576831497
5.8979999999995725,9.81,3.93,1,1,0.01,0.01,-3.452824332368822,11.039607332279198,-0.046189469571479666,0.05983862299760192,-2.733599335271071,-6.845210444519951,0.0,1.2707456994944444,2.6879265950759366,0.0,0.04757418967253372,-0.0009798623371302592,0.0,1.3374290578301874e-05,0.0006493473752355589,0.005916007519520972,155.58141963038378,155.5873356379033
5.899999999999572,9.81,3.93,1,1,0.01,0.01,-3.452922178352758,11.039713319499093,-0.05165651610777514,0.04614888372458531,-2.7336045681673293,-6.844349959765102,0.0,1.2708409930226099,2.6879044793013525,0.0,0.04771910261672978,-0.02113586118921692,0.0,-0.00011640857062261395,-0.00026281931345392034,0.00717100143121043,155.58016452873454,155.58733553016575
5.901999999999572,9.81,3.93,1,1,0.01,0.01,-3.45303095906968,11.039791929676948,-0.05712451726154987,0.03246193874420128,-2.7345539115380397,-6.842416113936492,0.0,1.270936576693149,2.6878420515517885,0.0,0.04786427987883842,-0.04129182389132005,0.0,-0.0010183628816103018,-0.0011804565986696992,0.010210858526983875,155.57712457788034,155.58733543640733
5.903999999999572,9.81,3.93,1,1,0.01,0.01,-3.4531506783168706,11.0398431705482,-0.06259536098867782,0.018779934969733507,-2.7364470926643056,-6.839408727350414,0.0,1.271032450721541,2.6877393119807476,0.0,0.048009408338275224,-0.06144766921914335,0.0,-0.0026923558519530827,-0.0021035527161718834,0.015035608175663667,155.57229973975376,155.5873353479294
5.905999999999572,9.81,3.93,1,1,0.01,0.01,-3.453281343666947,11.03986705414243,-0.06807093465368953,0.005105019605137798,-2.7392837928861047,-6.835327689014463,0.0,1.271128614697139,2.687596260904196,0.0,0.048154175001338534,-0.08160331591301445,0.0,-0.00513822751740691,-0.0030320717277426816,0.021645287407647408,155.5656899686245,155.58733525603213
5.907999999999571,9.81,3.93,1,1,0.01,0.01,-3.4534229664665874,11.039863596783798,-0.07355312493768792,-0.008560659992268918,-2.743063647400755,-6.830172956531905,0.0,1.2712250675834829,2.687412898800716,0.0,0.04829826705232821,-0.10175868261807627,0.0,-0.008355790649551593,-0.003965953546589057,0.030039940936630715,155.55729521108162,155.58733515201826
5.909999999999571,9.81,3.93,1,1,0.01,0.01,-3.453575561835072,11.039832819091222,-0.07904381774586354,-0.02221495644878433,-2.7477862450636388,-6.823944555862333,0.0,1.2713218077186974,2.687189226311737,0.0,0.04844137190475452,-0.12191368782456992,0.0,-0.012344830664372631,-0.004905113970258999,0.04021962118129277,155.54711540601406,155.58733502719534
5.911999999999571,9.81,3.93,1,1,0.01,0.01,-3.4537391486626388,11.03977474597827,-0.08454489811461235,-0.035855722510675196,-2.753451128190297,-6.816642580939577,0.0,1.2714188328160083,2.6869252442419143,0.0,0.04858317725264286,-0.14206824980822622,0.0,-0.017105105529665328,-0.005849444721073586,0.05218438828695515,155.53515048459258,155.58733487287952
5.913999999999571,9.81,3.93,1,1,0.01,0.01,-3.4539137496086507,11.039689406652784,-0.09005825011825946,-0.049480811179624946,-2.7600577923598277,-6.808267193147232,0.0,1.2715161399643544,2.686620953559618,0.0,0.04872337112193419,-0.16222228657078078,0.0,-0.022636345671095376,-0.006798813494075262,0.06593431014722852,155.52140037025086,155.5873346803981
5.9159999999995705,9.81,3.93,1,1,0.01,0.01,-3.45409939109958,11.03957683461623,-0.09558575677539013,-0.06308807584699072,-2.767605686218921,-6.798818620652696,0.0,1.2716137256290971,2.6862763553975366,0.0,0.04886164192198461,-0.18237571578062844,0.0,-0.02893825387670764,-0.007753064012491517,0.08146946242566644,155.50586497866686,155.58733444109254
5.91799999999957,9.81,3.93,1,1,0.01,0.01,-3.454296103326802,11.039437067662801,-0.10112929995478898,-0.07667537042658798,-2.7760942112857134,-6.78829715760084,0.0,1.2717115856528465,2.6858914510534064,0.0,0.04899767849716721,-0.20252845471363534,0.0,-0.03601050519963326,-0.008712016090711858,0.09878992857745343,155.48854421774428,155.58733414632172
5.91999999999957,9.81,3.93,1,1,0.01,0.01,-3.454503920244201,11.039270147878222,-0.10669076028098606,-0.09024054948572285,-2.785522721752873,-6.77670316316828,0.0,1.2718097152563779,2.685466241990852,0.0,0.04913117017857788,-0.22268042019412188,0.0,-0.043852746858702336,-0.0096754657047745,0.11789579987115523,155.4694379875934,155.58733378746456
5.92199999999957,9.81,3.93,1,1,0.01,0.01,-3.4547228795655873,11.039076121638324,-0.11227201703940758,-0.10378146837419491,-2.7958905242886503,-6.764037060479934,0.0,1.2719081090396596,2.6850007298403544,0.0,0.04926180683585108,-0.242831528536036,0.0,-0.05246459813662859,-0.01064318507035882,0.1387871754105689,155.44854618051266,155.58733335592322
5.92399999999957,9.81,3.93,1,1,0.01,0.01,-3.4549530227619236,11.038855039607354,-0.11787494808112572,-0.1172959833509965,-2.8071968778351275,-6.75029933538904,0.0,1.272006760982979,2.6844949164003187,0.0,0.04938927892908447,-0.2629816954843309,0.0,-0.06184565027538992,-0.011614922728277252,0.1614641621567115,155.4258686809688,155.5873328431255
5.925999999999569,9.81,3.93,1,1,0.01,0.01,-3.4551943950583603,11.038606956736023,-0.12350142972720107,-0.1307819517084373,-2.8194409934020466,-6.735490535122851,0.0,1.2721056644481803,2.683948803638285,0.0,0.04951327756088487,-0.28313083615656653,0.0,-0.07199546636838833,-0.012590403637462248,0.18592687494999582,155.40140536557828,155.58733224052827
5.927999999999569,9.81,3.93,1,1,0.01,0.01,-3.45544704543108,11.038331932259329,-0.12915333667260742,-0.14423723189342702,-2.8326220338552717,-6.719611266795422,0.0,1.272204812179997,2.6833623936922333,0.0,0.049633494528531,-0.3032788649847493,0.0,-0.08291358124893067,-0.01356932927543979,0.21217543653264015,155.37515610308742,155.58733153962007
5.929999999999569,9.81,3.93,1,1,0.01,0.01,-3.4557110266039492,11.038030029694115,-0.13483254188972663,-0.15765968362565289,-2.8467391136981055,-6.702662195789882,0.0,1.272304196307497,2.6827356888720155,0.0,0.0497496223762655,-0.32342569565742973,0.0,-0.09459950137453176,-0.01455137774628406,0.24020997757137177,155.34712075435232,155.5873307319237
5.931999999999569,9.81,3.93,1,1,0.01,0.01,-3.455986395044975,11.037701316836422,-0.1405409165313979,-0.17104716801239286,-2.8617912988440666,-6.684644044012332,0.0,1.2724038083456248,2.6820686916608936,0.0,0.04986135444771644,-0.3435712410620714,0.0,-0.10705270470649937,-0.01553620389604476,0.27003063668048,155.3172991723185,155.587329808999
5.9339999999995685,9.81,3.93,1,1,0.01,0.01,-3.456273210962571,11.037345865758592,-0.1462803298335024,-0.18439754765971036,-2.8777776063791487,-6.6655575880198175,0.0,1.272503639196858,2.6813614047172094,0.0,0.04996838493846387,-0.36371541322771545,0.0,-0.1202726405842235,-0.016523439435642915,0.3016375604452931,155.28569120200038,155.58732876244568
5.935999999999568,9.81,3.93,1,1,0.01,0.01,-3.4565715383016222,11.03696375280617,-0.15205264901706053,-0.19770868677978096,-2.894697004312056,-6.645403657024899,0.0,1.2726036791529605,2.6806138308761467,0.0,0.05007040894874599,-0.3838581232679513,0.0,-0.1342587295935483,-0.017512693071224963,0.3350309034461375,155.25229668045944,155.58732758390556
5.937999999999568,9.81,3.93,1,1,0.01,0.01,-3.45688144473936,11.036555058594582,-0.15785973918981588,-0.21097845129410733,-2.9125484113100875,-6.624183130779649,0.0,1.2727039178968438,2.6798259731516323,0.0,0.05016712253632844,-0.40399928132421553,0.0,-0.14901036342856863,-0.018503550641974283,0.37021082828286744,155.21711543678282,155.58732626506568
5.939999999999568,9.81,3.93,1,1,0.01,0.01,-3.4572030016810356,11.036119868005617,-0.16370346324727503,-0.22420470893238384,-2.931330696418889,-6.601896937341847,0.0,1.2728043445045392,2.67899783473833,0.0,0.05025822276953262,-0.42413879650943836,0.0,-0.1645269047461544,-0.019495575265371642,0.40717750560003674,155.1801472920604,155.58732479766044
5.941999999999568,9.81,3.93,1,1,0.01,0.01,-3.457536284255395,11.035658270183722,-0.16958568177316893,-0.2373853293267781,-2.9510426787638053,-6.578546050726402,0.0,1.2729049474472687,2.6781294190137497,0.0,0.050343407780437305,-0.4442765768520521,0.0,-0.18080768701246347,-0.020488307489902463,0.44593111411279995,155.14139205936112,155.58732317347392
5.943999999999567,9.81,3.93,1,1,0.01,0.01,-3.457881371309958,11.035170358532099,-0.17550825293929645,-0.25051818410140375,-2.97168312723042,-6.554131488445373,0.0,1.2730057145936247,2.6772207295404757,0.0,0.05042237681826911,-0.4644125292403847,0.0,-0.19785201434067104,-0.021481265455211552,0.48647184063363313,155.1008495437087,155.58732138434235
5.945999999999567,9.81,3.93,1,1,0.01,0.01,-3.458238345406091,11.03465623070864,-0.1814730324047063,-0.263601146956764,-2.993250760121904,-6.52865430893976,0.0,1.2731066332118641,2.6762717700685092,0.0,0.05049483030299196,-0.48454655936745755,0.0,-0.21565916131910173,-0.022473945059705583,0.5287998800999757,155.05851954205679,155.58731942215675
5.947999999999567,9.81,3.93,1,1,0.01,0.01,-3.4586072928138814,11.034115988621693,-0.18748187321416868,-0.2766320937489538,-3.015744244790959,-6.502115608906424,0.0,1.2732076899722957,2.6752825445376978,0.0,0.050560469879096716,-0.5046785716762012,0.0,-0.2342283728289129,-0.023465820135601657,0.5729154356028718,155.01440184326154,155.58731727886442
5.949999999999567,9.81,3.93,1,1,0.01,0.01,-3.458988303506807,11.033549738425677,-0.19353662569588265,-0.289608902563414,-3.039162197243206,-6.4745165205241,0.0,1.273308870949788,2.6742530570803105,0.0,0.05061899846963058,-0.5248084693051197,0.0,-0.2535588638504466,-0.024456342631438966,0.6188187184167445,154.96849622805516,155.5873149464719
5.9519999999995665,9.81,3.93,1,1,0.01,0.01,-3.4593814711562,11.032957590516551,-0.19963913735836009,-0.3025294537830393,-3.0635031817098968,-6.4458582085817255,0.0,1.2734101616263802,2.673183312023682,0.0,0.050670120330448376,-0.5449361540344139,0.0,-0.2736498192573236,-0.02544494280204866,0.666509948030384,154.92080246901608,155.58731241704646
5.953999999999566,9.81,3.93,1,1,0.01,0.01,-3.459786893125502,11.032339659527162,-0.20579125278642174,-0.31539163015044896,-3.088765710186701,-6.416141867513414,0.0,1.2735115468940008,2.672073313892991,0.0,0.05071354110473113,-0.5650615262325899,0.0,-0.2945003935973221,-0.026431029406007906,0.7159893521792768,154.87132033053888,155.58730968271814
5.955999999999566,9.81,3.93,1,1,0.01,0.01,-3.460204670464314,11.031696064322462,-0.21199481353623445,-0.3281933168242369,-3.1149482419358843,-6.385368718343724,0.0,1.2736130110572976,2.6709230674141398,0.0,0.05074896787777591,-0.5851844848035742,0.0,-0.3161097108590485,-0.027413989910589815,0.7672571668793927,154.8200495688026,155.587306735682
5.957999999999566,9.81,3.93,1,1,0.01,0.01,-3.4606349079022327,11.031026927994628,-0.2182516580293139,-0.3409324014290263,-3.1420491829489374,-6.35354000554738,0.0,1.2737145378365775,2.6697325775167298,0.0,0.05077610923207041,-0.6053049271343555,0.0,-0.3384768642233709,-0.02839319070422793,0.8203136364625436,154.76698993173693,155.58730356819947
5.959999999999566,9.81,3.93,1,1,0.01,0.01,-3.4610777138424735,11.030332377858086,-0.22456362144541048,-0.3536067740991613,-3.1700668853665013,-6.320656993827697,0.0,1.2738161103708547,2.668501849337147,0.0,0.050794675302683875,-0.625422749043175,0.0,-0.36160091579855336,-0.029367977316528168,0.8751590136134411,154.7121411589868,155.58730017260024
5.961999999999565,9.81,3.93,1,1,0.01,0.01,-3.4615332003552797,11.02961254544445,-0.23093253561418933,-0.3662143275158784,-3.1989996468523434,-6.286720964818031,0.0,1.2739177112210154,2.667230888221762,0.0,0.050804377832994636,-0.6455378447282947,0.0,-0.38548089633799704,-0.030337674645860537,0.9317935594085986,154.65550298187574,155.58729654128433
5.963999999999565,9.81,3.93,1,1,0.01,0.01,-3.462001483171112,11.028867566497402,-0.23736022890561054,-0.3787529569378065,-3.228845709918619,-6.251733213710308,0.0,1.2740193223730847,2.6659196997302037,0.0,0.05080493023075627,-0.6656501067173555,0.0,-0.4101158049394566,-0.031301587194557105,0.990217543357176,154.59707512336558,155.58729266672276
5.965999999999565,9.81,3.93,1,1,0.01,0.01,-3.46248268167362,11.028097580967506,-0.24384852611890734,-0.3912205602246558,-3.2596032611984915,-6.215695045815691,0.0,1.2741209252416155,2.6645682896387646,0.0,0.05079604762455927,-0.685759425817362,0.0,-0.43550460872457597,-0.032258999311779536,1.0504312434439436,154.53685729801563,155.58728854145957
5.967999999999565,9.81,3.93,1,1,0.01,0.01,-3.462976918892386,11.02730273300699,-0.25039924837005506,-0.40361503785396324,-3.2912704306633245,-6.178607773061374,0.0,1.274222500673187,2.6631766639438834,0.0,0.05077744692068258,-0.7058656910653122,0.0,-0.46164624249755043,-0.0332091754440902,1.1124349461744842,154.47484921193856,155.58728415811305
5.9699999999995645,9.81,3.93,1,1,0.01,0.01,-3.463484321495448,11.026483170964507,-0.25701421297761556,-0.415934292930772,-3.323845290780673,-6.140472710428574,0.0,1.2743240289500162,2.6617448288657415,0.0,0.050748846860382675,-0.7259687896794964,0.0,-0.48853960838169147,-0.034151360393797944,1.1762289466227815,154.41105056275416,155.58727950937694
5.971999999999564,9.81,3.93,1,1,0.01,0.01,-3.4640050197815846,11.025639047379862,-0.26369523334683603,-0.4281762311901316,-3.357325855609827,-6.101291172336148,0.0,1.2744254897936853,2.6602727908519377,0.0,0.0507099680776281,-0.7460686070114994,0.0,-0.5161835754326464,-0.03508477958513269,1.2418135484813453,154.34546103953994,155.58727458802127
5.973999999999564,9.81,3.93,1,1,0.01,0.01,-3.4645391476723764,11.024770518978766,-0.2704441188518731,-0.44033876099231545,-3.3917100798311877,-6.061064468974866,0.0,1.2745268623689867,2.6587605565812806,0.0,0.05066053315733072,-0.7661650264989247,0.0,-0.5445769792269884,-0.03600863933833786,1.3091890641140354,154.2780803227799,155.58726938689395
5.975999999999564,9.81,3.93,1,1,0.01,0.01,-3.4650868427040193,11.023877746667594,-0.2772626747160068,-0.4524197933106612,-3.4269958577061153,-6.01979390259701,0.0,1.2746281252878813,2.657208132967652,0.0,0.05060026669407965,-0.7862579296188744,0.0,-0.5737186214248693,-0.03692212715174787,1.3783558146117147,154.20890808430912,155.58726389892084
5.977999999999564,9.81,3.93,1,1,0.01,0.01,-3.465648246018905,11.022960895528179,-0.2841527018897016,-0.4644172417119498,-3.4631810219633588,-5.977480763766431,0.0,1.2747292566135782,2.6556155271639845,0.0,0.0505288953514338,-0.8063471958422133,0.0,-0.6036072693053995,-0.037824411991959656,1.4493141298509287,154.1379439872564,155.58725811710733
5.979999999999563,9.81,3.93,1,1,0.01,0.01,-3.466223502356949,11.022020134812646,-0.29111599692636375,-0.4763290223292497,-3.500263342608676,-5.934126327573823,0.0,1.2748302338647353,2.653982746566316,0.0,0.050446147921784534,-0.8264327025886479,0.0,-0.6342416552733924,-0.038714644592185724,1.5220643485557446,154.06518768598286,155.5872520345386
5.981999999999563,9.81,3.93,1,1,0.01,0.01,-3.466812760046672,11.021055637938316,-0.2981543518556384,-0.48815305382715996,-3.538240525653845,-5.889731849822347,0.0,1.274931034019772,2.652309798817931,0.0,0.05035175538682962,-0.846514325182646,0.0,-0.6656204763360783,-0.03959195775890493,1.5966068183629156,153.99063882601732,155.58724564438023
5.983999999999563,9.81,3.93,1,1,0.01,0.01,-3.4674161709960214,11.020067582482687,-0.3052695540540802,-0.4998872573594006,-3.5771102117612545,-5.844298563188772,0.0,1.2750316335213114,2.6505966918135977,0.0,0.05024545097869964,-0.8665919368102383,0.0,-0.697742393548383,-0.040455466686938175,1.672941895890563,153.9142970439879,155.58723893987846
5.985999999999563,9.81,3.93,1,1,0.01,0.01,-3.468033890682936,11.019056150178498,-0.3124633861130265,-0.5115295565187039,-3.6168699748004167,-5.7978276733651235,0.0,1.2751320082807447,2.648843433703889,0.0,0.050126970241770354,-0.886665408476729,0.0,-0.730606031425326,-0.04130426928308035,1.7510699468105355,153.83616196755008,155.58723191436061
5.987999999999563,9.81,3.93,1,1,0.01,0.01,-3.4686660781456395,11.018021526908912,-0.3197376257034916,-0.5230778772789743,-3.657517320312639,-5.750320355186064,0.0,1.2752321336829138,2.647050032899585,0.0,0.049996051095192943,-0.9067346089653525,0.0,-0.7642099773200802,-0.04213744649842843,1.8309913459246085,153.75623321531089,155.5872245612355
5.989999999999562,9.81,3.93,1,1,0.01,0.01,-3.4693128959726622,11.01696390270282,-0.3270940454378959,-0.5345301479296928,-3.6990496838800513,-5.701777748747138,0.0,1.2753319845909288,2.6452164980761537,0.0,0.049852433896184156,-0.9267994047969121,0.0,-0.7985527807662105,-0.0429540626695644,1.912706477244729,153.67451039674816,155.5872168739929
5.991999999999562,9.81,3.93,1,1,0.01,0.01,-3.469974510292583,11.015883471730275,-0.33453441272843365,-0.5458842990025536,-3.741464429395133,-5.652200955519225,0.0,1.275431535351105,2.643342838178323,0.0,0.04969586150412628,-0.9468596601904369,0.0,-0.8336329527825829,-0.04375316586876968,1.9962157340774598,153.59099311212654,155.587208846204
5.993999999999562,9.81,3.93,1,1,0.01,0.01,-3.4706510907634835,11.014780432298092,-0.342060489641878,-0.5571382631903298,-3.7847588472270712,-5.601591034464306,0.0,1.2755307597980337,2.641429062424718,0.0,0.04952607934550167,-0.9669152370248983,0.0,-0.8694489651394262,-0.04453378826343877,2.081519519112829,153.50568095240817,155.587200471521
5.995999999999562,9.81,3.93,1,1,0.01,0.01,-3.471342810562111,11.013654986845616,-0.3496740327506117,-0.5682899752579759,-3.8289301522810972,-5.549948998157852,0.0,1.2756296312597784,2.639475180312574,0.0,0.04934283547970894,-0.9869659948020192,0.0,-0.9059992495839917,-0.045294946484888965,2.168618244517738,153.41857349915884,155.58719174367658
5.9979999999995615,9.81,3.93,1,1,0.01,0.01,-3.472049846372735,11.012507341940665,-0.3573767929796663,-0.5793373719459874,-3.8739754819468866,-5.4972758089232405,0.0,1.2757281225632138,2.637481201622538,0.0,0.049145880665825564,-1.007011790610233,0.0,-0.9432821970242676,-0.04603564200679314,2.257512332034182,153.32967032444938,155.58718265648358
5.999999999999561,9.81,3.93,1,1,0.01,0.01,-3.472772378375698,11.011337708275692,-0.3651705154495446,-0.5902783918660447,-3.919891893932524,-5.443572374983286,0.0,1.2758262060394858,2.63544713642352,0.0,0.04893496843032289,-1.027052479089814,0.0,-0.9812961566691455,-0.04675486153342178,2.34820221308238,153.23897099075194,155.5871732038343
6.001999999999561,9.81,3.93,1,1,0.01,0.01,-3.473510590235643,11.010146300664143,-0.3730569393145931,-0.6011109753889813,-3.9666763639800435,-5.388839546634331,0.0,1.2759238535296207,2.6333729950776315,0.0,0.048709855135816084,-1.0470879123992451,0.0,-1.0200394351234667,-0.04745157739796248,2.4406883288690997,153.14647505083087,155.58716337969997
6.003999999999561,9.81,3.93,1,1,0.01,0.01,-3.474264669089419,11.008933338037068,-0.3810377975966839,-0.6118330645251281,-4.014325783458915,-5.333078112448234,0.0,1.2760210363902624,2.631258788245176,0.0,0.048470300050872356,-1.0671179401828557,0.0,-1.0595102954363267,-0.04812474797114486,2.534971130501299,153.0521820476281,155.5871531781294
6.005999999999561,9.81,3.93,1,1,0.01,0.01,-3.4750348055336437,11.007699043439954,-0.3891148170139588,-0.6224426027970935,-4.062836956833862,-5.276288795507381,0.0,1.276117725499557,2.629104526889712,0.0,0.04821606542093312,-1.0871424095397813,0.0,-1.0997069561010144,-0.04877331808044186,2.6310510791053314,152.956091514143,155.58714259324833
6.00799999999956,9.81,3.93,1,1,0.01,0.01,-3.47582119361192,11.006443644029853,-0.39728971780437994,-0.6329375351050509,-4.112206599003212,-5.21847224967826,0.0,1.2762138912631806,2.6269102222831675,0.0,0.04794691654039612,-1.1071611649943045,0.0,-1.14062759000497,-0.04939621944012351,2.72892864595189,152.85820297330594,155.58713161925783
6.00999999999956,9.81,3.93,1,1,0.01,0.01,-3.4766240308016965,11.005167371072746,-0.40556421354382505,-0.6433158075846168,-4.162431332504231,-5.159629055928878,0.0,1.276309503620507,2.624675886011029,0.0,0.04766262182592206,-1.1271740484676123,0.0,-1.1822703233280847,-0.04999237109247218,2.828604312586891,152.7585159378466,155.5871202504335
6.01199999999956,9.81,3.93,1,1,0.01,0.01,-3.4774435180007544,11.00387045994124,-0.41394001095845706,-0.6535753674574111,-4.213507684582058,-5.099759718695064,0.0,1.276404532050927,2.622401529977564,0.0,0.04736295289097888,-1.1471808992510397,0.0,-1.2246332343877213,-0.05056067986043063,2.930078570968494,152.65702991015505,155.58710848112355
6.01399999999956,9.81,3.93,1,1,0.01,0.01,-3.4782798595133175,11.002553150112536,-0.4224188097310924,-0.6637141628744042,-4.265432084118506,-5.038864662301298,0.0,1.2764989455803204,2.6200871664111127,0.0,0.047047684621715366,-1.1671815539808514,0.0,-1.2677143524287733,-0.05110004081204794,3.033351923610494,152.55374438213678,155.58709630574728
6.0159999999995595,9.81,3.93,1,1,0.01,0.01,-3.4791332630357656,11.001215685166745,-0.4310023023012841,-0.6737301427521646,-4.318200858417466,-4.976944227441241,0.0,1.2765927127876742,2.6177328078694186,0.0,0.04671659525418829,-1.187175846614612,0.0,-1.311511656357094,-0.051609337737035396,3.1384248837322244,152.4486588350611,155.58708371879334
6.017999999999559,9.81,3.93,1,1,0.01,0.01,-3.480003939641943,10.999858312785518,-0.4396921736588291,-0.6836212566021309,-4.371810229843571,-4.913998667723074,0.0,1.2766858018118656,2.61533846724501,0.0,0.046369466453005895,-1.2071636084092217,0.0,-1.356023073414639,-0.05208744363579816,3.2452979754152675,152.34177273940247,155.58707071481774
6.019999999999559,9.81,3.93,1,1,0.01,0.01,-3.4808921037680465,10.998481284751035,-0.44849010113040383,-0.6933854543530447,-4.426256312310831,-4.850028146285194,0.0,1.2767781803585936,2.6129041577706222,0.0,0.04600608339143616,-1.2271446679006626,0.0,-1.4012464777946192,-0.05253322122130914,3.353971733767058,152.23308555467474,155.5870572884418
6.021999999999559,9.81,3.93,1,1,0.01,0.01,-3.4817979731970796,10.997084856945358,-0.4573977541590241,-0.7030206861666887,-4.481535107618132,-4.785032732487203,0.0,1.2768698157074831,2.6104298930246537,0.0,0.04562623483302604,-1.2471188508855384,0.0,-1.4471796891950126,-0.05294552343420355,3.4644467050917314,152.1225967292581,155.58704343434982
6.023999999999559,9.81,3.93,1,1,0.01,0.01,-3.4827217690428593,10.995669289350147,-0.46641679407602066,-0.7125249022470872,-4.53764250162843,-4.719012398681811,0.0,1.2769606747193456,2.6079156869366753,0.0,0.04522971321480841,-1.2670859804044616,0.0,-1.4938204713087362,-0.053323193971522666,3.5767234470682876,152.01030570021888,155.58702914728715
6.025999999999558,9.81,3.93,1,1,0.01,0.01,-3.4836637157335577,10.994234846046776,-0.47554887386521394,-0.7218960526433349,-4.594574260289016,-4.651967017072311,0.0,1.2770507238436088,2.6053615537929344,0.0,0.04481631473209262,-1.2870458767273627,0.0,-1.5411665302488065,-0.053665067829457604,3.690802528936337,151.89621189312038,155.5870144220567
6.027999999999558,9.81,3.93,1,1,0.01,0.01,-3.484624040994764,10.992781795216846,-0.48479563791896835,-0.7311320870462314,-4.652326025489534,-4.583896356661437,0.0,1.2771399291259231,2.6027675082419313,0.0,0.04438583942497364,-1.3069983573408017,0.0,-1.5892155129068257,-0.05396997186061989,3.8066845316896716,151.78031472182744,155.58699925351712
6.029999999999558,9.81,3.93,1,1,0.01,0.01,-3.4856029758320517,10.991310409143107,-0.4941587217857979,-0.7402309545789084,-4.710893310755509,-4.5148000802962995,0.0,1.2772282562159383,2.600133565299984,0.0,0.04393809126653197,-1.3269432369373502,0.0,-1.6379650052431136,-0.054236725346191554,3.9243700482778068,151.6626135883017,155.5869836365795
6.031999999999558,9.81,3.93,1,1,0.01,0.01,-3.48660075451303,10.989820964210812,-0.5036397519091926,-0.7491906035816474,-4.770271496774694,-4.444677741814753,0.0,1.2773156703752564,2.5974597403568325,0.0,0.04347287825282473,-1.346880327407118,0.0,-1.6874125305068246,-0.054464140583472015,4.043859683815708,151.54310788238882,155.58696756620452
6.0339999999995575,9.81,3.93,1,1,0.01,0.01,-3.4876176145488658,10.988313740909499,-0.5132403453573279,-0.7580089813910955,-4.830455826753757,-4.373528783298249,0.0,1.2774021364855725,2.594746049181242,0.0,0.04299001249469718,-1.3668094378315212,0.0,-1.7375555473844155,-0.05465102348927003,4.165154055801947,151.4217969815972,155.58695103739913
6.035999999999557,9.81,3.93,1,1,0.01,0.01,-3.488653796675255,10.986789023835222,-0.5229621095433161,-0.766684034114099,-4.891441401603135,-4.301352532436368,0.0,1.277487619056997,2.591992507926636,0.0,0.042489310311479914,-1.3867303744793593,0.0,-1.7883914480748055,-0.054796174219647026,4.28825379434547,151.29868025086805,155.58693404521352
6.037999999999557,9.81,3.93,1,1,0.01,0.01,-3.4897095448328237,10.985247101693245,-0.5328066419356545,-0.7752137063963797,-4.953223174948117,-4.228148200007932,0.0,1.2775720822365666,2.5891991331367135,0.0,0.0419705923265994,-1.4066429408052974,0.0,-1.8399175562896175,-0.054898387806485566,4.413159542401151,151.17375704233598,155.58691658473714
6.039999999999557,9.81,3.93,1,1,0.01,0.01,-3.4907851061469417,10.983688267301199,-0.5427755297585194,-0.7835959411862959,-5.015795947964085,-4.153914877483898,0.0,1.2776554898169499,2.586365941751078,0.0,0.04143368356517093,-1.4265469374508377,0.0,-1.8921311251768815,-0.05495645481142223,4.53987195601438,151.0470266950809,155.58689865109528
6.041999999999557,9.81,3.93,1,1,0.01,0.01,-3.4918807309069253,10.982112817592716,-0.5528703496815537,-0.7918286794939354,-5.079154364034311,-4.078651534757023,0.0,1.2777378052453516,2.5834929511108693,0.0,0.040878413553621804,-1.4464421622478856,0.0,-1.9450293351666366,-0.05496916199767259,4.668391704574896,150.91848853487068,155.58688023944558
6.043999999999556,9.81,3.93,1,1,0.01,0.01,-3.492996672544609,10.980521053621548,-0.5630926674987919,-0.7999098601457969,-5.143292903228963,-4.0023570180032175,0.0,1.2778189916326155,2.580580178964367,0.0,0.04030461642136392,-1.4663284102249836,0.0,-1.9986092917368175,-0.054935293020249604,4.79871947107997,150.7881418738935,155.58686134497347
6.045999999999556,9.81,3.93,1,1,0.01,0.01,-3.4941331876122637,10.978913280566188,-0.5734440377963628,-0.8078374195353317,-5.208205876603951,-3.925030047679514,0.0,1.2778990117625324,2.577627643472589,0.0,0.03971213100458569,-1.4862054736163357,0.0,-2.0528680230979317,-0.054853629135156366,4.930855952407253,150.65598601048094,155.5868419628882
6.047999999999556,9.81,3.93,1,1,0.01,0.01,-3.495290535759839,10.977289807734984,-0.5839260036086082,-0.8156092913696217,-5.273887420318448,-3.8466692166639707,0.0,1.2779778281013647,2.574635363214881,0.0,0.03910080095222353,-1.5060731418737148,0.0,-2.107802477794987,-0.05472294992813573,5.064801859597459,150.52202022882165,155.5868220884191
6.049999999999556,9.81,3.93,1,1,0.01,0.01,-3.496468979711506,10.975650948571769,-0.5945400960622567,-0.8232234064124823,-5.340331489570849,-3.7672729885417366,0.0,1.2780554028075706,2.5716033571944474,0.0,0.0384704748340786,-1.5259312016813409,0.0,-2.163409522225162,-0.05454203406343965,5.2005579181469095,150.3862437986631,155.58680171681
6.0519999999995555,9.81,3.93,1,1,0.01,0.01,-3.4976687852414754,10.973997020662011,-0.6052878340082846,-0.8306776922242889,-5.4075318523519735,-3.686839696042872,0.0,1.2781316977417647,2.5685316448438904,0.0,0.03782100625122775,-1.5457794369738826,0.0,-2.219685938069819,-0.054309660053343936,5.338124868310467,150.24865597500536,155.58678084331584
6.053999999999555,9.81,3.93,1,1,0.01,0.01,-3.498890221149069,10.972328345739479,-0.6161707236411029,-0.8379700728988342,-5.475482083015925,-3.605367539636225,0.0,1.278206674476888,2.56542024603067,0.0,0.03715225394865509,-1.5656176289576398,0.0,-2.276628419639382,-0.054024607048836513,5.477503465414664,150.1092559977822,155.58675946319687
6.055999999999555,9.81,3.93,1,1,0.01,0.01,-3.5001335592330127,10.970645249693442,-0.6271902581047021,-0.8450984687975333,-5.544175555668223,-3.522854586284563,0.0,1.2782802943086127,2.5622691810625495,0.0,0.03646408193022508,-1.5854455561350629,0.0,-2.334233571129738,-0.053685655652186706,5.618694480181494,149.96804309153282,155.5867375717143
6.057999999999555,9.81,3.93,1,1,0.01,0.01,-3.501399074264932,10.9689480625764,-0.6383479170853908,-0.8520607962813043,-5.6136054373718975,-3.439298768365499,0.0,1.2783525182659738,2.5590784706929686,0.0,0.035756359575971876,-1.6052629943327061,0.0,-2.3924979037888074,-0.053291588751905865,5.761698699062867,149.8250164650621,155.58671516412497
6.059999999999555,9.81,3.93,1,1,0.01,0.01,-3.502687043962018,10.96723711861236,-0.6496451663907664,-0.8588549674404609,-5.6837646811720886,-3.3546978827631007,0.0,1.2784233071222433,2.555848136126364,0.0,0.03502896176175853,-1.625069716732742,0.0,-2.4514178329919947,-0.052841192380727736,5.906516924586002,149.68017531108978,155.5866922356758
6.061999999999554,9.81,3.93,1,1,0.01,0.01,-3.503997748958836,10.965512756205642,-0.6610834575145526,-0.8654788898229626,-5.754646018940183,-3.2690495901349417,0.0,1.2784926214060448,2.5525781990234364,0.0,0.03428176898134826,-1.6448654939081682,0.0,-2.5109896752252885,-0.05233325659722903,6.053149975709934,149.53351880588923,155.58666878159917
6.063999999999554,9.81,3.93,1,1,0.01,0.01,-3.505331472778252,10.963775317950242,-0.672664227186947,-0.8719304661613783,-5.82624195403919,-3.1823514143590517,0.0,1.2785604214127086,2.5492686815063066,0.0,0.033514667470834036,-1.6646500938618098,0.0,-2.5712096449747865,-0.0517665763915698,6.201598688193114,149.385046108913,155.58664479710612
6.065999999999554,9.81,3.93,1,1,0.01,0.01,-3.5066885018014435,10.962025150639734,-0.6843888969101218,-0.8782075940989271,-5.898544753811628,-3.094600742165823,0.0,1.2786266672158875,2.545919606163637,0.0,0.03272754933556342,-1.6844232820692817,0.0,-2.6320738515215574,-0.05113995261612344,6.351863914972564,149.23475636240903,155.5866202773816
6.067999999999554,9.81,3.93,1,1,0.01,0.01,-3.508069125236965,10.960262605277723,-0.6962588724785248,-0.8843081659149733,-5.971546441892653,-3.0057948229591034,0.0,1.2786913186794227,2.5425309960556284,0.0,0.03192031267946184,-1.7041848215260214,0.0,-2.6935782956407404,-0.050452192941416535,6.503946526554476,149.08264869102365,155.58659521757812
6.0699999999995535,9.81,3.93,1,1,0.01,0.01,-3.509473635088841,10.95848803708885,-0.7082755434836332,-0.8902300682503544,-6.045238790350739,-2.915930768831223,0.0,1.2787543354694697,2.5391028747189277,0.0,0.031092861736817586,-1.7239344727985233,0.0,-2.7557188662038588,-0.04970211283803831,6.657847411416476,148.92872220139301,155.58656961280948
6.071999999999553,9.81,3.93,1,1,0.01,0.01,-3.5109023261236514,10.956701805530338,-0.7204402828028198,-0.8959711818329389,-6.119613311658868,-2.8250055547766326,0.0,1.2788156770669006,2.5356352661714414,0.0,0.03024510700654362,-1.7436719940799523,0.0,-2.8184913366834725,-0.04888853658510904,6.813567476421835,148.7729759817232,155.58654345814503
6.073999999999553,9.81,3.93,1,1,0.01,0.01,-3.5123554958365792,10.9549042743041,-0.7327544460719946,-0.9015293812038121,-6.1946612505001175,-2.7330160191083417,0.0,1.2788753027799589,2.5321281949170085,0.0,0.029376965388860768,-1.763397141250215,0.0,-2.8818913615592057,-0.048010298305779506,6.971107647245414,148.6154091013571,155.58651674860252
6.075999999999553,9.81,3.93,1,1,0.01,0.01,-3.513833444416385,10.953095811369376,-0.745219371141695,-0.9069025344445026,-6.270373575411126,-2.6399588640819225,0.0,1.2789331717572097,2.528581685949976,0.0,0.028488360324472252,-1.7831096679407032,0.0,-2.945914472624465,-0.04706624303042828,7.130468868811892,148.45602061033026,155.58648947914216
6.077999999999553,9.81,3.93,1,1,0.01,0.01,-3.51533647470928,10.951276788955933,-0.7578363775163047,-0.9120885029056673,-6.346740970268308,-2.54583065673126,0.0,1.278989243000757,2.524995764759619,0.0,0.027579221936149853,-1.8028093256038078,0.0,-3.010556075193073,-0.0460552277879778,7.291652105746029,148.29480953891348,155.58646164465952
6.079999999999552,9.81,3.93,1,1,0.01,0.01,-3.516864892181657,10.949447583577792,-0.7706067657760919,-0.9170851409376634,-6.423753825621529,-2.4506278299205704,0.0,1.2790434753797555,2.5213704573344327,0.0,0.02664948717276705,-1.8224958635873747,0.0,-3.0758114442052276,-0.04497612272592548,7.4546583428353,148.13177489714366,155.58643323997896
6.081999999999552,9.81,3.93,1,1,0.01,0.01,-3.5184190048816513,10.947608576047491,-0.7835318169817669,-0.9218902956234442,-6.501402229881072,-2.3543466836168037,0.0,1.279095827644204,2.5177057901662523,0.0,0.025699099955705566,-1.842169029214245,0.0,-3.141675720232255,-0.04382781225949712,7.6194885855047865,147.96691567434127,155.58640425984606
6.083999999999552,9.81,3.93,1,1,0.01,0.01,-3.5199991233994905,10.945760151490898,-0.7966127920612717,-0.9265018065142241,-6.579675960363632,-2.256983386386877,0.0,1.2791462584390432,2.5140017902542304,0.0,0.02472801132766734,-1.861828567867053,0.0,-3.208143905379743,-0.04260919625049066,7.786143860304662,147.8002308386163,155.58637469892096
6.085999999999552,9.81,3.93,1,1,0.01,0.01,-3.5216055608266,10.943902699362523,-0.8098509311785264,-0.9309175053683658,-6.658564474204408,-2.1585339771236853,0.0,1.279194726318547,2.5102584851086167,0.0,0.0237361796037885,-1.8814742230784078,0.0,-3.2752108590886975,-0.04131919121613606,7.954625215410056,147.63171933636033,155.5863445517704
6.0879999999995515,9.81,3.93,1,1,0.01,0.01,-3.5232386327134297,10.942036613461369,-0.8232474530838716,-0.9351352158939521,-6.738056899142227,-2.058994367005278,0.0,1.2792411897610207,2.5064759027543757,0.0,0.02272357052508365,-1.9011057366266504,0.0,-3.342871293834545,-0.039956731568500194,8.124933721133601,147.46138009172728,155.58631381286088
6.089999999999551,9.81,3.93,1,1,0.01,0.01,-3.524898657025962,10.940162291947281,-0.8368035544459612,-0.9391527534955124,-6.818142024185991,-1.958360341690904,0.0,1.2792856071838066,2.502654071734584,0.0,0.021690157414088848,-1.9207228486373207,0.0,-3.4111197707238423,-0.03852077088467098,8.29707047045052,147.28921200609977,155.58628247655028
6.091999999999551,9.81,3.93,1,1,0.01,0.01,-3.526585954100863,10.938280137357813,-0.8505204091648759,-0.9429679250253813,-6.898808290170813,-1.8566275637580523,0.0,1.2793279369586097,2.4987930211136358,0.0,0.020635921332719194,-1.940325297690517,0.0,-3.4799506949887467,-0.03701028320818364,8.471036579536463,147.11521395754426,155.58625053708073
6.093999999999551,9.81,3.93,1,1,0.01,0.01,-3.5283008465992447,10.936390556625563,-0.8643991676662467,-0.9465785285401761,-6.9800437802131885,-1.753791575384442,0.0,1.2793681374271304,2.4948927804802175,0.0,0.019560851242226028,-1.9599128209342849,0.0,-3.549358311379326,-0.035424264381898996,8.646833188317892,146.9393848002519,155.58621798856979
6.095999999999551,9.81,3.93,1,1,0.01,0.01,-3.530043659458993,10.934493961096013,-0.8784409561761956,-0.9499823530628855,-7.061836210075304,-1.6498478012784181,0.0,1.2794061669170265,2.490953379950055,0.0,0.01846494416519215,-1.9794851542042262,0.0,-3.6193366994540503,-0.03376173341260373,8.82446146103518,146.76172336396792,155.5861848250031
6.0979999999995504,9.81,3.93,1,1,0.01,0.01,-3.5318147198456273,10.932590766545829,-0.8926468759769235,-0.9531771783510712,-7.14417291844902,-1.54479155186172,0.0,1.279441983758202,2.4869748501684166,0.0,0.01734820534949135,-1.9990420321494793,0.0,-3.6898797687688263,-0.032021733867549154,9.003922586818444,146.58222845340723,155.58615104022567
6.09999999999955,9.81,3.93,1,1,0.01,0.01,-3.533614357101653,10.93068139320161,-0.9070180026427953,-0.9561607746716904,-7.227040857171314,-1.4386180267079105,0.0,1.2794755462994216,2.4829572223123506,0.0,0.01621064843409334,-2.0185831883652274,0.0,-3.7609812539651233,-0.030203335303024947,9.185217780275865,146.40089884765783,155.5861166279337
6.10199999999955,9.81,3.93,1,1,0.01,0.01,-3.5354429026943657,10.928766265759098,-0.9215553852567966,-0.9589309025830529,-7.310426581383222,-1.331322318240085,0.0,1.2795068129252576,2.478900528092653,0.0,0.015052295616620207,-2.0381083555319104,0.0,-3.8326347097579063,-0.028305634725068054,9.368348282094619,146.21773329957094,155.58608158166555
6.10399999999955,9.81,3.93,1,1,0.01,0.01,-3.5373006901620663,10.926845813402803,-0.9362600456072634,-0.9614853127244366,-7.394316239645552,-1.2228994156909012,0.0,1.279535742073381,2.474804799755555,0.0,0.01387317782255515,-2.057617265561306,0.0,-3.9048335058242234,-0.02632775808235307,9.55331535965438,146.03273053513908,155.58604589479347
6.10599999999955,9.81,3.93,1,1,0.01,0.01,-3.5391880550586547,10.924920469826043,-0.9511329773648116,-0.9638217456138876,-7.4786955640251715,-1.1133442093283872,0.0,1.2795622922521845,2.4706700700841138,0.0,0.012673334875968542,-2.0771096497496275,0.0,-3.9775708215934493,-0.0242688617911969,9.740120307653156,145.8458892528617,155.58600956051484
6.107999999999549,9.81,3.93,1,1,0.01,0.01,-3.5411053348965535,10.922990673251384,-0.9661751452394217,-0.9659379314547396,-7.5635498601669555,-1.0026514949500704,0.0,1.2795864220587543,2.466496372399275,0.0,0.01145281567159348,-2.0965852389378137,0.0,-4.05083964094037,-0.022128134292492767,9.92876444874545,145.65720812309738,155.58597257184283
6.109999999999549,9.81,3.93,1,1,0.01,0.01,-3.543052869087927,10.921056866451453,-0.9813874841176655,-0.9678315899513935,-7.648863997366775,-0.8908159786486491,0.0,1.279608090197181,2.462283740560623,0.0,0.010211678348157172,-2.1160437636791585,0.0,-4.124632746782456,-0.019904797640472968,10.119249134192586,145.46668578740474,155.58593492159733
6.111999999999549,9.81,3.93,1,1,0.01,0.01,-3.5450309988841546,10.919119496770115,-0.9967708981800948,-0.9695004301349008,-7.734622398662495,-0.7778322818514694,0.0,1.279627255497222,2.458032208966774,0.0,0.008949990462760848,-2.1354849544144434,0.0,-4.198942715582866,-0.017598109122923075,10.311575744525028,145.27432085787063,155.58589660239565
6.113999999999549,9.81,3.93,1,1,0.01,0.01,-3.547040067313522,10.917179016143985,-1.0123262599988432,-0.9709421501989026,-7.820809030960159,-0.6636949466364941,0.0,1.2796438769333212,2.453741812555436,0.0,0.007667829166196738,-2.1549085416547418,0.0,-4.273761911760913,-0.015207362912588765,10.505745690216706,145.0801119164271,155.5858576066438
6.1159999999995485,9.81,3.93,1,1,0.01,0.01,-3.5490804191170824,10.915235881124254,-1.0280544096155324,-0.9721544373464784,-7.9074073952144355,-0.5483984413267127,0.0,1.2796579136439605,2.4494125868030587,0.0,0.0063652813789101675,-2.174314256171992,0.0,-4.349082482011833,-0.01273189174909432,10.70176041237065,144.88405751415513,155.58581792652578
6.117999999999548,9.81,3.93,1,1,0.01,0.01,-3.55115240068266,10.913290552898816,-1.0439561535996085,-0.9731349676484642,-7.994400516682275,-0.4319371663651772,0.0,1.2796693249513849,2.44504456772413,0.0,0.005042443967552823,-2.1937018291975594,0.0,-4.424896349538071,-0.01017106865108301,10.899621383416397,144.68615617057876,155.58577755399514
6.119999999999548,9.81,3.93,1,1,0.01,0.01,-3.5532563599769458,10.91134349731467,-1.0600322640872764,-0.9738814059138023,-8.081770935270873,-0.3143054604720712,0.0,1.279678070381668,2.4406377918700453,0.0,0.003699423921788167,-2.21307099262887,0.0,-4.501195208194317,-0.007524308657650379,11.099330107818316,144.48640637294622,155.58573648076452
6.121999999999548,9.81,3.93,1,1,0.01,0.01,-3.5553926464756547,10.90939518490055,-1.0762834778012422,-0.9743914055724893,-8.169500696001093,-0.19549760708562403,0.0,1.279684109685135,2.436192296327561,0.0,0.0023363385311960944,-2.2324214792442714,0.0,-4.5779705165488345,-0.004791070598421888,11.30088812279487,144.28480657550114,155.585694698296
6.123999999999548,9.81,3.93,1,1,0.01,0.01,-3.5575616110917023,10.907446090889803,-1.0927104950515174,-0.9746626085716892,-8.2575713396093,-0.07550784108762443,0.0,1.279687402857139,2.4317081187168097,0.0,0.000953315562016499,-2.2517530229262537,0.0,-4.65521349186385,-0.001970858891325365,11.504296999048446,144.08135519874256,155.585652197791
6.125999999999547,9.81,3.93,1,1,0.01,0.01,-3.559763606101365,10.905496695243436,-1.1093139787175827,-0.9746926452855847,-8.345963893311106,0.045669644185371006,0.0,1.2796879101591934,2.4271852971888697,0.0,-0.0004495065664998632,-2.2710653588931566,0.0,-4.732915103997952,0.000936774632928365,11.709558341505435,143.87605062867505,155.5856089701805
6.127999999999547,9.81,3.93,1,1,0.01,0.01,-3.5619989850683855,10.90354748267335,-1.126094553212265,-0.9744791344395358,-8.434658861752045,0.1680406896447879,0.0,1.2796855921404502,2.4226238704228438,0.0,-0.0018719786064477079,-2.290358223939455,0.0,-4.811066069233675,0.003932228880913252,11.916673790066062,143.66889121604837,155.58556500611442
6.129999999999547,9.81,3.93,1,1,0.01,0.01,-3.5642681027659893,10.901598942665691,-1.143052803427721,-0.9740196830491193,-8.523636218170955,0.29161116286663535,0.0,1.2796804096595382,2.4180238776224674,0.0,-0.0033139403065565176,-2.3096313566847635,0.0,-4.889656844033756,0.007015851622283397,12.125645020363788,143.45987527558816,155.58552029595194
6.131999999999547,9.81,3.93,1,1,0.01,0.01,-3.5665713150967733,10.899651569504327,-1.160189273663985,-0.9733118863746217,-8.612875395803181,0.416386950221975,0.0,1.279672323906734,2.4133853585121967,0.0,-0.00477522023875368,-2.32888449783161,0.0,-4.968677618729627,0.010187937592822476,12.336473744533444,143.24900108521695,155.58547482975038
6.1339999999995465,9.81,3.93,1,1,0.01,0.01,-3.568908979010437,10.897705862294384,-1.1775044665405847,-0.9723533278915555,-8.702355279551847,0.5423739487223918,0.0,1.279661296426497,2.408708353332778,0.0,-0.006255635626288766,-2.3481173904321238,0.0,-5.0481183111462125,0.0134487265762788,12.549161711988223,143.03626688526703,155.58542859725526
6.135999999999546,9.81,3.93,1,1,0.01,0.01,-3.5712814524193193,10.895762324985835,-1.1949988418917936,-0.9711415792777701,-8.792054197956434,0.6695780575810577,0.0,1.2796472891403328,2.403992902836277,0.0,-0.007754992173750211,-2.367329780163658,0.0,-5.1279685601670435,0.016798401466729052,12.763710710204375,142.82167087768516,155.58538158788954
6.137999999999546,9.81,3.93,1,1,0.01,0.01,-3.57368909411171,10.893821466397094,-1.2126728156461413,-0.969674200417723,-8.881949915489223,0.7980051694912653,0.0,1.2796302643699988,2.399239048280546,0.0,-0.009273083899327322,-2.3865214156134433,0.0,-5.208217719244219,0.020237086313386606,12.980122565513483,142.6052112252297,155.5853337907432
6.139999999999546,9.81,3.93,1,1,0.01,0.01,-3.5761322636629043,10.891883800238581,-1.2305267586908721,-0.9679487394244745,-8.972019625211443,0.9276611616245809,0.0,1.279610184861044,2.3944468314231018,0.0,-0.010809692969690907,-2.4056920485723117,0.0,-5.288854849857846,0.023764844349946124,13.198399143901533,142.38688605066045,155.58528519456198
6.141999999999546,9.81,3.93,1,1,0.01,0.01,-3.5786113213439745,10.889949845136229,-1.248560995722103,-0.9659627326799648,-9.062239941821558,1.0585518863507737,0.0,1.279587013806673,2.3896162945144317,0.0,-0.01236458953780889,-2.4248414343375226,0.0,-5.369868714929912,0.02738167601056743,13.418542351814196,142.1666934359231,155.5852357877373
6.143999999999545,9.81,3.93,1,1,0.01,0.01,-3.5811266280282257,10.888020124654892,-1.2667758040814974,-0.9637137048941272,-9.152586895130131,1.1906831616832347,0.0,1.2795607148719355,2.3847474802906596,0.0,-0.013937531584173657,-2.4439693320247273,0.0,-5.451247772197837,0.031087516935091774,13.64055413696773,141.94463142132722,155.58518555829494
6.145999999999545,9.81,3.93,1,1,0.01,0.01,-3.5836785450953124,10.886095167321612,-1.285171412580345,-0.9611991691833812,-9.243035923996194,1.3240607614531745,0.0,1.2795312522182252,2.379840431965592,0.0,-0.015528264761785454,-2.463075504889048,0.0,-5.532980167553119,0.03488223596594256,13.864436489164525,141.72069800471974,155.58513449388425
6.147999999999545,9.81,3.93,1,1,0.01,0.01,-3.5862674343329926,10.88417550664871,-1.303748000312007,-0.9584166271690451,-9.333561870761484,1.458690405217217,0.0,1.279498590528087,2.374895193222113,0.0,-0.017136522245333824,-2.482159720655289,0.0,-5.615053728350929,0.03876563313952562,14.090191441112886,141.49489114065443,155.58508258176732
6.149999999999545,9.81,3.93,1,1,0.01,0.01,-3.5888936578364956,10.882261681156663,-1.322505695453757,-0.955363569096196,-9.424138976220082,1.5945777479032612,0.0,1.2794626950303176,2.369911808202899,0.0,-0.018762024585048998,-2.5012217518572193,0.0,-5.697455956696585,0.0427374376751691,14.31782106924981,141.26720873955767,155.5850298088075
6.1519999999995445,9.81,3.93,1,1,0.01,0.01,-3.591557577905484,10.880354234396721,-1.3414445740591303,-0.9520374739734955,-9.514740875161904,1.7317283692004635,0.0,1.2794235315253644,2.364890321500466,0.0,-0.02040447956559982,-2.520261376185913,0.0,-5.780174022715352,0.046797305964588205,14.547327494566515,141.03764866689264,155.58497616145914
6.153999999999544,9.81,3.93,1,1,0.01,0.01,-3.5942595569385896,10.878453714973217,-1.360564658841965,-0.9484358097344849,-9.60534059252997,1.8701477626996263,0.0,1.2793810664109833,2.3598307781464865,0.0,-0.022063582070629445,-2.5392783768470135,0.0,-5.863194757811991,0.05094481956550881,14.77871288343496,140.80620874232073,155.5849216257557
6.155999999999544,9.81,3.93,1,1,0.01,0.01,-3.596999957325515,10.876560676565544,-1.3798659179534079,-0.9445560334208447,-9.69591054023203,2.009841324791365,0.0,1.279335266708177,2.354733223600402,0.0,-0.023739013953292865,-2.5582725429268947,0.0,-5.946504647927112,0.055179483202738855,15.011979448435266,140.5728867388638,155.58486618729904
6.157999999999544,9.81,3.93,1,1,0.01,0.01,-3.599779141336679,10.874675677949735,-1.3993482637532302,-0.940395591388092,-9.78642251464845,2.150814343329925,0.0,1.2792861000873823,2.3495977037372917,0.0,-0.02543044391337823,-2.5772436697675625,0.0,-6.030089826797387,0.05950072278064177,15.24712944918256,140.337680382066,155.58480983124855
6.159999999999544,9.81,3.93,1,1,0.01,0.01,-3.6025974710104003,10.872799283019607,-1.4190115515768933,-0.9359519195341784,-9.876847694879405,2.2930719860716735,0.0,1.2792335348948878,2.3444242648349665,0.0,-0.02713752738153355,-2.596191559350135,0.0,-6.113936069227008,0.06390788341100878,15.484165193152027,140.1005873491572,155.58475254230922
6.161999999999543,9.81,3.93,1,1,0.01,0.01,-3.6054553080376146,10.870932060807428,-1.4388555784998824,-0.9312224435514278,-9.967156641774833,2.4366192888978073,0.0,1.279177540179485,2.3392129535603114,0.0,-0.028859906411061037,-2.6151160206867834,0.0,-6.198028784378262,0.06840022746036441,15.723089036501584,139.8616052682196,155.58469430472118
6.163999999999543,9.81,3.93,1,1,0.01,0.01,-3.608353013644119,10.869074585504068,-1.4588800821009216,-0.9262045792022354,-10.05731929779231,2.581461143832204,0.0,1.2791180857193243,2.333963816954819,0.0,-0.030597209577904655,-2.634016870220892,0.0,-6.282353009089058,0.07297693262130012,15.963903384890553,139.62073171735764,155.5846351022482
6.165999999999543,9.81,3.93,1,1,0.01,0.01,-3.6112909484703404,10.867227436478545,-1.4790847392257693,-0.920895732618927,-10.147304987728237,2.7276022868658476,0.0,1.2790551420489642,2.328676902419322,0.0,-0.032349051889346586,-2.6528939322352336,0.0,-6.366893401225774,0.07763709001236016,16.20661069429336,139.37796422387336,155.5845749181667
6.167999999999543,9.81,3.93,1,1,0.01,0.01,-3.6142694724486355,10.86539119829698,-1.4994691647533902,-0.9152933006281517,-10.237082420368942,2.8750472856006173,0.0,1.2789886804865878,2.3233522576978958,0.0,-0.034115034702003694,-2.6717470392678804,0.0,-6.451634233079853,0.08237970231136325,16.45121347180674,139.13330026344767,155.5845137352544
6.1699999999995425,9.81,3.93,1,1,0.01,0.01,-3.6172889446781276,10.863566460740854,-1.520032910366386,-0.9093946711001568,-10.326619691108846,3.0238005267261254,0.0,1.2789186731613815,2.3179899308609295,0.0,-0.03589474564969122,-2.690576032535604,0.0,-6.53655938481709,0.08720368192717362,16.69771427644945,138.8867372593299,155.58445153577935
6.171999999999542,9.81,3.93,1,1,0.01,0.01,-3.620349723297088,10.861753818824557,-1.5407754633276711,-0.9031972233232636,-10.415884285583564,3.1738662033443426,0.0,1.2788450930410429,2.312589970287335,0.0,-0.037687758581778946,-2.709380762364395,0.0,-6.621652337988513,0.09210784921525901,16.946115719952772,138.63827258153594,155.58438830148873
6.173999999999542,9.81,3.93,1,1,0.01,0.01,-3.623452165352882,10.85995387281215,-1.5616962452654686,-0.8966983284038327,-10.504843084366508,3.3252483021580703,0.0,1.2787679139594057,2.307152424645899,0.0,-0.039493633512598825,-2.7281610886267957,0.0,-6.7068961691123,0.09709093074239977,17.196420467540648,138.3879035460575,155.58432401359812
6.175999999999542,9.81,3.93,1,1,0.01,0.01,-3.6265966266694907,10.858167228233315,-1.5827946109688054,-0.8898953496919751,-10.593462368778027,3.4779505905403134,0.0,1.2786871106441438,2.3016773428757364,0.0,-0.04131191658260003,-2.7469168811855944,0.0,-6.792273543336133,0.10215155760642933,17.448631238697473,138.1356274140825,155.58425865277997
6.177999999999542,9.81,3.93,1,1,0.01,0.01,-3.6297834617126403,10.856394495898412,-1.604069847195778,-0.8827856432332278,-10.681707827856293,3.631976603502882,0.0,1.2786026587445531,2.2961647741658675,0.0,-0.04314214003177402,-2.7656480203435336,0.0,-6.877766708189984,0.10728826381664744,17.702750807922648,137.88144139123034,155.584192199153
6.179999999999541,9.81,3.93,1,1,0.01,0.01,-3.6330130234525604,10.854636291912618,-1.6255211714969628,-0.875366558246377,-10.76954456653987,3.7873296305838737,0.0,1.2785145348593663,2.2906147679338824,0.0,-0.04498382218605995,-2.7843543972984954,0.0,-6.963357487439143,0.11249948474118433,17.95878200546958,137.6253426268015,155.58412463227108
6.181999999999541,9.81,3.93,1,1,0.01,0.01,-3.6362856632244065,10.852893237689084,-1.6471477310564473,-0.8676354376275699,-10.856937115111839,3.9440127026750282,0.0,1.2784227165645845,2.2850273738036897,0.0,-0.04683646745733555,-2.8030359146037127,0.0,-7.049027275047885,0.11778355562751577,18.216727718068032,137.3673282130447,155.58405593111272
6.183999999999541,9.81,3.93,1,1,0.01,0.01,-3.639601730586385,10.851165959961051,-1.6689486015530492,-0.8595896184808142,-10.943849439955326,4.102028578810995,0.0,1.2783271824412907,2.2794026415823443,0.0,-0.04869956635762618,-2.82169248663242,0.0,-7.134757029264081,0.1231387102025655,18.47659088962748,137.10739518444245,155.58398607406994
6.185999999999541,9.81,3.93,1,1,0.01,0.01,-3.642961573175623,10.84945509079288,-1.6909227860444027,-0.8512264326749166,-11.030244955670689,4.2613797329445715,0.0,1.278227912103428,2.2737406212359312,0.0,-0.05057259552821311,-2.8403240400464083,0.0,-7.220527266835522,0.12856307935912148,18.738374521920306,136.8455405170174,155.58391503893773
6.1879999999995405,9.81,3.93,1,1,0.01,0.01,-3.646365536561831,10.847761267589949,-1.7130692138766803,-0.8425432074268651,-11.116086538603632,4.422068340732415,0.0,1.2781248862254921,2.268041362864526,0.0,-0.05245501778421921,-2.8589305142678034,0.0,-7.306318057368612,0.1340546899351931,19.00208167524232,136.58176112766117,155.5838428029035
6.18999999999954,9.81,3.93,1,1,0.01,0.01,-3.6498139640988123,10.846085133107344,-1.7353867396228246,-0.8335372659116063,-11.201336541834154,4.58409626635842,0.0,1.2780180865701336,2.2623049166761957,0.0,-0.054346282175383065,-2.877511861953452,0.0,-7.392109017840546,0.13961146359342264,19.26771546904932,136.31605387348733,155.58376934253664
6.19199999999954,9.81,3.93,1,1,0.01,0.01,-3.653307196773882,10.844427335457318,-1.7578741420522586,-0.8242059278981164,-11.28595681167494,4.7474650494223365,0.0,1.277907496015607,2.2565313329600496,0.0,-0.05624582406363168,-2.896068049471152,0.0,-7.477879307275975,0.14523121580755732,19.535279082567044,136.04841555121095,155.583694633778
6.19399999999954,9.81,3.93,1,1,0.01,0.01,-3.6568455730552576,10.842788528115443,-1.7805301231351418,-0.814546510411604,-11.369908705727468,4.912175891923409,0.0,1.2777930985830577,2.2507206620583444,0.0,-0.05815306521807226,-2.9145990573770093,0.0,-7.563607621599456,0.15091165496314318,19.804775755373043,135.77884289655663,155.58361865192967
6.19599999999954,9.81,3.93,1,1,0.01,0.01,-3.660429428737496,10.84116936992541,-1.8033533070843382,-0.8045563284216254,-11.453153112543399,5.078229645370229,0.0,1.2776748794635964,2.244872954337626,0.0,-0.06006741392806539,-2.933104880893096,0.0,-7.649272188675064,0.1566503815798363,20.076208787948048,135.50733258369667,155.5835413716447
6.197999999999539,9.81,3.93,1,1,0.01,0.01,-3.664059096785054,10.839570525102436,-1.826342239438349,-0.794232695555827,-11.535650472937384,5.245626798049386,0.0,1.2775528250451331,2.238988260158926,0.0,-0.06198826513495659,-2.9515855303845706,0.0,-7.73485076354455,0.16244488766261483,20.349581542194908,135.23388122472275,155.58346276691765
6.199999999999539,9.81,3.93,1,1,0.01,0.01,-3.6677349071740615,10.837992663235212,-1.8494953861885615,-0.7835729248389625,-11.617360802996917,5.414367462487571,0.0,1.277426922938918,2.2330666298469866,0.0,-0.06391500058315411,-2.9700410318353376,0.0,-7.8203206238755625,0.16829255618956382,20.624897441922325,134.9584853691514,155.5833828110737
6.201999999999539,9.81,3.93,1,1,0.01,0.01,-3.6714571867323906,10.836436459286345,-1.8728111329542498,-0.7725743294567631,-11.698243718832355,5.584451363142852,0.0,1.277297162005779,2.227108113658566,0.0,-0.06584698899101019,-2.98847142732138,0.0,-7.905658565631647,0.17419066074338313,20.902159973292324,134.6811415034678,155.58330147676014
6.203999999999539,9.81,3.93,1,1,0.01,0.01,-3.6752262589781317,10.834902593591256,-1.8962877842088535,-0.7612342235441646,-11.778258463110069,5.7558778243630915,0.0,1.2771635323819717,2.2211127617497644,0.0,-0.0677835862422641,-3.0068767754806442,0.0,-7.99084089897527,0.18013636529462365,21.181372685227394,134.40184605070806,155.58321873593545
6.2059999999995386,9.81,3.93,1,1,0.01,0.01,-3.679042443956572,10.833391751855471,-1.919923562561137,-0.7495499229973177,-11.857363933408372,5.928645758650873,0.0,1.2770260255046515,2.2150806241424457,0.0,-0.06972413559842275,-3.0252571519786002,0.0,-8.075843444415888,0.18612672414370343,21.462539189776848,134.12059537008395,155.5831345598608
6.207999999999538,9.81,3.93,1,1,0.01,0.01,-3.682906058075796,10.831904625150273,-1.9437166080949178,-0.737518746308728,-11.93551871243487,6.102753655275857,0.0,1.2768846341368816,2.2090117506897187,0.0,-0.07166796793274846,-3.043612649968262,0.0,-8.160641529214253,0.19215868202955497,21.74566316243855,133.83738575665194,155.5830489190905
6.209999999999538,9.81,3.93,1,1,0.01,0.01,-3.686817413941028,10.830441909906645,-1.9676649777711193,-0.7251380154247885,-12.01268110014122,6.278199569277737,0.0,1.2767393523921595,2.202906191040504,0.0,-0.07361440198631125,-3.0619433805436223,0.0,-8.245209984054673,0.19822907441220744,22.030748342434286,133.55221344102847,155.58296178346276
6.211999999999538,9.81,3.93,1,1,0.01,0.01,-3.6907768201878417,10.829004307907494,-1.9917666448959805,-0.712405056624878,-12.088809147768718,6.454981110904116,0.0,1.2765901757584044,2.196763994603206,0.0,-0.07556274464659563,-3.080249473185278,0.0,-8.329523139996558,0.20433462793668034,22.317798532936045,133.26507458915478,155.58287312209083
6.213999999999538,9.81,3.93,1,1,0.01,0.01,-3.694784581314378,10.827592526278092,-2.016019498659313,-0.6993172014211109,-12.163860693855407,6.633095435529723,0.0,1.2764371011213647,2.190585210508498,0.0,-0.0775122912491234,-3.0985310761970624,0.0,-8.413554825716615,0.21047196108545269,22.606817601240795,132.9759653021132,155.582782903354
6.2159999999995375,9.81,3.93,1,1,0.01,0.01,-3.698840997512711,10.826207277474683,-2.0404213437467553,-0.6858717874777274,-12.237793402232464,6.812539234105085,0.0,1.276280126787411,2.1843698875712576,0.0,-0.07946232590248176,-3.116788357132427,0.0,-8.497278365052924,0.21663758502651972,22.897809478891475,132.68488161599822,155.5826910948897
6.217999999999537,9.81,3.93,1,1,0.01,0.01,-3.7029463644995175,10.824849279271254,-2.0649699000300346,-0.6720661595490155,-12.310564802034497,6.993308724184269,0.0,1.2761192525056273,2.1781180742516297,0.0,-0.08141212183723562,-3.13502150320919,0.0,-8.580666574861716,0.22282790466420732,23.190778161740567,132.39181950184317,155.58259766358373
6.219999999999537,9.81,3.93,1,1,0.01,0.01,-3.7071009733462073,10.823519254744395,-2.0896628023392743,-0.6578976704345554,-12.38213232974425,7.175399641583342,0.0,1.2759544794892146,2.1718298186153175,0.0,-0.08336094177889619,-3.153230721711446,0.0,-8.663691763197999,0.22903921989896847,23.485727709955537,132.09677486560815,155.5825025755637
6.221999999999537,9.81,3.93,1,1,0.01,0.01,-3.711305110308683,10.82221793225625,-2.1144976003214473,-0.6433636819504724,-12.45245337328949,7.358807232722806,0.0,1.275785810436097,2.1655051682930386,0.0,-0.08530803834545475,-3.1714162403771016,0.0,-8.746325727830286,0.23526772710316438,23.78266224796142,131.79974354822795,155.58240579618936
6.223999999999537,9.81,3.93,1,1,0.01,0.01,-3.7155590566569074,10.820946045435486,-2.1394717583890803,-0.6284615659152757,-12.521485318204677,7.543526247708627,0.0,1.2756132495487216,2.159144170439252,0.0,-0.08725265446955693,-3.1895783077697146,0.0,-8.828539755099976,0.24150952081848093,24.081585964319498,131.50072132572615,155.58230729004563
6.225999999999536,9.81,3.93,1,1,0.01,0.01,-3.7198630885044626,10.819704333156304,-2.164582655763359,-0.6131887051487485,-12.589185595866553,7.729550934208758,0.0,1.2754368025529894,2.1527468716901534,0.0,-0.08919402384560271,-3.2077171936331568,0.0,-8.91030461913542,0.24776059568100375,24.382503111538995,131.19970390939616,155.58220702093516
6.227999999999536,9.81,3.93,1,1,0.01,0.01,-3.72421747663829,10.818493539515424,-2.189827586615779,-0.5975424944822425,-12.655511733808067,7.916875032183145,0.0,1.2752564767162542,2.1463133181209577,0.0,-0.09113137140197214,-3.2258331892275445,0.0,-8.991590581430158,0.25401684857951473,24.685418005818313,130.89668694605106,155.58210495186938
6.229999999999536,9.81,3.93,1,1,0.01,0.01,-3.7286224863488204,10.81731441380704,-2.2152037603125043,-0.5815203417786087,-12.720421408109615,8.105491769526871,0.0,1.2750722808643733,2.139843555202569,0.0,-0.09306391379830986,-3.2439266076450433,0.0,-9.072367390795085,0.26027408105157024,24.990335026715037,130.5916660183481,155.58200104506312
6.231999999999536,9.81,3.93,1,1,0.01,0.01,-3.733078377260694,10.816167710495732,-2.2407083017655838,-0.5651196689598773,-12.783872497862804,8.295393858688092,0.0,1.274884225397716,2.1333376277575993,0.0,-0.09499085994811368,-3.261997784103844,0.0,-9.152604283693053,0.26652800192249143,25.297258616739892,130.28463664518594,155.58189526192584
6.2339999999995355,9.81,3.93,1,1,0.01,0.01,-3.7375854031642977,10.815054189187318,-2.2663382518951543,-0.5483379130406763,-12.845823141695066,8.486573494323073,0.0,1.2746923223061162,2.1267955799158504,0.0,-0.09691141156641286,-3.2800470762188594,0.0,-9.232269984964782,0.27277423019079344,25.6061932808739,129.97559428218142,155.58178756305531
6.235999999999535,9.81,3.93,1,1,0.01,0.01,-3.742143811848337,10.81397461459763,-2.292090568206745,-0.5311725271652474,-12.906231796339371,8.679022352053078,0.0,1.2744965851827015,2.1202174550692687,0.0,-0.098824763742555,-3.298074864247492,0.0,-9.311332708954035,0.27900829816386324,25.91714358600516,129.66453432222576,155.58167790823092
6.237999999999535,9.81,3.93,1,1,0.01,0.01,-3.746753844933685,10.812929756519216,-2.3179621254877474,-0.5136209816457942,-12.965057297226405,8.872731588388183,0.0,1.2742970292365472,2.1136032958264344,0.0,-0.10073010553789763,-3.316081551308849,0.0,-9.38976016103955,0.2852256548466799,26.23011416028295,129.35145209612358,155.58156625640652
6.239999999999535,9.81,3.93,1,1,0.01,0.01,-3.751415737708743,10.811920389785968,-2.3439497166270677,-0.4956807649997576,-13.022258921071176,9.067691841885337,0.0,1.274093671304119,2.1069531439666465,0.0,-0.10262662060815853,-3.3340675635748314,0.0,-9.467519539580973,0.29142166958581994,26.545109692386994,129.03634287331772,155.58145256570472
6.241999999999535,9.81,3.93,1,1,0.01,0.01,-3.7561297189665717,10.810947294235675,-2.3700500535619216,-0.47734938498348656,-13.077796450419733,9.263893235608476,0.0,1.273886529859433,2.1002670403936388,0.0,-0.1045134878501795,-3.3520333504313955,0.0,-9.544577538285026,0.2975916359705277,26.86213493070861,128.71920186270074,155.58133679340935
6.243999999999534,9.81,3.93,1,1,0.01,0.01,-3.7608960108440392,10.810011254670515,-2.396259768355646,-0.4586243696196275,-13.131630240114852,9.461325380960082,0.0,1.273675625022915,2.0935450250890306,0.0,-0.10638988207259181,-3.3699793846084334,0.0,-9.620900348998093,0.30373077599137754,27.18119468244269,128.4000242135178,155.5812188959605
6.245999999999534,9.81,3.93,1,1,0.01,0.01,-3.765714828663267,10.80911306081551,-2.4225754144103253,-0.4395032682154213,-13.183721285633656,9.659977382954382,0.0,1.2734609785688793,2.0867871370655253,0.0,-0.10825497469006495,-3.3879061622765465,0.0,-9.696453664930157,0.309834244457069,27.50229381258673,128.07880501636077,155.58109882894752
6.247999999999534,9.81,3.93,1,1,0.01,0.01,-3.770586380775633,10.808253507274943,-2.448993467817919,-0.4199836523689528,-13.234031293242639,9.85983784700348,0.0,1.2732426139316062,2.0799934143199676,0.0,-0.11010793444046485,-3.405814203109169,0.0,-9.771202684315003,0.31589713366832317,27.825437242845883,127.75553930425768,155.58097654710357
6.249999999999534,9.81,3.93,1,1,0.01,0.01,-3.775510868408622,10.807433393486777,-2.475510328853466,-0.4000631169602551,-13.282522751909294,10.060894887288576,0.0,1.273020556209958,2.0731638937862993,0.0,-0.11194792812437698,-3.4237040503083636,0.0,-9.845112114510329,0.32191447834761555,28.150629950441132,127.43022205385833,155.58085200429946
6.2519999999995335,9.81,3.93,1,1,0.01,0.01,-3.7804884855158045,10.806653523675127,-2.502122323613815,-0.37973928112402566,-13.329159006902056,10.263136136788917,0.0,1.2727948321704976,2.0662986112885102,0.0,-0.11377412136621118,-3.4415762705927273,0.0,-9.918146176541104,0.32788126082217167,28.477876966819018,127.10284818671892,155.58072515353794
6.253999999999533,9.81,3.93,1,1,0.01,0.01,-3.7855194186302437,10.805914706800785,-2.5288257058051773,-0.35900978920056614,-13.373904335003271,10.466548759041878,0.0,1.272565470249058,2.0593976014936537,0.0,-0.1155856793961054,-3.4594314541458027,0.0,-9.990268610088473,0.3337924164569944,28.80718337626052,126.77341257068767,155.5805959469482
6.255999999999533,9.81,3.93,1,1,0.01,0.01,-3.790603846721628,10.805217756509885,-2.555616658682656,-0.33787231166140824,-13.416724021253161,10.671119461708619,0.0,1.2723325005507338,2.052460897864993,0.0,-0.11738176785176535,-3.4772702145234824,0.0,-10.06144267892592,0.3396428393337767,29.13855431438768,126.44191002139198,155.58046433577965
6.257999999999533,9.81,3.93,1,1,0.01,0.01,-3.7957419410574373,10.804563491080737,-2.582491297144715,-0.316324546005942,-13.4575844371346,10.876834512019002,0.0,1.2720959548482513,2.0454885326153938,0.0,-0.11916155359917152,-3.495093188518884,0.0,-10.131631176803472,0.34542738817024854,29.471994966566303,126.10833530383078,155.5803302703971
6.259999999999533,9.81,3.93,1,1,0.01,0.01,-3.800933865068456,10.8039527333689,-2.6094456699853823,-0.29436421762521203,-13.496453120102215,11.08367975417075,0.0,1.2718558665786672,2.038480536661014,0.0,-0.12092420557117231,-3.5129010359831927,0.0,-10.200796433779752,0.3511408924740247,29.807510566202392,125.7726831340718,155.58019370027418
6.261999999999532,9.81,3.93,1,1,0.01,0.01,-3.806179774218948,10.80338631075057,-2.6364757623067665,-0.271989080628899,-13.533298854351523,11.291640628757673,0.0,1.2716122708383892,2.0314369395754084,0.0,-0.12266889562271852,-3.5306944396011404,0.0,-10.26890032300126,0.3567781589235024,30.145106392932178,125.4349481810563,155.5800545739885
6.263999999999532,9.81,3.93,1,1,0.01,0.01,-3.811479815881822,10.802865055064343,-2.6635774980942624,-0.24919691863135346,-13.568091752716818,11.500702194301393,0.0,1.2713652043764605,2.024357769544123,0.0,-0.12439479940152218,-3.5484741046196695,0.0,-10.335904267926688,0.36233397796766054,30.48478777070344,125.09512506851195,155.57991283921538
6.265999999999532,9.81,3.93,1,1,0.01,0.01,-3.8168341292191106,10.802389802551463,-2.690746742956582,-0.22598554549240063,-13.60080333957945,11.710849150961467,0.0,1.2711147055860923,2.017243053319885,0.0,-0.12610109723276977,-3.5662407585285436,0.0,-10.401769249993777,0.3678031306353826,30.82656006574753,124.75320837697524,155.57976844272275
6.267999999999532,9.81,3.93,1,1,0.01,0.01,-3.8222428450680956,10.801961393794627,-2.717979307032509,-0.20235280600848413,-13.631406634661264,11.922065866498105,0.0,1.2708608144944105,2.0100928161784735,0.0,-0.12778697501648498,-3.5839951506916456,0.0,-10.466455816724807,0.3731803955440197,31.17042868444092,124.40919264592372,155.57962133036466
6.2699999999995315,9.81,3.93,1,1,0.01,0.01,-3.8277060858334147,10.801580673655467,-2.745270948066015,-0.17829657654957023,-13.659876237570963,12.134336404561596,0.0,1.2706035727504028,2.0029070818753842,0.0,-0.1294516251359591,-3.6017380519278346,0.0,-10.529924090266084,0.37846055609558304,31.51639907105601,124.06307237601956,155.57947144707558
6.271999999999531,9.81,3.93,1,1,0.01,0.01,-3.8332239653854883,10.801248491210814,-2.772617374651109,-0.1538147656370854,-13.686188412964865,12.34764455538166,0.0,1.2703430236110274,1.9956858726033788,0.0,-0.13109424737569725,-3.619470254040264,0.0,-10.592133776355599,0.38363840784823106,31.864476705399813,123.71484203146429,155.5793187368641
6.273999999999531,9.81,3.93,1,1,0.01,0.01,-3.8387965889656073,10.800965699687872,-2.8000142496474996,-0.12890531445801387,-13.710321176177123,12.561973868929968,0.0,1.270079211925493,1.988429208951035,0.0,-0.13271404984712365,-3.637192569293245,0.0,-10.653044173712265,0.3887087660492998,32.214667100341536,123.36449604246523,155.57916314280678
6.275999999999531,9.81,3.93,1,1,0.01,0.01,-3.844424053098023,10.800733156398428,-2.8274571937678625,-0.10356619731013764,-13.732254379168324,12.777307690627344,0.0,1.2698121841176744,1.9811371098623913,0.0,-0.13431024992031476,-3.6549058298357098,0.0,-10.712614183838628,0.39366647331538784,32.566975799227826,123.01202880781395,155.57900460704178
6.277999999999531,9.81,3.93,1,1,0.01,0.01,-3.850106445509383,10.800551722672246,-2.854941789337197,-0.07779542197325758,-13.751969796636034,12.99362919966707,0.0,1.269541988166651,1.9738095925977959,0.0,-0.13588207515990164,-3.672610887070516,0.0,-10.770802321228247,0.398506407443833,32.92140837318583,122.6574346975756,155.57884307076142
6.27999999999953,9.81,3.93,1,1,0.01,0.01,-3.855843845055859,10.8004222637898,-2.882463584224427,-0.05159103000109289,-13.769451212125423,13.2109214500247,0.0,1.2692686735853878,1.9664466726960785,0.0,-0.13742876426316808,-3.690308610968991,0.0,-10.827566723967793,0.4032234893387881,33.27797041831558,122.30070805588997,155.57867847420556
6.28199999999953,9.81,3.93,1,1,0.01,0.01,-3.8616363216583114,10.8003456489145,-2.9100180959460866,-0.024951096928417592,-13.784684503973212,13.429167414222816,0.0,1.2689922913975258,1.9590483639381477,0.0,-0.1389495679983861,-3.7079998893300705,0.0,-10.882865164722405,0.4078126910343756,33.63666755277094,121.94184320388295,155.57851075665388
6.28399999999953,9.81,3.93,1,1,0.01,0.01,-3.8674839362458275,10.800322751024606,-2.9376008159415847,0.0021262676121451204,-13.797657730914198,13.648350029919344,0.0,1.2687128941123063,1.9516146783121182,0.0,-0.14044375014132537,-3.725685626983708,0.0,-10.936655062092267,0.4122690437963419,33.997505413730984,121.58083444268715,155.57833985641813
6.28599999999953,9.81,3.93,1,1,0.01,0.01,-3.8733867407079887,10.800354446844981,-2.9652072140192014,0.029642919869383645,-13.808361217175534,13.868452249385452,0.0,1.2684305356976169,1.944145625980093,0.0,-0.1419105884077838,-3.743366744938171,0.0,-10.988893492326532,0.4165876462826465,34.36048965426219,121.21767605657107,155.57816571083325
6.2879999999995295,9.81,3.93,1,1,0.01,0.01,-3.8793447778561934,10.800441616778933,-2.99283274297161,0.057600682054659166,-13.816787636880875,14.089457091938758,0.0,1.26814527155119,1.9366412152467138,0.0,-0.14334937537995424,-3.7610441794711615,0.0,-11.03953720138018,0.42076367274264054,34.72562594007384,120.85236231617556,155.5779882562494
6.289999999999529,9.81,3.93,1,1,0.01,0.01,-3.8853580813943824,10.800585144840298,-3.0204728433593697,0.08600134253094177,-13.822932097584193,14.31134769939555,0.0,1.2678571584699483,1.9291014525295735,0.0,-0.14475941942444837,-3.778718881164656,0.0,-11.088542617297499,0.42479238123384877,35.092919946167164,120.48488748185487,155.57780742802203
6.291999999999529,9.81,3.93,1,1,0.01,0.01,-3.8914266758994964,10.800785918586035,-3.0481229484604615,0.11484665611582244,-13.826792222750928,14.534107394604634,0.0,1.2675662546175173,1.921526342331614,0.0,-0.14614004559968718,-3.796391813883616,0.0,-11.135865862905073,0.4286691218344402,35.46237735338055,120.11524580712083,155.5776231605014
6.293999999999529,9.81,3.93,1,1,0.01,0.01,-3.897550576811997,10.801044829049536,-3.075778489383583,0.14413834450472554,-13.82836823300324,14.757719743124037,0.0,1.2672726194899613,1.9139158872156443,0.0,-0.1474905965502773,-3.814063953698911,0.0,-11.181462768795852,0.4323893448286429,35.834003844834356,119.74343154218889,155.57743538702323
6.295999999999529,9.81,3.93,1,1,0.01,0.01,-3.9037297904367763,10.801362770674908,-3.1034349003425445,0.17387809682066752,-13.827663025945997,14.98216861810031,0.0,1.2669763138797125,1.9062700877810355,0.0,-0.1488104333862132,-3.831736287754739,0.0,-11.225288886584092,0.4359486088425046,36.20780510227513,119.3694389376208,155.57724403989593
6.297999999999528,9.81,3.93,1,1,0.01,0.01,-3.9099643139547724,10.801740641252488,-3.1310876240887446,0.20406757029702546,-13.824682254390279,15.207438268408712,0.0,1.2666773998377874,1.8985889426427696,0.0,-0.1500989365443529,-3.8494098130812704,0.0,-11.267299502410353,0.4393425889057984,36.58378680232511,118.99326224806448,155.57704905038958
6.299999999999528,9.81,3.93,1,1,0.01,0.01,-3.916254135445608,10.802179341855863,-3.1587321174983383,0.23470839109989522,-13.819434402793119,15.433513390111784,0.0,1.266375940634282,1.8908724484128876,0.0,-0.1513555066300053,-3.86708553535314,0.0,-11.307449650673629,0.4425670844166356,36.961954612637754,118.61489573608448,155.57685034872225
6.301999999999528,9.81,3.93,1,1,0.01,0.01,-3.9225992339215514,10.802679776780684,-3.186363857310352,0.2658021552967311,-13.811930861734217,15.660379201291914,0.0,1.2660720007172097,1.8831205996844953,0.0,-0.15257956523611238,-3.884764467594721,0.0,-11.345694127966746,0.44561802698399244,37.34231418796383,118.23433367608241,155.57664786404624
6.303999999999528,9.81,3.93,1,1,0.01,0.01,-3.928999579373105,10.803242853485553,-3.2139783460116433,0.29735042997807193,-13.802186000253968,15.88802152031344,0.0,1.2657656456697342,1.8753333890184019,0.0,-0.15377055573776977,-3.902447628833266,0.0,-11.3819875071897,0.4484914881238735,37.72487116613187,117.85157035830174,155.57644152443362
6.3059999999995275,9.81,3.93,1,1,0.01,0.01,-3.9354551328265033,10.803869482535337,-3.2415711178642517,0.32935475453926455,-13.7902172358812,16.116426847567848,0.0,1.265456942165826,1.867510806932501,0.0,-0.15492794405973087,-3.9201360427010363,0.0,-11.41628415181373,0.45118368678438164,38.10963116394622,117.46660009291362,155.57623125685984
6.307999999999527,9.81,3.93,1,1,0.01,0.01,-3.941965846413406,10.804560577547187,-3.269137745070357,0.3618166421292067,-13.776045102184872,16.345582450756087,0.0,1.265145957924423,1.8596528418940061,0.0,-0.15605121941456007,-3.9378307359878733,0.0,-11.448538230267985,0.45369099667493434,38.49659977300756,117.0794172141795,155.57601698718707
6.309999999999527,9.81,3.93,1,1,0.01,0.01,-3.9485316634530556,10.805317055139646,-3.2966738440697334,0.3947375812732357,-13.75969331368995,16.575476453760974,0.0,1.2648327616621475,1.8517594803146245,0.0,-0.1571398950091995,-3.955532737145684,0.0,-11.478703730418674,0.45600995337515365,38.885782555460594,116.69001608468562,155.57579864014622
6.311999999999527,9.81,3.93,1,1,0.01,0.01,-3.955152518547154,10.80613983488517,-3.3241750819642673,0.42811903767739606,-13.741188828005752,16.80609792916272,0.0,1.2645174230446274,1.8438307065487598,0.0,-0.15819350871774912,-3.9732430747464904,0.0,-11.506734474109013,0.45813726119913534,39.27718503967257,116.29839109964416,155.57557613931672
6.313999999999527,9.81,3.93,1,1,0.01,0.01,-3.961828337687715,10.807029839266454,-3.351637183063828,0.46196245622142595,-13.720561905023294,17.037436994451063,0.0,1.2642000126365305,1.8358665028948655,0.0,-0.15921162371820152,-3.9909627758959516,0.0,-11.532584131727102,0.46006979979081286,39.67081271584967,115.90453669125719,155.57534940710687
6.315999999999526,9.81,3.93,1,1,0.01,0.01,-3.968559038378121,10.80798799363693,-3.379055935547488,0.4962692631479098,-13.697846163048695,17.269484911988208,0.0,1.2638806018503477,1.8278668495999904,0.0,-0.16019382909117436,-4.008692864604224,0.0,-11.55620623676649,0.46180463042725667,40.0666710315949,115.50844733313596,155.57511836473086
6.317999999999526,9.81,3.93,1,1,0.01,0.01,-3.975344529767616,10.80901522618586,-3.4064271982338443,0.531040868455153,-13.673078631749874,17.502234192777458,0.0,1.2635592628940202,1.8198317248676392,0.0,-0.16113974037850154,-4.026434360116312,0.0,-11.57755420034303,0.46333900200658285,40.464765387413735,115.11011754477173,155.57488293218546
6.319999999999526,9.81,3.93,1,1,0.01,0.01,-3.9821847127994396,10.810112467908407,-3.4337469074539504,0.5662786685014473,-13.646299801806999,17.735678704094827,0.0,1.263236068717498,1.8117611048690048,0.0,-0.16204900009983197,-4.044188275204155,0.0,-11.596581325629645,0.4646703566984164,40.865101132173855,114.7095418960509,155.57464302822476
6.321999999999526,9.81,3.93,1,1,0.01,0.01,-3.9890794803728054,10.811280652581146,-3.461011084020174,0.6019840488285114,-13.617553671169789,17.969813781042657,0.0,1.262911092958302,1.8036549637576538,0.0,-0.162921278225372,-4.061955614422779,0.0,-11.613240822168734,0.46579633523535385,41.267683558524226,114.3067150118091,155.57439857033333
6.323999999999526,9.81,3.93,1,1,0.01,0.01,-3.9960287175189078,10.812520716743443,-3.488215840284105,0.6381583872120122,-13.586887787839844,18.204636342087273,0.0,1.262584409886192,1.7955132736877346,0.0,-0.1637562726030642,-4.0797373723330015,0.0,-11.627485820020187,0.46671478182494935,41.672517898280475,113.90163157641716,155.57414947469763
6.325999999999525,9.81,3.93,1,1,0.01,0.01,-4.003032301591127,10.813833599685163,-3.5153573872764956,0.6748030569471998,-13.5543532891119,18.44014500864645,0.0,1.2622560943470176,1.7873360048357685,0.0,-0.16455370933860464,-4.097534531693256,0.0,-11.63926938370095,0.4674237486627789,42.07960931778252,113.49428633839278,155.5738956561753
6.327999999999525,9.81,3.93,1,1,0.01,0.01,-4.010090102469592,10.815220243441205,-3.542432041922101,0.7119194303778255,-13.520004937225112,18.67634022879712,0.0,1.2619262217058704,1.7791231254260877,0.0,-0.16531334312681784,-4.115348061623248,0.0,-11.648544525870253,0.4679215000282752,42.488962913231944,113.08467411503102,155.57363702826297
6.329999999999525,9.81,3.93,1,1,0.01,0.01,-4.017201982780236,10.816681592793332,-3.5694362343222035,0.7495088826766576,-13.483901151393361,18.913224405178312,0.0,1.261594867789614,1.770874601759977,0.0,-0.16603495753303826,-4.133178915742142,0.0,-11.655264220712253,0.4682065159462916,42.90058370601492,112.67278979704692,155.57337350306184
6.331999999999525,9.81,3.93,1,1,0.01,0.01,-4.0243677981284876,10.818218595279825,-3.596366515097564,0.7875727958860662,-13.44610403620347,19.15080202717161,0.0,1.2612621088289053,1.7625903982485491,0.0,-0.16671836522337163,-4.151028030284165,0.0,-11.659381416966095,0.46827749539895974,43.314476638018824,112.2586283532222,155.57310499124102
6.3339999999995245,9.81,3.93,1,1,0.01,0.01,-4.031587397347696,10.81983220121349,-3.6232195627845445,0.8261125632273195,-13.406679406390605,19.389079807447988,0.0,1.2609280213998073,1.7542704774494235,0.0,-0.16736340814271106,-4.168896322194459,0.0,-11.660849050550866,0.46813335907346093,43.7306465669485,111.84218483505022,155.5728314019987
6.335999999999524,9.81,3.93,1,1,0.01,0.01,-4.038860622762396,10.82152336370855,-3.649992191277183,0.8651295936874212,-13.365696808021783,19.628066822978695,0.0,1.2605926823650992,1.7459148001072222,0.0,-0.1679699576397095,-4.186784687208151,0.0,-11.659620056730912,0.4677732516333795,44.14909826165056,111.42345438137063,155.5725526430212
6.337999999999524,9.81,3.93,1,1,0.01,0.01,-4.0461873104665,10.82329303871701,-3.6766813573080843,0.9046253168925215,-13.323229536141591,19.867774660617435,0.0,1.2602561688153862,1.7375233251979196,0.0,-0.16853791453798572,-4.204693997915563,0.0,-11.655647381764508,0.4671965435027056,44.569836397451894,111.00243222298678,155.57226862043868
6.339999999999524,9.81,3.93,1,1,0.01,0.01,-4.053567290616483,10.825142185075041,-3.7032841679611255,0.9446011882771623,-13.279354648958126,20.1082175673726,0.0,1.259918558010137,1.7290960099770873,0.0,-0.16906720915299078,-4.222625101816576,0.0,-11.648883993976657,0.46640283215323136,44.992865551521454,110.57911368725894,155.5719792387804
6.341999999999524,9.81,3.93,1,1,0.01,0.01,-4.061000387739618,10.827071764560035,-3.729797888209162,0.9850586945588641,-13.23415297867198,20.349412605499925,0.0,1.2595799273187112,1.7206328100320178,0.0,-0.16955780125428466,-4.240578819366986,0.0,-11.639282894193816,0.4653919428882847,45.41819019825978,110.1534942026644,155.5716844009242
6.343999999999523,9.81,3.93,1,1,0.01,0.01,-4.068486421057308,10.829082741958898,-3.7562199484701324,1.0259993595278383,-13.187709139077953,20.59137981256152,0.0,1.2592403541615553,1.7121336793377804,0.0,-0.17000967997296396,-4.258555942019978,0.0,-11.62679712547675,0.4641639291170797,45.84581470472757,109.72556930331865,155.5713840080462
6.345999999999523,9.81,3.93,1,1,0.01,0.01,-4.076025204823544,10.831176085148254,-3.782547952175274,1.0674247501619163,-13.140111530095467,20.834142366611374,0.0,1.2588999159516074,1.7035985703171834,0.0,-0.17042286365435277,-4.276557230265394,0.0,-11.61137978208382,0.46271907211637536,46.27574332611701,109.2953346334486,155.57107795956563
6.347999999999523,9.81,3.93,1,1,0.01,0.01,-4.083616548678505,10.83335276518722,-3.808779683343472,1.1093364830771237,-13.091452339412577,21.077726756686566,0.0,1.2585586900360681,1.6950274339046643,0.0,-0.17079739965614305,-4.294583411669786,0.0,-11.592984017595452,0.4610578802777663,46.707980201275696,108.8627859518116,155.5707661530873
6.349999999999523,9.81,3.93,1,1,0.01,0.01,-4.091260258017307,10.835613756423417,-3.834913114156192,1.1517362313247062,-13.041827541457344,21.32216295880233,0.0,1.2582167536386184,1.6864202196140878,0.0,-0.17113336409244972,-4.312635178919882,0.0,-11.571563052126848,0.4591810878411312,47.14252934828885,108.4279191360516,155.57044848434046
6.3519999999995225,9.81,3.93,1,1,0.01,0.01,-4.098956134373901,10.837960036612937,-3.8609464125278765,1.1946257315458286,-12.991336893940343,21.567484617670935,0.0,1.2578741838022176,1.6777768756104714,0.0,-0.17143086152432474,-4.330713187872223,0.0,-11.547070178553804,0.45708965311644245,47.57939466012831,107.99073018698721,155.57012484711552
6.353999999999522,9.81,3.93,1,1,0.01,0.01,-4.106703975820101,10.840392587054982,-3.886877949667228,1.2380067914956403,-12.940083932243642,21.8137292343892,0.0,1.2575310573325673,1.6690973487855825,0.0,-0.1716900245976919,-4.348818055611372,0.0,-11.519458767672766,0.4547847561987259,48.01857990037438,107.55121523282192,155.5697951331963
6.355999999999522,9.81,3.93,1,1,0.01,0.01,-4.114503577379725,10.842912392741932,-3.9127063076253665,1.2818812979489032,-12.888175961962697,22.06093836036461,0.0,1.2571874507423322,1.6603815848374082,0.0,-0.171911013629663,-4.366950358519087,0.0,-11.488682272213643,0.4522677961824041,48.460088699016616,107.10937053327106,155.56945923228767
6.357999999999522,9.81,3.93,1,1,0.01,0.01,-4.122354731457816,10.84552044252562,-3.938430286827504,1.3262512249999612,-12.835724049941444,22.30915779778092,0.0,1.2568434401962738,1.6516295283534947,0.0,-0.17209401614440928,-4.385110630356767,0.0,-11.454694229620785,0.4495403878832699,48.90392454834269,106.66519248359941,155.56911703194208
6.359999999999522,9.81,3.93,1,1,0.01,0.01,-4.1302572282849,10.848217729300613,-3.9640489135854917,1.371118642770452,-12.782843014174,22.55843780693518,0.0,1.2564991014573343,1.642841122898086,0.0,-0.1722392463601583,-4.403299360363025,0.0,-11.417448263513586,0.4466043580787906,49.35009079891903,106.21867761856086,155.56876841747987
6.361999999999521,9.81,3.93,1,1,0.01,0.01,-4.13821085637626,10.851005250205315,-3.989561447589372,1.4164857265388677,-12.729651412981347,22.808833320813573,0.0,1.2561545098338085,1.6340163111030608,0.0,-0.17234694462884675,-4.421516991368319,0.0,-11.376898083735423,0.4434617412787063,49.79859065567083,105.76982261623567,155.5684132719065
6.363999999999521,9.81,3.93,1,1,0.01,0.01,-4.146215403006162,10.853884006841781,-4.014967389376925,1.4623547663068401,-12.676271533906798,23.060404167312036,0.0,1.255809740127672,1.6251550347626167,0.0,-0.17241737683031239,-4.439763917928098,0.0,-11.332997484895474,0.4401147750401287,50.249427174066696,105.31862430175826,155.56805147582497
6.365999999999521,9.81,3.93,1,1,0.01,0.01,-4.154270654697007,10.856855005515103,-4.040266487781123,1.5087281768178817,-12.622829382810696,23.313215299549803,0.0,1.2554648665841688,1.616257234931671,0.0,-0.17245083372301734,-4.458040484475848,0.0,-11.285700343304766,0.43656589484289454,50.70260325641347,104.8650796509304,155.56768290734385
6.367999999999521,9.81,3.93,1,1,0.01,0.01,-4.162376397723344,10.8599192574933,-4.065458747356402,1.555608508045253,-12.569454673682701,23.567337034770166,0.0,1.2551199628427523,1.6073228520279375,0.0,-0.17244763025353144,-4.47634698349705,0.0,-11.234960612203562,0.43281772854272427,51.15812164826729,104.40918579371447,155.56730744198177
6.3699999999995205,9.81,3.93,1,1,0.01,0.01,-4.170532418630727,10.863077779288671,-4.090544435785731,1.6029984561666684,-12.516280819727452,23.822845302372027,0.0,1.25477510188942,1.598351825937624,0.0,-0.17240810482718122,-4.494683653724696,0.0,-11.180732315173227,0.42887309042130617,51.61598493496322,103.95094001760137,155.5669249525646
6.37199999999952,9.81,3.93,1,1,0.01,0.01,-4.178738504769365,10.866331592961604,-4.115524091271622,1.6509008750446874,-12.463444926320642,24.079821901671693,0.0,1.2544303560105703,1.5893440961247305,0.0,-0.1723326185423944,-4.513050678356845,0.0,-11.122969537621742,0.4247349748537604,52.076195538270866,103.49033977084929,155.56653530912016
6.37399999999952,9.81,3.93,1,1,0.01,0.01,-4.186994444842542,10.869681726447851,-4.140398529915453,1.6993187882329044,-12.411087786471901,24.33835477005256,0.0,1.2540857967484043,1.5802996017438753,0.0,-0.17222155439154907,-4.531448183296165,0.0,-11.061626416227234,0.420406549615568,52.53875571317699,103.02738266558853,155.56613837876552
6.37599999999952,9.81,3.93,1,1,0.01,0.01,-4.195300029469788,10.87312921391038,-4.165168853090778,1.7482554015294212,-12.359353879474574,24.59853826222669,0.0,1.2537414948579748,1.5712182817566325,0.0,-0.17207531643117796,-4.549876235411204,0.0,-10.996657126219864,0.41589114885197204,53.00366754480057,102.56206648078957,155.56573402559013
6.37799999999952,9.81,3.93,1,1,0.01,0.01,-4.203655051764797,10.876675096116884,-4.1898364548177245,1.7977141161006074,-12.308391373464469,24.860473441400323,0.0,1.2533975202659018,1.5621000750513154,0.0,-0.17189432892464218,-4.568334840818524,0.0,-10.928015866376796,0.41119226573420586,53.470932945441284,102.09438916509032,155.5653221105316
6.379999999999519,9.81,3.93,1,1,0.01,0.01,-4.212059307928102,10.880320420844141,-4.214403029147058,1.847698542199815,-12.258352132656796,25.124268383214883,0.0,1.25305394203085,1.552944920566182,0.0,-0.1716790354604702,-4.586823943184649,0.0,-10.855656841600736,0.40631354482768794,53.94055365176577,101.62434883948117,155.56490249124693
6.381999999999519,9.81,3.93,1,1,0.01,0.01,-4.220512597854535,10.884066243310418,-4.238870577564065,1.8982125135075367,-12.209391730076222,25.39003849341614,0.0,1.252710828305781,1.5437527574160241,0.0,-0.1714298980497177,-4.605343422046104,0.0,-10.779534242946484,0.4012587741981551,54.412531222131236,101.15194379984521,155.56447502197645
6.383999999999519,9.81,3.93,1,1,0.01,0.01,-4.229014725755527,10.887913626637207,-4.263241416424113,1.9492601021214893,-12.161669466644629,25.657906840295517,0.0,1.25236824630202,1.5345235250220763,0.0,-0.17114739620594593,-4.623893091145436,0.0,-10.699602224954441,0.3960318772825842,54.886867034049025,100.67717251935133,155.56403955340036
6.385999999999519,9.81,3.93,1,1,0.01,0.01,-4.237565500796319,10.891863642341614,-4.287518184433495,2.0008456342272978,-12.115348397543492,25.928004503047156,0.0,1.252026262255196,1.5252571632452678,0.0,-0.17083202601130815,-4.642472696780673,0.0,-10.615814880144313,0.39063690455166994,55.363562281787964,100.2000336507017,155.56359593248965
6.3879999999995185,9.81,3.93,1,1,0.01,0.01,-4.246164737748194,10.895917370860793,-4.3117038501910825,2.0529737064828377,-12.070595366820589,26.20047093728975,0.0,1.2516849413930464,1.515953612522747,0.0,-0.1704842991726258,-4.661081916164964,0.0,-10.52812621051513,0.38507802499154803,55.842617974117054,99.72052602823123,155.56314400234828
6.389999999999518,9.81,3.93,1,1,0.01,0.01,-4.2548122576558685,10.900075902109904,-4.335801719808288,2.1056492031519154,-12.027581051269554,26.47545435912122,0.0,1.2513443479051163,1.5066128140076773,0.0,-0.17010474207132759,-4.679720355792752,0.0,-10.436490095891504,0.379359517432287,56.32403493218705,99.23864866986048,155.5626836020475
6.391999999999518,9.81,3.93,1,1,0.01,0.01,-4.2635078885202145,10.904340336075103,-4.359815444626951,2.1588773140258204,-11.986480014670317,26.753112149199573,0.0,1.2510045449143743,1.4972347097123144,0.0,-0.16969389481113928,-4.698387549808174,0.0,-10.340860258948366,0.3734857617503943,56.80781378754952,98.7544007789038,155.56221456645332
6.393999999999518,9.81,3.93,1,1,0.01,0.01,-4.27225146599654,10.908711783443213,-4.383749029057031,2.212663553174416,-11.94747077354428,27.033611278483665,0.0,1.250665594450716,1.4878192426543282,0.0,-0.16925231026779375,-4.717082958370684,0.0,-10.24119022673839,0.36746122997296904,57.29395498030975,98.26778174573326,155.56173672604302
6.395999999999518,9.81,3.93,1,1,0.01,0.01,-4.2810428341086775,10.913191366269754,-4.407606838558336,2.2670137785718403,-11.910735875646077,27.31712875741733,0.0,1.2503275574263673,1.478366357006408,0.0,-0.16878055314483936,-4.735805966012359,0.0,-10.137433288538105,0.36129047731004615,57.78245875741191,97.77879114930191,155.5612499067138
6.397999999999517,9.81,3.93,1,1,0.01,0.01,-4.289881845979209,10.917780218687142,-4.431393607793037,2.3219342126456275,-11.87646199248944,27.603852110507063,0.0,1.249990493613176,1.46887599824918,0.0,-0.16827919903987426,-4.754555879980624,0.0,-10.029542449819557,0.3549781331414137,58.273325171051575,97.28742875853064,155.5607539295822
6.399999999999517,9.81,3.93,1,1,0.01,0.01,-4.298768364576183,10.922479487654954,-4.455114448978417,2.377431463802136,-11.844840027283512,27.893979878421845,0.0,1.2496544616217455,1.459348113327433,0.0,-0.16774883352570635,-4.773331928559295,0.0,-9.917470382143948,0.3485288919835323,58.76655407721111,96.79369453356037,155.56024861077148
6.401999999999517,9.81,3.93,1,1,0.01,0.01,-4.307702263476774,10.927290333754272,-4.478774860472109,2.4335125489856146,-11.816065239743466,28.187722149942225,0.0,1.2493195188823876,1.4497826508097513,0.0,-0.16719005125083458,-4.792133259360206,0.0,-9.8011693687636,0.34194750446077377,59.262145134312036,96.29758862687743,155.55973376118948
6.403999999999517,9.81,3.93,1,1,0.01,0.01,-4.3166834276483605,10.932213932028217,-4.502380735625119,2.4901849173331163,-11.790337389333482,28.485301126300705,0.0,1.2489857216278635,1.4401795610515904,0.0,-0.1666034550639252,-4.810958937576806,0.0,-9.680591245706447,0.33523876830439764,59.760097801978404,95.7991113843159,155.5592091862943
6.4059999999995165,9.81,3.93,1,1,0.01,0.01,-4.325711754247625,10.937251472870962,-4.525938371941142,2.5474564749927726,-11.767860898602063,28.786951720691086,0.0,1.2486531248778332,1.430538796361899,0.0,-0.16598965516696923,-4.829807944190197,0.0,-9.555687338104635,0.32840751940112767,60.26041133990302,95.29826334594534,155.55867468584836
6.407999999999516,9.81,3.93,1,1,0.01,0.01,-4.334787153438301,10.94240416296759,-4.5494544805841075,2.6053356111787624,-11.748845038383084,29.092922195984507,0.0,1.2483217824249757,1.4208603111733706,0.0,-0.16534926830200053,-4.848679174117296,0.0,-9.426408391515173,0.3214586229118004,60.76308480680899,94.79504524684953,155.55813005365852
6.409999999999516,9.81,3.93,1,1,0.01,0.01,-4.343909549228323,10.947673226287371,-4.572936196279558,2.6638312255426566,-11.733504136758038,29.403474843972027,0.0,1.2479917468226924,1.4111440622164801,0.0,-0.16468291697623982,-4.867571434289645,0.0,-9.292704497965005,0.3143969644785367,61.26811705949611,94.28945801780674,155.55757507730286
6.411999999999516,9.81,3.93,1,1,0.01,0.01,-4.353078880327223,10.953059905133179,-4.596391087659397,2.722952756947772,-11.722057813811237,29.718886709767624,0.0,1.2476630693743263,1.4013900086974376,0.0,-0.16399122873079758,-4.8864834416505305,0.0,-9.154525016436784,0.3072274415372223,61.77550675196336,93.78150278588015,155.5570095378435
6.413999999999516,9.81,3.93,1,1,0.01,0.01,-4.3622951010246895,10.958565461249917,-4.619827168103735,2.7827102137407693,-11.714731244358317,30.039450365346543,0.0,1.2473358001237849,1.3915981124802332,0.0,-0.1632748354581583,-4.905413821056808,0.0,-9.011818487493066,0.29995495474981654,62.28525233459423,93.27118087492829,155.55643320952254
6.415999999999515,9.81,3.93,1,1,0.01,0.01,-4.37155818209137,10.964191176995085,-4.643252907138114,2.843114205623055,-11.71175545099409,30.36547473657364,0.0,1.2470099878474814,1.3817683382729948,0.0,-0.16253437277379518,-4.924361103070712,0.0,-8.864532541717058,0.2925843995685929,62.79735205339384,92.75849380604821,155.55584585944206
6.417999999999515,9.81,3.93,1,1,0.01,0.01,-4.380868111703065,10.969938356574778,-4.666677242449228,2.9041759772336593,-11.713367629987834,30.697285988491153,0.0,1.2466856800474804,1.3719006538188818,0.0,-0.16177047944750184,-4.943323721625637,0.0,-8.71261380162608,0.2851206579419545,63.31180394926374,92.24344329796317,155.5552472472269
6.419999999999515,9.81,3.93,1,1,0.01,0.01,-4.3902248963896335,10.975808327348659,-4.690109592587535,2.965907443565265,-11.719811512757262,31.03522847409691,0.0,1.2463629229456965,1.3619950300917822,0.0,-0.1609837969002585,-4.962300011548397,0.0,-8.5560077766899,0.27756859016871344,63.828605857298584,91.72603126736837,155.55463712466695
6.421999999999515,9.81,3.93,1,1,0.01,0.01,-4.399628562010052,10.981802441207712,-4.713559870430849,3.0283212273460114,-11.731337765877194,31.379665752350103,0.0,1.2460417614790569,1.3520514414971354,0.0,-0.1601749687725723,-4.981288205919133,0.0,-8.394658751059868,0.26993302690449544,64.34775540609121,91.20625982925027,155.55401523534147
6.4239999999995145,9.81,3.93,1,1,0.01,0.01,-4.409079154755225,10.987922076028836,-4.737038497489115,3.091430698531731,-11.74820443282991,31.73098168170621,0.0,1.2457222392954266,1.3420698660781976,0.0,-0.15934464057072206,-5.000286433248207,0.0,-8.228509663585633,0.26221876132104394,64.86925001702535,90.68413129719426,155.55338131421962
6.425999999999514,9.81,3.93,1,1,0.01,0.01,-4.41857674218032,10.994168637210672,-4.760556419137312,3.155250016066492,-11.770677420982985,32.089581596103756,0.0,1.245404398750168,1.3320502857281675,0.0,-0.15849345939741366,-5.019292714447785,0.0,-8.057501979664258,0.2544305414152356,65.39308690353998,90.15964818369923,155.55273508723923
6.427999999999514,9.81,3.93,1,1,0.01,0.01,-4.428121414268576,11.000543559295359,-4.784125120870673,3.2197941720838403,-11.799031037592526,32.455893571018045,0.0,1.2450882809031598,1.3219926864085934,0.0,-0.1576220737739188,-5.038304959573827,0.0,-7.881575554431626,0.24657306246115349,65.91926307034414,89.63281320051698,155.5520762708611
6.429999999999514,9.81,3.93,1,1,0.01,0.01,-4.437713284528725,11.007048307681284,-4.807756645684349,3.2850790387371256,-11.833548578977387,32.830369787964656,0.0,1.2447739255160477,1.3118970583745302,0.0,-0.1567311335611865,-5.057320964312031,0.0,-7.700668486766799,0.2386509595943851,66.44777531255917,89.10362925903578,155.55140457159496
6.431999999999514,9.81,3.93,1,1,0.01,0.01,-4.447352491128391,11.013684380432304,-4.8314636126883395,3.3511214178648916,-11.874522977399508,33.21348800668875,0.0,1.2444613710495802,1.3017633964070296,0.0,-0.15582128998772116,-5.076338406179049,0.0,-7.514716963537686,0.23066880051293256,66.978620214768,88.57209947073136,155.55071968549936
6.433999999999513,9.81,3.93,1,1,0.01,0.01,-4.457039198066057,11.020453310189305,-4.855259237077982,3.4179390937167247,-11.922257510622062,33.60575315522961,0.0,1.2441506546607495,1.2915917000535182,0.0,-0.15489319579292415,-5.095354840407568,0.0,-7.323655093468701,0.2226310782747677,67.51179414994263,88.03822714770646,155.5500212976491
6.435999999999513,9.81,3.93,1,1,0.01,0.01,-4.46677359638443,11.027356666190489,-4.879157351590738,3.485550888986374,-11.977066579604772,34.00769904910851,0.0,1.2438418121995354,1.281381973876751,0.0,-0.1539475054950002,-5.114367695481216,0.0,-7.127414729959474,0.2145422041663237,68.04729327822604,87.50201580334479,155.5493090815708
6.437999999999513,9.81,3.93,1,1,0.01,0.01,-4.476555905428326,11.03439605640725,-4.903172429591455,3.55397672442261,-12.039276560345868,34.41989025207592,0.0,1.2435348782049847,1.2711342277130806,0.0,-0.15298487579339504,-5.13337426828193,0.0,-6.925925282125626,0.2064065006105515,68.58511354553686,86.96346915310582,155.5485826986427
6.439999999999513,9.81,3.93,1,1,0.01,0.01,-4.486386374150486,11.041573129803096,-4.9273196099409216,3.6232376823144654,-12.109226736494346,34.84292409217727,0.0,1.24322988590033,1.2608484769408537,0.0,-0.1520059661166383,-5.152371718809051,0.0,-6.719113513269356,0.1982281940767946,69.12525068196697,86.4225911154895,155.54784179745647
6.441999999999513,9.81,3.93,1,1,0.01,0.01,-4.496265282469046,11.04888957872369,-4.9516147238164345,3.6933560741764833,-12.187270320051342,35.277432848383384,0.0,1.24292686718687,1.2505247427598216,0.0,-0.1510114393275046,-5.171357064425546,0.0,-6.506903325917129,0.19001140794767868,69.66770019993756,85.87938581320049,155.54708601313803
6.443999999999512,9.81,3.93,1,1,0.01,0.01,-4.506192942680752,11.05634714142675,-4.976074323668534,3.764355512991707,-12.27377556825778,35.72408612469633,0.0,1.2426258526362706,1.240163052482583,0.0,-0.15000196259850235,-5.190327173582419,0.0,-6.28921553248399,0.18176015529025746,70.21245739207711,85.33385757454658,155.5463149666237
6.445999999999512,9.81,3.93,1,1,0.01,0.01,-4.516169700934397,11.06394760476132,-5.000715714515084,3.836260990405815,-12.36912700564517,36.18359343051124,0.0,1.2423268714809275,1.2297634398391335,0.0,-0.14897820847215099,-5.209278758967576,0.0,-6.065967610537935,0.1734783314700439,70.75951732878286,84.78601093510602,155.54552826388888
6.447999999999512,9.81,3.93,1,1,0.01,0.01,-4.526195938769363,11.071692807006743,-5.025556987792821,3.9090989593054255,-12.47372676121894,36.65670698812108,0.0,1.2420299516020261,1.2193259452957472,0.0,-0.14794085612200059,-5.2282083700200905,0.0,-5.837073441542442,0.1651697065366702,71.3088748554218,84.23585063970287,155.54472549512468
6.449999999999512,9.81,3.93,1,1,0.01,0.01,-4.536272074724614,11.07958464088255,-5.050617058007532,3.982897422257684,-12.587996031862449,37.14422479061911,0.0,1.2417351195148472,1.2088506163895092,0.0,-0.1468905928321698,-5.2471123847447005,0.0,-5.602443031849748,0.15683791729894667,71.86052458912653,83.68338164473204,155.54390623385856
6.4519999999995115,9.81,3.93,1,1,0.01,0.01,-4.546398566024021,11.087625056741551,-5.075915702447419,4.057686026337389,-12.712376684319226,37.646993936131835,0.0,1.2414424003508853,1.198337508079978,0.0,-0.14582811571525858,-5.265987000754726,0.0,-5.361982214600311,0.14848645899464355,72.41446091513453,83.12860912087892,155.54307003601343
6.453999999999511,9.81,3.93,1,1,0.01,0.01,-4.556575910344405,11.095816065959426,-5.10147360425035,4.1334961649227235,-12.847333009543997,38.16591426733479,0.0,1.2411518178362961,1.1877866831196038,0.0,-0.14475413369076479,-5.28482822546393,0.0,-5.115592331054073,0.1401186764460726,72.97067798261857,82.57153845628375,155.5422164389023
6.455999999999511,9.81,3.93,1,1,0.01,0.01,-4.566804647673335,11.10415974453541,-5.127312399144862,4.210361087101927,-12.993353644839877,38.70194234862443,0.0,1.2408633942660783,1.1771982124446736,0.0,-0.1436693697489759,-5.303631865339242,0.0,-4.863169889735035,0.1317377545765496,73.52916969994735,82.01217526020264,155.54134496014998
6.457999999999511,9.81,3.93,1,1,0.01,0.01,-4.577085362264381,11.112658236920002,-5.153454726217415,4.288316015401765,-13.150953681047564,39.25609581719846,0.0,1.240577150473436,1.1665721755887755,0.0,-0.14257456352834355,-5.322393514116705,0.0,-4.604606201610643,0.12334670814423855,74.0899297293123,81.45052536722464,155.54045509653696
6.459999999999511,9.81,3.93,1,1,0.01,0.01,-4.587418684698234,11.121313760087075,-5.179924283094991,4.367398272625492,-13.320676974150398,39.82945814869627,0.0,1.240293105793659,1.1559086611209506,0.0,-0.14147047423797984,-5.341108539871972,0.0,-4.3397869893495375,0.11494837052867876,74.65295148065138,80.88659484210773,155.53954632275912
6.46199999999951,9.81,3.93,1,1,0.01,0.01,-4.597805294058975,11.130128607869525,-5.206745885973198,4.447647418674169,-13.50309868305048,40.4231838830587,0.0,1.2400112780217671,1.1452077671109466,0.0,-0.140357883961033,-5.359772070824314,0.0,-4.068591968503347,0.10654538138077144,75.2182281047911,80.32038998530365,155.53861809009476
6.46399999999951,9.81,3.93,1,1,0.01,0.01,-4.60824592023563,11.139105155579317,-5.233945534966211,4.5291053983221365,-13.69882805799722,41.038504361968336,0.0,1.2397316833631489,1.13446960162424,0.0,-0.1392376013794871,-5.378378979739049,0.0,-3.7908943982381516,0.09814017291864846,75.78575248572224,79.7519173392478,155.53766982497004
6.46599999999951,9.81,3.93,1,1,0.01,0.01,-4.618741346360185,11.148245864934946,-5.261550485306889,4.611816701026471,-13.908511507262519,41.67673403573886,0.0,1.2394543363762873,1.1236942832497663,0.0,-0.1381104659664756,-5.396923866777248,0.0,-3.5065605989956934,0.08973495461891193,76.35551723191745,79.18118369549767,155.5367009274151
6.46799999999951,9.81,3.93,1,1,0.01,0.01,-4.629292411394336,11.15755328932153,-5.289589324984066,4.695828533973317,-14.132835973217915,42.339277404959454,0.0,1.2391792499066103,1.1128819416636544,0.0,-0.1369773526984051,-5.41540104062344,0.0,-3.2154494341913322,0.08133169601422684,76.92751466658532,78.6081961028135,155.5357107693988
6.4699999999995095,9.81,3.93,1,1,0.01,0.01,-4.6399000128784875,11.167030079411347,-5.318092059470341,4.781191009702876,-14.37253265304837,43.027636670717406,0.0,1.2389064350103287,1.1020327182325627,0.0,-0.13583917734675677,-5.433804497701076,0.0,-2.9174117527503554,0.07293210726352657,77.50173681675,78.03296187628219,155.53469869303217
6.471999999999509,9.81,3.93,1,1,0.01,0.01,-4.650565109857899,11.176678989175429,-5.347090204268687,4.8679573498120465,-14.628381104021775,43.743420176994924,0.0,1.238635900867079,1.091146766660673,0.0,-0.13469690241779408,-5.452127899261871,0.0,-2.6122897889440884,0.06453761710836586,78.0781754010275,77.45548860759831,155.5336640086258
6.473999999999509,9.81,3.93,1,1,0.01,0.01,-4.661288726002413,11.18650288232002,-5.3766168860913375,4.956184106411865,-14.901213778615556,44.48835174006454,0.0,1.2383676546799718,1.0802242536848299,0.0,-0.13355154381828932,-5.470364546107728,0.0,-2.2999165156063963,0.05614934776713619,78.65682181596001,76.8757841766288,155.5326059925888
6.475999999999509,9.81,3.93,1,1,0.01,0.01,-4.67207195293792,11.196504739185265,-5.406706953581039,5.045931403219144,-15.191921041005395,45.26428097264205,0.0,1.2381017015615137,1.069265359822807,0.0,-0.13240417833698698,-5.488507350672715,0.0,-1.9801149463859338,0.047768086246050535,79.23766712075228,76.29385676439992,155.53152388515218
6.477999999999509,9.81,3.93,1,1,0.01,0.01,-4.6829159538096565,11.20668766414743,-5.4373970985947615,5.137263198391831,-15.501456723578142,46.07319472547785,0.0,1.2378380444036878,1.058270280180314,0.0,-0.1312559520447378,-5.506548806156477,0.0,-1.652697382213323,0.03939425145959404,79.82070202023458,75.70971486766524,155.53041688789983
6.479999999999508,9.81,3.93,1,1,0.01,0.01,-4.693821967099563,11.217054893570504,-5.468725989195352,5.2302475714797385,-15.830844290406686,46.91722978631729,0.0,1.237576683730199,1.0472392253229414,0.0,-0.1301080897320046,-5.524480952358923,0.0,-1.3174645966291727,0.031027856451161323,80.40591684585787,75.12336731522731,155.52928416108517
6.481999999999508,9.81,3.93,1,1,0.01,0.01,-4.704791310722408,11.227609804358025,-5.500734415639845,5.324957037161689,-16.181183684216347,47.79868699615051,0.0,1.2373176175287264,1.036172422220071,0.0,-0.12896190552049017,-5.542295337818001,0.0,-0.9742049540215065,0.022668464883283817,80.99330153450222,74.53482328621197,155.5281248207142
6.483999999999508,9.81,3.93,1,1,0.01,0.01,-4.715825386428071,11.238355923161624,-5.533465450817036,5.421468888782556,-16.55365894450353,48.720046965870424,0.0,1.2370608410606523,1.0250701152685608,0.0,-0.1278188148072374,-5.559982977796768,0.0,-0.6226934541510741,0.014315140822491277,81.5828456048516,73.94409233051498,155.52693793536656
6.485999999999508,9.81,3.93,1,1,0.01,0.01,-4.726925684540503,11.24929693630926,-5.5669646267749044,5.519865575096205,-16.94954669742335,49.683987603454995,0.0,1.2368063466454247,1.0139325674050157,0.0,-0.1266803477244225,-5.577534307601365,0.0,-0.26269069559148134,0.005966390671258905,82.17453813105743,73.3511843916707,155.52572252272813
6.4879999999995075,9.81,3.93,1,1,0.01,0.01,-4.738093789067362,11.26043670052332,-5.6012801291943655,5.62023511407125,-17.370225633167138,50.69340369326311,0.0,1.2365541234163377,1.0027600613165788,0.0,-0.1255481643277679,-5.594939130636424,0.0,0.1060582501327342,-0.0023799041071006968,82.76836771337747,72.75610983242589,155.52447754580336
6.489999999999507,9.81,3.93,1,1,0.01,0.01,-4.749331383218268,11.271779254506983,-5.636463011914498,5.722671548135499,-17.817187104202343,51.75142880581569,0.0,1.2363041570439894,0.9915529007613919,0.0,-0.12442407176136205,-5.612186560516743,0.0,0.4838250628741169,-0.010726565072963603,83.36432244543285,72.15887946333613,155.52320190876898
6.491999999999507,9.81,3.93,1,1,0.01,0.01,-4.760640255374133,11.283328831486617,-5.672567433901227,5.82727544583363,-18.292046998425448,52.86145985951805,0.0,1.236056429423251,0.9803114120114327,0.0,-0.12331004368776105,-5.629264956451628,0.0,0.8708995068843898,-0.01907720760567232,83.96238987767957,71.55950457475154,155.52189445243113
6.493999999999507,9.81,3.93,1,1,0.01,0.01,-4.772022305555103,11.295089872808546,-5.709650921383183,5.93415445556477,-18.796559065550944,54.0271847063589,0.0,1.2358109183188257,0.9690359454320053,0.0,-0.12220824232144843,-5.646161850998092,0.0,1.2675908839533032,-0.02743634667207429,84.56255697663414,70.95799697260284,155.52055394923698
6.495999999999507,9.81,3.93,1,1,0.01,0.01,-4.783479552440504,11.3070670427007,-5.747774658262844,6.0434239178685685,-19.33262990363157,55.25261317315575,0.0,1.2355675969638353,0.9577268772142028,0.0,-0.12112104346179171,-5.6628638691377855,0.0,1.6742296194281934,-0.0358095202685239,85.16481007932514,70.35436901846323,155.51917909778837
6.497999999999506,9.81,3.93,1,1,0.01,0.01,-4.795014141000798,11.319265244323464,-5.787003808357641,6.155207543659748,-19.902335846309608,56.542112060147915,0.0,1.2353264336049983,0.9463846112788528,0.0,-0.12005106499113749,-5.679356637466018,0.0,2.0911689953836827,-0.04420343376855955,85.76913484237015,69.74863367442737,155.5177685167975
6.499999999999506,9.81,3.93,1,1,0.01,0.01,-4.806628350809202,11.331689637249912,-5.827407873545622,6.269638166895437,-20.5079420312653,57.90044468181115,0.0,1.235087390986906,0.9350095813731001,0.0,-0.11900119938694177,-5.6956246820840875,0.0,2.5187870468982756,-0.052626129057280244,86.37551618498406,69.140804553431,155.51632073841506
6.501999999999506,9.81,3.93,1,1,0.01,0.01,-4.81832460510935,11.344345656533818,-5.869061092497081,6.38685858142492,-21.151923977602614,59.33281563327495,0.0,1.234850425766779,0.9236022533838157,0.0,-0.11797465089663298,-5.711651313552611,0.0,2.957488639284133,-0.06108718312730556,86.98393822512232,68.53089597572911,155.51483420085142
6.503999999999506,9.81,3.93,1,1,0.01,0.01,-4.830105480725424,11.357239033544769,-5.912042885383605,6.507022473251908,-21.836992056115623,60.8449215828393,0.0,1.2346154878495978,0.9121631278955602,0.0,-0.11697497814423405,-5.727418496985393,0.0,3.4077077462277034,-0.06959794178594302,87.5943842078376,67.91892303236166,155.51330724019925
6.5059999999995055,9.81,3.93,1,1,0.01,0.01,-4.841973718912799,11.370375818773864,-5.956438350788832,6.630295461175787,-22.5661193033791,62.44300903070141,0.0,1.2343825196319052,0.9006927430250362,0.0,-0.11600614308308582,-5.742906705031581,0.0,3.869909951151301,-0.07817179532423672,88.20683642478382,67.30490165656954,155.51173808135337
6.507999999999505,9.81,3.93,1,1,0.01,0.01,-4.853932237260618,11.383762406841381,-6.002338822024771,6.756856260820335,-23.342573110692157,64.13394014088206,0.0,1.2341514551404844,0.8891916775687886,0.0,-0.115072567385579,-5.758094751096316,0.0,4.344595196717893,-0.08682450448426461,88.82127612362827,66.68884870427681,155.5101248279051
6.509999999999505,9.81,3.93,1,1,0.01,0.01,-4.8659841427732635,11.397405563970189,-6.049842491212572,6.886897989466167,-24.16995141489582,65.92526795336329,0.0,1.233922219049826,0.8776605545067382,0.0,-0.11417919757525591,-5.772959599672382,0.0,4.832300810285931,-0.09557458690547885,89.43768340592693,66.07078204494398,155.50846545087091
6.511999999999505,9.81,3.93,1,1,0.01,0.01,-4.878132746275732,11.41131245822624,-6.099055110852427,7.020629631950019,-25.05222413346088,67.82532252385505,0.0,1.2336947255593629,0.8661000449108983,0.0,-0.11333158046927216,-5.787476150079096,0.0,5.333604836285882,-0.10444377653056446,90.05603711177487,65.45072066431604,155.50675777609092
6.513999999999505,9.81,3.93,1,1,0.01,0.01,-4.890381578308938,11.425490692871314,-6.150090784226669,7.1582776912692685,-25.99378072530491,69.84330982836319,0.0,1.2334688771080384,0.8545108723167363,0.0,-0.11253595082100265,-5.801616989206933,0.0,5.849129709928158,-0.11345757132997504,90.6763146892511,64.82868478085547,155.50499947010655
6.515999999999504,9.81,3.93,1,1,0.01,0.01,-4.90273440670554,11.439948343224344,-6.203072857905675,7.300088051543247,-26.999484926882296,71.98942561993799,0.0,1.2332445628995856,0.84289381762423,0.0,-0.11179933344922771,-5.815352108018426,0.0,6.379546310339698,-0.1226458883239471,91.2984920463261,64.20469597796746,155.50318802429356
6.517999999999504,9.81,3.93,1,1,0.01,0.01,-4.915195256065627,11.454693997487599,-6.258134931922242,7.446328085768062,-28.07473791682551,74.27498684944209,0.0,1.2330216572069177,0.8312497246072179,0.0,-0.11112966263099366,-5.8286485755207975,0.0,6.925578435106236,-0.1320438494525419,91.92254338247726,63.57877735450996,155.50132073698722
6.519999999999504,9.81,3.93,1,1,0.01,0.01,-4.9277684293854325,11.469736802064432,-6.315422005925973,7.597289046523862,-29.225551410037337,76.71258377803213,0.0,1.2328000174177873,0.8195795061233779,0.0,-0.11053592214499774,-5.8414701626576,0.0,7.488007742169047,-0.14169272764597593,92.5484409967471,62.95095369654407,155.49939469329118
6.521999999999504,9.81,3.93,1,1,0.01,0.01,-4.940458532132026,11.485086511978263,-6.37509178292253,7.75328878465607,-30.458632483929126,79.31625653769834,0.0,1.2325794817764493,0.8078841511338196,0.0,-0.11002831011361702,-5.853776907005333,0.0,8.067679208915314,-0.15164108984635513,93.17615506835841,62.321251673846376,155.4974067422048
6.5239999999995035,9.81,3.93,1,1,0.01,0.01,-4.953270499103996,11.500753547100521,-6.43731615616397,7.914674849206358,-31.781482308272277,82.10170066428317,0.0,1.2323598667668314,0.7961647326613375,0.0,-0.10961843374672203,-5.865524607230888,0.0,8.665507161835157,-0.16194618321613682,93.80565340524062,61.68970006539351,155.49535347063414
6.525999999999503,9.81,3.93,1,1,0.01,0.01,-4.966209624473907,11.516749055011436,-6.5022829095352845,8.081828031825708,-33.20251140186478,85.08650706813606,0.0,1.2321409640713332,0.7844224168407996,0.0,-0.10931954029422786,-5.876664233867717,0.0,9.282481932863982,-0.17267562299068187,94.43690115489521,61.05633001887642,155.49323117377162
6.527999999999503,9.81,3.93,1,1,0.01,0.01,-4.979281595474575,11.533084981455737,-6.570197667563541,8.255166430946097,-34.73117459384143,88.29044306236804,0.0,1.231922537025291,0.7726584732448589,0.0,-0.10914679204051403,-5.887141239975422,0.0,9.91967719982591,-0.18390945627167377,95.06986047088537,60.421175350341855,155.49103582122723
6.529999999999503,9.81,3.93,1,1,0.01,0.01,-4.992492530270265,11.549774149519957,-6.64128613818955,8.435150125596692,-36.37812954976089,91.73578248901315,0.0,1.231704316469688,0.7608742867047212,0.0,-0.1091175951177959,-5.896894751491769,0.0,10.578258067241586,-0.1957426967033493,95.70449012681844,59.78427289135237,155.4887630181708
6.531999999999503,9.81,3.93,1,1,0.01,0.01,-5.005849020648452,11.566830348855044,-6.715796699972493,8.622286566517355,-38.15542356330317,95.44769473302895,0.0,1.2314859958826372,0.7490713708905716,0.0,-0.10925199440755562,-5.905856612349438,0.0,11.259489938658602,-0.20828845204910887,96.34074506793519,59.14566289266013,155.48640796059533
6.533999999999502,9.81,3.93,1,1,0.01,0.01,-5.01935818028114,11.584268436504173,-6.794003395798776,8.817136813881003,-40.07671435135273,99.45470457140425,0.0,1.2312672256426604,0.7372513839719469,0.0,-0.10957315001073742,-5.913950253422449,0.0,11.964748220355279,-0.2216818024181042,96.97857588821856,58.505389495403264,155.4839653836218
6.535999999999502,9.81,3.93,1,1,0.01,0.01,-5.033027699441215,11.6021044511799,-6.8762094078744465,9.020322777394263,-42.15753186953549,103.78923746513942,0.0,1.2310476062417424,0.7254161467474962,0.0,-0.11010791493346905,-5.921089346705765,0.0,12.695528875400807,-0.2360846343630586,97.61792821817878,57.86350128336203,155.4814295015408
6.537999999999502,9.81,3.93,1,1,0.01,0.01,-5.046865907223855,11.620355743177578,-6.962751104334176,9.232535646920095,-44.41558974225477,108.48826817981649,0.0,1.230826680221715,0.713567663720256,0.0,-0.11088753907315574,-5.927176196302175,0.0,13.453459811612548,-0.2516916995752596,98.25874200497458,57.22005193301841,155.47879393799298
6.539999999999502,9.81,3.93,1,1,0.01,0.01,-5.060881842522097,11.639041122526574,-7.054002766857112,9.454545741420926,-46.87115684055156,113.59409464898879,0.0,1.2306039225505154,0.7017081477035318,0.0,-0.11194853173619546,-5.932099805103444,0.0,14.240313029445069,-0.2687382524715276,98.90095066209713,56.5751009822428,155.47605164433992
6.5419999999995015,9.81,3.93,1,1,0.01,0.01,-5.075085335247035,11.658181028483352,-7.150382132036475,9.687214052602844,-49.547501914940504,119.15526392179864,0.0,1.2303787290812893,0.6898400486804919,0.0,-0.1133337243754512,-5.9357335395735,0.0,15.058017365049635,-0.28750973713923084,99.54448006016983,55.928714743663306,155.47319480383314
6.543999999999501,9.81,3.93,1,1,0.01,0.01,-5.089487099576223,11.677797724080714,-7.252356907848793,9.931505819098966,-52.47142707311429,125.22768301321696,0.0,1.2301504026419994,0.6779660878163987,0.0,-0.11509358784152623,-5.937932293496616,0.0,15.908671522782251,-0.3083541530701977,100.18924732310208,55.28096739552667,155.47021471862877
6.545999999999501,9.81,3.93,1,1,0.01,0.01,-5.104098841370335,11.697915520189351,-7.360452461494082,10.188506539594956,-55.67390934755253,131.87595462830274,0.0,1.2299181361783824,0.6660892977477786,0.0,-0.11728787537171992,-5.938529023198898,0.0,16.794556874829574,-0.33169794842514805,100.8351593843737,54.63194229163447,155.46710167600816
6.547999999999501,9.81,3.93,1,1,0.01,0.01,-5.118933382331757,11.71856103444995,-7.475260917308844,10.459440921385431,-59.190873651062155,139.1749861041908,0.0,1.2296809922087582,0.6542130705637281,0.0,-0.1199876854566212,-5.937330489177522,0.0,17.71814917467907,-0.3580665947297447,101.48211124586848,53.98173354342727,155.46384478929576
6.549999999999501,9.81,3.93,1,1,0.01,0.01,-5.134004804005732,11.739763491529839,-7.5974519545385135,10.74569536678369,-63.06412500228787,147.21192935013784,0.0,1.229437877631172,0.6423412152725901,0.0,-0.12327806999497659,-5.934111988935964,0.0,18.68212782681267,-0.3881114252954766,102.12998386544763,53.33044794244388,155.4604318078915
6.5519999999995004,9.81,3.93,1,1,0.01,0.01,-5.14932861536323,11.761555072485155,-7.727785655335996,11.04884472523331,-67.34247275471706,156.08851949205192,0.0,1.229187512631385,0.6304780270419591,0.0,-0.12726135617530698,-5.928610798456526,0.0,19.689380586481843,-0.4226449265888363,102.7786415779797,52.67820731153327,155.45684888951297
6.5539999999995,9.81,3.93,1,1,0.01,0.01,-5.164921948473961,11.783971322606819,-7.867127823390554,11.370684183635476,-72.08308402328707,165.92388892926743,0.0,1.228928392046474,0.6186283711520888,0.0,-0.13206141023663187,-5.920517948591888,0.0,20.743000390281967,-0.4626875398175523,103.42792892592504,52.02515140020377,155.45308032612883
6.5559999999995,9.81,3.93,1,1,0.01,0.01,-5.18080378769537,11.807051629031337,-8.016468271045204,11.71326732677169,-77.35310614648097,176.85793854616097,0.0,1.22865873700279,0.6067977854687092,0.0,-0.13782915485172986,-5.909467838497933,0.0,21.846269221653262,-0.5095302835676615,104.07766673716509,51.37144147600762,155.4491082131727
6.5579999999995,9.81,3.93,1,1,0.01,0.01,-5.196995238878454,11.83083978162351,-8.176942651424772,12.07895156036557,-83.23159595699212,189.05534274497876,0.0,1.2283764339109946,0.5949926063993781,0.0,-0.144749769915961,-5.895025018033999,0.0,23.002621151971493,-0.5648193364788003,104.7276472358453,50.717264813638224,155.44491204948352
6.5599999999995,9.81,3.93,1,1,0.01,0.01,-5.2135198463138614,11.85538463316328,-8.34985847749315,12.470452220337549,-89.81178119410511,202.71023776890175,0.0,1.2280789568810409,0.5832201248575483,0.0,-0.1530521746409974,-5.876667236452356,0.0,24.215572424894802,-0.6306714113089918,105.37762790134354,50.06284035188763,155.4404682532312
6.561999999999499,9.81,3.93,1,1,0.01,0.01,-5.23040396645837,11.880740877576583,-8.536725991585616,12.890906728283747,-97.20364567715338,218.05157040688496,0.0,1.227763268193836,0.5714887808739301,0.0,-0.16302163025557648,-5.853763529912965,0.0,25.488599806252196,-0.7098327549642212,106.02732369373685,49.4084258835991,155.43574957733594
6.563999999999499,9.81,3.93,1,1,0.01,0.01,-5.247677208750891,11.906969967536167,-8.739294465686296,13.343949965512268,-105.53675411431283,235.34892275303804,0.0,1.2274256894544744,0.5598084083805095,0.0,-0.17501665181962678,-5.825545669707098,0.0,26.824938025272782,-0.8059006150900682,106.67639713098677,48.75432727665215,155.43072440763893
6.565999999999499,9.81,3.93,1,1,0.01,0.01,-5.265372954732515,11.934141194549715,-8.959594205241789,13.83380137361735,-114.96307529853428,254.9182951759119,0.0,1.2270617331890987,0.5481905456469139,0.0,-0.18949192583172714,-5.79107066846467,0.0,28.227250776655932,-0.9236350956189822,107.32444551914604,48.10091041140525,155.4253559305513
6.567999999999499,9.81,3.93,1,1,0.01,0.01,-5.283528966573839,11.96233295426344,-9.199983768227058,14.365362663787934,-125.65924953285865,277.1266670853299,0.0,1.2266658805435064,0.5366488322805995,0.0,-0.2070296724571843,-5.749171181708353,0.0,29.697103903613286,-1.0694031365169945,107.97098438253786,47.44861678602024,155.4196011685581
6.5699999999994985,9.81,3.93,1,1,0.01,0.01,-5.302188093687139,11.991634214392189,-9.463200259153439,14.94432150656235,-137.8271370042019,302.3928674582385,0.0,1.2262312848235664,0.5251995211527156,0.0,-0.228382974457358,-5.698389477698289,0.0,31.234128434970593,-1.2518174098979018,108.61542579000697,46.79798412041511,155.41340991042208
6.571999999999498,9.81,3.93,1,1,0.01,0.01,-5.321399078837957,12.022146187109332,-9.752407185791933,15.577249430114161,-151.6903146733131,331.17981861131295,0.0,1.2257493720591388,0.5138621437512565,0.0,-0.25453616397816914,-5.63688912610354,0.0,32.8346964002805,-1.4826649025989165,109.25704979339764,46.14967383113079,155.40672362452844
6.573999999999498,9.81,3.93,1,1,0.01,0.01,-5.341217448233323,12.053984171679591,-10.07122771390957,16.271668088817787,-167.48196981110902,363.9685350731819,0.0,1.2252092974257218,0.5026603810001576,0.0,-0.28678958486122474,-5.562336709297941,0.0,34.48983088736956,-1.7782678034553951,109.89496654939035,45.50450801872243,155.3994745681128
6.575999999999498,9.81,3.93,1,1,0.01,0.01,-5.361706434283018,12.087279457255672,-10.42373831786772,17.036030956561238,-185.41547926254984,401.19549298487334,0.0,1.2245971987479374,0.49162320892167877,0.0,-0.326879064881866,-5.471744000247925,0.0,36.181916395151845,-2.1614883657468633,110.52806585672863,44.86351968499602,155.39158554172465
6.577999999999498,9.81,3.93,1,1,0.01,0.01,-5.382937807965674,12.122181023958843,-10.814373521531317,17.879516232856524,-205.62133356970818,443.1189136073884,0.0,1.2238951639097082,0.48078640878727297,0.0,-0.37714410739844006,-5.361260241731858,0.0,37.879549099180274,-2.664681080478734,111.1549498116572,44.2280213470829,155.3829711587401
6.579999999999497,9.81,3.93,1,1,0.01,0.01,-5.40499235868112,12.158856486693317,-11.247647504754191,18.811432072968767,-228.02062545597815,489.5512132743588,0.0,1.2230797973313063,0.470194549939733,0.0,-0.4407620939056125,-5.225907343586927,0.0,39.529572437708346,-3.3339927352939114,111.7738431508962,43.59969901282726,155.37354216372347
6.581999999999497,9.81,3.93,1,1,0.01,0.01,-5.4279594984922275,12.197491175587484,-11.727518574640849,19.839867229962913,-252.0835835061928,539.3491469705444,0.0,1.2221202357008865,0.45990355580896713,0.0,-0.5220649845589103,-5.0592653092945135,0.0,41.04507073081342,-4.235435959038394,112.38247484893944,42.98074027225529,155.36321512119474
6.583999999999497,9.81,3.93,1,1,0.01,0.01,-5.451934998066735,12.238283257195228,-12.256091408453804,20.96894430591648,-276.3931401065755,589.4933321726336,0.0,1.2209754423214196,0.44998391209372945,0.0,-0.6269396538865242,-4.853157732954688,0.0,42.28820053903478,-5.462865884081893,112.9779240623632,42.374005758595565,155.35192982095876
6.585999999999497,9.81,3.93,1,1,0.01,0.01,-5.477015075716212,12.281431145492489,-12.831171550496371,22.193653555786796,-297.9194597377738,633.559617713566,0.0,1.2195906553045588,0.44052438320682574,0.0,-0.7632573685922424,-4.597491770785116,0.0,43.04828567869786,-7.146705831714636,113.55642389107228,41.78324885304772,155.33967274412
6.5879999999994965,9.81,3.93,1,1,0.01,0.01,-5.503283928670691,12.327107069683423,-13.442053538321455,23.49096676673506,-310.99575247230246,659.5633289460018,0.0,1.2178931082748026,0.4316355918527368,0.0,-0.9411288080927647,-4.280628218359965,0.0,43.02110284680172,-9.458518044475033,114.11311755768978,41.21337075874369,155.32648831643348
6.589999999999496,9.81,3.93,1,1,0.01,0.01,-5.530790727341247,12.375408424152862,-14.063227470801852,24.806573883022736,-306.38942142781883,648.0090361505418,0.0,1.2157878481785898,0.4234517092698259,0.0,-1.1724627632207318,-3.8910300728180323,0.0,41.80895286237365,-12.598062590886682,114.64176696387668,40.670650628561646,155.31241759243832
6.591999999999496,9.81,3.93,1,1,0.01,0.01,-5.559512818266597,12.426280072129334,-14.647387527734985,26.040169518645342,-271.89232574513494,573.1484005031169,0.0,1.2131559955010172,0.4161266320137219,0.0,-1.4688340489773415,-3.421278436958953,0.0,38.984037792320024,-16.736750057348843,115.13446160483224,40.162793750588946,155.29725535542119
6.593999999999496,9.81,3.93,1,1,0.01,0.01,-5.589308423233459,12.479414586519331,-15.12330878155562,27.04103290348445,-197.07662707739715,413.0219034474043,0.0,1.2098600156398982,0.40981920458443377,0.0,-1.8365448609994832,-2.8749904322296254,0.0,34.26781347230287,-21.890290842268836,115.58163566822765,39.69850925202179,155.28014492024943
6.595999999999496,9.81,3.93,1,1,0.01,0.01,-5.619878335294491,12.534171597914876,-15.408666476332591,27.63513474712321,-83.14402574900328,170.230679555429,0.0,1.2057614036977833,0.40466361949993546,0.0,-2.269436925498226,-2.274177490596219,0.0,27.80677985149951,-27.74881610390431,115.973397337601,39.286303251678824,155.25970058927982
6.597999999999495,9.81,3.93,1,1,0.01,0.01,-5.650773568075149,12.589594189355974,-15.442389454812364,27.69342619164405,49.561140055033036,-112.23252767288876,0.0,1.2007509198586943,0.4007307259717917,0.0,-2.7442497433054736,-1.6599201757772852,0.0,20.335078717267063,-33.61880611145975,116.30328473239388,38.93254025842263,155.2358249908165
6.599999999999495,9.81,3.93,1,1,0.01,0.01,-5.681474237533954,12.644575601096303,-15.218473984140413,27.203177689027612,169.20336542218837,-367.13330653759107,0.0,1.1947792594942106,0.3979999583669497,0.0,-3.225305313501789,-1.0805048322098072,0.0,12.9482499688891,-38.650506855945494,116.57208056192471,38.63959136625481,155.21167192817953
6.601999999999495,9.81,3.93,1,1,0.01,0.01,-5.711509925358944,12.698113450760193,-14.789634524244416,26.27568593867434,252.16168430544593,-544.5608649928158,0.0,1.187869292350479,0.3963621850962471,0.0,-3.6777919373601287,-0.573282737916351,0.0,6.583914867272337,-42.23791754680889,116.78612533395051,38.40523669449212,155.19136202844263
6.603999999999495,9.81,3.93,1,1,0.01,0.01,-5.740550351854158,12.749501335035403,-14.236931057736138,25.082206882769317,293.90832191349136,-634.8848517787908,0.0,1.180102484833165,0.39565285078809165,0.0,-4.0792911929915725,-0.1544596778252556,0.0,1.674932223297496,-44.235080401275354,116.95211665255135,38.22369341802047,155.17581007057183
6.6059999999994945,9.81,3.93,1,1,0.01,0.01,-5.768425487305053,12.79837156118513,-13.635042529359438,23.780670883460907,303.4998059115892,-657.1560475902002,0.0,1.171590702240851,0.3956938440835285,0.0,-4.422111523595269,0.17824535471040104,0.0,-1.808172397869178,-44.859177453770684,117.07564046095604,38.087480443046786,155.16312090400282
6.607999999999494,9.81,3.93,1,1,0.01,0.01,-5.795092865429735,12.844626404950326,-13.035760098032862,22.48079801923489,293.2978297123974,-637.4330681880504,0.0,1.1624502531820227,0.39632317151345997,0.0,-4.70883318977719,0.4369274183941827,0.0,-4.126289291886203,-44.469646788627045,117.16243413744976,37.98904531629876,155.15147945374852
6.609999999999494,9.81,3.93,1,1,0.01,0.01,-5.820590058856706,12.888337932731387,-12.46815504130063,21.244386675091224,273.18646528337376,-596.5765284869138,0.0,1.152786655257842,0.3974070891812629,0.0,-4.9467851151582085,0.6361786118974389,0.0,-5.582641797129566,-43.40939608600473,117.21854939320454,37.92166520463867,155.14021459784323
6.611999999999494,9.81,3.93,1,1,0.01,0.01,-5.844995494447492,12.929665305519856,-11.945214556244313,20.09926831254198,249.42684466374922,-547.8196984676215,0.0,1.1426891126894398,0.3988405253857723,0.0,-5.1443560644734365,0.7893023394319607,0.0,-6.435411205353007,-41.94342903565136,117.24961031711348,37.87973344205178,155.12934375916527
6.613999999999494,9.81,3.93,1,1,0.01,0.01,-5.868403126909561,12.968801255192991,-11.470420964358548,19.053167217760784,225.45092972262347,-498.43238681433564,0.0,1.1322304761584372,0.40054269972107615,0.0,-5.309247244170391,0.9070991888255497,0.0,-6.877762320309054,-40.25551019667197,117.26032471239199,37.85871817615222,155.11904288854421
6.615999999999493,9.81,3.93,1,1,0.01,0.01,-5.890908355063592,13.005942256831048,-11.042328034109705,18.103351460185532,202.91397972755396,-451.9352199503152,0.0,1.1214693857229352,0.4024518707823286,0.0,-5.4479055596221775,0.9978822146078434,0.0,-7.045609805010879,-38.46527803156779,117.254429804986,37.855001156219686,155.1094309612057
6.617999999999493,9.81,3.93,1,1,0.01,0.01,-5.91260114091249,13.041273898974868,-10.657276728817736,17.242367044029898,182.47659983531582,-409.74691644403754,0.0,1.1104528861397196,0.40452072161585506,0.0,-5.5655028614637345,1.0679036674847708,0.0,-7.031862278048915,-36.64735951518608,117.23484272618826,37.865698870274635,155.1005415964629
6.619999999999493,9.81,3.93,1,1,0.01,0.01,-5.933563209525197,13.07496487638136,-10.310860377321832,16.46113678859778,164.28564485098948,-372.1981903613221,0.0,1.099218826027085,0.40671272664002134,0.0,-5.666111279197591,1.121832242773078,0.0,-6.8992694717557,-34.84659032040857,117.20384580705095,37.888504430908256,155.0923502379592
6.621999999999493,9.81,3.93,1,1,0.01,0.01,-5.953867374395613,13.107165483128288,-9.998655387656068,15.750510037980197,148.24383246049362,-339.1007881808046,0.0,1.0877978421245482,0.4089994213079611,0.0,-5.752917617913176,1.1631593729258787,0.0,-6.690074108921943,-33.08871174682475,117.16324376846165,37.921559500466955,155.08480326892862
6.6239999999994925,9.81,3.93,1,1,0.01,0.01,-5.973577881113381,13.138008269566386,-9.716551153012562,15.101965946724278,134.15251914160564,-310.0492555632092,0.0,1.0762149269528336,0.41135838939719127,0.0,-5.828417946830581,1.1945123491697534,0.0,-6.432743192741596,-31.38746610529955,117.11448259145216,37.963354496459615,155.07783708791177
6.625999999999492,9.81,3.93,1,1,0.01,0.01,-5.992751179482735,13.16760961657549,-9.460872188289946,14.507877257441077,121.78375420585417,-284.57355216134516,0.0,1.0644906422902802,0.41377178773398915,0.0,-5.894576490926994,1.2178854422958152,0.0,-6.146511347832966,-29.749170187840985,117.0587362087742,38.012652120749,155.07138832952322
6.627999999999492,9.81,3.93,1,1,0.01,0.01,-6.011436825005373,13.196071593779616,-9.228397968024769,13.961557104964559,110.91452594890772,-262.2118454842092,0.0,1.0526420514065395,0.41622526308612917,0.0,-5.95294943561937,1.234807427905912,0.0,-5.844408121694804,-28.175620945668086,116.99696944882514,38.0684290708341,155.06539851965925
6.629999999999492,9.81,3.93,1,1,0.01,0.01,-6.029678366797771,13.223483798016987,-9.016336056281732,13.457206280148773,101.34140953963748,-242.54186887434497,0.0,1.040683434854392,0.4187071524380779,0.0,-6.004779354271719,1.2464623594449553,0.0,-5.535270017531525,-26.66592767100752,116.92998413910418,38.12983156629849,155.05981570540268
6.631999999999492,9.81,3.93,1,1,0.01,0.01,-6.047514160200984,13.249925039988192,-8.822276945697755,12.989821086041182,92.8853790786712,-225.19143971310922,0.0,1.0286268419663533,0.42120788780934093,0.0,-6.051066623185005,1.2537767690449655,0.0,-5.2250818429543795,-25.217661647531546,116.85845333650978,38.19614126183776,155.05459459834753
6.633999999999491,9.81,3.93,1,1,0.01,0.01,-6.0649780832016145,13.275464833561118,-8.64414459631428,12.555091469487072,85.391911250206,-209.8389669871956,0.0,1.0164825181909696,0.42371954926392075,0.0,-6.092623358330562,1.2574829693516534,0.0,-4.917876353353992,-23.82757387105973,116.7829471171157,38.2667489501556,155.0496960672713
6.635999999999491,9.81,3.93,1,1,0.01,0.01,-6.082100155421,13.300164683950513,-8.4801491508637,12.149303232166956,78.72902381755371,-196.20953896843756,0.0,1.0042592385203688,0.42623552598536385,0.0,-6.1301142605878916,1.258165354622606,0.0,-4.616342188411815,-22.492039680607125,116.7039522833502,38.341134120043506,155.04508640339373
6.637999999999491,9.81,3.93,1,1,0.01,0.01,-6.098907067110953,13.324079189557185,-8.328744469163418,11.769250008699778,72.78457889577608,-184.06940999522766,0.0,0.9919645696121593,0.42875025679403744,0.0,-6.164087702540116,1.256294562448284,0.0,-4.32223800953014,-21.207330635957412,116.62188762153123,38.41884893698038,155.0407365585116
6.639999999999491,9.81,3.93,1,1,0.01,0.01,-6.115422628752492,13.347256979114308,-8.188591225983608,11.41215667029764,67.46349402686356,-173.22025402015697,0.0,0.9796050774598732,0.43125902958396756,0.0,-6.194999538859918,1.2522529121250316,0.0,-4.036676892896122,-19.96977706969877,116.53711585624042,38.49950558564264,155.03662144188306
6.6419999999994905,9.81,3.93,1,1,0.01,0.01,-6.131668152333105,13.369741506954652,-8.058525425285838,11.07561391186636,62.68514935530023,-163.49380198099436,0.0,0.967186493203697,0.4337578248614402,0.0,-6.223231472681958,1.2463535254059734,0.0,-3.760323122064972,-18.77586152216797,116.44995311889909,38.582766186683195,155.03271930558228
6.64399999999949,9.81,3.93,1,1,0.01,0.01,-6.147662774648267,13.39157172779309,-7.937531807891972,10.757522971899245,58.38109963285927,-154.74709925645158,0.0,0.9547138465289252,0.43624319260007893,0.0,-6.249105327778912,1.2388548326361364,0.0,-3.493529316465263,-17.622268638061644,116.3606765221077,38.6683346998245,155.0290112219322
6.64599999999949,9.81,3.93,1,1,0.01,0.01,-6.163423731779442,13.41278266999328,-7.824721511158478,10.456049172451566,54.49311201271596,-146.85843271019723,0.0,0.9421915737809162,0.4387121544945908,0.0,-6.272894222460783,1.2299716781599175,0.0,-3.2364325714338777,-16.505907850743114,116.26953027402723,38.75595037158086,155.0254806456081
6.64799999999949,9.81,3.93,1,1,0.01,0.01,-6.178966592608657,13.433405923632854,-7.719313343302385,10.169582965807283,50.97151046945288,-139.72389093102197,0.0,0.9296236062104212,0.44116212574896474,0.0,-6.294831382868342,1.2198838970740704,0.0,-2.9890222055026103,-15.42391929954767,116.17673065575963,38.84538239346741,155.02211304922704
6.64999999999949,9.81,3.93,1,1,0.01,0.01,-6.19430545800701,13.45347005715682,-7.62061809219275,9.89670728798429,47.773791858956216,-133.25448693860102,0.0,0.9170134424894854,0.4435908520177476,0.0,-6.315117144939809,1.2087429950887443,0.0,-2.7511876860834485,-14.373669668346071,116.08247010479352,38.9364255160609,155.0188956208544
6.651999999999489,9.81,3.93,1,1,0.01,0.01,-6.209453131248131,13.473000974159788,-7.528025363711563,9.636170172667562,44.86347481646536,-127.37376384628757,0.0,0.9043642086863491,0.44599635819828154,0.0,-6.333924556551576,1.1966773930963837,0.0,-2.5227526172157697,-13.35274222147918,115.98692058942368,39.02889642341164,155.01581701283533
6.653999999999489,9.81,3.93,1,1,0.01,0.01,-6.2244212642649765,13.492022219903248,-7.440992521324748,9.38686173650311,42.209144460325355,-122.01580715413377,0.0,0.8916787081724361,0.44837690656432116,0.0,-6.351403890142242,1.1837965766136707,0.0,-2.3034988623502506,-12.358923757932294,115.89023641624017,39.12263071660168,155.01286713284185
6.655999999999489,9.81,3.93,1,1,0.01,0.01,-6.239220483583286,13.510555245543895,-7.359035368803073,9.147794791830917,39.78365992189458,-117.12359547920613,0.0,0.8789594633931084,0.4507309623180956,0.0,-6.367686301410608,1.170194402893518,0.0,-2.0931836443410803,-11.390190198696654,115.79255658085421,39.21748038864949,155.0100369695037
6.657999999999489,9.81,3.93,1,1,0.01,0.01,-6.253860499111839,13.52861963669134,-7.281720279381564,8.918088469924486,37.563496410247474,-112.64763110560682,0.0,0.8662087510212964,0.4530571650757893,0.0,-6.3828868141769695,1.1559517551280547,0.0,-1.8915516209261125,-10.44469187055896,115.69400674803019,39.31331169833486,155.00731844636505
6.6599999999994886,9.81,3.93,1,1,0.01,0.01,-6.268350198429751,13.546233311790694,-7.2086575266619795,8.696954345655685,35.52819806508374,-108.54480108532499,0.0,0.8534286316967968,0.4553543051310077,0.0,-6.3971067700078725,1.141138686811838,0.0,-1.69834335051586,-9.520739127455682,115.59470092913357,39.410003369932426,155.004704299066
6.661999999999488,9.81,3.93,1,1,0.01,0.01,-6.282697728766382,13.56341269490012,-7.139495615918387,8.48368464450275,33.659921924371986,-104.77742803168732,0.0,0.8406209753096268,0.4576213035906983,0.0,-6.41043584998755,1.1258161651610057,0.0,-1.5133011564881031,-8.616788677920256,115.49474291081995,39.50744506079537,155.0021879716153
6.663999999999488,9.81,3.93,1,1,0.01,0.01,-6.296910568503708,13.580172866672074,-7.073916450234702,8.2776421871327,31.943056833693348,-101.31247699243198,0.0,0.8277874825958536,0.4598571956689197,0.0,-6.422953752376518,1.1100374970899594,0.0,-1.3361731126483143,-7.731430812209389,115.39422747807666,39.60553605032713,154.99976352840378
6.665999999999488,9.81,3.93,1,1,0.01,0.01,-6.310995589730135,13.596527696720385,-7.0116311952367205,8.078251787772249,30.363904059807844,-98.1208908752011,0.0,0.8149297036658156,0.4620611165708979,0.0,-6.43473159187514,1.0938495022315924,0.0,-1.166715670573999,-6.8633776116934175,115.29324146631042,39.70418411293782,154.99742557924824
6.667999999999488,9.81,3.93,1,1,0.01,0.01,-6.324959113127109,13.61248996003934,-6.952376730161,7.884992872458183,28.910408796543706,-95.17703193247486,0.0,0.8020490539675742,0.4642322895136112,0.0,-6.445833072382238,1.077293483143453,0.0,-1.004695305786437,-6.011452153974498,115.19186467056838,39.803304544692516,154.9951692152609
6.6699999999994874,9.81,3.93,1,1,0.01,0.01,-6.338806956265543,13.628071439715248,-6.895912592580387,7.697393123994184,27.571933737234477,-92.45821093858223,0.0,0.789146828095893,0.4663700155181092,0.0,-6.4563154744637625,1.0604060319440327,0.0,-0.8498894566932056,-5.1745786854610705,115.09017063476628,39.902819318988534,154.99298995375483
6.671999999999487,9.81,3.93,1,1,0.01,0.01,-6.352544476220289,13.643283017818936,-6.84201834008917,7.515022993708485,26.33906750555035,-89.94428905369526,0.0,0.7762242117831983,0.4684736646784512,0.0,-6.466230490454101,1.0432197042868279,0.0,-0.7020869560343767,-4.351773709223751,114.9882273396477,40.00265635106874,154.99088369071643
6.673999999999487,9.81,3.93,1,1,0.01,0.01,-6.366176607270961,13.65813475607603,-6.790491265311441,7.337490947297998,25.203462050241065,-87.61734010153941,0.0,0.7632822923498911,0.4705426686673171,0.0,-6.475624933633293,1.0257635851599425,0.0,-0.5610881008167603,-3.542137923571761,114.88609780488952,40.1027488547591,154.98884665964863
6.675999999999487,9.81,3.93,1,1,0.01,0.01,-6.379707894341203,13.672635967669336,-6.741144411285124,7.1644393343027915,24.15769417488204,-85.46136320426655,0.0,0.750322067843818,0.47257651428212344,0.0,-6.484541342831285,1.008063766023753,0.0,-0.42670446760932734,-2.744848941746705,114.78384061809592,40.20303477769673,154.98687539579265
6.677999999999487,9.81,3.93,1,1,0.01,0.01,-6.393142522731647,13.686795281325637,-6.6938048430395565,6.995540789011044,23.19514723803116,-83.46203751647687,0.0,0.7373444550601284,0.47457473787046967,0.0,-6.493018499786477,0.9901437489201587,0.0,-0.29875855149400676,-1.9591547226708979,114.68151040127347,40.303456303642065,154.98496670491554
6.679999999999486,9.81,3.93,1,1,0.01,0.01,-6.406484344620879,13.700620698670322,-6.648312138389171,6.830495085602795,22.309909760873563,-81.60651226075895,0.0,0.7243502966014379,0.4765369205018144,0.0,-6.5010918733887655,0.9720247901441947,0.0,-0.17708328600776227,-1.184367644993151,114.57915822362168,40.40395941235943,154.9831176359811
6.681999999999486,9.81,3.93,1,1,0.01,0.01,-6.419736902740908,13.714119645691625,-6.604517066902795,6.6690263827102445,21.49668824987989,-79.88322645455361,0.0,0.7113403671126344,0.47846268377505163,0.0,-6.50879400238437,0.9537261936691123,0.0,-0.061521485996728825,-0.41985916055505634,114.47683196804739,40.50449348909828,154.98132545714566
6.683999999999486,9.81,3.93,1,1,0.01,0.01,-6.432903451576615,13.727299019037135,-6.5622804309133365,6.510880802794308,20.750732006665302,-78.28175368544186,0.0,0.6983153788035363,0.4803516861699867,0.0,-6.516154826070714,0.9352655626131288,0.0,0.04807475606154133,0.3349450319194159,114.37457665762906,40.605010976971975,154.97958763460105
6.685999999999486,9.81,3.93,1,1,0.01,0.01,-6.445986976390568,13.740165227764837,-6.521472046496876,6.355824300208067,20.067768076552788,-76.79266808160105,0.0,0.6852759863553775,0.48220361986576954,0.0,-6.52320197085751,0.9166590155186977,0.0,0.15184469810325057,1.0805693471207491,114.27243474729532,40.705467066577526,154.97790181387285
6.6879999999994855,9.81,3.93,1,1,0.01,0.01,-6.458990210333942,13.752724231085864,-6.4819698457268915,6.203640778857657,19.44394479776116,-75.40742827034663,0.0,0.6722227912926259,0.484018207961612,0.0,-6.529960999231744,0.8979213730001188,0.0,0.24991958492738534,1.8174922566630964,114.17044638517055,40.80581941806508,154.97626580323563
6.689999999999485,9.81,3.93,1,1,0.01,0.01,-6.471915649869782,13.764981572564048,-6.443659084322884,6.054130426238578,18.875782667824147,-74.11827664778264,0.0,0.6591563458897536,0.4857952020452285,0.0,-6.536455626575307,0.8790663193366709,0.0,0.3424232816660331,2.5461498602349577,114.06864964738266,40.90602791158456,154.97467755896722
6.691999999999485,9.81,3.93,1,1,0.01,0.01,-6.4847655687055035,13.776942411175973,-6.40643164116339,5.907108235529848,18.36013145338291,-72.91815171862794,0.0,0.6460771566725603,0.4875343800627643,0.0,-6.542707910394244,0.8601065427973569,0.0,0.4294728962730722,3.2669391243170427,113.96708074956017,41.0060544226373,154.97313517219746
6.693999999999485,9.81,3.93,1,1,0.01,0.01,-6.497542030406511,13.788611549582786,-6.370185398102986,5.7624026915395925,17.8941326423604,-71.80061162493107,0.0,0.6329856875653139,0.48923554445089557,0.0,-6.5487384157886455,0.8410538578404627,0.0,0.5111793855146123,3.9802208242337898,113.86577423778692,41.105862619363315,154.97163685715023
6.695999999999485,9.81,3.93,1,1,0.01,0.01,-6.510246899841376,13.799993459920211,-6.334823690187494,5.619854599751855,17.475186480544277,-70.7597672798316,0.0,0.6198823627279109,0.49089852049753935,0.0,-6.5545663603911635,0.821919311806963,0.0,0.5876481407655675,4.686322221509054,113.76476316138391,41.205417779218415,154.97018094060232
6.697999999999484,9.81,3.93,1,1,0.01,0.01,-6.522881853590645,13.811092307374674,-6.30025481775538,5.479316040638004,17.100922953271095,-69.79022376922002,0.0,0.6067675691213146,0.49252315490239584,0.0,-6.56020974150509,0.8027132782972193,0.0,0.658979551241279,5.385539505059745,113.66407922955855,41.30468662285142,154.96876585240997
6.699999999999484,9.81,3.93,1,1,0.01,0.01,-6.535448389435537,13.821911971780322,-6.266391613090299,5.340649433859234,16.769176171637426,-68.887028889297,0.0,0.5936416588345121,0.4941093145125517,0.0,-6.56568544776112,0.7834455390672493,0.0,0.7252695432473392,6.078140021669914,113.56375295368012,41.403637163293325,154.96739011697343
6.701999999999484,9.81,3.93,1,1,0.01,0.01,-6.547947835029143,13.832456067443117,-6.233151055286129,5.203726699074621,16.47796170504944,-68.04562785911598,0.0,0.5805049512019254,0.49565688521179896,0.0,-6.571009357268592,0.764125355989472,0.0,0.7866100947087137,6.764364318417025,113.46381377669931,41.502238568829334,154.96605234552865
6.703999999999484,9.81,3.93,1,1,0.01,0.01,-6.560381355840927,13.842727961373413,-6.200453927831299,5.068428501843845,16.2254564708612,-67.26182339024483,0.0,0.5673577347365586,0.4971657709450923,0.0,-6.576196423951035,0.7447615343812979,0.0,0.8430897247114625,7.444428017248858,113.36429019102982,41.6004610381395,154.96475122916934
6.7059999999994835,9.81,3.93,1,1,0.01,0.01,-6.572749962455079,13.852730790087005,-6.168224514138267,4.934643574626117,16.009980849690642,-66.5317404156128,0.0,0.5542002689010247,0.49863589286201293,0.0,-6.581260753515803,0.7253624788044318,0.0,0.8947939581098919,8.118523539703823,113.26520984603309,41.69827568648263,154.96348553251573
6.707999999999483,9.81,3.93,1,1,0.01,0.01,-6.585054517294364,13.862467475115906,-6.136390326856777,4.802268104169101,15.82998274366558,-65.8517948804229,0.0,0.5410327857359271,0.5000671885651554,0.0,-6.586215670306543,0.7059362422704114,0.0,0.9418057654586723,8.786821697805536,113.16659964610028,41.79565444185791,154.9622540879582
6.709999999999483,9.81,3.93,1,1,0.01,0.01,-6.597295740833308,13.871940737353892,-6.104881867332903,4.671205177688532,15.684023335898969,-65.21866608296693,0.0,0.5278554913627156,0.5014596114510395,0.0,-6.591073776117533,0.6864905696481782,0.0,0.9842059786536458,9.449473165416777,113.06848584019582,41.892569950214394,154.96105579041023
6.711999999999483,9.81,3.93,1,1,0.01,0.01,-6.609474217357756,13.881153110347562,-6.073632412023579,4.541364281189879,15.57076434420462,-64.62927212495782,0.0,0.5146685673761355,0.5028131301326548,0.0,-6.595847001906081,0.6670329359523152,0.0,1.0220736827295527,10.106609842787073,112.97089410361966,41.98899548889723,154.9598895925169
6.713999999999483,9.81,3.93,1,1,0.01,0.01,-6.621590400321845,13.890106952631287,-6.042577823060132,4.412660844101718,15.4889565914899,-64.08074809178069,0.0,0.501472172139644,0.5041277279339713,0.0,-6.600546653218093,0.6475705800920465,0.0,1.055486584284734,10.758346125648467,112.87384961264841,42.08490488762007,154.95875450026847
6.715999999999482,9.81,3.93,1,1,0.01,0.01,-6.633644617348168,13.898804459193402,-6.01165638048379,4.285015825096736,15.437429740260258,-63.570426634664855,0.0,0.4882664419956662,0.5054034024478778,0.0,-6.605183450039358,0.6281105345782227,0.0,1.0845213569955685,11.40478008898805,112.77737711263624,42.18027245634238,154.95764956897864
6.717999999999482,9.81,3.93,1,1,0.01,0.01,-6.645637074912227,13.907247672151417,-5.9808086339594055,4.158355334587222,15.415083059962376,-63.095820670692845,0.0,0.475051492401157,0.506640165149862,0.0,-6.6097675616979314,0.6086596516157776,0.0,1.1092539646570507,12.045994594534646,112.68150098008253,42.27507291950323,154.95657389958575
6.719999999999482,9.81,3.93,1,1,0.01,0.01,-6.657567862748158,13.915438490705546,-5.9499772720175885,4.032610289911651,15.42087711405104,-62.65460795400331,0.0,0.46182741899784535,0.5078380410605957,0.0,-6.614308637368899,0.5892246259498899,0.0,1.1297599621472199,12.682058330025427,112.58624527911789,42.36928135613043,154.9555266352483
6.721999999999482,9.81,3.93,1,1,0.01,0.01,-6.669436958008985,13.923378680432316,-5.919107007085722,3.9077160996894564,15.45382626918903,-62.24461730355084,0.0,0.44859429862543965,0.5089970684512619,0.0,-6.618815832669388,0.5698120147844296,0.0,1.1461147746693128,13.31302678745279,112.4916338128008,42.46287314539971,154.9545069582005
6.7239999999994815,9.81,3.93,1,1,0.01,0.01,-6.681244229211436,13.931069881973437,-5.888144474749916,3.7836123742222414,15.51299194227706,-61.86381630019851,0.0,0.4353521902851912,0.5101172985860403,0.0,-6.623297832777811,0.5504282550489297,0.0,1.1583939555794365,13.938943186719529,112.39769016957882,42.555823917266906,154.95351408684573
6.725999999999481,9.81,3.93,1,1,0.01,0.01,-6.692989439992314,13.938513619169168,-5.857038145846876,3.6602426591700286,15.59747651239975,-61.51030028944693,0.0,0.4221011360603353,0.5111987954966777,0.0,-6.627762872464881,0.5310796782549567,0.0,1.1666734230641107,14.55983935044055,112.3044377652246,42.64810950783759,154.95254727306218
6.727999999999481,9.81,3.93,1,1,0.01,0.01,-6.704672252700833,13.945711306680247,-5.825738250120469,3.5375541900378105,15.706417834541352,-61.182282546336495,0.0,0.40884116199928877,0.5122416357845724,0.0,-6.632218753384284,0.5117725231523642,0.0,1.1710296758917833,15.175736535012776,112.21189988052313,42.73970591917703,154.95160579970016
6.729999999999481,9.81,3.93,1,1,0.01,0.01,-6.716292231848851,13.952664257137746,-5.794196710295489,3.415497665276721,15.838984300314321,-60.87808547650273,0.0,0.39557227896672076,0.5132459084461278,0.0,-6.636672858936716,0.4925129463709021,0.0,1.1715399884295974,15.786646222522736,112.12009969496195,42.830589283292014,154.95068897825396
6.731999999999481,9.81,3.93,1,1,0.01,0.01,-6.727848847438807,13.959373687856099,-5.762367085523243,3.2940270360407835,15.994370398142587,-60.596132742422014,0.0,0.38229448346708367,0.5142117147175224,0.0,-6.641132166991584,0.4733070312111431,0.0,1.168282585090283,16.392570877566325,112.02906031664708,42.92073583004377,154.94979614669086
6.73399999999948,9.81,3.93,1,1,0.01,0.01,-6.739341478187099,13.965840727140815,-5.730204523242344,3.173099310848769,16.171792731519595,-60.3349422169124,0.0,0.36900775844461614,0.515139167935345,0.0,-6.645603260724993,0.4541607947310337,0.0,1.161336794356912,16.993504672610246,111.93880480864732,43.010121858774696,154.94892666742203
6.73599999999948,9.81,3.93,1,1,0.01,0.01,-6.750769414658875,13.972066420219113,-5.697665718575479,3.0526743735850204,16.3704864592612,-60.093119677254805,0.0,0.3557120740633619,0.516028393409813,0.0,-6.650092337810784,0.4350801932593647,0.0,1.1507831825244377,17.589434185125484,111.84935621195459,43.09872371345011,154.9480799254047
6.73799999999948,9.81,3.93,1,1,0.01,0.01,-6.762131862328462,13.9780517348187,-5.664708880450354,2.932714813436323,16.589702126207843,-59.86935316310846,0.0,0.3424073884702621,0.5168795283075611,0.0,-6.654605218181693,0.416071126455384,0.0,1.1367036672984208,18.18033906936215,111.7607375652259,43.18651776113362,154.9472553263595
6.73999999999948,9.81,3.93,1,1,0.01,0.01,-6.773427944578135,13.983797566417321,-5.631293703692201,2.8131857655068253,16.828702856705863,-59.66240792993994,0.0,0.3290936485439806,0.5176927215411786,0.0,-6.659147350561083,0.3971394400236008,0.0,1.119181611401671,18.766192705310818,111.67297192146988,43.273480373627415,154.9464522950973
6.7419999999994795,9.81,3.93,1,1,0.01,0.01,-6.784656705646449,13.98930474318324,-5.597381346387146,2.6940547609819534,17.08676188649608,-59.471121937136296,0.0,0.3157707906317465,0.5184681336629279,0.0,-6.663723817950447,0.37829092718463514,0.0,1.0983018963594782,19.34696282710124,111.58608236182086,43.359587912121626,154.94567027394248
6.743999999999479,9.81,3.93,1,1,0.01,0.01,-6.795817113536029,13.994574030624767,-5.562934411861616,2.5752915858272662,17.363160411434134,-59.294401816487635,0.0,0.3024387412761253,0.5192059367602566,0.0,-6.668339342244558,0.3595313289965309,0.0,1.074150976663612,19.922612132823318,111.50009200653932,43.44481671470649,154.9449087212458
6.745999999999479,9.81,3.93,1,1,0.01,0.01,-6.80690806288941,13.999606135964937,-5.527916934663692,2.456868147110992,17.657185733829223,-59.13121927243981,0.0,0.28909741793326516,0.519906314350846,0.0,-6.6729982881342815,0.34086633361592017,0.0,1.0468169145537103,20.493098877514566,111.41502402337362,43.52914308660601,154.94416710997962
6.747999999999479,9.81,3.93,1,1,0.01,0.01,-6.817928377840362,14.00440171225577,-5.4922943699686995,2.338758346131063,17.968129689158914,-58.98060787053018,0.0,0.2757467296839705,0.5205694612752403,0.0,-6.677704666445787,0.32230157458411357,0.0,1.0163893956999683,21.05837745083804,111.33090163340225,43.61254329300405,154.9434449264063
6.749999999999479,9.81,3.93,1,1,0.01,0.01,-6.828876814846993,14.008961362244978,-5.456033585864142,2.2209379576101296,18.29528733756554,-58.84166017485,0.0,0.2623865779385004,0.5211955835851024,0.0,-6.6824621370551895,0.3038426282208674,0.0,0.9829597261268287,21.618398940776252,111.24774811448628,43.69499355433118,154.94274166881746
6.751999999999478,9.81,3.93,1,1,0.01,0.01,-6.8397520655118695,14.013285642006558,-5.419102857998829,2.103384514296351,18.637955905883373,-58.713525199278635,0.0,0.24901685713588373,0.5217848984254689,0.0,-6.687274011507949,0.28549501020596924,0.0,0.9466208107767293,22.173111684483825,111.16558680244252,43.776470043891905,154.94205684633442
6.753999999999478,9.81,3.93,1,1,0.01,0.01,-6.850552759393395,14.017375064345503,-5.3814718661084795,1.9860771963747421,18.995433967045486,-58.595406140710296,0.0,0.23563745543816883,0.5223376339093982,0.0,-6.692143255463753,0.26726417142784364,0.0,0.9074671141811373,22.72246180727604,111.08444109005987,43.85694888770853,154.9413899777684
6.755999999999478,9.81,3.93,1,1,0.01,0.01,-6.861277466811719,14.021230101985688,-5.3431116919554285,1.8689967251542696,19.367020844588808,-58.4865583655742,0.0,0.22224825541986826,0.522854028983656,0.0,-6.697072491078957,0.24915549317736185,0.0,0.8655946037773998,23.266393750578253,111.00433442407,43.93640616646411,154.94074059053412
6.757999999999478,9.81,3.93,1,1,0.01,0.01,-6.871924701651583,14.024851190549011,-5.303994818243937,1.7521252605504751,19.752016230659937,-58.38628762371333,0.0,0.20884913475261824,0.5233343332842088,0.0,-6.702063999430536,0.23117428176477384,0.0,0.8211006764860783,23.804850789522202,110.92529030018527,44.01481791942717,154.94010821961245
6.7599999999994775,9.81,3.93,1,1,0.01,0.01,-6.882492924163616,14.028238731332921,-5.264095128095262,1.635446301932753,20.149720006442877,-58.293948466164295,0.0,0.1954399668848592,0.5237788069804254,0.0,-6.707119723077579,0.21332576263774816,0.0,0.7740840692424927,24.33777554074834,110.84733225632007,44.0921601502405,154.9394924065606
6.761999999999477,9.81,3.93,1,1,0.01,0.01,-6.892980543764816,14.031393093892685,-5.2233879046883835,1.5189445919500584,20.55943225430641,-58.20894284561329,0.0,0.18202062171618338,0.5241877206070892,0.0,-6.712241268848315,0.19561507407869083,0.0,0.72464475425654,24.865110460856084,110.7704838641059,44.16840883445872,154.93889269856462
6.763999999999477,9.81,3.93,1,1,0.01,0.01,-6.903385921838162,14.034314618433996,-5.181849830693429,1.402606022989202,20.980453451233913,-58.13071888033688,0.0,0.16859096626581171,0.5245613548834455,0.0,-6.717429910933001,0.17804726055988984,0.0,0.6728838198558281,25.386798335838375,110.69476871881398,44.243539928718455,154.93830864753244
6.765999999999477,9.81,3.93,1,1,0.01,0.01,-6.913707374530594,14.037003618020865,-5.139458987145517,1.2864175459564018,21.412084833262682,-58.05876976428063,0.0,0.1551508653345246,0.5249000005186839,0.0,-6.722686594354995,0.16062726583549336,0.0,0.6189033378474796,25.902782761738543,110.6202104277987,44.317529381425146,154.93773980922384
6.767999999999477,9.81,3.93,1,1,0.01,0.01,-6.923943175547893,14.03946038060317,-5.096194851427192,1.1703670811057338,21.853628920751117,-57.992632807629015,0.0,0.14170018215919777,0.525203958003411,0.0,-6.7280119388846344,0.14335992584985213,0.0,0.5628062184126399,26.41300861668003,110.54683259757579,44.390353144840816,154.9371857424166
6.769999999999476,9.81,3.93,1,1,0.01,0.01,-6.934091558944392,14.0416851708677,-5.052038294047951,1.0544434306678252,22.304390194324316,-57.93188859378645,0.0,0.12823877905904424,0.5254735373868105,0.0,-6.733406243452636,0.1262499615417949,0.0,0.5046960536216669,26.917422524338964,110.47465881964922,44.46198718845594,154.93664600810516
6.771999999999476,9.81,3.93,1,1,0.01,0.01,-6.944150721904777,14.043678231916063,-5.006971573929645,0.9386361930588296,22.763675911337796,-57.876160240143946,0.0,0.11476651807245819,0.5257090580393844,0.0,-6.738869491111646,0.10930197162503275,0.0,0.444676950730359,27.41597330885727,110.40371265520042,44.532407513530515,154.93612016873095
6.773999999999476,9.81,3.93,1,1,0.01,0.01,-6.9541188275147565,14.045439786772446,-4.960978331926929,0.8229356784735938,23.230797052663554,-57.825112751367485,0.0,0.10128326158336731,0.5259108484012911,0.0,-6.744401354586816,0.09252042542438577,0.0,0.3828533564808765,27.908612441130856,110.33401761875427,44.601590168687515,154.9356077874418
6.775999999999476,9.81,3.93,1,1,0.01,0.01,-6.963994007516779,14.046970039723782,-4.914043582332331,0.707332825688162,23.705069389554993,-57.778452455225164,0.0,0.08778887293586046,0.5260792457164792,0.0,-6.7500012024481,0.07590965584755249,0.0,0.3193298736906744,28.3952944763502,110.26559716093584,44.669511266443784,154.93510842737962
6.7779999999994756,9.81,3.93,1,1,0.01,0.01,-6.973774365046567,14.0482691774946,-4.866153702136077,0.5918191199155086,24.185814660299616,-57.735926512181834,0.0,0.07428321703582785,0.5262145957529654,0.0,-6.755668105929017,0.05947385257141724,0.0,0.2542110714630662,28.8759774826229,110.19847465043115,44.736147000563356,154.9346216509945
6.779999999999475,9.81,3.93,1,1,0.01,0.01,-6.983457977345743,14.049337370258533,-4.817296417831417,0.47638651157476486,24.672361846336187,-57.69732249114614,0.0,0.06076616093829379,0.5263172525097621,0.0,-6.761400846408675,0.043217055521046044,0.0,0.18760129039562556,29.350623460467542,110.13267335526452,44.80147366411922,154.93414701938374
6.781999999999475,9.81,3.93,1,1,0.01,0.01,-6.993042898445448,14.050174772488162,-4.7674607895768535,0.3610273358483263,25.16404853750404,-57.662468004861715,0.0,0.04723757441910359,0.5263875779111156,0.0,-6.767197923565839,0.027143148718232535,0.0,0.11960444419556183,29.81919875293513,110.06821642350434,44.86546766815103,154.93368409165538
6.783999999999475,9.81,3.93,1,1,0.01,0.01,-7.002527161815509,14.050781523644677,-4.716637192547324,0.24573423291316812,25.66022237611672,-57.63123039949877,0.0,0.033697330529654734,0.5264259414888861,0.0,-6.773057564205977,0.011255854574636182,0.0,0.05032381913346875,30.281674446090737,110.00512686350417,44.928105560808575,154.93323242431273
6.785999999999475,9.81,3.93,1,1,0.01,0.01,-7.011908782973369,14.05115774870857,-4.664817295326948,0.13050006874254327,26.16024256962482,-57.603516494040846,0.0,0.02014530613326604,0.5264327200540024,0.0,-6.778977731754717,-0.004441271296983573,0.0,-0.020138127218463062,30.738026759573017,109.94342752379146,44.98936404687119,154.93279157066263
6.7879999999994745,9.81,3.93,1,1,0.01,0.01,-7.021185762046732,14.051303558552442,-4.611994035216296,0.015317856382044498,26.663481461749633,-57.57927236606129,0.0,0.006581382421919524,0.5264082973581224,0.0,-6.7849561364033715,-0.019944844682856178,0.0,-0.09167996651812095,31.188237426941008,109.88314107270457,45.0492200075379,154.93236108024246
6.789999999999474,9.81,3.93,1,1,0.01,0.01,-7.030356086283655,14.051219050156746,-4.558161590347217,-0.09981932239017041,27.16932615215045,-57.55848318147169,0.0,-0.0069945545879244175,0.5263530637467433,0.0,-6.7909902458850775,-0.03525165671145447,0.0,-0.164201498017052,31.632294065520806,109.8242899778809,45.10765052038539,154.93194049826627
6.791999999999474,9.81,3.93,1,1,0.01,0.01,-7.039417732503597,14.050904306669167,-4.503315348517901,-0.21491839510532212,27.67718015493011,-57.54117306679066,0.0,-0.020582613581684894,0.5262674158051283,0.0,-6.797077296853153,-0.050358677074862246,0.0,-0.2376039433379758,32.07019053547598,109.76689648569628,45.164632879393636,154.93152936508992
6.793999999999474,9.81,3.93,1,1,0.01,0.01,-7.048368669482798,14.050359397308153,-4.447451872679944,-0.3299863764325067,28.186465086594996,-57.52740502343502,0.0,-0.034182897496350506,0.5261517559985665,0.0,-6.803214306826519,-0.06526305646670116,0.0,-0.31179013627938573,32.50192728784597,109.71098260074808,45.22014461494394,154.93112721569202
6.795999999999474,9.81,3.93,1,1,0.01,0.01,-7.057206860267252,14.049584377110916,-4.390568863027573,-0.44503044587808,28.696622374467225,-57.51728088447956,0.0,-0.04779550309459202,0.5260064923085914,0.0,-6.809398086660837,-0.07996212817872461,0.0,-0.3866647063014,32.92751170132779,109.65657006547244,45.274163513698554,154.93073357917098
6.797999999999473,9.81,3.93,1,1,0.01,0.01,-7.065930264406417,14.048579286526108,-4.332665115656764,-0.5600580254421001,29.207114977006544,-57.51094131527485,0.0,-0.06142052056431435,0.5258320378668917,0.0,-6.815625253498149,-0.09445340880204084,0.0,-0.462134254397663,33.346958407616455,109.60368033998061,45.32666763827499,154.9303479782556
6.799999999999473,9.81,3.93,1,1,0.01,0.01,-7.07453684010081,14.047344150851144,-4.273740477778536,-0.675076857321715,29.717429108032587,-57.508565860251295,0.0,-0.07505803314454851,0.525628810588747,0.0,-6.821892244142557,-0.10873459798312829,0.0,-0.5381075201186593,33.760289605171124,109.5523345821965,45.37763534663372,154.92996992883022
6.801999999999473,9.81,3.93,1,1,0.01,0.01,-7.083024546256581,14.045878979513992,-4.213795799486128,-0.790095081756981,30.227075957449664,-57.510373039182014,0.0,-0.08870811677846535,0.5253972328079581,0.0,-6.828195328804257,-0.12280357718912094,0.0,-0.6144955385806524,34.167535361332924,109.5025536283631,45.427045311105154,154.92959893946826
6.803999999999473,9.81,3.93,1,1,0.01,0.01,-7.091391344440175,14.044183765199048,-4.152832882089883,-0.9051213151221007,30.735593401766753,-57.516620497132834,0.0,-0.10237083979422157,0.5251377309152458,0.0,-6.834530625150454,-0.13665840744095342,0.0,-0.6912117863693065,34.568733902794406,109.45435797399477,45.474876536984226,154.929234510979
6.8059999999994725,9.81,3.93,1,1,0.01,0.01,-7.099635200726265,14.04225848281649,-4.0908544230463315,-1.0201647283744817,31.242547698469423,-57.52760521329097,0.0,-0.11604626261413564,0.5248507350022655,0.0,-6.840894112597303,-0.15029732597773904,0.0,-0.768172315331429,34.96393189449919,109.40776775532849,45.521108380631304,154.9288761359598
6.807999999999472,9.81,3.93,1,1,0.01,0.01,-7.107754087432164,14.040103088314266,-4.027863957519018,-1.1352351259853886,31.7475351591446,-57.54366377485499,0.0,-0.12973443749266056,0.5245366785133839,0.0,-6.847281646774232,-0.16371874181956958,0.0,-0.8452958733332231,35.35318470714467,109.36280273133407,45.56572056702187,154.92852329835594
6.809999999999472,9.81,3.93,1,1,0.01,0.01,-7.1157459847320235,14.037717517331641,-3.963865796617902,-1.2503430254893337,32.250183797173655,-57.56517272317806,0.0,-0.1434354082833902,0.5241959979074549,0.0,-6.853688974089112,-0.17692123020054745,0.0,-0.922504011156761,35.73655667356143,109.31948226632889,45.608693206695435,154.92817547302434
6.811999999999472,9.81,3.93,1,1,0.01,0.01,-7.123608882144241,14.035101683692886,-3.8988649623715785,-1.3654997378047746,32.75015494679974,-57.592548980405915,0.0,-0.15714921023523765,0.5238291323318858,0.0,-6.860111746320753,-0.18990352584762965,0.0,-0.9997211747988733,36.114121334356135,109.2778253132376,45.650006812061335,154.92783212529895
6.813999999999472,9.81,3.93,1,1,0.01,0.01,-7.1313407798855915,14.03225547773942,-3.8328671194918726,-1.480717448496251,33.24714485143423,-57.626250365938105,0.0,-0.17087586981777259,0.5234365233113125,0.0,-6.866545535163729,-0.20266451508458766,0.0,-1.076874782531166,36.4859616733276,109.23785039753116,45.689642313025686,154.92749271055686
6.815999999999471,9.81,3.93,1,1,0.01,0.01,-7.1389396900857305,14.029178764498335,-3.76587850399354,-1.5960093001678821,33.74088622019682,-57.66677621318301,0.0,-0.18461540457553938,0.5230186144532598,0.0,-6.872985846649501,-0.21520322674380654,0.0,-1.1538952861740879,36.852170343297715,109.19957560186901,45.72758107191203,154.92715667378104
6.817999999999471,9.81,3.93,1,1,0.01,0.01,-7.1464036378558475,14.025871381684814,-3.697905848732622,-1.7113894762002788,34.231149752879965,-57.71466809828084,0.0,-0.1983678230110375,0.5225758511731838,0.0,-6.879428135367446,-0.22751882187150896,0.0,-1.230716216129437,37.212849883142106,109.1630185514629,45.76380489765533,154.92682344911822
6.819999999999471,9.81,3.93,1,1,0.01,0.01,-7.153730662205367,14.022333137535556,-3.628956305925362,-1.826873286067542,34.717745634792394,-57.77051069375057,0.0,-0.21213312449586985,0.5221086804413227,0.0,-6.885867818409456,-0.2396105822144649,0.0,-1.3072742098041612,37.56811292695781,109.12819640017037,45.798296059256735,154.9264924594271
6.821999999999471,9.81,3.93,1,1,0.01,0.01,-7.160918816800714,14.018563808469754,-3.559037366705379,-1.9424772524982825,35.200525004265955,-57.834932761388316,0.0,-0.22591129920946218,0.5216175505538014,0.0,-6.89230028896235,-0.2514778974778049,0.0,-1.3835090231398213,37.91808240646756,109.0951258173223,45.831037298494266,154.92616311581656
6.8239999999994705,9.81,3.93,1,1,0.01,0.01,-7.167966170560275,14.014563136573665,-3.4881567777698193,-2.058219200774717,35.67938139700771,-57.90860830022661,0.0,-0.23970232810453662,0.5211029109304586,0.0,-6.898720929473226,-0.2631202513449383,0.0,-1.4593635250395414,38.26289174793228,109.06382297527557,45.86201184189244,154.925834817168
6.82599999999947,9.81,3.93,1,1,0.01,0.01,-7.174870808079779,14.010330826904188,-3.416322455155408,-2.174118350497101,36.15425217294549,-57.992257866973645,0.0,-0.2535061828984523,0.5205652119418764,0.0,-6.905125124314263,-0.27453720625050704,0.0,-1.534783674549668,38.60268506502551,109.03430353767835,45.891203411961285,154.92550694963964
6.82799999999947,9.81,3.93,1,1,0.01,0.01,-7.181630829882383,14.00586654460613,-3.3435423951724825,-2.2901954101773248,36.625119932754714,-58.08665008811201,0.0,-0.2673228260892927,0.5200049047681259,0.0,-6.91150827187496,-0.2857283868971302,0.0,-1.6097184807129614,38.93761734931549,109.00658264842336,45.91859623772403,154.9251788861474
6.82999999999947,9.81,3.93,1,1,0.01,0.01,-7.188244352487794,14.001169911837136,-3.269824582509121,-2.4064726750657712,37.092013932871446,-58.192603384776255,0.0,-0.28115221099553256,0.519422441291742,0.0,-6.917865796011755,-0.2966934625046762,0.0,-1.6841199450533917,39.26785466020314,108.98067492126049,45.944175064559175,154.92484998581966
6.83199999999947,9.81,3.93,1,1,0.01,0.01,-7.194709508294763,13.996240504493358,-3.1951768954981783,-2.5229741286598824,37.55501150950034,-58.31098793367596,0.0,-0.29499428181788623,0.5188182740274796,0.0,-6.924193156786806,-0.30743212777860934,0.0,-1.7579429866877352,39.59357431637796,108.95659443002825,45.967925163391484,154.92451959341975
6.833999999999469,9.81,3.93,1,1,0.01,0.01,-7.201024445271265,13.991077848728006,-3.11960700851724,-2.639725548391749,38.01423952392392,-58.4427278897178,0.0,-0.3088489737218845,0.5181928560914273,0.0,-6.930485860429827,-0.31794408257979656,0.0,-1.8311453500751553,39.91496509107891,108.93435469945867,45.98983233927383,154.9241870387325
6.835999999999469,9.81,3.93,1,1,0.01,0.01,-7.207187326446548,13.98568141725391,-3.0431222914650067,-2.7567546160459817,38.469875843327316,-58.58880389865431,0.0,-0.3227162129395374,0.517546641212104,0.0,-6.93673946845874,-0.32822901027336565,0.0,-1.9036874954193566,40.23222741368506,108.9139686964981,46.009882939410026,154.92385163590814
6.837999999999469,9.81,3.93,1,1,0.01,0.01,-7.213196329199161,13.980050625419988,-2.9657297062271866,-2.8740910335186984,38.92215087338362,-58.75025593108472,0.0,-0.33659591688835544,0.5168800837861912,0.0,-6.942949605896894,-0.3382865547275239,0.0,-1.975532471720643,40.545573580413375,108.89544882208389,46.0280638606755,154.9235126827594
6.839999999999469,9.81,3.93,1,1,0.01,0.01,-7.21904964433479,13.974184827050324,-2.8874357000103266,-2.991766644594447,39.37134916102239,-58.92818647251559,0.0,-0.350487994305849,0.5161936389816595,0.0,-6.949111968526051,-0.3481162959254314,0.0,-2.046645772440661,40.8552279771676,108.87880690330036,46.04436255670293,154.9231694600033
6.8419999999994685,9.81,3.93,1,1,0.01,0.01,-7.2247454749475075,13.968083310033029,-2.80824609538286,-3.1098155634910163,39.817811088148545,-59.123764108011045,0.0,-0.3643923453975151,0.5154877628910863,0.0,-6.955222329115699,-0.3577177241435214,0.0,-2.11699517368538,41.16142731786804,108.86405418583783,46.05876704460511,154.92282123044293
6.843999999999468,9.81,3.93,1,1,0.01,0.01,-7.230282035057645,13.961745291644577,-2.728165976818599,-3.228274311003418,40.26193467962549,-59.33822754430125,0.0,-0.37830886199622754,0.5147629127381086,0.0,-6.961276542569951,-0.36709021263802305,0.0,-2.1865505547306348,41.46442090189652,108.85120132666141,46.07126591141861,154.92246723808
6.845999999999468,9.81,3.93,1,1,0.01,0.01,-7.235657548019039,13.955169913593487,-2.6471995734885407,-3.347181959168861,40.704177551616525,-59.57289011715068,0.0,-0.39223742773078213,0.5140195471400372,0.0,-6.967270549933528,-0.37623298876824435,0.0,-2.255283700610288,41.764470894619805,108.8402583867946,46.081848320356976,154.92210670715158
6.847999999999468,9.81,3.93,1,1,0.01,0.01,-7.240870244687867,13.948356236765312,-2.5653501379916515,-3.4665802854756578,41.14505902943504,-59.829144837409046,0.0,-0.4061779182012644,0.5132581264298647,0.0,-6.973200381197572,-0.385145103469276,0.0,-2.323168086351911,42.0618526353081,108.83123482410677,46.09050401697445,154.9217388410812
6.849999999999468,9.81,3.93,1,1,0.01,0.01,-7.245918361344578,13.941303235648729,-2.48261982065368,-3.586513937752119,41.585162467444285,-60.10847003559987,0.0,-0.42013020115878835,0.5124791130410665,0.0,-6.979062156844576,-0.3938253989686141,0.0,-2.3901786422796896,42.35685497715128,108.82413948598645,46.097223335348275,154.92136282133472
6.851999999999467,9.81,3.93,1,1,0.01,0.01,-7.250800137359616,13.934009792420131,-2.3990095389542496,-3.7070306109984057,42.02513780731999,-60.41243567225809,0.0,-0.4340941366870187,0.5116829719588171,0.0,-6.984852088069134,-0.4022724746203473,0.0,-2.4562914996049567,42.649780664496745,108.8189806017736,46.10199720439781,154.9209778061714
6.853999999999467,9.81,3.93,1,1,0.01,0.01,-7.255513812592723,13.926474690661456,-2.3145188415657136,-3.828181237566961,42.465704415227606,-60.742710389675885,0.0,-0.44806957738274017,0.5108701712415427,0.0,-6.990566475607065,-0.41048465070664875,0.0,-2.521483715286982,42.94094675289359,108.81576577480735,46.104817154470055,154.9205829292774
6.855999999999467,9.81,3.93,1,1,0.01,0.01,-7.260057624514423,13.918696608683009,-2.229145766401459,-3.9500201922579614,42.90765424324545,-61.10106939042451,0.0,-0.46205636853265863,0.5100411826170497,0.0,-6.996201707100193,-0.4184599300285457,0.0,-2.58573297486311,43.23068507803961,108.81450197393733,46.10567532433223,154.92017729826955
6.857999999999467,9.81,3.93,1,1,0.01,0.01,-7.2644298050370395,13.910674112419743,-2.142886691975397,-4.072605514077863,43.351855365789916,-61.48940323920456,0.0,-0.4760543482833945,0.5091964821578464,0.0,-7.0017542529165935,-0.4261959570768258,0.0,-2.6490172716180482,43.51934278029243,108.81519552433127,46.10456446872422,154.9197599930555
6.8599999999994665,9.81,3.93,1,1,0.01,0.01,-7.2686285770410874,13.902405647865754,-2.0557361812667914,-4.1959991466148265,43.79925594798521,-61.90972769748165,0.0,-0.4900633478015122,0.5083365510407318,0.0,-7.007220660336931,-0.43368997453777297,0.0,-2.7113145600731805,43.80728289203835,108.81785209739732,46.10147796663772,154.91933006403502
6.861999999999466,9.81,3.93,1,1,0.01,0.01,-7.272652150581135,13.893889533007597,-1.9676868171638005,-4.320267199218253,44.25088871000698,-62.36419471528218,0.0,-0.504083191420199,0.5074618763962789,0.0,-7.012597546005418,-0.4409387768475215,0.0,-2.7726023813255023,44.09488499591751,108.82247669961816,46.09640983050555,154.9188865301237
6.863999999999466,9.81,3.93,1,1,0.01,0.01,-7.276498718753259,13.885123949212424,-1.8787290284230609,-4.4454802314352815,44.70787595958434,-62.85510472180877,0.0,-0.5181136967690378,0.506572952254415,0.0,-7.017881586529599,-0.44793866046141656,0.0,-2.8328574572359244,44.38254596269992,108.82907366008277,46.089354716499685,154.91842837658245
6.865999999999466,9.81,3.93,1,1,0.01,0.01,-7.280166453203935,13.876106932021731,-1.788850904929116,-4.57171356345995,45.1714352742571,-63.38492037657949,0.0,-0.5321546748830221,0.5056702805930653,0.0,-7.023069507094842,-0.45468537045109303,0.0,-2.8920552498528678,44.67068077850096,108.83764661647098,46.080307936158555,154.91795455262954
6.867999999999466,9.81,3.93,1,1,0.01,0.01,-7.283653499257604,13.866836361295624,-1.6980380008636402,-4.699047615696841,45.64288592589977,-63.95628196611708,0.0,-0.5462059302866934,0.5047543724976354,0.0,-7.028158067937713,-0.46117404297972986,0.0,-2.950169481736704,44.9597234720402,108.84819849922616,46.069265469585176,154.91746396881132
6.869999999999465,9.81,3.93,1,1,0.01,0.01,-7.286957970637184,13.857309950645975,-1.606273124197051,-4.827568280937562,46.12365615270336,-64.57202465836885,0.0,-0.5602672610489503,0.5038257494400689,0.0,-7.0331440484958545,-0.4673991431344415,0.0,-3.0071716120092766,45.25012815379774,108.8607315136243,46.05622398048301,154.9169554941073
6.871999999999465,9.81,3.93,1,1,0.01,0.01,-7.2900779437483925,13.847525236089366,-1.513536110690296,-4.957367333103614,46.615291398597954,-65.23519785874818,0.0,-0.5743384588036772,0.5028849446873829,0.0,-7.03802422902004,-0.47335439751225866,0.0,-3.063030261966777,45.54237018023159,108.8752471194081,46.041180833327935,154.91642795273603
6.873999999999465,9.81,3.93,1,1,0.01,0.01,-7.293011451494889,13.837479563842278,-1.4198035803378273,-5.088542877033106,47.119463657387904,-65.94908694877917,0.0,-0.5884193087308585,0.501932504850825,0.0,-7.042795369395755,-0.47903272086056864,0.0,-3.1177105829351213,45.8369474577139,108.89174600762514,46.02413411300611,154.91588012063124
6.875999999999465,9.81,3.93,1,1,0.01,0.01,-7.295756476586799,13.827170077171502,-1.3250486738884948,-5.22119984439304,47.63798207914335,-66.71723773181124,0.0,-0.6025095894923277,0.5009689915883508,0.0,-7.047454184875698,-0.4844261359616656,0.0,-3.1711735576790705,46.134381902550885,108.91022807425827,46.00508264728914,154.91531072154743
6.8779999999994645,9.81,3.93,1,1,0.01,0.01,-7.298310944300133,13.816593702201837,-1.2292407667428447,-5.3554505414974996,48.17280502021972,-67.54348396136928,0.0,-0.6166090731156257,0.4999949834748385,0.0,-7.051997318369451,-0.4895256858218233,0.0,-3.2233752250606527,46.43522107540629,108.93069239019081,45.98402603256275,154.91471842275357
6.879999999999464,9.81,3.93,1,1,0.01,0.01,-7.300672714638845,13.805747132570835,-1.1323451571352698,-5.491415255621723,48.72605374634934,-68.43197838787638,0.0,-0.6307175248186728,0.4990110780564937,0.0,-7.056421308870509,-0.4943213370739207,0.0,-3.274265815722851,46.74004001069035,108.95313716698496,45.96096466327921,154.91410183026417
6.881999999999464,9.81,3.93,1,1,0.01,0.01,-7.302839573844621,13.794626812806223,-1.034322725058354,-5.62922292734253,49.30002803141947,-69.38722783053146,0.0,-0.6448347027670527,0.4980178941082579,0.0,-7.06072255552162,-0.49880187332530673,0.0,-3.3237887842893836,47.049443264051924,108.97755971788526,45.93589976566693,154.91345948355217
6.883999999999464,9.81,3.93,1,1,0.01,0.01,-7.304809225191926,13.783228920285548,-0.935129557863376,-5.769011897530788,49.89722393382305,-70.41413286518532,0.0,-0.65896035775462,0.49701607411575843,0.0,-7.064897276724128,-0.5029547769735909,0.0,-3.371879720837593,47.36406720407324,109.00395641337575,45.90883343630361,154.91278984967937
6.885999999999464,9.81,3.93,1,1,0.01,0.01,-7.30657927899708,13.771549345619032,-0.8347165378619161,-5.9109307389001025,50.52035407890014,-71.51803281879472,0.0,-0.6730942327968196,0.49600628700653704,0.0,-7.068941463582364,-0.5067660977666719,0.0,-3.418465121123814,47.68458257767746,109.03232263052362,45.87976868624659,154.91209131677022
6.887999999999463,9.81,3.93,1,1,0.01,0.01,-7.308147241760124,13.759583671275426,-0.7330288865426177,-6.0551391835121855,51.17237083148139,-72.7047568796472,0.0,-0.687236062624594,0.4949892311590486,0.0,-7.072850826835729,-0.5102203060907219,0.0,-3.4634609910882106,48.01169738269066,109.0626526952271,45.848709491517695,154.91136218674478
6.889999999999463,9.81,3.93,1,1,0.01,0.01,-7.309510504346625,13.747327148246082,-0.6300056591849277,-6.201809159394913,51.85649280876524,-73.98068227400155,0.0,-0.701385573064848,0.4939656377222389,0.0,-7.076620736263783,-0.5133001286224295,0.0,-3.5067712563903153,48.34616008553466,109.09493981635435,45.815660850858876,154.91060066721323
6.891999999999463,9.81,3.93,1,1,0.01,0.01,-7.310666329103203,13.734774670514202,-0.5255791826743826,-6.3511259514943275,52.57623526297912,-75.35280062891385,0.0,-0.7155424802912886,0.4929362742836999,0.0,-7.080246151346257,-0.5159863635660872,0.0,-3.5482859419214106,48.6887632272619,109.12917601059519,45.780628851822144,154.90980486241733
6.893999999999463,9.81,3.93,1,1,0.01,0.01,-7.311611835785039,13.721920747063349,-0.4196744281730597,-6.503289504617832,53.335444958288086,-76.82879384376868,0.0,-0.7297064899266728,0.49190194893039263,0.0,-7.083721541712476,-0.5182576721993415,0.0,-3.5878790791722923,49.04034746718909,109.16535201666305,45.74362074642689,154.90897276308993
6.895999999999463,9.81,3.93,1,1,0.01,0.01,-7.3123439861556205,13.708759471121233,-0.3122083089392318,-6.658515888906895,54.13834028068419,-78.41712103679072,0.0,-0.7438772959744224,0.49086351475309975,0.0,-7.087040795612153,-0.5200903428516086,0.0,-3.62540629066779,49.40180612036929,109.20345719725225,45.70464503782535,154.9081022350776
6.897999999999462,9.81,3.93,1,1,0.01,0.01,-7.3128595670979974,13.695284486290392,-0.20308889197944452,-6.817038951794561,54.98955745737015,-80.12711842662883,0.0,-0.7580545795535185,0.4898218748541754,0.0,-7.090197114268128,-0.5214580227170609,0.0,-3.660701990039913,49.77409025320457,109.24347942688841,45.66371157966084,154.90719100654925
6.899999999999462,9.81,3.93,1,1,0.01,0.01,-7.313155172052321,13.681488949165491,-0.09221451030205861,-6.979112184466793,55.89420392873813,-81.969114364282,0.0,-0.7722380074059829,0.48877798792826166,0.0,-7.093182889514346,-0.5223314120262719,0.0,-3.6935761231595343,50.15821441080819,109.2854049634774,45.62083169010349,154.9062366535809
6.901999999999462,9.81,3.93,1,1,0.01,0.01,-7.313227180565786,13.667365487976275,0.020527239740158396,-7.145010835693533,56.85792011798573,-83.95456216114249,0.0,-0.7864272301404611,0.4877328744975643,0.0,-7.09598956155645,-0.5226779140327175,0.0,-3.7238103594414347,50.5552630604517,109.32921830096826,45.57601828290298,154.90523658387124
6.903999999999462,9.81,3.93,1,1,0.01,0.01,-7.3130717357074015,13.652906156723803,0.13526063425809629,-7.315034311692533,57.8869510888664,-86.09619388217234,0.0,-0.8006218801684422,0.4866876238976784,0.0,-7.098607452988896,-0.5224612329636903,0.0,-3.751153622116841,50.96639784777194,109.37490200006296,45.529286018235084,154.90418801829804
6.9059999999994615,9.81,3.93,1,1,0.01,0.01,-7.312684719060379,13.638102384193582,0.252123112294627,-7.4895089076429455,58.98822988117139,-88.40819891085113,0.0,-0.8148215692810776,0.4856434021271727,0.0,-7.1010255743244635,-0.5216409104800477,0.0,-3.775316820826749,51.3928657765685,109.42243649332565,45.480651476646116,154.90308796997175
6.907999999999461,9.81,3.93,1,1,0.01,0.01,-7.312061722958093,13.622944917129805,0.37126674639474755,-7.66879092483103,60.169474678920395,-90.90643187152556,0.0,-0.8290258858039875,0.48460146069498566,0.0,-7.103231395189875,-0.52017178920837,0.0,-3.7959666178818106,51.83600843918457,109.47179986033122,45.43013336004701,154.90193322037823
6.909999999999461,9.81,3.93,1,1,0.01,0.01,-7.3111980195741,13.607423756737258,0.49285992346076746,-7.853270237502131,61.43930241360624,-93.60865544875735,0.0,-0.8432343912544658,0.4835631466248883,0.0,-7.10521057395186,-0.5180033894522788,0.0,-3.8127180190547545,52.29727244280961,109.52296756762418,45.37775272450122,154.9007202921254
6.911999999999461,9.81,3.93,1,1,0.01,0.01,-7.310088526410769,13.591528087537379,0.6170892718099272,-8.043374385701572,62.80736195373505,-96.53482481401718,0.0,-0.8574466164092892,0.482529913807082,0.0,-7.106946636775884,-0.5150791821291729,0.0,-3.825125528318353,52.77822119766855,109.57591216717546,45.32353325053385,154.8994454177093
6.913999999999461,9.81,3.93,1,1,0.01,0.01,-7.3087277676525355,13.57524619743816,0.7441618773048483,-8.23957328519574,64.2844907065547,-99.70742180953579,0.0,-0.8716620566712541,0.4815033359244829,0.0,-7.108420594874355,-0.5113357371444783,0.0,-3.832672540165842,53.280548255962,109.63060294570343,45.26750155789843,154.89810450360187
6.91599999999946,9.81,3.93,1,1,0.01,0.01,-7.30710983075586,13.55856538767793,0.87430783987937,-8.442384663572575,65.88289928814608,-103.1518488113834,0.0,-0.8858801665972119,0.4804851212275678,0.0,-7.109610485821366,-0.5067017215901607,0.0,-3.834758558610857,53.8060924153418,109.68700551555744,45.20968757325559,154.89669308881304
6.91799999999946,9.81,3.93,1,1,0.01,0.01,-7.305228317535366,13.541471871063639,1.0077832320801727,-8.652380353569312,67.6163899405679,-106.89689437760138,0.0,-0.9001003534187347,0.47947712948870125,0.0,-7.110490821097704,-0.5010967160440164,0.0,-3.8306837226327026,54.35685482703427,109.74508133579599,45.15012496111128,154.89520629690728
6.91999999999946,9.81,3.93,1,1,0.01,0.01,-7.3030762888702565,13.523950656636277,1.1448735338153306,-8.870193601479823,69.5006156337268,-110.97528547772484,0.0,-0.9143219693461079,0.4784813915377891,0.0,-7.111031917210296,-0.4944298094707079,0.0,-3.8196299756129495,54.935018375193714,109.8047871494782,45.08885163074902,154.8936387802272
6.92199999999946,9.81,3.93,1,1,0.01,0.01,-7.300646201991872,13.505985418548686,1.2858976328683778,-9.096527581277435,71.55338833754568,-115.42434441070215,0.0,-0.9285443023951296,0.47750013186966134,0.0,-7.111199081435094,-0.4865979232682812,0.0,-3.8006380300923084,55.542969618385676,109.86607431988901,45.02591033491673,154.89198465480575
6.9239999999994595,9.81,3.93,1,1,0.01,0.01,-7.297929839115944,13.487558346520936,1.4312124995371944,-9.332165345219696,73.79504684703339,-120.28677257979234,0.0,-0.9427665654103375,0.47653579492481823,0.0,-7.1109516149543985,-0.47748380217975506,0.0,-3.7725790337678613,56.183323602285135,109.9288880442216,44.96134937988474,154.89023742410632
6.925999999999459,9.81,3.93,1,1,0.01,0.01,-7.294918225944195,13.468649974729482,1.5812186667537276,-9.577981490821776,76.24889685436358,-125.61158824860031,0.0,-0.9569878828733885,0.4755910757856445,0.0,-7.110241585196794,-0.4669535931683012,0.0,-3.734119517003487,56.85895185803556,109.99316641785951,44.89522347143778,154.8883898892973
6.927999999999459,9.81,3.93,1,1,0.01,0.01,-7.2916015382700285,13.449238985368476,1.7363666751263251,-9.834955884125295,78.94173875154156,-131.45525139325792,0.0,-0.9712072749749701,0.4746689562087979,0.0,-7.10901230456486,-0.4548539116764482,0.0,-3.6836777669548573,57.5730138822285,110.05883931548149,44.827594727755084,154.8864340432366
6.929999999999459,9.81,3.93,1,1,0.01,0.01,-7.287968994571124,13.429301982371001,1.897164676527338,-10.104189852335487,81.90450196086135,-137.88301589974827,0.0,-0.98542363828426,0.473772747142872,0.0,-7.107196433080643,-0.441008266230682,0.0,-3.6193691876192746,58.32899233411249,110.12582704622855,44.75853389844145,154.88436094467
6.931999999999459,9.81,3.93,1,1,0.01,0.01,-7.284008732044437,13.408813229866038,2.0641874311811317,-10.386925347469212,85.17300842567158,-144.9705576421902,0.0,-0.9996357221596364,0.4729061391745093,0.0,-7.1047135958533465,-0.42521267474408,0.0,-3.5389374106536304,59.130732054207044,110.19403872844572,44.68812183985985,154.88216056830558
6.933999999999458,9.81,3.93,1,1,0.01,0.01,-7.279707663021176,13.387744348840648,2.238086982646555,-10.684567688788656,88.7888921386207,-152.80593620205613,0.0,-1.0138420997915096,0.4720732627273184,0.0,-7.101467369911678,-0.4072302558366441,0.0,-3.4396668360422535,59.98248275864822,110.26337031410335,44.6164513112884,154.87982162539174
6.935999999999458,9.81,3.93,1,1,0.01,0.01,-7.275051308073929,13.366063964139489,2.4196053531622863,-10.99871261678355,92.80070590003946,-161.49195746706008,0.0,-1.028041132429522,0.4712787603353342,0.0,-7.097341444868761,-0.38678451148632265,0.0,-3.3182707862560727,60.888944818632616,110.3337021725979,44.54362917554236,154.87733134814025
6.937999999999458,9.81,3.93,1,1,0.01,0.01,-7.270023601378173,13.343737292327994,2.609589667987471,-11.3311785344106,97.2652501018628,-171.14901247501874,0.0,-1.0422309248891377,0.47052787396654694,0.0,-7.092194692338589,-0.36355092699727387,0.0,-3.170747381712592,61.85531676968369,110.40489611642678,44.469779113351045,154.87467522977784
6.939999999999458,9.81,3.93,1,1,0.01,0.01,-7.264606663002231,13.320725659040141,2.8090101887459653,-11.684044966498966,102.24915958544813,-181.91847125756277,0.0,-1.0564092698096177,0.4698265512370561,0.0,-7.085854781587952,-0.33714639175279726,0.0,-2.9921923416060467,62.88734190798038,110.47679171472268,44.395044995461916,154.8718367101846
6.9419999999994575,9.81,3.93,1,1,0.01,0.01,-7.2587805317692835,13.296985932215232,3.018981804769253,-12.059698420186294,107.83078027252469,-193.966702333352,0.0,-1.0705735772794063,0.46918157550930084,0.0,-7.078109841218803,-0.3071157770929773,0.0,-2.7765538221156225,63.99134918764047,110.54920169125386,44.31959510376636,154.86879679502022
6.943999999999457,9.81,3.93,1,1,0.01,0.01,-7.2525228511818804,13.27246985513753,3.240789581199939,-12.460886943247742,114.1023510285632,-207.4897557900327,0.0,-1.0847207852575655,0.46860072641403305,0.0,-7.068697470448823,-0.27291477861855884,0.0,-2.516308597908572,65.17428008457212,110.62190613634354,44.24362745784159,154.86553359418514
6.945999999999457,9.81,3.93,1,1,0.01,0.01,-7.245808499692517,13.247123260567093,3.4759189586465404,-12.89078468158287,121.17246610340752,-222.71866553663688,0.0,-1.0988472445585804,0.4680929794223876,0.0,-7.057290121649076,-0.23388781536995995,0.0,-2.2020306070861015,66.44368722832422,110.69464517023734,44.16737659364729,154.86202176388463
6.947999999999457,9.81,3.93,1,1,0.01,0.01,-7.238609155511176,13.220885144834872,3.726091073405065,-13.353067490119344,129.16870683897938,-239.9251468540767,0.0,-1.1129485698222799,0.46766875592442236,0.0,-7.043475467885219,-0.18923934530668163,0.0,-1.8218110078357903,67.80768090282318,110.76710956909453,44.091122267513676,154.8582318366082
6.949999999999457,9.81,3.93,1,1,0.01,0.01,-7.230892785523103,13.193686579317577,3.993303288304686,-13.851999878519111,138.24015541315524,-259.42709925377113,0.0,-1.1270194445515018,0.467340239121511,0.0,-7.026729775638312,-0.13799636319754516,0.0,-1.3604718666798292,69.27478342912917,110.83892869053035,44.015200736726364,154.8541294272567
6.951999999999456,9.81,3.93,1,1,0.01,0.01,-7.222623048477574,13.165449437728032,4.279874141495326,-14.392531749784196,148.5591577979366,-281.59260312178975,0.0,-1.1410533635118292,0.46712177628327345,0.0,-7.0063814365404715,-0.07895904293882627,0.0,-0.798491267396077,70.85362467549065,110.90965479535876,43.94001952072949,154.84967431608825
6.953999999999456,9.81,3.93,1,1,0.01,0.01,-7.213758605833081,13.136084924144948,4.58849005925617,-14.980399520970975,160.32103684170144,-306.83970443571883,0.0,-1.1550422888837792,0.4670303950292489,0.0,-6.981560549285393,-0.010635422218796098,0.0,-0.11052329253040286,72.55236727167147,110.9787425321246,43.86607690682837,154.84481943895298
6.955999999999456,9.81,3.93,1,1,0.01,0.01,-7.2042523422636515,13.105491904433453,4.922247444596313,-15.622218423075285,173.73918729441692,-335.62662172803715,0.0,-1.1689761865813924,0.4670864708187502,0.0,-6.951128619261274,0.06884531297782215,0.0,0.7366507839993708,74.37767548110092,111.04552190241513,43.79398797674139,154.83950987915654
6.957999999999456,9.81,3.93,1,1,0.01,0.01,-7.194050517091834,13.073555083673462,5.284676471812937,-16.325537543945224,189.03059206408662,-368.42198781123614,0.0,-1.182842394783491,0.4673145952493859,0.0,-6.913579870199591,0.16184790001333993,0.0,1.7869645843867403,76.33291737710202,111.10916242793112,43.724519655277554,154.83368208320869
6.9599999999994555,9.81,3.93,1,1,0.01,0.01,-7.18309190769275,13.040143155148902,5.679718994767634,-17.09879999777384,206.38234852986494,-405.6353872115987,0.0,-1.1966247563073322,0.4677447100566843,0.0,-6.866902214059831,0.2713826282289238,0.0,3.098994455648285,78.4150851059607,111.16862547553981,43.658638288678446,154.82726376421826
6.961999999999455,9.81,3.93,1,1,0.01,0.01,-7.1713070845338365,13.005107210862688,6.111606845001175,-17.95109575519985,225.88170527582344,-447.47143688096264,0.0,-1.210302418367367,0.4684135882129741,0.0,-6.808381830642546,0.40130139673088117,0.0,4.751311171850115,80.60958899638922,111.22260078199207,43.59757459832264,154.8201753803147
6.963999999999455,9.81,3.93,1,1,0.01,0.01,-7.158618108110432,12.968280019131,6.58453896559717,-18.89149415166987,247.37806261559152,-493.6410798451793,0.0,-1.2238481673494641,0.4693667551337709,0.0,-6.734331972277696,0.5565408028519072,0.0,6.849526042113572,82.88158205828493,111.269422258052,43.54291246933006,154.81233472738205
6.965999999999455,9.81,3.93,1,1,0.01,0.01,-7.144939217574927,12.929477361541974,7.1019720169535425,-19.927566763119483,270.22325311074593,-542.8170845547144,0.0,-1.2372261280736143,0.4706609326860264,0.0,-6.639728746255539,0.7433966479349725,0.0,9.534877864157929,85.1618080637658,111.30695738291786,43.49670951582279,154.80366689874066
6.967999999999455,9.81,3.93,1,1,0.01,0.01,-7.130179577142396,12.888503664617806,7.665204483879323,-21.06242777108615,292.80928386125856,-591.6633657990507,0.0,-1.25038863914408,0.4723670146855765,0.0,-6.517757269927775,0.9697655952622286,0.0,12.992841227329102,87.32438620236121,111.33246427129095,43.46165734701979,154.79412161831073
6.969999999999454,9.81,3.93,1,1,0.01,0.01,-7.114249960129599,12.845165874068428,8.2707584364846,-22.28924761975614,311.81662143758786,-633.2542305551336,0.0,-1.2632721840189207,0.47457335269680057,0.0,-6.359342068322494,1.245177038855319,0.0,17.45669532473104,89.15446839150209,111.34241093326051,43.44128425731108,154.7836951905716
6.971999999999454,9.81,3.93,1,1,0.01,0.01,-7.097076376178777,12.799301892659294,8.905965824388655,-23.581987854791315,321.1963296461901,-654.9302354267838,0.0,-1.2757925703759412,0.4773885694936766,0.0,-6.152918352938247,1.5802135544240175,0.0,23.193284526407883,90.3082913242506,111.33225193342943,43.44018423977009,154.77243617319954
6.973999999999454,9.81,3.93,1,1,0.01,0.01,-7.078624566305422,12.750831850834041,9.542586691272408,-24.88198313393338,311.36941247618955,-636.6032902316831,0.0,-1.2878404176084115,0.48094197937856664,0.0,-5.88507644698471,1.9845736281772548,0.0,30.445376167379212,90.28305307412356,111.29616277628966,43.464208343988126,154.7603711202778
6.975999999999454,9.81,3.93,1,1,0.01,0.01,-7.05893805771509,12.699837917136323,10.130224231255593,-26.084062793575207,270.20506682781775,-552.7914416819298,0.0,-1.299279804072616,0.48537793673269747,0.0,-5.543226978283297,2.4628161727973454,0.0,39.295740108190316,88.44558075640568,111.22678658535767,43.520461571259915,154.7472481566176
6.9779999999994535,9.81,3.93,1,1,0.01,0.01,-7.038184940769034,12.646662564411924,10.59564870653319,-27.03504314411189,188.38012375423023,-383.85799661360585,0.0,-1.3099553572463254,0.4908391447101086,0.0,-5.121425476165322,3.007666077639365,0.0,49.44862623929057,84.20065514122722,111.11533037810108,43.61683385095432,154.7321642290554
6.979999999999453,9.81,3.93,1,1,0.01,0.01,-7.016691695645041,12.591979836452118,10.857950524120714,-27.56544761502929,69.31469427683112,-136.8811713352272,0.0,-1.3197134776334636,0.4974365982938531,0.0,-4.628311213452428,3.593952489998051,0.0,60.048053713029724,77.33020431390285,110.95302585927516,43.760804307974276,154.71383016724943
6.981999999999453,9.81,3.93,1,1,0.01,0.01,-6.99492716433392,12.536762096483239,10.861947251741244,-27.55959311362965,-64.7675462140479,141.59372727060673,0.0,-1.3284365941362082,0.5052140343841415,0.0,-4.091370163478781,4.180149443248812,0.0,69.79655749964448,68.31419707464731,110.73481066533981,43.95764799782387,154.69245866316368
6.983999999999453,9.81,3.93,1,1,0.01,0.01,-6.973416860654255,12.482100570424134,10.609215965938557,-27.02073960611419,-182.41586252813735,385.6449884289281,0.0,-1.3360757530476652,0.514126692299179,0.0,-3.5505149961811533,4.721453879473618,0.0,77.48046729614835,58.26501075062239,110.4624430669264,44.20886554626722,154.67130861319362
6.985999999999453,9.81,3.93,1,1,0.01,0.01,-6.952624013750164,12.428956038011462,10.157085086334554,-26.068979510334607,-262.26940280531426,550.532898530776,0.0,-1.3426613143044936,0.5240508412978244,0.0,-3.0431766392716195,5.18638073594355,0.0,82.51752962303122,48.41823831769408,110.14218890590894,44.51184760375884,154.65403650966778
6.987999999999452,9.81,3.93,1,1,0.01,0.01,-6.932867149135443,12.37798621990454,9.586671982208095,-24.87414621032414,-301.74975391919526,630.9365726210254,0.0,-1.3482858073071617,0.5348189936032954,0.0,-2.5925622780345328,5.564043486871637,0.0,85.05211697920961,39.62997605384572,109.78012348561202,44.8609608138231,154.64108429943514
6.989999999999452,9.81,3.93,1,1,0.01,0.01,-6.914307420441075,12.329519539503123,8.970173944313323,-23.587198783491605,-310.5003167700386,647.1542802846488,0.0,-1.35307258404483,0.546258860795849,0.0,-2.206059357436399,5.859828669496583,0.0,85.64555183015607,32.24312205939489,109.38130727133216,45.2492556601664,154.63056293149856
6.991999999999452,9.81,3.93,1,1,0.01,0.01,-6.896983821947292,12.28362925474313,8.356753976991591,-22.310681690544953,-300.58201832461907,624.5121252918867,0.0,-1.3571482809293065,0.5582183918628828,0.0,-1.880397888732491,6.086861929699159,0.0,84.92876592855221,26.236815289910577,108.95101050039588,45.66986845838362,154.62087895877949
6.993999999999452,9.81,3.93,1,1,0.01,0.01,-6.880859746953477,12.240231228223195,7.773738654914521,-21.1013225478363,-281.3819714985545,582.688879934538,0.0,-1.3606272036876823,0.5705744416100238,0.0,-1.6075227780542298,6.259552414207388,0.0,83.41893816771727,21.422912430821615,108.494741970229,46.11675859165692,154.61150056188592
6.9959999999994515,9.81,3.93,1,1,0.01,0.01,-6.865860287507251,12.19916212667765,7.233268061259239,-19.984041341329895,-258.7817211833353,533.98852189789,0.0,-1.3636059140397832,0.5832315185930376,0.0,-1.3783959216845094,6.390532011411119,0.0,81.47956784842604,17.57460941003672,108.01755803179879,46.58491910737999,154.60247713917877
6.997999999999451,9.81,3.93,1,1,0.01,0.01,-6.85189605435525,12.160229258497976,6.738572122213448,-18.965142880218824,-235.99307647732755,485.10822047698184,0.0,-1.3661634059855055,0.5961169031648905,0.0,-1.184765428954484,6.489836733030323,0.0,79.34478557535218,14.484949742886613,107.52365643496614,47.07031691835997,154.5939733533261
6.999999999999451,9.81,3.93,1,1,0.01,0.01,-6.8388763639285415,12.123238078187415,6.288269145562899,-18.04133764301813,-214.5654233573288,439.25964447257223,0.0,-1.3683634573102297,0.6091754278536605,0.0,-1.0197270983086066,6.565085185743905,0.0,77.15705450469372,11.984481096294413,107.01635422368982,47.5697388865601,154.58609311024992
7.001999999999451,9.81,3.93,1,1,0.01,0.01,-6.826715679214158,12.088005544780836,5.878903904891678,-17.205058445343933,-195.11919555513268,397.7109598472703,0.0,-1.3702574241892203,0.6223650747442604,0.0,-0.8777330410148676,6.621951559363097,0.0,74.99905387485944,9.941049408272892,106.49823407584131,48.08062817002386,154.57886224586517
7.003999999999451,9.81,3.93,1,1,0.01,0.01,-6.815336238284677,12.054365502774631,5.506316703072897,-16.447321033182348,-177.79423090886215,360.72806377005656,0.0,-1.3718867898874918,0.635653581862521,0.0,-0.7544032456485605,6.66464116319869,0.0,72.91617511759642,8.253737571460247,105.97131358356751,48.60094165551378,154.5722552390813
7.0059999999994504,9.81,3.93,1,1,0.01,0.01,-6.804668694805915,12.022169915851359,5.166328019585591,-15.759148889075908,-162.5010220907743,328.10116695071395,0.0,-1.373285271976799,0.6490159262840958,0.0,-0.646299035757846,6.696279521419726,0.0,70.93117810438316,6.846003346692946,105.43718633551619,49.12903523781621,154.5662215733324
7.00799999999945,9.81,3.93,1,1,0.01,0.01,-6.794651802400649,11.991288116392274,4.855049329660081,-15.132215256820501,-149.05407914419408,299.4236935545892,0.0,-1.374480490122182,0.6624324858934761,0.0,-0.5507179559710502,6.7192060234221,0.0,69.05337358309463,5.659736078939132,104.8971278689369,49.663574731240175,154.56070260017708
7.00999999999945,9.81,3.93,1,1,0.01,0.01,-6.785231693716273,11.961605223004094,4.568999523362798,-14.559079141390686,-137.2395188205352,274.23318030393926,0.0,-1.3754952605861268,0.6758877014774705,0.0,-0.4655261054103892,6.735187847463163,0.0,67.2842616274333,4.650587478808108,104.35217271436287,50.20346772812097,154.55564044248382
7.01199999999945,9.81,3.93,1,1,0.01,0.01,-6.776361034616369,11.933020310815568,4.305125122481366,-14.03322117267284,-126.84739325918822,252.07831687358458,0.0,-1.376348593836191,0.6893691000815877,0.0,-0.3890271885752561,6.745573608713485,0.0,65.62095512893829,3.78445735918708,103.8031702645713,50.747811714327746,154.55098197889905
7.01399999999945,9.81,3.93,1,1,0.01,0.01,-6.767998188323885,11.905444614283962,4.060776230368919,-13.54898801956857,-117.68566367624285,232.54762412220293,0.0,-1.3770564630652995,0.7028665773986613,0.0,-0.31986235254919726,6.751403366487587,0.0,64.05824152442477,3.03489789039623,103.25082567207544,51.29585450877589,154.54668018085133
7.015999999999449,9.81,3.93,1,1,0.01,0.01,-6.760106448341358,11.878799883370792,3.8336648905270416,-13.101501034719647,-109.58491063843809,215.2788337364031,0.0,-1.3776323982951888,0.7163718659896696,0.0,-0.256934203066175,6.753487614298178,0.0,62.589813190340536,2.3812087458447344,102.69573020388164,51.84696395709949,154.5426941609811
7.017999999999449,9.81,3.93,1,1,0.01,0.01,-6.752653360514816,11.853016933799301,3.6218190710414024,-12.686556609420045,-102.39857594116538,199.95900664637006,0.0,-1.3780879482573285,0.7298781374640069,0.0,-0.19934923967887852,6.752464355576027,0.0,61.208991676162896,1.8070389282511028,102.13838410466778,52.400604561411626,154.5389886660794
7.019999999999449,9.81,3.93,1,1,0.01,0.01,-6.745610135986687,11.82803439349178,3.4235384499960784,-12.300530991164562,-96.00122066173398,186.3205793673358,0.0,-1.3784330419537287,0.7433797019253776,0.0,-0.1463741300130661,6.748840681905019,0.0,59.90914416179553,1.299356329454036,101.57921406170948,52.956319321777116,154.5355333834866
7.021999999999449,9.81,3.93,1,1,0.01,0.01,-6.738951148455208,11.80379763017393,3.2373545635837866,-11.940294779475398,-90.28605745039356,174.13595727215176,0.0,-1.3786762738097007,0.7568717786462279,0.0,-0.0974023316366861,6.743023338493059,0.0,58.68391316079597,0.8476835515007642,101.01858672065482,53.51371551350795,154.53230223416278
7.0239999999994485,9.81,3.93,1,1,0.01,0.01,-6.732653506051163,11.78025783889515,3.0619960766910173,-11.603138572017524,-85.16237053590179,163.21192541627653,0.0,-1.3788251303045955,0.7703503193851393,0.0,-0.05192845296186088,6.73534140834259,0.0,57.527333446672074,0.4435269495331942,100.45681926948942,54.07245345609347,154.52927272558287
7.025999999999448,9.81,3.93,1,1,0.01,0.01,-6.726696687589589,11.757371267266779,2.896359080835161,-11.28670946854657,-80.55310217971619,153.38444892305603,0.0,-1.3788861714837872,0.7838118709797656,0.0,-0.009528421191782988,6.7260633092397555,0.0,56.43388153465903,0.07994658510138149,99.89418781605019,54.63223757269149,154.52642538874167
7.027999999999448,9.81,3.93,1,1,0.01,0.01,-6.72106223356807,11.735098557670765,2.739481957411935,-10.988957392821115,-76.39271369447597,144.51408002429727,0.0,-1.37886517743777,0.7972534675192382,0.0,0.030155970245954622,6.715409650168423,0.0,55.39848554576977,-0.24877039061158118,99.33093408416883,55.19280921686273,154.52374330103157
7.029999999999448,9.81,3.93,1,1,0.01,0.01,-6.715733483356706,11.713404188066697,2.5905242227378293,-10.708089954724834,-72.62534498136449,136.48201466993726,0.0,-1.378767267380136,0.8106725450000554,0.0,0.06742919115648438,6.7035630455026,0.0,54.41651253220721,-0.5473598742485347,98.76727081395424,55.75394087340378,154.521211687358
7.031999999999448,9.81,3.93,1,1,0.01,0.01,-6.710695351208188,11.69225599560138,2.4487487680708044,-10.442534580692271,-69.20325751784833,129.18676157290722,0.0,-1.378596997136139,0.8240668732254509,0.0,0.10255156557696998,6.690675673471992,0.0,53.483743714116635,-0.8197739538544752,98.2033861529749,56.3154314358531,154.518817588828
7.033999999999447,9.81,3.93,1,1,0.01,0.01,-6.705934134846359,11.671624769667373,2.3135069566586397,-10.190906752654636,-66.0855298934061,122.54135470667052,0.0,-1.3783584394975341,0.8374345010437663,0.0,0.13574691014752882,6.676875146977933,0.0,52.596343973005794,-1.0693312398725514,97.6394472541696,56.877102333998614,154.5165495881682
7.035999999999447,9.81,3.93,1,1,0.01,0.01,-6.701437351401432,11.651483903230089,2.184226107390945,-9.951983344616362,-63.23697072571587,116.4710323485067,0.0,-1.3780552508837716,0.8507737119910318,0.0,0.16720865986529776,6.66226911069187,0.0,51.75082939925523,-1.2988347794117392,97.07560324471052,57.43879433736303,154.51439758207354
7.037999999999447,9.81,3.93,1,1,0.01,0.01,-6.69719359633063,11.631809093111812,2.060398964462088,-9.724680197928986,-60.627214986280094,110.91130903478853,0.0,-1.37769072698398,0.8640829881127607,0.0,0.19710481384600853,6.646948868691686,0.0,50.94403510881522,-1.5106652322818261,96.5119876920015,58.00036490006794,154.51235259206945
7.039999999999447,9.81,3.93,1,1,0.01,0.01,-6.693192421698266,11.612578081496194,1.9415748171924188,-9.508033216281813,-58.22997325916798,105.80637469510933,0.0,-1.3772678494735062,0.8773609802643096,0.0,0.22558195422302674,6.630992268197765,0.0,50.17308456383757,-1.7068550237329427,95.94872066466476,58.56168594222448,154.51040660688923
7.0419999999994465,9.81,3.93,1,1,0.01,0.01,-6.689424230802751,11.593770432229258,1.8273519909991713,-9.301182383829508,-56.022407654143215,101.10776446363512,0.0,-1.3767893254551908,0.8906064835795084,0.0,0.2527685321199392,6.614466008030254,0.0,49.43536102845183,-1.8891477598963666,95.38591046503558,59.12264198558924,154.50855245062482
7.043999999999446,9.81,3.93,1,1,0.01,0.01,-6.685880186646213,11.575367336579133,1.7173714789209624,-9.10335821384977,-53.98461223047333,96.77325166004688,0.0,-1.3762576209346011,0.9038184170904455,0.0,0.27877757028126193,6.597427498863356,0.0,48.72848142382101,-2.059046144450823,94.82365509347576,59.68312857851271,154.50678367198847
7.045999999999446,9.81,3.93,1,1,0.01,0.01,-6.682552132161884,11.557351444012413,1.6113115235933186,-8.913870222128628,-52.09917952824193,92.76592452009596,0.0,-1.3756749893745173,0.9169958067030091,0.0,0.30370889850028415,6.579926371790602,0.0,48.05027262801576,-2.2178508615320163,94.26204349238654,60.24305095851875,154.5050944509053
7.047999999999446,9.81,3.93,1,1,0.01,0.01,-6.679432520460006,11.539706714282614,1.508882993076059,-8.732097090991026,-50.350838038767364,89.05341422403954,0.0,-1.3750434961683884,0.9301377709019458,0.0,0.3276510125993072,6.562005709053567,0.0,47.39875014069815,-2.3666923145333896,93.7011566082009,60.802322911182735,154.50347951938363
7.049999999999446,9.81,3.93,1,1,0.01,0.01,-6.67651435363777,11.5224182877335,1.4098254214758479,-8.557478248790957,-48.726148171106026,85.60724762726483,0.0,-1.3743650397113472,0.9432435086891029,0.0,0.350682628327477,6.543703053852436,0.0,46.7720989650446,-2.506556679371072,93.14106830215361,61.360865792038,154.5019340941916
7.051999999999445,9.81,3.93,1,1,0.01,0.01,-6.673791128933588,11.505472371220595,1.3139036078699304,-8.389506637881952,-47.21324653171409,82.4023029447879,0.0,-1.3736413696202312,0.95631228935893,0.0,0.37287398663551863,6.525051243408741,0.0,46.16865652754848,-2.6383074055430185,92.58184613476317,61.9186076845717,154.50045381933487
7.053999999999445,9.81,3.93,1,1,0.01,0.01,-6.671256791199921,11.488856137467444,1.2209046854915888,-8.227722483490574,-45.8016301904672,79.41635061673911,0.0,-1.3728741025531994,0.9693434437935601,0.0,0.39428795525709637,6.506079099783724,0.0,45.58689744622425,-2.762703051240833,92.02355204432646,62.4754826723782,154.49903471670467
7.055999999999445,9.81,3.93,1,1,0.01,0.01,-6.668905690829348,11.47255763601502,1.1306355882291543,-8.071707908118134,-44.48197412175487,76.62966482433195,0.0,-1.372064735999067,0.9823363570211012,0.0,0.41498096255404626,6.486812005575176,0.0,45.025419960370996,-2.8804121498350987,91.46624293604586,63.031430207519406,154.49767314356527
7.057999999999445,9.81,3.93,1,1,0.01,0.01,-6.666732546401721,11.456565714206244,1.042920853840629,-7.921082262436577,-43.24597624276274,74.02469376230883,0.0,-1.3712146603418345,0.9952904618290477,0.0,0.43500379255915045,6.467272385942711,0.0,44.4829338448175,-2.9920256596448875,90.90997119546913,63.5863945603215,154.49636575579063
7.0599999999994445,9.81,3.93,1,1,0.01,0.01,-6.664732411430969,11.440869946883314,0.9576007134073494,-7.775498065222622,-42.08622547338637,71.5857789148978,0.0,-1.37032516945385,1.0082052332631473,0.0,0.4544022646211484,6.447480114023209,0.0,43.95824964495583,-3.098067436300404,90.35478513755456,64.14032433840138,154.49510947595593
7.061999999999444,9.81,3.93,1,1,0.01,0.01,-6.6629006446825025,11.42546057367222,0.8745294248606795,-7.634637462585526,-40.996089056574476,69.29891532079472,0.0,-1.369397470028699,1.021080183872524,0.0,0.4732178166791945,6.4274528533828335,0.0,43.45026908371374,-3.199003079283083,89.80072940076178,64.69317206477893,154.49390146554072
7.063999999999444,9.81,3.93,1,1,0.01,0.01,-6.661232883609424,11.410328442893205,0.7935738152547079,-7.498209131314435,-39.969616039976785,67.15154622536957,0.0,-1.3684326898305512,1.0339148595864764,0.0,0.4914880077111895,6.407206348478344,0.0,42.95797650662681,-3.295247435500548,89.24784529401738,65.24489380661629,154.49273910063368
7.065999999999444,9.81,3.93,1,1,0.01,0.01,-6.659725020520597,11.395464961273916,0.7146120020999004,-7.365945563188325,-39.001454358733916,65.13238666780022,0.0,-1.36743188500845,1.0467088361280645,0.0,0.5092469521137432,6.386754671995266,0.0,42.48043124559669,-3.387170988601513,88.69617110313253,65.79544884749308,154.4916199506256
7.067999999999444,9.81,3.93,1,1,0.01,0.01,-6.658373181148178,11.380862048758056,0.63753226873941,-7.237600677029045,-38.086779398761244,63.231271487887724,0.0,-1.3663960466008342,1.059461715885657,0.0,0.5265256965318401,6.3661104362640355,0.0,42.016760795367674,-3.475105319846689,88.14574236221183,66.34479939725361,154.49054175946543
7.069999999999443,9.81,3.93,1,1,0.01,0.01,-6.65717370532826,11.366512097800266,0.5622320726204812,-7.112947713518583,-37.22123227904582,61.43902400281367,0.0,-1.3653261063364548,1.0721731251766187,0.0,0.5433525478469312,6.345284974629401,0.0,41.56615470903361,-3.55934779220412,87.5965920947344,66.89291033438712,154.48950242912153
7.071999999999443,9.81,3.93,1,1,0.01,0.01,-6.6561231295472485,11.352407936620887,0.48861716853290327,-6.991777374654602,-36.4008663856599,59.747342230927245,0.0,-1.3642229418219023,1.0848427118479875,0.0,0.5597533595641628,6.324288497587703,0.0,41.12785912994813,-3.6401655820178433,87.04875102827707,67.43974897666928,154.48850000494633
7.073999999999443,9.81,3.93,1,1,0.01,0.01,-6.655218171139702,11.3385427959646,0.416600831571977,-6.873896175433426,-35.622100931760016,58.14870005423643,0.0,-1.3630873811927409,1.0974701431677296,0.0,0.5757517826427636,6.3031302276547105,0.0,40.70117188728227,-3.7177991606357175,86.50224778626018,67.98528487642879,154.48753266268898
7.075999999999443,9.81,3.93,1,1,0.01,0.01,-6.654455713951512,11.324910278966849,0.3461031668299202,-6.7591249801297275,-34.88168051671227,56.636261134821055,0.0,-1.3619202072941712,1.1100551039674011,0.0,0.5913694858342413,6.281818516238659,0.0,40.28543809122066,-3.7924653106465542,85.9571090596064,68.52948963733559,154.486598696942
7.0779999999994425,9.81,3.93,1,1,0.01,0.01,-6.65383279530637,11.311504333783095,0.27705049470419657,-6.647297699551511,-34.17663982164829,55.2038037499471,0.0,-1.360722161447822,1.1225972950029839,0.0,0.6066263497877493,6.260360945235345,0.0,39.88004617150365,-3.864359746988472,85.41335976078655,69.072336750049,154.48569651083557
7.079999999999442,9.81,3.93,1,1,0.01,0.01,-6.653346594134062,11.298319228679699,0.20937480229667826,-6.538260129021416,-33.50427271463772,53.845654999947016,0.0,-1.3594939468534584,1.1350964315056713,0.0,0.6215406385178612,6.2387644156077915,0.0,39.48442430980571,-3.93365940147236,84.87102316238338,69.61380144444034,154.48482460682374
7.081999999999442,9.81,3.93,1,1,0.01,0.01,-6.652994420136791,11.285349529322835,0.14301325271504978,-6.431868909680039,-32.86210515144513,52.5566330830039,0.0,-1.3582362316677612,1.1475522418985005,0.0,0.6361291512794647,6.217035224841608,0.0,39.098037222391,-4.000524419677252,84.33012102201032,70.15386055641778,154.4839815784281
7.083999999999442,9.81,3.93,1,1,0.01,0.01,-6.65277370388496,11.272590078034154,0.07790774521931342,-6.327990598113068,-32.24787135170151,51.33199653075034,0.0,-1.3569496517967043,1.159964466658188,0.0,0.6504073574368683,6.195179134862067,0.0,38.72038325469822,-4.065099911302523,83.79067369517436,70.69249240764756,154.48316610282194
7.085999999999442,9.81,3.93,1,1,0.01,0.01,-6.652681987746976,11.26003597480982,0.014004520115997746,-6.2265008313446515,-31.659492808656214,50.167399465297294,0.0,-1.3556348134333003,1.172332857304478,0.0,0.6643895165324945,6.17320143174773,0.0,38.350991754068176,-4.127517488573712,83.25270023746337,71.2296766966933,154.48237693415666
7.087999999999441,9.81,3.93,1,1,0.01,0.01,-6.652716917568971,11.247682559923668,-0.048746196881078147,-6.127283575974777,-31.095059756222106,49.05885207778604,0.0,-1.3542922953683674,1.1846571755017183,0.0,0.6780887854406075,6.151106978367377,0.0,37.989420690816566,-4.187896621928911,82.71621849725683,71.76539440028577,154.48161289754262
7.089999999999441,9.81,3.93,1,1,0.01,0.01,-6.652876235030212,11.235525397956174,-0.11039051540860334,-6.030230451717883,-30.552814772026707,48.00268564557621,0.0,-1.352922651098516,1.1969371922595051,0.0,0.6915173142230449,6.128900260894631,0.0,37.635254501346566,-4.246345837756058,82.1812452000093,72.29962768360173,154.48087288361103
7.091999999999441,9.81,3.93,1,1,0.01,0.01,-6.6531577706085185,11.223560263109118,-0.17097117032023004,-5.935240120864585,-30.031138241448467,46.99552150361599,0.0,-1.3515264107525007,1.209172687220963,0.0,0.7046863320774286,6.106585430010693,0.0,37.28810213004842,-4.302963779236994,81.64779602502023,72.83235981857021,154.48015584359044
7.093999999999441,9.81,3.93,1,1,0.01,0.01,-6.65355943709745,11.211783125681627,-0.23052778414182729,-5.8422177362719765,-29.528535446639914,46.03424346855547,0.0,-1.3501040828545625,1.2213634480287454,0.0,0.7176062245768626,6.084166337485693,0.0,36.947595249409545,-4.357840148249424,81.11588567549587,73.36357510934644,154.47946078484233
7.0959999999994405,9.81,3.93,1,1,0.01,0.01,-6.6540792236235715,11.200190139597176,-0.28909710515756604,-5.7510744414187895,-29.043625077537232,45.11597328435644,0.0,-1.3486561559410892,1.2335092697601082,0.0,0.7302866032378218,6.0616465687282926,0.0,36.61338664010019,-4.411056543674632,80.58552794260773,73.89325882419706,154.47878676680477
7.09799999999944,9.81,3.93,1,1,0.01,0.01,-6.654715190117765,11.188777630883187,-0.34671322379158187,-5.661726916863097,-28.575128989825508,44.23804871764759,0.0,-1.3471831000450365,1.2456099544235146,0.0,0.742736368314872,6.039029471808543,0.0,36.28514871485547,-4.462687209268716,80.05673576417074,74.42139713313185,154.4781328973026
7.09999999999944,9.81,3.93,1,1,0.01,0.01,-6.655465462199573,11.177542087015512,-0.4034077696242927,-5.574096968131855,-28.121863058598716,43.39800398163254,0.0,-1.3456853680608596,1.2576653105101576,0.0,0.754963765602963,6.016318183387579,0.0,35.96257217177757,-4.512799702406373,79.5295212784898,74.94797705069385,154.47749832918365
7.10199999999944,9.81,3.93,1,1,0.01,0.01,-6.656328226437951,11.166480147049384,-0.4592100911006963,-5.488111150669797,-27.682728996698746,42.59355221041801,0.0,-1.3441633970012392,1.2696751525945653,0.0,0.7669764379272299,5.99351565192733,0.0,35.645364764267015,-4.561455493441963,79.00389587386223,75.47298638338691,154.47688225724914
7.10399999999944,9.81,3.93,1,1,0.01,0.01,-6.65730172595565,11.15558859246667,-0.514147419743668,-5.4037004279937655,-27.256707024003482,41.82256974239405,0.0,-1.342617609155624,1.2816393009792237,0.0,0.7787814719141619,5.970624658502045,0.0,35.333250176185146,-4.608710504107359,78.4798702341654,75.99641368128214,154.47628391544754
7.105999999999439,9.81,3.93,1,1,0.01,0.01,-6.658384256347884,11.144864338676472,-0.5682450204729833,-5.320799859649026,-26.84284928872753,41.08308200276085,0.0,-1.3410484131595042,1.2935575813786668,0.0,0.7903854405632635,5.947647835490075,0.0,35.02596699207879,-4.654615592233936,77.95745438091471,76.51824819339167,154.47570257430638
7.107999999999439,9.81,3.93,1,1,0.01,0.01,-6.6595741618889415,11.134304427112566,-0.6215263294459211,-5.239348315956285,-26.440273954484823,40.3732508022763,0.0,-1.3394562049823444,1.3054298246390603,0.0,0.8017944420745706,5.924587683386956,0.0,34.723267753379226,-4.699216989123973,77.43665771213146,77.03847982644683,154.47513753857828
7.109999999999439,9.81,3.93,1,1,0.01,0.01,-6.660869832003043,11.12390601787679,-0.6740130806739713,-5.159288216880226,-26.048159877769127,39.69136289249306,0.0,-1.3378413688412554,1.317255866489697,0.0,0.8130141353317577,5.901446585949282,0.0,34.4249180924446,-4.742556695070622,76.91748903832658,77.5570991067536,154.4745881450802
7.111999999999439,9.81,3.93,1,1,0.01,0.01,-6.662269697978164,11.113666382882581,-0.725725422529105,-5.080565292649367,-25.665741809900897,39.0358196377276,0.0,-1.3362042780467416,1.3290355473233193,0.0,0.8240497723931393,5.878226823851483,0.0,34.13069593715897,-4.78467283782139,76.39995661587015,78.07409714483826,154.47405376070841
7.1139999999994386,9.81,3.93,1,1,0.01,0.01,-6.663772229903579,11.103582899457297,-0.7766820251294655,-5.003128364018911,-25.292306065598243,38.40512768125013,0.0,-1.3345452957861925,1.3407687120023781,0.0,0.8349062283004467,5.854930587014396,0.0,33.840390779549345,-4.825599998167371,75.8840681779922,78.58946560262008,154.47353378061229
7.115999999999438,9.81,3.93,1,1,0.01,0.01,-6.665375933813806,11.093653044365956,-0.8269001794858291,-4.92692914029803,-24.927186607344627,37.797890498097814,0.0,-1.3328647758501926,1.352455209688762,0.0,0.8455880284797799,5.831559985744312,0.0,33.55380300254517,-4.865369506320826,75.36983096363184,79.10319666287984,154.47302762651168
7.117999999999438,9.81,3.93,1,1,0.01,0.01,-6.667079349023273,11.083874388222556,-0.8763958891947545,-4.85192203346496,-24.56976150080339,37.21280073983857,0.0,-1.3311630633062337,1.3640948936947264,0.0,0.8560993739770882,5.8081170608039265,0.0,33.27074325959276,-4.9040097122882935,74.85725174433108,79.6152830008149,154.472534745146
7.119999999999438,9.81,3.93,1,1,0.01,0.01,-6.6688810456374945,11.074244590258358,-0.925183955380237,-4.778063986871188,-24.219449701809793,36.64863328783812,0.0,-1.3294404951239345,1.3756876213529974,0.0,0.8664441647430936,5.784603792521594,0.0,32.99103190236031,-4.941546233055447,74.34633684934987,80.12571775749228,154.47205460684216
7.121999999999438,9.81,3.93,1,1,0.01,0.01,-6.670779622227921,11.064761393419285,-0.973278055511444,-4.705314317192891,-23.8757081400648,36.10423894134826,0.0,-1.327697400755473,1.3872332539042018,0.0,0.8766260211581804,5.761022109032401,0.0,32.71449845223463,-4.97800217905857,73.83709218916152,80.63449451502993,154.47158670419145
7.1239999999994374,9.81,3.93,1,1,0.01,0.01,-6.672773703658767,11.055422619767198,-1.0206908166584494,-4.6336345684264595,-23.53802906865854,35.57853867524342,0.0,-1.3259341026745801,1.3987316564000172,0.0,0.8866483039669829,5.737373893733208,0.0,32.44098111172489,-5.0133983621241285,73.32952327747063,81.14160727335505,154.47113055082568
7.125999999999437,9.81,3.93,1,1,0.01,0.01,-6.674861939055214,11.046226166162032,-1.0674338836897173,-4.562988376847693,-23.20593765205024,35.07051840966866,0.0,-1.3241509168771315,1.4101826976204717,0.0,0.8965141327730027,5.713660992024272,0.0,32.17032631226002,-5.047753486795912,72.82363525188495,81.64705042839849,154.47068568028345
7.127999999999437,9.81,3.93,1,1,0.01,0.01,-6.677042999903333,11.037170000203885,-1.1135179828634607,-4.49334134596308,-22.8789897681897,34.57922424035746,0.0,-1.322348153346064,1.4215862500041165,0.0,0.9062264032280462,5.689885217401309,0.0,31.902388295195664,-5.081084326749187,72.31943289335597,82.15081875160415,154.47025164496011
7.129999999999437,9.81,3.93,1,1,0.01,0.01,-6.679315578272921,11.028252156415927,-1.158952981219119,-4.424660930578237,-22.55677000315081,34.103758084081456,0.0,-1.32052611648312,1.4329421895897516,0.0,0.9157878030358557,5.666048356954757,0.0,31.637028723144088,-5.113405887789131,71.81692064449601,82.65290737063697,154.46982801513298
7.131999999999437,9.81,3.93,1,1,0.01,0.01,-6.6816783851552355,11.01947073265075,-1.2037479421343364,-4.356916329194557,-22.238889819000082,33.64327369868758,0.0,-1.3186851055096769,1.4442503959686235,0.0,0.9252008268771527,5.642152176326343,0.0,31.37411631900506,-5.144731558761932,71.31610262686743,83.15331175118938,154.4694143780568
7.133999999999436,9.81,3.93,1,1,0.01,0.01,-6.684130148908278,11.010823886704161,-1.2479111773763893,-4.2900783840217205,-21.924985877697896,33.1969730415791,0.0,-1.3168254148387197,1.4555107522460162,0.0,0.9344677903514738,5.6181984241675735,0.0,31.11352653031407,-5.175073251552594,70.81698265732996,83.65202767979193,154.4690103371219
7.135999999999436,9.81,3.93,1,1,0.01,0.01,-6.686669613802928,11.0023098331219,-1.2914502959444698,-4.22411948796204,-21.61471850565491,32.764102934364956,0.0,-1.314947334419843,1.466723145011323,0.0,0.9435908430214908,5.594188836139817,0.0,30.855141216738243,-5.204441531212107,70.31956426352737,84.1490512475453,154.46861551107267
7.137999999999436,9.81,3.93,1,1,0.01,0.01,-6.6892955386637745,10.993926840185905,-1.3343722499701203,-4.159013497983703,-21.30777028517832,32.34395200481808,0.0,-1.3130511500589876,1.477887464315667,0.0,0.9525719806360784,5.57012513849135,0.0,30.598848358743318,-5.232845737136468,69.82385069858314,84.64437883469516,154.4682295332783
7.139999999999436,9.81,3.93,1,1,0.01,0.01,-6.692006695599018,10.985673227067872,-1.3766833779170393,-4.094735654354599,-21.003844760468542,31.93584788029871,0.0,-1.3111371437145025,1.4890036036562968,0.0,0.961413056600833,5.546009051243091,0.0,30.344541785628852,-5.26029409611838,69.32984495507222,85.13800709598183,154.46785205105405
7.1419999999994355,9.81,3.93,1,1,0.01,0.01,-6.694801868814243,10.977547361138908,-1.418389445298085,-4.031262505257384,-20.70266524708874,31.539154609466646,0.0,-1.3092055937709586,1.5000714599669887,0.0,0.9701157927574066,5.521842291011305,0.0,30.092120921285126,-5.2867938279993325,68.83754977832729,85.6299329467007,154.467482725028
7.143999999999435,9.81,3.93,1,1,0.01,0.01,-6.697679853505314,10.96954765542493,-1.4594956831062929,-3.968571836350399,-20.403973734950615,31.15327029147143,0.0,-1.3072567752920485,1.5110909336137501,0.0,0.9786817895266642,5.497626573492877,0.0,29.841490546168107,-5.312351244568335,68.34696767913422,86.12015354941566,154.4671212285499
7.145999999999435,9.81,3.93,1,1,0.01,0.01,-6.700639454826001,10.961672566198327,-1.5000068241378244,-3.9066426048785026,-20.107529875855484,30.7776248939068,0.0,-1.3052909602537937,1.522061928395171,0.0,0.9871125354650533,5.473363615636135,0.0,29.592560574116614,-5.336971842281739,67.85810094586526,86.60866630127269,154.46676724713797
7.147999999999435,9.81,3.93,1,1,0.01,0.01,-6.703679486926265,10.953920590697157,-1.5399271373677434,-3.845454877973452,-19.813110047515906,30.411678242678516,0.0,-1.3033084177591836,1.5329843515468444,0.0,0.9954094162786457,5.449055137518043,0.0,29.345245842752615,-5.3606603893152505,67.37095165609553,87.09546882186733,154.46642047796286
7.149999999999435,9.81,3.93,1,1,0.01,0.01,-6.706798772057487,10.946290264963833,-1.5792604605241767,-3.7849897748154366,-19.52050648677467,30.054918168596124,0.0,-1.3013094142353059,1.5438581137492373,0.0,1.0035737233343354,5.424702863946747,0.0,29.09946591631226,-5.383421007400041,66.88552168774355,87.58055894162015,154.46608062936372
7.151999999999434,9.81,3.93,1,1,0.01,0.01,-6.7099961397411425,10.93878016179587,-1.618010230992564,-3.72522941235627,-19.229526485443625,29.706858796973236,0.0,-1.2992942136139078,1.5546831291385264,0.0,1.0116066617041601,5.400308525806615,0.0,28.855144899850252,-5.405257248847162,66.40181272977176,88.06393469062252,154.46574742039428
7.153999999999434,9.81,3.93,1,1,0.01,0.01,-6.7132704259977185,10.931388888801857,-1.6561795151691951,-3.66615685433082,-18.939991642818054,29.367038967843,0.0,-1.2972630774963245,1.5654593153198753,0.0,1.0195093577746261,5.375873861161704,0.0,28.612211263850003,-5.426172169117085,65.91982629248281,88.54559428791572,154.46542058039853
7.155999999999434,9.81,3.93,1,1,0.01,0.01,-6.71662047263288,10.92411508655633,-1.6937710363719198,-3.6077560633068435,-18.651737169488204,29.035020775570928,0.0,-1.2952162653035877,1.5761865933826915,0.0,1.0272828664498543,5.351400616132074,0.0,28.37059767835058,-5.446168395252184,65.43956371743998,89.02553613117072,154.4650998486107
7.157999999999434,9.81,3.93,1,1,0.01,0.01,-6.7200451265780945,10.916957426847697,-1.730787201405673,-3.550011855544769,-18.364611237580213,28.710388217703105,0.0,-1.293154034412523,1.5868648879174219,0.0,1.0349281779743666,5.326890545556493,0.0,28.130240855776414,-5.46524819045393,64.96102618704226,89.50375878673887,154.46478497378115
7.1599999999994335,9.81,3.93,1,1,0.01,0.01,-6.723543239283115,10.909914611013804,-1.767230125871196,-3.492909858458307,-18.078474373015187,28.392745943830025,0.0,-1.2910766402785474,1.5974941270334608,0.0,1.0424462243986596,5.302345413453926,0.0,27.891081401721827,-5.483413515054518,64.48421473377644,89.98026098004576,154.4644757138222
7.161999999999433,9.81,3.93,1,1,0.01,0.01,-6.727113666157899,10.90298536836015,-1.8031016582969246,-3.4364364704843777,-17.793198885789742,28.081718096094697,0.0,-1.288984336545883,1.6080742423778147,0.0,1.0498378857085195,5.277766993295498,0.0,27.653063673005057,-5.500666084105252,64.00913024917114,90.45504158630544,154.46417183547658
7.163999999999433,9.81,3.93,1,1,0.01,0.01,-6.730755266061663,10.896168454656095,-1.8384034031664074,-3.3805788231867835,-17.508668334653294,27.776947233733445,0.0,-1.2868773751458376,1.6186051691541072,0.0,1.0571039956365653,5.2531570680979565,0.0,27.416135642363365,-5.51700742177693,63.53577349247358,90.92809962153052,154.46387311400412
7.165999999999433,9.81,3.93,1,1,0.01,0.01,-6.734466900836955,10.889462650704763,-1.873136742906704,-3.3253247454326065,-17.224777022895093,27.478093334721148,0.0,-1.284756006383748,1.6290868461416146,0.0,1.0642453471729958,5.22851743034882,0.0,27.18024876921208,-5.532438912747142,63.06414509906584,91.39943423381933,154.46357933288516
7.167999999999433,9.81,3.93,1,1,0.01,0.01,-6.738247434886705,10.882866760982639,-1.9073028588969565,-3.270662729493523,-16.941429522259803,27.18483286820973,0.0,-1.2826204790152134,1.6395192157139844,0.0,1.0712626977904813,5.203849881773198,0.0,26.94535787594023,-5.546961850727689,62.594245588640426,91.86904469490179,154.46329028354222
7.169999999999432,9.81,3.93,1,1,0.01,0.01,-6.742095734792363,10.87637961234516,-1.9409027515506405,-3.2165818989362998,-16.658540222287705,26.896857932001616,0.0,-1.2804710403121309,1.6499022238573497,0.0,1.0781567743969096,5.179156232951471,0.0,26.711421029258332,-5.560577484269297,62.126075373147025,92.33693039192767,154.46300576507468
7.171999999999432,9.81,3.93,1,1,0.01,0.01,-6.746010668971316,10.87000005279484,-1.9739372595198579,-3.163071978177728,-16.376032902628314,26.61387544980316,0.0,-1.2783079361190963,1.6602358201875234,0.0,1.084928278028015,5.154438302796919,0.0,26.478399426156493,-5.573287059963432,61.65963476452613,92.80309081948218,154.4627255840083
7.173999999999432,9.81,3.93,1,1,0.01,0.01,-6.749991107371868,10.86372695030871,-2.006407078065357,-3.11012326358932,-16.093840326106193,26.335606423454042,0.0,-1.2761314109006758,1.6705199579660288,0.0,1.0915778882910085,5.129697917901927,0.0,26.246257284068445,-5.5850918631489055,61.19492398224175,93.26752557181653,154.46244955405828
7.175999999999432,9.81,3.93,1,1,0.01,0.01,-6.7540359212041645,10.857559191722096,-2.0383127766317415,-3.0577265960462636,-15.811903850527209,26.06178523573885,0.0,-1.2739417077800201,1.6807545941146924,0.0,1.0981062675690365,5.104936911761098,0.0,26.014961734872525,-5.595993256217751,60.731943160621896,93.73023433528098,154.4621774959029
7.1779999999994315,9.81,3.93,1,1,0.01,0.01,-6.758143982705498,10.851495681665927,-2.069654815663498,-3.0058733348235624,-15.530173057405632,25.79215899975849,0.0,-1.2717390685693066,1.6909396892285555,0.0,1.104514064995356,5.080157123879449,0.0,25.784482722393758,-5.605992714604365,60.27069235601866,94.19121688095001,154.46190923696867
7.179999999999431,9.81,3.93,1,1,0.01,0.01,-6.762314164938516,10.84553534155499,-2.100433562694014,-2.954555332749971,-15.248605395967836,25.526486951174462,0.0,-1.2695237337924574,1.701075207586928,0.0,1.110801920205555,5.05536039877358,0.0,25.55479290310137,-5.615091860534168,59.81117155379468,94.65047305743225,154.46164461122692
7.181999999999431,9.81,3.93,1,1,0.01,0.01,-6.766545341620905,10.839677108624679,-2.130649307736627,-2.903764912537416,-14.96716584094935,25.264539879946806,0.0,-1.267295942700566,1.7111611171622987,0.0,1.1169704668747937,5.030548584873629,0.0,25.3258675497249,-5.623292494596995,59.35338067514361,95.10800278385382,154.46138345899743
7.183999999999431,9.81,3.93,1,1,0.01,0.01,-6.770836386985178,10.833919935013975,-2.160302278003936,-2.8534948442100565,-14.685826562849718,25.006099598461937,0.0,-1.2650559332804574,1.7211973896269988,0.0,1.123020336047181,5.005723533333571,0.0,25.097684457537945,-5.630596625207621,58.89731958375103,95.5638060430119,154.4611256267629
7.185999999999431,9.81,3.93,1,1,0.01,0.01,-6.775186175667253,10.828262786892537,-2.189392651979069,-2.8037383235630964,-14.404566609445185,24.750958443202013,0.0,-1.2628039422567947,1.731184000357378,0.0,1.1289521592631067,4.980887096757376,0.0,24.870223853083548,-5.63700649600634,58.442988092300666,96.01788287468978,154.46087096699046
7.18799999999943,9.81,3.93,1,1,0.01,0.01,-6.779593582622538,10.822704643629882,-2.2179205728603244,-2.7544889515869198,-14.123371597484736,24.49891880733705,0.0,-1.2605402050881342,1.74112092843535,0.0,1.1347665714902886,4.956041127848471,0.0,24.643468305138352,-5.642524611249845,57.99038596883179,96.47023336912892,154.4606193379607
7.18999999999943,9.81,3.93,1,1,0.01,0.01,-6.784057483068301,10.817244497004816,-2.2458861613985786,-2.7057407147971455,-13.84223341360848,24.249792701830227,0.0,-1.2582649559572898,1.7510081566471984,0.0,1.140464213863921,4.931187477989564,0.0,24.41740263773259,-5.647153759238894,57.539512942948186,96.92085766065581,154.460370603604
7.19199999999943,9.81,3.93,1,1,0.01,0.01,-6.788576752451118,10.81188135045334,-2.273289528145031,-2.65748796641582,-13.561149923635725,24.003401342843443,0.0,-1.2559784277564314,1.7608456714794363,0.0,1.1460457362404615,4.906327995760337,0.0,24.192013845065446,-5.6508970338235365,57.090368711886484,97.36975592145622,154.4601246333427
7.19399999999943,9.81,3.93,1,1,0.01,0.01,-6.7931502664382455,10.806614218353383,-2.3001307851252566,-2.6097254083532158,-13.28012468946489,23.75957476340021,0.0,-1.2536808520672331,1.7706334631116818,0.0,1.1515117995700326,4.881464525399787,0.0,23.967291008170548,-5.653757854027799,56.642952946441426,97.81692835549798,154.4598813019394
7.1959999999994295,9.81,3.93,1,1,0.01,0.01,-6.797776900931772,10.801442125344812,-2.3264100569541046,-2.562448073943626,-12.999166692920063,23.518151447430377,0.0,-1.2513724591364723,1.7803715254063839,0.0,1.156863078091463,4.856598905220469,0.0,23.743225213206564,-5.655739981830363,56.19726529675343,98.26237519259723,154.45964048935065
7.197999999999429,9.81,3.93,1,1,0.01,0.01,-6.802455532104457,10.796364105683251,-2.3521274914047443,-2.5156513113921446,-12.718290065959968,23.2789779844639,0.0,-1.249053477847401,1.7900598558953544,0.0,1.1621002613543854,4.831732965981403,0.0,23.51980947126152,-5.656847538139292,55.75330539795728,98.7060966826285,154.4594020805858
7.199999999999429,9.81,3.93,1,1,0.01,0.01,-6.807185036456172,10.791379202626336,-2.3772832694440615,-2.4693307678927465,-12.437513826743007,23.04190874338063,0.0,-1.2467241356872472,1.7996984557629947,0.0,1.1672240560721914,4.806868529226576,0.0,23.297038639575657,-5.657085016995751,55.311072875693924,99.14809308987597,154.4591659655699
7.201999999999429,9.81,3.93,1,1,0.01,0.01,-6.811964290889886,10.78648646785108,-2.401877614745672,-2.423482374381054,-12.156861621111721,22.806805563745336,0.0,-1.2443846587111806,1.8092873298261742,0.0,1.1722351878098634,4.782007405595774,0.0,23.074909344100973,-5.656457298042977,54.87056735148558,99.58836468752625,154.45893203901184
7.203999999999429,9.81,3.93,1,1,0.01,0.01,-6.816792172806166,10.78168496090114,-2.4259108026910057,-2.3781023308879843,-11.876361469125287,22.5735374633733,0.0,-1.2420352715030514,1.8188264865107218,0.0,1.1771344025105501,4.7571513931143,0.0,22.853419903327662,-5.654969657296329,54.431788447972885,100.0269117523025,154.4587002002754
7.205999999999428,9.81,3.93,1,1,0.01,0.01,-6.8216675602151735,10.776973748662787,-2.449383168868241,-2.3331870924630844,-11.596045516328218,22.341980360878146,0.0,-1.2396761971332515,1.8283159378244593,0.0,1.1819224678645082,4.732302275468275,0.0,22.6325702533208,-5.652627776249732,53.99473579401557,100.4637345592393,154.45847035325488
7.207999999999428,9.81,3.93,1,1,0.01,0.01,-6.826589331865164,10.7723519048685,-2.47229511707829,-2.288733355638761,-11.315949789497735,22.112016812049198,0.0,-1.2373076571139723,1.8377556993268,0.0,1.1866001745244037,4.707461820271736,0.0,22.412361873919412,-5.649437749356342,53.559409029653295,100.89883337659974,154.45824240625302
7.209999999999428,9.81,3.93,1,1,0.01,0.01,-6.831556367386516,10.767818509627107,-2.4946471268565844,-2.2447380454088113,-11.036113956663277,21.88353575899903,0.0,-1.2349298713522,1.8471457900948622,0.0,1.191168337170564,4.682631777332027,0.0,22.192797716062014,-5.645406089920243,53.125807810928606,101.33220846093471,154.4580162718633
7.211999999999428,9.81,3.93,1,1,0.01,0.01,-6.836567547450325,10.763372648979463,-2.5164397605190296,-2.201198302696718,-10.756581091236441,21.65643229110256,0.0,-1.2325430581007226,1.8564862326861138,0.0,1.1956277954300645,4.657813876919517,0.0,21.973882130210185,-5.640539734438439,52.69393181456864,101.76386005228558,154.45779186685422
7.2139999999994275,9.81,3.93,1,1,0.01,0.01,-6.841621753940618,10.75901341447874,-2.5376736697402285,-2.1581114722910284,-10.477397440131393,21.43060741682664,0.0,-1.2301474339074252,1.8657770530975928,0.0,1.1999794146536455,4.633009828047581,0.0,21.755620795850035,-5.634846045434007,52.263780742523494,102.19378836953257,154.45756911205606
7.215999999999427,9.81,3.93,1,1,0.01,0.01,-6.846717870139268,10.754739902794391,-2.5583496016718628,-2.115475091226879,-10.198612195794619,21.20596784562295,0.0,-1.2277432135632034,1.875018280721668,0.0,1.2042240865541087,4.60822131676893,0.0,21.538020652060503,-5.628332812820854,51.83535432636346,102.62199360588822,154.45734793225168
7.217999999999427,9.81,3.93,1,1,0.01,0.01,-6.851854780922687,10.750551215338907,-2.5784684046090027,-2.0732868775943185,-9.920277272094966,20.982425779119172,0.0,-1.2253306100487003,1.8842099482984356,0.0,1.2083627297104598,4.583450004493641,0.0,21.32108982914124,-5.621008253844645,51.408652331528096,103.04847592453925,154.45712825606734
7.219999999999427,9.81,3.93,1,1,0.01,0.01,-6.8570313729694075,10.746446457916566,-2.5980310332120364,-2.031544719755535,-9.642447084057514,20.759898710908438,0.0,-1.222909834480189,1.8933520918647782,0.0,1.212396289941767,4.558697526334607,0.0,21.104837581301524,-5.612881011644341,50.98367456142978,103.473235454438,154.45691001586778
7.221999999999427,9.81,3.93,1,1,0.01,0.01,-6.862246534977674,10.742424740393336,-2.6170385532919194,-1.9902466659544515,-9.365178331450624,20.538309234292186,0.0,-1.2204810960548222,1.9024447507001356,0.0,1.2163257405548906,4.533965489485532,0.0,20.889274220415,-5.603960152480895,50.56042086140731,103.89627228624451,154.45669314765183
7.223999999999426,9.81,3.93,1,1,0.01,0.01,-6.8674991578921665,10.738485176387195,-2.635492146166477,-1.9493909143033774,-9.088529786260398,20.31758485738509,0.0,-1.2180446019955182,1.9114879672690765,0.0,1.220152082470414,4.509255471636658,0.0,20.674411050850903,-5.594255161681755,50.13889112252913,104.31758646842172,154.45647759095084
7.225999999999426,9.81,3.93,1,1,0.01,0.01,-6.872788135139023,10.7346268829781,-2.6533931125955856,-1.9089758031325463,-8.812562084107265,20.097657825039406,0.0,-1.215600557495704,1.9204817871607411,0.0,1.2238763442311287,4.484569019432929,0.0,20.46026030539525,-5.583775938351109,49.719085285243104,104.73717800348525,154.45626328872837
7.227999999999426,9.81,3.93,1,1,0.01,0.01,-6.878112362868314,10.730848980436903,-2.670742876303191,-1.8689998016894038,-8.537337519678124,19.878464947092464,0.0,-1.2131491656641615,1.9294262590252451,0.0,1.2274995818975352,4.459907646979304,0.0,20.246835082279848,-5.572532788897498,49.30100334287216,105.15504684440941,154.45605018728156
7.229999999999426,9.81,3.93,1,1,0.01,0.01,-6.8834707402031485,10.727150591972546,-2.687542987094277,-1.8294615011754582,-8.262919846262623,19.65994743248304,0.0,-1.2106906274701859,1.9383214345071544,0.0,1.2310228788349673,4.4352728343975105,0.0,20.03414928333924,-5.560536419432228,48.88464534495291,105.57119289119173,154.45583823614464
7.2319999999994256,9.81,3.93,1,1,0.01,0.01,-6.8888621694946295,10.723530843496835,-2.703795123575096,-1.7903596061093796,-7.989374079495193,19.442050728821876,0.0,-1.2082251416892817,1.9471673681761157,0.0,1.2344473453969231,4.410666026438392,0.0,19.822217553318186,-5.547797927092886,48.47001140041681,105.98561598757632,154.45562738799313
7.233999999999425,9.81,3.93,1,1,0.01,0.01,-6.894285556581847,10.719988863406185,-2.7195010954851804,-1.7516929260058216,-7.716766305415019,19.224724367038824,0.0,-1.2057529048495892,1.9559641174547706,0.0,1.2377741185093942,4.386088631153646,0.0,19.61105522035396,-5.53432879034823,48.05710168061137,106.39831591793867,154.45541759855004
7.235999999999425,9.81,3.93,1,1,0.01,0.01,-6.899739811056163,10.716523782379685,-2.7346628456498934,-1.7134603673601627,-7.445163492963768,19.007921810761857,0.0,-1.2032741111792276,1.9647117425440976,0.0,1.2410043611611161,4.361542018630479,0.0,19.40067823765883,-5.52014085834214,47.645916422159644,106.80929240433368,154.45520882649333
7.237999999999425,9.81,3.93,1,1,0.01,0.01,-6.905223846529024,10.713134733192915,-2.7492824515625167,-1.6756609259300195,-7.174633311047927,18.79160031011725,0.0,-1.2007889525547697,1.9734103063462527,0.0,1.2441392618044085,4.337027519792624,0.0,19.191103126429887,-5.505246339333906,47.23645592965882,107.21854510370585,154.45500103336468
7.239999999999425,9.81,3.93,1,1,0.01,0.01,-6.9107365809025785,10.709820850546885,-2.763362126605135,-1.638293679304978,-6.905243950294822,18.575720759666442,0.0,-1.198297618450972,1.9820598743851185,0.0,1.2471800336718772,4.312546425270432,0.0,18.98234692001201,-5.48965778829552,46.82872057821315,107.62607360526619,154.45479418347935
7.2419999999994245,9.81,3.93,1,1,0.01,0.01,-6.91627693664238,10.706581270911583,-2.7769042209178387,-1.6013577797565288,-6.63706394963538,18.360247560226043,0.0,-1.1958002958919725,1.9906605147246408,0.0,1.250127914013746,4.288099984343043,0.0,18.774427109342014,-5.473388093724833,46.42271081580418,108.0318774280334,154.45458824383758
7.243999999999424,9.81,3.93,1,1,0.01,0.01,-6.92184384105149,10.703415132383522,-2.789911221926026,-1.5648524473606733,-6.370162027844979,18.1451484843397,0.0,-1.193297169404084,1.9992122978851268,0.0,1.2529841632610106,4.2636894039548485,0.0,18.56736158969999,-5.456450463735805,46.01842716549504,108.43595601854214,154.45438318403717
7.245999999999424,9.81,3.93,1,1,0.01,0.01,-6.927436226545292,10.70032157455679,-2.802385754535856,-1.528776963386109,-6.104606920173297,17.930394545195572,0.0,-1.1907884209703261,2.007715296757662,0.0,1.2557500641195296,4.239315847808405,0.0,18.361168608793804,-5.438858411486865,45.61587022746884,108.8383087487183,154.45417897618714
7.247999999999424,9.81,3.93,1,1,0.01,0.01,-6.933053030926387,10.697299738407061,-2.8143305810081576,-1.493130663941291,-5.840467220190489,17.715959868804546,0.0,-1.1882742299868323,2.016169586516786,0.0,1.2584269206001277,4.214980435535595,0.0,18.15586671620193,-5.420625740008468,45.21504068090081,109.23893491392157,154.4539755948224
7.249999999999424,9.81,3.93,1,1,0.01,0.01,-6.938693197658913,10.694348766188057,-2.8257486005213495,-1.4579129338740127,-5.577811226972963,17.501821569274796,0.0,-1.1857547732212714,2.024575244531584,0.0,1.2610160569898343,4.190684241948624,0.0,17.951474714198646,-5.401766526491024,44.81593928566529,109.63783373115506,154.45377301682035
7.251999999999423,9.81,3.93,1,1,0.01,0.01,-6.944355676141691,10.69146780133996,-2.836642848434169,-1.4231232009174692,-5.316706797745046,17.2879596270353,0.0,-1.1832302247733617,2.0329323502753693,0.0,1.2635188167694344,4.166428296371915,0.0,17.74801160998333,-5.382295106094528,44.41856688387527,110.03500433744237,154.45357122131765
7.253999999999423,9.81,3.93,1,1,0.01,0.01,-6.950039421979609,10.688655988409305,-2.8470164952592336,-1.3887609300770298,-5.057221206087203,17.074356769880062,0.0,-1.1807007560376066,2.041240985234115,0.0,1.2659365614824238,4.142213582055919,0.0,17.545496569335008,-5.362226055340517,44.02292440125703,110.4304457883718,154.45337018962883
7.255999999999423,9.81,3.93,1,1,0.01,0.01,-6.95574339725267,10.685912472979838,-2.856872845358672,-1.3548256182521996,-4.799421005812019,16.860998356718824,0.0,-1.1781665356683475,2.049501232813777,0.0,1.2682706695603634,4.118041035673474,0.0,17.343948871710886,-5.341574175146136,43.62901284836029,110.82415705680557,154.45316990516585
7.257999999999423,9.81,3.93,1,1,0.01,0.01,-6.961466570782162,10.683236401613923,-2.8662153353732505,-1.3213167890884578,-4.5433719006007065,16.64787226393473,0.0,-1.1756277295471858,2.057713178246718,0.0,1.270522535109817,4.093911546898929,0.0,17.143387866805234,-5.320354473560393,43.23683332160313,111.21613703175582,154.45297035335895
7.2599999999994225,9.81,3.93,1,1,0.01,0.01,-6.967207918393433,10.680626921804011,-2.875047532396606,-1.2882339880538454,-4.289138619482662,16.434968774263115,0.0,-1.173084500752882,2.0658769084973514,0.0,1.2726935666656776,4.069825958070199,0.0,16.943832932583504,-5.298582148260285,42.84638700415522,111.60638451742327,154.45277152157848
7.261999999999422,9.81,3.93,1,1,0.01,0.01,-6.972966423174766,10.67808318193373,-2.8833731319063403,-1.255576777735338,-4.036784798229724,16.222280468116352,0.0,-1.1705370095337662,2.0739925121672043,0.0,1.2747851859159012,4.045785063933437,0.0,16.74530343480373,-5.2762725688646865,42.4576751666586,111.99489823239938,154.452573399058
7.263999999999422,9.81,3.93,1,1,0.01,0.01,-6.978741075731886,10.67560433124817,-2.8911959554638713,-1.223344733350177,-3.7863728667257814,16.009802117291827,0.0,-1.1679854132827328,2.082060079399549,0.0,1.2767988264024024,4.021789611469874,0.0,16.54781868803514,-5.253441259121735,42.07069916778967,112.38167680902924,154.45237597681893
7.265999999999422,9.81,3.93,1,1,0.01,0.01,-6.984530874437643,10.673189519832945,-2.8985199481950374,-1.1915374384674484,-3.537963942359924,15.797530581008504,0.0,-1.165429866514843,2.090079701783764,0.0,1.278735932202828,3.9978402998040257,0.0,16.351397918181164,-5.230103879024316,41.685460454662206,112.7667187929332,154.4521792475954
7.267999999999422,9.81,3.93,1,1,0.01,0.01,-6.990334825676445,10.670837898601588,-2.905349176063546,-1.1601544809352955,-3.2916177294794227,15.58546470422725,0.0,-1.1628705208475894,2.0980514722596073,0.0,1.2805979565978767,3.97393778019229,0.0,16.156060226511855,-5.206276206906841,41.30196056307598,113.15002264268605,154.45198320576202
7.269999999999421,9.81,3.93,1,1,0.01,0.01,-6.99615194408305,10.668548619290897,-2.9116878229494096,-1.1291954490092422,-3.0473924249261133,15.373605218217794,0.0,-1.1603075249838328,2.1059754850215233,0.0,1.2823863607285229,3.9500826560906783,0.0,15.961824555207961,-5.181974121574031,40.9202011176116,113.53158672964969,154.4517878472613
7.271999999999421,9.81,3.93,1,1,0.01,0.01,-7.001981252775317,10.666320834463832,-2.9175401875445437,-1.09865992767716,-2.805344629666447,15.161954643341119,0.0,-1.1577410246974214,2.1138518354231874,0.0,1.2841026122476822,3.926275483300138,0.0,15.768709654416124,-5.157213584511771,40.54018383157437,113.91140933795825,154.4515931695326
7.273999999999421,9.81,3.93,1,1,0.01,0.01,-7.007821783580585,10.664153697519563,-2.922910680077724,-1.0685474951764757,-2.5655292665133542,14.950517194024258,0.0,-1.1551711628215269,2.1216806198824005,0.0,1.2857481839703526,3.9025167701879115,0.0,15.576734050812883,-5.132010622226603,40.161910506791905,114.28948866465177,154.45139917144368
7.275999999999421,9.81,3.93,1,1,0.01,0.01,-7.013672577255341,10.662046362710296,-2.927803818881064,-1.038857719699254,-2.3279995039239454,14.739298685907311,0.0,-1.1525980792396626,2.1294619357865057,0.0,1.2873245525264068,3.8788069779828733,0.0,15.385916017671553,-5.106381308759562,39.785383033266214,114.66582281995537,154.45120585322158
7.2779999999994205,9.81,3.93,1,1,0.01,0.01,-7.019532683697866,10.659997985164507,-2.932224226810142,-1.0095901562808247,-2.0928066858450687,14.528306445149179,0.0,-1.1500219108793983,2.137195881398469,0.0,1.2888331970199094,3.855146521142876,0.0,15.19627354642459,-5.080341748417199,39.41060338868538,115.0404098277009,154.4510132163863
7.27999999999942,9.81,3.93,1,1,0.01,0.01,-7.0254011621535915,10.658007720916217,-2.936176627529836,-0.9807443438676515,-1.860000267565232,14.317549219881174,0.0,-1.1474427917087464,2.1448825557637674,0.0,1.2902755976987,3.831535767791775,0.0,15.007824319710878,-5.0539080587605225,39.03757363779795,115.41324762588732,154.45082126368527
7.28199999999942,9.81,3.93,1,1,0.01,0.01,-7.0312770814129,10.656074726939954,-2.939665841677824,-0.9523198025601488,-1.6296277575189535,14.107037093801495,0.0,-1.1448608527351887,2.1525220586182088,0.0,1.2916532346377754,3.8079750402237105,0.0,14.82058568589533,-5.027096353890072,38.66629593165311,115.78433406737585,154.45062999902896
7.28399999999942,9.81,3.93,1,1,0.01,0.01,-7.037159520001142,10.65419816119106,-2.94269678291759,-0.9243160310261745,-1.401734664977461,13.896781401906097,0.0,-1.1422762220073266,2.1601144902968406,0.0,1.292967586439933,3.7844646154720927,0.0,14.634574635046016,-4.9999227280633685,38.296772506711946,116.15366692071619,154.45043942742814
7.28599999999942,9.81,3.93,1,1,0.01,0.01,-7.043047566360656,10.652377182651005,-2.945274453892638,-0.8967325040809265,-1.1763644535472184,13.686794648353716,0.0,-1.1396890246191123,2.167659951644043,0.0,1.2942201289567654,3.7610047259405803,0.0,14.449807776351578,-4.9724032396777345,37.92900568383315,116.52124387109937,154.45024955493253
7.287999999999419,9.81,3.93,1,1,0.01,0.01,-7.048940319024612,10.650610951377375,-2.9474039420934335,-0.8695686704289752,-0.9535585003863116,13.47709042646405,0.0,-1.1370993827166054,2.175158543924955,0.0,1.29541233403312,3.737595560093161,0.0,14.26630131695956,-4.944553895649886,37.562997867137234,116.88706252143328,154.4500603885705
7.289999999999419,9.81,3.93,1,1,0.01,0.01,-7.054836886782504,10.648898628558223,-2.949090415648414,-0.8428239505641671,-0.7333560610376717,13.267683340849752,0.0,-1.134507415507218,2.1826103687383345,0.0,1.296545668277791,3.7142372632004568,0.0,14.084071042214575,-4.916390636220499,37.198751542754366,117.2511203935361,154.44987193629046
7.291999999999419,9.81,3.93,1,1,0.01,0.01,-7.0607363888371655,10.647239376570457,-2.9503391190501915,-0.8164977348231284,-0.515794239767468,13.058588931683596,0.0,-1.1319132392714009,2.19001552793096,0.0,1.297621591863051,3.690929938139253,0.0,13.903132297273343,-4.887929320209646,36.83626927746075,117.6134149294429,154.44968420690364
7.293999999999419,9.81,3.93,1,1,0.01,0.01,-7.066637954953175,10.64563235904198,-2.9511553688278354,-0.7905893815880988,-0.3009079652863013,12.849823601101678,0.0,-1.1293169673766856,2.197374123513688,0.0,1.2986415573555008,3.667673646242043,0.0,13.723499970071252,-4.859185710746678,36.47555371720703,117.97394349282112,154.44949721002814
7.2959999999994185,9.81,3.93,1,1,0.01,0.01,-7.0725407255965695,10.644076740917273,-2.9515445491758716,-0.7650982156348218,-0.08872997172205793,12.64140454174431,0.0,-1.126718710294031,2.2046862575792536,0.0,1.2996070085804283,3.6444684081934913,0.0,13.545188475614196,-4.830175461495306,36.1166075855443,118.3327033704897,154.449310956034
7.297999999999418,9.81,3.93,1,1,0.01,0.01,-7.078443852065769,10.642571688526143,-2.9515121075503665,-0.7400235266212136,0.12070921529570466,12.433349667436149,0.0,-1.1241185756164254,2.211952032221911,0.0,1.300519379521727,3.6213142049706564,0.0,13.368211741567837,-4.800914103392402,35.75943368195402,118.68969177403716,154.44912545599118
7.299999999999418,9.81,3.93,1,1,0.01,0.01,-7.084346496613682,10.641116369655357,-2.951063550242163,-0.7153645677125333,0.32738128758915136,12.225677546004876,0.0,-1.1215166680796291,2.219171549458986,0.0,1.3013800932591775,3.598210978823598,0.0,13.192583195114349,-4.771417031916364,35.40403488008394,119.04490584153275,154.44894072161668
7.301999999999418,9.81,3.93,1,1,0.01,0.01,-7.090247832560932,10.63970995362289,-2.9502044379370465,-0.6911205543387767,0.5312601585790105,12.018407334238416,0.0,-1.1189130895850097,2.226344911154449,0.0,1.3021905609448332,3.575158634293167,0.0,13.018315751046162,-4.741699494899015,35.05041412589765,119.39834263932755,154.4487567652252
7.303999999999418,9.81,3.93,1,1,0.01,0.01,-7.096147044400208,10.638351611354532,-2.9489403812722883,-0.6672906630800188,0.7323219627881816,11.811558714979196,0.0,-1.1163079392243942,2.2334722189445255,0.0,1.3029521808197853,3.552157039262755,0.0,12.845421801065106,-4.7117765808916845,34.698574435742195,119.74999916393742,154.4485735996796
7.305999999999417,9.81,3.93,1,1,0.01,0.01,-7.1020433278917245,10.637040515462596,-2.9472770363986833,-0.6438740306754335,0.9305450508714316,11.605151836351466,0.0,-1.113701313306838,2.240553574165477,0.0,1.303666337272782,3.529206026040642,0.0,12.673913204253667,-4.681663208095252,34.34851889433881,120.09987234400565,154.44839123834447
7.307999999999417,9.81,3.93,1,1,0.01,0.01,-7.107935890149824,10.635775840326495,-2.9452201005568566,-0.6208697531517284,1.1259099803462909,11.399207253117492,0.0,-1.111093305387229,2.247589077783545,0.0,1.304334399941583,3.5063053924696987,0.0,12.503801278684767,-4.651374113860231,34.00025065270151,120.44795904233743,154.44820969503894
7.309999999999417,9.81,3.93,1,1,0.01,0.01,-7.11382394972075,10.634556762174944,-2.942775307676261,-0.5982768850667449,1.3183995022042578,11.193745870156215,0.0,-1.1084840062966568,2.254578830327156,0.0,1.304957722858086,3.483454903061295,0.0,12.335096794135778,-4.620923844762132,33.65377292599032,120.79425605800282,154.44802898399314
7.311999999999417,9.81,3.93,1,1,0.01,0.01,-7.119706736651648,10.633382459169551,-2.9399484240049154,-0.5760944388639838,1.5079985435866057,10.9887888880558,0.0,-1.105873504174441,2.2615229318214096,0.0,1.3055376436378574,3.4606542901501274,0.0,12.167809965871324,-4.590326747254419,33.3090889913027,121.13876012850172,154.4478491198044
7.3139999999994165,9.81,3.93,1,1,0.01,0.01,-7.125583492550865,10.632252111489617,-2.936745243777574,-0.5543213843338413,1.6946941867115135,10.78435775080999,0.0,-1.103261884501734,2.2684214817248973,0.0,1.3060754827146712,3.4379032550668764,0.0,12.001950449459443,-4.55959695889999,32.96620218540957,121.48146793198637,154.44767011739594
7.315999999999416,9.81,3.93,1,1,0.01,0.01,-7.131453470639628,10.631164901417883,-2.9331715849296307,-0.5329566481773572,1.8784756442424861,10.580474095606245,0.0,-1.1006492301366144,2.275274578868877,0.0,1.3065725426203927,3.4152014693256065,0.0,11.837527336584971,-4.528748400179855,32.625115902440655,121.82237608953542,154.44749199197608
7.317999999999416,9.81,3.93,1,1,0.01,0.01,-7.137315935795204,10.630120013427065,-2.929233284863688,-0.5119991136683083,2.059334231289815,10.377159704691069,0.0,-1.098035621350572,2.2820823213988386,0.0,1.3070301073104753,3.392548575822877,0.0,11.67454915182388,-4.497794766876302,32.28583359152435,122.1614811674751,154.44731475899945
7.319999999999416,9.81,3.93,1,1,0.01,0.01,-7.143170164585648,10.629116634266973,-2.924936196275326,-0.4914476204095062,2.2372633342381802,10.174436459296206,0.0,-1.0954211358662924,2.28884480671848,0.0,1.3074494415351303,3.3699441900456186,0.0,11.513023850341973,-4.466749523025924,31.948358754387396,122.49877967974203,154.4471384341294
7.321999999999416,9.81,3.93,1,1,0.01,0.01,-7.149015445296268,10.628153953052015,-2.92028618304423,-0.4713009641791969,2.4122583765941563,9.972326295607507,0.0,-1.092805848896661,2.2955621314360974,0.0,1.3078317902560723,3.347387901284945,0.0,11.352958816481495,-4.435625894436351,31.612694942919298,122.83426809028236,154.44696303320165
7.323999999999415,9.81,3.93,1,1,0.01,0.01,-7.154851077947947,10.627231161348934,-2.915289116196443,-0.4515578968634979,2.5843167820475013,9.77085116275547,0.0,-1.0901898331848903,2.302234391313407,0.0,1.3081783781086564,3.32487927385312,0.0,11.194360863199064,-4.404436862759215,31.278845756706975,123.16794281548225,154.44678857218923
7.325999999999415,9.81,3.93,1,1,0.01,0.01,-7.160676374307456,10.626347453264584,-2.909950869943119,-0.43221712647085053,2.7534379349396603,9.570032982804651,0.0,-1.087573159045663,2.3088616812168143,0.0,1.3084904089091032,3.302417848300945,0.0,11.037236232318273,-4.373195160110585,30.94681484054334,123.49980022662585,154.4466150671692
7.327999999999415,9.81,3.93,1,1,0.01,0.01,-7.166490657889935,10.625502025533608,-2.904277317800772,-0.4132773172245154,2.9196231383314823,9.36989361271749,0.0,-1.0849558944072297,2.3154440950710997,0.0,1.3087690652062562,3.280003142633076,0.0,10.881590595561018,-4.3419132642284595,30.616605881915973,123.82983665237387,154.44644253428984
7.329999999999415,9.81,3.93,1,1,0.01,0.01,-7.172293263953693,10.62469407760586,-2.898274328797632,-0.3947370897291877,3.082875569860774,9.170454808265262,0.0,-1.0823381048543474,2.3219817258155424,0.0,1.309015507877402,3.25763465351873,0.0,10.727429056321354,-4.310603394156384,30.288222608479657,124.15804838126013,154.4462709897398
7.3319999999994145,9.81,3.93,1,1,0.01,0.01,-7.178083539487514,10.623922811733404,-2.8919477637703395,-0.37659502120786703,3.243200235577641,8.97173818985795,0.0,-1.0797198536720098,2.3284746653624513,0.0,1.3092308757673816,3.2353118574955353,0.0,10.574756152146609,-4.279277506440666,29.961668785518906,124.4844316641998,154.4461004497187
7.333999999999414,9.81,3.93,1,1,0.01,0.01,-7.183860843190647,10.623187433057002,-2.8853034717548343,-0.35884964580517514,3.4006039219441124,8.773765210261146,0.0,-1.0771012018898114,2.3349230045580986,0.0,1.3094162853702715,3.213034212164039,0.0,10.423575857889897,-4.247947291828153,29.63694821340179,124.80898271700595,154.44593093040774
7.335999999999414,9.81,3.93,1,1,0.01,0.01,-7.189624545445678,10.622487149691894,-2.878347286474931,-0.34149945495337813,3.555095146179266,8.576557124168627,0.0,-1.0744822083269518,2.3413268331460353,0.0,1.3095728305527468,3.190801157371038,0.0,10.273891589500199,-4.216624172450526,29.314064725033653,125.13169772290965,154.4457624479433
7.337999999999414,9.81,3.93,1,1,0.01,0.01,-7.195374028284478,10.621821172812828,-2.8710850229317084,-0.3245428977974379,3.7066841051298454,8.380134959595354,0.0,-1.071862929637723,2.34768623973275,0.0,1.309701582318131,3.1686121163794625,0.0,10.125706208415144,-4.185319299480223,28.993022183311318,125.45257283507887,154.44559501839018
7.339999999999414,9.81,3.93,1,1,0.01,0.01,-7.201108685347433,10.621188716738146,-2.8635224740964844,-0.30797838167548575,3.855382622840669,8.184519491055154,0.0,-1.0692434203574377,2.3540013117556624,0.0,1.309803588610157,3.1464664970230527,0.0,9.979022026523342,-4.154043551242782,28.67382447858376,125.771604179133,154.44542865771677
7.341999999999413,9.81,3.93,1,1,0.01,0.01,-7.206827921836164,10.620588999012888,-2.85566540770981,-0.2918042726511879,4.001204096995467,7.989731214485569,0.0,-1.066623732948716,2.360272135453405,0.0,1.309879874155305,3.124363692844013,0.0,9.833840811663299,-4.122807531769615,28.356475526123102,126.08878785564829,154.44526338177138
7.343999999999413,9.81,3.93,1,1,0.01,0.01,-7.212531154459959,10.620021240490754,-2.8475195631885715,-0.276018896094546,4.144163444394201,7.795790323880757,0.0,-1.0640039178480507,2.3664987958383588,0.0,1.3099314403425417,3.102303084211995,0.0,9.690163793626706,-4.091621569774765,28.040979263609177,126.40411994265037,154.44509920625956
7.345999999999413,9.81,3.93,1,1,0.01,0.01,-7.2182178113761175,10.619484665414886,-2.8390906486429666,-0.26062053730775797,4.284277045627959,7.6027166895915705,0.0,-1.0613840235125565,2.3726813766714137,0.0,1.3099592651392977,3.0802840394227844,0.0,9.547991670634412,-4.060495718039097,27.727339648631034,126.71759649809108,154.4449361467221
7.347999999999413,9.81,3.93,1,1,0.01,0.01,-7.223887332124452,10.618978501497331,-2.830384338004803,-0.2456074421928453,4.421562689106647,7.410529838251936,0.0,-1.0587640964668816,2.378819960438901,0.0,1.3099643030423653,3.058305915775433,0.0,9.407324616254874,-4.029439753184744,27.41556065621023,127.02921356230485,154.44477421851508
7.349999999999413,9.81,3.93,1,1,0.01,0.01,-7.229539167556151,10.61850197999715,-2.8214062682682632,-0.2309778179578376,4.5560395145903465,7.2192489342880055,0.0,-1.056144181350161,2.3849146283316554,0.0,1.3099474850624417,3.0363680606263745,0.0,9.268162286734636,-3.998463175822654,27.10564627634774,127.33896716044205,154.44461343678978
7.351999999999412,9.81,3.93,1,1,0.01,0.01,-7.23517277975724,10.618054335797066,-2.812162036843982,-0.2167298338583917,4.6877279563685,7.028892762966736,0.0,-1.0535243209629863,2.390965460226166,0.0,1.309909718740987,3.0144698124194598,0.0,9.130503828712191,-3.9675752110559377,26.797600511598866,127.64685330487599,154.44445381647486
7.353999999999412,9.81,3.93,1,1,0.01,0.01,-7.240787641966861,10.617634807478598,-2.802657199027,-0.2028616219718124,4.816649686226208,6.839479714938654,0.0,-1.0509045563142878,2.396972534667758,0.0,1.3098518881980228,2.9926105016907196,0.0,8.99434788728653,-3.936784809321547,26.491427374677787,127.9528679975804,154.44429537225818
7.355999999999412,9.81,3.93,1,1,0.01,0.01,-7.246383238490608,10.617242637395627,-2.792897265578889,-0.18937127800053008,4.942827556329992,6.651027772229908,0.0,-1.048284926668115,2.402935928855762,0.0,1.3097748542095076,2.970789452047026,0.0,8.85969261441339,-3.906100647552946,26.18713088609624,128.25700723247456,154.4441381185708
7.357999999999412,9.81,3.93,1,1,0.01,0.01,-7.251959064609135,10.616877071746309,-2.7828877004240766,-0.17625686210218428,5.066285542160226,6.463554495636945,0.0,-1.0456654695902206,2.408855718630607,0.0,1.3096794543128616,2.949005981117717,0.0,8.726535677602419,-3.8755311306463707,25.884715071837686,128.55926699773343,154.44398206957112
7.3599999999994115,9.81,3.93,1,1,0.01,0.01,-7.257514626482273,10.616537360643324,-2.7726339184601603,-0.16351639974355384,5.187048685610751,6.277077013477202,0.0,-1.043046220994406,2.4147319784628,0.0,1.3095665029392922,2.9272594014784543,0.0,8.594874268889573,-3.8450843932136123,25.584183961070007,128.85964327806022,154.44382723913023
7.361999999999411,9.81,3.93,1,1,0.01,0.01,-7.263049441048881,10.616222758182378,-2.7621412834817582,-0.15114788257566872,5.305143038370033,6.091612011648865,0.0,-1.040427215188587,2.420564781443711,0.0,1.3094367915714402,2.905549021546732,0.0,8.464705114060152,-3.8147683016041016,25.285541583899285,129.15813205691882,154.4436736408181
7.363999999999411,9.81,3.93,1,1,0.01,0.01,-7.268563035922661,10.615932522508949,-2.7514151062172263,-0.13914926932753333,5.420595605692363,5.90717572495176,0.0,-1.0378084849205012,2.426354199278136,0.0,1.3092910889250198,2.8838741464484063,0.0,8.33602448209826,-3.7845904561797137,24.988791969166133,129.45472931872462,154.44352128789075
7.365999999999411,9.81,3.93,1,1,0.01,0.01,-7.274054949284151,10.615665915883222,-2.740460642477356,-0.12751848671598573,5.533434290660756,5.723783929622296,0.0,-1.0351900614230538,2.4321003022785486,0.0,1.3091301411529654,2.8622340788549363,0.0,8.208828194840082,-3.7545581938255195,24.69393914228771,129.74943105099015,154.44337019327787
7.367999999999411,9.81,3.93,1,1,0.01,0.01,-7.279524729769136,10.615422204743192,-2.729283091414974,-0.11625343036931367,5.64368783903763,5.541451937034044,0.0,-1.032571974459214,2.4378031593610046,0.0,1.3089546720707763,2.8406281197908623,0.0,8.083111636808379,-3.7246785906804862,24.40098712314616,130.04223324642533,154.4432203695715
7.36999999999941,9.81,3.93,1,1,0.01,0.01,-7.284971936353679,10.615200659765906,-2.7178875938941784,-0.10535196576234312,5.751385784792794,5.360194588516492,0.0,-1.0299542523664484,2.443462838042632,0.0,1.3087653834016284,2.8190555694113564,0.0,7.958869765207232,-3.6949584650720757,24.109939924025834,130.33313190498978,154.44307182901562
7.37199999999941,9.81,3.93,1,1,0.01,0.01,-7.290396138236004,10.61500055592683,-2.7062792309677715,-0.09481192916081112,5.856558396392212,5.180026251244182,0.0,-1.027336922100645,2.449079404440643,0.0,1.3085629550399203,2.7975157277496376,0.0,7.836097120056501,-3.6654043806393295,23.82080154760076,130.6221230358953,154.44292458349605
7.37399999999941,9.81,3.93,1,1,0.01,0.01,-7.295796914715444,10.614821172557317,-2.6944630224612864,-0.08463112857292918,5.959236623924992,5.000960815148824,0.0,-1.0247200092794957,2.454652923272812,0.0,1.3083480453319072,2.7760078954341987,0.0,7.714787834446518,-3.6360226496292887,23.533575984973755,130.90920265955782,154.4427786445316
7.37599999999941,9.81,3.93,1,1,0.01,0.01,-7.30117385506865,10.61466179340016,-2.682443925661866,-0.07480734470613948,6.059452047140369,4.823011690806824,0.0,-1.0221035382252908,2.4601834578593578,0.0,1.308121291372117,2.7545313743757753,0.0,7.594935644894135,-3.6068193363520877,23.24826721376806,131.19436680949718,154.44263402326524
7.3779999999994095,9.81,3.93,1,1,0.01,0.01,-7.306526558423297,10.61452170666324,-2.670226834110097,-0.06533833192715899,6.1572368244599485,4.646191808255995,0.0,-1.0194875320071268,2.465671070126167,0.0,1.3078833093142515,2.733085468424232,0.0,7.476533901782557,-3.5778002607804824,22.964879196273536,131.4776115341831,154.44249073045663
7.379999999999409,9.81,3.93,1,1,0.01,0.01,-7.311854633629462,10.614400205071245,-2.657816576492799,-0.05622181922350046,6.252623643025771,4.470513616694255,0.0,-1.0168720124824522,2.4711158206093096,0.0,1.3076346946953539,2.7116694839953523,0.0,7.359575579867483,-3.548971002280119,22.68341587764711,131.75893289882782,154.44234877647494
7.381999999999409,9.81,3.93,1,1,0.01,0.01,-7.317157699128895,10.614296585915465,-2.6452179156346305,-0.04745551116475142,6.3456456698381665,4.295989085015222,0.0,-1.0142570003379727,2.4765177684607664,0.0,1.3073760227719617,2.6902827306678843,0.0,7.244053288833696,-3.5203369034571206,22.40388118416937,132.03832698712262,154.44220817129198
7.383999999999409,9.81,3.93,1,1,0.01,0.01,-7.322435382822364,10.614210151101668,-2.6324355475862933,-0.039037088861983454,6.436336504032672,4.122629703135055,0.0,-1.011642515129867,2.4818769714553284,0.0,1.3071078488671102,2.6689245217510043,0.0,7.129959283886388,-3.4919030741103465,22.126279021557608,132.31578990291894,154.44206892447653
7.385999999999409,9.81,3.93,1,1,0.01,0.01,-7.327687321935275,10.614140207196064,-2.6194741008070013,-0.030964210923753635,6.52473013033971,3.950446484066018,0.0,-1.0090285753232995,2.487193485998599,0.0,1.3068307087270061,2.647594174822565,0.0,7.017285476362601,-3.463674395275946,21.85061327333575,132.59131777185308,154.44193104518882
7.387999999999408,9.81,3.93,1,1,0.01,0.01,-7.33291316288175,10.614086065469353,-2.6063381354388193,-0.02323451440724844,6.610860873765707,3.779449966693078,0.0,-1.0064151983312077,2.492467367136049,0.0,1.3065451188862807,2.6262910122384713,0.0,6.906023444348792,-3.4356555233525006,21.57688779926185,132.8649067429138,154.44179454217564
7.389999999999408,9.81,3.93,1,1,0.01,0.01,-7.33811256112734,10.614047041938884,-2.5930321426703866,-0.015845615763207747,6.694763355529516,3.6096502192104083,0.0,-1.0038024005523538,2.4976986685630527,0.0,1.3062515770407077,2.6050143616136285,0.0,6.796164443291341,-3.407850894295374,21.305106433813243,133.13655298995275,154.441659423766
7.391999999999408,9.81,3.93,1,1,0.01,0.01,-7.343285181050555,10.61402245740893,-2.5795605441874883,-0.008795111773350793,6.776472450282979,3.441056843175743,0.0,-1.0011901974086241,2.502887442635868,0.0,1.3059505624263994,2.583763556274925,0.0,6.687699416587487,-3.3802647278696316,21.035272984729826,133.40625271313732,154.44152569786715
7.393999999999408,9.81,3.93,1,1,0.01,0.01,-7.348430695803379,10.614011637509096,-2.5659276917078815,-0.0020805804791100124,6.8560232446402765,3.2736789781414197,0.0,-0.998578603381569,2.508033740383484,0.0,1.305642536204433,2.562537935686753,0.0,6.580619006144878,-3.3529010319511543,20.76739123161546,133.67400214034598,154.44139337196142
7.3959999999994075,9.81,3.93,1,1,0.01,0.01,-7.353548787170937,10.614013912730874,-2.5521378665977354,0.004300417899439784,6.933450997036227,3.107525306821514,0.0,-0.9959676320481583,2.513137611520304,0.0,1.3053279418500066,2.5413368458495995,0.0,6.474913562898559,-3.3257636068663308,20.501464924597226,133.93979752850578,154.441262453103
7.397999999999407,9.81,3.93,1,1,0.01,0.01,-7.358639145430476,10.614028618462383,-2.538195279567013,0.010350340055490301,7.008791098929417,2.942604060756125,0.0,-0.9933572961157601,2.518199104459592,0.0,1.30500720554517,2.5201596396723005,0.0,6.370573157274935,-3.2988560497609853,20.237497783042784,134.2036351648726,154.44113294791538
7.399999999999407,9.81,3.93,1,1,0.01,0.01,-7.363701469209807,10.614055095021293,-2.52410407044109,0.016071658699202313,7.082079037362125,2.7789230264345495,0.0,-0.9907476074563416,2.5232182663276372,0.0,1.3046807365742747,2.4990056773186002,0.0,6.267587589592971,-3.2721817589898263,19.975493494335723,134.46551136825371,154.44100486258944
7.401999999999407,9.81,3.93,1,1,0.01,0.01,-7.368735465345376,10.614092687685973,-2.5098683080058923,0.02146686167408188,7.153350358885539,2.6164895518398126,0.0,-0.988138577139859,2.5281951429785896,0.0,1.304348927721319,2.4778743265285597,0.0,6.165946400393137,-3.24574393851819,19.715455712707953,134.72542249017351,154.44087820288146
7.403999999999407,9.81,3.93,1,1,0.01,0.01,-7.373740848740082,10.614140746724887,-2.49549198992381,0.026538451086837344,7.2226406348546766,2.4553105533787862,0.0,-0.98553021546686,2.5331297790099185,0.0,1.30401215566841,2.456764962915556,0.0,6.065638880685672,-3.219545602328307,19.45738805812949,134.98336491598246,154.44075297411194
7.405999999999406,9.81,3.93,1,1,0.01,0.01,-7.37871734222101,10.61419862742426,-2.4809790427176535,0.03128894245145264,7.289985428094427,2.2953925231629366,0.0,-0.9829225320002953,2.538022217778427,0.0,1.3036707813945474,2.4356769702395358,0.0,5.966654082110039,-3.1935895788226722,19.201294115254804,135.2393350659096,154.44062918116438
7.407999999999406,9.81,3.93,1,1,0.01,0.01,-7.383664676397183,10.61426569011405,-2.466333321819906,0.03572086384814436,7.355420260934961,2.1367415366054843,0.0,-0.9803155355965161,2.542872501416805,0.0,1.3033251505741021,2.414609740657167,0.0,5.86898082699797,-3.1678785152178763,18.947177432425043,135.49332939605944,154.44050682848447
7.409999999999406,9.81,3.93,1,1,0.01,0.01,-7.38858258951749,10.614341300192256,-2.45155861168454,0.0398367550978024,7.418980584611321,1.9793632603027795,0.0,-0.9777092344354981,2.547680670850652,0.0,1.3029755939742613,2.393562674949684,0.0,5.772607718333249,-3.1424148819223143,18.695041520726225,135.74534439935394,154.44038592008016
7.411999999999406,9.81,3.93,1,1,0.01,0.01,-7.393470827328886,10.614424828147579,-2.4366586259586764,0.043639166952450924,7.480701750020014,1.8232629601678898,0.0,-0.9751036360502476,2.552446765815935,0.0,1.30262242785084,2.372535182729044,0.0,5.677523149601581,-3.117200976891892,18.44488985310159,135.99537660641946,154.44026645952104
7.4139999999994055,9.81,3.93,1,1,0.01,0.01,-7.398329142934999,10.614515649580493,-2.421637007711382,0.047130660302203524,7.5406189798218985,1.6684455097864115,0.0,-0.9724987473554418,2.5571708248768377,0.0,1.302265954341884,2.351526682623239,0.0,5.583715314524794,-3.092238929958193,18.196725863518587,136.2434225864201,154.4401484499387
7.415999999999405,9.81,3.93,1,1,0.01,0.01,-7.403157296655251,10.614613145222746,-2.4064973297169234,0.050313805399127456,7.59876734187906,1.5149153989649493,0.0,-0.9698945746752635,2.5618528854439613,0.0,1.3019064618584988,2.3305366024413834,0.0,5.491172216673613,-3.0675307071239364,17.950552946188683,136.48947894783848,154.44003189402716
7.417999999999405,9.81,3.93,1,1,0.01,0.01,-7.40795505588459,10.614716700955313,-2.39124309478983,0.05319118109837441,7.655181724010484,1.3626767424445765,0.0,-0.9672911237704733,2.566492983792835,0.0,1.3015442254724165,2.3095643793194123,0.0,5.399881678954162,-3.043078114821016,17.706374454839867,136.73354233920372,154.4399167940436
7.419999999999405,9.81,3.93,1,1,0.01,0.01,-7.412722194953951,10.614825707824869,-2.375877736169134,0.05576537411688033,7.709896810049767,1.211733288752125,0.0,-0.9646883998646977,2.5710911550827014,0.0,1.3011795072998193,2.288609459847067,0.0,5.309831352963464,-3.018882804126755,17.464193702040482,136.9756094497688,154.4398031518093
7.421999999999405,9.81,3.93,1,1,0.01,0.01,-7.417458494991528,10.614939562058774,-2.360404617949215,0.058038978309884616,7.762947057185783,1.0620884291639765,0.0,-0.9620864076699698,2.575647433375528,0.0,1.3008125568809583,2.267671300176966,0.0,5.221008728209819,-2.994946274934296,17.224013958573828,137.21567701013657,154.4396909687104
7.423999999999404,9.81,3.93,1,1,0.01,0.01,-7.422163743784948,10.615057665078654,-2.344827035554692,0.060014593965468016,7.81436667456591,0.9137452067573006,0.0,-0.9594851514114955,2.58016185165524,0.0,1.3004436115552502,2.2467493661164237,0.0,5.133401141194161,-2.971269880073687,16.98583845286214,137.45374179283795,154.43958024570009
7.425999999999404,9.81,3.93,1,1,0.01,0.01,-7.4268377356444475,10.615179423512563,-2.3291482162568697,0.061694827117261916,7.864189603139532,0.7667063255260036,0.0,-0.956884634851687,2.5846344418470935,0.0,1.3000728968313555,2.225843133202832,0.0,5.046995784349104,-2.9478548293800446,16.749670370439148,137.6898006128598,154.43947098329897
7.427999999999404,9.81,3.93,1,1,0.01,0.01,-7.431480271267112,10.615304249205815,-2.3133713197292725,0.06308228887543477,7.912449496718073,0.620974159538715,0.0,-0.9542848613134667,2.589065234837208,0.0,1.2997006267520432,2.204952086763307,0.0,4.96177971483262,-2.92470219370612,16.515512853470536,137.92385032812746,154.439363181598
7.429999999999404,9.81,3.93,1,1,0.01,0.01,-7.436091157602266,10.615431559230474,-2.2974994386398646,0.06417959477601907,7.959179704227129,0.47655076211777647,0.0,-0.9516858337028264,2.593454260492188,0.0,1.299327004253425,2.1840757219592617,0.0,4.877739863173505,-2.9018129088763143,16.28336900032015,138.1558878399394,154.43925684025953
7.4319999999994035,9.81,3.93,1,1,0.01,0.01,-7.440670207718083,10.615560775893574,-2.2815355992775967,0.0649893641486008,8.004413253124222,0.33343787501945066,0.0,-0.9490875545306948,2.5978015476788228,0.0,1.298952221518352,2.1632135438167297,0.0,4.794863041766523,-2.879187779579905,16.05324186516216,138.38591009335752,154.4391519585197
7.433999999999403,9.81,3.93,1,1,0.01,0.01,-7.445217240669482,10.615691326744086,-2.2654827622109703,0.06551421950235434,8.04818283395551,0.19163693759623257,0.0,-0.9464900259340915,2.602107124283837,0.0,1.298576460323713,2.14236506724305,0.0,4.713135953215,-2.856827483201308,15.825134457637077,138.61391407755346,154.43904853519052
7.435999999999403,9.81,3.93,1,1,0.01,0.01,-7.4497320813673715,10.615822644578685,-2.2493438229763756,0.06575678593036922,8.090520786023498,0.05114909592357364,0.0,-0.943893249696602,2.6063710172336587,0.0,1.298199892381407,2.121529817030658,0.0,4.632545198519234,-2.834732573585492,15.599049742551015,138.83989682611156,154.43894656866257
7.437999999999403,9.81,3.93,1,1,0.01,0.01,-7.4542145604492935,10.615954167446331,-2.2331216127940063,0.06571969053218085,8.131459084137267,-0.08802478812581338,0.0,-0.9412972272681672,2.610593252514179,0.0,1.29782267967281,2.1007073278486312,0.0,4.5530772851092465,-2.812903484736961,15.374990639616694,139.06385541729023,154.43884605690693
7.439999999999403,9.81,3.93,1,1,0.01,0.01,-7.458664514151531,10.616085338651722,-2.216818899309215,0.0654055618543838,8.171029326415901,-0.2258841278758119,0.0,-0.9387019597842151,2.6147738551904927,0.0,1.2974449747765786,2.079897144222672,0.0,4.474718634720679,-2.791340534450921,15.152960023235224,139.28578697424297,154.43874699747818
7.441999999999402,9.81,3.93,1,1,0.01,0.01,-7.463081784182717,10.616215606757645,-2.200438387357233,0.06481702934917748,8.209262723115486,-0.3624286029234476,0.0,-0.9361074480841508,2.618912849426577,0.0,1.297066921189631,2.059098820504203,0.0,4.3974555911130615,-2.7700439278754403,14.932960722317585,139.50568866519964,154.43864938751722
7.443999999999402,9.81,3.93,1,1,0.01,0.01,-7.467466217598998,10.61634442558626,-2.1839827197492387,0.06395672285066384,8.246190086449632,-0.4976581503122004,0.0,-0.9335136927292033,2.623010258504904,0.0,1.2966886536412014,2.0383119208291665,0.0,4.321274427629614,-2.7490137610036682,14.714995520144269,139.7235577036094,154.43855322375367
7.445999999999402,9.81,3.93,1,1,0.01,0.01,-7.471817666680791,10.616471254219348,-2.1674544780778158,0.06282727206869122,8.281841821373078,-0.6315729558146534,0.0,-0.9309206940196432,2.627066104845965,0.0,1.2963102983998844,2.0175360190671667,0.0,4.246161354598254,-2.7282500240953924,14.49906715426206,139.9393913482471,154.43845850250918
7.447999999999402,9.81,3.93,1,1,0.01,0.01,-7.476135988811162,10.616595556997584,-2.150856183539907,0.061431306100013836,8.316247917297707,-0.7641734453361737,0.0,-0.928328452011415,2.6310804100276717,0.0,1.295931973573553,1.9967706987616118,0.0,4.1721025265736715,-2.7077526050272445,14.285178316416983,140.1531869032833,154.4383652197003
7.4499999999994015,9.81,3.93,1,1,0.01,0.01,-7.480421046355874,10.616716803518825,-2.134190297775429,0.05977145295651319,8.349437940710324,-0.8954602764508968,0.0,-0.9257369665321603,2.6350531948046445,0.0,1.2955537894021494,1.9760155530613757,0.0,4.0990840494203695,-2.6875212925712835,14.073331652521967,140.36494171831987,154.43827337084184
7.451999999999401,9.81,3.93,1,1,0.01,0.01,-7.48467270654512,10.616834468635487,-2.117459223719776,0.05785033911020714,8.38144102866151,-1.025434330079789,0.0,-0.923146237196665,2.6389844791273394,0.0,1.295175848543252,1.9552701846445921,0.0,4.027091987236924,-2.6675557796015714,13.863529762657889,140.5746531883916,154.4381829510495
7.453999999999401,9.81,3.93,1,1,0.01,0.01,-7.488890841356981,10.616948032451022,-2.100665306468498,0.055670589054752855,8.412285883094581,-1.1540967023201008,0.0,-0.920556263421746,2.642874282161032,0.0,1.2947982463504637,1.934534205635141,0.0,3.956112369121888,-2.6478556662287795,13.655775201107339,140.78231875393644,154.43809395504377
7.455999999999401,9.81,3.93,1,1,0.01,0.01,-7.493075327402618,10.61705698031554,-2.083810834152511,0.053234824883132456,8.442000765984348,-1.2814486964345395,0.0,-0.9179670444405894,2.6467226223046145,0.0,1.294421071144555,1.9138072375123614,0.0,3.8861311957818905,-2.6284204628627204,13.450070476419427,140.9879359007336,154.43800637715302
7.457999999999401,9.81,3.93,1,1,0.01,0.01,-7.497226045813224,10.617160802820596,-2.0668980388222398,0.050545665881194184,8.470613495254973,-1.4074918150077207,0.0,-0.9153785793165473,2.6505295172092143,0.0,1.2940444044774178,1.893088911014505,0.0,3.817134445982652,-2.6092495932030797,13.246418051504671,141.19150215981216,154.43792021131682
7.4599999999994,9.81,3.93,1,1,0.01,0.01,-7.501342882128755,10.61725899579318,-2.0499290973391764,0.04760572813670769,8.498151441446911,-1.5322277522767087,0.0,-0.9127908669564203,2.6542949837966066,0.0,1.2936683213888265,1.8723788660364513,0.0,3.749108082843833,-2.5903423971585466,13.04482034375881,141.3930151073307,154.4378354510895
7.4619999999994,9.81,3.93,1,1,0.01,0.01,-7.50542572618845,10.61735106028895,-2.032906132273376,0.044417624163579,8.52464152510293,-1.6556583866416954,0.0,-0.9102039061232302,2.6580190382774247,0.0,1.2932928906560697,1.8516767515221686,0.0,3.6820380599787597,-2.5716981336947926,12.845279725214379,141.5924723644294,154.43775208964377
7.4639999999994,9.81,3.93,1,1,0.01,0.01,-7.509474472023145,10.61743650258471,-2.0158312128054887,0.04098396254085953,8.550110214843684,-1.7777857733621159,0.0,-0.9076176954485011,2.6617016961691435,0.0,1.2929181750364744,1.8309822253523838,0.0,3.6159103274801705,-2.5533159836117227,12.647798522718869,141.78987159705528,154.43767011977414
7.4659999999994,9.81,3.93,1,1,0.01,0.01,-7.513489017749406,10.6175148341702,-1.9987063556319764,0.03730734756617347,8.574583526103629,-1.8986121374428144,0.0,-0.9050322334440645,2.665342972313837,0.0,1.2925442315029079,1.8102949542279305,0.0,3.55071083775333,-2.5351950522506264,12.452379018138435,141.9852105157621,154.43758953390054
7.4679999999994,9.81,3.93,1,1,0.01,0.01,-7.517469265465461,10.617585571739196,-1.9815335258722175,0.03339037892317924,8.598087020498635,-2.0181398667144284,0.0,-0.902447518513396,2.6689428808957008,0.0,1.292171111472323,1.789614613549189,0.0,3.4864255511978723,-2.517334372131867,12.259023448585966,142.17848687548624,154.4375103240722
7.469999999999399,9.81,3.93,1,1,0.01,0.01,-7.521415121148957,10.617648237179962,-1.9643146379762717,0.029235651362673552,8.620645805796888,-2.136371505111012,0.0,-0.8998635489625068,2.6725014354583267,0.0,1.2917988610274191,1.7689408872920638,0.0,3.423040441739971,-2.4997329055238278,12.0677340066725,142.3696984752987,154.4374324819712
7.471999999999399,9.81,3.93,1,1,0.01,0.01,-7.525326494556527,10.61770235756507,-1.9470515566321214,0.02484575439694012,8.642284536465516,-2.253309746147952,0.0,-0.8972803230103928,2.676018648921723,0.0,1.2914275211315074,1.7482734678808707,0.0,3.3605415022163907,-2.4823895469439172,11.878512840780791,142.55884315813523,154.43735599891602
7.473999999999399,9.81,3.93,1,1,0.01,0.01,-7.529203299125174,10.617747465140638,-1.9297460976712677,0.020223272006940737,8.663027414765411,-2.3689574266021247,0.0,-0.8946978387990726,2.67949453359909,0.0,1.2910571278367133,1.7276120560585622,0.0,3.298914749612243,-2.4653031255925546,11.691362055360367,142.7459188105056,154.43728086586597
7.475999999999399,9.81,3.93,1,1,0.01,0.01,-7.53304545187546,10.617783097314978,-1.9124000289716094,0.015370782361942243,8.682898192368022,-2.483317520396052,0.0,-0.8921160944031927,2.6829291012133165,0.0,1.2906877124855582,1.7069563607545835,0.0,3.238146230154104,-2.448472407720932,11.506283711242206,142.93092336218197,154.4372070734242
7.4779999999993985,9.81,3.93,1,1,0.01,0.01,-7.536852873316498,10.617808796646704,-1.8950150713565903,0.010290857551170422,8.70192017246754,-2.596393132686913,0.0,-0.8895350878392704,2.686322362913226,0.0,1.2903193019060946,1.6863060989508272,0.0,3.1782220242606063,-2.431896098933639,11.323279825973298,143.11385478586885,154.43713461184214
7.479999999999398,9.81,3.93,1,1,0.01,0.01,-7.54062548735274,10.617824110832313,-1.8775928994896458,0.004986063327080107,8.720116212363505,-2.708187494161356,0.0,-0.8869548170745105,2.6896743292895398,0.0,1.2899519186006665,1.665660995545873,0.0,3.11912825135218,-2.4155728464270667,11.142352374168572,143.29471109685448,154.43706347102307
7.481999999999398,9.81,3.93,1,1,0.01,0.01,-7.544363221192546,10.617828592693266,-1.8601351427630364,-0.0005410411401697516,8.737508726488526,-2.8187039555357254,0.0,-0.8843752800352942,2.69298501039058,0.0,1.2895855809284509,1.6450207832179955,0.0,3.0608510745222866,-2.3995012411646934,10.963503287880808,143.4734903526454,154.4369936405262
7.483999999999398,9.81,3.93,1,1,0.01,0.01,-7.548066005258524,10.617821800162584,-1.8426433861801998,-0.006287903497447083,8.754119689857315,-2.927945982261815,0.0,-0.8817964746152752,2.6962544157376875,0.0,1.2892203032818785,1.624385202287102,0.0,3.0033767050719518,-2.3836798199902782,10.786734456986208,143.65019065258443,154.43692510957064
7.485999999999398,9.81,3.93,1,1,0.01,0.01,-7.551733773099632,10.617803296270992,-1.8251191712308046,-0.01225197843299383,8.769970641913238,-3.035917149437034,0.0,-0.8792183986831428,2.6994825543403613,0.0,1.288856096257073,1.6037540005759727,0.0,2.946691406909903,-2.3681070676800773,10.612047729585498,143.82481013745328,154.43685786703878
7.487999999999397,9.81,3.93,1,1,0.01,0.01,-7.555366461305016,10.617772649132615,-1.8075639967577304,-0.018430727890796996,8.785082690749451,-3.142621136917943,0.0,-0.8766410500900574,2.7026694347111375,0.0,1.2884929668184766,1.583126933271076,0.0,2.8907815008204905,-2.3527814189352685,10.439444912419724,143.99734698906153,154.43679190148126
7.489999999999397,9.81,3.93,1,1,0.01,0.01,-7.558964009419576,10.617729431930265,-1.7899793198152518,-0.024821621275388922,8.79947651768269,-3.2480617246356274,0.0,-0.8740644266767411,2.705815064880166,0.0,1.2881309184577283,1.5625037627831535,0.0,2.8356333686014974,-2.3377012603155896,10.268927771299056,144.167799429821,154.43672720112005
7.491999999999397,9.81,3.93,1,1,0.01,0.01,-7.562526359861241,10.617673222900317,-1.7723665565177391,-0.03142213564747826,8.813172382157758,-3.3522427881107535,0.0,-0.8714885262802866,2.708919452409526,0.0,1.287769951347009,1.54188425860793,0.0,2.7812334570743187,-2.322864932115501,10.10049803154491,144.33616572230824,154.43666375385314
7.493999999999397,9.81,3.93,1,1,0.01,0.01,-7.566053457839929,10.617603605317218,-1.7547270828782369,-0.03822975591080948,8.826190126962217,-3.455168294166417,0.0,-0.8689133467406245,2.7119826044072517,0.0,1.2874100624869333,1.52126819718704,0.0,2.7275682819685354,-2.30827073018391,9.93415737844326,144.5024441688146,154.43660154725785
7.4959999999993965,9.81,3.93,1,1,0.01,0.01,-7.569545251278171,10.617520167477608,-1.7370622356363203,-0.045241974990642975,8.8385491837307,-3.55684229683574,0.0,-0.8663388859067498,2.7150045275410903,0.0,1.2870512458491865,1.5006553617695648,0.0,2.6746244316835392,-2.2939169076887427,9.769907457709767,144.66663311088593,154.4365405685957
7.497999999999396,9.81,3.93,1,1,0.01,0.01,-7.573001690733388,10.617422502684118,-1.719373313074669,-0.05245629400424349,8.850268578719689,-3.6572689334618036,0.0,-0.8637651416426151,2.717985228051977,0.0,1.2866934925140001,1.4800455422741912,0.0,2.622388570929206,-2.2798016768274527,9.607749875964405,144.82873092885126,154.43648080481566
7.499999999999396,9.81,3.93,1,1,0.01,0.01,-7.576422729321781,10.617310209228814,-1.7016615758238367,-0.05987022242375748,8.861366938833543,-3.756452420986315,0.0,-0.8611921118328002,2.720924711767236,0.0,1.286336790802641,1.4594385351523746,0.0,2.5708474442483147,-2.265923210484695,9.44768620121622,144.98873604134263,154.43642224255885
7.501999999999396,9.81,3.93,1,1,0.01,0.01,-7.579808322643818,10.61718289037633,-1.683928247654734,-0.06748127823185426,8.871862497883885,-3.8543970524239386,0.0,-0.8586197943878929,2.723822984113512,0.0,1.285981126405055,1.4388341432525482,0.0,2.519987879422865,-2.2522796438383463,9.289717963356479,145.14664690480592,154.4363648681624
7.503999999999396,9.81,3.93,1,1,0.01,0.01,-7.583158428711305,10.617040154346705,-1.6661745162583717,-0.07528698807049809,8.881773103064583,-3.9511071935184288,0.0,-0.8560481872496265,2.7266800501294277,0.0,1.2856264825027959,1.4182321756856189,0.0,2.4697967907667993,-2.238869075915023,9.133846654659964,145.30246201300335,154.43630866766333
7.505999999999395,9.81,3.93,1,1,0.01,0.01,-7.586473007875986,10.616881614297911,-1.6484015340124545,-0.0832848873832113,8.89111622162562,-4.046587279576789,0.0,-0.8534772883957836,2.7294959144779773,0.0,1.2852728398874094,1.3976324476919062,0.0,2.420261182307538,-2.2256895710962983,8.980073730293732,145.4561798965093,154.43625362680302
7.507999999999395,9.81,3.93,1,1,0.01,0.01,-7.589752022759678,10.616706888308121,-1.6306104187344408,-0.09147252055118026,8.899908947729548,-4.1408418124773085,0.0,-0.8509070958448557,2.732270581458651,0.0,1.2849201770743859,1.3770347805096432,0.0,2.371368150858683,-2.2127391605767506,8.828400608832334,145.60779912219886,154.4361997310312
7.509999999999395,9.81,3.93,1,1,0.01,0.01,-7.5929954381858895,10.616515599357696,-1.6128022544207197,-0.09984744102354787,8.908168009474911,-4.2338753578472685,0.0,-0.8483376076604913,2.7350040550193055,0.0,1.2845684704128586,1.3564390012452179,0.0,2.323104888986376,-2.2000158437750343,8.678828672779321,145.75731829273076,154.4361469655101
7.511999999999395,9.81,3.93,1,1,0.01,0.01,-7.596203221112906,10.616307375310928,-1.5949780919715877,-0.10840721144222738,8.91590977607185,-4.3256925424058466,0.0,-0.8457688219557169,2.7376963387677633,0.0,1.2842176941911514,1.3358449427452443,0.0,2.27545868787165,-2.1875175896990577,8.531359269093858,145.90473604602448,154.43609531511834
7.5139999999993945,9.81,3.93,1,1,0.01,0.01,-7.599375340568309,10.616081848897531,-1.5771389499017332,-0.11714940376156355,8.923150265155332,-4.41629805146769,0.0,-0.8432007368969565,2.7403474359831783,0.0,1.2838678207383707,1.3152524434706143,0.0,2.228416940071242,-2.1752423382664903,8.385993709722404,146.05005105473322,154.43604476445563
7.515999999999394,9.81,3.93,1,1,0.01,0.01,-7.602511767584907,10.615838657693903,-1.5592858150359692,-0.12607159936315734,8.929905150222513,-4.505696626602285,0.0,-0.8406333507078538,2.74295734962713,0.0,1.2835188205221155,1.2946613473726312,0.0,2.1819671421792615,-2.1631880015815947,8.24273327213439,146.193262025712,154.43599529784638
7.517999999999394,9.81,3.93,1,1,0.01,0.01,-7.605612475138038,10.615577444104158,-1.541419643189977,-0.1351713891661616,8.936189768180935,-4.593893063444445,0.0,-0.8380666616729014,2.745526082354487,0.0,1.2831706622425045,1.2740715037713264,0.0,2.136096897392092,-2.1513524651695906,8.101579199861689,146.33436769948244,154.43594689934412
7.519999999999394,9.81,3.93,1,1,0.01,0.01,-7.608677438084214,10.615297855340948,-1.523541359835854,-0.14444637373334424,8.942019126995145,-4.680892209650832,0.0,-0.835500668140885,2.7480536365240273,0.0,1.2828233129226287,1.2534827672360505,0.0,2.090793917978932,-2.1397335891695843,7.9625327030411475,146.4733668496948,154.43589955273595
7.521999999999394,9.81,3.93,1,1,0.01,0.01,-7.611706633101095,10.614999543406068,-1.5056518607522804,-0.15389416337320666,8.947407913419811,-4.766698962997507,0.0,-0.8329353685281469,2.7505400142088123,0.0,1.2824767379955517,1.2328949974684218,0.0,2.046046027660324,-2.128329209487102,7.825594958959582,146.61025828258653,154.4358532415461
7.523999999999393,9.81,3.93,1,1,0.01,0.01,-7.614700038628731,10.614682165070867,-1.487752012659141,-0.16351237823843381,8.952370500807818,-4.85131826961333,0.0,-0.8303707613216863,2.752985217206341,0.0,1.282130901388026,1.2123080591877293,0.0,2.001841163897082,-2.1171371389073412,7.690767112601015,146.74504083643973,154.43580794904074
7.525999999999393,9.81,3.93,1,1,0.01,0.01,-7.6176576348120735,10.61434538185647,-1.4698426538364664,-0.1732986484209427,8.95692095698269,-4.934755122344097,0.0,-0.8278068450820815,2.755389247048476,0.0,1.281785765601036,1.1917218220188226,0.0,1.9581673800918888,-2.106155168170121,7.558050277195349,146.87771338103659,154.43576365823193
7.527999999999393,9.81,3.93,1,1,0.01,0.01,-7.6205794034446965,10.613988860013796,-1.451924594727573,-0.1832506140437851,8.961073052164853,-5.017014559241843,0.0,-0.8252436184462802,2.7577521050111358,0.0,1.2814412917872806,1.1711361603826247,0.0,1.9150128477060155,-2.095381067007521,7.427445534768338,147.00827481711343,154.43572035188177
7.529999999999393,9.81,3.93,1,1,0.01,0.01,-7.623465327913715,10.613612270503415,-1.4339986185263052,-0.1933659253501504,8.96484026694221,-5.098101662174486,0.0,-0.8226810801302025,2.7600737921237872,0.0,1.2810974398257629,1.1505509533892186,0.0,1.8723658582933003,-2.0848125851452544,7.298953936692006,147.1367240758147,154.4356780125067
7.5319999999993925,9.81,3.93,1,1,0.01,0.01,-7.62631539314586,10.61321528897522,-1.4160654817482998,-0.20364224278970286,8.968235800275528,-5.178021555549919,0.0,-0.8201192289312274,2.762354309178717,0.0,1.2807541683935764,1.1299660847336694,0.0,1.8302148254538564,-2.0744474532686854,7.172576504235544,147.26306011814637,154.4356366223819
7.533999999999392,9.81,3.93,1,1,0.01,0.01,-7.629129585554678,10.612797595747924,-1.398125914786212,-0.2140772371024773,8.971272577530083,-5.256779405149503,0.0,-0.8175580637305274,2.7645936567400997,0.0,1.280411435035025,1.1093814425945618,0.0,1.7885482867096836,-2.064283383954459,7.048314229115942,147.38728193442935,154.43559616354528
7.535999999999392,9.81,3.93,1,1,0.01,0.01,-7.63190789298883,10.612358875788408,-1.380180622448858,-0.2246685894005468,8.973963258525249,-5.33438041706547,0.0,-0.8149975834952611,2.766791835152863,0.0,1.2800691962281894,1.0887969195352962,0.0,1.7473549053044286,-2.054318072568641,6.926168074047993,147.50938854375383,154.4355566178018
7.537999999999392,9.81,3.93,1,1,0.01,0.01,-7.634650304681449,10.611898818690882,-1.3622302844842493,-0.23541399124766435,8.976320245594154,-5.410829836736771,0.0,-0.8124377872806462,2.768948844551365,0.0,1.279727407449072,1.0682124124082129,0.0,1.7066234719295923,-2.0445491981323096,6.806138973293549,147.62937899343422,154.43551796672776
7.539999999999392,9.81,3.93,1,1,0.01,0.01,-7.637356811200523,10.611417118655918,-1.3442755560865012,-0.24631114473707041,8.978355691646218,-5.486132948078057,0.0,-0.8098786742318959,2.7710646848678775,0.0,1.2793860232334164,1.0476278222615343,0.0,1.6663429063793231,-2.0349744241554135,6.688227833209315,147.74725235846574,154.43548019167505
7.541999999999391,9.81,3.93,1,1,0.01,0.01,-7.640027404400289,10.610913474469307,-1.326317068386621,-0.25735776256764664,8.980081508225592,-5.560295072696214,0.0,-0.8073202435860484,2.7731393558408852,0.0,1.2790449972363231,1.0270430542491953,0.0,1.626502259136056,-2.0255913994397963,6.5724355327931585,147.86300774098223,154.43544327377538
7.543999999999391,9.81,3.93,1,1,0.01,0.01,-7.642662077373578,10.610387589480771,-1.308355428927188,-0.26855156811858644,8.981509373559136,-5.633321569189356,0.0,-0.8047624946736606,2.7751728570232124,0.0,1.2787042822897758,1.0064580175435254,0.0,1.5870907128890686,-2.016397758852192,6.458762924228351,147.9766442697163,154.43540719394466
7.545999999999391,9.81,3.93,1,1,0.01,0.01,-7.645260824405102,10.609839171582538,-1.2903912221209521,-0.2798902955227406,8.982650740587863,-5.705217832522615,0.0,-0.8022054269204024,2.777165187789972,0.0,1.278363830458176,0.9858726252508564,0.0,1.5480975839881885,-2.007391124068002,6.347210833425581,148.0881610994614,154.43537193288697
7.547999999999391,9.81,3.93,1,1,0.01,0.01,-7.647823640925636,10.60926793318775,-1.2724250096933938,-0.29137168973878763,8.983516844976208,-5.775989293475583,0.0,-0.7996490398485425,2.7791163473463545,0.0,1.2780235930919959,0.9652867943300423,0.0,1.509512323834721,-1.9985691042866234,6.237780060562473,148.1975574105368,154.43533747109927
7.5499999999993905,9.81,3.93,1,1,0.01,0.01,-7.650350523467079,10.60867359120875,-1.2544573311092881,-0.302993506622366,8.984118713094112,-5.845641418156136,0.0,-0.7970933330783194,2.7810263347352486,0.0,1.2776835208796515,0.9447004455138923,0.0,1.4713245202116871,-1.989929296919113,6.130471380620129,148.3048324082551,154.43530378887522
7.55199999999939,9.81,3.93,1,1,0.01,0.01,-7.652841469618341,10.608055867035217,-1.2364887039833394,-0.31475351299629584,8.984467169966836,-5.914179707575362,0.0,-0.794538306329213,2.7828951488447218,0.0,1.277343563897705,0.9241135032335369,0.0,1.433523898555454,-1.981469288248902,6.025285543916646,148.40998532239317,154.43527086630982
7.55399999999939,9.81,3.93,1,1,0.01,0.01,-7.655296477982041,10.607414486512154,-1.2185196244749499,-0.3266494867200074,8.98457284718823,-5.981609697278312,0.0,-0.7919839594211238,2.7847227884153365,0.0,1.2770036716594695,0.9035258955457396,0.0,1.396100323170829,-1.9731866540662617,5.9222232766372365,148.51301540666628,154.4352386833035
7.55599999999939,9.81,3.93,1,1,0.01,0.01,-7.65771554813198,10.60674917991775,-1.2005505676672026,-0.33867921675828266,8.98444619079339,-6.047936957025661,0.0,-0.7894302922754517,2.7865092520473316,0.0,1.276663793162137,0.8829375540631351,0.0,1.359043798391609,-1.9650789602772345,5.821285281360714,148.61392193820566,154.43520721956637
7.55799999999939,9.81,3.93,1,1,0.01,0.01,-7.660098680571352,10.60605968194111,-1.1825819879301436,-0.350840503249407,8.984097469086867,-6.113167090521146,0.0,-0.7868773049160764,2.788254538207674,0.0,1.2763238769325205,0.8623484138873929,0.0,1.3223444696885849,-1.95714376348769,5.722472237582178,148.7127042170406,154.43517645462276
7.559999999999389,9.81,3.93,1,1,0.01,0.01,-7.6624458766916685,10.605345731659826,-1.1646143192684533,-0.36313115757281694,8.983536780423155,-6.177305735179606,0.0,-0.7843249974702649,2.7899586452369616,0.0,1.2759838710714688,0.8417584135453373,0.0,1.2859926247270466,-1.9493786115631098,5.62578480223159,148.80936156558334,154.43514636781492
7.561999999999389,9.81,3.93,1,1,0.01,0.01,-7.664757138732364,10.604607072517437,-1.1466479756536085,-0.375549002416321,8.982774060936336,-6.2403585619310835,0.0,-0.7817733701694688,2.791621571356221,0.0,1.275643723297098,0.8211674949279556,0.0,1.2499786943756435,-1.941781044164791,5.53122361018812,148.90389332811998,154.43511693830808
7.563999999999389,9.81,3.93,1,1,0.01,0.01,-7.667032469741048,10.60384345230074,-1.1286833513406378,-0.38809187184296057,8.98181909221623,-6.302331275055849,0.0,-0.7792224233500555,2.7932433146735747,0.0,1.2753033809868697,0.8005756032323479,0.0,1.2142932536686384,-1.9343485932629894,5.4387892747900155,148.99629887030414,154.43508814509417
7.565999999999389,9.81,3.93,1,1,0.01,0.01,-7.669271873534376,10.603054623116977,-1.1107208211695803,-0.4007576113575677,8.980681508928582,-6.363229612045752,0.0,-0.7766721574539418,2.7948238731907926,0.0,1.2749627912186312,0.7799826869065624,0.0,1.1789270227234026,-1.9270787836276186,5.348482388339754,149.08657757865623,154.435059966996
7.5679999999993885,9.81,3.93,1,1,0.01,0.01,-7.671475354659507,10.602240341370884,-1.0927607408517612,-0.41354407797306814,8.979370806377158,-6.423059343487242,0.0,-0.7741225730291559,2.7963632448097524,0.0,1.274621900810709,0.7593886975973362,0.0,1.1438708676150966,-1.919969133297071,5.26030352260453,149.17472886006755,154.43503238267206
7.569999999999388,9.81,3.93,1,1,0.01,0.01,-7.6736429183561246,10.601400367741604,-1.0748034472410042,-0.4264491402765682,8.977896348006002,-6.481826272961348,0.0,-0.7715736707303232,2.797861427338775,0.0,1.2742806563610907,0.7387935901007223,0.0,1.1091158012104083,-1.9130171540256222,5.174253229311624,149.26075214130873,154.43500537062036
7.571999999999388,9.81,3.93,1,1,0.01,0.01,-7.675774570518974,10.60053446715948,-1.056849258589899,-0.439470678495255,8.976267372840324,-6.539536236956485,0.0,-0.7690254513190523,2.7993184184988844,0.0,1.2739390042858263,0.7181973223155472,0.0,1.0746529839621444,-1.906220351710005,5.090332040638626,149.344646868544,154.43497890918263
7.573999999999388,9.81,3.93,1,1,0.01,0.01,-7.677870317660908,10.599642408782707,-1.03889847479125,-0.45260658456213126,8.97449300286466,-6.596195104789285,0.0,-0.7664779156642787,2.8007342159299657,0.0,1.2735968908566924,0.6975998551997727,0.0,1.0404737246666578,-1.8995762267955947,5.008540469698518,149.42641250685045,154.43495297654897
7.575999999999388,9.81,3.93,1,1,0.01,0.01,-7.679930166876395,10.598723965973848,-1.020951377604833,-0.46585476218159616,8.972582250337421,-6.651808778529501,0.0,-0.7639310647425086,2.802108817196841,0.0,1.2732542622381933,0.6770011527296529,0.0,1.0065694811857901,-1.8930822746626599,4.928879011019165,149.50604853974235,154.43492755076153
7.5779999999993874,9.81,3.93,1,1,0.01,0.01,-7.681954125805469,10.597778916276239,-1.0030082308695853,-0.47921312689487716,8.970544025041136,-6.706383192924795,0.0,-0.7613848996379946,2.8034422197952726,0.0,1.2729110645239987,0.6564011818617193,0.0,0.9729318611352269,-1.886735985993176,4.851348141017392,149.58355446870186,154.43490260971924
7.579999999999387,9.81,3.93,1,1,0.01,0.01,-7.683942202598087,10.596807041390235,-0.985069280701363,-0.4926796061453071,8.968387141467794,-6.759924315321151,0.0,-0.7588394215428449,2.804734421157884,0.0,1.272567243772848,0.6357999124975748,0.0,0.9395526225410478,-1.8805348471185463,4.7759483184673055,149.65892981271452,154.43487813118182
7.581999999999387,9.81,3.93,1,1,0.01,0.01,-7.685894405878867,10.595808127149352,-0.9671347556763887,-0.5062521393434349,8.966120325939189,-6.812438145575157,0.0,-0.7562946317570588,2.8059854186600153,0.0,1.2722227460440232,0.6151973174514711,0.0,0.9064236744662529,-1.8744763403486984,4.7026799849628915,149.73217410781083,154.43485409277372
7.583999999999387,9.81,3.93,1,1,0.01,0.01,-7.687810744712182,10.594781963496263,-0.9492048670005271,-0.5199286779319497,8.963752223662215,-6.863930715954291,0.0,-0.7537505316884836,2.8071952096255237,0.0,1.2718775174324461,0.5945933724206363,0.0,0.8735370776090117,-1.868557944282905,4.631543565374699,149.80328690661403,154.43483047198873
7.585999999999387,9.81,3.93,1,1,0.01,0.01,-7.689691228567581,10.59372834445867,-0.931279808664513,-0.5337071854503899,8.961291405719402,-6.9144080910213725,0.0,-0.7512071228527202,2.8083637913325177,0.0,1.2715315041034614,0.5739880559583838,0.0,0.8408850448744642,-1.8627771341026929,4.5625394683006055,149.87226777789326,154.43480724619386
7.587999999999386,9.81,3.93,1,1,0.01,0.01,-7.691535867285493,10.592647068125043,-0.9133597575852632,-0.5475856375996022,8.958746375995098,-6.963876367499671,0.0,-0.7486644068729353,2.8094911610190483,0.0,1.271184652327379,0.5533813494499138,0.0,0.8084599419217249,-1.8571313818471895,4.495668086510436,149.93911630612325,154.4347843926337
7.589999999999386,9.81,3.93,1,1,0.01,0.01,-7.693344671043218,10.591537936620236,-0.8954448737333995,-0.5615620223059098,8.956125578038188,-7.012341674115183,0.0,-0.7461223854796226,2.8105773158887475,0.0,1.270836908513826,0.5327732370908569,0.0,0.7762542876879261,-1.8516181566712102,4.430929797384471,150.00383209104973,154.4347618884342
7.591999999999386,9.81,3.93,1,1,0.01,0.01,-7.695117650321144,10.590400756080975,-0.8775353002471094,-0.5756343397849376,8.953437401861992,-7.059810171412508,0.0,-0.7435810605102919,2.811622253116431,0.0,1.270488219245986,0.512163705868509,0.0,0.7442607548909886,-1.8462349250864112,4.368324963345751,150.06641474726143,154.43473971060718
7.593999999999386,9.81,3.93,1,1,0.01,0.01,-7.696854815869191,10.589235336631209,-0.8596311635324684,-0.5898006026050416,8.950690190682705,-7.106288051541273,0.0,-0.7410404339090876,2.8126259698536664,0.0,1.2701385313147784,0.49155274554574324,0.0,0.7124721705128481,-1.8409791511857783,4.307853932286053,150.1268639037681,154.43471783605418
7.5959999999993855,9.81,3.93,1,1,0.01,0.01,-7.69855617867343,10.588041492357346,-0.8417325733503466,-0.6040588357502784,8.947892247597618,-7.151781538009879,0.0,-0.7385005077263371,2.813588463234311,0.0,1.2697877917530334,0.4709403486475857,0.0,0.6808815162648664,-1.835848296851712,4.249517037985511,150.18517920358516,154.43469624157066
7.597999999999385,9.81,3.93,1,1,0.01,0.01,-7.700221749922871,10.586819041283361,-0.8238396228900166,-0.6184070766828468,8.945051842204641,-7.19629688540336,0.0,-0.7359612841180276,2.8145097303800215,0.0,1.2694359478697232,0.4503265104504347,0.0,0.6494819290371384,-1.8308398219479514,4.193314600525754,150.24136030332417,154.43467490384992
7.599999999999385,9.81,3.93,1,1,0.01,0.01,-7.701851540976386,10.58556780534577,-0.8059523888295809,-0.6328433754049269,8.942177217164964,-7.23984037906267,0.0,-0.7334227653452305,2.81538976840575,0.0,1.2690829472843195,0.42971122897393965,0.0,0.6182667013334571,-1.825951184495583,4.139246926696686,150.29540687279035,154.43465379948702
7.601999999999385,9.81,3.93,1,1,0.01,0.01,-7.703445563329727,10.584287610368495,-0.7880709313833283,-0.6473657945198372,8.939276594710613,-7.282418334722411,0.0,-0.7308849537734402,2.816228574425228,0.0,1.2687287379613172,0.40909450497547784,0.0,0.5872292816935816,-1.821179840833325,4.087314310396629,150.34731859458665,154.4346329049833
7.603999999999385,9.81,3.93,1,1,0.01,0.01,-7.705003828582645,10.582978286037603,-0.7701952943361292,-0.6619724092924232,8.936358183099204,-7.324037098104309,0.0,-0.7283478518718445,2.8170261455564325,0.0,1.2683732682449835,0.3884763419472433,0.0,0.556363275104564,-1.816523245762267,4.0375170330258845,150.39709516372358,154.43461219674947
7.605999999999384,9.81,3.93,1,1,0.01,0.01,-7.706526348406047,10.581639665875917,-0.7523255050649716,-0.6766613077085856,8.933430183018116,-7.364703044463949,0.0,-0.7258114622125393,2.817782478927058,0.0,1.2680164868943995,0.36785674611595337,0.0,0.5256624434028766,-1.8119788526752656,3.9898553638737324,150.44473628723645,154.4345916511102
7.607999999999384,9.81,3.93,1,1,0.01,0.01,-7.708013134509199,10.580271587217519,-0.7344615745477383,-0.6914305905338548,8.93050079394053,-7.40442257808815,0.0,-0.7232757874696603,2.8184975716799894,0.0,1.2676583431188422,0.34723572644512873,0.0,0.4951207056690138,-1.8075441136711379,3.944329560498744,150.49024168380922,154.43457124430796
7.609999999999384,9.81,3.93,1,1,0.01,0.01,-7.7094641986069155,10.578873891182132,-0.7166034973593165,-0.7062783713709077,8.927578220436105,-7.443202131740678,0.0,-0.7207408304184442,2.819171420978776,0.0,1.2672987866135514,0.3266132946399547,0.0,0.4647321386163165,-1.8032164796537702,3.9009398691023405,150.53361108340422,154.43455095250656
7.611999999999384,9.81,3.93,1,1,0.01,0.01,-7.71087955238675,10.57744642264939,-0.6987512516551307,-0.721202776715922,8.924670678439082,-7.481048166054064,0.0,-0.7182065939342203,2.819804024013125,0.0,1.2669377675959534,0.30598946515472125,0.0,0.4344909769757606,-1.7989934004162935,3.859686524895674,150.57484422689953,154.4345307517952
7.6139999999993835,9.81,3.93,1,1,0.01,0.01,-7.712259207476122,10.575989030232995,-0.6809047991421783,-0.73620194601366,8.921786401476808,-7.5179671688652245,0.0,-0.715673080991334,2.820395378004406,0.0,1.2665752368423846,0.2853642552028403,0.0,0.4043916138784532,-1.7948723247104075,3.8205697524597304,150.61394086573236,154.4345106181921
7.615999999999383,9.81,3.93,1,1,0.01,0.01,-7.713603175409384,10.574501566254765,-0.6630640850376452,-0.7512740317111638,8.918933646862,-7.55396565449302,0.0,-0.7131402946619918,2.820945480211188,0.0,1.2662111457253737,0.2647376847694221,0.0,0.374428601237569,-1.7908507003009484,3.7835897660986557,150.65090076154988,154.43449052764853
7.617999999999383,9.81,3.93,1,1,0.01,0.01,-7.7149114675947885,10.57298388671858,-0.6452290380151712,-0.7664171993099477,8.916120701851964,-7.5890501629556155,0.0,-0.7106082381150264,2.8214543279347897,0.0,1.265845446251526,0.24410977662641364,0.0,0.3445966501314934,-1.786925974005754,3.74874677018619,150.68572368586595,154.43447045605214
7.619999999999383,9.81,3.93,1,1,0.01,0.01,-7.7161840952813385,10.57143585128422,-0.6273995701388255,-0.781629627416562,8.913355889778467,-7.623227259125952,0.0,-0.7080769146145874,2.8219219185248736,0.0,1.2654780911000765,0.2234805563503036,0.0,0.31489063118995225,-1.7830955917208933,3.716040959505327,150.71840941972545,154.43445037923078
7.621999999999383,9.81,3.93,1,1,0.01,0.01,-7.71742106952549,10.569857323241102,-0.6095755767848509,-0.7969095077914053,8.910647576151801,-7.656503531823352,0.0,-0.7055463275187732,2.8223482493850787,0.0,1.2651090336621664,0.20285005234242554,0.0,0.28530557498495945,-1.779356998431302,3.6854725195811433,150.74895775337512,154.43443027295626
7.623999999999382,9.81,3.93,1,1,0.01,0.01,-7.718622401157692,10.568248169481937,-0.5917569365512199,-0.8122550453956552,8.908004174743148,-7.688885592839894,0.0,-0.703016480278148,2.822733317978687,0.0,1.2647382280808768,0.18221829585178573,0.0,0.25583667242827457,-1.7757076382068073,3.657041627006622,150.77736848594105,154.4344101129477
7.625999999999382,9.81,3.93,1,1,0.01,0.01,-7.7197881007487235,10.566608260476267,-0.5739435111550468,-0.8276644584361834,8.905434153649024,-7.72038007589968,0.0,-0.7004873764342088,2.8230771218343453,0.0,1.2643656292920944,0.1615853210005164,0.0,0.2264792751773271,-1.7721449541835763,3.6307484497616582,150.80364142511326,154.4343898748749
7.627999999999382,9.81,3.93,1,1,0.01,0.01,-7.7209181785758245,10.564937470243942,-0.5561351453178841,-0.8431359784083231,8.902946041342268,-7.750993635549708,0.0,-0.6979590196177504,2.823379658551842,0.0,1.2639911930662637,0.14095116481189437,0.0,0.19722889605134905,-1.7686663885309701,3.6065931475251363,150.82777638683717,154.4343695343623
7.629999999999382,9.81,3.93,1,1,0.01,0.01,-7.7220126445885775,10.563235676328501,-0.5383316666389263,-0.8586678501363472,8.900548432713787,-7.7807329459808585,0.0,-0.6954314135471646,2.823640925807936,0.0,1.2636148760510653,0.12031586724099186,0.0,0.16808120945965688,-1.7652693824037515,3.58457587198005,150.8497731950118,154.43434906699184
7.6319999999993815,9.81,3.93,1,1,0.01,0.01,-7.723071508374525,10.561502759770471,-0.520532885456137,-0.8742583318115178,8.898249995109659,-7.809604699777735,0.0,-0.692904562026631,2.823860921362256,0.0,1.2632366358150908,0.09967947120791538,0.0,0.13903205184388562,-1.7619513758796188,3.5646967671116494,150.86963168119502,154.43432844830667
7.633999999999381,9.81,3.93,1,1,0.01,0.01,-7.724094779124501,10.559738605080602,-0.5027385946953015,-0.8899056950275636,8.896059474368386,-7.837615606596042,0.0,-0.6903784689442369,2.824039643063264,0.0,1.2628564308925627,0.07904202263370924,0.0,0.11007742213616724,-1.7587098078819832,3.546955969498641,150.8873516843156,154.43430765381424
7.635999999999381,9.81,3.93,1,1,0.01,0.01,-7.7250824655976436,10.557943100213024,-0.4849485697070011,-0.9056082248134378,8.893985700863004,-7.864772391766403,0.0,-0.6878531382700004,2.824177088854296,0.0,1.2624742208291648,0.05840357047890868,0.0,0.0812134822351418,-1.7555421160879292,3.531353608597368,150.90293305039222,154.43428665898958
7.637999999999381,9.81,3.93,1,1,0.01,0.01,-7.726034576086072,10.556116136538348,-0.4671625680914943,-0.9213642196632105,8.892037595553319,-7.891081794823488,0.0,-0.6853285740537947,2.8242732567796835,0.0,1.2620899662290346,0.037764166784772006,0.0,0.05243655750177344,-1.7524457368212423,3.517889807019011,150.9163756322596,154.4342654392786
7.639999999999381,9.81,3.93,1,1,0.01,0.01,-7.7269511183791995,10.554257608816714,-0.4493803295114784,-0.9371719915629416,8.89022417605327,-7.916550567959376,0.0,-0.6828047804231943,2.8243281449909547,0.0,1.261703628802979,0.017123866717242173,0.0,0.023743137277000198,-1.749418104930393,3.5065646807997224,150.92767928930118,154.4342439701009
7.64199999999938,9.81,3.93,1,1,0.01,0.01,-7.727832099727664,10.552367415170773,-0.4316015754926974,-0.9530298660143867,8.888554562719026,-7.941185474400349,0.0,-0.6802817615812007,2.8243417517531335,0.0,1.261315171417976,-0.0035172713863747445,0.0,-0.004870124576814486,-1.7464566536513444,3.497378339663729,150.93684388718935,154.43422222685308
7.64399999999938,9.81,3.93,1,1,0.01,0.01,-7.72867752680684,10.550445457058641,-0.4138260092123483,-0.9689361820553766,8.887037984763156,-7.964993286705919,0.0,-0.6777595218038852,2.824314075451129,0.0,1.2609245581480273,-0.024159185967936047,0.0,-0.033406409108504787,-1.7435588144550491,3.4903308872793724,150.94386929763212,154.4342001849115
7.64599999999938,9.81,3.93,1,1,0.01,0.01,-7.729487405679926,10.548491639246809,-0.39605331527522786,-0.9848892922767181,8.8856837864008,-7.987980784989513,0.0,-0.675238065437926,2.8242451145962315,0.0,1.2605317543264214,-0.04480181219617475,0.0,-0.06186873168272776,-1.7407220168794457,3.4854224215080505,150.94875539812728,154.43417781963532
7.64799999999938,9.81,3.93,1,1,0.01,0.01,-7.730261741760558,10.54650586978302,-0.3782831594775505,-1.0008875628354565,8.884501433033652,-8.010154755059897,0.0,-0.6727173968980267,2.824134867832711,0.0,1.2601367265994692,-0.06544508191157465,0.0,-0.09025994135447957,-1.737943688345783,3.4826530346460274,150.95150207172327,154.4341551063693
7.6499999999993795,9.81,3.93,1,1,0.01,0.01,-7.7310005397749535,10.544488059969131,-0.3605151885583551,-1.0169293734643408,8.883500517477804,-8.031521986482442,0.0,-0.670197520664245,2.8239833339445335,0.0,1.2597394429817927,-0.08608892356832017,0.0,-0.11858272021126721,-1.7352212539590754,3.482022813659124,150.95210920678727,154.43413202044638
7.651999999999379,9.81,3.93,1,1,0.01,0.01,-7.731703803723531,10.542438124333952,-0.34274902993840733,-1.0330131174773314,8.882690766241845,-8.052089270559733,0.0,-0.6676784412791936,2.8237905118621898,0.0,1.2593398729132184,-0.10673326217331282,0.0,-0.14683958268077404,-1.732552136292457,3.4835318404102056,150.9505766967804,154.43410853719058
7.653999999999379,9.81,3.93,1,1,0.01,0.01,-7.732371536842006,10.54035598060608,-0.32498429144648977,-1.0491372017709868,8.882082045861495,-8.071863398230635,0.0,-0.6651601633451357,2.8235564006696605,0.0,1.2589379873173696,-0.127378019222175,0.0,-0.17503287480172025,-1.7299337551552187,3.4871801918795304,150.94690444003993,154.43408463191946
7.655999999999379,9.81,3.93,1,1,0.01,0.01,-7.733003741561924,10.538241549686742,-0.3072205610329611,-1.0653000468215674,8.881684369297549,-8.090851157887297,0.0,-0.6626426915209531,2.8232809996115,0.0,1.2585337586620002,-0.1480231126321995,0.0,-0.20316477345563128,-1.7273635273442371,3.492967940377766,150.94109233956883,154.43406027994658
7.657999999999379,9.81,3.93,1,1,0.01,0.01,-7.733600419470602,10.536094755622635,-0.2894574064704502,-1.08150008667769,8.881507902403866,-8.109059333109307,0.0,-0.6601260305189953,2.8229643081000626,0.0,1.2581271610211766,-0.16866845667217117,0.0,-0.23123728555714074,-1.7248388663785577,3.500895153751795,150.93314030283224,154.43403545658404
7.659999999999378,9.81,3.93,1,1,0.01,0.01,-7.734161571270468,10.533915525578799,-0.2716943750415387,-1.0977357689483676,8.881562970472421,-8.126494700314439,0.0,-0.6576101851018112,2.8226063257228757,0.0,1.2577181701393698,-0.1893139618889845,0.0,-0.25925224720040535,-1.7223571822168178,3.5109618955832116,150.9230482415615,154.43401013714472
7.661999999999378,9.81,3.93,1,1,0.01,0.01,-7.7346871967377515,10.531703789811505,-0.25393099321326995,-1.1140055547862657,8.881860064862634,-8.143164026325435,0.0,-0.6550951600787325,2.822207052250156,0.0,1.2573067634975388,-0.2099595350310242,0.0,-0.28721132275922384,-1.7199158809571935,3.523168225379392,150.91081607156508,154.43398429694446
7.663999999999378,9.81,3.93,1,1,0.01,0.01,-7.735177294680523,10.529459481641199,-0.23616676629830932,-1.1303079188660101,8.882409849722317,-8.159074065852085,0.0,-0.65258096030234,2.82176648764249,0.0,1.2568929203812966,-0.2306050789681777,0.0,-0.31511600393826616,-1.7175123645195463,3.537514198757224,150.8964437125473,154.43395791130453
7.665999999999378,9.81,3.93,1,1,0.01,0.01,-7.735631862896028,10.527182537425473,-0.2184011781025644,-1.1466413493573708,8.883223168807936,-8.174231558888069,0.0,-0.6500675906647809,2.8212846320586715,0.0,1.2564766219512404,-0.2512504926084443,0.0,-0.3429676087729029,-1.7151440303094094,3.5539998676193143,150.87993108793398,154.4339309555533
7.6679999999993775,9.81,3.93,1,1,0.01,0.01,-7.736050898127315,10.524872896532111,-0.20063369055905905,-1.1630043478931558,8.884311052411919,-8.188643228021961,0.0,-0.64755505609395,2.8207614858637093,0.0,1.2560578513155356,-0.27189567081101695,0.0,-0.37076728057494596,-1.7128082708634322,3.5726252803226846,150.86127812470568,154.43390340502836
7.669999999999377,9.81,3.93,1,1,0.01,0.01,-7.736434396019111,10.522530501312202,-0.18286374334783906,-1.1793954295316398,8.885684724404973,-8.202315775661733,0.0,-0.6450433615495152,2.8201970496370192,0.0,1.2556365936048528,-0.2925405042957794,0.0,-0.39851598682165235,-1.7105024734758938,3.593390481839881,150.8404847532385,154.4338752350784
7.671999999999377,9.81,3.93,1,1,0.01,0.01,-7.73678235107292,10.520155297073325,-0.1650907535016714,-1.1958131227133548,8.887355609401734,-8.215255881172116,0.0,-0.6425325120187981,2.8195913241807955,0.0,1.2552128360497534,-0.3131848795490828,0.0,-0.4262145179851742,-1.7082240198058625,3.616295513912415,150.81755090715262,154.43384642106503
7.673999999999377,9.81,3.93,1,1,0.01,0.01,-7.737094756601327,10.517747232052837,-0.14731411499728173,-1.2122559692120685,8.889335340058128,-8.227470197924134,0.0,-0.6400225125124982,2.8189443105285705,0.0,1.254786568060615,-0.333828678725716,0.0,-0.45386348629964723,-1.705970285464541,3.6413404151964244,150.79247652316786,154.4338169383643
7.675999999999377,9.81,3.93,1,1,0.01,0.01,-7.737371604681463,10.515306257391261,-0.12953319833185842,-1.228722524079772,8.891635764509095,-8.238965350256235,0.0,-0.6375133680602418,2.8182560099539886,0.0,1.2543577813102211,-0.3544717795469694,0.0,-0.48146332446303164,-1.7037386395823588,3.6685252214005737,150.7652615409679,154.4337867623685
7.677999999999376,9.81,3.93,1,1,0.01,0.01,-7.737612886107607,10.512832327105787,-0.11174735008453321,-1.2452113555855018,8.894268953955617,-8.249747930346022,0.0,-0.6350050837059817,2.817526423979766,0.0,1.2539264698191053,-0.3751140551946366,0.0,-0.5090142842706716,-1.701526444355284,3.6978499654159465,150.7359059030712,154.43375586848714
7.679999999999376,9.81,3.93,1,1,0.01,0.01,-7.737818590342905,10.510325398063907,-0.09395589246253111,-1.2617210451478158,8.897247210410088,-8.259824494992145,0.0,-0.6324976645032114,2.8167555543868907,0.0,1.2534926300437785,-0.3957553742008679,0.0,-0.5365164351775765,-1.699331054569866,3.72931467743798,150.70440955471088,154.43372423214885
7.681999999999376,9.81,3.93,1,1,0.01,0.01,-7.737988705470153,10.507785429957185,-0.07615812283166334,-1.2782501872607401,8.90058307460947,-8.26920156230524,0.0,-0.6299911155100004,2.8159434032240287,0.0,1.2530562609679485,-0.41639560033372264,0.0,-0.5639696627862577,-1.6971498171064383,3.7629193850802363,150.67077244372194,154.43369182880218
7.683999999999376,9.81,3.93,1,1,0.01,0.01,-7.738123218141634,10.50521238527519,-0.05835331323081823,-1.2947973894130094,8.904289334105755,-8.277885608307216,0.0,-0.6274854417838442,2.8150899728171734,0.0,1.252617364196857,-0.43703459247829013,0.0,-0.5913736672569189,-1.6949800704199145,3.798664113479935,150.6349945204371,154.43365863391702
7.6859999999993756,9.81,3.93,1,1,0.01,0.01,-7.738222113527967,10.502606229279593,-0.040540709870085664,-1.31136127200041,8.908379031543655,-8.285883063437808,0.0,-0.6249806483763327,2.814195265779531,0.0,1.2521759440548685,-0.45767220451320717,0.0,-0.6187279616366648,-1.6928191439975853,3.836548885395073,150.59707573759016,154.43362462298523
7.687999999999375,9.81,3.93,1,1,0.01,0.01,-7.73828537526593,10.49996692997844,-0.02271953261213064,-1.3279404682310454,8.912865473135565,-8.293200308967561,0.0,-0.6224767403276048,2.8132592850216667,0.0,1.2517320076864402,-0.47830828518245877,0.0,-0.646031870104395,-1.6906643577932658,3.876573721293084,150.55701605022892,154.433589771522
7.689999999999375,9.81,3.93,1,1,0.01,0.01,-7.7383129854052335,10.497294458100637,-0.004888974436410912,-1.3445336240233319,8.91776223734417,-8.29984367331597,0.0,-0.6199737226605997,2.8122820337618992,0.0,1.2512855651606103,-0.49894267796227354,0.0,-0.6732845261278663,-1.6885130216371318,3.918738639430795,150.5148154156353,154.43355405506608
7.691999999999375,9.81,3.93,1,1,0.01,0.01,-7.738304924354205,10.494588787070631,0.012951799114187076,-1.361139397896534,8.923083183783426,-8.305819428273711,0.0,-0.6174716003751132,2.8112635155369783,0.0,1.250836629579162,-0.519575220922915,0.0,-0.7004848705293135,-1.68636243462056,3.963043655925553,150.47047379325522,154.43351744918078
7.693999999999375,9.81,3.93,1,1,0.01,0.01,-7.738261170824346,10.491849892983328,0.030803650504741403,-1.3777564608536494,8.928842462348562,-8.311133785127668,0.0,-0.6149703784416107,2.8102037342130366,0.0,1.2503852171886047,-0.5402057465852489,0.0,-0.7276316494560381,-1.6842098844552256,4.009488784817397,150.42399114463674,154.43347992945414
7.6959999999993745,9.81,3.93,1,1,0.01,0.01,-7.7381817017737315,10.489077754579249,0.04866747079818657,-1.3943834962564439,8.935054522586622,-8.315792890687508,0.0,-0.6124700617948262,2.8091026939968406,0.0,1.2499313474961309,-0.5608340817718421,0.0,-0.754723412252114,-1.6820526468056844,4.058074038121997,150.37536743337773,154.43344147149972
7.697999999999374,9.81,3.93,1,1,0.01,0.01,-7.738066492349204,10.48627235321994,0.06654418026419624,-1.4110191996924402,8.941734123318737,-8.319802823212093,0.0,-0.609970655327122,2.807960399447335,0.0,1.249475043389728,-0.5814600474524124,0.0,-0.7817585092273622,-1.6798879845946582,4.108799425874254,150.32460262508218,154.43340205095643
7.699999999999374,9.81,3.93,1,1,0.01,0.01,-7.73791551582734,10.483433672863663,0.08443472900757214,-1.4276622788336586,8.948896342526018,-8.323169588234475,0.0,-0.6074721638816014,2.806776855487514,0.0,1.2490163312626053,-0.6020834585834224,0.0,-0.8087350893196087,-1.6777131472801525,4.161664956162308,150.2716966873265,154.4333616434888
7.701999999999374,9.81,3.93,1,1,0.01,0.01,-7.737728743554133,10.48056170004138,0.10234009761667832,-1.4443114532869048,8.956556587511031,-8.325899114283507,0.0,-0.6049745922449683,2.8055520674166052,0.0,1.2485552411421184,-0.6227041239415879,0.0,-0.8356510976461172,-1.6755253701035304,4.216670635151701,150.21664958963518,154.43332022478688
7.703999999999374,9.81,3.93,1,1,0.01,0.01,-7.737506144883358,10.477656423833029,0.12026129783248438,-1.4609654544353952,8.964730605347372,-8.32799724850049,0.0,-0.6024779451401372,2.804286040922611,0.0,1.2480918068233962,-0.6433218459510491,0.0,-0.8625042729399574,-1.6733218733076283,4.273816467099503,150.15946130346657,154.43327777056606
7.705999999999373,9.81,3.93,1,1,0.01,0.01,-7.7372476871135865,10.47471783584415,0.13819937323880604,-1.47762302527151,8.973434493629727,-8.329469752148757,0.0,-0.5999822272185408,2.8029787820951833,0.0,1.2476260660078347,-0.6639364205040238,0.0,-0.8892921448670608,-1.6710998613238996,4.333102454358127,150.10013180220875,154.4332342565669
7.707999999999373,9.81,3.93,1,1,0.01,0.01,-7.736953335423783,10.471745930182832,0.15615539997435776,-1.494282920220456,8.98268471153774,-8.33032229601417,0.0,-0.5974874430521915,2.8016302974388774,0.0,1.2471580604467127,-0.6845476367745857,0.0,-0.9160120312193774,-1.668856521927628,4.394528597368523,150.03866106118568,154.4331896585542
7.709999999999373,9.81,3.93,1,1,0.01,0.01,-7.736623052807472,10.468740703437037,0.17413048746725718,-1.5109439049546198,8.992498091226622,-8.330560455694279,0.0,-0.5949935971254332,2.8002405938867776,0.0,1.2466878360900977,-0.7051552770253817,0.0,-0.9426610349796604,-1.666589025360075,4.458094894642467,149.97504905767425,154.43314395231673
7.711999999999373,9.81,3.93,1,1,0.01,0.01,-7.736256800005403,10.465702154652293,0.19212577919264945,-1.5276047561983863,9.002891849558422,-8.330189706773904,0.0,-0.5925006938263745,2.798809678814523,0.0,1.246215443241291,-0.7257591164069926,0.0,-0.9692360412531557,-1.664294523416472,4.52380134273371,149.90929577093277,154.4330971136665
7.7139999999993725,9.81,3.93,1,1,0.01,0.01,-7.735854535436679,10.462630285309801,0.21014245345414598,-1.5442642615231914,9.013883600187741,-8.329215419884326,0.0,-0.5900087374380378,2.797337560054731,0.0,1.2457409367170507,-0.7463589227495806,0.0,-0.9957337140612714,-1.661970148498681,4.591647936197468,149.84140118223982,154.43304911843728
7.715999999999372,9.81,3.93,1,1,0.01,0.01,-7.735416215128296,10.45952509930495,0.2281817241898011,-1.560921219132576,9.025491366016192,-8.32764285564365,0.0,-0.5875177321291694,2.7958242459118665,0.0,1.2452643760138415,-0.7669544563465729,0.0,-1.0221504929923297,-1.6596130126312965,4.661634667538114,149.7713652749461,154.43299994248423
7.717999999999372,9.81,3.93,1,1,0.01,0.01,-7.734941792643052,10.456386602926273,0.2462448418033785,-1.5775744376369991,9.0377335920303,-8.32547715947536,0.0,-0.5850276819446889,2.7942697451775222,0.0,1.2447858254803297,-0.7875454697300631,0.0,-1.0484825897042875,-1.6572202064398267,4.733761527144499,149.69918803453737,154.43294956168188
7.719999999999372,9.81,3.93,1,1,0.01,0.01,-7.7344312190057565,10.453214804834873,0.26433309402168925,-1.5942227358181624,9.050629158537728,-8.322723356301914,0.0,-0.5825385907958341,2.7926740671461876,0.0,1.2443053544964682,-0.808131707437495,0.0,-1.0747259842740466,-1.6547887980897171,4.8080285032125945,149.6248694487105,154.4328979519231
7.721999999999372,9.81,3.93,1,1,0.01,0.01,-7.733884442627709,10.450009716044326,0.28244780677881337,-1.610864942382597,9.064197394817159,-8.319386345110296,0.0,-0.5800504624498883,2.791037221631467,0.0,1.2438230376593704,-0.8287129057694058,0.0,-1.100876421388113,-1.6523158321846556,4.88443558165504,149.54840950746222,154.43284508911728
7.723999999999371,9.81,3.93,1,1,0.01,0.01,-7.7333014092293775,10.446771349901077,0.30059034512804794,-1.6274998957042475,9.078458093197522,-8.315470893386003,0.0,-0.5775633005195722,2.789359218982816,0.0,1.243338954976332,-0.8492887925377195,0.0,-1.1269294063688722,-1.6497983286227604,4.962982745997027,149.46980820319172,154.43279094918876
7.725999999999371,9.81,3.93,1,1,0.01,0.01,-7.73268206176122,10.443499722065384,0.31876211418245604,-1.6441264435557918,9.093431523582515,-8.310981631411742,0.0,-0.5750771084520151,2.787640070102765,0.0,1.2428531920652706,-0.8698590868042897,0.0,-1.1528802010308858,-1.6472332814090243,5.043669977258131,149.38906553081625,154.4327355080744
7.727999999999371,9.81,3.93,1,1,0.01,0.01,-7.732026340322604,10.440194850492793,0.33696456008492376,-1.6607434428284182,9.109138448436795,-8.305923046427157,0.0,-0.5725918895173326,2.785879786464701,0.0,1.2423658403629259,-0.8904234986092219,0.0,-1.1787238193612584,-1.64461765742239,5.126497253819522,149.3061814879023,154.43267874172182
7.729999999999371,9.81,3.93,1,1,0.01,0.01,-7.731334182078752,10.436856755416189,0.35519917100866527,-1.6773497592397801,9.125600138250542,-8.300299476645321,0.0,-0.5701076467967657,2.7840783801311826,0.0,1.2418769973411443,-0.9109817286885824,0.0,-1.2044550230180928,-1.641948395135705,5.2114645512760465,149.2211560748107,154.43262062608673
7.7319999999993705,9.81,3.93,1,1,0.01,0.01,-7.730605521175649,10.433485459328448,0.3734674781891491,-1.6939442670298381,9.142838387499397,-8.29411510512189,0.0,-0.5676243831703996,2.782235863772848,0.0,1.2413867667316105,-0.931533468180984,0.0,-1.2300683166407607,-1.6392224032867446,5.298571842272452,149.13398929485805,154.4325611371305
7.73399999999937,9.81,3.93,1,1,0.01,0.01,-7.729840288652865,10.43008098696571,0.3917710569884547,-1.710525848644287,9.160875531117197,-8.287373953472233,0.0,-0.5651421013043999,2.7803522506879057,0.0,1.2408952587593864,-0.952078398322641,0.0,-1.2555579429657089,-1.6364365594983858,5.387819096323339,149.04468115449404,154.43250025081738
7.73599999999937,9.81,3.93,1,1,0.01,0.01,-7.729038412354208,10.426643365291286,0.4101115279931016,-1.727093394405263,9.179734461499207,-8.280079875431861,0.0,-0.5626608036377911,2.7784275548222546,0.0,1.240402590385648,-0.9726161901303235,0.0,-1.2809178777411712,-1.633587708845912,5.479206279615991,148.95323166349522,154.4324379431112
7.73799999999937,9.81,3.93,1,1,0.01,0.01,-7.7281998168361445,10.423172623480255,0.42849055814643017,-1.7436458021690109,9.199438646053816,-8.272236550255197,0.0,-0.5601804923687341,2.7764617907902585,0.0,1.239908885560028,-0.9931465040717364,0.0,-1.3061418244341392,-1.6306726623693542,5.572733354795465,148.85964083517717,154.43237418997265
7.73999999999937,9.81,3.93,1,1,0.01,0.01,-7.72732442327393,10.419668792904742,0.44690986191665055,-1.7601819769701808,9.220012145321165,-8.263847475947294,0.0,-0.557701169440284,2.7744549738961743,0.0,1.2394142754829696,-1.0136689897227529,0.0,-1.3312232087226792,-1.6276881955286067,5.668400280731191,148.76390868662435,154.43230896735554
7.741999999999369,9.81,3.93,1,1,0.01,0.01,-7.726412149365357,10.416131907119931,0.46537120250171016,-1.7767008306524195,9.241479631677281,-8.254915962323185,0.0,-0.5552228365256247,2.7724071201562976,0.0,1.2389188988785567,-1.034183285410914,0.0,-1.3561551727665124,-1.62463104659902,5.76620701226423,148.66603523893903,154.43224225120326
7.743999999999369,9.81,3.93,1,1,0.01,0.01,-7.725462909232061,10.41256200185083,0.48387639307217123,-1.793201281484901,9.263866408642667,-8.24544512388897,0.0,-0.5527454950127285,2.770318246321821,0.0,1.238422902278252,-1.054689017844634,0.0,-1.3809305692486784,-1.6214979150049635,5.8661534999344305,148.56602051751025,154.43217401744468
7.745999999999369,9.81,3.93,1,1,0.01,0.01,-7.724476613318295,10.408959114979812,0.502427298053326,-1.809682253764438,9.287198430814602,-8.235437872538686,0.0,-0.5502691459884637,2.7681883699024628,0.0,1.2379264403160648,-1.0751858017274067,0.0,-1.405541955180766,-1.6182854595888174,5.968239689686486,148.46386455230393,154.43210424199043
7.747999999999369,9.81,3.93,1,1,0.01,0.01,-7.723453168287112,10.405323286534971,0.521025834447816,-1.8261426774027956,9.311502324442515,-8.22489691006065,0.0,-0.5477937902220722,2.7660175091908705,0.0,1.237429676035612,-1.0956732393564301,0.0,-1.429981585464216,-1.6149902968126106,6.072465522554068,148.35956737817406,154.43203290072813
7.7499999999993685,9.81,3.93,1,1,0.01,0.01,-7.722392476913848,10.401654558679319,0.5396739732000623,-1.8425814874988238,9.336805408666313,-8.213824720446796,0.0,-0.5453194281480345,2.763805683287849,0.0,1.2369327812096258,-1.1161509202048954,0.0,-1.4542414061998419,-1.611608998889466,6.178830934320887,148.2531290351971,154.431959969518
7.751999999999368,9.81,3.93,1,1,0.01,0.01,-7.721294437976837,10.397952975700852,0.5583737406038505,-1.8589976238950046,9.363135717437238,-8.20222356199799,0.0,-0.5428460598482858,2.761552912128444,0.0,1.2364359366724622,-1.1366184204872245,0.0,-1.4783130477376285,-1.6081380918418275,6.287335855157751,148.1445495690303,154.43188542418804
7.753999999999368,9.81,3.93,1,1,0.01,0.01,-7.720158946145272,10.394218584003516,0.5771272197544584,-1.8753900307180003,9.390522022141603,-8.190095459218416,0.0,-0.5403736850337514,2.759259216508903,0.0,1.2359393326661732,-1.1570753027065,0.0,-1.5021878174586845,-1.6045740534832624,6.397980209234342,148.03382903129426,154.4318092405286
7.755999999999368,9.81,3.93,1,1,0.01,0.01,-7.718985891864108,10.390451432099118,0.5959365520467492,-1.8917576559027736,9.41899385494733,-8.177442194491618,0.0,-0.5379023030251566,2.756924618114571,0.0,1.2354431692007495,-1.1775211151833027,0.0,-1.5258566922810577,-1.6009133113204774,6.510763914304718,147.92096747998244,154.43173139428717
7.757999999999368,9.81,3.93,1,1,0.01,0.01,-7.717775161235927,10.386651570600193,0.6148039387206986,-1.908099450699835,9.448581532893638,-8.164265299530353,0.0,-0.5354319127331432,2.7545491395487405,0.0,1.2349476564291908,-1.1979553915650452,0.0,-1.5493103108808453,-1.5971522403720437,6.625686881264986,147.80596497989765,154.43165186116263
7.759999999999367,9.81,3.93,1,1,0.01,0.01,-7.716526635899664,10.382819052213886,0.63373164245586,-1.924414369165157,9.479316182744052,-8.150566046592559,0.0,-0.5329625126375752,2.7521328043625077,0.0,1.2344530150380204,-1.2183776503150225,0.0,-1.5725389656200768,-1.5932871609000316,6.74274901368208,147.68882160311728,154.43157061679935
7.761999999999367,9.81,3.93,1,1,0.01,0.01,-7.715240192906084,10.378953931736861,0.6527219890163173,-1.94070136763228,9.511229766623083,-8.136345439455049,0.0,-0.5304941007660786,2.749675637085665,0.0,1.2339594766539794,-1.2387873941801641,0.0,-1.5955325941724432,-1.5893143360506756,6.861950207292053,147.56953742948858,154.43148763678062
7.763999999999367,9.81,3.93,1,1,0.01,0.01,-7.713915704589933,10.37505626605129,0.67177736894771,-1.9569594041661156,9.544355108456466,-8.121604204136496,0.0,-0.5280266746717355,2.747177663258689,0.0,1.2334672842675978,-1.2591841096365755,0.0,-1.6182807708379836,-1.585229969399879,6.983290349466394,147.44811254715597,154.43140289662236
7.765999999999367,9.81,3.93,1,1,0.01,0.01,-7.71255303843863,10.371126114121957,0.6909002393279605,-1.9731874379979388,9.578725921235186,-8.106342779360954,0.0,-0.5255602314099208,2.7446389094658525,0.0,1.2329766926744012,-1.2795672663118167,0.0,-1.6407726975375652,-1.5810302023991687,7.106769318644754,147.32454705312108,154.43131637176583
7.7679999999993665,9.81,3.93,1,1,0.01,0.01,-7.711152056957403,10.367163536994498,0.710093125573368,-1.9893844289410394,9.614376835122664,-8.090561306752805,0.0,-0.5230947675142341,2.7420594033695216,0.0,1.2324879689345554,-1.2999363163828794,0.0,-1.6629971944779454,-1.5767111117174886,7.232386983732493,147.1988410538382,154.4312280375707
7.769999999999366,9.81,3.93,1,1,0.01,0.01,-7.709712617530763,10.363168597794845,0.7293586233017774,-2.005549336786487,9.651343426424711,-8.0742596207539,0.0,-0.5206302789715005,2.7394391737456805,0.0,1.2320013928517712,-1.3202906939487151,0.0,-1.6849426904780058,-1.5722687064739302,7.360143203461045,147.07099466584626,154.4311378693073
7.771999999999366,9.81,3.93,1,1,0.01,0.01,-7.708234572280188,10.359141361729888,0.7486994002545655,-2.021681120678446,9.689662247440918,-8.057437238253353,0.0,-0.5181667611957732,2.7367782505207323,0.0,1.2315172574723092,-1.340629814376184,0.0,-1.7065972129467242,-1.5676989253562081,7.49003782570943,146.94100801643907,154.4310458421485
7.773999999999366,9.81,3.93,1,1,0.01,0.01,-7.7067177679179,10.35508189608941,0.7681181982792278,-2.037778738468453,9.729370857215885,-8.04009334792011,0.0,-0.5157042090013502,2.734076664809647,0.0,1.2310358696050407,-1.3609530736181226,0.0,-1.7279483775032134,-1.562997633619483,7.622070686784638,146.80888124437695,154.4309519311616
7.775999999999366,9.81,3.93,1,1,0.01,0.01,-7.705162045596624,10.350990270249344,0.7876178353743809,-2.053841146048054,9.770507853207842,-8.022226799228322,0.0,-0.5132426165746998,2.731334448955492,0.0,1.230557550363457,-1.3812598475023223,0.0,-1.7489833772292747,-1.5581606199597022,7.756241610658964,146.67461450064044,154.43085611129942
7.777999999999365,9.81,3.93,1,1,0.01,0.01,-7.703567240755182,10.346866555676366,0.807201207799035,-2.069867296659178,9.813112903891444,-8.003836091165336,0.0,-0.5107819774452923,2.728551636570418,0.0,1.2300826357306385,-1.4015494909900028,0.0,-1.7696889715446673,-1.5531835932553841,7.892550408161902,146.5382079492294,154.43075835739128
7.779999999999365,9.81,3.93,1,1,0.01,0.01,-7.70193318295981,10.342710825933912,0.8268712922480181,-2.0858561401816,9.85722678231041,-7.9849193606117534,0.0,-0.508322284455275,2.7257282625781625,0.0,1.229611477148212,-1.421821337402385,0.0,-1.7900514746953922,-1.5480621791714042,8.030996876124219,146.3996617680093,154.43065864413353
7.781999999999365,9.81,3.93,1,1,0.01,0.01,-7.700259695741059,10.338523156689632,0.8466311480954681,-2.1018066223968255,9.902891400594646,-7.965474370383028,0.0,-0.5058635297279525,2.7228643632581284,0.0,1.2291444421303857,-1.4420746976138514,0.0,-1.8100567438451975,-1.5427919166179662,8.171580796471625,146.2589761496077,154.43055694607932
7.783999999999365,9.81,3.93,1,1,0.01,0.01,-7.698546596426126,10.334303625724344,0.8664839197083346,-2.117717684227714,9.950149845454883,-7.945498496921882,0.0,-0.5034057046349905,2.7199599762911166,0.0,1.2286819149041408,-1.4623088592101856,0.0,-1.8296901667606653,-1.5373682540574953,8.314301935265465,146.1161513023631,154.43045323762857
7.7859999999993645,9.81,3.93,1,1,0.01,0.01,-7.6967936959665,10.330052312942529,0.886432838831857,-2.133588260953127,9.99904641466658,-7.924988717630499,0.0,-0.500948799762347,2.7170151408067698,0.0,1.228224297076839,-1.482523085610142,0.0,-1.848936649080072,-1.5317865456519149,8.459160041687337,145.9711874513293,154.43034749301665
7.787999999999364,9.81,3.93,1,1,0.01,0.01,-7.69500079876076,10.32576930038443,0.9064812270490081,-2.149417281396872,10.04962665455257,-7.903941597831794,0.0,-0.4984928048748012,2.7140298974328245,0.0,1.2277720083323698,-1.5027166151487552,0.0,-1.867780601156632,-1.5260420472420957,8.606154846964877,145.82408483933858,154.43023968630345
7.789999999999364,9.81,3.93,1,1,0.01,0.01,-7.693167702472374,10.32145467223979,0.9266324983159084,-2.1652036670901875,10.10193739847225,-7.882353277348443,0.0,-0.4960377088790929,2.711004288346222,0.0,1.2273254871572186,-1.5228886601204634,0.0,-1.886205924466561,-1.5201299121510523,8.755286063235244,145.67484372812612,154.43012979136137
7.791999999999364,9.81,3.93,1,1,0.01,0.01,-7.691294197842353,10.317108514863307,0.946890161575229,-2.1809463314069966,10.156026806322412,-7.860219456688926,0.0,-0.49358349978555777,2.707938357326184,0.0,1.2268851915977208,-1.5430384057802218,0.0,-1.9041959975728244,-1.5140451868017224,8.906553382343112,145.52346439951975,154.43001778186286
7.793999999999364,9.81,3.93,1,1,0.01,0.01,-7.689380068496599,10.312730916791823,0.9672578234496104,-2.1966441786711304,10.211944405052158,-7.837535382829409,0.0,-0.49113016466823184,2.70483214980933,0.0,1.2264516000499368,-1.563165009300577,0.0,-1.9217336616355676,-1.507782806139797,9.059956474569313,145.36994715669852,154.42990363126782
7.795999999999363,9.81,3.93,1,1,0.01,0.01,-7.687425090747782,10.308321968763352,0.9877391910171258,-2.2122961032347006,10.269741130191367,-7.814295834580712,0.0,-0.48867768962331887,2.701685712946914,0.0,1.2260252120835833,-1.5832675986826528,0.0,-1.9388012054605999,-1.5013375888513867,9.215494987286645,145.21429232552305,154.42978731280968
7.797999999999363,9.81,3.93,1,1,0.01,0.01,-7.685429033391585,10.303881763737962,1.0083380746708102,-2.2279009885267826,10.329469368388512,-7.790495107529584,0.0,-0.48622605972600735,2.69849909566431,0.0,1.2256065493015678,-1.6033452716187873,0.0,-1.955380350077594,-1.4947042323648,9.37316854353835,145.05650025594366,154.42966879948202
7.799999999999363,9.81,3.93,1,1,0.01,0.01,-7.683391657497142,10.299410396920607,1.029058391064269,-2.243457706071548,10.391183000949992,-7.766126998543827,0.0,-0.4837752589854951,2.695272348722792,0.0,1.2251961562366622,-1.6233970943046028,0.0,-1.971452232840274,-1.4878773076249434,9.53297674053539,144.89657132348756,154.42954806402295
7.801999999999363,9.81,3.93,1,1,0.01,0.01,-7.681312716191502,10.294907965785933,1.0499041661453565,-2.2589651144749623,10.454937448368264,-7.741184789831031,0.0,-0.48132527029822003,2.692005524783779,0.0,1.2247946012870303,-1.6434221001980116,0.0,-1.98699739104123,-1.4808512536283205,9.694919148067616,144.73450593083348,154.4294250789011
7.803999999999363,9.81,3.93,1,1,0.01,0.01,-7.679191954437923,10.290374570105168,1.070879538279886,-2.2744220583791437,10.520789715821978,-7.715661232541294,0.0,-0.47887607539914323,2.688698678475583,0.0,1.2244024776922595,-1.6634192887226997,0.0,-2.0019957450348116,-1.4736203717057053,9.858995306824244,144.5703045094744,154.42929981629865
7.805999999999362,9.81,3.93,1,1,0.01,0.01,-7.6770291088078455,10.28581031197511,1.091988761467292,-2.289827367383466,10.588798439624982,-7.689548529904413,0.0,-0.47642765481106464,2.685351866462824,0.0,1.224020404551749,-1.6833876239133654,0.0,-2.0164265808621398,-1.4661788195389502,10.025204726618309,144.40396752147674,154.42917224809506
7.807999999999362,9.81,3.93,1,1,0.01,0.01,-7.674823907246326,10.281215295849329,1.113236208650118,-2.305179854931463,10.65902393459556,-7.66283831989313,0.0,-0.47397998779184225,2.6819651475186213,0.0,1.2236490278872731,-1.703326032999966,0.0,-2.0302685323732543,-1.458520604897432,10.193546884509871,144.23549546134,154.4290423458499
7.809999999999362,9.81,3.93,1,1,0.01,0.01,-7.672576068830764,10.276589628571614,1.1346263751191317,-2.3204783171625754,10.731528242310313,-7.635521657404226,0.0,-0.4715330522794531,2.678538582599665,0.0,1.2232890217516899,-1.723233404928016,0.0,-2.0434995628423307,-1.4506395790788558,10.36402122282198,144.06488885796264,154.42891008078462
7.811999999999362,9.81,3.93,1,1,0.01,0.01,-7.670285303522717,10.271933419411768,1.1561638820157991,-2.3357215317277777,10.806375180199737,-7.607588995950607,0.0,-0.4690868248347738,2.6750722349243183,0.0,1.222941089385789,-1.7431085888118922,0.0,-2.0560969460730654,-1.4425294300381302,10.536627147043497,143.89214827672,154.4287754237635
7.8139999999993615,9.81,3.93,1,1,0.01,0.01,-7.667951311912619,10.267246780103791,1.1778534799337477,-2.3509082565680903,10.883630391433826,-7.579030168858187,0.0,-0.4666412805820134,2.6715661700538957,0.0,1.222605964425394,-1.7629503923178982,0.0,-2.0680372469925925,-1.4341836751870956,10.71136402361214,143.7172743216624,154.42863834527452
7.815999999999361,9.81,3.93,1,1,0.01,0.01,-7.665573784957186,10.262529824886562,1.1997000526207422,-2.3660372286549882,10.963361395537584,-7.549834369962635,0.0,-0.46419639314666916,2.6680204559772247,0.0,1.2222844121608836,-1.7827575799737236,0.0,-2.0792963017337573,-1.4255956538467807,10.888231177570969,143.54026763783725,154.4284988154082
7.817999999999361,9.81,3.93,1,1,0.01,0.01,-7.663152403709323,10.257782670547059,1.2217086207825631,-2.381107162691699,11.045637639665438,-7.519990133802642,0.0,-0.461752134590908,2.664435163198684,0.0,1.2219772308513972,-1.8025288714007597,0.0,-2.089849197207224,-1.4167585193327645,11.067227890091019,143.36112891374563,154.42835680383666
7.819999999999361,9.81,3.93,1,1,0.01,0.01,-7.660686839040319,10.253005436466239,1.2438843459900248,-2.396116749774383,11.13053055045282,-7.489485315307547,0.0,-0.4593084753462727,2.66081036482985,0.0,1.2216852530960678,-1.822262939465529,0.0,-2.0996702501667057,-1.407665230653021,11.248353395852286,143.1798588839387,154.42821227979098
7.821999999999361,9.81,3.93,1,1,0.01,0.01,-7.658176751354122,10.24819824466762,1.2662325346901973,-2.4110646560121847,11.218113586350698,-7.458307068979311,0.0,-0.4568653841435837,2.6571461366849287,0.0,1.22140934726472,-1.841958408346352,0.0,-2.108732985772742,-1.398308543796371,11.431606880274892,142.99645833176336,154.42806521203826
7.82399999999936,9.81,3.93,1,1,0.01,0.01,-7.655621790293488,10.24336121986867,1.2887586423226904,-2.425949521105139,11.308462290335331,-7.426441827570661,0.0,-0.4544228279399033,2.6534425573801323,0.0,1.2211504189905216,-1.861613851511183,0.0,-2.1170101156627465,-1.3886810025882566,11.616987476591916,142.81092809226507,154.42791556885697
7.82599999999936,9.81,3.93,1,1,0.01,0.01,-7.653021594437793,10.23849448953508,1.3114682775416329,-2.4407699568789387,11.401654342870561,-7.393875280263632,0.0,-0.4519807718424792,2.6496997084372067,0.0,1.2209094127272428,-1.881227789602265,0.0,-2.1244735155375807,-1.3787749290892388,11.804494262754208,142.6232690552576,154.4277633180118
7.82799999999936,9.81,3.93,1,1,0.01,0.01,-7.650375790992291,10.233598183938023,1.3343672065437129,-2.455524545775561,11.497769614983568,-7.360592350355305,0.0,-0.44953917902946816,2.645917674391272,0.0,1.2206873133737415,-1.900798688223229,0.0,-2.131094202277971,-1.3685824135099285,11.99412625815812,142.43348216856873,154.42760842672686
7.82999999999936,9.81,3.93,1,1,0.01,0.01,-7.647683995468613,10.228672436214458,1.3574613575023546,-2.4702118392987833,11.596890221297162,-7.326577172460538,0.0,-0.44709801066738186,2.6420965429032073,0.0,1.2204851479685392,-1.9203249556238042,0.0,-2.136842310607085,-1.3580953036146626,12.185882420184987,142.24156844147373,154.4274508616587
7.8319999999993595,9.81,3.93,1,1,0.01,0.01,-7.644945811356295,10.22371738243061,1.3807568251077706,-2.4848303564136316,11.699100572842005,-7.291813069244708,0.0,-0.44465722582504263,2.6382364048767517,0.0,1.2203039874572736,-1.9398049402773292,0.0,-2.14168706931938,-1.3473051935842966,12.379761640541982,142.04752894832475,154.42729058886673
7.833999999999359,9.81,3.93,1,1,0.01,0.01,-7.64216082978511,10.218733161648679,1.4042598752122544,-2.499378581898837,11.80448742945037,-7.256282527703411,0.0,-0.44221678138393894,2.634337354580585,0.0,1.2201449485360185,-1.9592369283458513,0.0,-2.1455967770996605,-1.3362034123068471,12.575762741392394,141.85136483239134,154.42712757378374
7.835999999999359,9.81,3.93,1,1,0.01,0.01,-7.639328629178016,10.2137199159969,1.42797694957966,-2.5138549646514172,11.913139951510104,-7.219967175009857,0.0,-0.4397766319448163,2.630399489775572,0.0,1.2200091955735033,-1.9786191410274236,0.0,-2.1485387779607197,-1.324781011062707,12.773884471262916,141.65307730992112,154.42696178118402
7.837999999999359,9.81,3.93,1,1,0.01,0.01,-7.636448774894499,10.208677790743053,1.4519146707375448,-2.5282579159425405,12.025149750830895,-7.182847753955656,0.0,-0.43733672973033644,2.6264229118474516,0.0,1.2198979426153322,-1.9979497317799844,0.0,-2.1504794363328434,-1.3130287505691367,12.97412550071507,141.45266767443584,154.42679317515092
7.839999999999359,9.81,3.93,1,1,0.01,0.01,-7.633520818864104,10.203606934371482,1.4760798469299312,-2.5425858076238907,12.14061094034773,-7.14490409801568,0.0,-0.43489702448365897,2.6224077259452057,0.0,1.2198124554734102,-2.0172267834158637,0.0,-2.151384111843711,-1.3009370873465875,13.17648441776645,141.25013730127603,154.4266217190425
7.841999999999358,9.81,3.93,1,1,0.01,0.01,-7.630544299209974,10.198507498663787,1.5004794771680583,-2.556836970283816,12.25962018235541,-7.106115106073396,0.0,-0.43245746336272806,2.6183540411253547,0.0,1.2197540539038223,-2.0364483050608166,0.0,-2.1512171338332813,-1.2884961593671018,13.380959723047535,141.04548765240796,154.4264473754555
7.843999999999358,9.81,3.93,1,1,0.01,0.01,-7.627518739862177,10.193379638783226,1.5251207563758549,-2.571009691352624,12.382276734934441,-7.066458716849455,0.0,-0.43001799083014314,2.614261970502505,0.0,1.2197241138765216,-2.055612228971056,0.0,-2.1499417756546215,-1.275695770942688,13.587549824677835,140.83872028151075,154.42627010618858
7.845999999999358,9.81,3.93,1,1,0.01,0.01,-7.62444365016067,10.18822351336297,1.550011080626145,-2.5851022131564783,12.508682496193172,-7.025911883083248,0.0,-0.4275785485383752,2.6101316314063845,0.0,1.2197240699402132,-2.0747164072016093,0.0,-2.1475202288188986,-1.262525376808951,13.79625303284531,140.62983683935755,154.42608987220285
7.847999999999358,9.81,3.93,1,1,0.01,0.01,-7.621318524447682,10.183039284598308,1.575158052462811,-2.5991127309194564,12.638942045910674,-6.984450545525078,0.0,-0.4251390752101579,2.6059631455457093,0.0,1.219755417685856,-2.0937586081189483,0.0,-2.1439135770505735,-1.2489740653566004,14.007067554071059,140.4188390795103,154.42590663358135
7.8499999999993575,9.81,3.93,1,1,0.01,0.01,-7.618142841649393,10.177827118342883,1.600569486303267,-2.613039390713462,12.773162684122878,-6.942049606804856,0.0,-0.4226995065138619,2.601756639179185,0.0,1.2198197163123308,-2.112736512750539,0.0,-2.1390817703274547,-1.2350305409606968,14.2199914851408,140.20572886434564,154.42572034948645
7.851999999999357,9.81,3.93,1,1,0.01,0.01,-7.614916064846711,10.172587184209094,1.6262534139146283,-2.6268802873558093,12.911454466147541,-6.898682905252923,0.0,-0.4202597749336172,2.597512243293979,0.0,1.219918591297731,-2.1316477109637044,0.0,-2.1329835989897714,-1.2206831053543967,14.435022806683323,139.99050817143223,154.42553097811555
7.853999999999357,9.81,3.93,1,1,0.01,0.01,-7.611637640835052,10.167319655672753,1.6522180899559162,-2.6406334622544727,13.053930233493777,-6.85432318875883,0.0,-0.41781980963399257,2.5932300937920054,0.0,1.2200537371798612,-2.15048969746581,0.0,-2.1255766680127204,-1.2059196379909498,14.652159376374913,139.77317910027983,154.42533847665476
7.855999999999357,9.81,3.93,1,1,0.01,0.01,-7.608306999672956,10.162024710182099,1.6784719975774594,-2.654296901201174,13.20070564004704,-6.808942088765207,0.0,-0.4153795363190027,2.5889103316844033,0.0,1.2202269204494915,-2.169259867617485,0.0,-2.1168173715483145,-1.190727575334399,14.871398921747515,139.55374387948245,154.42514280122998
7.857999999999357,9.81,3.93,1,1,0.01,0.01,-7.6049235542194715,10.15670252927128,1.7050238540673917,-2.6678685321126814,13.351899172861911,-6.762510094506663,0.0,-0.4129388770852064,2.584553103294582,0.0,1.2204399825598526,-2.187955513050277,0.0,-2.1066608678546803,-1.1750938890159282,15.092739032577057,139.3322048742798,154.42494390685687
7.859999999999356,9.81,3.93,1,1,0.01,0.01,-7.601486699660199,10.15135329867841,1.731882616533739,-2.681346222720933,13.507632166831439,-6.71499652761684,0.0,-0.4104977502686723,2.5801585604702275,0.0,1.2206948430559246,-2.206573817079764,0.0,-2.095061054744483,-1.159005062789363,15.316177152827004,139.1085645945607,154.4247417473877
7.861999999999356,9.81,3.93,1,1,0.01,0.01,-7.59799581302195,10.145977208468285,1.75905748760906,-2.6947277782128576,13.668028812433135,-6.666369517242169,0.0,-0.40805607028556223,2.5757268608047013,0.0,1.2209935028269128,-2.2251118499048426,0.0,-2.081970545698844,-1.142447068215471,15.541710572120571,138.8828257033353,154.42453627545586
7.863999999999356,9.81,3.93,1,1,0.01,0.01,-7.594450252675988,10.140574453159873,1.7865579211629343,-2.708010938821059,13.83321615567807,-6.6165959758169794,0.0,-0.4056137474660857,2.5712581678682653,0.0,1.2213380474852789,-2.2435665635835496,0.0,-2.0673406468091344,-1.125405339000897,15.769336416713712,138.65499102570507,154.4243274424188
7.865999999999356,9.81,3.93,1,1,0.01,0.01,-7.590849357829843,10.13514523185868,1.814393628005764,-2.7211933773668497,14.003324089310105,-6.565641575672458,0.0,-0.40317068788155275,2.5667526514495727,0.0,1.2217306508755439,-2.261934786775469,0.0,-2.051121334726476,-1.107864743913522,15.999051639939161,138.42506355835775,154.4241151982969
7.8679999999993555,9.81,3.93,1,1,0.01,0.01,-7.587192448007749,10.129689748394057,1.8425745815653674,-2.734272696757501,14.178485334216838,-6.513470726671453,0.0,-0.40072679316430426,2.5622104878079357,0.0,1.2221735787159853,-2.280213219240354,0.0,-2.0332612358176347,-1.0898095581919285,16.230853012089966,138.19304647962136,154.42389949171132
7.869999999999355,9.81,3.93,1,1,0.01,0.01,-7.5834788225197745,10.124208211461578,1.8711110235156707,-2.747246427439958,14.358835409922628,-6.460046555082222,0.0,-0.3982819603201917,2.5576318599368304,0.0,1.2226691923760398,-2.2983984260823935,0.0,-2.013707606746627,-1.0712234333622557,16.464737109709453,137.9589431601081,154.42368026981757
7.871999999999355,9.81,3.93,1,1,0.01,0.01,-7.579707759919752,10.118700834770534,1.9000134693344544,-2.760112024813744,14.54451259293577,-6.405330883927087,0.0,-0.39583608153338967,2.5530169578391892,0.0,1.2232199527921535,-2.3164868317290863,0.0,-1.992406316723529,-1.0520893653715226,16.70070030425234,137.72275717398472,154.42345747823705
7.873999999999355,9.81,3.93,1,1,0.01,0.01,-7.575878517452195,10.113167837196647,1.9292927137645466,-2.7728668666062433,14.735657861617579,-6.349284215067076,0.0,-0.39338904396322083,2.5483659788150073,0.0,1.223828424524381,-2.3344747136334827,0.0,-1.969301831686155,-1.032389660941872,16.938738750079686,137.48449231090592,154.42323106098561
7.875999999999355,9.81,3.93,1,1,0.01,0.01,-7.5719903304884095,10.10760944294007,1.9589598361500824,-2.785508250214136,14.932414826129083,-6.2918657133102975,0.0,-0.39094072953272896,2.543679127761826,0.0,1.2244972799557843,-2.352358195688181,0.0,-1.944337200706244,-1.0121059020457246,17.178848371748423,137.2441525886495,154.42300096039793
7.877999999999354,9.81,3.93,1,1,0.01,0.01,-7.568042411952077,10.102025881688734,1.9890262056164418,-2.798033390015329,15.134929641892011,-6.233033192861114,0.0,-0.3884910147087093,2.5389566174886893,0.0,1.2252293036362558,-2.370133241339236,0.0,-1.91745404494004,-0.9912189083972894,17.421024850553863,137.0017422664959,154.42276711704977
7.879999999999354,9.81,3.93,1,1,0.01,0.01,-7.5640339517346735,10.096417388787087,2.019503486059227,-2.810439414656417,15.34335090487451,-6.172743106458681,0.0,-0.38603977027291414,2.5341986690441898,0.0,1.2260273967719242,-2.3877956463878194,0.0,-1.8885925494733562,-0.9697086978512727,17.665263610281006,136.7572658593951,154.4225294696761
7.881999999999354,9.81,3.93,1,1,0.01,0.01,-7.559964116101126,10.090784205410294,2.0504036409041273,-2.822723364321425,15.557829526877738,-6.110950537587247,0.0,-0.3835868610841101,2.529405512059221,0.0,1.2268945818606873,-2.405341031467362,0.0,-1.8576914584440716,-0.9475544445951201,17.911559802118603,136.51072815296726,154.42228795508586
7.883999999999354,9.81,3.93,1,1,0.01,0.01,-7.555832047086213,10.085126578743898,2.0817389375957327,-2.834882187988391,15.778518588857535,-6.047609196176866,0.0,-0.3811321458307476,2.52457738510512,0.0,1.2278340074739096,-2.422764834183538,0.0,-1.824688073859902,-0.9247344350167865,18.159908288686424,136.2621342193864,154.42204250807282
7.8859999999993535,9.81,3.93,1,1,0.01,0.01,-7.5516368618823,10.079444762168983,2.113521951769275,-2.8469127406812174,16.005573170165803,-5.982671418252753,0.0,-0.37867547677389723,2.519714536067877,0.0,1.2288489531834423,-2.440062300904508,0.0,-1.7895182585672482,-0.901226021125712,18.410303627124588,136.0114894341984,154.421793061323
7.887999999999353,9.81,3.93,1,1,0.01,0.01,-7.5473776522190885,10.073739015452825,2.1457655710548926,-2.858811780725182,16.239150151438963,-5.916088170032976,0.0,-0.37621669948019765,2.514817222539116,0.0,1.2299428346323933,-2.4572284781885765,0.0,-1.752116443867138,-0.8770055714007534,18.66274005118995,135.7587994941273,154.42153954531724
7.889999999999353,9.81,3.93,1,1,0.01,0.01,-7.543053483736167,10.06800960494503,2.178482998459301,-2.870575967015547,16.479407988695172,-5.847809057019133,0.0,-0.37375565254452225,2.509885712224608,0.0,1.2311192087470566,-2.4742582038364898,0.0,-1.7124156423176147,-0.8520484189351255,18.917211452302382,135.5040704359283,154.42128188823068
7.891999999999353,9.81,3.93,1,1,0.01,0.01,-7.538663395349275,10.062256803779098,2.211687755264705,-2.8822018563098264,16.726506456030364,-5.777782338672486,0.0,-0.37129216730208026,2.504920283371055,0.0,1.232381779086384,-2.4911460975555837,0.0,-1.670347466308069,-0.8263288067452422,19.173711359480414,135.24730865634683,154.42102001582725
7.893999999999353,9.81,3.93,1,1,0.01,0.01,-7.534206398611303,10.056480892079385,2.245393683379396,-2.8936859005555298,16.980606354123065,-5.705954949318671,0.0,-0.36882606752967906,2.4999212252119456,0.0,1.2337344013240756,-2.507886551223146,0.0,-1.6258421530401472,-0.7998198301076004,19.43223291810245,134.98852093324712,154.42075385134956
7.895999999999352,9.81,3.93,1,1,0.01,0.01,-7.529681477069203,10.050682157173354,2.2796149470687,-2.9050244442665143,17.241869181572266,-5.632272525977923,0.0,-0.36635716913590755,2.4948888384332983,0.0,1.2351810888570955,-2.5244737187365334,0.0,-1.5788285966021898,-0.7724933757859964,19.692768867426786,134.72771444797814,154.42048331540494
7.897999999999352,9.81,3.93,1,1,0.01,0.01,-7.525087585618111,10.044860893809009,2.314366033988813,-2.9162137219625506,17.510456765900873,-5.556679443874813,0.0,-0.36388527983997276,2.4898234356601296,0.0,1.2367260185327669,-2.5409015054379576,0.0,-1.5292343878795729,-0.7443200580101654,19.955311516800155,134.4648968090458,154.42020832584595
7.899999999999352,9.81,3.93,1,1,0.01,0.01,-7.520423649854184,10.03901740437739,2.3496617554395236,-2.9272498556882582,17.78653085086129,-5.479118860441371,0.0,-0.3614101988389702,2.4847253419645003,0.0,1.2383735364849586,-2.5571635571022497,0.0,-1.4769858631019568,-0.7152691510669464,20.219852720480898,134.20007607716576,154.41992879764666
7.901999999999352,9.81,3.93,1,1,0.01,0.01,-7.515688565427769,10.033151999139912,2.385517245744896,-2.9381288526292684,18.070252636478788,-5.399532768690339,0.0,-0.3589317164633927,2.4795948953960427,0.0,1.2401281640678923,-2.573253248476538,0.0,-1.4220081618903144,-0.6853085183662492,20.486383850999744,133.93326079177368,154.41964464277342
7.9039999999993515,9.81,3.93,1,1,0.01,0.01,-7.510881197398784,10.027264996460385,2.4219479606636556,-2.9488466028452813,18.36178226806749,-5.317862060901456,0.0,-0.3564496138206653,2.474432447535852,0.0,1.241994603873959,-2.589163671361522,0.0,-1.3642252957316103,-0.6544045378467828,20.754895770977015,133.66445999907373,154.41935577005074
7.905999999999351,9.81,3.93,1,1,0.01,0.01,-7.5060003795963155,10.021356723041405,2.4589696747232894,-2.959398877141648,18.661278270250335,-5.234046603631782,0.0,-0.35396366242659794,2.469238364074699,0.0,1.2439777458196064,-2.6048876222249313,0.0,-1.3035602278771232,-0.6225220235910244,21.025378803311746,133.39368328171045,154.4190620850222
7.907999999999351,9.81,3.93,1,1,0.01,0.01,-7.501044913984737,10.01542751416487,2.496598477363736,-2.969781325103192,18.968896921814988,-5.148025325132501,0.0,-0.3514736238245926,2.464013025416474,0.0,1.2460826732806454,-2.620417589338914,0.0,-1.2399349657315215,-0.5896241435254111,21.29782269965436,133.12094079015083,154.4187634898052
7.909999999999351,9.81,3.93,1,1,0.01,0.01,-7.496013570038821,10.009477713936224,2.534850767768002,-2.9799894733162273,19.284791567041296,-5.059736316327401,0.0,-0.3489792491925562,2.4587568273078473,0.0,1.2483146692554732,-2.635745739434481,0.0,-1.1732706668736448,-0.5556723330907349,21.572216607070867,132.84624327587034,154.4184598829412
7.911999999999351,9.81,3.93,1,1,0.01,0.01,-7.490905084130613,10.003507675532061,2.5737432482481255,-2.9900187238071134,19.6091118589481,-4.969116946583217,0.0,-0.34648027893748246,2.453470181495107,0.0,1.2506792225315337,-2.650863903867677,0.0,-1.1034877599263655,-0.5206262047795651,21.84854903280241,132.56960212643747,154.41815115923987
7.91399999999935,9.81,3.93,1,1,0.01,0.01,-7.4857181589311,9.997517761450597,2.6132929160456295,-2.9998643527282267,19.942002929730343,-4.876103995578017,0.0,-0.34397644227771285,2.448153516409154,0.0,1.253182033826756,-2.665763564294156,0.0,-1.0305060815714857,-0.4844434534525334,22.126807807020892,132.29102940259693,154.41783720961783
7.91599999999935,9.81,3.93,1,1,0.01,0.01,-7.48045146282998,9.991508343764504,2.653517053395974,-3.0095215093249097,20.28360448349581,-4.780633802650062,0.0,-0.34146745681297175,2.442807277879642,0.0,1.2558290218739676,-2.680435837850951,0.0,-0.9542450310858712,-0.4470797573641829,22.406980043476956,132.01053787745468,154.41751792093163
7.91799999999935,9.81,3.93,1,1,0.01,0.01,-7.475103629377181,9.985479804375498,2.694433215696604,-3.018985215219809,20.63404980627001,-4.682642435085898,0.0,-0.3389530280823204,2.437431929879246,0.0,1.2586263294120243,-2.6948714618468688,0.0,-0.8746237438565703,-0.4084886748521848,22.689052097933704,131.72814107787184,154.41719317580555
7.91999999999935,9.81,3.93,1,1,0.01,0.01,-7.469673256750075,9.97943253527,2.7360592176079908,-3.028250364053999,20.99346468812262,-4.582065876881359,0.0,-0.33643284911024307,2.432027955299035,0.0,1.261580329042882,-2.709060777965852,0.0,-0.7915612854145101,-0.368621536671715,22.973009524275604,131.4438533281774,154.416862852453
7.92199999999935,9.81,3.93,1,1,0.01,0.01,-7.464158907250705,9.973366938775134,2.778413116906697,-3.0373117215274337,21.361966252184665,-4.478840239581151,0.0,-0.33390659994121197,2.4265958567559265,0.0,1.2646976289089011,-2.7229937159910187,0.0,-0.7049768676080029,-0.3274273339903684,23.258837028178966,131.15768979631457,154.41652682449353
7.923999999999349,9.81,3.93,1,1,0.01,0.01,-7.458559106837723,9.9672834278142,2.821513195898975,-3.046163925884544,21.7396616852832,-4.37290199687209,0.0,-0.3313739471630963,2.4211361574331494,0.0,1.267985078139309,-2.736659777060947,0.0,-0.6147900886174988,-0.2848526020987997,23.54651841822728,130.86966654253575,154.41618496076302
7.925999999999349,9.81,3.93,1,1,0.01,0.01,-7.452872344698093,9.961182426160692,2.865377940192858,-3.0548014888942188,22.126646864921668,-4.26418824466769,0.0,-0.3288345434199764,2.4156494019546684,0.0,1.2714497720090212,-2.750048016474075,0.0,-0.5209211985906133,-0.24084129993915146,23.836036554351985,130.57980057076782,154.4158371251198
7.927999999999349,9.81,3.93,1,1,0.01,0.01,-7.447097072864084,9.955064368689817,2.910026014616202,-3.063218797376934,22.523004877394484,-4.152636988478405,0.0,-0.3262880269149615,2.4101361572944113,0.0,1.2750990567468208,-2.7631470260620166,0.0,-0.42329139275029554,-0.1953346856081613,24.12737329347718,130.2881098827676,154.41548317624478
7.929999999999349,9.81,3.93,1,1,0.01,0.01,-7.441231705881448,9.94892970162637,2.955476236057844,-3.0714101153354405,22.92880442194799,-4.0381874599086505,0.0,-0.3237340209038181,2.4045970137211827,0.0,1.2789405339232909,-2.775944916158023,0.0,-0.32182313389698575,-0.14827118805539272,24.4205094322444,129.99461353519285,154.41512296743724
7.9319999999993485,9.81,3.93,1,1,0.01,0.01,-7.4352746205352025,9.942778882787684,3.0017475429990355,-3.0793695867491313,23.34409809610228,-3.9207804641572324,0.0,-0.3211721331802905,2.3990325857799992,0.0,1.2829820643418497,-2.788429297192972,0.0,-0.21644050628639006,-0.09958627527047191,24.715424646692618,129.69933169971324,154.41475634640585
7.933999999999348,9.81,3.93,1,1,0.01,0.01,-7.42922415563985,9.93661238182029,3.048858961492819,-3.0870912390959897,23.768920557537356,-3.8003587604188978,0.0,-0.31860195555421045,2.393443513310588,0.0,1.2872317713487356,-2.800587260958083,0.0,-0.10706960291553484,-0.04921231933741645,25.012097428768328,129.40228572628726,154.4143831550556
7.935999999999348,9.81,3.93,1,1,0.01,0.01,-7.4230786119014045,9.930430680428735,3.0968295673402038,-3.094568987669829,24.203286558337776,-3.676867477088491,0.0,-0.31602306332365315,2.3878304625036417,0.0,1.2916980434699317,-2.8124053615810527,0.0,0.006361051711273403,0.002921541169742261,25.31050501953965,129.10349820973104,154.4140032292707
7.937999999999348,9.81,3.93,1,1,0.01,0.01,-7.416836251859081,9.92423427259492,3.145678444204052,-3.101796640764309,24.647188847895134,-3.5502545636532226,0.0,-0.31343501474256297,2.3821941269953752,0.0,1.2963895362746238,-2.8238695962707,0.0,0.12392004124071614,0.05688954086666835,25.610623338990862,128.80299305970433,154.41361639869518
7.939999999999348,9.81,3.93,1,1,0.01,0.01,-7.410495299915044,9.918023664786134,3.1954246373948187,-3.108767905798969,25.100595941402393,-3.4204712811171514,0.0,-0.31083735048552363,2.376535229000759,0.0,1.3013151733562174,-2.834965385894293,0.0,0.24567255745099628,0.11276942860710082,25.912426912274352,128.5007955742357,154.41322248651005
7.941999999999347,9.81,3.93,1,1,0.01,0.01,-7.404053942461135,9.911799376149837,3.2460871030568907,-3.1154763964661214,25.5634497516523,-3.2874727327334368,0.0,-0.3082295931115443,2.3708545204857097,0.0,1.3064841463127865,-2.845677555461809,0.0,0.37167985846778995,0.17064260905453976,26.21588879230156,128.19693251690762,154.4128213092092
7.943999999999347,9.81,3.93,1,1,0.01,0.01,-7.397510328112058,9.905561938693053,3.297684652480617,-3.1219156409809217,26.03566308279135,-3.151218436718371,0.0,-0.30561124652900085,2.365152784378342,0.0,1.311905913599629,-2.8559903146022796,0.0,0.5019986831693972,0.23059428377678895,26.52098047855818,127.89143219781658,154.41241267637477
7.945999999999347,9.81,3.93,1,1,0.01,0.01,-7.390862568055045,9.89931189744409,3.3502358912635053,-3.1280790915201364,26.517116985796438,-3.011672942482619,0.0,-0.30298179546410053,2.3594308358191762,0.0,1.3175901981170068,-2.86588723812923,0.0,0.6366806198047982,0.29271359069014263,26.82767183203545,127.58432455841667,154.41199639045212
7.947999999999347,9.81,3.93,1,1,0.01,0.01,-7.3841087365265805,9.893049810594123,3.403759153044874,-3.1339601349380324,27.007657976748877,-2.868806491734391,0.0,-0.30034070493556186,2.3536895234500537,0.0,1.323546983386476,-2.875351246805096,0.0,0.7757714269525322,0.35709374048868847,27.13593098617706,127.27564126034939,154.41157224652645
7.9499999999993465,9.81,3.93,1,1,0.01,0.01,-7.377246871427307,9.88677624961599,3.4582724275418704,-3.139552104850299,27.507095120497944,-2.7225957255803714,0.0,-0.2976874197384999,2.347929730741213,0.0,1.3297865081595923,-2.884364588428271,0.0,0.9193103050915981,0.42383214848336315,27.445724253751315,126.96541577835114,154.41114003210245
7.951999999999346,9.81,3.93,1,1,0.01,0.01,-7.370274975086784,9.880491799357376,3.5137932826216587,-3.144848295178895,28.015196984047606,-2.573024438470417,0.0,-0.29502136394077805,2.3421523773557533,0.0,1.3363192592930748,-2.892908819381238,0.0,1.0673291172432615,0.49303056004423784,27.757016029569456,126.65368349731797,154.4106995268874
7.953999999999346,9.81,3.93,1,1,0.01,0.01,-7.363191015190278,9.874197058105366,3.5703387801551925,-3.1498419752520768,28.53168846597945,-2.4200843794911364,0.0,-0.2923419403955082,2.336358420550417,0.0,1.343155962715171,-2.900964786794047,0.0,1.2198515573805844,0.564795167587617,28.069768688986166,126.34048181359472,154.41025050258088
7.955999999999346,9.81,3.93,1,1,0.01,0.01,-7.355992925880261,9.867892637619171,3.627925385412788,-3.154526406554474,29.056247510456593,-2.263776101110989,0.0,-0.289648530273668,2.330548856611281,0.0,1.350307572299043,-2.9085126114940305,0.0,1.3768922655964981,0.6392367167766542,28.38394248213448,126.02585024053697,154.40979272267145
7.957999999999346,9.81,3.93,1,1,0.01,0.01,-7.348678609045768,9.861579163127608,3.6865688697812633,-3.1588948612218375,29.58850171684457,-2.1041098550053983,0.0,-0.28694049262124754,2.3247247223226175,0.0,1.3577852564505626,-2.915531671930334,0.0,1.5384558893774218,0.716470599310339,28.699495423867518,125.70983051837652,154.40932594224404
7.959999999999345,9.81,3.93,1,1,0.01,0.01,-7.341245935813157,9.85525727328779,3.7462842066071906,-3.162940642373792,30.128024858746645,-1.941106534043648,0.0,-0.28421716394564367,2.3188870964667405,0.0,1.365600382210416,-2.9220005892801844,0.0,1.7045360907543607,0.7966169293617495,29.01638317940192,125.39246672839647,154.40884990779838
7.961999999999345,9.81,3.93,1,1,0.01,0.01,-7.333692748252204,9.84892762010122,3.8070854600013915,-3.166657106375479,30.674333329279612,-1.774798658889748,0.0,-0.28147785783654666,2.3130371013522897,0.0,1.3737644966639446,-2.927897213963043,0.0,1.8751144996030784,0.8798006003932767,29.33455894568452,125.07380541139857,154.4083643570831
7.963999999999345,9.81,3.93,1,1,0.01,0.01,-7.32601686131173,9.842590868783367,3.8689856664767097,-3.1700376871151934,31.226882532716832,-1.605231406959784,0.0,-0.27872186462684445,2.3071759043678544,0.0,1.3822893054471386,-2.9331986138084423,0.0,2.0501596139457257,0.9661513187261735,29.653973328533155,124.75389569041286,154.40786901894603
7.965999999999345,9.81,3.93,1,1,0.01,0.01,-7.3182160649991985,9.836247697582598,3.9319967093348644,-3.173075922379798,31.785063246180492,-1.4324636806769608,0.0,-0.27594845109963406,2.301304719557406,0.0,1.3911866481337158,-2.9378810641435456,0.0,2.229625648774125,1.0558036098766592,29.97457421563643,124.43278939756983,154.40736361320626
7.9679999999993445,9.81,3.93,1,1,0.01,0.01,-7.310288126818824,9.829898797544207,3.996129185769317,-3.1757654824027286,32.34819797886716,-1.256569211078511,0.0,-0.2731568602477341,2.295424809213378,0.0,1.400468470286989,-2.941920040086793,0.0,2.413451335674947,1.1488967932945815,30.296306645534948,124.11054120501383,154.4068478505488
7.969999999999344,9.81,3.93,1,1,0.01,0.01,-7.302230794482735,9.823544872215104,4.061392266710034,-3.17810020065053,32.91553736030779,-1.0776376918481627,0.0,-0.27034631109263385,2.289537485482713,0.0,1.4101467919612305,-2.9452902113543837,0.0,2.6015586763942626,1.2455749207577367,30.619112672748486,123.78720875969847,154.40632143244696
7.971999999999344,9.81,3.93,1,1,0.01,0.01,-7.294041798909645,9.817186637284662,4.127793549503203,-3.180074106902972,33.48625659336462,-0.8957759377798445,0.0,-0.26751599857014885,2.283644111980494,0.0,1.4202336724411544,-2.9479654399063913,0.0,2.7938516544367102,1.3459866732910004,30.942931229260125,123.46285282185548,154.4057840511156
7.973999999999344,9.81,3.93,1,1,0.01,0.01,-7.2857188575251834,9.810824820157064,4.195338903594689,-3.181681462668649,34.0594520120059,-0.7111090605224194,0.0,-0.26466509349056433,2.2777461054051757,0.0,1.4307411710153106,-2.9499187807786735,0.0,2.9902149098553727,1.4502852111015134,31.26769798262001,123.13753740687977,154.40523538949978
7.975999999999344,9.81,3.93,1,1,0.01,0.01,-7.277259677877661,9.804460159450466,4.264032309470505,-3.1829167989624563,34.63413778831647,-0.5237816532207007,0.0,-0.2617927425813359,2.271844937148645,0.0,1.4416813035899663,-2.951122486465124,0.0,3.1905123835530595,1.5586279706574504,31.593345190986582,122.81132993031619,154.40467512130277
7.977999999999343,9.81,3.93,1,1,0.01,0.01,-7.268661961582412,9.798093404418225,4.333875691200924,-3.183774956453265,35.209242837628075,-0.3339589743586322,0.0,-0.2588980686208967,2.2659421348936544,0.0,1.4530659949650977,-2.9515480152315883,0.0,3.3945859386824093,1.6711764026983176,31.91980155548473,122.48430135557317,154.4041029110579
7.979999999999343,9.81,3.93,1,1,0.01,0.01,-7.259923408607084,9.791725314287483,4.404868743036994,-3.184251127969367,35.78360797499985,-0.1418281197433331,0.0,-0.255980170672381,2.260039284190368,0.0,1.464907026613583,-2.9511660437577802,0.0,3.6022539680978256,1.7880956446604734,32.24699207032563,122.15652634392441,154.40351841425004
7.981999999999343,9.81,3.93,1,1,0.01,0.01,-7.251041721909222,9.785356657510398,4.477008750618877,-3.1843409033257357,36.35598338045183,0.05240082984518879,0.0,-0.25303812442640694,2.2541380300029483,0.0,1.4772159798294715,-2.94994648451571,0.0,3.813309998269316,1.9095541207459246,32.57483787120362,121.82808340628682,154.40292127749044
7.983999999999343,9.81,3.93,1,1,0.01,0.01,-7.24201461243627,9.778988210923458,4.5502904074742005,-3.1840403164107656,36.92502643423164,0.24849369925215403,0.0,-0.2500709826622899,2.2482400782163046,0.0,1.490004174141126,-2.947858508302541,0.0,4.027521301607677,2.035723062669414,32.9032560825606,121.499055056191,154.4023111387516
7.9859999999993425,9.81,3.93,1,1,0.01,0.01,-7.232839804496625,9.772620758810431,4.624705627610687,-3.1833458944408686,37.489299986855954,0.446191163147982,0.0,-0.24707777583722257,2.2423471970922657,0.0,1.503282600921085,-2.944870572351132,0.0,4.244627530757937,2.1667759440051237,33.23215966438745,121.16952796327891,154.40168762766638
7.987999999999342,9.81,3.93,1,1,0.01,0.01,-7.223515041508646,9.766255091864736,4.700243355139833,-3.1822547092591993,38.047271131565466,0.6452077605995938,0.0,-0.24405751281308674,2.2364612186636017,0.0,1.5170618521666082,-2.9409504544426976,0.0,4.464339390076122,2.3028878210369688,33.561457259316555,120.83959310658153,154.40105036589807
7.989999999999342,9.81,3.93,1,1,0.01,0.01,-7.2140380921325,9.759892006047306,4.776889372005997,-3.1807644305198526,38.59731054901676,0.8452309981361976,0.0,-0.24100918173049635,2.2305840400534582,0.0,1.5313520444734205,-2.936065293441844,0.0,4.686337361190792,2.4442345731143535,33.89105304084466,120.50934592674153,154.4003989675862
7.991999999999342,9.81,3.93,1,1,0.01,0.01,-7.2044067567874395,9.753532301336355,4.854626105036364,-3.1788733805613627,39.13769249534249,1.0459205606962783,0.0,-0.23793175103966702,2.2247176247069698,0.0,1.5461627382802852,-2.930181636664484,0.0,4.910270501239106,2.590992035748016,34.220846563616966,120.17888647625743,154.3997330398744
7.993999999999342,9.81,3.93,1,1,0.01,0.01,-7.194618874554543,9.747176780365907,4.93343243366998,-3.1765805907334084,39.66659550497553,1.2469076509646448,0.0,-0.23482417069740558,2.2188640035209555,0.0,1.5615028525240353,-2.923265494472571,0.0,5.135755334024402,2.743335020068558,34.55073261679382,119.84831956673175,154.39905218352555
7.995999999999341,9.81,3.93,1,1,0.01,0.01,-7.184672330462079,9.740826246950434,5.013283499866106,-3.173885858898629,40.18210387868509,1.4477944785532264,0.0,-0.2316853735392177,2.2130252758569045,0.0,1.5773805749128176,-2.9152824024660733,0.0,5.362374855933216,2.9014362128330413,34.88060108161517,119.51775491201518,154.39835599363033
7.997999999999341,9.81,3.93,1,1,0.01,0.01,-7.17456506314752,9.734481504493594,5.094150521830954,-3.1707898077877927,40.68221002494734,1.648153921195215,0.0,-0.22851427683502612,2.2072036104216863,0.0,1.593803268100163,-2.9061974916110294,0.0,5.589677679930933,3.0654649519231065,35.210336794370434,119.1873072660433,154.39764406041374
7.999999999999341,9.81,3.93,1,1,0.01,0.01,-7.164295072886818,9.7281433542797,5.176000613334516,-3.167293943841738,41.164817718915764,1.847529380559926,0.0,-0.2253097840363406,2.201401245999821,0.0,1.610777372122865,-2.8959755666026608,0.0,5.817177342281883,3.2355858732488776,35.539819416073854,118.85709655407142,154.39691597014527
8.001999999999342,9.81,3.93,1,1,0.01,0.01,-7.153860429977886,9.721812593647359,5.258796610512499,-3.1634007161281117,41.627746337729526,2.0454348554067763,0.0,-0.2220707867219226,2.195620492020577,0.0,1.6283083035514057,-2.8845811927136085,0.0,6.044351797760243,3.411957426173244,35.86892331023402,118.52724799592323,154.39617130615724
8.003999999999342,9.81,3.93,1,1,0.01,0.01,-7.143259283461326,9.715490014045576,5.34249690815885,-3.1591135748757044,42.06873612358879,2.241355254530262,0.0,-0.21879616674800006,2.1898637289427265,0.0,1.6464003518916503,-2.871978791319375,0.0,6.270643129979419,3.594730256013582,36.19751743019182,118.19789221978361,154.39540964997542
8.005999999999343,9.81,3.93,1,1,0.01,0.01,-7.132489870157346,9.709176398973597,5.427055307608337,-3.15443702912489,42.48545451685352,2.434746971255666,0.0,-0.2154847986078987,2.184133408439464,0.0,1.6650565738697551,-2.8581327442253537,0.0,6.495457504012702,3.7840454538717645,36.52546521757955,117.86916536498546,154.39463058256501
8.007999999999344,9.81,3.93,1,1,0.01,0.01,-7.121550523993506,9.70287252180677,5.512420878382432,-3.149376702950237,42.87550359035176,2.6250387400873922,0.0,-0.21213555200462186,2.178432053365831,0.0,1.6842786863272554,-2.8430075068429894,0.0,6.718165388650407,3.980032675991893,36.85262451352535,117.54120917217018,154.39383368569554
8.009999999999344,9.81,3.93,1,1,0.01,0.01,-7.110439685593568,9.696579143511883,5.598537835821448,-3.1439393896717287,43.236428603121446,2.8116327944482595,0.0,-0.20874729463834885,2.172762257490964,0.0,1.704066958548688,-2.8265677301762153,0.0,6.938102075380541,4.182808137046475,37.17884748428934,117.2141710591365,154.39301854342585
8.011999999999345,9.81,3.93,1,1,0.01,0.01,-7.099155912093215,9.690297010256604,5.685345436947847,-3.138133103435269,43.56572767703268,2.99390634225295,0.0,-0.20531889520908397,2.167126684977678,0.0,1.7244201049377985,-2.8087783914843176,0.0,7.1545685204372,4.392472484195224,37.503980563066214,116.88820418064418,154.3921847437104
8.013999999999346,9.81,3.93,1,1,0.01,0.01,-7.087697887143954,9.68402685091892,5.772777896796333,-3.131967127512302,43.86086258327259,3.171213373314049,0.0,-0.20184922663276206,2.1615280695922325,0.0,1.7453351790485196,-2.7896049333842234,0.0,7.366832534982898,4.609108561428655,37.82786440972619,116.56346747040013,154.3913318801263
8.015999999999346,9.81,3.93,1,1,0.01,0.01,-7.076064431062061,9.677769374503834,5.8607643274025785,-3.1254520586435945,44.119270607731835,3.3428868092819033,0.0,-0.1983371694670305,2.1559692136277486,0.0,1.766807470061241,-2.769013411045002,0.0,7.574130346633582,4.832779076573517,38.150333890285786,116.24012566343393,154.39045955371972
8.017999999999347,9.81,3.93,1,1,0.01,0.01,-7.064254511075116,9.67152526747589,5.949228701561538,-3.1185998467345777,44.33837744518344,3.5082410029785,0.0,-0.19478161554065843,2.1504529865255266,0.0,1.7888304028708726,-2.7469706470114343,0.0,7.775668553063883,5.063524186361553,38.47121807790184,115.91834929706664,154.38956737496846
8.019999999999348,9.81,3.93,1,1,0.01,0.01,-7.0522672516145795,9.665295191017552,6.038089843346199,-3.111423829200194,44.515611052143065,3.6665745896313435,0.0,-0.19118147177812073,2.1449823231795744,0.0,1.8113954430186725,-2.723444393073336,0.0,7.970626485320862,5.301359018100344,38.79034027716435,115.59831468869226,154.3886549658566
8.021999999999348,9.81,3.93,1,1,0.01,0.01,-7.0401019445990425,9.659079778224829,6.127261447216959,-3.1039387592569363,44.64841636786338,3.8171736876908673,0.0,-0.18753566420839896,2.139560221910931,0.0,1.8344920077520377,-2.698403498475035,0.0,8.158158994717905,5.546271149677305,39.10751807342547,115.28020388862889,154.38772196205434
8.023999999999349,9.81,3.93,1,1,0.01,0.01,-7.027758059649274,9.652879631252938,6.216652127350335,-3.096160827469561,44.734270792531774,3.959315441687811,0.0,-0.1838431421444206,2.134189742099931,0.0,1.8581073845329334,-2.6718180836369676,0.0,8.33739967278198,5.798218072807835,39.42256340883773,114.96420460635849,154.38676801519622
8.02599999999935,9.81,3.93,1,1,0.01,0.01,-7.015235254173227,9.646695318426195,6.306165498573849,-3.0881076758805523,44.770700291946135,4.092271894043224,0.0,-0.18010288251691703,2.128874001466294,0.0,1.882226658334525,-2.6436597184412944,0.0,8.507464508711424,6.057124667532004,39.73528268669108,114.65051010855697,154.38579279524805
8.02799999999935,9.81,3.93,1,1,0.01,0.01,-7.002533383256613,9.640527371327583,6.395700290013662,-3.079798404082317,44.755295979317445,4.215314166976808,0.0,-0.17631389434374445,2.1236161729889673,0.0,1.906832649064047,-2.6139016040181993,0.0,8.667455983209647,6.322880718885164,40.04547690552208,114.33931908742788,154.38479599294996
8.029999999999351,9.81,3.93,1,1,0.01,0.01,-6.989652509292785,9.634376281884755,6.48515049224558,-3.071253566635659,44.68573100800032,4.327716929802396,0.0,-0.1724752233131479,2.118419481459873,0.0,1.9319058604269541,-2.582518756862339,0.0,8.816467591458425,6.595338509330628,40.352941824337016,114.03083549798824,154.38377732232524
8.031999999999352,9.81,3.93,1,1,0.01,0.01,-6.976592911284419,9.628242499470295,6.574405538392787,-3.062495161293349,44.55977759447494,4.428763121065001,0.0,-0.16858595645676405,2.1132871996681484,0.0,1.9574244415010273,-2.5494881940116274,0.0,8.95358878146215,6.874310522852918,40.65746816012263,113.72526836311499,154.3827365232376
8.033999999999352,9.81,3.93,1,1,0.01,0.01,-6.963355093748952,9.622126428035129,6.6633505192401925,-3.0535466075543956,44.375323979396114,4.517748889324015,0.0,-0.1646452268857429,2.1082226442140835,0.0,1.9833641622187625,-2.5147891179369974,0.0,9.077910287139126,7.15956729847749,40.95884181863354,113.4228315453484,154.38167336398195
8.035999999999353,9.81,3.93,1,1,0.01,0.01,-6.949939795160019,9.616028423294846,6.751866432042353,-3.044432715152395,44.13039112651642,4.593988711059548,0.0,-0.16065221856107015,2.103229170954769,0.0,2.009698403861562,-2.4784030997238444,0.0,9.188529828476046,7.450835472316934,41.25684415923247,113.12374348465823,154.3805876438907
8.037999999999354,9.81,3.93,1,1,0.01,0.01,-6.936347995858156,9.609948789989362,6.8398304622967325,-3.035179642169343,43.82314895524563,4.656820639325046,0.0,-0.15660617106703706,2.0983101700862976,0.0,2.036398165550465,-2.440314259076205,0.0,9.284558143935955,7.747796047962768,41.55125229432511,112.82822690161129,154.3794791959364
8.039999999999354,9.81,3.93,1,1,0.01,0.01,-6.922580925365894,9.603887779236915,6.927116297345195,-3.025814842563373,43.45193190290597,4.705611632539456,0.0,-0.15250638435500374,2.093469060870399,0.0,2.063432087576028,-2.4005094396454854,0.0,9.365125313268338,8.050082935071591,41.84183942367557,112.53650846563369,154.37834788930925
8.041999999999355,9.81,3.93,1,1,0.01,0.01,-6.908640069045082,9.597845586003698,7.013594470262818,-3.016367003003723,43.01525361762373,4.739762909339798,0.0,-0.1483522234230768,2.0887092860163348,0.0,2.0907664922466576,-2.358978378178431,0.0,9.429387322071225,8.357281795276702,42.1283752036186,112.24881842833064,154.37719363194924
8.043999999999356,9.81,3.93,1,1,0.01,0.01,-6.8945271740377185,9.591822346710515,7.099132732103817,-3.0068659690171233,42.51182059237665,4.758715272817496,0.0,-0.1441431228961293,2.084034305731925,0.0,2.118365442751912,-2.315713865994905,0.0,9.476532813061768,8.668929233046612,42.41062615089436,111.96539022211513,154.3760163730095
8.045999999999356,9.81,3.93,1,1,0.01,0.01,-6.880244254435821,9.58581813699774,7.183596450208871,-2.997342660564956,41.94054456494955,4.761954345843341,0.0,-0.139878591469823,2.0794475914605117,0.0,2.1461908203385125,-2.2707119013460066,0.0,9.505789963186059,8.984512366787998,42.68835608053611,111.68646002469345,154.37481610522957
8.047999999999357,9.81,3.93,1,1,0.01,0.01,-6.865793595630781,9.579832969669512,7.26684902994562,-2.987828977287859,41.30055352721435,4.749015658609531,0.0,-0.13555821618184066,2.0749526193234606,0.0,2.1742024198855456,-2.2239718312662022,0.0,9.516433420592833,9.303468812351165,42.96132657693333,111.41226629025951,154.37359286719283
8.049999999999358,9.81,3.93,1,1,0.01,0.01,-6.851177757798219,9.573866792837478,7.34875235696305,-2.9783576937718723,40.59120120991278,4.719489530039041,0.0,-0.13118166647369162,2.0705528632905668,0.0,2.2023580637451383,-2.1754964816199567,0.0,9.50779123125563,9.62518710716037,43.22929749688768,111.14304924856108,154.37234674544877
8.051999999999358,9.81,3.93,1,1,0.01,0.01,-6.836399578480431,9.567919488283607,7.429167256798594,-2.968962345305474,39.812074935382924,4.673025686317838,0.0,-0.12674869800682187,2.0662517881031586,0.0,2.2306137334909133,-2.125292274150753,0.0,9.479251681771224,9.949007598507782,43.492027503168444,110.87905037330518,154.37107787647363
8.053999999999359,9.81,3.93,1,1,0.01,0.01,-6.82146217423505,9.561990870060527,7.50795396849039,-2.959677104707843,38.96300175982595,4.609337562492354,0.0,-0.12225915619779609,2.062052841976995,0.0,2.258923718992914,-2.073369329467824,0.0,9.430269982695556,10.274223814184412,43.74927462677548,110.62051182167457,154.36978644845004
8.05599999999936,9.81,3.93,1,1,0.01,0.01,-6.80636894132536,9.556080683346561,7.584972628721294,-2.9505366509132664,38.04405285789568,4.528206236759956,0.0,-0.1177129794386576,2.057959449114017,0.0,2.28724078401932,-2.01974155504944,0.0,9.360374715771368,10.600084327666098,44.00079685582715,110.36767584701707,154.3684727028442
8.05799999999936,9.81,3.93,1,1,0.01,0.01,-6.79112355543474,9.550188603571206,7.660083762959004,-2.9415760300928957,37.055546134734506,4.429483951677215,0.0,-0.11311020197037386,2.0539750020537175,0.0,2.315516347356867,-1.9644267174981915,0.0,9.269173968597922,10.92579512363661,44.246352748710734,110.12078418704891,154.36713693575965
8.059999999999361,9.81,3.93,1,1,0.01,0.01,-6.7757299703947735,9.544314235825105,7.733148780059521,-2.9328305101813426,35.998047083105455,4.313097181894639,0.0,-0.10845095637951635,2.050102853896247,0.0,2.3437006782477026,-1.9074464984499508,0.0,9.156361081706155,11.250522462839427,44.48570206887759,109.88007743017297,154.36577949905057
8.061999999999362,9.81,3.93,1,1,0.01,0.01,-6.760192415923594,9.538457114566793,7.804030466868402,-2.9243354297504567,34.872367934967514,4.179049214039584,0.0,-0.10373547569089187,2.046346310430402,0.0,2.3717431047647053,-1.8488265337090033,0.0,9.021719935605912,11.573396238242989,44.718606438427145,109.64579436275093,154.36440080117808
8.063999999999362,9.81,3.93,1,1,0.01,0.01,-6.744515394377815,9.532616703636501,7.8725934794832035,-2.9161260422349824,33.679565186734735,4.027422210842156,0.0,-0.09896409503175385,2.04270862220034,0.0,2.399592233592996,-1.7885964353537567,0.0,8.865129709116463,11.89351380742464,44.944830007410836,109.41817130038368,154.36300130779452
8.065999999999363,9.81,3.93,1,1,0.01,0.01,-6.728703676527922,9.526792396585293,7.938704828026709,-2.9082373565638675,32.420935604595584,3.8583787383485606,0.0,-0.0941372528464226,2.039192976545174,0.0,2.427196179556005,-1.7267897967251766,0.0,8.68656904508967,12.209944279075838,45.16414013560401,109.19744140643976,154.36158154204378
8.067999999999364,9.81,3.93,1,1,0.01,0.01,-6.712762296373061,9.520983517325629,8.002234352017467,-2.9007039752864796,31.098010839807532,3.6721627419017113,0.0,-0.08925549164358615,2.0358024896456604,0.0,2.454502803121076,-1.6634441803700823,0.0,8.48611956538193,12.521733224746072,45.37630808333596,108.98383400123176,154.3601420845677
8.069999999999364,9.81,3.93,1,1,0.01,0.01,-6.6966965450166995,9.515189321107245,8.063055183703975,-2.8935599313048628,29.712550803059056,3.469099963299561,0.0,-0.08431945826213227,2.0325401986118514,0.0,2.4814599540442086,-1.5986010891588487,0.0,8.263968683491903,12.827907780515032,45.58110970784432,108.77757386536626,154.35868357321058
8.071999999999365,9.81,3.93,1,1,0.01,0.01,-6.680511963629627,9.509408995820046,8.121044197042142,-2.8868385243318215,28.266535961259297,3.249597798000096,0.0,-0.0793299036451452,2.029409053645051,0.0,2.50801571926577,-1.5323059209291394,0.0,8.020411670514807,13.127482097332436,45.7783261615249,108.57888054089241,154.35720670241733
8.073999999999366,9.81,3.93,1,1,0.01,0.01,-6.664214335531032,9.503641663623409,8.176082440332191,-2.88057215819079,26.76215872900255,3.014144597254274,0.0,-0.07428768211544134,2.0264119103065728,0.0,2.5341186731485887,-1.4646079071199418,0.0,7.755852937810703,13.419463093401752,45.967744588382516,108.38796763393898,154.3557122223215
8.075999999999366,9.81,3.93,1,1,0.01,0.01,-6.647809677422038,9.497886382899138,8.22805555087993,-2.8747921800581313,25.201814130284347,2.7633084254975016,0.0,-0.06919375014989543,2.023551521924769,0.0,2.559718128155505,-1.3955600359523301,0.0,7.470806507892485,13.702856457296638,46.149158814959044,108.20504212256577,154.3542009375248
8.077999999999367,9.81,3.93,1,1,0.01,0.01,-6.6313042298089995,9.492142150523085,8.276854150397057,-2.869528722722963,23.58808990371822,2.4977352880902117,0.0,-0.06404916465351951,2.020830532170632,0.0,2.584764384092613,-1.3252189607820948,0.0,7.165895653348428,13.97667284655209,46.32237003200507,108.03030367356284,154.3526737055679
8.079999999999368,9.81,3.93,1,1,0.01,0.01,-6.614704446656063,9.486407904448376,8.322374220194787,-2.8648105509052857,21.923756216732944,2.218146848520354,0.0,-0.05885508073804263,2.018251467830962,0.0,2.609208974094923,-1.25364489429556,0.0,6.841851691988709,14.239934223315009,46.487187463189315,107.86394397191019,154.3511314350995
8.081999999999368,9.81,3.93,1,1,0.01,0.01,-6.598016984308102,9.480682526591085,8.36451745554389,-2.8606649126316106,20.21175514127579,1.9253376573997563,0.0,-0.053612749013242145,2.01581673180672,0.0,2.633004905599585,-1.1809014892420986,0.0,6.499511934706876,14.491680266293441,46.643429017186264,107.70614606656295,154.34957508374922
8.083999999999369,9.81,3.93,1,1,0.01,0.01,-6.581248689726069,9.474964846007325,8.403191598862445,-2.8571173966200587,18.45519002598224,1.620171918025022,0.0,-0.04832351240273294,2.013528596362795,0.0,2.6561068946346644,-1.1070557063976045,0.0,6.139816790673982,14.73097479671519,46.79092191955539,107.55708373615775,154.34800565571314
8.08599999999937,9.81,3.93,1,1,0.01,0.01,-6.564406588077234,9.469253642348784,8.438310751641577,-2.8541917965755514,16.657314878226693,1.3035798149573627,0.0,-0.04298880249921186,2.011389196654059,0.0,2.6784715918451023,-1.0321776704340284,0.0,5.763806042344211,14.95691215528078,46.92950332092008,107.41692087814431,154.3464241990644
8.08799999999937,9.81,3.93,1,1,0.01,0.01,-6.547497869722756,9.463547649582068,8.469795665221918,-2.851909983241732,14.821523844691201,0.9765534330609459,0.0,-0.03761013547714048,2.009400524551237,0.0,2.700057798778701,-0.9563405143331088,0.0,5.37261431027792,15.168623467146292,47.05902087806524,107.28581092473485,154.3448318028001
8.089999999999371,9.81,3.93,1,1,0.01,0.01,-6.530529876644641,9.457845559955508,8.497574010684096,-2.8502917850008735,12.951340852026725,0.6401422948408528,0.0,-0.032189107583750376,2.0075644227889167,0.0,2.7208266730599395,-0.8796202129325223,0.0,4.967465734947339,15.365282732756882,47.17933330470454,107.16389628893583,154.3432295936404
8.091999999999372,9.81,3.93,1,1,0.01,0.01,-6.513510088353509,9.452146028195601,8.521580628211328,-2.8493548777573716,11.050409440740763,0.2954485438452453,0.0,-0.02672739023189391,2.005882579456897,0.0,2.74074192118538,-0.80209540613287,0.0,4.549667909456997,15.546112683825829,47.29031088881118,107.05130784378464,154.3416187325958
8.093999999999372,9.81,3.93,1,1,0.01,0.01,-6.496446107317835,9.44644767591384,8.541757756319674,-2.84911468478527,9.12248279661746,-0.05637819852237366,0.0,-0.021226724720636664,2.004356522855068,0.0,2.759769977778994,-0.7238472122286459,0.0,4.12060510348436,15.710390345866147,47.391835973565335,106.94816443775504,154.34000041132037
8.095999999999373,9.81,3.93,1,1,0.01,0.01,-6.479345643954549,9.440749096203346,8.558055241331699,-2.849584287166145,7.171413955835793,-0.4141462760285266,0.0,-0.01568891661180316,2.0029876167311818,0.0,2.77788017024658,-0.6449590317617878,0.0,3.6817308247496956,15.857452251378355,47.48380339914128,106.85457244912895,154.33837584827023
8.097999999999374,9.81,3.93,1,1,0.01,0.01,-6.46221650122017,9.43504885840356,8.570430727394758,-2.8507743453908434,5.201146133380812,-0.7766277143672846,0.0,-0.010115829792602143,2.0017770559201056,0.0,2.7950448678647315,-0.5655163422350415,0.0,3.2345597699696906,15.986699251032382,47.56612090273737,106.7706253819502,154.33674628468756
8.099999999999374,9.81,3.93,1,1,0.01,0.01,-6.445066558841221,9.429345513010125,8.578849827219823,-2.8526930326468896,3.2157031004198786,-1.1425641860584674,0.0,-0.004509380256387335,2.000725862402554,0.0,2.8112396144307064,-0.48560648397165385,0.0,2.780659222582756,16.097600873906455,47.63870947444576,106.69640350598648,154.33511298043226
8.101999999999375,9.81,3.93,1,1,0.01,0.01,-6.4279037572224045,9.423637596706111,8.583286273546976,-2.855345980262543,1.219179515817425,-1.5106731981667296,0.0,0.0011284703647762573,1.9998348818007503,0.0,2.826443243685163,-0.40531843737018225,0.0,2.321639959572905,16.18969919202366,47.7015036667591,106.63197354292453,154.33347720968362
8.103999999999376,9.81,3.93,1,1,0.01,0.01,-6.41073608107128,9.417923637489842,8.58372205113703,-2.8587362357277946,-0.7842688992624313,-1.879654477410351,0.0,0.006795721480565481,1.9991047803279929,0.0,2.8406379768011667,-0.3247425917835674,0.0,1.859146734492573,16.26261214902552,47.754451855724426,106.57738840081151,154.33184025653594
8.105999999999376,9.81,3.93,1,1,0.01,0.01,-6.393571542778771,9.41220215987379,8.580147508854473,-2.8628642336612415,-2.7904354660111848,-2.248196526641811,0.0,0.012490340399373523,1.9985360422086467,0.0,2.853809501311139,-0.2439705062532716,0.0,1.3948484083030006,16.316036317813897,47.79751645197897,106.53268695853342,154.33020341051238
8.107999999999377,9.81,3.93,1,1,0.01,0.01,-6.376418165595961,9.406471690128324,8.572561451155474,-2.867727780038698,-4.795073060039239,-2.614983325542038,0.0,0.01821026932409686,1.9981289675846057,0.0,2.865947030920699,-0.16309466235492243,0.0,0.9304278039084303,16.349749057357496,47.83067406013727,106.49789390188558,154.32856796202284
8.109999999999378,9.81,3.93,1,1,0.01,0.01,-6.359283966649281,9.400730761543521,8.560971208037408,-2.8733220499434675,-6.793905158953377,-2.9787011466495477,0.0,0.023953432448038492,1.9978836709236933,0.0,2.8770433457370315,-0.08220820946290319,0.0,0.4675713642295926,16.363610044578007,47.85391558524776,106.47301961254422,154.32693519779198
8.111999999999378,9.81,3.93,1,1,0.01,0.01,-6.342176939838306,9.394977919681773,8.5453926822553,-2.8796395990382204,-8.782637547396217,-3.338045455529007,0.0,0.029717743111344737,1.9978000799448061,0.0,2.887094812521538,-0.0014047028189025645,0.0,0.007958697297187093,16.35756216328334,47.86724628529818,106.45806011098557,154.32530639628374
8.113999999999379,9.81,3.93,1,1,0.01,0.01,-6.325105038663025,9.389211727593624,8.525850372377949,-2.8866703888932603,-10.756970789213469,-3.691727861018464,0.0,0.03550111097772083,1.9978779350737033,0.0,2.896101384665577,0.07922216510721529,0.0,-0.4467479049272785,16.33163173848299,47.87068576902652,106.45299705412376,154.32368282315028
8.11599999999938,9.81,3.93,1,1,0.01,0.01,-6.308076159030504,9.383430770969023,8.50237737005444,-2.8944018262345517,-12.71261355811483,-4.038483078142672,0.0,0.04130144919061346,1.9981167894422818,0.0,2.904066581685476,0.15957883934764833,0.0,-0.8949138845691677,16.285928111069147,47.86426793858399,106.4577977881483,154.3220657267323
8.11799999999938,9.81,3.93,1,1,0.01,0.01,-6.291098122094282,9.377633663196173,8.475015329702106,-2.902818816096411,-14.645296894286542,-4.3770758625744595,0.0,0.04711668146783184,1.9985160094427674,0.0,2.9109974481420107,0.23957218249211185,0.0,-1.3349426811572518,16.220642554744703,47.848040876903525,106.47241545673566,154.32045633363919
8.119999999999381,9.81,3.93,1,1,0.01,0.01,-6.274178657183548,9.37181905030025,8.443814408720288,-2.911903828777595,-16.550789425344174,-4.706307871585316,0.0,0.05294474909343532,1.9990747758465681,0.0,2.9169044920112364,0.3191097591343166,0.0,-1.7652857473368841,16.1360465441705,47.82206667994916,106.49678916448761,154.31885584443677
8.121999999999382,9.81,3.93,1,1,0.01,0.01,-6.257325384882977,9.365985615734552,8.408833176290244,-2.9216369804054336,-18.424913556594618,-5.025024402451237,0.0,0.05878361776591587,1.9997920854954876,0.0,2.9218016026694134,0.3981001235939166,0.0,-2.184452223605806,16.032489390525125,47.78642123435579,106.53084419511437,154.31726542947015
8.123999999999382,9.81,3.93,1,1,0.01,0.01,-6.240545800327988,9.360132084997153,8.370138488848067,-2.9319961268107018,-20.26356259870663,-5.332120955465276,0.0,0.06463128426222227,2.000666753570579,0.0,2.9257059488051924,0.47645310960944315,0.0,-2.5910181792605758,15.910395267939334,47.74119394131816,106.57449228353173,154.31568622484988
8.125999999999383,9.81,3.93,1,1,0.01,0.01,-6.223847256783896,9.354257230046834,8.327805330420128,-2.9429569703067244,-22.062718761616665,-5.6265495652623905,0.0,0.07048578287791378,2.0016974164411163,0.0,2.928637856736917,0.5540801205066318,0.0,-2.9836353284704953,15.770259661484811,47.68648738794553,106.62763194068168,154.3141193286272
8.127999999999384,9.81,3.93,1,1,0.01,0.01,-6.207236949580911,9.348359873492967,8.281916616193406,-2.954493178850629,-23.8184719030908,-5.907324841322196,0.0,0.07634519160486258,2.0028825350929793,0.0,2.930620669790425,0.6308944181611944,0.0,-3.36103913342192,15.612645274449244,47.62241696766642,106.69014882951903,154.31256579718544
8.129999999999384,9.81,3.93,1,1,0.01,0.01,-6.190721900479927,9.342438892535222,8.232562957956437,-2.9665765169442393,-25.52703888015305,-6.173529656505004,0.0,0.08220763800945773,2.0042203991322243,0.0,2.931680589581031,0.7068114089020519,0.0,-3.7220562108962145,15.438177439388353,47.54911045163632,106.76191619023541,154.31102664187173
8.131999999999385,9.81,3.93,1,1,0.01,0.01,-6.174308942546441,9.336493222630363,8.179842390389348,-2.979176987508638,-27.184783312953698,-6.424320421497955,0.0,0.08807130477613218,2.005709131355735,0.0,2.931846500239309,0.7817489243476,0.0,-4.065610964528262,15.247539083771992,47.46670751347273,106.84279531241977,154.30950282589248
8.133999999999386,9.81,3.93,1,1,0.01,0.01,-6.158004705611581,9.330521860865051,8.123860057598485,-2.9922629838421857,-28.788235535017396,-6.658931883292137,0.0,0.09393443488326225,2.0073466928767023,0.0,2.9311497768200554,0.8556274950402291,0.0,-4.3907313723652805,15.04146530679242,47.37535921000591,106.93263605148832,154.30799526149423
8.135999999999386,9.81,3.93,1,1,0.01,0.01,-6.141815602399973,9.324523869015481,8.064727859775381,-3.0058014506494386,-30.334112472619477,-6.876681387445613,0.0,0.09979533638126842,2.0091308887883224,0.0,2.929624079332521,0.9283706146507793,0.0,-4.696553868195812,14.820737628931152,47.275227421088346,107.03127738636096,154.3065048074493
8.137999999999387,9.81,3.93,1,1,0.01,0.01,-6.125747815403855,9.31849837627682,8.002564060400886,-3.0197580530107335,-31.819337170500635,-7.07697254699443,0.0,0.10565238674571989,2.0110593743445784,0.0,2.927305134022879,0.9999049924684761,0.0,-4.982327265365373,14.586177980050481,47.16648425184157,107.1385480150214,154.30503226686295
8.139999999999388,9.81,3.93,1,1,0.01,0.01,-6.109807284581455,9.3124445816478,7.937492855000748,-3.0340973520523598,-33.24105766249158,-7.259298265539798,0.0,0.11150403678173165,2.013129661632371,0.0,2.924230503721183,1.0701607918796676,0.0,-5.24741568332481,14.338642494957663,47.04931140103602,107.25426698428112,154.30357838531714
8.141999999999388,9.81,3.93,1,1,0.01,0.01,-6.093999695955002,9.306361755958363,7.86964390307404,-3.048782985978223,-34.59666487479757,-7.423243068252525,0.0,0.11734881405976161,2.015339126704719,0.0,2.92043934922902,1.1390718525727588,0.0,-5.491300449787343,14.079015187475719,46.923899499581815,107.37824434977902,154.30214384936085
8.143999999999389,9.81,3.93,1,1,0.01,0.01,-6.078330471179892,9.300249243531079,7.799151825444081,-3.0637778550388606,-35.88380924737902,-7.568484702231325,0.0,0.12318532586695045,2.0176850171402827,0.0,2.9159721838655908,1.206575894288757,0.0,-5.713580964872062,13.808201574963375,46.79044742336096,107.51028186199513,154.30072928535608
8.14599999999939,9.81,3.93,1,1,0.01,0.01,-6.06280475815138,9.294106463469909,7.72615566990552,-3.0790443089453667,-37.10041576552775,-7.694794976721934,0.0,0.1290122616625557,2.020164459990222,0.0,2.910870623403458,1.272614700068188,0.0,-5.913974527718114,13.527122324902116,46.64916158484036,107.65017367384328,154.29933525868364
8.14799999999939,9.81,3.93,1,1,0.01,0.01,-6.047427422708838,9.287932910572994,7.650798348642863,-3.0945443351868938,-38.244697109431065,-7.80203982395255,0.0,0.1348283950305639,2.0227744700694945,0.0,2.9051771337063346,1.3371342771235524,0.0,-6.092315140451697,13.236706993592191,46.50025520806966,107.79770706524027,154.29796227330993
8.149999999999391,9.81,3.93,1,1,0.01,0.01,-6.032203041490082,9.281728155869203,7.573226051457077,-3.110239746682934,-39.31516465401766,-7.890178572536153,0.0,0.1406325851272251,2.0255119585461467,0.0,2.8989347784263497,1.4000849936896085,0.0,-6.248551318746117,12.93788792418895,46.34394759178072,107.95266317993114,154.29661077171187
8.151999999999392,9.81,3.93,1,1,0.01,0.01,-6.017135895979693,9.27549184678135,7.493587639340881,-3.1260923671972862,-40.310637084124124,-7.959262437251018,0.0,0.14642377762599923,2.02837374177913,0.0,2.892186969124547,1.4614216904671657,0.0,-6.382742952186684,12.631594367321057,46.18046336536896,108.11481776978472,154.2952811351537
8.153999999999392,9.81,3.93,1,1,0.01,0.01,-6.002229967785728,9.269223706922128,7.412034023374327,-3.1420642129603857,-41.23024643010459,-8.00943224121151,0.0,0.15220100516710847,2.0313565503526902,0.0,2.884977220144137,1.5211037655740562,0.0,-6.495057270890985,12.318746882452418,46.01003174254012,108.28394194176585,154.29397368430597
8.155999999999393,9.81,3.93,1,1,0.01,0.01,-5.987488935168909,9.262923535531847,7.328717534256679,-3.1581176689909465,-42.07344137524311,-8.040915398641951,0.0,0.15796338732346685,2.0344570382535334,0.0,2.8773489104913996,1.57909523224215,0.0,-6.585763987007522,12.000252072107914,45.83288577735725,108.45980290283569,154.29268868019295
8.157999999999394,9.81,3.93,1,1,0.01,0.01,-5.972916170837498,9.256591206570038,7.243791288037595,-3.17421565867621,-42.839987737310054,-8.054022198316172,0.0,0.16371013009916344,2.0376717921357717,0.0,2.8693450548647363,1.6353647488444552,0.0,-6.655229690520351,11.676997694231108,45.649261627315084,108.64216469813707,154.29142632545216
8.159999999999394,9.81,3.93,1,1,0.01,0.01,-5.958514741009752,9.250226667475767,7.157408553752133,-3.1903218052615347,-43.52996608071838,-8.049141438877443,0.0,0.169440524980821,2.0409973406182074,0.0,2.861008085820567,1.6898856211924873,0.0,-6.703911587958276,11.349848190459348,45.45939782790729,108.83078893797838,154.29018676588566
8.161999999999395,9.81,3.93,1,1,0.01,0.01,-5.944287405734435,9.243829937614114,7.0697221286958,-3.206400584012814,-44.143766471265046,-8.026735477384763,0.0,0.17515394756593763,2.0444301635587214,0.0,2.852379648879222,1.7426357774025638,0.0,-6.7323506799316775,11.019640660183233,45.26353458294024,109.02543550934121,154.28897009228143
8.163999999999396,9.81,3.93,1,1,0.01,0.01,-5.930236620448393,9.237401106428573,6.9808837269964386,-3.2224174639469547,-44.68208044064195,-7.987334761251324,0.0,0.1808498557957171,2.0479667012514957,0.0,2.8435004121588943,1.7935977159816696,0.0,-6.7411644787439355,10.687181302105973,45.06191307458488,109.22586326789424,154.2877763424791
8.165999999999396,9.81,3.93,1,1,0.01,0.01,-5.916364538739133,9.230940331321237,6.891043386951748,-3.238339038173549,-45.145890281050825,-7.931531921008416,0.0,0.18652778782284818,2.0516033634944466,0.0,2.8344098918865765,1.8427584281206446,0.0,-6.731039370557478,10.353242336839308,44.85477479685529,109.43183070679899,154.28660550365427
8.167999999999397,9.81,3.93,1,1,0.01,0.01,-5.902673016269596,9.224447835284375,6.800348902310318,-3.2541331420515505,-45.53645583974875,-7.85997550685393,0.0,0.19218735954711522,2.0553365384765225,0.0,2.8251462948779342,1.890109295496478,0.0,-6.702722727711628,10.018559416065214,44.642360915861545,109.64309659893095,154.28545751479248
8.169999999999398,9.81,3.93,1,1,0.01,0.01,-5.889163615812406,9.2179239043084,6.708945282289016,-3.269768958534681,-45.85529902776635,-7.773363455607456,0.0,0.1978282618536433,2.059162601437432,0.0,2.8157463788092065,1.9356459651700508,0.0,-6.657014875834427,9.683829516139365,44.42491165981306,109.85942060951072,154.28433226932378
8.171999999999398,9.81,3.93,1,1,0.01,0.01,-5.875837613331695,9.211368884592366,6.616974244651796,-3.285217110254605,-46.104186295177655,-7.672436376438374,0.0,0.20345025758998783,2.063077923055783,0.0,2.806245330830703,1.9793682034144722,0.0,-6.594761017465319,9.349709306879875,44.202665741355645,110.08056387653315,154.2832296178888
8.173999999999399,9.81,3.93,1,1,0.01,0.01,-5.862696005042508,9.204783179583796,6.524573745638034,-3.3004497380677846,-46.285109356223394,-7.557970743560762,0.0,0.20905317831903308,2.0670788775254945,0.0,2.796676664799204,2.0212797305176053,0.0,-6.516843209169397,9.01681397981073,43.975859814413155,110.30628955679214,154.2821493712053
8.1759999999994,9.81,3.93,1,1,0.01,0.01,-5.84973951537078,9.198167246875043,6.431877549937442,-3.3154405659666213,-46.40026447069399,-7.430772082083645,0.0,0.2146369208850263,2.071161850284623,0.0,2.7870721371420486,2.0613880387679178,0.0,-6.424172482784769,8.685716514424719,43.74472796728806,110.53636333571848,154.28109130300652
8.1779999999994,9.81,3.93,1,1,0.01,0.01,-5.83696860573113,9.191521594983433,6.339014843279452,-3.33016495242441,-46.452030602922825,-7.291668229488217,0.0,0.22020144382982665,2.07532324536528,0.0,2.777461681114639,2.099704195952712,0.0,-6.317681193742702,8.35694735617613,43.50950125335451,110.77055389966927,154.28005515302377
8.179999999999401,9.81,3.93,1,1,0.01,0.01,-5.824383484035203,9.184846780042095,6.246109889554161,-3.3445999284035848,-46.442946786514,-7.141502749955791,0.0,0.22574676369567623,2.0795594923380345,0.0,2.767873358980288,2.1362426367721303,0.0,-6.198315670605897,8.030994475956675,43.270407260263084,111.00863336972,154.2790406299831
8.181999999999402,9.81,3.93,1,1,0.01,0.01,-5.81198411484014,9.17814340242782,6.153281733725465,-3.358724222404821,-46.37568902182023,-6.9811285722183545,0.0,0.23127295124973407,2.083867052829094,0.0,2.758333331430857,2.1710209446024584,0.0,-6.067029230368127,7.708303777766674,43.027669718175616,111.2503776964176,154.27804741459323
8.183999999999402,9.81,3.93,1,1,0.01,0.01,-5.799770230044857,9.171412103351349,6.060643951150336,-3.372518273068441,-46.25304702468928,-6.811401913985686,0.0,0.23678012766400244,2.088242426593357,0.0,2.748865843382228,2.204059626029089,0.0,-5.924775613931201,7.389279819158804,42.78150814716457,111.49556701533422,154.2770751624988
8.185999999999403,9.81,3.93,1,1,0.01,0.01,-5.7877413400412445,9.164653561434406,5.968304443295203,-3.3859642299573895,-46.0779011298659,-6.633176547587946,0.0,0.24226846068239527,2.0926821571312706,0.0,2.739493225121767,2.2353818805173042,0.0,-5.772502885805705,7.074286807765042,42.53213754355082,111.74398596362704,154.27612350717786
8.187999999999404,9.81,3.93,1,1,0.01,0.01,-5.775896745227983,9.157868489296371,5.8763652792536725,-3.3990459432514277,-45.85319963156744,-6.447298452532189,0.0,0.2477381608045283,2.09718283684206,0.0,2.730235907657841,2.2650133675009103,0.0,-5.61114783173013,6.763649836764101,42.27976810462097,111.99542395814255,154.27519206276352
8.189999999999404,9.81,3.93,1,1,0.01,0.01,-5.764235547796426,9.15105763017199,5.784922581929645,-3.41174894316443,-45.58193681815725,-6.254600891465491,0.0,0.25318947751338505,2.10174111171034,0.0,2.721112451023673,2.2929819730498044,0.0,-5.441630877809532,6.457656322429699,42.02460499086261,112.24967543590981,154.2742804267724
8.191999999999405,9.81,3.93,1,1,0.01,0.01,-5.752756663700769,9.144221754579803,5.694066457264768,-3.4240604099604064,-45.267131928607554,-6.0558999368225495,0.0,0.25862269557149076,2.1063536855273224,0.0,2.712139584219669,2.319317578132357,0.0,-5.26485154514695,6.156557607833673,41.76684812458726,112.50654005813823,154.27338818272548
8.193999999999406,9.81,3.93,1,1,0.01,0.01,-5.741458834728385,9.137361657059166,5.603880964465246,-3.435969135489382,-44.91180922666434,-5.8519904664328735,0.0,0.2640381314074848,2.111017323651674,0.0,2.7033322554382107,2.34405183032248,0.0,-5.081684444954401,5.860570698265634,41.50669202357557,112.76582287907274,154.2725149026483
8.195999999999406,9.81,3.93,1,1,0.01,0.01,-5.730340640590691,9.130478152991905,5.514444124824272,-3.447465477192138,-44.51897935537937,-5.643642637780202,0.0,0.2694361296122981,2.1157288563186185,0.0,2.694703691201077,2.3672179206197144,0.0,-4.8929758109241455,5.569880095873532,41.24432566818045,113.0273344812598,154.27166014944027
8.197999999999407,9.81,3.93,1,1,0.01,0.01,-5.7194005109599955,9.123572075522683,5.425827966444764,-3.4585413055341068,-44.091622100961125,-5.431598842605599,0.0,0.2748170595614216,2.1204851815090224,0.0,2.6862654630499665,2.388850366858592,0.0,-4.699540558316835,5.284639703327371,40.97993240016076,113.2908910789458,154.27082347910658
8.199999999999408,9.81,3.93,1,1,0.01,0.01,-5.7086367373834195,9.116644272590271,5.338098601942584,-3.469189945824666,-43.632670661626726,-5.2165711362598675,0.0,0.280181312176986,2.1252832673929483,0.0,2.6780275604622057,2.408984804985644,0.0,-4.502159852847814,5.004974768865247,40.713689851386945,113.55631459145839,154.27000444284533
8.201999999999408,9.81,3.93,1,1,0.01,0.01,-5.698047485010986,9.109695604080025,5.251316336051354,-3.4794061153602924,-43.144997485119305,-4.999239129743553,0.0,0.28552929684085726,2.13012015436453,0.0,2.669998468713744,2.427657789283813,0.0,-4.30157916706054,4.730983847806183,40.44576990046666,113.8234326885214,154.26920258898804
8.203999999999409,9.81,3.93,1,1,0.01,0.01,-5.68763080408124,9.102726939105972,5.165535799953148,-3.489185856800153,-42.63140170843865,-4.780248326778294,0.0,0.29086143846739576,2.1349929566869807,0.0,2.6621852504770276,2.444906602427725,0.0,-4.09850679746786,4.462740758425892,40.17633865527169,114.09207880951921,154.2684174647909
8.20599999999941,9.81,3.93,1,1,0.01,0.01,-5.677384641114163,9.095739153429195,5.080806109120361,-3.4985264686425777,-42.09459820566032,-4.56020888357034,0.0,0.2961781747422074,2.1398988637681224,0.0,2.6545936300190562,2.460769076063647,0.0,-3.893612812296652,4.200296512916655,39.905556459313416,114.36209215876414,154.26764861807754
8.20799999999941,9.81,3.93,1,1,0.01,0.01,-5.667306849767555,9.088733127017482,4.997171041467642,-3.5074264336222365,-41.53720822486912,-4.339694765152537,0.0,0.3014799535310068,2.1448351410880244,0.0,2.647228078951989,2.4752834224272777,0.0,-3.687528397142172,3.9436812069282836,39.633577919903985,114.63331767883054,154.26689559873452
8.209999999999411,9.81,3.93,1,1,0.01,0.01,-5.657395201319442,9.081709741749611,4.91466923267305,-3.515885345792605,-40.9617515734719,-4.119243269305846,0.0,0.3067672304607442,2.1497991308012105,0.0,2.6400919025822063,2.488488077343586,0.0,-3.4808455641640546,3.6929058538623174,39.3605519560571,114.90560600400597,154.26615796006308
8.211999999999412,9.81,3.93,1,1,0.01,0.01,-5.647647394745201,9.074669879266189,4.833334385628126,-3.523903836998102,-40.370640292610794,-3.8993548870173242,0.0,0.31204046667331276,2.154788252036404,0.0,2.633187326001199,2.5004215547969215,0.0,-3.274117189559014,3.4479641526245235,39.08662186411604,115.17881339587461,154.26543525999065
8.213999999999412,9.81,3.93,1,1,0.01,0.01,-5.6380610663640995,9.067614418967628,4.753195491110979,-3.5314835033768306,-39.766173746102176,-3.680493467170094,0.0,0.3173001267505383,2.1598000009170315,0.0,2.626515579160403,2.5111223131185785,0.0,-3.0678573438431895,3.208834179900536,38.8119253991531,115.45280166299526,154.26472706214835
8.215999999999413,9.81,3.93,1,1,0.01,0.01,-5.628633799035565,9.06054423615859,4.674277056938275,-3.5386268324695647,-39.15053503720741,-3.4630866526090953,0.0,0.32254667680773647,2.164831950325647,0.0,2.6200769802706354,2.52062863271274,0.0,-2.862541879878045,2.975480000184475,38.53659487025158,115.72743806656692,154.2640329368185
8.217999999999414,9.81,3.93,1,1,0.01,0.01,-5.619363130890819,9.053460200337183,4.596599343034977,-3.5453371314449016,-38.52578865745378,-3.2475265548020205,0.0,0.3277805827519362,2.169881749435209,0.0,2.6138710169625488,2.5289785051315086,0.0,-2.658609244488653,2.7478531887467437,38.26075724786519,116.00259521389599,154.26335246176117
8.219999999999414,9.81,3.93,1,1,0.01,0.01,-5.610246563590446,9.046363173626215,4.520178600058969,-3.5516184568854583,-37.8938792654632,-3.0341706349320616,0.0,0.33300230869976133,2.174947123029609,0.0,2.6078964247368766,2.5362095332146364,0.0,-2.456461480860522,2.5258942644696143,37.98453428154001,116.27815094138424,154.26268522292423
8.221999999999415,9.81,3.93,1,1,0.01,0.01,-5.6012815701029695,9.039254009342987,4.445027309425884,-3.5574755465166823,-37.256631490058744,-2.8233427603330044,0.0,0.3382123155491845,2.1800258706352573,0.0,2.602151262320353,2.542358841929782,0.0,-2.2564653905755594,2.309534031007001,37.708042626383474,116.5539881886624,154.26203081504588
8.223999999999416,9.81,3.93,1,1,0.01,0.01,-5.592465602003607,9.032133550703414,4.371154422792628,-3.562913753199048,-36.61575065052704,-2.6153344066207067,0.0,0.3434110596986298,2.1851158654846907,0.0,2.5966329836246445,2.547462999483749,0.0,-2.058953826078116,2.0986948260438125,37.43139397676961,116.82999486538642,154.26138884215604
8.225999999999416,9.81,3.93,1,1,0.01,0.01,-5.5837960962960675,9.025002629655681,4.298565599272099,-3.5679389814468103,-35.97282428752119,-2.410405977607432,0.0,0.34859899190639504,2.1902150533322806,0.0,2.591338506080479,2.551557948223373,0.0,-1.8642270864742962,1.8932916795492496,37.154695205875804,117.10606371210908,154.26075891798487
8.227999999999417,9.81,3.93,1,1,0.01,0.01,-5.575270481763463,9.017862065838148,4.227263438862513,-3.572557626682575,-35.32932440039145,-2.2087882170318305,0.0,0.3537765562829785,2.1953214511411017,0.0,2.5862642751873355,2.5546789448054774,0.0,-1.672554391795479,1.6932333828498756,36.8780485097562,117.38209215652918,154.2601406662854
8.229999999999418,9.81,3.93,1,1,0.01,0.01,-5.566886184857257,9.010712665655879,4.157247710779751,-3.5767765173870862,-34.68661029043705,-2.0106836882273,0.0,0.3589441894086251,2.2004331456589625,0.0,2.5814063251800103,2.5568605090876226,0.0,-1.4841754131419864,1.4984234711061757,36.60155155476368,117.65798216631345,154.25953372107713
8.231999999999418,9.81,3.93,1,1,0.01,0.01,-5.558640635135593,9.00355522146987,4.08851557557743,-3.5806028602580366,-34.045931914398196,-1.816268300025469,0.0,0.36410231956826977,2.205548291900465,0.0,2.576760335767504,2.558136381173958,0.0,-1.299301838414961,1.3087611223765325,36.32529762724083,117.93364009957824,154.25893772681906
8.23399999999942,9.81,3.93,1,1,0.01,0.01,-5.550531270264379,8.996390510892903,4.0210618001252385,-3.584044188450503,-33.40843365818775,-1.6256928593940572,0.0,0.36925136609602743,2.210665111550842,0.0,2.572321684946764,2.5585394860421373,0.0,-1.1181189556018785,1.1241419769111867,36.04937578450248,118.20897655401502,154.2583523385175
8.23599999999942,9.81,3.93,1,1,0.01,0.01,-5.5425555405962115,8.989219296185784,3.9548789646898594,-3.587108312934803,-32.7751584471598,-1.4390846334961895,0.0,0.37439173882141175,2.215781891306155,0.0,2.5680854979343635,2.558101905176949,0.0,-0.9407872377693699,0.94445888065203,35.7738710062345,118.48390621554184,154.25777722177634
8.23799999999942,9.81,3.93,1,1,0.01,0.01,-5.534710913343527,8.982042323747756,3.8899576615235456,-3.5898032769750845,-32.14705211590955,-1.2565489059916697,0.0,0.37952383760958625,2.2208969811632926,0.0,2.564046692293431,2.556854854642683,0.0,-0.7674439160093283,0.7696025571382807,35.49886434552782,118.75834770726745,154.25721205279527
8.239999999999421,9.81,3.93,1,1,0.01,0.01,-5.526994876363469,8.974860323694852,3.826286684512552,-3.5921373137036707,-31.524967967508612,-1.0781705144514606,0.0,0.38464805198815005,2.2260087926721,0.0,2.560200019361514,2.5548286690384807,0.0,-0.5982045285599766,0.5994622121481799,35.2244330788597,119.03222343946292,154.25665651832261
8.241999999999422,9.81,3.93,1,1,0.01,0.01,-5.519404941572665,8.967674009520037,3.7638532095708466,-3.5941188067418874,-30.90967145904152,-0.904015357699985,0.0,0.3897647608531726,2.2311157971608506,0.0,2.5565401021080545,2.5520527907976636,0.0,-0.43316443616822375,0.4339260754574601,34.95065085441819,119.30545946114924,154.25611031556744
8.243999999999422,9.81,3.93,1,1,0.01,0.01,-5.511938648010638,8.960484077829124,3.702642965583886,-3.5957562537975694,-30.301844957186972,-0.7341318637195178,0.0,0.39487433224748986,2.236216523945231,0.0,2.553061469568151,2.548555764312734,0.0,-0.27240029546377453,0.2728818840795839,34.67758783824789,119.57798531382882,154.2555731520767
8.245999999999423,9.81,3.93,1,1,0.01,0.01,-5.504593564570868,8.953291208146586,3.6426403958130407,-3.5970582331524166,-29.702092514271587,-0.568552410434743,0.0,0.3999771232045722,2.241309558529999,0.0,2.5497585880129647,2.544365234391139,0.0,-0.11597148367394285,0.11621731128274958,34.40531085776793,119.84973388781422,154.25504474558215
8.247999999999424,9.81,3.93,1,1,0.01,0.01,-5.497367292418591,8.946096062785587,3.583828809763922,-3.598033372938578,-29.110944621629894,-0.40729469323750367,0.0,0.4050734796516065,2.246393540811488,0.0,2.546625889026724,2.539507948572666,0.0,0.03607853058013917,-0.03617965443465739,34.133883542283726,120.12064128153739,154.2545248238211
8.249999999999424,9.81,3.93,1,1,0.01,0.01,-5.4902574671143265,8.938899286776767,3.526190525602098,-3.598690323092975,-28.528862903163027,-0.2503630345075565,0.0,0.41016373636577863,2.251467163288244,0.0,2.543657794666619,2.534009762866305,0.0,0.18372087439885015,-0.18442037637573935,33.86336646017567,120.39064666415965,154.2540131243353
8.251999999999425,9.81,3.93,1,1,0.01,0.01,-5.483261760461909,8.93170150785053,3.4697070032681383,-3.5990377298696727,-27.956244717655967,-0.09774963163722239,0.0,0.4152482169780969,2.2565291692862157,0.0,2.540848739884985,2.527895650492596,0.0,0.32694001849833576,-0.32861527882197017,33.59381725250685,120.65969214174473,154.25350939425158
8.253999999999426,9.81,3.93,1,1,0.01,0.01,-5.4763778820994204,8.924503336467863,3.4143589685015145,-3.59908421278474,-27.393427643657105,0.05056425882156246,0.0,0.4203272340194809,2.261578351204109,0.0,2.5381931923940004,2.521189713245694,0.0,0.4657325877607759,-0.46887359468424233,33.32529076284362,120.92772262720406,154.25301339004767
8.255999999999426,9.81,3.93,1,1,0.01,0.01,-5.469603580850952,8.91730536589494,3.3601265280303845,-3.598838343864296,-26.84069382552751,0.19460720229537465,0.0,0.4254010890041581,2.266613548783795,0.0,2.5356856701514783,2.5139151951178547,0.0,0.6001062354547937,-0.6053031481596703,33.05783916312966,121.19468571417636,154.25252487730603
8.257999999999427,9.81,3.93,1,1,0.01,0.01,-5.462936645856583,8.910108172317027,3.306989276222641,-3.59830862906447,-26.298274163626278,0.3344165331739424,0.0,0.43047007254579284,2.27163364740995,0.0,2.5333207566431803,2.50609449785693,0.0,0.7300785813967107,-0.7380101691354825,32.79151207549718,121.46053155496126,154.25204363045845
8.259999999999428,9.81,3.93,1,1,0.01,0.01,-5.4563749074973185,8.902912314987496,3.25492639352369,-3.5975034917316417,-25.766352335515137,0.47003736747793745,0.0,0.4355344645021247,2.2766375764425,0.0,2.5310931141323154,2.497749198154696,0.0,0.85567621368993,-0.8670991362933697,32.52635668993583,121.72521274258845,154.2515694325243
8.261999999999428,9.81,3.93,1,1,0.01,0.01,-5.449916238131082,8.895718336407976,3.2039167370290933,-3.596431257972268,-25.245068638553853,0.6015216804328372,0.0,0.4405945341442098,2.2816243075848344,0.0,2.5289974950409793,2.4889000661902223,0.0,0.9769337531474798,-0.9926726460788845,32.26241787777337,121.98868419707023,154.2511020748436
8.26399999999943,9.81,3.93,1,1,0.01,0.01,-5.4435585526551264,8.888526762535975,3.1539389235563235,-3.5951001438037036,-24.734523647335735,0.728927447661722,0.0,0.44565054034667084,2.2865928532902626,0.0,2.5270287516215357,2.4795670852777167,0.0,1.0938929790620397,-1.114831304907849,31.999738300951492,122.25090305585654,154.25064135680805
8.26599999999943,9.81,3.93,1,1,0.01,0.01,-5.437299808909486,8.881338103016514,3.104971405590231,-3.593518243960416,-24.23478168209848,0.852317848290558,0.0,0.45070273179571935,2.291542265208673,0.0,2.5251818440685776,2.4697694723922354,0.0,1.2066020146295995,-1.2336736421832906,31.73835851710549,122.51182856848484,154.25018708559034
8.26799999999943,9.81,3.93,1,1,0.01,0.01,-5.431138007935353,8.874152851434602,3.056992540482174,-3.591693522233759,-23.745874086569568,0.9717605279260186,0.0,0.4557513472119538,2.2964716326749617,0.0,2.5234518472140746,2.4595256993694896,0.0,1.3151145700482778,-1.3492960418901967,31.478317080478597,122.7714219953963,154.24973907587488
8.269999999999431,9.81,3.93,1,1,0.01,0.01,-5.425071194101476,8.866971485585585,3.0099806532837974,-3.589633803227826,-23.2678023156914,1.0873269192051025,0.0,0.46079661558524,2.3013800812403713,0.0,2.5218339559403797,2.4488535145971237,0.0,1.4194892410942945,-1.4617926907206427,31.21965063872073,123.02964651086853,154.24929714958927
8.271999999999432,9.81,3.93,1,1,0.01,0.01,-5.419097455110953,8.859794467760679,2.963914093593841,-3.5873467654187015,-22.800540835346577,1.199091617421207,0.0,0.4658387564192525,2.3062667712475804,0.0,2.5203234894372812,2.437769965034929,0.0,1.5197888608146466,-1.571255540857153,30.962394025637337,123.28646711000195,154.2488611356393
8.273999999999432,9.81,3.93,1,1,0.01,0.01,-5.413214921899994,8.852622245045156,2.9187712867906623,-3.5848399354095757,-22.344039837600658,1.3071318085943893,0.0,0.4708779799834479,2.31113089645003,0.0,2.518915894421093,2.426291418419921,0.0,1.6160799018633507,-1.677774285707646,30.706580349967723,123.54185051967958,154.2484308696473
8.275999999999433,9.81,3.93,1,1,0.01,0.01,-5.407421768439536,8.845455249626914,2.8745307800149575,-3.5821206832795425,-21.898227776119388,1.4115267472651796,0.0,0.47591448757056004,2.3159716826757517,0.0,2.5176067474256265,2.4144335855292893,0.0,1.708431926938073,-1.7814363470402779,30.452241080283095,123.79576511341254,154.24800619369563
8.277999999999434,9.81,3.93,1,1,0.01,0.01,-5.401716211449847,8.838293899113344,2.831171283256893,-3.5791962189293907,-21.463013727334772,1.5123572812469235,0.0,0.48094847175780375,2.3207883865356727,0.0,2.516391756266735,2.4022115423901362,0.0,1.7969170847405949,-1.8823268721109672,30.19940612610379,124.04818082997062,154.2475869560744
8.279999999999434,9.81,3.93,1,1,0.01,0.01,-5.396096510037556,8.831138596854572,2.7886717058899615,-3.57607358933325,-21.038289583646936,1.6097054205619235,0.0,0.4859801166702814,2.325580294176218,0.0,2.5152667607744803,2.389639752339278,0.0,1.8816096488819813,-1.980528739510791,29.948103915342195,124.29906909569378,154.24717301103598
8.281999999999435,9.81,3.93,1,1,0.01,0.01,-5.390560965263904,8.823989732271375,2.7470111889807454,-3.572759676610481,-20.623932085487915,1.7036539478079844,0.0,0.49100959824518897,2.3303467200758092,0.0,2.5142277328793843,2.376732087849662,0.0,1.9625855971764385,-2.0761225725845334,29.698361468183418,124.54840275037158,154.246764218555
8.283999999999436,9.81,3.93,1,1,0.01,0.01,-5.385107919652329,8.816847681186193,2.7061691336897042,-3.569261196837669,-20.2198046994571,1.794286067247906,0.0,0.4960370844956007,2.3350870058847164,0.0,2.513270776132172,2.363501852051953,0.0,2.0399222288121805,-2.1691867593862852,29.45020446752017,124.79615597657505,154.24636044409522
8.285999999999436,9.81,3.93,1,1,0.01,0.01,-5.37973575664291,8.80971280615584,2.6661252260634147,-3.56558469952592,-19.825759349988353,1.8816850899800868,0.0,0.5010627357728126,2.3398005193076052,0.0,2.512392124729523,2.3499617998907025,0.0,2.113697816949043,-2.259797478243157,29.20365732606025,125.04230423232265,154.2459615583829
8.287999999999437,9.81,3.93,1,1,0.01,0.01,-5.374442900000594,8.802585456804662,2.626859458503617,-3.561736567693884,-19.44163801214691,1.9659341526312744,0.0,0.5060867050262785,2.3444866530279853,0.0,2.5115881421119544,2.3361241588644086,0.0,2.1839912943676434,-2.34802872809462,28.958743250227712,125.28682418695976,154.24556743718747
8.289999999999438,9.81,3.93,1,1,0.01,0.01,-5.369227813183582,8.795465970156998,2.588352148183167,-3.5577230184719295,-19.067274173193532,2.0471159671060843,0.0,0.5111091380603734,2.3491448236736865,0.0,2.5108553191939813,2.3220006493075087,0.0,2.2508819698803175,-2.433952362863168,28.71548430097893,125.52969366013019,154.2451779611091
8.291999999999438,9.81,3.93,1,1,0.01,0.01,-5.364088998677724,8.788354670967951,2.550583952663756,-3.5535501041777438,-18.702494170513255,2.1253125990322497,0.0,0.5161301737872883,2.3537744708224135,0.0,2.510190272280893,2.3076025041803376,0.0,2.314449273307353,-2.517638129192147,28.473901451654346,125.77089156371909,154.24479301537343
8.29399999999944,9.81,3.93,1,1,0.01,0.01,-5.359024997302274,8.781251872051593,2.513535882955149,-3.549223713808232,-18.347118413398146,2.200605272650087,0.0,0.5211499444755054,2.3583750560463623,0.0,2.509589740721392,2.2929404883400397,0.0,2.374772526920758,-2.5991537069598527,28.234014642986647,126.01039784664665,154.2444124896333
8.29599999999944,9.81,3.93,1,1,0.01,0.01,-5.354034387491899,8.774157874605802,2.477189314240882,-3.544749574896986,-18.00096249601172,2.2730742000098836,0.0,0.526168575993323,2.362946061994849,0.0,2.509050584340244,2.2780249172718263,0.0,2.431930741360107,-2.6785647520450167,27.99584283538422,126.24819344239411,154.24403627777832
8.29799999999944,9.81,3.93,1,1,0.01,0.01,-5.349115784559389,8.76707296853306,2.4415259944808887,-3.5401332556907437,-17.663838208656117,2.3427984324561706,0.0,0.5311861880470907,2.367486991513837,0.0,2.5085697806907414,2.262865675265268,0.0,2.4860024341289497,-2.75593494087909,27.75940405860625,126.48426021914428,154.24366427775053
8.299999999999441,9.81,3.93,1,1,0.01,0.01,-5.344267839943125,8.759997432756625,2.4065280510875375,-3.5353801676021903,-17.335554454223832,2.409855732496287,0.0,0.5362028944137687,2.3719973668012644,0.0,2.508144422162377,2.2474722330255066,0.0,2.537065468885005,-2.83132601637463,27.524715458944716,126.71858093242321,154.24329639136792
8.301999999999442,9.81,3.93,1,1,0.01,0.01,-5.339489240442965,8.752931535531536,2.3721779958580385,-3.5304955679001364,-17.015918076449147,2.4743224642655757,0.0,0.5412188031676161,2.3764767285970168,0.0,2.507771712975521,2.231853664713156,0.0,2.5851969138409254,-2.904797834868403,27.291793344024512,126.95113918012997,154.24293252415447
8.303999999999442,9.81,3.93,1,1,0.01,0.01,-5.334778707447864,8.745875534750043,2.3384587283332454,-3.5254845626015743,-16.704734606291,2.5362735009170025,0.0,0.54623401690075,2.3809246354064038,0.0,2.5074489660910815,2.216018664410762,0.0,2.630472917694883,-2.9764084137614595,27.060653225330906,127.181919359846,154.2425725851769
8.305999999999443,9.81,3.93,1,1,0.01,0.01,-5.330134996158226,8.738829678241077,2.3053535377405074,-3.520352109533339,-16.40180893248105,2.5957821473737277,0.0,0.5512486329374814,2.385340662756003,0.0,2.5071736000601397,2.1999755620165753,0.0,2.672968601609769,-3.046213979578374,26.831309858569586,127.41090662831868,154.24221648688828
8.307999999999444,9.81,3.93,1,1,0.01,0.01,-5.325556894805654,8.731794204063444,2.2728461036664567,-3.5151030215341246,-16.10694590196709,2.6529200769915073,0.0,0.5562627435423029,2.3897244024807174,0.0,2.506943135835454,2.1837323385693983,0.0,2.712757965856794,-3.1142690162032025,26.603777281962003,127.63808686301579,154.2418641449778
8.309999999999444,9.81,3.93,1,1,0.01,0.01,-5.321043223872515,8.724769340792509,2.240920495594466,-3.5097419697703933,-15.819950855674755,2.7077572807818733,0.0,0.5612764361214719,2.3940754620409135,0.0,2.506755193564059,2.16729664101052,0.0,2.749913809832541,-3.180626313081518,26.37806885257432,127.86344662565283,154.24151547822714
8.311999999999445,9.81,3.93,1,1,0.01,0.01,-5.316592835313463,8.717755307800143,2.209561171430977,-3.504273487142332,-15.540630104703494,2.760362027946379,0.0,0.5662897934181855,2.398393463868536,0.0,2.506607489377813,2.1506757963907672,0.0,2.7845076642481628,-3.24533701320652,26.154197280775556,128.08697312759708,154.24117040837262
8.313999999999446,9.81,3.93,1,1,0.01,0.01,-5.312204611780824,8.710752315527792,2.1787529751349632,-3.498701971758398,-15.268791351770686,2.8108008365672723,0.0,0.5713028937013365,2.4026780447410827,0.0,2.5064978321964784,2.133876825532425,0.0,2.8166097343750014,-3.308450660732462,25.93217466291653,128.3086541970569,154.24082885997345
8.315999999999447,9.81,3.93,1,1,0.01,0.01,-5.307877465855527,8.703760565752544,2.1484811335554683,-3.493031690459217,-15.00424406242014,2.8591384533897712,0.0,0.5763158109479091,2.406928855182369,0.0,2.506424120555945,2.1169064561571127,0.0,2.8462888533123363,-3.370015248081463,25.712012512317372,128.5284782479681,154.24049076028547
8.317999999999447,9.81,3.93,1,1,0.01,0.01,-5.303610339285076,8.696780251846112,2.1187312525734137,-3.4872667823736547,-14.746799790223788,2.9054378417165756,0.0,0.5813286150190544,2.4111455588890225,0.0,2.50638433947242,2.0997711354919115,0.0,2.8736124443202034,-3.430077262429805,25.493721788648436,128.74643425049226,154.2401560391407
8.319999999999448,9.81,3.93,1,1,0.01,0.01,-5.299402202229857,8.689811559026685,2.089489312635698,-3.4814112624917373,-14.49627245992451,2.9497601765149155,0.0,0.5863413718299564,2.4153278321816845,0.0,2.5063765573518135,2.0824770423668397,0.0,2.898646491333105,-3.488681731477928,25.277312925785335,128.96251170304674,154.23982462883208
8.321999999999449,9.81,3.93,1,1,0.01,0.01,-5.295252052518914,8.682854664603633,2.060741663761978,-3.47546902524084,-14.252478612201205,2.9921648459121415,0.0,0.591354143513545,2.419475363479901,0.0,2.506398922952031,2.0650300988176413,0.0,2.921455516839317,-3.5458722684239934,25.06279585821556,129.1767006057876,154.23949646400317
8.32399999999945,9.81,3.93,1,1,0.01,0.01,-5.291158914916189,8.675909738215058,2.0324750200974235,-3.4694438480531304,-14.015237613478549,3.0327094583259253,0.0,0.5963669885782096,2.4235878527997405,0.0,2.506449662404716,2.047435981208201,0.0,2.9421025663749014,-3.6016911160752647,24.850180046070577,129.38899143547226,154.23917148154283
8.32599999999945,9.81,3.93,1,1,0.01,0.01,-5.287121840398038,8.668976942058231,2.004676454078141,-3.4633393949136937,-13.784371833959643,3.0714498545411457,0.0,0.6013799620596185,2.4276650112731883,0.0,2.5065270763016927,2.0297001308874454,0.0,2.9606491989422286,-3.6561791900436806,24.63947449885424,129.5993751216307,154.23884962048493
8.32799999999945,9.81,3.93,1,1,0.01,0.01,-5.2831399054427655,8.66205643111297,1.977333390269836,-3.457159219880083,-13.55970679682638,3.108440124106682,0.0,0.6063931156667799,2.4317065606884043,0.0,2.50662953685047,2.0118277643957176,0.0,2.977155482719326,-3.709376120983246,24.43068779793455,129.80784302397763,154.23853082191218
8.329999999999451,9.81,3.93,1,1,0.01,0.01,-5.279212211332756,8.655148353357998,1.9504335989346147,-3.450906770565238,-13.341071301332178,3.143732625482265,0.0,0.6114064979224691,2.4357122330499443,0.0,2.5067554851021328,1.9938238832358584,0.0,2.991679995479309,-3.7613202958362515,24.22382811786332,130.01438691100105,154.23821502886437
8.331999999999452,9.81,3.93,1,1,0.01,0.01,-5.275337883469703,8.648252849980382,1.9239651893755996,-3.4445853915767946,-13.128297522303033,3.1773780094180384,0.0,0.6164201542982193,2.439681770158114,0.0,2.5069034282542955,1.9756932832240812,0.0,3.0042798291881434,-3.8120488980640914,24.018903246584696,130.2189989396664,154.2379021862511
8.333999999999453,9.81,3.93,1,1,0.01,0.01,-5.271516070703336,8.641370055578156,1.897916603104181,-3.4381983279067914,-12.921221088367712,3.209425245098833,0.0,0.6214341273439649,2.4436149232066136,0.0,2.5070719370308994,1.957440563435927,0.0,3.0150105982950617,-3.8615979468455084,23.81592060459045,130.4216716361779,154.23759224076835
8.335999999999453,9.81,3.93,1,1,0.01,0.01,-5.2677459446739485,8.634500098356197,1.8722766068702852,-3.4317487282666863,-12.719681141053453,3.239921648629356,0.0,0.6264484568125396,2.4475114523976713,0.0,2.5072596431402125,1.9390701347621797,0.0,3.023926451272042,-3.9100023352319164,23.614887263077833,130.62239787774067,154.2372851408185
8.337999999999454,9.81,3.93,1,1,0.01,0.01,-5.264026699168984,8.627643100315508,1.847034285591935,-3.4252396483633776,-12.523520376711517,3.2689129134789465,0.0,0.6314631797791603,2.4513711265739286,0.0,2.5074652368116976,1.9205862280896762,0.0,3.0310800849984063,-3.957295867254795,23.415809961162097,130.82117087527257,154.23698083643467
8.339999999999455,9.81,3.93,1,1,0.01,0.01,-5.260357549493827,8.620799177435996,1.822179035216614,-3.4186740541126674,-12.332585073075848,3.296443142541757,0.0,0.636478330756076,2.455193722866306,0.0,2.507687464412042,1.9019929021215027,0.0,3.036522761622721,-4.003511293985205,23.218695122193772,131.01798415701418,154.23667927920795
8.341999999999455,9.81,3.93,1,1,0.01,0.01,-5.256737731856916,8.613968439852904,1.7977005555434895,-3.412054824787247,-12.146725102108315,3.3225548815042543,0.0,0.6414939418025164,2.4589790263571736,0.0,2.5079251261401576,1.883294050850968,0.0,3.0403043275680486,-4.048680348549537,23.023548869227994,131.2128315529903,154.2363804222183
8.343999999999456,9.81,3.93,1,1,0.01,0.01,-5.253166502769231,8.607150992026995,1.7735888430323872,-3.4053847560968733,-11.965793930643807,3.3472891532432643,0.0,0.6465100426301048,2.462726829758127,0.0,2.508177073800679,1.8644934107032765,0.0,3.0424732343773977,-4.092833780109308,22.830377039691005,131.40570718027752,154.23608421996852
8.345999999999457,9.81,3.93,1,1,0.01,0.01,-5.249643138458159,8.60034693290866,1.7498341836225135,-3.3986665631989292,-11.78964861021858,3.370685493007551,0.0,0.6515266607039241,2.4664369331017335,0.0,2.508442208655136,1.8455945673585357,0.0,3.043076561124872,-4.136001386815876,22.63918519928596,131.5966054290355,154.23579062832147
8.347999999999457,9.81,3.93,1,1,0.01,0.01,-5.246166934295695,8.593556356096078,1.7264271455812734,-3.3919028836380165,-11.618149757345524,3.3927819841629656,0.0,0.6565438213393248,2.470109143446604,0.0,2.5087194793497627,1.826600962269413,0.0,3.0421600381443965,-4.1782120477535365,22.449978655179088,131.7855209492605,154.23549960443958
8.349999999999458,9.81,3.93,1,1,0.01,0.01,-5.24273720424089,8.586779349987552,1.703358572401125,-3.385096280213665,-11.451161525387132,3.413615294305349,0.0,0.6615615477946939,2.473743274595219,0.0,2.5090078799186517,1.807515898886265,0.0,3.0397680718518583,-4.219493753886667,22.262762468503997,131.97244863822402,154.23521110672803
8.351999999999459,9.81,3.93,1,1,0.01,0.01,-5.23935328029646,8.580015997928195,1.6806195757602078,-3.3782492437755907,-11.288551569074972,3.433220711568077,0.0,0.6665798613602846,2.4773391468239137,0.0,2.5093064478607943,1.788342548602276,0.0,3.0359437704588976,-4.25987363802838,22.077541466220588,132.15738362855916,154.23492509477975
8.35399999999946,9.81,3.93,1,1,0.01,0.01,-5.236014511979389,8.573266378351097,1.6582015285604836,-3.371364195946274,-11.130191002628049,3.4516321809711195,0.0,0.6715987814432873,2.480896586624489,0.0,2.5096142622894506,1.7690839564306347,0.0,3.030728970396713,-4.29937800384978,21.894320252362903,132.34032127696054,154.23464152932343
8.35599999999946,9.81,3.93,1,1,0.01,0.01,-5.232720265805365,8.566530564913116,1.636096058055316,-3.364443491770913,-10.975954352335405,3.468882340677328,0.0,0.6766183256492642,2.4844154264569123,0.0,2.509930442152081,1.7497430464254502,0.0,3.0241642632870143,-4.338032353949918,21.71310321870844,132.5212571534653,154.23436037217374
8.35799999999946,9.81,3.93,1,1,0.01,0.01,-5.229469924786873,8.55980862662544,1.6142950390767596,-3.357489422295052,-10.82571950438648,3.485002558038094,0.0,0.681638509860087,2.4878955045126183,0.0,2.510254144519066,1.7303226268576637,0.0,3.0162890233142354,-4.375861417007736,21.533894554899753,132.70018703128403,154.23408158618378
8.359999999999461,9.81,3.93,1,1,0.01,0.01,-5.226262887944717,8.553100627979076,1.5927905873713442,-3.3505042170704202,-10.679367648658614,3.5000229653258415,0.0,0.6866593483085377,2.491336664487927,0.0,2.510584562939301,1.7108253951567736,0.0,3.0071414348686325,-4.4128891740378355,21.35669825804722,132.8771068771526,154.23380513519984
8.361999999999462,9.81,3.93,1,1,0.01,0.01,-5.223098569832762,8.546406629065384,1.571575053051788,-3.34349004658969,-10.536783219102702,3.513972495064527,0.0,0.6916808536496584,2.49473875536711,0.0,2.510920925860783,1.6912539426288538,0.0,2.996758520344213,-4.4491388837726795,21.18151814184123,133.05201284217688,154.2335309840181
8.363999999999463,9.81,3.93,1,1,0.01,0.01,-5.219976400075644,8.539726685691821,1.5506410141708558,-3.3364490246510434,-10.397853831304467,3.5268789148815776,0.0,0.6967030370290306,2.4981016312146904,0.0,2.511262495114136,1.6716107589608682,0.0,2.985176167988265,-4.48463310719392,21.008357845199036,133.2249012531446,154.23325909834364
8.365999999999463,9.81,3.93,1,1,0.01,0.01,-5.2168958229192155,8.533060849493026,1.5299812704224796,-3.3293832106535652,-10.262470217741841,3.538768861815973,0.0,0.7017259081480747,2.501425150976534,0.0,2.511608564457173,1.651898236520911,0.0,2.97242915971112,-4.5193937312361685,20.837220840471343,133.39576860427908,154.23298944475042
8.367999999999464,9.81,3.93,1,1,0.01,0.01,-5.213856296793451,8.526409168037375,1.509588836974276,-3.3222946118246144,-10.130526161205749,3.5496678760271907,0.0,0.7067494753264915,2.504709178289356,0.0,2.511958458178423,1.63211867446369,0.0,2.9585511987755724,-4.553441991686217,20.668110441232383,133.56461154941218,154.23272199064456
8.369999999999465,9.81,3.93,1,1,0.01,0.01,-5.210857293887553,8.519771684929156,1.4894569384347063,-3.3151851853804106,-10.001918426803297,3.5596004338585985,0.0,0.7117737455619744,2.507953581298236,0.0,2.512311529757674,1.6122742826500247,0.0,2.943574937294948,-4.5867984953011165,20.501029809674726,133.73142689455284,154.23245670422756
8.371999999999465,9.81,3.93,1,1,0.01,0.01,-5.207898299736993,8.513148439906482,1.4695790029573306,-3.3080568406211777,-9.876546692918165,3.5685899802171437,0.0,0.7167987245873053,2.5111582324818125,0.0,2.512667160581491,1.5923671853889454,0.0,2.9275320034778587,-4.619483241168041,20.335981963630356,133.89621159083237,154.23219355446273
8.373999999999466,9.81,3.93,1,1,0.01,0.01,-5.204978812822197,8.506539468935088,1.449948656483904,-3.300911440962232,-9.754313481462939,3.576658960238272,0.0,0.7218244169249161,2.514323008484773,0.0,2.5130247587118113,1.5723994250104845,0.0,2.9104530285655965,-4.651515641329079,20.17296978323763,134.05896272780436,154.23193251104198
8.375999999999467,9.81,3.93,1,1,0.01,0.01,-5.202098344178613,8.499944804298115,1.4305597171274247,-3.293750805902482,-9.635124087720952,3.5838288502114866,0.0,0.7268508259390551,2.5174477899573358,0.0,2.5133837577056006,1.552372965276967,0.0,2.8923676734153734,-4.682914540693462,20.011996017272537,134.21967752708213,154.23167354435466
8.377999999999467,9.81,3.93,1,1,0.01,0.01,-5.1992564170178674,8.493364474682028,1.4114061896956862,-3.2865767129318244,-9.51888651004191,3.5901201877476505,0.0,0.731877953885637,2.5205324614014004,0.0,2.513743615483718,1.5322896946402447,0.0,2.873304654689242,-4.713698236259763,19.853063289162307,134.37835333629565,154.23141662545794
8.379999999999468,9.81,3.93,1,1,0.01,0.01,-5.196452566359734,8.486798505258777,1.3924822603553872,-3.279390899378986,-9.405511379625207,3.5955526011742913,0.0,0.7369058019598815,2.5235769110230577,0.0,2.5141038132470808,1.5121514293519867,0.0,2.8532917706143723,-4.7438844956699935,19.696174102697626,134.53498762335022,154.23116172604784
8.381999999999469,9.81,3.93,1,1,0.01,0.01,-5.193686338674636,8.48024691776432,1.3737822914364144,-3.272195064201345,-9.294911890596923,3.600144838149727,0.0,0.7419343703418166,2.5265810305911867,0.0,2.5144638544383158,1.4919599164338837,0.0,2.8323559262858673,-4.77349057511732,19.541330847459815,134.68957797097246,154.23090881843228
8.38399999999947,9.81,3.93,1,1,0.01,0.01,-5.1909572915363995,8.473709730573622,1.3553008163755245,-3.264990869718315,-9.18700373056133,3.603914793490461,0.0,0.7469636582397687,2.52954471530185,0.0,2.5148232637470977,1.4717168365141788,0.0,2.8105231584878307,-4.802533236628548,19.388535803977323,134.8421220715275,154.23065787550485
8.38599999999947,9.81,3.93,1,1,0.01,0.01,-5.188264993284977,8.467186958772244,1.3370325347983156,-3.257779943289863,-9.081705011785134,3.6068795362103065,0.0,0.7519936639318991,2.5324678636482405,0.0,2.515181586157439,1.451423806536799,0.0,2.787818660013014,-4.831028764742162,19.23779114862592,134.99261772209394,154.23040887071986
8.38799999999947,9.81,3.93,1,1,0.01,0.01,-5.1856090226988805,8.460678614224626,1.318972307738081,-3.250563878941732,-8.97893620315191,3.609055335772481,0.0,0.7570243848058624,2.5353503772959187,0.0,2.5155383860352227,1.4310823823490233,0.0,2.764266803465153,-4.858992982602153,19.0890989582862,135.1410628197824,154.2301617780686
8.389999999999471,9.81,3.93,1,1,0.01,0.01,-5.182988968677027,8.45418470563918,1.3011151529898848,-3.243344238938948,-8.878620063005302,3.610457687558411,0.0,0.7620558173966964,2.538192160963109,0.0,2.5158932462543473,1.4106940611732688,0.0,2.7398911645314117,-4.886441267487458,18.942461214770415,135.28745535728606,154.22991657205648
8.391999999999472,9.81,3.93,1,1,0.01,0.01,-5.180404429929756,8.447705238630272,1.283456240597975,-3.236122555309166,-8.780681572983017,3.6111013375597723,0.0,0.767087957422994,2.540993122305834,0.0,2.516245767359876,1.390260283968455,0.0,2.714714544715722,-4.9133885657962315,18.79787980903113,135.43179341865,154.22967322768113
8.393999999999473,9.81,3.93,1,1,0.01,0.01,-5.177855014678729,8.441240215777215,1.265990888474466,-3.2289003313173996,-8.685047872928173,3.611000306301828,0.0,0.7721207998214373,2.543753171807658,0.0,2.516595566766655,1.36978243768606,0.0,2.6887589935264025,-4.939849407503744,18.65535654516277,135.57407517524894,154.2294317204117
8.395999999999473,9.81,3.93,1,1,0.01,0.01,-5.175340340365471,8.434789636680366,1.2487145581470576,-3.221679042893667,-8.59164819695094,3.6101679120081815,0.0,0.7771543387797692,2.546472222673844,0.0,2.516942277991895,1.3492618574257622,0.0,2.6620458301139167,-4.965837920112108,18.514893144206553,135.71429888196212,154.22919202616868
8.397999999999474,9.81,3.93,1,1,0.01,0.01,-5.172860033368284,8.428353498014395,1.2316228506334317,-3.214460140015055,-8.500413810701017,3.6086167930184034,0.0,0.7821885677682434,2.549150190729728,0.0,2.517285549920272,1.3286998284953981,0.0,2.6345956643569535,-4.991367842109516,18.376491247769458,135.85246287353553,154.22895412130498
8.399999999999475,9.81,3.93,1,1,0.01,0.01,-5.170413728727289,8.42193179357886,1.2147115024398492,-3.2072450480436863,-8.411277949900411,3.6063589294709963,0.0,0.7872234795696693,2.551786994323117,0.0,2.517625046100177,1.3080975883795807,0.0,2.606428417396636,-5.016452535956261,18.240152421466025,135.9885655611214,154.22871798258743
8.401999999999475,9.81,3.93,1,1,0.01,0.01,-5.1680010698773495,8.415524514346123,1.1979763816813878,-3.2000351690220414,-8.324175760176155,3.6034056642657872,0.0,0.7922590663080421,2.55438255423054,0.0,2.517960444069733,1.2874563286213683,0.0,2.5775633416208263,-5.041105000614093,18.10587815819282,136.12260542898653,154.22848358717934
8.403999999999476,9.81,3.93,1,1,0.01,0.01,-5.165621708388633,8.40913164850673,1.1814134843211899,-3.1928318829270648,-8.239044238223482,3.5997677233198457,0.0,0.7972953194758867,2.556936793567177,0.0,2.5182914347113217,1.2667771966208834,0.0,2.5480190401014613,-5.065337883635134,17.973669881243353,136.25458103138038,154.22825091262374
8.405999999999477,9.81,3.93,1,1,0.01,0.01,-5.163275303714579,8.402753181512326,1.1650189305260317,-3.185636548884455,-8.155822174322436,3.5954552351325653,0.0,0.8023322299603148,2.559449637700306,0.0,2.518617721633346,1.2460612973548506,0.0,2.5178134854896417,-5.08916349282594,17.84352894727224,136.38449098955493,154.22801993682717
8.407999999999477,9.81,3.93,1,1,0.01,0.01,-5.160961522947044,8.396389096116172,1.148788961135495,-3.1784505063444994,-8.07445009622332,3.5904777496753457,0.0,0.8073697880678816,2.5619210141661117,0.0,2.5189390205780517,1.2253096950206568,0.0,2.486964038373995,-5.11259380750188,17.71545664911571,136.51233398892865,154.22779063804435
8.409999999999478,9.81,3.93,1,1,0.01,0.01,-5.158680040578389,8.390039372411353,1.1327199342419887,-3.1712750762207937,-7.99487021441058,3.584844256622198,0.0,0.8124079835482858,2.56435085258971,0.0,2.519255058854238,1.204523414608444,0.0,2.455487465108965,-5.13564048934642,17.589454218475986,136.63810877638724,154.22756299486323
8.411999999999479,9.81,3.93,1,1,0.01,0.01,-5.156430538270307,8.383703987866742,1.1168083218788625,-3.1641115619931446,-7.917026368748876,3.5785632029376946,0.0,0.8174468056169472,2.5667390846082525,0.0,2.519565574793772,1.1837034434045952,0.0,2.423399955120557,-5.158314892889519,17.465522828476523,136.76181415771458,154.22733698619112
8.41399999999948,9.81,3.93,1,1,0.01,0.01,-5.154212704629163,8.37738291736079,1.1010507068138453,-3.156961250775925,-7.840863976510264,3.5716425098387363,0.0,0.8224862429765387,2.569085643796962,0.0,2.5198703172308203,1.1628507324297146,0.0,2.3907171376975986,-5.18062807561875,17.343663596094068,136.88344899514664,154.2271125912407
8.41599999999948,9.81,3.93,1,1,0.01,0.01,-5.15202623498765,8.371076133213226,1.085443779445054,-3.149825414353118,-7.766329981777181,3.56408958914713,0.0,0.827526283837479,2.5713904655979913,0.0,2.520169045002785,1.141966197814222,0.0,2.357454098277507,-5.202590807736372,17.223877584474252,137.00301220504295,154.2268897895172
8.41799999999948,9.81,3.93,1,1,0.01,0.01,-5.149870831192542,8.364783605214694,1.0699843347968265,-3.1427053101812517,-7.693372806211902,3.555911359049344,0.0,0.8325669159374638,2.573653487251967,0.0,2.5204615264719936,1.1210507221143287,0.0,2.323625394235661,-5.224213581575147,17.106165805136328,137.12050275566958,154.2266685608059
8.419999999999481,9.81,3.93,1,1,0.01,0.01,-5.147746201398373,8.358505300654445,1.0546692696126612,-3.1356021823613927,-7.621942301180165,3.547114259280466,0.0,0.83760812656005,2.5758746477321095,0.0,2.5207475390671528,1.100105155571225,0.0,2.2892450701882696,-5.245506620685118,16.990529220072393,137.23591966508755,154.22644888515995
8.421999999999482,9.81,3.93,1,1,0.01,0.01,-5.145652059866819,8.352241184346095,1.0394955795425658,-3.128517262581333,-7.5519897012134045,3.537704265748577,0.0,0.8426499025523493,2.5780538876808152,0.0,2.5210268688437174,1.0791303173160154,0.0,2.254326672818668,-5.266479888603328,16.87696874374652,137.3492619991423,154.22623074288882
8.423999999999483,9.81,3.93,1,1,0.01,0.01,-5.1435881267716255,8.345991218651536,1.02446035642216,-3.1214517710290757,-7.483467578791916,3.527686904616237,0.0,0.8476922303418531,2.580191149348602,0.0,2.5212993100622816,1.05812699652295,0.0,2.2188832652374733,-5.287143097317849,16.76548524499878,137.46052886954868,154.22601411454747
8.425999999999483,9.81,3.93,1,1,0.01,0.01,-5.141554128008882,8.339755363503041,1.0095607856409055,-3.1144069172786844,-7.416329800428951,3.517067265855039,0.0,0.8527350959524359,2.582286376535305,0.0,2.5215646647841723,1.037095953513266,0.0,2.1829274408870236,-5.307505715437207,16.65607954885851,137.56971943206688,154.2257989809254
8.427999999999484,9.81,3.93,1,1,0.01,0.01,-5.139549795012472,8.333533576423632,0.994794143596887,-3.1073839011495408,-7.350531484033848,3.505850016289142,0.0,0.8577784850195656,2.5843395145334336,0.0,2.5218227424834687,1.0160379208119001,0.0,2.1464713370007757,-5.327576976075847,16.5487524382717,137.6768328847648,154.22558532303648
8.429999999999485,9.81,3.93,1,1,0.01,0.01,-5.137574864574535,8.327325812545746,0.9801577952356055,-3.1003839135400098,-7.286028957531063,3.4940394121435023,0.0,0.8628223828047623,2.5863505100735997,0.0,2.522073359674683,0.9949536041592226,0.0,2.109526647628409,-5.347365884465937,16.44350465574628,137.78186846636294,154.2253731221092
8.431999999999485,9.81,3.93,1,1,0.01,0.01,-5.135629078670759,8.321132024628275,0.9656491916702992,-3.093408137236492,-7.222779718710481,3.4816393111121413,0.0,0.8678667742093129,2.5883193112719263,0.0,2.5223163395553603,0.9738436834798618,0.0,2.0721046362374875,-5.3668812253053035,16.340336904919575,137.88482545465757,154.22516235957715
8.433999999999486,9.81,3.93,1,1,0.01,0.01,-5.133712184290361,8.314952163071988,0.951265867881353,-3.086457747698807,-7.160742396283477,3.4686531839613317,0.0,0.8729116437872827,2.590245867579347,0.0,2.5225515116629333,0.9527088138105371,0.0,2.0342161479024146,-5.386131569851161,16.239249852051657,137.98570316501818,154.22495301706982
8.435999999999487,9.81,3.93,1,1,0.01,0.01,-5.131823933270592,8.308786175933427,0.9370054404924136,-3.079533913822824,-7.099876712118157,3.455084125682208,0.0,0.8779569757578806,2.5921301297327255,0.0,2.522778711545156,0.9315496261887035,0.0,1.9958716210913254,-5.405125282768724,16.140244127447986,138.08450094895596,154.22474507640396
8.437999999999487,9.81,3.93,1,1,0.01,0.01,-5.129964082135609,8.302634008937286,0.9228656056208757,-3.072637798681223,-7.0401434446269056,3.4409348662073063,0.0,0.8830027540171512,2.593972049707717,0.0,2.52299778044348,0.9103667285038779,0.0,1.9570810990618408,-5.423870528743602,16.043320326814943,138.1812181927601,154.22453851957505
8.439999999999488,9.81,3.93,1,1,0.01,0.01,-5.128132391939576,8.296495605487333,0.9088441368004649,-3.065770560243252,-6.981504393278636,3.4262077807047158,0.0,0.8880489621490575,2.5957715806732935,0.0,2.5232085649887575,0.8891607063132531,0.0,1.917854240876133,-5.442375278866439,15.948479012551322,138.27585431619795,154.22433332874928
8.441999999999489,9.81,3.93,1,1,0.01,0.01,-5.126328628113853,8.290370906675921,0.894938882973695,-3.0589333520743005,-6.923922344207839,3.410904899463235,0.0,0.8930955834359643,2.597528676947864,0.0,2.5234109169087184,0.8679321236232094,0.0,1.8782003320457958,-5.460647316798084,15.855720714978986,138.36840877127665,154.22412948625563
8.44399999999949,9.81,3.93,1,1,0.01,0.01,-5.12455256031813,8.284259851292104,0.8811477665520323,-3.052127324016109,-6.8673610368924045,3.395027917381679,0.0,0.8981426008685504,2.5992432939569268,0.0,2.5236046927466416,0.8466815236382638,0.0,1.8381282948169215,-5.478694244723129,15.765045933515353,138.45888104106288,154.22392697457823
8.44599999999949,9.81,3.93,1,1,0.01,0.01,-5.122803962295369,8.278162375828424,0.8674687815416613,-3.0453536228483777,-6.811785131872019,3.378578203074965,0.0,0.903189997155171,2.6009153881921927,0.0,2.5237897535906857,0.8254094294788985,0.0,1.7976466981055519,-5.496523489099424,15.676455137790603,138.54727063855876,154.22372577634937
8.44799999999949,9.81,3.93,1,1,0.01,0.01,-5.121082611730441,8.27207841448639,0.8538999917327941,-3.0386133929325396,-6.757160179479056,3.3615568076091717,0.0,0.9082377547306736,2.6025449171721053,0.0,2.523965964813393,0.804116344869684,0.0,1.7567637670936014,-5.514142306210918,15.589948768712304,138.6335771056299,154.22352587434222
8.449999999999491,9.81,3.93,1,1,0.01,0.01,-5.1193882901123136,8.266007899180682,0.840439528950531,-3.031907776838425,-6.703452589553773,3.3439644728772726,0.0,0.9132858557647289,2.604131839403717,0.0,2.524133195820875,0.7828027547989349,0.0,1.715487392494945,-5.531557787530894,15.505527239479564,138.71780001198465,154.2233272514642
8.451999999999492,9.81,3.93,1,1,0.01,0.01,-5.117720782599685,8.259950759542118,0.8270855913653284,-3.0252379159545217,-6.650629602116062,3.325801639627138,0.0,0.9183342821696402,2.6056761143458527,0.0,2.5242913198111925,0.7614691261512748,0.0,1.6738251395015735,-5.548776864902321,15.423190936549522,138.79993895420102,154.22312989075056
8.453999999999493,9.81,3.93,1,1,0.01,0.01,-5.116079877889929,8.253906922919429,0.8138364418611909,-3.018604951082521,-6.598659258966026,3.307068455152465,0.0,0.9233830156077123,2.6071777023735097,0.0,2.52444021354152,0.7401159083141629,0.0,1.6317842564189744,-5.565806315541911,15.342940220557889,138.87999355479968,154.22293377535757
8.455999999999493,9.81,3.93,1,1,0.01,0.01,-5.114465368091256,8.247876314379841,0.8006904064597546,-3.012010023016807,-6.547510376186095,3.287764780657583,0.0,0.9284320374981244,2.608636564743453,0.0,2.524579757103642,0.7187435337596951,0.0,1.5893716830003668,-5.58265276687416,15.264775427196238,138.95796346136092,154.22273888855716
8.457999999999494,9.81,3.93,1,1,0.01,0.01,-5.112877048597969,8.24185885670853,0.7876458727984896,-3.0054542731095366,-6.497152517517656,3.267890198305915,0.0,0.9334813290233924,2.6100526635609453,0.0,2.524709833707387,0.6973524186026089,0.0,1.546594058488479,-5.5993227012013875,15.188696868047339,139.03384834568294,154.22254521373029
8.459999999999495,9.81,3.93,1,1,0.01,0.01,-5.1113147179687095,8.235854470406947,0.7747012886612945,-2.998938843821928,-6.447555968585586,3.247444017962006,0.0,0.9385308711353886,2.6114259617475737,0.0,2.5248303294716177,0.6759429631356286,0.0,1.50345772937392,-5.615822460215683,15.114704831381264,139.10764790298077,154.22235273436203
8.461999999999495,9.81,3.93,1,1,0.01,0.01,-5.1097781778075895,8.229863073690064,0.7618551605598174,-2.992464879262368,-6.398691711944511,3.2264252836362997,0.0,0.9435806445609676,2.612756423010115,0.0,2.524941133222382,0.6545155523430736,0.0,1.4599687568785997,-5.632158249358266,15.042799582913096,139.17936185112214,154.22216143403523
8.463999999999496,9.81,3.93,1,1,0.01,0.01,-5.1082672326481156,8.223884582482548,0.7491060523638838,-2.9860335257119117,-6.350531402921109,3.2048327796419196,0.0,0.9486306298071693,2.614044011810427,0.0,2.525042136297902,0.633070556393774,0.0,1.4161329241728124,-5.648336142031766,14.972981366525007,139.2489899299011,154.2219712964261
8.465999999999497,9.81,3.93,1,1,0.01,0.01,-5.106781689839804,8.217918910413903,0.7364525839794651,-2.9796459321377604,-6.303047346227171,3.182665036471476,0.0,0.9536808071660695,2.615288693336283,0.0,2.5251332323600244,0.6116083311140432,0.0,1.3719557433338005,-5.664362083670501,14.90525040495335,139.3165319003447,154.22178230529806
8.467999999999497,9.81,3.93,1,1,0.01,0.01,-5.1053213594373865,8.211965968812596,0.7238934300726703,-2.973303250695249,-6.256212473318712,3.159920336402582,0.0,0.9587311567192266,2.6164904334731482,0.0,2.525214317211835,0.5901292184417333,0.0,1.3274424620541265,-5.680241895673867,14.839606900443062,139.38198754405443,154.2215944444975
8.469999999999498,9.81,3.93,1,1,0.01,0.01,-5.103886054092536,8.20602566669918,0.7114273188382942,-2.967006637218893,-6.210000320476806,3.1365967188393338,0.0,0.9637816583418062,2.6176491987768435,0.0,2.5252852886211143,0.5686335468620247,0.0,1.2825980701071842,-5.695981279207591,14.776051035370392,139.44535666257826,154.22140769794865
8.471999999999499,9.81,3.93,1,1,0.01,0.01,-5.102475588947999,8.200097910778462,0.6990530308115026,-2.960757251703008,-6.164385007586617,3.112691985397583,0.0,0.9688322917063232,2.618764956447059,0.0,2.5253460461493358,0.5471216318258876,0.0,1.2374273055776943,-5.7115858188775,14.714582972835576,139.5066390768134,154.221222049649
8.4739999999995,9.81,3.93,1,1,0.01,0.01,-5.1010897815340694,8.194182605430708,0.6867693977212791,-2.95455625877241,-6.11934121759131,3.088203704740688,0.0,0.9738830362860655,2.6198376743016882,0.0,2.52539649098592,0.525593776151842,0.0,1.1919346608641987,-5.7270609862802715,14.65520285722668,139.56583462643763,154.2210374836643
8.4759999999995,9.81,3.93,1,1,0.01,0.01,-5.099728451667317,8.188279652701915,0.6745753013843098,-2.9484048281436874,-6.074844176598242,3.063129217172516,0.0,0.9789338713581983,2.620867320751957,0.0,2.5254365257874722,0.5040502704117705,0.0,1.146124388460695,-5.742412143435442,14.597910814755824,139.62294316936908,154.22085398412491
8.4779999999995,9.81,3.93,1,1,0.01,0.01,-5.098391421351479,8.182388952293183,0.6624696726380205,-2.942304135077525,-6.030869634615428,3.037465638994013,0.0,0.9839847760065282,2.621853864778296,0.0,2.525466054521742,0.48249139330149055,0.0,1.1000005065243192,-5.7576445461028465,14.542706953969205,139.67796458125144,154.22067153522065
8.479999999999501,9.81,3.93,1,1,0.01,0.01,-5.0970785146804625,8.17651040154917,0.6504514903115297,-2.936255360822547,-5.987393846896616,3.0112098666292217,0.0,0.9890357291239815,2.622797275906956,0.0,2.5254849823160574,0.4609174119966831,0.0,1.0535668042355841,-5.7727633469894535,14.489591366231847,139.73089875496555,154.2204901211974
8.481999999999502,9.81,3.93,1,1,0.01,0.01,-5.09578955774335,8.170643895445687,0.6385197802333199,-2.930259693051131,-5.944393555874059,2.98435858052627,0.0,0.9940867094147716,2.623697524187304,0.0,2.5254932153099805,0.439328582494822,0.0,1.0068268469576445,-5.787773598849423,14.438564126188123,139.78174560016424,154.22030972635235
8.483999999999503,9.81,3.93,1,1,0.01,0.01,-5.094524378531371,8.164789326576424,0.6266736142744728,-2.9243183262876444,-5.901845973658457,2.9569082488386664,0.0,0.9991376953962858,2.624554580169797,0.0,2.5254906605119585,0.41772514994367793,0.0,0.9597839812007596,-5.802680257481079,14.38962529219926,139.8305050428311,154.22013033503038
8.485999999999503,9.81,3.93,1,1,0.01,0.01,-5.093282806846741,8.15894658513881,0.6149121094263543,-2.918432462329531,-5.859728765086165,2.928855130891854,0.0,1.0041886654006738,2.625368414884609,0.0,2.525477225659767,0.39610734895700717,0.0,0.9124413393980566,-5.8174881846244055,14.34277490675882,139.87717702486145,154.21995193162027
8.487999999999504,9.81,3.93,1,1,0.01,0.01,-5.092064674213313,8.153115558919069,0.6032344269116742,-2.912603310661676,-5.818020031294218,2.900195280439364,0.0,1.0092395975761752,2.62613899982086,0.0,2.525452819084494,0.374475403917891,0.0,0.8648018444982385,-5.832202150762411,14.29801299688676,139.9217615036639,154.21977450055067
8.489999999999505,9.81,3.93,1,1,0.01,0.01,-5.090869813788985,8.14729613327642,0.591639771327883,-2.9068320888644683,-5.7766982938042695,2.870924548713022,0.0,1.0142904698881736,2.626866306906451,0.0,2.525417349577897,0.35282952927028566,0.0,0.8168682143809376,-5.846826837829731,14.255339574503338,139.96425845178328,154.21959802628663
8.491999999999505,9.81,3.93,1,1,0.01,0.01,-5.089698060279772,8.141488191126493,0.580127389821909,-2.901120023015959,-5.735742479097088,2.8410385872710826,0.0,1.019341260119984,2.627550308488469,0.0,2.525370726262917,0.33116992979927234,0.0,0.7686429661001287,-5.861366841831634,14.214754636783477,140.00466785654237,154.21942249332585
8.493999999999506,9.81,3.93,1,1,0.01,0.01,-5.08854924985551,8.135691612923935,0.5686965712952688,-2.895468348088529,-5.695131903659599,2.8105328506477276,0.0,1.0243919458733994,2.628190977314136,0.0,2.5253128584671702,0.3094968009004351,0.0,0.7201284199607219,-5.875826675376472,14.176258166492511,140.0429897197027,154.2192478861952
8.495999999999507,9.81,3.93,1,1,0.01,0.01,-5.08742322006712,8.129906276644224,0.5573466456386276,-2.889878308340449,-5.654846259487261,2.779402598807664,0.0,1.0294425045689521,2.6287882865122976,0.0,2.525243655599217,0.2878103288389245,0.0,0.6713267034336331,-5.890210770124542,14.139850132303938,140.0792240571435,154.21907418944744
8.497999999999507,9.81,3.93,1,1,0.01,0.01,-5.086319809765369,8.124132057764715,0.5460769829949119,-2.884351157702727,-5.614865600024459,2.7476428994079853,0.0,1.0344929134459873,2.629342209575406,0.0,2.525163027027469,0.2661106909984185,0.0,0.6222397549136792,-5.904523479156254,14.105530489100035,140.1133708985575,154.21890138765752
8.499999999999508,9.81,3.93,1,1,0.01,0.01,-5.085238859021077,8.11836882924491,0.5348869930501188,-2.8788881601616167,-5.575170326526916,2.7152486298710077,0.0,1.03954314956243,2.629852720342002,0.0,2.5250708819615286,0.24439805612068222,0.0,0.5728693273256535,-5.9187690792622565,14.07329917825596,140.1454302871637,154.21872946541964
8.501999999999509,9.81,3.93,1,1,0.01,0.01,-5.08418020904672,8.112616461505963,0.5237761243509906,-2.873490590137173,-5.535741174829562,2.6822144792694655,0.0,1.044593189794376,2.6303197929796625,0.0,2.5249671293358187,0.22267258453582722,0.0,0.5232169915824124,-5.932951773158253,14.043156127907956,140.17540227943576,154.21855840734372
8.50399999999951,9.81,3.93,1,1,0.01,0.01,-5.083143702119371,8.106874822409447,0.5127438636487622,-2.868159732858218,-5.496559202504664,2.6485349500268063,0.0,1.0496430108354162,2.6307434019683993,0.0,2.5248516776953394,0.20093442838385134,0.0,0.47328413989978585,-5.947075691627007,14.015101253206348,140.203286944846,154.21838819805237
8.50599999999951,9.81,3.93,1,1,0.01,0.01,-5.082129181504922,8.101143777235354,0.5017897352682141,-2.8628968847340968,-5.4576057763947485,2.614204359433991,0.0,1.0546925891957457,2.631123522084493,0.0,2.5247244350834146,0.17918373182771163,0.0,0.42307198897223336,-5.961144895590044,13.989134456553941,140.22908436562363,154.21821882217756
8.50799999999951,9.81,3.93,1,1,0.01,0.01,-5.081136491383551,8.095423188659373,0.49091330050129733,-2.8577033537235725,-5.4188625605057,2.5792168409844463,0.0,1.0597419012010503,2.6314601283847447,0.0,2.5245853089312567,0.1574206312583063,0.0,0.3725815830133313,-5.9751633781113815,13.965255627830238,140.2527946365275,154.21805026435774
8.509999999999511,9.81,3.93,1,1,0.01,0.01,-5.080165476776369,8.089712916729418,0.4801141570246239,-2.8525804597012403,-5.3803115042455,2.5435663455282227,0.0,1.0647909229911765,2.6317531961911347,0.0,2.5244342059492304,0.13564525549167333,0.0,0.32181379666488713,-5.989135066335593,13.943464644602223,140.27441786463254,154.21788250923476
8.511999999999512,9.81,3.93,1,1,0.01,0.01,-5.07921598347322,8.084012818841433,0.4693919383401463,-2.847529534821809,-5.3419348309947114,2.5072466422463133,0.0,1.0698396305185756,2.632002701075857,0.0,2.5242710320196746,0.11385772595874077,0.0,0.2707693377784264,-6.003063823362448,13.923761372321987,140.29395416912865,154.21771554145064
8.513999999999513,9.81,3.93,1,1,0.01,0.01,-5.078287857961566,8.078322749714475,0.45874631323837534,-2.842551923882614,-5.303715026994964,2.470251319445653,0.0,1.0748879995465515,2.632208618846737,0.0,2.524095692091132,0.0920581568878821,0.0,0.21944875007247747,-6.016953450060184,13.90614566451185,140.3114036811329,154.21754934564476
8.515999999999513,9.81,3.93,1,1,0.01,0.01,-5.077380947356433,8.072642561365058,0.448176985283514,-2.83764898468472,-5.265634830542136,2.4325737851751814,0.0,1.079936005647276,2.632370925533004,0.0,2.523908090073901,0.07024665548063941,0.0,0.16785241566922676,-6.030807686819604,13.890617362937482,140.3267665435135,154.21738390645098
8.517999999999514,9.81,3.93,1,1,0.01,0.01,-5.076495099331356,8.066972103080792,0.43768369231991167,-2.8328220883929722,-5.227677221471302,2.394207267662785,0.0,1.0849836241996247,2.6324895973714044,0.0,2.5237081287367253,0.04842332208076244,0.0,0.11598055751348506,-6.044630215250833,13.877176297769129,140.34004291072546,154.21721920849458
8.519999999999515,9.81,3.93,1,1,0.01,0.01,-5.075630162050296,8.061311221393293,0.4272662059992666,-2.828072619895347,-5.189825410920783,2.3551448155731114,0.0,1.0900308303867732,2.6325646107926515,0.0,2.523495709604555,0.02658825033698592,0.0,0.06383324167744762,-6.058424659824771,13.865822287731781,140.35123294865753,154.2170552363893
8.521999999999515,9.81,3.93,1,1,0.01,0.01,-5.074785984100484,8.05565976005038,0.41692433132803214,-2.8234019781619737,-5.152062831362832,2.315379298085264,0.0,1.0950775991936255,2.6325959424081935,0.0,2.523270732857232,0.004741527359608977,0.0,0.011410379553761615,-6.072194589461065,13.856555140244454,140.36033683449028,154.21689197473475
8.523999999999516,9.81,3.93,1,1,0.01,0.01,-5.073962414426145,8.050017559987552,0.4066579062345044,-2.8188115766041766,-5.114373126889106,2.274903404789918,0.0,1.1001239054040106,2.632583568997287,0.0,2.523033097228986,-0.017116766128713434,0.0,-0.04128827005987138,-6.085943519064373,13.849374651548871,140.3673547565641,154.216729408113
8.525999999999517,9.81,3.93,1,1,0.01,0.01,-5.073159302263071,8.04438445929874,0.3964668011550947,-2.8143028434339077,-5.076740143738906,2.23370964540432,0.0,1.105169723597696,2.63252746749437,0.0,2.5227826999086425,-0.03898655564786235,0.0,-0.09426309898216745,-6.099674911010687,13.844280606828178,140.3722869142582,154.2165675210864
8.527999999999517,9.81,3.93,1,1,0.01,0.01,-5.072376497074005,8.038760293206355,0.38635091863931204,-2.8098772220239305,-5.039147921058787,2.1917903493037953,0.0,1.1102150281472003,2.632427614976716,0.0,2.5225194364404198,-0.060867772820571375,0.0,-0.1475146477731596,-6.113392176585384,13.84127278031572,140.37513351787857,154.21640629819427
8.529999999999518,9.81,3.93,1,1,0.01,0.01,-5.071613848484793,8.033144894030597,0.3763101929730043,-2.805536171269128,-5.001580681882261,2.1491376648680536,0.0,1.1152597932144,2.6322839886523615,0.0,2.5222432006252085,-0.08276035523793837,0.0,-0.2010436039600505,-6.127098677374605,13.840350935394396,140.37589478855563,154.21624572395
8.531999999999519,9.81,3.93,1,1,0.01,0.01,-5.070871206221273,8.027538091158055,0.36634458981942947,-2.8012811659493013,-4.964022824318422,2.1057435586400035,0.0,1.1203039927469505,2.632096565848303,0.0,2.5219538844222473,-0.10466424632998284,0.0,-0.25485080036184526,-6.140797726611592,13.841514824686891,140.37457095815168,154.21608578283858
8.53399999999952,9.81,3.93,1,1,0.01,0.01,-5.070148420046866,8.021939711009567,0.3564541058777496,-2.7971136970938444,-4.926458912938853,2.0615998142948495,0.0,1.1253476004744998,2.631865323998943,0.0,2.5216513778510543,-0.12657939524101405,0.0,-0.3089372135104874,-6.154492590479412,13.844764190136882,140.37116226917632,154.2159264593132
8.53599999999952,9.81,3.93,1,1,0.01,0.01,-5.06944533970083,8.016349577007361,0.34663876855856174,-2.79303527234867,-4.88887367035193,2.016698031416504,0.0,1.1303905899047124,2.631590240634781,0.0,2.521335568893554,-0.14850575670966124,0.0,-0.36330396216653493,-6.168186489371629,13.850098763081789,140.3656689747111,154.21576773779287
8.53799999999952,9.81,3.93,1,1,0.01,0.01,-5.068761814837148,8.010767509541443,0.33689863567610107,-2.789047416345778,-4.851251968954336,1.9710296240784917,0.0,1.1354329343190959,2.631271293371346,0.0,2.5210063433962704,-0.1704432909533812,0.0,-0.4179523059274276,-6.181882599112308,13.857518264317033,140.35809133834238,154.2156096026594
8.539999999999521,9.81,3.93,1,1,0.01,0.01,-5.068097694964016,8.005193325935265,0.32723379515677314,-2.785151671075862,-4.813578822849295,1.9245858192256526,0.0,1.1404746067686358,2.6309084598983414,0.0,2.5206635849724903,-0.19239196355729843,0.0,-0.4728836439265948,-6.195584052136709,13.867022404152225,140.348429634102,154.21545203825423
8.541999999999522,9.81,3.93,1,1,0.01,0.01,-5.067452829383895,7.999626840410621,0.31764436476369073,-2.781349596264353,-4.775839379921551,1.8773576548532396,0.0,1.1455155800692274,2.630501717969027,0.0,2.5203071749043184,-0.21435174536717316,0.0,-0.5280995136216085,-6.209293938634064,13.878610882459425,140.3366841464163,154.21529502887572
8.543999999999523,9.81,3.93,1,1,0.01,0.01,-5.066827067134102,7.994067864051807,0.3081304918369127,-2.7776427697513117,-4.738018914059042,1.8293359779790124,0.0,1.1505558267969185,2.630051045389796,0.0,2.5199369920445025,-0.23632261238641264,0.0,-0.5836015896699787,-6.223015307653693,13.89228338871379,140.3228551700625,154.2151385587763
8.545999999999523,9.81,3.93,1,1,0.01,0.01,-5.066220256927899,7.9885162047690015,0.2986923530491008,-2.774032787875586,-4.700102817511492,1.7805114424041646,0.0,1.155595319282945,2.629556420009961,0.0,2.519552912717947,-0.2583045456769162,0.0,-0.6393916828909847,-6.236751168175739,13.908039602026648,140.30694301013256,154.2149826121592
8.547999999999524,9.81,3.93,1,1,0.01,0.01,-5.065632247096066,7.982971667260884,0.2893301541763307,-2.7705212658636653,-4.662076593376106,1.7308745062579685,0.0,1.1606340296085889,2.6290178197117315,0.0,2.5191548106228083,-0.28029753126370327,0.0,-0.6954717393124188,-6.250504490147696,13.92587919117139,140.28894798200423,154.21482717317562
8.549999999999525,9.81,3.93,1,1,0.01,0.01,-5.0650628855289055,7.977434052976466,0.28004412988381233,-2.767109838223661,-4.623925848200858,1.6804154293213474,0.0,1.1656719295998157,2.628435222400384,0.0,2.5187425567310946,-0.3023015600430927,0.0,-0.7518438393007832,-6.26427820548803,13.945801814602156,140.26887041131954,154.2146722259217
8.551999999999525,9.81,3.93,1,1,0.01,0.01,-5.064512019618667,7.971903160076127,0.2708345435262942,-2.7638001591448704,-4.585636284695709,1.6291242701234578,0.0,1.1707089908217236,2.627808605994603,0.0,2.5183160191886373,-0.3243166276943894,0.0,-0.8085101967740295,-6.2780752090578655,13.967807120465542,140.24671063396968,154.21451775443524
8.553999999999526,9.81,3.93,1,1,0.01,0.01,-5.063979496202358,7.966378783391851,0.26170168696294527,-2.760593902903375,-4.547193694542364,1.576990882805506,0.0,1.1757451845727962,2.627137948417001,0.0,2.517875063214388,-0.3463427345949472,0.0,-0.8654731584958241,-6.291898359602029,13.991894746605716,140.22246899608677,154.21436374269248
8.555999999999527,9.81,3.93,1,1,0.01,0.01,-5.063465161504906,7.96086071438664,0.2526458803865263,-2.7574927642741525,-4.508583951293149,1.5240049137455167,0.0,1.1807804818789382,2.626423227584814,0.0,2.517419550998909,-0.3683798857384457,0.0,-0.9227352034503427,-6.305750480660458,14.018064320562704,140.1961458540427,154.2142101746054
8.557999999999527,9.81,3.93,1,1,0.01,0.01,-5.062968861082652,7.955348741113098,0.2436674721666827,-2.754498458950183,-4.46979300334954,1.4701557979369388,0.0,1.1858148534873258,2.625664421400734,0.0,2.516949341601955,-0.3904280906563676,0.0,-0.9802989422970593,-6.319634361450974,14.04631545956423,140.16774157445366,154.21405703401788
8.559999999999528,9.81,3.93,1,1,0.01,0.01,-5.0624904397671395,7.94984264817117,0.23476683870720783,-2.7516127239690498,-4.4308068670111815,1.4154327551143178,0.0,1.190848269860035,2.6248615077439164,0.0,2.516464290849081,-0.41248736334247915,0.0,-1.0381671169046496,-6.333552757724567,14.07664777051108,140.13725653419138,154.21390430470245
8.561999999999529,9.81,3.93,1,1,0.01,0.01,-5.06202974160918,7.944342216665021,0.2259443843171462,-2.748837318147547,-4.391611619585784,1.359824785617937,0.0,1.1958807011674741,2.6240144644611307,0.0,2.5159642512271523,-0.4345577221802954,0.0,-1.0963425999636605,-6.3475083925941,14.109060849956458,140.10469112040087,154.21375197035732
8.56399999999953,9.81,3.93,1,1,0.01,0.01,-5.061586609823158,7.938847224159033,0.21720054109562317,-2.7461740225248277,-4.352193392550867,1.30332066598963,0.0,1.2009121172815975,2.6231232693580453,0.0,2.515449071778659,-0.45663918987338753,0.0,-1.154828394677404,-6.361503957337433,14.143554284078807,140.07004573052353,154.21360001460235
8.56599999999953,9.81,3.93,1,1,0.01,0.01,-5.061160886731557,7.933357444632912,0.20853576883030772,-2.7436246408146356,-4.3125383647576525,1.245908944290833,0.0,1.2059424877689102,2.6221879001906605,0.0,2.5149185979947504,-0.47873179337848665,0.0,-1.2136276345308663,-6.375542112175938,14.18012764864892,140.033320772327,154.2134484209759
8.56799999999953,9.81,3.93,1,1,0.01,0.01,-5.060752413709668,7.927872648435877,0.19995055490943262,-2.7411909998671864,-4.272632755667983,1.187577935133997,0.0,1.2109717818832593,2.6212083346568633,0.0,2.514372671706856,-0.5008355638412814,0.0,-1.2727435831373908,-6.389625487029254,14.218780508990776,139.99451666394035,154.2132971729311
8.569999999999531,9.81,3.93,1,1,0.01,0.01,-5.060361031130472,7.9223926022399205,0.1914454142473159,-2.7388749501412795,-4.232462818614586,1.128315714417493,0.0,1.2159999685584044,2.62018455038811,0.0,2.5138111309768134,-0.5229505365348444,0.0,-1.3321796341630896,-6.403756682247249,14.259512419936627,139.9536338338953,154.21314625383195
8.571999999999532,9.81,3.93,1,1,0.01,0.01,-5.059986578309644,7.916917068992103,0.1830208892233464,-2.7366783661872454,-4.192014834075259,1.0681101137539795,0.0,1.2210270164003647,2.619116524941236,0.0,2.513233809985404,-0.5450767508006047,0.0,-1.391939311329002,-6.417938269320084,14.30232292577628,139.91067272117348,154.21299564694976
8.573999999999533,9.81,3.93,1,1,0.01,0.01,-5.059628893450678,7.911445807865886,0.17467754963441479,-2.734603147141354,-4.151275102951336,1.006948714581298,0.0,1.2260528936795483,2.6180042357903717,0.0,2.512640538919136,-0.5672142499918278,0.0,-1.4520262684912357,-6.432172791567077,14.347211560200437,139.86563377525871,154.21284533545915
8.575999999999533,9.81,3.93,1,1,0.01,0.01,-5.0592878135900845,7.905978574211448,0.166415992660792,-2.7326512172323256,-4.110229939840561,0.9448188419445516,0.0,1.2310775683226458,2.616847660318974,0.0,2.5120311438552396,-0.5893630814195052,0.0,-1.512444289799291,-6.4464627648054424,14.394177846238497,139.81851745619537,154.21269530243387
8.577999999999534,9.81,3.93,1,1,0.01,0.01,-5.05896317454265,7.9005151195049885,0.15823684284547496,-2.7308245263006157,-4.068865666294768,0.8817075579375349,0.0,1.2361010079042947,2.6156467758119653,0.0,2.511405446644687,-0.6115232963006202,0.0,-1.573197289933035,-6.4608106779994765,14.443221296190512,139.7693242346524,154.2125455308429
8.579999999999535,9.81,3.93,1,1,0.01,0.01,-5.058654810846718,7.8950551912969695,0.15014075208704133,-2.7291250503311715,-4.027168604052021,0.8176016547905363,0.0,1.2411231796385118,2.614401559447969,0.0,2.5107632647931615,-0.6336949497087474,0.0,-1.6342893144188961,-6.475218993891129,14.494341411553611,139.71805459199263,154.21239600354625
8.581999999999535,9.81,3.93,1,1,0.01,0.01,-5.058362555709477,7.889598533159286,0.14212839964607335,-2.7275547920003747,-3.985125068233257,0.7524876475914626,0.0,1.24614405036988,2.6131119882916436,0.0,2.5101044113398556,-0.6558781005269004,0.0,-1.6957245400258438,-6.489690149612707,14.547537682942776,139.66470902034743,154.21224670329022
8.583999999999536,9.81,3.93,1,1,0.01,0.01,-5.058086240952216,7.88414488463132,0.1342004921652327,-2.7261157812379206,-3.942721360493041,0.6863517666261902,0.0,1.251163586564489,2.6117780392861105,0.0,2.5094286947339386,-0.6780728114026063,0.0,-1.7575072752420138,-6.504226557282394,14.602809590005915,139.6092880226973,154.21209761270322
8.585999999999537,9.81,3.93,1,1,0.01,0.01,-5.057825696955527,7.878693981164862,0.12635776370308877,-2.724810075804411,-3.899943762113674,0.6191799493231334,0.0,1.2561817543006368,2.6103996892454657,0.0,2.5087359187086054,-0.7002791487051914,0.0,-1.8196419608329686,-6.51883060458342,14.660156601333508,139.55179211295757,154.21194871429108
8.587999999999537,9.81,3.93,1,1,0.01,0.01,-5.057580752604434,7.873245554067857,0.11860097578182405,-2.7236397618854653,-3.8567785270320627,0.5509578317868198,0.0,1.2611985192592639,2.608976914847382,0.0,2.508025882152555,-0.7224971824851707,0.0,-1.8821331704824749,-6.53350465532754,14.719578174362509,139.49222181606973,154.21179999043224
8.589999999999538,9.81,3.93,1,1,0.01,0.01,-5.0573512352334,7.867799330446945,0.11093091744896236,-2.7226069547031897,-3.8132118747881156,0.4816707399037168,0.0,1.2662138467141333,2.607509692625782,0.0,2.5072983789787533,-0.7447269864357845,0.0,-1.9449856115172006,-6.548251050003511,14.781073755274717,139.43057766809818,154.2116514233729
8.591999999999539,9.81,3.93,1,1,0.01,0.01,-5.057136970571207,7.862355033148762,0.10334840535328821,-2.7217137991458764,-3.76922998338337,0.4113036800032246,0.0,1.2712277015217506,2.605997998963587,0.0,2.506553197990354,-0.7669686378566165,0.0,-2.0082041257165835,-6.56307210631129,14.84464277888952,139.3668602163322,154.21150299522174
8.59399999999954,9.81,3.93,1,1,0.01,0.01,-5.056937782685665,7.856912380699963,0.09585428383514831,-2.7209624704168407,-3.724818982038183,0.33984132905566167,0.0,1.2762400481110054,2.6044418100855418,0.0,2.5057901227436172,-0.7892222176192668,0.0,-2.071793690209362,-6.577970119682592,14.910284668550968,139.30107001939373,154.2113546879447
8.59599999999954,9.81,3.93,1,1,0.01,0.01,-5.056753493928124,7.8514710872459235,0.08844942503135006,-2.720355174703341,-3.679964943835576,0.26726802438818975,0.0,1.2812508504725337,2.602841102051105,0.0,2.5050089314076844,-0.8114878101350476,0.0,-2.135759418458388,-6.592947363788475,14.977998836009126,139.23320764735064,154.21120648335977
8.59799999999954,9.81,3.93,1,1,0.01,0.01,-5.056583924877765,7.846030862488091,0.08113472899489617,-2.7198941498665676,-3.634653878239139,0.19356775289820582,0.0,1.2862600721478097,2.601195850747397,0.0,2.5042093966210413,-0.8337655033247484,0.0,-2.2001065613356907,-6.608006091034573,15.047784681295923,139.1632736818353,154.21105836313123
8.599999999999541,9.81,3.93,1,1,0.01,0.01,-5.056428894285638,7.840591411619921,0.07391112382981967,-2.71958166615372,-3.5888717234725886,0.11872413974353169,0.0,1.2912676762179292,2.5995060318822105,0.0,2.503391285344506,-0.8560553885903515,0.0,-2.2648405082894865,-6.623148533044612,15.11964159259492,139.09126871616886,154.21091030876377
8.601999999999542,9.81,3.93,1,1,0.01,0.01,-5.056288219018407,7.8351524352613815,0.06677956584140929,-2.7194200269332507,-3.542604338747576,0.04272043648670243,0.0,1.296273625292108,2.5977716209770763,0.0,2.5025543587105625,-0.8783575607887875,0.0,-2.329966788605518,-6.638376901132749,15.193568946105454,139.01719335549123,154.21076230159667
8.603999999999543,9.81,3.93,1,1,0.01,0.01,-5.05616171400179,7.82971362939195,0.0597410397021423,-2.719411569454383,-3.49583749632619,-0.034460491329996845,0.0,1.3012778814958748,2.595992593360375,0.0,2.5016983718688772,-0.9006721182076749,0.0,-2.395491072764914,-6.653693386765427,15.269566105900802,138.94104821689663,154.21061432279743
8.605999999999543,9.81,3.93,1,1,0.01,0.01,-5.0560491921636395,7.824274685282073,0.052796558633669145,-2.7195586656320687,-3.4485568734041374,-0.11283617720335881,0.0,1.3062804064589408,2.5941689241604995,0.0,2.5008230738277923,-0.9229991625430367,0.0,-2.461419173901025,-6.669100162013213,15.347632423780416,138.86283392957495,154.21046635335537
8.607999999999544,9.81,3.93,1,1,0.01,0.01,-5.0559504643766555,7.818835289423026,0.04594716460522339,-2.7198637228586007,-3.400748043799884,-0.19242456730806534,0.0,1.3112811613027606,2.5923005882990635,0.0,2.49992820729162,-0.9453387988790234,0.0,-2.5277570493579917,-6.684599379993245,15.42776723911609,138.78255113495908,154.21031837407517
8.609999999999545,9.81,3.93,1,1,0.01,0.01,-5.055865339400671,7.813395123455128,0.039193928548859856,-2.7203291848431426,-3.3523964694346544,-0.27324403478291304,0.0,1.3162801066277585,2.5903875604841304,0.0,2.4990135084934932,-0.9676911356696445,0.0,-2.594510802353902,-6.700193175302723,15.509969878691875,138.70020048687763,154.2101703655695
8.611999999999545,9.81,3.93,1,1,0.01,0.01,-5.055793623824501,7.807953864094238,0.03253795059195508,-2.720957532480504,-3.3034874915874886,-0.3553133946930096,0.0,1.3212772025002075,2.5884298152035097,0.0,2.498078707023625,-0.9900562847224637,0.0,-2.6616866837514497,-6.715883664444111,15.594239656537818,138.61578265171482,154.21002230825263
8.613999999999546,9.81,3.93,1,1,0.01,0.01,-5.055735122007302,7.802511183056496,0.025980360307436206,-2.7217512847505425,-3.254006321908903,-0.4386519196988492,0.0,1.3262724084387791,2.586427326718045,0.0,2.497123525652677,-1.0124343611843867,0.0,-2.7292910939396893,-6.731672946242387,15.68057587375731,138.5292983085749,154.20987418233221
8.615999999999547,9.81,3.93,1,1,0.01,0.01,-5.0556896360194195,7.797066746981223,0.019522316982238032,-2.7227129996496346,-3.2039380331761755,-0.5232793564636316,0.0,1.3312656834007148,2.5843800690549625,0.0,2.4961476801500653,-1.0348254835294197,0.0,-2.7973305848300063,-6.747563102254946,15.768977818347837,138.44074814945435,154.2097259678022
8.617999999999547,9.81,3.93,1,1,0.01,0.01,-5.0556569655826715,7.791620217351928,0.013165009904522788,-2.72384527515573,-3.1532675497722993,-0.6092159428330639,0.0,1.3362569857676403,2.5822880160012187,0.0,2.495150879096917,-1.0572297735485283,0.0,-2.8658118619703066,-6.763556197174538,15.85944476501515,138.35013287941942,154.20957764443457
8.619999999999548,9.81,3.93,1,1,0.01,0.01,-5.055636908010045,7.786171250415353,0.006909658670233715,-2.7251507502285652,-3.1019796378700604,-0.6964824258229454,0.0,1.3412462733309964,2.580151141096878,0.0,2.494132823693441,-1.079647356341579,0.0,-2.934741786781282,-6.779654279225731,15.951975974980623,138.25745321679062,154.20942919177125
8.621999999999549,9.81,3.93,1,1,0.01,0.01,-5.055629258144756,7.780719497098477,0.0007575135095914112,-2.726632105846692,-3.0500588953018064,-0.7851000804520107,0.0,1.3462335032770845,2.577969417628501,0.0,2.4930932075604333,-1.1020783603113984,0.0,-3.0041273789189624,-6.795859380555275,16.046570695781593,138.1627098933338,154.2092805891154
8.62399999999955,9.81,3.93,1,1,0.01,0.01,-5.055633808298641,7.7752646029234125,-0.005290144365818132,-2.72829206608305,-2.997489741094573,-0.8750907294595662,0.0,1.351218632171697,2.575742818622543,0.0,2.4920317165346306,-1.1245229171599715,0.0,-3.0739758187679866,-6.8121735176167855,16.143228161064588,138.06590365445822,154.20913181552282
8.62599999999955,9.81,3.93,1,1,0.01,0.01,-5.055650348189824,7.7698062079201025,-0.011232002394673368,-2.7301333992208936,-2.944256404649215,-0.9664767639496485,0.0,1.356201615944346,2.5734713168387544,0.0,2.490948028457626,-1.1469811618868566,0.0,-3.1442944500704484,-6.828598691550131,16.241947590371204,137.96703525942098,154.2089828497922
8.62799999999955,9.81,3.93,1,1,0.01,0.01,-5.055678664879634,7.764343946536752,-0.017066716275531076,-2.73215891891197,-2.890342914541399,-1.0592811650054363,0.0,1.361182409872049,2.571154884763593,0.0,2.489841812958031,-1.1694532327898033,0.0,-3.215090782695172,-6.8451368885558725,16.34272818891652,137.86610548153973,154.20883367045624
8.629999999999551,9.81,3.93,1,1,0.01,0.01,-5.055718542708716,7.758877447547898,-0.02279290955364443,-2.7343714853789347,-2.8357330869209165,-1.15352752632071,0.0,1.3661609685626899,2.5687934946036135,0.0,2.4887127312265167,-1.1919392714677066,0.0,-3.28637249555298,-6.861790080264967,16.445569147359645,137.76311510841148,154.20868425577112
8.631999999999552,9.81,3.93,1,1,0.01,0.01,-5.055769763232288,7.753406333960022,-0.0284091731841579,-2.7367740066640867,-2.78041051348493,-1.249240077896741,0.0,1.3711372459378988,2.5663871182788736,0.0,2.4875604357834726,-1.2144394228258286,0.0,-3.358147439663263,-6.878560224104276,16.55046964156642,137.65806494214024,154.20853458370667
8.633999999999553,9.81,3.93,1,1,0.01,0.01,-5.055832105154507,7.7479302229146265,-0.03391406507080117,-2.7393694399266075,-2.7243585489993447,-1.3464437108568958,0.0,1.3761111952154856,2.563935727416302,0.0,2.486384570238806,-1.2369538350834886,0.0,-3.430423641378183,-6.895449263657801,16.65742883236381,137.55095579957134,154.20838463193516
8.635999999999553,9.81,3.93,1,1,0.01,0.01,-5.055905344261884,7.742448725588657,-0.03930610957915147,-2.7421607927905916,-2.667560298341217,-1.445164003433177,0.0,1.381082768891365,2.561439293343066,0.0,2.4851847690435953,-1.259482659784168,0.0,-3.503209305770538,-6.91245912902418,16.76644586528585,137.44178851253463,154.20823437782047
8.637999999999554,9.81,3.93,1,1,0.01,0.01,-5.055989253355695,7.736961447092186,-0.0445837970234783,-2.7451511247462674,-2.609998603033855,-1.5454272481824027,0.0,1.3860519187209863,2.5588977870799097,0.0,2.483960657233137,-1.2820260518081539,0.0,-3.5765128201920726,-6.929591737170452,16.877519870310906,137.33056392809567,154.20808379840656
8.639999999999555,9.81,3.93,1,1,0.01,0.01,-5.056083602183346,7.731467986363229,-0.04974558312612613,-2.7483435486069356,-2.5516560272445634,-1.6472604804931485,0.0,1.3910185957002315,2.5563111793344717,0.0,2.4827118501609813,-1.304584169387776,0.0,-3.65034275800927,-6.946848992282317,16.99064996158977,137.21728290881578,154.20793287040556
8.641999999999555,9.81,3.93,1,1,0.01,0.01,-5.0561881573686245,7.725967936059592,-0.05478988844832912,-2.7517412320242602,-2.492514843213517,-1.7506915084479164,0.0,1.3959827500457873,2.5536794404945535,0.0,2.4814379532234834,-1.3271571741253636,0.0,-3.724707882524194,-6.964232786110946,17.105835237164545,137.10194633302024,154.20778157018478
8.643999999999556,9.81,3.93,1,1,0.01,0.01,-5.056302682340783,7.720460882447634,-0.05971509779128731,-2.755347399064699,-2.4325570160806143,-1.855748944108477,0.0,1.4009443311749428,2.5510025406213632,0.0,2.48013856157442,-1.3497452310139333,0.0,-3.7996171510880528,-6.981744998316456,17.223074778677763,136.98455509507647,154.20762987375423
8.645999999999557,9.81,3.93,1,1,0.01,0.01,-5.056426937262392,7.714946405287804,-0.06451955956626541,-2.7591653318499865,-2.371764188075259,-1.9624622362965947,0.0,1.4059032876848074,2.5482804494427156,0.0,2.478813259829169,-1.3723485084607443,0.0,-3.875079719415956,-6.999387496808092,17.342367651071573,136.86511010568154,154.20747775675312
8.647999999999557,9.81,3.93,1,1,0.01,0.01,-5.0565606789559085,7.709424077716832,-0.06920158513240347,-2.763198372264737,-2.3101176620320367,-2.0708617049466627,0.0,1.4108595673309363,2.5455131363461687,0.0,2.477461621757882,-1.3949671783138333,0.0,-3.9511049461116796,-7.017162138080937,17.463712902276388,136.743612292159,154.2073251944354
8.649999999999558,9.81,3.93,1,1,0.01,0.01,-5.056703660828878,7.703893466126445,-0.07375944810085258,-2.7674499237343904,-2.247598384193441,-2.180978577110601,0.0,1.4158131170053174,2.542700570372121,0.0,2.476083209967154,-1.4176014158915868,0.0,-4.027702397411609,-7.035070767549256,17.587109562888983,136.62006259876662,154.2071721616556
8.651999999999559,9.81,3.93,1,1,0.01,0.01,-5.056855632797711,7.698354130038438,-0.07819138360376886,-2.771923453076895,-2.1841869262583145,-2.292845024701029,0.0,1.42076388271372,2.5398427202068325,0.0,2.4746775755695314,-1.4402514000155127,0.0,-4.1048818521578365,-7.053115219876134,17.712556645839168,136.49446198701423,154.2070186328534
8.65399999999956,9.81,3.93,1,1,0.01,0.01,-5.0570163412099705,7.692805621975978,-0.08249558752661403,-2.776622492431683,-2.119863466632507,-2.4064942040629935,0.0,1.425711809552362,2.5369395541753916,0.0,2.4732442578403044,-1.4629173130462823,0.0,-4.182653307010627,-7.071297319299357,17.840053146045157,136.3668114359931,154.20686458203826
8.65599999999956,9.81,3.93,1,1,0.01,0.01,-5.057185528765074,7.687247487330964,-0.08667021570212144,-2.781550641269706,-2.0546077708357453,-2.521960297470665,0.0,1.4306568416838858,2.533991040234585,0.0,2.471782783860829,-1.4855993409232249,0.0,-4.2610269819113835,-7.089618879952998,17.969598040056482,136.23711194271579,154.20670998277228
8.65799999999956,9.81,3.93,1,1,0.01,0.01,-5.05736293443335,7.681679264227283,-0.09071338306419173,-2.786711568488465,-1.9883991710159679,-2.639278556650501,0.0,1.4355989223126007,2.530997145965708,0.0,2.4702926681477777,-1.508297673207351,0.0,-4.340013325807529,-7.108081706184615,18.101190285684744,136.10536452246896,154.2065548081537
8.659999999999561,9.81,3.93,1,1,0.01,0.01,-5.057548293373359,7.676100483379787,-0.09462316275988189,-2.792109014596209,-1.9212165445195852,-2.758485348439167,0.0,1.4405379936589668,2.5279578385672736,0.0,2.468773412267506,-1.5310125031280801,0.0,-4.419623022651628,-7.126687592867359,18.23482882162097,135.97157020917814,154.2063990307991
8.661999999999562,9.81,3.93,1,1,0.01,0.01,-5.057741336847397,7.670510667948811,-0.0983975852175455,-2.7977467939896754,-1.8530382914630048,-2.879618202690801,0.0,1.4454739969333033,2.5248730848476204,0.0,2.4672245044347725,-1.553744027633833,0.0,-4.499866997687698,-7.1454383257065315,18.370512567039633,135.83573005578486,154.2062426228245
8.663999999999563,9.81,3.93,1,1,0.01,0.01,-5.057941792135087,7.664909333390038,-0.10203463716906959,-2.803628797329995,-1.7838423112475992,-3.0027158625552,0.0,1.4504068723086632,2.521742851217425,0.0,2.465645419094991,-1.5764924474466087,0.0,-4.580756424038288,-7.164335681539934,18.508240421188326,135.697845134638,154.20608555582632
8.665999999999563,9.81,3.93,1,1,0.01,0.01,-5.0581493824449675,7.6592959872995054,-0.10553226062403383,-2.8097589940216343,-1.7136059779567065,-3.127818337256278,0.0,1.4553365588928686,2.5185671036820967,0.0,2.464035616489103,-1.599257967120759,0.0,-4.6623027296068535,-7.183381428631139,18.6480112629627,135.55791653789862,154.20592780086133
8.667999999999564,9.81,3.93,1,1,0.01,0.01,-5.058363826823983,7.653670129253554,-0.10888835179349213,-2.816141434799505,-1.6423061145696132,-3.2549669575079063,0.0,1.4602629946996486,2.5153458078340485,0.0,2.4623945422001707,-1.6220407951061107,0.0,-4.744517604310645,-7.202577326954895,18.789823950466175,135.4159453779596,154.20576932842576
8.669999999999565,9.81,3.93,1,1,0.01,0.01,-5.058584840064763,7.64803125064348,-0.11210075996094179,-2.8227802544296647,-1.5699189659233665,-3.384204433713192,0.0,1.4651861166188525,2.5120789288448417,0.0,2.4607216266806615,-1.644841143815627,0.0,-4.827413007660269,-7.2219251284734955,18.933677320553215,135.27193278788025,154.20561010843346
8.671999999999565,9.81,3.93,1,1,0.01,0.01,-5.058812132610598,7.64237883450468,-0.11516728629790358,-2.82967967452933,-1.4964201703490645,-3.51557491710226,0.0,1.4701058603857073,2.5087664314571803,0.0,2.459016284759379,-1.66765922969785,0.0,-4.9110011767030874,-7.2414265774029625,19.0795701883562,135.12587992183674,154.20545011019294
8.673999999999566,9.81,3.93,1,1,0.01,0.01,-5.0590454104579745,7.636712355340021,-0.11808568262138423,-2.8368440065122336,-1.4217847299047133,-3.649124063973293,0.0,1.4750221605490506,2.505408279976775,0.0,2.457277915126964,-1.6904952733142429,0.0,-4.995294634348305,-7.26108341046782,19.22750134679454,134.9777879555897,154.20528930238424
8.675999999999567,9.81,3.93,1,1,0.01,0.01,-5.05928437505658,7.63103127893719,-0.12085365009033282,-2.844277654665722,-1.3459869791217656,-3.7848991032127417,0.0,1.4799349504385257,2.502004438264028,0.0,2.455505899798686,-1.71334949942176,0.0,-5.080306198093121,-7.2808973571425994,19.377469566065518,134.82765808696848,154.205127653034
8.677999999999567,9.81,3.93,1,1,0.01,0.01,-5.059528723206629,7.625335062179762,-0.12346883783803074,-2.851985119366318,-1.2690005521771124,-3.922948907281439,0.0,1.4848441621306745,2.4985548697255564,0.0,2.4536996035533494,-1.7362221370608215,0.0,-5.166048989170054,-7.300870139878705,19.52947359311606,134.67549153637373,154.20496512948978
8.679999999999568,9.81,3.93,1,1,0.01,0.01,-5.059778146953383,7.61962315285168,-0.12592884153717385,-2.8599710004408916,-1.1907983483969418,-4.063324066865574,0.0,1.48974972641388,2.495059537305531,0.0,2.4518583733469166,-1.7591134196489402,0.0,-5.2525364421368455,-7.32100347431444,19.68351215109433,134.52128954729892,154.20480169839325
8.681999999999569,9.81,3.93,1,1,0.01,0.01,-5.060032333478744,7.613894989434865,-0.12823120189421136,-2.86824000068097,-1.111352495992431,-4.206076969404871,0.0,1.4946515727521184,2.4915184034768263,0.0,2.4499815376994336,-1.7820235850803026,0.0,-5.339782314931742,-7.341299069466123,19.83958393878057,134.36505338687166,154.20463732565224
8.68399999999957,9.81,3.93,1,1,0.01,0.01,-5.060290964989747,7.608150000899645,-0.13037340306930023,-2.876796929518171,-1.0306343139211565,-4.351261881723753,0.0,1.4995496292474448,2.4879314302319577,0.0,2.4480684060537286,-1.8049528758315248,0.0,-5.427800699418056,-7.3617586278978004,19.997687629995692,134.20678434641584,154.20447197641153
8.68599999999957,9.81,3.93,1,1,0.01,0.01,-5.060553718603828,7.602387606487653,-0.13235287101801418,-2.885646706869198,-0.9486142717607039,-4.4989350370068175,0.0,1.5044438226011754,2.4842985790738146,0.0,2.446118268104291,-1.8279015390739222,0.0,-5.516606032443619,-7.382383845866956,20.15782187298728,134.04648374203555,154.20430561502283
8.68799999999957,9.81,3.93,1,1,0.01,0.01,-5.060820266230684,7.596607215486867,-0.13416697175071232,-2.894794367159347,-0.8652619474737319,-4.649154726376031,0.0,1.5093340780736966,2.480619811006138,0.0,2.4441303930945306,-1.8508698267926027,0.0,-5.606213107442122,-7.403176413442945,20.319985289791113,133.88415291522116,154.20413820501227
8.689999999999571,9.81,3.93,1,1,0.01,0.01,-5.061090274450576,7.590808226998412,-0.13581300950522274,-2.9042450635339914,-0.7805459829357153,-4.801981395343735,0.0,1.5142203194428276,2.476895086523786,0.0,2.4421040290806824,-1.8738579959126542,0.0,-5.696637086604857,-7.424138014595119,20.484176475567793,133.71979323348046,154.20396970904824
8.691999999999572,9.81,3.93,1,1,0.01,0.01,-5.061363404388873,7.584990029694744,-0.13728822482823053,-2.9140040722680967,-0.6944340370876554,-4.95747774543539,0.0,1.5191024689606865,2.473124365602704,0.0,2.440038402160268,-1.8968663084328525,0.0,-5.787893513653471,-7.445270327246537,20.650393997912598,133.55340609099318,154.20380008890578
8.693999999999573,9.81,3.93,1,1,0.01,0.01,-5.061639311586677,7.5791520015688105,-0.13858979256047482,-2.9240767973844046,-0.6068927365669656,-5.115708841294895,0.0,1.5239804473089669,2.4693076076896467,0.0,2.4379327156631363,-1.91989503156718,0.0,-5.879998327245799,-7.466575023289467,20.818636396137773,133.38499290929332,154.2036293054311
8.695999999999573,9.81,3.93,1,1,0.01,0.01,-5.061917645867312,7.573293509673752,-0.139714819720556,-2.934468775491592,-0.5178876236596512,-5.276742223607618,0.0,1.528854173552564,2.4654447716916006,0.0,2.435786149302765,-1.94294443789458,0.0,-5.972967875049105,-7.488053768557827,20.988902180525734,133.21455513797815,154.2034573185039
8.697999999999574,9.81,3.93,1,1,0.01,0.01,-5.0621980511984725,7.5674139098527,-0.14066034328182977,-2.9451856808543853,-0.4273831014059309,-5.440648028199558,0.0,1.533723565091457,2.461535815964888,0.0,2.433597858285449,-1.9660148055173452,0.0,-6.066818928517147,-7.509708222751579,21.161189831551262,133.0420942554459,154.20328408699717
8.699999999999575,9.81,3.93,1,1,0.01,0.01,-5.062480165549817,7.561512546458195,-0.14142332783651787,-2.956233330708369,-0.3353423756800565,-5.607499111695484,0.0,1.5385885376107675,2.4575806983039605,0.0,2.431366972374862,-1.9891064182285492,0.0,-6.161568698409588,-7.531540039307496,21.335497799072122,132.86761176966465,154.20310956873678
8.701999999999575,9.81,3.93,1,1,0.01,0.01,-5.062763620745774,7.555588752060711,-0.14200066314079382,-2.9676176908330074,-0.2417273940523279,-5.777371184146728,0.0,1.5434490050289011,2.453579375929846,0.0,2.4290925949092155,-2.0122195656889934,0.0,-6.257234851094971,-7.5535508652100365,21.51182450148555,132.69110921897257,154.20293372045813
8.703999999999576,9.81,3.93,1,1,0.01,0.01,-5.063048042313307,7.5496418471457725,-0.14238916153420508,-2.9793448813972563,-0.14649878122779234,-5.950342949068102,0.0,1.5483048794436738,2.4495318054782147,0.0,2.426773801768084,-2.0353545436141456,0.0,-6.3538355256809025,-7.57574234073535,21.69016832484917,132.51258817291145,154.20275649776062
8.705999999999577,9.81,3.93,1,1,0.01,0.01,-5.063333049324393,7.54367113979909,-0.1425855552263674,-2.9914211830930433,-0.0496157708416309,-6.126496251354478,0.0,1.5531560710763146,2.4454379429870867,0.0,2.42440964028585,-2.05851165397154,0.0,-6.451389352017854,-7.598116099121103,21.870527621964982,132.33205023309614,154.20257785506112
8.707999999999577,9.81,3.93,1,1,0.01,0.01,-5.0636182542329315,7.537675925379131,-0.14258649344341173,-3.0038530435728825,0.04896386662473691,-6.30591623358244,0.0,1.5580024882132466,2.441297743884114,0.0,2.421999128108305,-2.0816912051892222,0.0,-6.5499154696262165,-7.620673766153417,22.05290071142355,132.14949703412057,154.20239774554412
8.709999999999578,9.81,3.93,1,1,0.01,0.01,-5.063903262705804,7.531655486176488,-0.14238853942617505,-3.016647084208923,0.14928390005967665,-6.488691501238096,0.0,1.5628440371455103,2.437111162973445,0.0,2.419541251988925,-2.1048935123757397,0.0,-6.649433547599105,-7.643416959661931,22.237285876607256,131.96493024450325,154.2022161211105
8.711999999999579,9.81,3.93,1,1,0.01,0.01,-5.064187673447767,7.525609091059407,-0.14198816727160282,-3.029810107191858,0.2513897183408771,-6.674914297452745,0.0,1.5676806221057324,2.4328781544221276,0.0,2.4170349665208795,-2.128118897552345,0.0,-6.7499638055372895,-7.666347288912543,22.423681364649763,131.7783515676731,154.20203293232285
8.71399999999958,9.81,3.93,1,1,0.01,0.01,-5.064471078019874,7.51953599510475,-0.14138175860826824,-3.0433491029893314,0.3553284156496055,-6.864680687870003,0.0,1.5725121452024742,2.428598671746046,0.0,2.414479192800739,-2.1513676898979495,0.0,-6.851527035575814,-7.689466353886837,22.612085385349836,131.58976274299948,154.20184812834933
8.71599999999958,9.81,3.93,1,1,0.01,0.01,-5.064753060651064,7.513435439213665,-0.14056559909630992,-3.0572712581847625,0.46114888179241015,-7.058090756315178,0.0,1.5773385063518428,2.4242726677953517,0.0,2.4118728170193693,-2.1746402260075475,0.0,-6.954144625566287,-7.712775744435464,22.802496110036614,131.3991655468676,154.2016616569042
8.71799999999958,9.81,3.93,1,1,0.01,0.01,-5.065033198042572,7.507306649711185,-0.13953587474144077,-3.071583963718908,0.5689018978666253,-7.255248811987867,0.0,1.5821596032062137,2.4199000947393468,0.0,2.40921468897527,-2.1979368501648286,0.0,-7.0578385834829875,-7.736277039291855,22.994911670384095,131.20656179380111,154.2014734641852
8.719999999999581,9.81,3.93,1,1,0.01,0.01,-5.065311059164773,7.501148837928919,-0.13828866801198408,-3.0862948235579704,0.6786402376307057,-7.456263608952199,0.0,1.5869753310798846,2.4154809040508365,0.0,2.406503620505304,-2.221257914629621,0.0,-7.162631563125151,-7.759971804931248,23.18933015717174,131.01195333763687,154.2012834948086
8.721999999999582,9.81,3.93,1,1,0.01,0.01,-5.065586205046047,7.494961199769955,-0.13681995374714248,-3.101411663813676,0.7904187749684466,-7.661248578759542,0.0,1.5917855828715162,2.4110150464898696,0.0,2.4037383838272275,-2.2446037799410616,0.0,-7.268546891193434,-7.783861594258071,23.385749618988708,130.81534207275212,154.20109169174083
8.723999999999583,9.81,3.93,1,1,0.01,0.01,-5.065858188553252,7.488742915255058,-0.13512559484389944,-3.1169425423424726,0.9042945978653056,-7.870322077101328,0.0,1.5965902489831563,2.406502472086859,0.0,2.400917709788135,-2.267974815237233,0.0,-7.375608595823193,-7.807947945103262,23.58416806087764,130.6167299353486,154.20089799622622
8.725999999999583,9.81,3.93,1,1,0.01,0.01,-5.066126554163324,7.482493148049152,-0.13320133770908357,-3.1328957588528583,1.0203271293475615,-8.083607645459429,0.0,1.6013892172356656,2.401943130125058,0.0,2.398040286012473,-2.2913713985921755,0.0,-7.4838414366633765,-7.832232378511249,23.784583442915885,130.41611890479618,154.20070234771205
8.727999999999584,9.81,3.93,1,1,0.01,0.01,-5.066390837725549,7.47621104496707,-0.13104280746219113,-3.1492798655518737,1.1385782558698094,-8.301234288796925,0.0,1.6061823727803362,2.397336969122325,0.0,2.395104754942677,-2.314793917371211,0.0,-7.593270936595941,-7.8567163967938125,23.98699367872948,130.21351100503958,154.20050468376905
8.729999999999585,9.81,3.93,1,1,0.01,0.01,-5.066650566213969,7.469895735457432,-0.12864550287355267,-3.1661036783639425,1.2591124636743767,-8.523336770413641,0.0,1.6109695980064689,2.3926839368121815,0.0,2.3921097117651096,-2.338242768605495,0.0,-7.703923415197073,-7.881401481326168,24.191396633936737,130.00890830607173,154.20030494000846
8.731999999999585,9.81,3.93,1,1,0.01,0.01,-5.066905257469389,7.4635463310634895,-0.12600479102134293,-3.1833762887575894,1.3819969836873112,-8.750055925179893,0.0,1.6157507724446922,2.3879839801240728,0.0,2.3890537022131983,-2.36171835938691,0.0,-7.8158260240492226,-7.906289090057429,24.397790124517083,129.80231292547703,154.2001030499941
8.733999999999586,9.81,3.93,1,1,0.01,0.01,-5.067154419930404,7.457161924859673,-0.12311590164975882,-3.2011070762180864,1.5073019455605907,-8.981538992458374,0.0,1.6205257726657476,2.3832370451628515,0.0,2.38593522023925,-2.385221107284301,0.0,-7.929006784020107,-7.9313806547053245,24.60617191510094,129.59372703005025,154.19989894515118
8.735999999999587,9.81,3.93,1,1,0.01,0.01,-5.067397552352822,7.450741590862522,-0.11997392120942321,-3.2193057214067973,1.6351005415190232,-9.217939970129782,0.0,1.6252944721744897,2.3784430771873684,0.0,2.382752705545491,-2.4087514407823045,0.0,-8.04349462463388,-7.956677577601135,24.816539717175978,129.38315283749273,154.1996925546687
8.737999999999587,9.81,3.93,1,1,0.01,0.01,-5.067634143516842,7.444284383414565,-0.11657378655970346,-3.237982220050942,1.7654692007229553,-9.459419991251124,0.0,1.630056741298788,2.3736020205881996,0.0,2.379504540964346,-2.432309799743878,0.0,-8.159319425667997,-7.982181228147835,25.02889118720477,129.1705926181937,154.19948380539847
8.739999999999588,9.81,3.93,1,1,0.01,0.01,-5.067863671921273,7.4377893365396535,-0.11291027831115322,-3.257146897610674,1.898487774916545,-9.706147725002102,0.0,1.6348124470730394,2.3687138188643955,0.0,2.376189049676946,-2.4558966358979344,0.0,-8.276512061119954,-8.007892938849947,25.24322392464859,128.95604869709888,154.19927262174747
8.741999999999589,9.81,3.93,1,1,0.01,0.01,-5.068085605464065,7.431255463268148,-0.10897801378468588,-3.276810424773816,2.034239736193383,-9.958299803708936,0.0,1.6395614531159413,2.3637784145992398,0.0,2.372804492258073,-2.479512413353362,0.0,-8.395104445697923,-8.033814000869414,25.459535469891808,128.73952345567335,154.19905892556517
8.74399999999959,9.81,3.93,1,1,0.01,0.01,-5.068299401108343,7.4246817549302335,-0.10477143956235571,-3.296983833832321,2.1728123877807777,-10.216061277884789,0.0,1.6443036195021712,2.3587957494349494,0.0,2.369349063534714,-2.5031576091409082,0.0,-8.515129584001333,-8.059945659056813,25.677823302060556,128.52101933396358,154.19884263602412
8.74599999999959,9.81,3.93,1,1,0.01,0.01,-5.068504504533128,7.41806718041556,-0.10028482360274683,-3.317678535998563,2.3142970888183085,-10.479626101386486,0.0,1.6490388026275884,2.353765764046269,0.0,2.3658208892443016,-2.5268327137844517,0.0,-8.636621622569683,-8.086289106401585,25.898084836729673,128.30053883276565,154.19862366949533
8.74799999999959,9.81,3.93,1,1,0.01,0.01,-5.068700349767818,7.411410685397252,-0.09551224689193817,-3.3389063397239367,2.4587894941884207,-10.749197648964461,0.0,1.6537668550675346,2.348688398112884,0.0,2.362218022477542,-2.550538231903259,0.0,-8.759615904991424,-8.112845477838937,26.120317423510507,128.0780845159048,154.1984019394153
8.749999999999591,9.81,3.93,1,1,0.01,0.01,-5.068886358809482,7.404711191518231,-0.090447594598809,-3.3606794700869833,2.6063898105460273,-11.024989268675402,0.0,1.658487625427794,2.343563590290598,0.0,2.358538439889389,-2.5742746828469447,0.0,-8.88414903027946,-8.139615843343924,26.344518343512334,127.85365901263427,154.1981773561466
8.751999999999592,9.81,3.93,1,1,0.01,0.01,-5.069061941221943,7.397967595537624,-0.08508454670106004,-3.3830105893234212,2.757203069791458,-11.307224871837398,0.0,1.663200958187727,2.338391278181212,0.0,2.354780037660372,-2.598042601364928,0.0,-9.010258914735664,-8.166601200235949,26.570684806669647,127.62726502016092,154.19794982683055
8.753999999999593,9.81,3.93,1,1,0.01,0.01,-5.069226493715557,7.391178768434911,-0.07941656804573075,-3.4059128185760255,2.9113394213381323,-11.596139563438607,0.0,1.6679066935350702,2.3331713983010145,0.0,2.3509406271887587,-2.6218425383123227,0.0,-9.137984857544348,-8.193802464607652,26.79881394892652,127.39890530630446,154.19771925523096
8.755999999999593,9.81,3.93,1,1,0.01,0.01,-5.069379399706508,7.384343554469282,-0.07343689780517638,-3.429399760948387,3.068914444642446,-11.891980316161126,0.0,1.6726046671918193,2.3279038860478374,0.0,2.3470179304924965,-2.6456750613941797,0.0,-9.26736761035284,-8.221220461783261,27.028902829268795,127.16858271230103,154.19748554156982
8.757999999999594,9.81,3.93,1,1,0.01,0.01,-5.069520028854382,7.377460770191508,-0.06713853828640741,-3.4534855259531696,3.2300494835914964,-12.195006691458822,0.0,1.677294710230615,2.3225886756665806,0.0,2.343009575297785,-2.669540755950289,0.0,-9.398449451118532,-8.248855915700053,27.260948426594553,126.93630015575856,154.1972485823531
8.759999999999595,9.81,3.93,1,1,0.01,0.01,-5.06964773657667,7.370529203405436,-0.06051424304836504,-3.4781847554526615,3.394872004483807,-12.505491611429477,0.0,1.6819766488809762,2.3172257002131103,0.0,2.338913089789082,-2.693440225782756,0.0,-9.53127426252356,-8.276709437094521,27.49494763641194,126.70206063377417,154.1970082701861
8.761999999999595,9.81,3.93,1,1,0.01,0.01,-5.069761863538779,7.363547612076032,-0.053556504278085997,-3.50351265119722,3.563515979490944,-12.823722185551667,0.0,1.686650304324662,2.3118148915164753,0.0,2.334725896993123,-2.717374094028652,0.0,-9.665887615282433,-8.30478151036169,27.73089726735311,126.46586722622531,154.19676449357843
8.763999999999596,9.81,3.93,1,1,0.01,0.01,-5.069861735118006,7.356514723180647,-0.046257539372768344,-3.5294850040757098,3.7361222976560673,-13.150000596720668,0.0,1.6913154924794185,2.30635618013932,0.0,2.3304453087667807,-2.741343004080284,0.0,-9.802336856694726,-8.333072478939933,27.968794037491907,126.22772309924508,154.196517136737
8.765999999999597,9.81,3.93,1,1,0.01,0.01,-5.069946660839835,7.34942923149997,-0.03860927667045737,-3.556118225201296,3.912839205669078,-13.48464505141471,0.0,1.695972023770279,2.3008494953364105,0.0,2.326068519355917,-2.7653476205556515,0.0,-9.940671204823431,-8.361582529057056,28.20863457045211,125.98763150889474,154.19626607934686
8.767999999999597,9.81,3.93,1,1,0.01,0.01,-5.070015933784796,7.3422897983448685,-0.030603340267393253,-3.583429378966038,4.093822780859077,-13.827990799258357,0.0,1.7006197028875123,2.295294765011169,0.0,2.3215925984891617,-2.789388630321799,0.0,-10.080941848710918,-8.390311671653626,28.45041539129164,125.74559580504683,154.19601119633847
8.769999999999598,9.81,3.93,1,1,0.01,0.01,-5.070068829963985,7.335095050215022,-0.022231033854962126,-3.6114362182087434,4.2792374390669,-14.180391227730112,0.0,1.7052583285302803,2.2896919156700966,0.0,2.3170144839670503,-2.81346674357402,0.0,-10.223202055079216,-8.419259722277596,28.694132922147997,125.50161943549263,154.19575235764063
8.771999999999599,9.81,3.93,1,1,0.01,0.01,-5.0701046076612215,7.32784357738499,-0.013483323503629378,-3.6401572216525513,4.469256480301923,-14.542219038284681,0.0,1.7098876931349132,2.2840408723749914,0.0,2.3123309737031827,-2.837582694973782,0.0,-10.36750728199793,-8.448426278719822,28.939783477627106,125.25570595029086,154.19548942791798
8.7739999999996,9.81,3.93,1,1,0.01,0.01,-5.070122506739654,7.320533932412982,-0.00435081931516244,-3.6696116337818117,4.664062675354335,-14.913867510738502,0.0,1.7145075825866938,2.2783415586928246,0.0,2.307538717169703,-2.8617372448486185,0.0,-10.513915300044914,-8.477810696131865,29.18736325991881,125.00785900637365,154.19522226629246
8.7759999999996,9.81,3.93,1,1,0.01,0.01,-5.070121747910471,7.31316462856729,0.005176244142178968,-3.699819507342166,4.863848896825817,-15.29575186339998,0.0,1.719117775913888,2.272593896643154,0.0,2.302634206194637,-2.885931180457173,0.0,-10.662486321528753,-8.507412059335794,29.436868353618472,124.75808237242835,154.1949507260468
8.7779999999996,9.81,3.93,1,1,0.01,0.01,-5.070101531961179,7.305734138164934,0.01510802870804908,-3.730801748663366,5.068818798362614,-15.688310717121844,0.0,1.7237180449626774,2.266797806642926,0.0,2.2976137650533675,-2.910165317322834,0.0,-10.813283138391624,-8.537229152000084,29.688294720234047,124.50637993407422,154.19467465430827
8.779999999999601,9.81,3.93,1,1,0.01,0.01,-5.0700610389407545,7.298240890816652,0.025455114914496757,-3.7625801660214857,5.279187546226831,-16.09200767221688,0.0,1.7283081540515162,2.2609532074485563,0.0,2.2924735397906058,-2.9344405006394205,0.0,-10.966371269464087,-8.567260422315005,29.94163819235554,124.25275569935707,154.1943938917126
8.781999999999602,9.81,3.93,1,1,0.01,0.01,-5.069999427298711,7.290683271571944,0.0362285257896513,-3.7951775212758796,5.495182607728638,-16.507333008017987,0.0,1.732887859603302,2.255060016095117,0.0,2.2872094867026305,-2.9587576067525365,0.0,-11.121819117802245,-8.597503944754722,30.196894467462144,123.99721380458372,154.19410827204587
8.783999999999603,9.81,3.93,1,1,0.01,0.01,-5.069915832974956,7.283059618957341,0.047439752299206675,-3.8286175850367203,5.717044601466326,-16.934805515785808,0.0,1.7374569097536092,2.2491181478324824,0.0,2.281817359902167,-2.9831175447202916,0.0,-11.27969813890175,-8.627957377460797,30.454059101339638,123.73975852052229,154.1938176218619
8.785999999999603,9.81,3.93,1,1,0.01,0.01,-5.069809368437005,7.275368222900592,0.059100780554649866,-3.862925195641344,5.9450282147870075,-17.374974476679576,0.0,1.7420150439330677,2.243127516058263,0.0,2.2762926978801015,-3.007521257957173,0.0,-11.440083020653528,-8.658617914722178,30.713127501079214,123.48039425899492,154.19352176007413
8.787999999999604,9.81,3.93,1,1,0.01,0.01,-5.069679121660913,7.2676073225328315,0.07122412092850683,-3.898126322242159,6.179403194391041,-17.828421797617693,0.0,1.7465619924217806,2.2370880322473803,0.0,2.2706308089690275,-3.0319697259648146,0.0,-11.603051875982725,-8.68948223395882,30.974094917625376,123.2191255798944,154.19322049751977
8.789999999999605,9.81,3.93,1,1,0.01,0.01,-5.069524155051931,7.259775103860191,0.083822839229278,-3.9342481323357283,6.420455416564143,-18.295764319075765,0.0,1.7510974758734839,2.230999605878074,0.0,2.264826755603228,-3.0564639661534865,0.0,-11.76868644919721,-8.720546436538132,31.236956437838444,122.9559571986552,154.19291363649364
8.791999999999605,9.81,3.93,1,1,0.01,0.01,-5.069343504300615,7.251869697295612,0.09691059010230575,-3.9713190640920466,6.668488044133718,-18.777656310205522,0.0,1.7556212048069273,2.22486214435418,0.0,2.2588753372581527,-3.081005035758044,0.0,-11.937072337164224,-8.75180598166486,31.501706976033205,122.69089399421598,154.1926009702492
8.793999999999606,9.81,3.93,1,1,0.01,0.01,-5.06913617716977,7.243889175040876,0.11050165283767163,-4.009368903875241,6.9238227779179695,-19.274792168124364,0.0,1.7601328790617075,2.218675552923484,0.0,2.252771071939453,-3.105594033851933,0.0,-12.108299226535248,-8.783255612483565,31.768341264953257,122.42394101751181,154.19228228246507
8.795999999999607,9.81,3.93,1,1,0.01,0.01,-5.06890115220719,7.2358315483080595,0.12461096978248017,-4.048428869382207,7.186801211170059,-19.787909339828694,0.0,1.7646321872155082,2.212439734591929,0.0,2.246508176076868,-3.1302321034627134,0.0,-12.282461148350473,-8.81488927341598,32.03685384613483,122.15510350053731,154.19195734667215
8.797999999999607,9.81,3.93,1,1,0.01,0.01,-5.068637377378811,7.2276947643686915,0.13925418757267966,-4.088531698864316,7.457786296320224,-20.317791486935448,0.0,1.7691188059594047,2.2061545900335053,0.0,2.2400805426618735,-3.154920433792196,0.0,-12.459656751476093,-8.846700017622574,32.307239059611696,121.88438686602856,154.19162592564027
8.799999999999608,9.81,3.93,1,1,0.01,0.01,-5.0683437686163675,7.219476703417983,0.15444770141903574,-4.129711746939635,7.737163934191222,-20.865271915368584,0.0,1.7735923994275313,2.199820017495578,0.0,2.233481717449232,-3.179660262543889,0.0,-12.639989596461216,-8.878679903323459,32.57949103290609,121.61179673781253,154.19128777071862
8.801999999999609,9.81,3.93,1,1,0.01,0.01,-5.068019208273229,7.211175175240373,0.17020870270315844,-4.172005087549354,8.025344696809917,-21.43123729418619,0.0,1.7780526184770609,2.1934359126994654,0.0,2.2267048730216192,-3.204452878359911,0.0,-12.823568471547896,-8.910819877537609,32.85360366924768,121.3373389518809,154.19094262112858
8.80399999999961,9.81,3.93,1,1,0.01,0.01,-5.067662543481493,7.202787915661526,0.18655523016274095,-4.215449624662784,8.322765695964291,-22.016631690002477,0.0,1.782499099913984,2.187002168736006,0.0,2.219742780492524,-3.2292996233686684,0.0,-13.010507732727639,-8.943109645594907,33.12957063495439,121.06101956824673,154.1905902032011
8.80599999999961,9.81,3.93,1,1,0.01,0.01,-5.067272584402867,7.1943125827706185,0.20350622497056015,-4.260085211390546,8.62989261076226,-22.622460945898585,0.0,1.7869314656597266,2.1805186759559536,0.0,2.2125877785957897,-3.2542018958436394,0.0,-13.200927669913655,-8.975537524541275,33.407385345904906,120.78284488365347,154.19023022955838
8.80799999999961,9.81,3.93,1,1,0.01,0.01,-5.066848102365233,7.185746752895401,0.22108159003947622,-4.305953778226001,8.947221888637765,-23.249797436345922,0.0,1.7913493218531022,2.1739853218549174,0.0,2.2052317398792622,-3.2791611529722844,0.0,-13.394954901489523,-9.008090278283941,33.68704095302425,120.50282144520611,154.18986239823036
8.809999999999611,9.81,3.93,1,1,0.01,0.01,-5.066387827876064,7.177087916311001,0.23930225391581458,-4.353099471200776,9.275283135519004,-23.899785232480745,0.0,1.7957522578814964,2.1674019909526554,0.0,2.1976660336852794,-3.304178913732402,0.0,-13.592722799704484,-9.040752932009452,33.96853032669577,120.22095606500659,154.18948639170236
8.811999999999612,9.81,3.93,1,1,0.01,0.01,-5.065890448503152,7.168333472661787,0.25819023965627275,-4.401568800811891,9.61464171221669,-24.573645715059648,0.0,1.800139845334495,2.1607685646665318,0.0,2.189881485561133,-3.3292567618710796,0.0,-13.794371949613328,-9.0735085630418,34.25184604000588,119.93725583588224,154.18910187588813
8.813999999999613,9.81,3.93,1,1,0.01,0.01,-5.065354606612232,7.159480726073842,0.27776873911901023,-4.451410802655769,9.965901555500302,-25.272683675582588,0.0,1.804511636872447,2.154084921178894,0.0,2.1818683326971295,-3.354396348978809,0.0,-14.00005064450745,-9.106338064881975,34.53698035071615,119.65172814830282,154.18870849901896
8.815999999999613,9.81,3.93,1,1,0.01,0.01,-5.064778896950228,7.150526879933613,0.29806219313796467,-4.502677210788654,10.329708243788545,-25.998293949353844,0.0,1.808867165001541,2.1473509352982325,0.0,2.17361617493854,-3.379599397647789,0.0,-14.209915421051955,-9.139219880677128,34.82392518184801,119.36438070859573,154.18830589044376
8.817999999999614,9.81,3.93,1,1,0.01,0.01,-5.064161864061848,7.141469031306197,0.3190963780907688,-4.555422644923861,10.706752328862493,-26.751968627620297,0.0,1.8132059407460668,2.1405664783139344,0.0,2.165113920858357,-3.40486770469934,0.0,-14.42413163763492,-9.172129701789546,35.11267210075203,119.07522155857625,154.18789365932827
8.819999999999615,9.81,3.93,1,1,0.01,0.01,-5.0635019995261805,7.132304164964401,0.34089849941493433,-4.6097048126739235,11.097772956481036,-27.53530489930664,0.0,1.8175274522074005,2.13373141784454,0.0,2.156349728310438,-3.4302031444600134,0.0,-14.642874099747566,-9.205040126463183,35.40321229652207,118.78425909672531,154.1874713932474
8.821999999999615,9.81,3.93,1,1,0.01,0.01,-5.0627977389988255,7.123029146997188,0.36349729267414627,-4.6655847281500815,11.503561800182867,-28.350013576152698,0.0,1.821831162998031,2.126845617679426,0.0,2.1473109388048286,-3.455607672059398,0.0,-14.866327736548799,-9.237920272796567,35.69553655559754,118.49150210106039,154.18703865665793
8.823999999999616,9.81,3.93,1,1,0.01,0.01,-5.0620474590437965,7.113640717963383,0.3869231328263739,-4.723126948342221,11.924967333826684,-29.197928358104775,0.0,1.8261165105375452,2.1199089376138707,0.0,2.13798400495791,-3.48108332671457,0.0,-15.094688333123948,-9.270735339306608,35.989635235380916,118.19695975385804,154.18659498923896
8.825999999999617,9.81,3.93,1,1,0.01,0.01,-5.061249473738104,7.104135485553578,0.4112081523976786,-4.782399828818794,12.362899469445107,-30.08101589840514,0.0,1.8303829041958801,2.112921233277628,0.0,2.1283544101677903,-3.5066322349558696,0.0,-15.32816332332174,-9.303446105284138,36.28549823567971,117.90064166841009,154.1861399040898
8.827999999999617,9.81,3.93,1,1,0.01,0.01,-5.06040203103046,7.094509916719932,0.4363863693194669,-4.843475800407102,12.81833458763199,-31.001386729687752,0.0,1.834629723267358,2.1058823559571396,0.0,2.118406579546842,-3.532256613736327,0.0,-15.566972648444594,-9.336008361863714,36.58311496775916,117.60255791800915,154.18567288576833
8.829999999999618,9.81,3.93,1,1,0.01,0.01,-5.05950330883397,7.0847603292301615,0.46249382524155347,-4.906431668637945,13.29232098775142,-31.961307113119982,0.0,1.8388563147569221,2.0987921524116997,0.0,2.108123781007331,-3.557958773351398,0.0,-15.811349687466537,-9.36837226322718,36.882474320769546,117.30271906738496,154.18519338815452
8.831999999999619,9.81,3.93,1,1,0.01,0.01,-5.05855141083101,7.074882882598294,0.4895687351873729,-4.9713489378620475,13.785984784495803,-32.96321187171216,0.0,1.8430619909576578,2.091650464684063,0.0,2.097488015238408,-3.5837411200765907,0.0,-16.06154226485448,-9.400481585583236,37.183564625284895,117.0011362068373,154.1847008321222
8.83399999999962,9.81,3.93,1,1,0.01,0.01,-5.057544361966681,7.064873568340841,0.5176516494690149,-5.038314162065125,14.300536275378816,-34.009718265624336,0.0,1.8472460267959567,2.0844571299061205,0.0,2.0864798931305155,-3.609606158406645,0.0,-16.31781374245693,-9.432272879463989,37.48637361365918,116.69782098933707,154.18419460299626
8.83599999999962,9.81,3.93,1,1,0.01,0.01,-5.056480103605386,7.054728199502867,0.5467856288256543,-5.10741932451811,14.83727680016425,-35.103640960679584,0.0,1.8514076569176061,2.077211980100656,0.0,2.0750784989922497,-3.6355564927505317,0.0,-16.580444202283633,-9.46367449839002,37.79088837687405,116.39278567090277,154.18367404777683
8.83799999999962,9.81,3.93,1,1,0.01,0.01,-5.055356488323069,7.044442399394074,0.5770164337855244,-5.178762248491091,15.397606107376173,-36.24800813004882,0.0,1.8555460724845334,2.069914841980359,0.0,2.063261237659485,-3.6615948284000375,0.0,-16.849731727303535,-9.494605483998239,38.09709531751285,116.08604315458909,154.18313847210194
8.839999999999621,9.81,3.93,1,1,0.01,0.01,-5.054171274305654,7.03401158947049,0.6083927292735024,-5.252447041323069,15.983030234082511,-37.44607871148806,0.0,1.8596604176478357,2.0625655367458435,0.0,2.051003663312309,-3.687723971544213,0.0,-17.12599378760089,-9.524974284212677,38.40498009845348,115.77760703847028,154.18258713692376
8.841999999999622,9.81,3.93,1,1,0.01,0.01,-5.052922119322175,7.0234309762927225,0.6409663054863962,-5.328584574159835,16.59516989198246,-38.7013608162815,0.0,1.863749785658071,2.0551638798848177,0.0,2.03827928748429,-3.7139468280459225,0.0,-17.40956873930501,-9.554677276849965,38.71452758682596,115.46749166804112,154.18201925486707
8.843999999999623,9.81,3.93,1,1,0.01,0.01,-5.051606574239053,7.012695537487189,0.6747923160263044,-5.407292999628805,17.235769333978723,-40.01763124809841,0.0,1.867813214568338,2.0477096809752178,0.0,2.025059363363526,-3.7402664006266315,0.0,-17.700817443578696,-9.583597066054462,39.02572179272495,115.15571219350969,154.18143398623465
8.845999999999623,9.81,3.93,1,1,0.01,0.01,-5.050222076040083,7.001800006632248,0.7099295342057378,-5.48869830958533,17.90670564892,-41.39895603622829,0.0,1.8718496824794697,2.0402027434959455,0.0,2.011312643036722,-3.7666857840186925,0.0,-18.000125012527857,-9.611600512988037,39.33854580211016,114.84228463251426,154.18083043462443
8.847999999999624,9.81,3.93,1,1,0.01,0.01,-5.04876594031497,6.99073885698718,0.7464406282987398,-5.572934934802988,18.60999839543708,-42.84971181265904,0.0,1.8758581022694247,2.03264286464976,0.0,1.9970051038046852,-3.793208157535953,0.0,-18.307902688057936,-9.638536455052078,39.65298170325707,114.5272259388563,154.18020764211337
8.849999999999625,9.81,3.93,1,1,0.01,0.01,-5.047235353177944,6.979506283978608,0.7843924562861861,-5.660146388041112,19.347819435288496,-44.374607758943725,0.0,1.8798373157406498,2.0250298352042115,0.0,1.982099639089113,-3.8198367743783486,0.0,-18.62458985829095,-9.664233059358677,39.969010506047994,114.21055407791759,154.1795645839656
8.851999999999626,9.81,3.93,1,1,0.01,0.01,-5.045627362577177,6.968096186356695,0.8238563802988793,-5.750485951240319,20.122502757752578,-45.97870770710055,0.0,1.8837860871095051,2.0173634393579025,0.0,1.9665557087406709,-3.8465749468173556,0.0,-18.950656213952154,-9.68849474589453,40.28661205330809,113.8922881095017,154.17890016280978
8.853999999999626,9.81,3.93,1,1,0.01,0.01,-5.043938868955818,6.956502145932942,0.8649086004563674,-5.844117406582145,20.936553993186976,-47.66745178601336,0.0,1.887703095750688,2.00964345464141,0.0,1.950328942732589,-3.873426026197925,0.0,-19.286604043845465,-9.7110986034907,40.60576492329858,113.57244827893582,154.17821320223442
8.855999999999627,9.81,3.93,1,1,0.01,0.01,-5.042166615226736,6.944717405813295,0.9076305070757195,-5.941215809683834,21.79265918772448,-49.44667674378756,0.0,1.8915869280965762,2.0018696518644767,0.0,1.9333706912630517,-3.9003933764279815,0.0,-19.632970663771886,-9.731790206896003,40.92644632237595,113.25105611736012,154.1775024397361
8.857999999999628,9.81,3.93,1,1,0.01,0.01,-5.040307176026069,6.932734847045673,0.9521090492069237,-6.041968301125414,22.693692241273407,-51.32263372440634,0.0,1.895436068576414,1.9940417951241425,0.0,1.915627513174985,-3.9274803392948607,0.0,-19.99033096648192,-9.750278725454283,41.248631966715436,112.92813455224415,154.1767665189596
8.859999999999628,9.81,3.93,1,1,0.01,0.01,-5.038356946216114,6.920546963611399,0.9984371160390049,-6.146574949612382,23.642720183024625,-53.30200180339335,0.0,1.8992488894627741,1.986159641892118,0.0,1.897040593311642,-3.9546901895312163,0.0,-20.359300070791,-9.766231192507489,41.572295951871894,112.60370802928293,154.17600398115482
8.861999999999629,9.81,3.93,1,1,0.01,0.01,-5.036312128616836,6.908145835707176,1.0467139257786573,-6.255249616081906,24.64300515322324,-55.391894951499665,0.0,1.903023639472525,1.9782229432044962,0.0,1.8775450779408775,-3.982026077028885,0.0,-20.74053603489251,-9.779265778998404,41.89741060882272,112.27780264695859,154.1752132557813
8.86399999999963,9.81,3.93,1,1,0.01,0.01,-5.034168720958584,6.895523101290808,1.0970454139517918,-6.368220822588047,25.69800155141579,-57.5998592438938,0.0,1.9067584309461343,1.970231443982604,0.0,1.8570693156795446,-4.009490952939646,0.0,-21.13474258092794,-9.78894388402377,42.223946344999405,111.95044630518217,154.17439265018157
8.86599999999963,9.81,3.93,1,1,0.01,0.01,-5.031922502068125,6.882669925903315,1.149544609479267,-6.485732602352376,26.81134626573418,-59.93385599350825,0.0,1.910451225402079,1.9621848835212072,0.0,1.835533989419019,-4.0370874755706145,0.0,-21.542671753351033,-9.794760818400102,42.5518714686722,111.6216688695756,154.1735403382478
8.86799999999963,9.81,3.93,1,1,0.01,0.01,-5.029569017328023,6.869576970836831,1.2043319820141825,-6.608045297275837,27.986839170101966,-62.402224966630236,0.0,1.9140998172320052,1.9540829961894632,0.0,1.8128511225882253,-4.064817890934656,0.0,-21.965126400337148,-9.796134813677334,42.881151994914774,111.29150235309466,154.17265434800942
8.869999999999632,9.81,3.93,1,1,0.01,0.01,-5.027103563488638,6.856234359798082,1.2615357374789287,-6.735436255593474,29.228410107392754,-65.0136198120532,0.0,1.9177018152665877,1.9459255124015769,0.0,1.7889229407057585,-4.092683881495812,0.0,-22.402962322488246,-9.792394037483882,43.21175143124904,110.95998111682944,154.17173254807847
8.871999999999632,9.81,3.93,1,1,0.01,0.01,-5.024521172966512,6.842631644329257,1.3212920299493573,-6.868200364047609,30.540067289114052,-67.77690513911386,0.0,1.921254621901395,1.9377121599286151,0.0,1.7636405666121715,-4.1206863749865725,0.0,-22.857089872460797,-9.782761235718516,43.54363054096885,110.62714209193605,154.1707726329049
8.873999999999633,9.81,3.93,1,1,0.01,0.01,-5.021816597837805,6.828757768402681,1.3837450462675824,-7.006650324415987,31.92582033565097,-70.70100110298259,0.0,1.9247554094261614,1.9294426656412957,0.0,1.7368825251326663,-4.148825303080832,0.0,-23.328474707729544,-9.76633555232282,43.87674708208405,110.29302502474042,154.16977210682447
8.875999999999634,9.81,3.93,1,1,0.01,0.01,-5.01898429383764,6.814601032817244,1.4490469040622327,-7.1511165514368225,33.389568926655194,-73.79465662593833,0.0,1.9282010931498001,1.9211167577964325,0.0,1.7085130303739293,-4.177099297079686,0.0,-23.8181372897161,-9.742070998208025,44.21105551985026,109.95767274707293,154.1687282669232
8.877999999999634,9.81,3.93,1,1,0.01,0.01,-5.016018404814746,6.800149060312092,1.517357282963284,-7.301946525486969,34.93494506645446,-77.06612615827369,0.0,1.9315883008576065,1.9127341690087196,0.0,1.6783800267083424,-4.205505304481552,0.0,-24.327150577109414,-9.708750953621792,44.54650671098595,109.62113147382452,154.16763818481047
8.879999999999635,9.81,3.93,1,1,0.01,0.01,-5.0129127482776425,6.785388762701586,1.588842681104401,-7.459503375394053,36.56509309509921,-80.52271674063243,0.0,1.9349133380777381,1.9042946400856897,0.0,1.6463129532374128,-4.2340381062219885,0.0,-24.856635167989868,-9.66495799620298,44.883047558005785,109.2834511294847,154.1664986874905
8.881999999999636,9.81,3.93,1,1,0.01,0.01,-5.009660802919267,6.77030631185788,1.6636751524604034,-7.6241633901787855,38.28236655685937,-84.17016157331116,0.0,1.9381721485736916,1.8957979249490509,0.0,1.6121202019398329,-4.262689709327264,0.0,-25.407750889865685,-9.609038257178607,45.220620632688295,108.94468570496926,154.16530633765757
8.883999999999636,9.81,3.93,1,1,0.01,0.01,-5.006255699341673,6.754887117065935,1.7420303326253004,-7.796312057956311,40.08791461581147,-88.0117627776684,0.0,1.9413602694226304,1.8872437969221156,0.0,1.5755862430225662,-4.291448583579063,0.0,-25.98168350098833,-9.539059433535773,45.55916376868853,108.60489364525061,154.16405741393913
8.885999999999637,9.81,3.93,1,1,0.01,0.01,-5.002690215646917,6.739115812204645,1.8240844982349609,-7.976338099201994,41.98112263285339,-92.04722901690461,0.0,1.944472779993617,1.8786320567330912,0.0,1.5364683990746757,-4.320298703420927,0.0,-26.57962472881665,-9.4527615469628,45.89860962485997,108.26413826701895,154.16274789187892
8.887999999999638,9.81,3.93,1,1,0.01,0.01,-4.998956780146904,6.722976257435308,1.9100103248807443,-8.164624792699653,43.9588616217433,-96.27111276207498,0.0,1.9475042441172374,1.869962542669914,0.0,1.4944932652837382,-4.349218347731172,0.0,-27.202743307875764,-9.34749957818753,46.23888522321055,107.92248820360261,154.16137342681316
8.889999999999638,9.81,3.93,1,1,0.01,0.01,-4.995047484213339,6.706451561688287,1.999970906404869,-8.361537677998534,46.01448963963984,-100.67072734458696,0.0,1.9504486447579232,1.8612351434267387,0.0,1.4493528003642,-4.378178600425528,0.0,-27.852143964569127,-9.220177278120099,46.57991146889958,107.58001787138276,154.15992934028236
8.891999999999639,9.81,3.93,1,1,0.01,0.01,-4.9909541092855,6.689524134328713,2.094111471815553,-8.56740745146628,48.136535283721386,-105.22339664680453,0.0,1.9532993105915533,1.8524498143063135,0.0,1.400700157980348,-4.407141484703218,0.0,-28.528810410556854,-9.067171859073945,46.921602664708374,107.2368079475342,154.15841061224256
8.89399999999964,9.81,3.93,1,1,0.01,0.01,-4.986668173329395,6.672175777060557,2.192548083547456,-8.782506551409965,50.30698085182618,-109.89286345088661,0.0,1.956048834097429,1.8436065975864893,0.0,1.34814539983981,-4.436057654363459,0.0,-29.23352734432485,-8.884250043859728,47.263866039532914,106.89294584259821,154.15681188213114
8.89599999999964,9.81,3.93,1,1,0.01,0.01,-4.982181003646348,6.6543878305005855,2.295352425796036,-9.007017558079628,52.499053588417254,-114.62466279034837,0.0,1.9586889811590258,1.8347056480190305,0.0,1.291251340975028,-4.464863559398905,0.0,-29.96677525291975,-8.666477310056766,47.60660132032713,106.54852614246538,154.1551274627925
8.89799999999964,9.81,3.93,1,1,0.01,0.01,-4.9774838448967875,6.636141393994005,2.402531606637525,-9.24099114251276,54.67443390613369,-119.3402669594673,0.0,1.9612105928230092,1.825747264594514,0.0,1.2295299403747904,-4.493478004288834,0.0,-30.728590552471417,-8.408124413587979,47.94970039037005,106.20365098199392,154.15335137236397
8.899999999999642,9.81,3.93,1,1,0.01,0.01,-4.972568013530525,6.617417642143479,2.514001731671427,-9.484290944746688,56.77981036261733,-123.92985180952648,0.0,1.9636034809157423,1.816731929856683,0.0,1.1624398849122548,-4.521798033210702,0.0,-31.51838253300924,-8.102578818248704,48.29304709459802,105.85843029577441,154.15147739037243
8.901999999999642,9.81,3.93,1,1,0.01,0.01,-4.96742511240871,6.598198266998356,2.6295539172496833,-9.736522566708123,58.74277028264405,-128.2436569680283,0.0,1.9658563208258337,1.8076603581433621,0.0,1.0893863419078893,-4.549694118081636,0.0,-32.33469811860105,-7.742274004778856,48.63651727579742,105.51298186955593,154.14949914535333
8.903999999999643,9.81,3.93,1,1,0.01,0.01,-4.962047322019536,6.578466080390553,2.7488114998539093,-9.996944041578683,60.467139405356725,-132.08217273585274,0.0,1.9679565471332343,1.7985335541009362,0.0,1.009724292444092,-4.57700470981789,0.0,-33.17492638957598,-7.318657331452088,48.979979154115696,105.16743108794735,154.14741024206305
8.905999999999644,9.81,3.93,1,1,0.01,0.01,-4.9564277868191615,6.558205815440873,2.871177631448088,-10.264356039250252,61.82811128000391,-135.18586249966572,0.0,1.9698902611232252,1.789352882557331,0.0,0.9227674050917613,-4.6035303637736185,0.0,-34.03493838829859,-6.822227572597953,49.323294196106666,104.82191024041846,154.14520443652512
8.907999999999644,9.81,3.93,1,1,0.01,0.01,-4.950561115947078,6.537405167858949,2.995773477941841,-10.536972210340604,62.66788116358887,-137.22591393100535,0.0,1.9716421637596426,1.7801201501841413,0.0,0.8278050318575222,-4.629027895581299,0.0,-34.90866578748516,-6.242686336346626,49.66631865626338,104.47655721036423,154.1428758666276
8.909999999999645,9.81,3.93,1,1,0.01,0.01,-4.944444015362813,6.516056113157949,3.121369191057209,-10.812274157110643,62.79305451191915,-137.79867833976556,0.0,1.9731955334571314,1.7708376981144236,0.0,0.7241304945976691,-4.653205391411274,0.0,-35.78763694259814,-5.569261844224257,50.00890600870704,104.13151333633999,154.14041934504704
8.911999999999646,9.81,3.93,1,1,0.01,0.01,-4.9380760611097125,6.494156520642145,3.2463130661081845,-11.086862313937763,61.975824874823125,-136.42798116991668,0.0,1.974532274699807,1.761508502549349,0.0,0.6110841451494056,-4.6757193986421886,0.0,-36.66051318783431,-4.791275192568632,50.35091051016391,103.7869202110295,154.1378307211934
8.913999999999646,9.81,3.93,1,1,0.01,0.01,-4.931460608072425,6.471712052990271,3.3684690678523865,-11.356324028086703,59.961682759187724,-132.5811014473065,0.0,1.975633070271979,1.7521362771441764,0.0,0.48811431162345875,-4.6961762242175595,0.0,-37.51270331105179,-3.899020496587058,50.692192132375084,103.44291518981322,154.1351073221883
8.915999999999647,9.81,3.93,1,1,0.01,0.01,-4.9246058023006345,6.448738285221649,3.485178992982755,-11.615152917827768,56.48688719395667,-125.70521383684644,0.0,1.9764776746402728,1.7427255665294794,0.0,0.35485757889955294,-4.714139839924757,0.0,-38.32617758178359,-2.885008728413777,51.03262305001837,103.09962544275128,154.13224849276963
8.917999999999648,9.81,3.93,1,1,0.01,0.01,-4.917525626048927,6.425262895246603,3.593271772911731,-11.856766704399176,51.308481068435725,-115.29015285547001,0.0,1.9770453855759322,1.7332818150129041,0.0,0.21123619924105602,-4.729149161232154,0.0,-39.07964458183101,-1.7455646476176077,51.37209573836019,102.7571605322352,154.1292562705954
8.919999999999648,9.81,3.93,1,1,0.01,0.01,-4.910240855218108,6.40132767440156,3.6891461418357454,-12.073678581745822,44.24742502918755,-100.9587396039941,0.0,1.9773157209648367,1.7238113893504843,0.0,0.05756435377884661,-4.740746989342452,0.0,-39.74927322701069,-0.4826541537938196,51.710532486608116,102.4156037591159,154.126136245724
8.921999999999649,9.81,3.93,1,1,0.01,0.01,-4.902779757928057,6.376989999305222,3.768949870670894,-12.257870915489026,35.2408376605624,-82.5762896835014,0.0,1.9772693033973436,1.714321531468181,0.0,-0.10535304024143444,-4.74852117584293,0.0,-40.31010684859636,0.8943399748455009,52.04789573662005,102.07500289281631,154.12289862943635
8.92399999999965,9.81,3.93,1,1,0.01,0.01,-4.89517832873241,6.352323334277923,3.8288644116942097,-12.401390008511726,24.392807934012666,-60.35722741783779,0.0,1.9768889145669144,1.704820218975724,0.0,-0.2761531060684936,-4.752155302066514,0.0,-40.738194395113574,2.3673424378493193,52.384198115581185,101.73536133293155,154.11955944851275
8.92599999999965,9.81,3.93,1,1,0.01,0.01,-4.887479860787595,6.327416349536454,3.865476304176606,-12.497123016309555,12.007236176263982,-34.93409989441567,0.0,1.9761606289798337,1.6953159209866873,0.0,-0.4529070351362149,-4.751481777602004,0.0,-41.01324973600294,3.9093466435661757,52.71951044276736,101.39663111590093,154.1161415586683
8.92799999999965,9.81,3.93,1,1,0.01,0.01,-4.879733730676322,6.302370391838285,3.876181219217699,-12.539643653448174,-1.4149994419238487,-7.351827159276778,0.0,1.9750748853072884,1.6858172550048947,0.0,-0.6331935027375797,-4.746526248737375,0.0,-41.12139392926669,5.485653738131237,53.05396561020564,101.05870929806527,154.1126749082709
8.929999999999652,9.81,3.93,1,1,0.01,0.01,-4.871993410816158,6.27729533813134,3.859537066085973,-12.525951474020152,-15.224672497556737,21.03408034718343,0.0,1.973627324772736,1.6763325744784159,0.0,-0.8142586593830301,-4.737530886488632,0.0,-41.057350997861384,7.056693535588909,53.387756455183606,100.72143894789812,154.10919540308174
8.931999999999652,9.81,3.93,1,1,0.01,0.01,-4.864313902232713,6.252304235698163,3.815477153324484,-12.455918058931363,-28.712969906718893,48.7434767521397,0.0,1.971819239345248,1.6668695387315238,0.0,-0.9932430797077986,-4.724947401854626,0.0,-40.82548564035492,8.582028039524031,53.72112685163336,100.38461522497168,154.10574207660505
8.933999999999653,9.81,3.93,1,1,0.01,0.01,-4.8567489351669915,6.227507456716563,3.7453233697354653,-12.332314201396017,-41.21776825473755,74.39425873357534,0.0,1.9696575348327503,1.6574347281496866,0.0,-1.1674332916070775,-4.709398330089266,0.0,-40.43934507576825,10.02468562291772,54.05435706010958,100.04799598194094,154.10235304205054
8.935999999999654,9.81,3.93,1,1,0.01,0.01,-4.849348352166687,6.203007236008221,3.651594940842009,-12.160408819032433,-52.216680519657636,96.89725871354428,0.0,1.967154209989742,1.648033361512314,0.0,-1.334486151068046,-4.691614316737818,0.0,-39.919805376488384,11.354818156769749,54.38774608597761,99.71131534736807,154.0990614333457
8.937999999999654,9.81,3.93,1,1,0.01,0.01,-4.842156037372224,6.1788933537674975,3.537666127895374,-11.947251607439581,-61.382154042154255,115.57150402715864,0.0,1.9643254497002536,1.638669150247757,0.0,-1.492583581823525,-4.672361625182787,0.0,-39.29232388683063,12.55191319290946,54.721594452357635,99.37429819383365,154.0958926461913
8.939999999999655,9.81,3.93,1,1,0.01,0.01,-4.8352086094437,6.155240418141143,3.4073603453971573,-11.70082295760027,-68.59016381127934,130.1621424270882,0.0,1.9611904944342071,1.6293442943533198,0.0,-1.64049822309916,-4.652375090275719,0.0,-38.583982392997925,13.605299084354597,55.05619008995528,99.03667344612663,154.0928635360819
8.941999999999656,9.81,3.93,1,1,0.01,0.01,-4.828534915662635,6.132106825173941,3.264567574657876,-11.429233303374861,-73.89074313074259,140.7783812945743,0.0,1.9577704622974386,1.6200595977099934,0.0,-1.7775759321159512,-4.632307589319876,0.0,-37.8209244226315,14.51319103659023,55.3917985649268,98.69818474743848,154.0899833123653
8.943999999999656,9.81,3.93,1,1,0.01,0.01,-4.82215621521707,6.1095351602425545,3.112944682831801,-11.140096755387187,-77.45773471225672,147.78795216533652,0.0,1.954087269573284,1.6108146644402632,0.0,-1.9036585716884675,-4.612700544596178,0.0,-37.02653841685725,15.280828780393628,55.728657512451214,98.35859779782616,154.08725531027738
8.945999999999657,9.81,3.93,1,1,0.01,0.01,-4.816086856557327,6.087553631183337,2.955722166939737,-10.840128108526947,-79.5351328088151,151.7045534584567,0.0,1.9501627412795441,1.6016081347181546,0.0,-2.018976152428676,-4.593974088068299,0.0,-36.22046191937156,15.918298066829443,56.06697442462448,98.0177044112305,154.084678835855
8.947999999999658,9.81,3.93,1,1,0.01,0.01,-4.810335238144333,6.066178091172414,2.795611258622297,-10.534950258807797,-80.39171152134136,153.09278498986853,0.0,1.9460179473430026,1.5924379248887877,0.0,-2.1240335031454776,-4.576432048439166,0.0,-35.41828479430198,16.438488047190212,56.40692680543701,97.67532382363885,154.08225062907587
8.949999999999658,9.81,3.93,1,1,0.01,0.01,-4.804904872758933,6.045414274554966,2.6347888632342524,-10.229064594024557,-80.28885463274172,152.50084605663466,0.0,1.94167275716354,1.5833014477413112,0.0,-2.2195082255383687,-4.5602759787493605,0.0,-34.63174207832721,16.855435233691832,56.74866385653109,97.33130199165004,154.07996584818113
8.951999999999659,9.81,3.93,1,1,0.01,0.01,-4.799795426646391,6.025259976306582,2.4749334289628404,-9.925927822569411,-79.4614683863471,150.4207063031113,0.0,1.937145580284926,1.5741957998967202,0.0,-2.3061681145504758,-4.545623195251684,0.0,-33.86918600296239,17.18313055675228,57.092309062572525,96.98550961280438,154.0778186753769
8.95399999999966,9.81,3.93,1,1,0.01,0.01,-4.795003656238013,6.005707013890977,2.3172880382449197,-9.62808548682011,-78.10928858897599,147.27007599456869,0.0,1.9324532512957637,1.5651179120411638,0.0,-2.384809805030345,-4.532525257349223,0.0,-33.13617114259219,17.434754657767325,57.43796321567941,96.63783947245786,154.07580268813726
8.95599999999966,9.81,3.93,1,1,0.01,0.01,-4.7905242065540605,5.986742897029214,2.162733283485399,-9.33732561379169,-76.39524486716816,143.38915453562805,0.0,1.9276110178181554,1.556064663454226,0.0,-2.4562166284539795,-4.520984784527485,0.0,-32.43604278779219,17.622255206272882,57.7857075495317,96.28820355715322,154.07391110668493
8.957999999999661,9.81,3.93,1,1,0.01,0.01,-4.786350263760737,5.96835219030635,2.0118588610882617,-9.054829351800075,-74.4479530969319,139.04600390415482,0.0,1.9226325965103905,1.5470329653184474,0.0,-2.5211320315965446,-4.510969647468911,0.0,-31.770467551568768,17.756169884229017,58.13560675910204,95.93653022048355,154.0721369795856
8.959999999999662,9.81,3.93,1,1,0.01,0.01,-4.7824740711306895,5.950517588597711,1.8650279135658765,-8.781306140842094,-72.36618750505993,134.4460390962432,0.0,1.9175302698291472,1.5380198184165204,0.0,-2.580244648843652,-4.502424318410997,0.0,-31.139880287293984,17.84561023010798,58.48771176827681,95.58276156560257,154.07047333387936
8.961999999999662,9.81,3.93,1,1,0.01,0.01,-4.7788873258330895,5.933220742307872,1.722431658312826,-8.517108321615806,-70.22394993480532,129.74273921676544,0.0,1.912315003803721,1.5290223507796037,0.0,-2.6341815635286028,-4.495278582789672,0.0,-30.5438430918408,17.898340863650546,58.84206217549686,95.22685112232065,154.06891329781752
8.963999999999663,9.81,3.93,1,1,0.01,0.01,-4.775581476568646,5.9164428747195705,1.5841339761846625,-8.262324555969398,-68.07535118955082,125.04793807087222,0.0,1.9069965733504683,1.5200378402176074,0.0,-2.6835069937489893,-4.489454000379184,0.0,-29.981323688680376,17.920907930815353,59.198688356666494,94.86876184109047,154.06745019775695
8.965999999999664,9.81,3.93,1,1,0.01,0.01,-4.772547941449334,5.9001652323535,1.450106766790239,-8.01685379792232,-65.95892589925747,120.44090619067114,0.0,1.9015836864744675,1.5110637258122714,0.0,-2.7287243465621107,-4.484868550303967,0.0,-29.45090533098445,17.91878658283227,59.55761323657086,94.50846439348639,154.06607763005724
8.967999999999664,9.81,3.93,1,1,0.01,0.01,-4.7697782633398145,5.884369404579818,1.3202573634534889,-7.780462562444232,-63.901251150760984,115.97595752776091,0.0,1.896084102188601,1.502097611597429,0.0,-2.770280190784855,-4.481439866734805,0.0,-28.950941332216292,17.89652916522318,59.918853758186195,94.14593575179953,154.06478950998573
8.969999999999665,9.81,3.93,1,1,0.01,0.01,-4.767264217138159,5.869037542916127,1.1944494085472557,-7.5528284552866465,-61.91987611673364,111.68860045321853,0.0,1.8905047393789123,1.4931372648890076,0.0,-2.8085691717059458,-4.479087412983055,0.0,-28.479666331429595,17.85790396657024,60.2824220874286,93.7811580133623,154.0635801007909
8.971999999999666,9.81,3.93,1,1,0.01,0.01,-4.764997880739157,5.85415250466908,1.0725185009768086,-7.333572732711554,-60.02563540138858,107.60038906621767,0.0,1.88485177542574,1.4841806110962574,0.0,-2.843939238435641,-4.477733875029152,0.0,-28.0352745979822,17.806019677531747,60.648326592567045,93.41411743411965,154.0624440266867
8.973999999999666,9.81,3.93,1,1,0.01,0.01,-4.762971678966032,5.839697940393762,0.9542837536341318,-7.122284289054194,-58.224442338904524,103.72267924980336,0.0,1.8791307343843138,1.4752257263461028,0.0,-2.8766967986353533,-4.477305993230377,0.0,-27.61597371738297,17.743433954281883,61.016572635449705,93.0448036380486,154.0613762734983
8.975999999999667,9.81,3.93,1,1,0.01,0.01,-4.761178407676396,5.825658340264198,0.8395562026259488,-6.918537054503061,-56.51865951596277,100.05949535138573,0.0,1.8733465651186698,1.4662708288693704,0.0,-2.9071115806340213,-4.477734997908936,0.0,-27.220020188604273,17.672246337118462,61.38716320775015,92.6732089726014,154.06037218035155
8.977999999999668,9.81,3.93,1,1,0.01,0.01,-4.759611243553898,5.812019050883719,0.7281448240535154,-6.721902392186017,-54.908134217496354,96.60969271881275,0.0,1.8675037101038447,1.4573142698107278,0.0,-2.935421091187118,-4.478956771764922,0.0,-26.845741925472947,17.59417674074742,61.76009944083635,92.29932798440727,154.05942742524363
8.979999999999668,9.81,3.93,1,1,0.01,0.01,-4.758263743752149,5.798766271237657,0.6198607519013478,-6.531957741274704,-53.390973053799485,93.36857270648386,0.0,1.8616061657591212,1.4483545239130735,0.0,-2.9618346255997063,-4.480911828811232,0.0,-26.491551412649464,17.510631152199235,62.13538101329733,91.9231569934519,154.05853800674922
8.981999999999669,9.81,3.93,1,1,0.01,0.01,-4.757129838509588,5.785887034290891,0.5145201559841017,-6.348292469086366,-51.96411624540363,90.32907755249865,0.0,1.8556575352154367,1.439390180374434,0.0,-2.98653682844322,-4.483545174315573,0.0,-26.155952295380533,17.422756273462223,62.513006475973455,91.54469374760177,154.05770022357524
8.98399999999967,9.81,3.93,1,1,0.01,0.01,-4.756203819048424,5.773369179043372,0.41194613071864283,-6.17051166737469,-50.62375956091837,87.4826661330826,0.0,1.849661074396867,1.4304199340662485,0.0,-3.0096908268079456,-4.486806091465487,0.0,-25.837541439422438,17.331484773860776,62.89297351069368,91.16393714252287,154.05691065321656
8.98599999999967,9.81,3.93,1,1,0.01,0.01,-4.755480322457823,5.761201316572812,0.31196986041142455,-5.9982384490368545,-49.36566132094203,84.81994925678511,0.0,1.8436197322381294,1.4214425772252648,0.0,-3.031440970293182,-4.490647886697236,0.0,-25.535007938567237,17.237572660960957,63.27527913583263,90.7808869947629,154.05616613059553
8.987999999999671,9.81,3.93,1,1,0.01,0.01,-4.75495431479892,5.749372792625784,0.21443126085961903,-5.831115162984589,-48.185363261207456,82.33114498177733,0.0,1.837536185785448,1.4124569916779712,0.0,-3.0519152170393364,-4.495027615636379,0.0,-25.24713013158149,17.14163009079474,63.65991986924896,90.39554385803065,154.0554637272796
8.989999999999672,9.81,3.93,1,1,0.01,0.01,-4.754621073322391,5.737873648593777,0.11917924659202217,-5.668803838950563,-47.07834720777011,80.0064000277731,0.0,1.8314128708481263,1.4034621416203148,0.0,-3.071227205893918,-4.499905804421557,0.0,-24.972771384191706,17.044146747769034,64.04689185707494,90.00790887458118,154.05480073165612
8.991999999999672,9.81,3.93,1,1,0.01,0.01,-4.754476168430772,5.726694582171396,0.026071734728495763,-5.510986093560213,-46.040144184956084,77.83601212999109,0.0,1.8252520087893673,1.394457066951364,0.0,-3.089478053126564,-4.50524617607876,0.0,-24.710875167910537,16.945512746932117,64.43619097514075,89.61798365514663,154.05417463028738
8.993999999999673,9.81,3.93,1,1,0.01,0.01,-4.754515445826101,5.715826908594771,-0.06502453251875583,-5.3573626683198325,-45.066408472165854,75.81057954953204,0.0,1.8190556299709078,1.3854408771441402,0.0,-3.106757909142309,-4.511015388018344,0.0,-24.46045980492883,16.846035853050644,64.82781290845521,89.2257701821021,154.0535830905573
8.995999999999674,9.81,3.93,1,1,0.01,0.01,-4.754735009142208,5.705262523064718,-0.15423428643712006,-5.20765272462386,-44.15296599413726,73.9210973736359,0.0,1.8128255942986362,1.376412745627341,0.0,-3.1231473071186917,-4.5171827842229195,0.0,-24.22061313096352,16.745955674172546,65.22175321307942,88.83127073156328,154.0530239446427
8.997999999999674,9.81,3.93,1,1,0.01,0.01,-4.755131203257518,5.69499386474465,-0.24167410751917767,-5.0615929868334595,-43.29584405562337,72.15901525514755,0.0,1.80656360925623,1.3673719046464508,0.0,-3.1387183318482754,-4.5237201639728735,0.0,-23.990487243798903,16.645455371393606,65.61800736385975,88.43448781093335,154.05249517479308
8.999999999999675,9.81,3.93,1,1,0.01,0.01,-4.755700598409023,5.685013882567806,-0.32745284644935707,-4.918936799113976,-42.49128764082587,70.5162674838522,0.0,1.8002712457608276,1.3583176405702586,0.0,-3.1535356335556965,-4.5306015677928855,0.0,-23.769293445328312,16.544671329551644,66.01657079079246,88.03542410907355,154.051994899866
9.001999999999676,9.81,3.93,1,1,0.01,0.01,-4.75643997517389,5.675316002976706,-0.4116720675694946,-4.7794531428898495,-41.735766151885116,68.98528346095266,0.0,1.793949952128617,1.3492492896083281,0.0,-3.167657308208236,-4.537803080535074,0.0,-23.55629744257876,16.443701153182914,66.41743890624227,87.63408245680807,154.05152136305034
9.003999999999676,9.81,3.93,1,1,0.01,0.01,-4.757346310346606,5.6658940996387,-0.49442649871215605,-4.642925647847989,-41.02597345167856,67.55898453498213,0.0,1.787601066398131,1.3401662339056069,0.0,-3.1811356629112106,-4.54530265102388,0.0,-23.35081484361643,16.342610285880923,66.82060712479358,87.23046579590032,154.0510729206939
9.005999999999677,9.81,3.93,1,1,0.01,0.01,-4.758416763712503,5.656742465126372,-0.575804476229648,-4.509151619159812,-40.358823321365364,66.23077157852511,0.0,1.7812258272245853,1.331067897981896,0.0,-3.1940178823873193,-4.553079927391378,0.0,-23.152206963835365,16.241437496923133,67.22607087716328,86.82457715498765,154.05064803215095
9.007999999999678,9.81,3.93,1,1,0.01,0.01,-4.759648665700015,5.647855784514154,-0.6558883776764658,-4.377941096068592,-39.731441879591934,64.99450650771256,0.0,1.7748253835289025,1.3219537454858001,0.0,-3.206346610273427,-4.561116107068159,0.0,-22.95987694432626,16.140199434663376,67.63382561932269,86.41641963124158,154.05024525056427
9.009999999999678,9.81,3.93,1,1,0.01,0.01,-4.761039505881696,5.63922911081798,-0.7347550372560924,-4.249115951504457,-39.1411580902837,63.84449007009226,0.0,1.7684008030596505,1.3128232762349474,0.0,-3.2181604570042914,-4.569393800322254,0.0,-22.77326617492542,16.038894409978358,68.04386683775017,86.00599637674749,154.04986321449766
9.011999999999679,9.81,3.93,1,1,0.01,0.01,-4.762586922286296,5.630857842189671,-0.8124761410690143,-4.122509038421641,-38.585493173552045,62.77543757556745,0.0,1.7619530800043157,1.3036760235164966,0.0,-3.2294944443612463,-4.577896906225799,0.0,-22.591851008782644,15.937505543533945,68.45619005155837,85.59331058878311,154.04950064034148
9.01399999999968,9.81,3.93,1,1,0.01,0.01,-4.764288691479736,5.622737700769357,-0.889118600584377,-3.997963385709758,-38.062149502357094,61.78245376274821,0.0,1.7554831417676973,1.2945115516241936,0.0,-3.240380395312915,-4.586610499955618,0.0,-22.41513975187579,15.836003386570615,68.87079081209265,85.1783655033243,154.04915631541695
9.01599999999968,9.81,3.93,1,1,0.01,0.01,-4.766142719370683,5.614864713095676,-0.9647449037426408,-3.8753314445207687,-37.568999395918354,60.86100763669571,0.0,1.7489918550192087,1.285329453610338,0.0,-3.250847276534657,-4.595520730384054,0.0,-22.242669909119236,15.734348105285731,69.28766470048325,84.76116439122787,154.04882909171113
9.017999999999681,9.81,3.93,1,1,0.01,0.01,-4.768147032696,5.607235191973268,-1.0394134437854106,-3.754474384457293,-37.10407409419479,60.00690785165135,0.0,1.742480031097226,1.276129349233093,0.0,-3.260921499934468,-4.6046147269807465,0.0,-22.07400566805487,15.632491302879076,69.70680732353914,84.3417105566416,154.04851788018073
9.019999999999682,9.81,3.93,1,1,0.01,0.01,-4.770299771142024,5.599845719699225,-1.113178826379333,-3.6352614381231265,-36.665553104699086,59.21627902009242,0.0,1.7359484308468676,1.2669108830814224,0.0,-3.270627188610642,-4.613880515116748,0.0,-21.90873560120476,15.53037754025346,70.12821430829614,83.92000733727176,154.04822164556788
9.021999999999682,9.81,3.93,1,1,0.01,0.01,-4.7725991800591006,5.592693132553801,-1.1860921559118538,-3.5175692919217343,-36.25175404490899,58.48553918941842,0.0,1.7293977689575604,1.2576737228617145,0.0,-3.2799864118973963,-4.623306938935476,0.0,-21.74647056874534,15.427945605669603,70.55188129547085,83.49605810620534,154.0479394016762
9.023999999999683,9.81,3.93,1,1,0.01,0.01,-4.775043603728763,5.585774506465332,-1.2582013020311227,-3.4012815206126947,-35.86112305421459,57.81137862639643,0.0,1.7228287178580994,1.2484175578317267,0.0,-3.289019393499615,-4.632883591026918,0.0,-21.586841804046564,15.325129574900396,70.97780393202311,83.06986627503844,154.04767020706154
9.025999999999684,9.81,3.93,1,1,0.01,0.01,-4.777631479145214,5.579087143764513,-1.3295511476127448,-3.286288062932327,-35.49222581389779,57.1907399771536,0.0,1.7162419112194747,1.2391420973689442,0.0,-3.2977446961595556,-4.6426007482104215,0.0,-21.429499165675626,15.221859696249592,71.40597786298824,82.64143529810593,154.04741316109417
9.027999999999684,9.81,3.93,1,1,0.01,0.01,-4.780361330275193,5.572628560948694,-1.4001838193864595,-3.1724847355032226,-35.14373918852047,56.62079981955794,0.0,1.709637947109354,1.2298470696617925,0.0,-3.3061793858222455,-4.65244931279643,0.0,-21.274109540604762,15.118063128901714,71.83639872270888,82.2107686776465,154.04716740035536
9.029999999999685,9.81,3.93,1,1,0.01,0.01,-4.7832317627627985,5.566396477382368,-1.4701389024639622,-3.059772782261184,-34.814443484598655,56.09895158964706,0.0,1.7030173908366089,1.220532220513316,0.0,-3.3143391778600666,-4.662420758757689,0.0,-21.120355384523442,15.013664558216643,72.26906212556959,81.7778699697655,154.04693209533508
9.031999999999686,9.81,3.93,1,1,0.01,0.01,-4.7862414590482745,5.560388804865562,-1.5394536399881598,-2.9480584566900183,-34.503215310574944,55.62278984019726,0.0,1.6963807775194737,1.2111973122480337,0.0,-3.3222385675699693,-4.672507082295664,0.0,-20.967933386295943,14.908586707580817,72.70396365631457,81.3427427910844,154.04670644739898
9.033999999999686,9.81,3.93,1,1,0.01,0.01,-4.789389173872219,5.554603638007128,-1.6081631190838401,-2.8372526342547424,-34.20902101437093,55.19009577445992,0.0,1.6897286144068335,1.2018421227136478,0.0,-3.3298909468599,-4.6827007563382965,0.0,-20.816553244700998,14.802750763121624,73.14109886001202,80.90539082598595,154.04648968599798
9.035999999999687,9.81,3.93,1,1,0.01,0.01,-4.792673730138927,5.549039245345056,-1.6763004442371352,-2.7272704525475193,-33.93091067007841,54.79882398918131,0.0,1.6830613829785566,1.1924664443701694,0.0,-3.3373087087869022,-4.692994688550749,0.0,-20.665936546623676,14.696076724856258,73.58046323171357,80.46581783438175,154.04628106609533
9.037999999999688,9.81,3.93,1,1,0.01,0.01,-4.796094015114823,5.54369406116075,-1.7438968991714219,-2.618030976797515,-33.6680125828105,54.447090356562434,0.0,1.6763795408476938,1.1830700834598287,0.0,-3.3445033413913583,-4.7033821824818425,0.0,-20.515815736832575,14.588483695577475,74.02205220584565,80.02402765994404,154.0460798657897
9.039999999999688,9.81,3.93,1,1,0.01,0.01,-4.799648976939984,5.53856667793877,-1.8109820982241354,-2.5094568885383195,-33.41952827975336,54.13316097350713,0.0,1.669683523484653,1.1736528592518356,0.0,-3.3514855120847695,-4.713856901505554,0.0,-20.365933170363803,14.479890116893593,74.46586114535843,79.58002423875477,154.0458853841132
9.041999999999689,9.81,3.93,1,1,0.01,0.01,-4.803337621432702,5.533655839427818,-1.8775841281650172,-2.4014741953693006,-33.18472795558088,53.85544210740748,0.0,1.6629737457811167,1.164214603356711,0.0,-3.3582651436875732,-4.724412835249867,0.0,-20.216040239347436,14.37021396026989,74.91188533065007,79.133811608336,154.04569693898605
9.04399999999969,9.81,3.93,1,1,0.01,0.01,-4.807159009168862,5.5289604342627126,-1.9437296813334095,-2.2940119598865745,-32.962946341276165,53.612471070123284,0.0,1.6562506034694522,1.1547551591055214,0.0,-3.364851483074915,-4.735044268234601,0.0,-20.06589656685388,14.259372879607652,75.3601199482788,78.68539391703538,154.04551386531418
9.04599999999969,9.81,3.93,1,1,0.01,0.01,-4.811112252819606,5.524479490110841,-2.009444180911614,-2.1870020459927018,-32.753578966793114,53.402907955208434,0.0,1.6495144744114896,1.1452743809898236,0.0,-3.3712531632689866,-4.7457457504655025,0.0,-19.915269261007694,14.14728433080095,75.8105600794644,78.23477543374585,154.04533551321026
9.047999999999691,9.81,3.93,1,1,0.01,0.01,-4.815196514732306,5.5202121683100165,-2.0747518990938776,-2.0803788809201844,-32.55607878971676,53.22552817746888,0.0,1.6427657197690622,1.1357721341586473,0.0,-3.3774782597133237,-4.756512069755191,0.0,-19.76393222322422,14.03386566279081,76.26320068838181,77.7819605579468,154.04516124632863
9.049999999999692,9.81,3.93,1,1,0.01,0.01,-4.819411004741373,5.516157758967858,-2.1396760688567658,-1.9740792314213416,-32.36995316399109,53.07921575829969,0.0,1.6360046850672798,1.126248293969312,0.0,-3.3835343413752383,-4.767338225561604,0.0,-19.611665504968347,13.919034183862124,76.71803661023944,77.32695383006131,154.04499044030075
9.051999999999692,9.81,3.93,1,1,0.01,0.01,-4.823754978196752,5.512315676495848,-2.204238989986834,-1.8680419926857252,-32.19476112481147,52.962957304804895,0.0,1.629231701160276,1.1167027455891811,0.0,-3.389428517245701,-4.77821940415231,0.0,-19.45825470792325,13.802707206276958,77.1750625391336,76.86975994212511,154.04482248125873
9.053999999999693,9.81,3.93,1,1,0.01,0.01,-4.8282277341992454,5.508685455553939,-2.26846212997575,-1.762207988645666,-32.03011096783074,52.875836635266495,0.0,1.6224470851081414,1.1071353836459152,0.0,-3.395167478738827,-4.789150954918664,0.0,-19.303490422893557,13.684802071783448,77.63427301566648,76.41038374877121,154.0446567644377
9.055999999999694,9.81,3.93,1,1,0.01,0.01,-4.8328286140329695,5.505266747384218,-2.3323662203513744,-1.6565197824208728,-31.87565810288183,52.817030008053194,0.0,1.615651140972783,1.0975461119240895,0.0,-3.4007575384353323,-4.800128367677185,0.0,-19.147167703156278,13.565236160070398,78.09566241430966,75.94883027853768,154.04449269284734
9.057999999999694,9.81,3.93,1,1,0.01,0.01,-4.837556999786354,5.502059316514515,-2.3959713489757326,-1.5509214957343964,-31.731103164438654,52.785801915474934,0.0,1.6088441605396233,1.087934843106339,0.0,-3.406204665564008,-4.811147250807089,0.0,-18.98908556831763,13.443926881836186,78.55922493049512,75.48510474550912,154.04432967600422
9.059999999999695,9.81,3.93,1,1,0.01,0.01,-4.842412313154124,5.499063037815131,-2.459297048807226,-1.445358636204979,-31.59619036299575,52.78150140834791,0.0,1.6020264239712978,1.078301498557504,0.0,-3.411514518571591,-4.822203310082712,0.0,-18.82904653503932,13.320791657796144,79.0249545674086,75.01921256130663,154.04416712871523
9.061999999999696,9.81,3.93,1,1,0.01,0.01,-4.84739401441366,5.496277893893966,-2.5223623835947078,-1.339777931485132,-31.47070606345583,52.803558921157745,0.0,1.595198200398865,1.0686460081505476,0.0,-3.4166924750933645,-4.833292328067833,0.0,-18.666856171266943,13.195747884654494,79.49284512245903,74.55115934744708,154.0440044699061
9.063999999999696,9.81,3.93,1,1,0.01,0.01,-4.852501601570047,5.493703972817343,-2.5851860309450636,-1.2341271692705411,-31.354477578449757,52.85148357165417,0.0,1.5883597484554333,1.0589683101331948,0.0,-3.4217436596042132,-4.844410143945531,0.0,-18.502322670828594,13.068712888809209,79.96289017339502,74.08095094809178,154.04384112148682
9.065999999999697,9.81,3.93,1,1,0.01,0.01,-4.857734609664988,5.491341466145717,-2.647786363183592,-1.1283550422549027,-31.247372166297204,52.92486091252206,0.0,1.5815113167566048,1.0492683510346064,0.0,-3.4266729690009305,-4.855552633662633,0.0,-18.33525644547747,12.93960386832934,80.4350830640331,73.60859344321467,154.04367650724777
9.067999999999698,9.81,3.93,1,1,0.01,0.01,-4.863092610245559,5.489190667275266,-2.710181526407618,-1.0224109971453124,-31.149296225039414,53.02335111644007,0.0,1.5746531443316178,1.039546085611529,0.0,-3.431485096342186,-4.866715690271508,0.0,-18.165469731628885,12.808337823544003,80.90941688956076,73.13409316221848,154.04351005177924
9.069999999999698,9.81,3.93,1,1,0.01,0.01,-4.868575210989597,5.487251970078108,-2.7723895181183207,-0.9162450868871395,-31.060194675657222,53.14668757939506,0.0,1.5677854610086908,1.0298014768336627,0.0,-3.4361845529510826,-4.8778952043548855,0.0,-17.992776209194936,12.67483147640071,81.38588448137308,72.65745669803532,154.0433411794084
9.071999999999699,9.81,3.93,1,1,0.01,0.01,-4.874182055485228,5.485525867835545,-2.8344282638036398,-0.8098078252741099,-30.980050529231676,53.29467593058308,0.0,1.5609084877576356,1.0200344959081868,0.0,-3.440775689066868,-4.889087044420427,0.0,-17.81699063004675,12.539001178585949,81.86447839139628,72.1786909217519,154.04316931314816
9.0739999999997,9.81,3.93,1,1,0.01,0.01,-4.879912823162827,5.4840129524603665,-2.8963156928362594,-0.7030500431392425,-30.90888463442928,53.46719344063109,0.0,1.5540224369924776,1.0102451223436268,0.0,-3.4452627132167213,-4.900287037152049,0.0,-17.637928453741246,12.400762808248828,82.3451908758471,71.69780299780388,154.04299387365097
9.0759999999997,9.81,3.93,1,1,0.01,0.01,-4.885767229378382,5.482713914005865,-2.9580698140450457,-0.5959227453354593,-30.846755603305873,53.66418882323612,0.0,1.5471275128364732,1.0004333440534454,0.0,-3.4496497104652315,-4.9114909474036015,0.0,-17.455405488233755,12.260031655025388,82.8280138783723,71.21480039978961,154.04281427816193
9.077999999999701,9.81,3.93,1,1,0.01,0.01,-4.891745025647973,5.481629540460741,-3.0197087913159244,-0.4883769677211209,-30.793759915048426,53.88568242869241,0.0,1.5402239113516414,0.9905991575000119,0.0,-3.4539406596879516,-4.922694457818151,0.0,-17.26923753336459,12.116722292923715,83.31293901250595,70.7296909269605,154.04262993946645
9.079999999999702,9.81,3.93,1,1,0.01,0.01,-4.897846000033779,5.48076071783069,-3.0812510195790583,-0.3803636333654263,-30.750032198910098,54.13176683116116,0.0,1.5333118207345895,0.9807425678797895,0.0,-3.4581394500063674,-4.9338931479519355,0.0,-17.079240024954203,11.970748440496473,83.7999575433753,70.24248272144894,154.04244026482422
9.081999999999702,9.81,3.93,1,1,0.01,0.01,-4.904069977682746,5.480108430509024,-3.1427152015433664,-0.27183340718143567,-30.715745699285268,54.40260781502193,0.0,1.5263914214802172,0.9708635893508925,0.0,-3.4622498965140687,-4.94508247277701,0.0,-16.885227677372978,11.822022807593582,84.28906036858012,69.75318428630595,154.04224465488608
9.083999999999703,9.81,3.93,1,1,0.01,0.01,-4.910416821519779,5.479673761940261,-3.204120425547056,-0.16273654818026018,-30.691112927605435,54.69844576920708,0.0,1.5194628865145654,0.9609622453043541,0.0,-3.466275755418459,-4.95625774042942,0.0,-16.687014122463527,11.670456927853236,84.78023799816111,69.26180450442442,154.04204250258553
9.085999999999704,9.81,3.93,1,1,0.01,0.01,-4.916886433098062,5.479457895582277,-3.2654862449039994,-0.053022758518452215,-30.67638650756105,55.019597502156884,0.0,1.5125263812978589,0.9510385686807684,0.0,-3.4702207387181927,-4.967414089061327,0.0,-16.48441154269136,11.515960975949731,85.27348053356438,68.76835265843528,154.04183319199967
9.087999999999704,9.81,3.93,1,1,0.01,0.01,-4.923478753609901,5.479462116174281,-3.326832759140703,0.05735897151853098,-30.671860222073374,55.366458493955406,0.0,1.505582063898578,0.9410926023342627,0.0,-3.4740885285340415,-4.978546462645137,0.0,-16.277230296380502,11.358443568470308,85.76877764549923,68.2728384516736,154.04161609717283
9.089999999999705,9.81,3.93,1,1,0.01,0.01,-4.930193765062268,5.4796878113196295,-3.38818069753748,0.16846052349116303,-30.6778702724864,55.739505606380966,0.0,1.4986300850390992,0.9311243994460233,0.0,-3.4778827912101855,-4.989649585565167,0.0,-16.06527853285561,11.197811547138597,86.26611855057489,67.77527203032062,154.0413905808955
9.091999999999706,9.81,3.93,1,1,0.01,0.01,-4.937031491622096,5.480136473394327,-3.4495515054105557,0.2803348166792418,-30.694796762644902,56.139300276080284,0.0,1.4916705881132781,0.9211340239900097,0.0,-3.4816071913033504,-5.000717935817927,0.0,-15.848361795262699,11.033969742934303,86.76549198658964,67.27566400684196,154.0411559934316
9.093999999999706,9.81,3.93,1,1,0.01,0.01,-4.943992001137268,5.480809701793997,-3.510967433599502,0.39303598084928715,-30.7230654229005,56.56649222091009,0.0,1.4847037091760598,0.911121551253814,0.0,-3.4852654055796575,-5.011745716624887,0.0,-15.626282608774591,10.866820719477738,87.26688618633072,66.77402548485513,154.04091167118585
9.095999999999707,9.81,3.93,1,1,0.01,0.01,-4.951075406840185,5.481709205534157,-3.5724516316570303,0.506619536976662,-30.763149591675802,57.02182369475635,0.0,1.4777295769049916,0.9010870684180606,0.0,-3.4888611371429064,-5.02272682624175,0.0,-15.398840051806554,10.69626449384801,87.77028884972923,66.27036808557477,154.040656935304
9.097999999999708,9.81,3.93,1,1,0.01,0.01,-4.958281869241874,5.4828368062208375,-3.6340282452762285,0.6211425870594356,-30.815572475054946,57.506134331910644,0.0,1.4707483125332392,0.8910306751981878,0.0,-3.492398129823756,-5.0336548257251,0.0,-15.165829307771267,10.522198232783479,88.27568711419401,65.76470397600144,154.04039109019544
9.099999999999708,9.81,3.93,1,1,0.01,0.01,-4.965611598225656,5.4841944414109305,-3.695722518534336,0.7366640142494056,-30.88090970799068,58.02036662843025,0.0,1.463760029753446,0.8809524845529448,0.0,-3.4958801829669612,-5.044522904390608,0.0,-14.927041194790828,10.344515921967965,88.78306752293082,65.2570458990385,154.04011342196932
9.101999999999709,9.81,3.93,1,1,0.01,0.01,-4.9730648553506365,5.485784168384215,-3.757560901582718,0.8532446946274559,-30.959792244177553,58.56557211493894,0.0,1.4567648345915054,0.8708526234645348,0.0,-3.4993111667634897,-5.055323842666166,0.0,-14.682261670657004,10.163108005831946,89.29241599102808,64.74740720574545,154.0398231967735
9.10399999999971,9.81,3.93,1,1,0.01,0.01,-4.980641956376601,5.487608168351768,-3.8195711644705845,0.9709477220670021,-31.052909605479996,59.14291828312799,0.0,1.449762825248992,0.8607312337959202,0.0,-3.5026950382865643,-5.066049972007586,0.0,-14.431271310189004,9.977860994990314,89.80371776906661,64.23580188995857,154.0395196590252
9.10599999999971,9.81,3.93,1,1,0.01,0.01,-4.988343274023304,5.489668751128496,-3.881782517855966,1.0898386477623367,-31.161013526085547,59.75369633691784,0.0,1.4427540919126742,0.8505884732315413,0.0,-3.506035858405411,-5.076693131503513,0.0,-14.1738447519824,9.788657038091305,90.31695740398004,63.722244625539446,154.0392020295195
9.107999999999711,9.81,3.93,1,1,0.01,0.01,-4.9961692409787535,5.491968360300812,-3.9442257414324953,1.2099857361501283,-31.284922031333288,60.39932984895288,0.0,1.4357387165291615,0.8404245163084763,0.0,-3.5093378097683305,-5.0872446207486455,0.0,-13.909750111372968,9.595373454458905,90.83211869686042,63.20675080654295,154.03886950340336
9.109999999999712,9.81,3.93,1,1,0.01,0.01,-5.004120353172818,5.4945095789241165,-4.006933320985693,1.3314602391243515,-31.425523996524408,61.08138441398563,0.0,1.4287167725423437,0.8302395555459723,0.0,-3.512605216067955,-5.097695148509644,0.0,-13.638748356257423,9.397882223466082,91.34918465736591,62.68933659063273,154.03852124799863
9.111999999999712,9.81,3.93,1,1,0.01,0.01,-5.012197173334411,5.497295135788732,-4.0699395950889565,1.4543366906399973,-31.583784237028883,61.80157840290826,0.0,1.4216883245908307,0.8200338026823013,0.0,-3.5158425628268346,-5.1080347766447005,0.0,-13.360592642220892,9.19604942607042,91.86813745434375,62.17001894611421,154.03815640045798
9.113999999999713,9.81,3.93,1,1,0.01,0.01,-5.02040033485263,5.50032791229734,-4.133280912558694,1.578693224021845,-31.760749187743542,62.561794934878215,0.0,1.4146534281620633,0.8098074900290068,0.0,-3.519054519971582,-5.1182528586643254,0.0,-13.07502760322097,8.989734633367707,92.38895836223372,61.64881570300021,154.03777406523392
9.115999999999714,9.81,3.93,1,1,0.01,0.01,-5.0287305459645815,5.503610950001865,-4.19699580191158,1.704611914544563,-31.95755323754315,63.364095200381314,0.0,1.407612129199257,0.7995608719539713,0.0,-3.5222459664990478,-5.128337972236049,0.0,-12.781788593876062,8.778790236360667,92.91162770276084,61.12574560858073,154.03737331134158
9.117999999999714,9.81,3.93,1,1,0.01,0.01,-5.037188594295278,5.507147458853125,-4.2611251542065505,1.832179150133018,-32.17542579287943,64.21073328534432,0.0,1.4005644636566283,0.7892942265061752,0.0,-3.5254220175800843,-5.138277844836833,0.0,-12.48060087920492,8.5630607103878,93.43612478136166,60.60082838802817,154.03695316938982
9.119999999999715,9.81,3.93,1,1,0.01,0.01,-5.045775351777857,5.510940826222629,-4.325712420811828,1.9614860333509172,-32.41569915426262,65.10417266582233,0.0,1.3935104569976529,0.7790078571967372,0.0,-3.5285880544958346,-5.148059271642273,0.0,-12.171178767475373,8.342381806794245,93.96242781771655,60.07408481064018,154.03651262835672
9.121999999999716,9.81,3.93,1,1,0.01,0.01,-5.0544917799856846,5.514994626762536,-4.390803827815303,2.092628818206297,-32.679817300102314,66.04710456453527,0.0,1.3864501236302469,0.7687020949528081,0.0,-3.531749757859957,-5.157668024607871,0.0,-11.853224681652875,8.11657966343616,94.49051386967231,59.5455367624059,154.03605063207823
9.123999999999716,9.81,3.93,1,1,0.01,0.01,-5.0633389359115,5.519312633177292,-4.4564486089973325,2.2257093857087966,-32.969345684436306,67.04246838489433,0.0,1.3793834662717956,0.7583773002630794,0.0,-3.534913144649586,-5.167088751541425,0.0,-11.526428164809284,7.885469824471019,95.02035874974689,59.01520732567248,154.03556607541935
9.125999999999717,9.81,3.93,1,1,0.01,0.01,-5.072317978232838,5.523898827988748,-4.522699259511297,2.360835762571621,-33.28598216853846,68.0934744653346,0.0,1.3723104752358055,0.7480338655362961,0.0,-3.5380846096497667,-5.176304863782775,0.0,-11.190464814779673,7.648856158573568,95.55193693328836,58.48312086680012,154.03505780008848
9.127999999999718,9.81,3.93,1,1,0.01,0.01,-5.081430174107496,5.5287574163858695,-4.589611812671984,2.4981226879664034,-33.631569221407965,69.20362942700972,0.0,1.365231127630682,0.7376722176971001,0.0,-3.541270972013743,-5.185298410892939,0.0,-10.84499514336781,7.4065296632030995,96.085221457237,57.94930313281813,154.03452459005513
9.129999999999718,9.81,3.93,1,1,0.01,0.01,-5.0906769065478965,5.533892840260537,-4.657246142538181,2.637692233818157,-34.008107540777374,70.37676442133173,0.0,1.3581453864595971,0.7272928210470049,0.0,-3.544479527757316,-5.194049940502719,0.0,-10.489663355534944,7.158267140797095,96.62018380828113,57.41378135824233,154.03396516652344
9.131999999999719,9.81,3.93,1,1,0.01,0.01,-5.100059682428892,5.539309793542522,-4.725666295297204,2.779674484776601,-34.41777126460929,71.61706662055755,0.0,1.3510531996086452,0.7168961804222682,0.0,-3.5477181091439234,-5.202538341174293,0.0,-10.12409604431227,6.90382973074099,97.1567937990234,56.87658438338426,154.03337818240766
9.13399999999972,9.81,3.93,1,1,0.01,0.01,-5.109580141189908,5.545013238959737,-4.7949408528187085,2.9242082847258946,-34.862924963059626,72.92911433453723,0.0,1.3439544987084207,0.7064828446850794,0.0,-3.5509951520823617,-5.210740665779084,0.0,-9.74790079771857,6.642961278615658,97.69501943056812,56.33774278568221,154.03276221625032
9.13599999999972,9.81,3.93,1,1,0.01,0.01,-5.119240064299472,5.551008426364373,-4.865143332146414,3.07144205750337,-35.34614262246705,74.31791617955719,0.0,1.3368491978516885,0.6960534105898478,0.0,-3.5543197728573053,-5.218631932480682,0.0,-9.360664714828909,6.375386521499471,98.23482673969644,55.79728902581709,154.03211576551354
9.137999999999721,9.81,3.93,1,1,0.01,0.01,-5.129041385558135,5.557300912781724,-4.9363526251421455,3.2215347103944034,-35.87022885579789,75.78895477025533,0.0,1.329737192146981,0.6856085270727204,0.0,-3.557701855750696,-5.226184899919948,0.0,-8.961952829442657,6.100809064935058,98.77617962851426,55.2552576106516,154.03143723916585
9.139999999999722,9.81,3.93,1,1,0.01,0.01,-5.138986202324708,5.56389658435667,-5.008653482988982,3.3746566299584786,-36.438242597623386,77.34823545167322,0.0,1.3226183560845337,0.6751489000197947,0.0,-3.561152153399106,-5.233369812614676,0.0,-8.551306441692923,5.818909123488034,99.31903967412356,54.71168527535276,154.0307249494763
9.141999999999722,9.81,3.93,1,1,0.01,0.01,-5.1490767877606975,5.570801680392902,-5.082137050800059,3.5309907808210057,-37.05352356522411,79.00234063360895,0.0,1.3154925416869672,0.6646752975781677,0.0,-3.564682402078571,-5.240154111889052,0.0,-8.1282413606274,5.529340992536279,99.8633659154739,54.16661118743994,154.02997710291385
9.143999999999723,9.81,3.93,1,1,0.01,0.01,-5.159315604198861,5.578022819702425,-5.156901458165066,3.6907339192316506,-37.71972178938089,80.75849033039194,0.0,1.3083595764122868,0.6541885560841155,0.0,-3.568305454528584,-5.246502106815014,0.0,-7.692246064544213,5.231730213933362,100.40911461408594,53.62007717595082,154.02919179003675
9.145999999999724,9.81,3.93,1,1,0.01,0.01,-5.169705317754128,5.585567029507708,-5.233052472092579,3.8540979344299453,-38.440830536584194,82.62460954111091,0.0,1.3012192607711353,0.6436895866947551,0.0,-3.5720354334370183,-5.252374598649565,0.0,-7.242779791044425,4.925670392367683,100.9562389847831,53.07212798945609,154.0283669742392
9.147999999999724,9.81,3.93,1,1,0.01,0.01,-5.1802488143086745,5.593441777166206,-5.31070421946225,4.021311332147784,-39.22122295536313,84.60940312077997,0.0,1.2940713656132807,0.633179382823666,0.0,-3.575887909330272,-5.2577284510534605,0.0,-6.7792705758458,4.610719612457021,101.50468889191556,52.52281158728921,154.02750047920478
9.149999999999725,9.81,3.93,1,1,0.01,0.01,-5.190949217017833,5.601655005016937,-5.389979986767444,4.192620875872862,-40.06569277811673,86.72243878092432,0.0,1.2869156290301866,0.6226590284978382,0.0,-3.5798801073733206,-5.262516096933994,0.0,-6.301113269029412,4.2863963987201075,102.05441050577025,51.97217946912248,154.02658997489272
9.151999999999726,9.81,3.93,1,1,0.01,0.01,-5.201809905499755,5.610215168681286,-5.471013105574459,4.368293402727025,-40.97949938866207,88.97423880233791,0.0,1.2797517528105447,0.6121297077732919,0.0,-3.584031148517348,-5.266684971014253,0.0,-5.807667570418024,3.952175151384413,102.60534591292581,51.42028704893397,154.0256329618598
9.153999999999726,9.81,3.93,1,1,0.01,0.01,-5.212834536889168,5.619131279185045,-5.553947932698883,4.54861783186905,-41.96841751358907,91.37638091948327,0.0,1.2725793983736695,0.6015927153705591,0.0,-3.5883623315799005,-5.270176855127286,0.0,-5.298256143356501,3.607480980336681,103.15743267318155,50.86719408050761,154.02462675368915
9.155999999999727,9.81,3.93,1,1,0.01,0.01,-5.224027068954024,5.62841294930526,-5.638940934525862,4.733907384044931,-43.03879169617404,93.94160861040324,0.0,1.2653981820911224,0.5910494687196806,0.0,-3.5928974642581295,-5.2729271206857415,0.0,-4.772162889817554,3.2516838472105456,103.71060331433637,50.31296514293247,154.02356845726882
9.157999999999728,9.81,3.93,1,1,0.01,0.01,-5.235391785492944,5.63807044458298,-5.726161885062238,4.9245020310280685,-44.19759554134626,96.68395064751739,0.0,1.2582076698892166,0.5805015216385069,0.0,-3.5976632528264068,-5.274863849686659,0.0,-4.228631501552151,2.884091911449436,104.2647847544538,49.75767019616846,154.02245495062226
9.159999999999728,9.81,3.93,1,1,0.01,0.01,-5.246933324250297,5.648114739479833,-5.815795187030723,5.120771192842327,-45.45249544455129,99.61884915988205,0.0,1.2510073710034628,0.5699505799089833,0.0,-3.6026897624419973,-5.275906811857239,0.0,-3.6668644447226484,2.503943960036402,104.81989763927105,49.201385218684194,154.02128285795524
9.161999999999729,9.81,3.93,1,1,0.01,0.01,-5.2586567076036,5.658557579190068,-5.908041324341414,5.323116698290045,-46.81191808620562,102.76329451991336,0.0,1.2437967307295048,0.5593985190653332,0.0,-3.6080109626835024,-5.275966270984704,0.0,-3.0860225928397167,2.1104007823720496,105.37585558000387,48.64419294153211,154.02004852153598
9.16399999999973,9.81,3.93,1,1,0.01,0.01,-5.270567376292717,5.669411547646545,-6.003118452225093,5.5319760196044205,-48.285120314081944,106.13596394290357,0.0,1.2365751219826353,0.5488474047673737,0.0,-3.613665376313225,-5.274941587927059,0.0,-2.485225799925497,1.7025353315884515,105.93256427387993,48.08618369610167,154.0187479699816
9.16599999999973,9.81,3.93,1,1,0.01,0.01,-5.282671226469585,5.680690142273247,-6.101264127630213,5.747825783827204,-49.882259042880854,109.75735855227762,0.0,1.229341835437849,0.5382995162037372,0.0,-3.619696853458154,-5.272719581064857,0.0,-1.8635548094694447,1.2793214917606266,106.48992048616347,47.52745639630406,154.01737688246754
9.167999999999731,9.81,3.93,1,1,0.01,0.01,-5.294974650346744,5.692407856029734,-6.202737176360295,5.9711855500525814,-51.61445732031087,113.64993049331879,0.0,1.222096067972944,0.5277573730562031,0.0,-3.6261554986592857,-5.269172596787254,0.0,-1.2200550341501204,0.8396212478308058,107.04781086809275,46.968119680244925,154.01593054833768
9.169999999999732,9.81,3.93,1,1,0.01,0.01,-5.307484580706901,5.7045802672515515,-6.307819683678475,6.202621820466347,-53.49386052017193,117.83818700354153,0.0,1.214836909075861,0.5172237666608042,0.0,-3.6330987848123275,-5.264156232740995,0.0,-0.5537429289141699,0.3821700331809802,107.60611057981801,46.40829324172157,154.0144038215396
9.171999999999732,9.81,3.93,1,1,0.01,0.01,-5.320208539495167,5.717224137696143,-6.416819080011275,6.442752220498807,-55.5336734032493,122.34875148891251,0.0,1.2075633248014168,0.5067017961274346,0.0,-3.6405928962418406,-5.257506644725359,0.0,0.13638406739438244,-0.0944399884714733,108.1646816809312,45.84810938836338,154.01279106929456
9.173999999999733,9.81,3.93,1,1,0.01,0.01,-5.333154690637532,5.7303575190285185,-6.530070270445149,6.692249734108227,-57.74816407024629,127.21035162821471,0.0,1.2002741387680829,0.4961949103317497,0.0,-3.648714353407626,-5.249037354022137,0.0,0.8513327065606645,-0.5917789599216784,108.72337124319955,45.287714871202965,154.01108611440253
9.175999999999734,9.81,3.93,1,1,0.01,0.01,-5.346331897094387,5.743999867684139,-6.6479377223009655,6.951846806549928,-60.15261394440809,132.45368991377458,0.0,1.1929680095680575,0.48570695687581067,0.0,-3.657551984494055,-5.238535455418515,0.0,1.5920924487509098,-1.1116009321658142,109.28200913038452,44.72727304025214,154.00928217063665
9.177999999999734,9.81,3.93,1,1,0.01,0.01,-5.359749781938712,5.75817216756918,-6.770817373943532,7.222339017872926,-62.76318289690465,138.11113079622993,0.0,1.1856434038179113,0.47524223933210163,0.0,-3.6672093248823283,-5.225757107214672,0.0,2.359604935721684,-1.6558682399092721,109.84040537816632,44.16696639264896,154.00737177081527
9.179999999999735,9.81,3.93,1,1,0.01,0.01,-5.373418792904255,5.772897059314508,-6.899138152557943,7.50458786982833,-65.59664408290588,144.21610782395052,0.0,1.17829856389626,0.4648055843439164,0.0,-3.6778075447488736,-5.210422163512619,0.0,3.154721208112528,-2.226778770830675,110.39834709280456,43.606999594586526,154.00534668739107
9.181999999999736,9.81,3.93,1,1,0.01,0.01,-5.3873502693209385,5.788198973664933,-7.033362778017706,7.799521993921834,-68.66992203705671,150.8021097460059,0.0,1.1709314691916208,0.454402420456554,0.0,-3.689489028146411,-5.19220778722859,0.0,3.978142357697005,-2.8267960726128427,110.95559476988578,43.0476030759835,154.0031978458693
9.183999999999736,9.81,3.93,1,1,0.01,0.01,-5.401556509557679,5.804104264879977,-7.1739873686641165,8.108135746309292,-71.9993373710274,157.9010407824431,0.0,1.1635397894101,0.44403887089782246,0.0,-3.7024217539307607,-5.170740862123729,0.0,4.8303378540188,-3.458681923233942,111.51187791398307,42.48903731813474,154.00091523211782
9.185999999999737,9.81,3.93,1,1,0.01,0.01,-5.416050835904989,5.820641337488949,-7.321539130946481,8.431483660104101,-75.59941835742775,165.5406594663848,0.0,1.156120828161658,0.4337218629050781,0.0,-3.716804659022747,-5.145589008728756,0.0,5.7114338897112455,-4.125530440726693,112.06688981622723,41.931597979636976,153.9984877958642
9.187999999999738,9.81,3.93,1,1,0.01,0.01,-5.430847652077103,5.837840756014975,-7.47657107818164,8.770668513831483,-79.48107904374076,173.7406727223315,0.0,1.148671454651164,0.4234592565874169,0.0,-3.7328741953553175,-5.116250011590859,0.0,6.621061662534678,-4.830801890044258,112.6202813199856,41.37562203454463,153.9959033545302
9.189999999999738,9.81,3.93,1,1,0.01,0.01,-5.4459624859516795,5.855735321845001,-7.639652243503555,9.126819760828761,-83.64887970146819,182.5068854353328,0.0,1.1411880208497616,0.413259996668775,0.0,-3.7509123179950734,-5.082139500142814,0.0,7.558152501838392,-5.578352841285494,113.17165337639327,40.82149512793631,153.99314850432958
9.191999999999739,9.81,3.93,1,1,0.01,0.01,-5.461412006456988,5.874360093565969,-7.811351176278283,9.50105763913045,-88.09697281977144,191.82256914727472,0.0,1.1336662610327657,0.4031342906899562,0.0,-3.7712561522834926,-5.042576820720562,0.0,8.520663203536921,-6.372456914455581,113.72054816436535,40.26966038514885,153.9902085495142
9.19399999999974,9.81,3.93,1,1,0.01,0.01,-5.47721399821055,5.893752315862869,-7.992209578689968,9.89443631694597,-92.80319367858351,201.63591103384408,0.0,1.1261011700932684,0.39309381719065106,0.0,-3.7943095614725113,-4.996769239603225,0.0,9.50521115355955,-7.217806513440273,114.26643852995298,39.720628936092325,153.9870674660453
9.19599999999974,9.81,3.93,1,1,0.01,0.01,-5.4933872700344955,5.913951206276129,-8.182701690611422,10.30785680216854,-97.72058504097947,211.8420496131908,0.0,1.11848685668457,0.38315196676128216,0.0,-3.8205567354663,-4.943795002135819,0.0,10.506595590343775,-8.119479980898621,114.80871549860986,39.17499242418941,153.98370792279928
9.197999999999741,9.81,3.93,1,1,0.01,0.01,-5.509951463152582,5.934997527344377,-8.383173438959517,10.74193700084808,-102.76547949168726,222.25785810806434,0.0,1.110816367219602,0.373324117171706,0.0,-3.850577680714779,-4.882586459090717,0.0,11.517180442464843,-9.082849495465721,115.34667365069609,38.633437740427084,153.98011139112316
9.199999999999742,9.81,3.93,1,1,0.01,0.01,-5.526926711072502,5.9569328425843375,-8.59375350573656,11.196822408162657,-107.8011779918513,232.58746449464263,0.0,1.1030814774429851,0.3636279402814886,0.0,-3.885065003620165,-4.811915632901652,0.0,12.526119066178541,-10.113391532146213,115.87949425818334,38.09676412201622,153.97625838019957
9.201999999999742,9.81,3.93,1,1,0.01,0.01,-5.544333085590811,5.979798317812902,-8.814226650519236,11.67191712398876,-112.61643197679442,242.37686415088484,0.0,1.095272450344922,0.35408373193490483,0.0,-3.924840478710813,-4.73038646944538,0.0,13.518418242172194,-11.216342568991179,116.40622631198477,37.56590252510837,153.97212883709312
9.203999999999743,9.81,3.93,1,1,0.01,0.01,-5.5621897428117855,6.003632886197714,-9.043858659338579,12.16551292247049,-116.89869724776021,250.9576012362153,0.0,1.0873777636608326,0.34471474485003617,0.0,-3.9708683443162145,-4.636440875212624,0.0,14.473878501724117,-12.396117519635057,116.92576600551482,37.041936733585416,153.96770273910022
9.205999999999744,9.81,3.93,1,1,0.01,0.01,-5.580513662782127,6.028470553018872,-9.28116390440043,12.674297610974634,-120.2040647799296,257.3835993362229,0.0,1.079383818668675,0.3355474864525928,0.0,-4.024259797814571,-4.528389660896774,0.0,15.366025664077135,-13.655379497507015,117.43683599652331,36.52612487581957,153.96296087234288
9.207999999999744,9.81,3.93,1,1,0.01,0.01,-5.599317864340556,6.054336591448017,-9.523613844794184,13.192739551979379,-121.9297250019345,260.3735758399087,0.0,1.071274656518879,0.3266119164714255,0.0,-4.086259579579442,-4.4044844958721825,0.0,16.16128234033801,-14.993626346825653,117.93796699389989,36.019918735723486,153.95788572962337
9.209999999999745,9.81,3.93,1,1,0.01,0.01,-5.61860898915872,6.0812424077221685,-9.76730277447328,13.712383313822535,-121.30159778516624,258.2857764308339,0.0,1.063031730985784,0.31794144202382923,0.0,-4.158201069511136,-4.263051693492385,0.0,16.818827870117303,-16.40516537582783,118.42748606048576,35.52497633364663,153.9524623941324
9.211999999999746,9.81,3.93,1,1,0.01,0.01,-5.63838421277998,6.109178990046354,-10.006621462538469,14.221164018668189,-117.39912241045387,249.1714959014489,0.0,1.05463381792541,0.3095725643529085,0.0,-4.241412299012955,-4.102709819031525,0.0,17.291834979567135,-17.876429187027256,118.90351854911427,35.043160745350626,153.9466792944649
9.213999999999746,9.81,3.93,1,1,0.01,0.01,-5.658627592105426,6.138109177016285,-10.234042493599988,14.70296017988538,-109.2476327980204,230.9715636877895,0.0,1.0460571778391028,0.30154399431615486,0.0,-4.337055108131748,-3.9226844195733244,0.0,17.530941511123512,-19.382813221423334,119.36401354345617,34.576515475903506,153.94052901935967
9.215999999999747,9.81,3.93,1,1,0.01,0.01,-5.679306228777074,6.167959552445375,-10.440182761091641,15.137734719592958,-96.00653322548817,201.91516278595745,0.0,1.037276115247053,0.29389505145139005,0.0,-4.44588942005685,-3.7232058661737732,0.0,17.490673032644647,-20.8856563350395,119.80680503613056,34.12720515669258,153.93401019282314
9.217999999999748,9.81,3.93,1,1,0.01,0.01,-5.700367002056243,6.198613563645807,-10.614342306065742,15.502684525276909,-77.25300872883243,161.12006078545775,0.0,1.0282640701318368,0.2866632377594963,0.0,-4.567981175615401,-3.5059246109011877,0.0,17.1387372902027,-22.330608328551477,120.22972040231866,33.69741214640984,153.9271325487285
9.219999999999748,9.81,3.93,1,1,0.01,0.01,-5.72173498528875,6.229908220137133,-10.745659241933966,15.774692564852286,-53.29636509554364,109.25678509552822,0.0,1.0189952969404383,0.2798810737726519,0.0,-4.702416606425527,-3.2742119500002516,0.0,16.46649481481195,-23.64914667994709,120.63073994073488,33.28918748377054,153.91992742450543
9.221999999999749,9.81,3.93,1,1,0.01,0.01,-5.743314755049351,6.261636927472378,-10.824809818651342,15.933930964515463,-25.3794867907521,48.97342552528229,0.0,1.0094470150014405,0.2735725951657312,0.0,-4.847130464679927,-3.033172465689688,0.0,15.496988702364574,-24.76480546349414,121.0081927933768,32.90426958964569,153.9124623830225
9.22399999999975,9.81,3.93,1,1,0.01,0.01,-5.764995341053962,6.293560033469866,-10.845856182181814,15.967773744162416,4.398366068539313,-15.268976991863441,0.0,0.9996016854214862,0.267750227147889,0.0,-4.998963795051425,-2.7892357334514797,0.0,14.286168290519146,-25.60416002054609,121.36094881435417,32.54390237645177,153.90485119080594
9.22599999999975,9.81,3.93,1,1,0.01,0.01,-5.786658484979647,6.325422379824946,-10.807594614996715,15.873650809011357,33.49757609103696,-78.07719609407815,0.0,0.9894488945101796,0.2624128814803255,0.0,-5.154002771219137,-2.5493472424042727,0.0,12.91491559620391,-26.110021289261713,121.68854945839689,32.20869637458954,153.89724583298644
9.227999999999751,9.81,3.93,1,1,0.01,0.01,-5.808188590777105,6.356974434659724,-10.71383310578456,15.659636089374708,59.551722400757086,-134.4240442500841,0.0,0.9789863386036554,0.25754588875296147,0.0,-5.308127550560284,-2.319976492530596,0.0,11.473840184227647,-26.252251860617182,121.99123441575026,31.89857166116769,153.88980607691795
9.229999999999752,9.81,3.93,1,1,0.01,0.01,-5.829482007901776,6.387992015156008,-10.572473859150808,15.342506848538386,80.90022002842419,-180.77571346367566,0.0,0.9682196552542904,0.2531228247489893,0.0,-5.457595277936059,-2.1062656450937736,0.0,10.046621350915972,-26.032040816736334,122.26986338632284,31.612797900664674,153.8826612869875
9.231999999999752,9.81,3.93,1,1,0.01,0.01,-5.850453593453606,6.41829025266662,-10.393810131887152,14.944139085195445,96.81973676626193,-215.58261555393068,0.0,0.9571612163885672,0.2491086914493501,0.0,-5.599472581570957,-1.9115681527634427,0.0,8.69793708917582,-25.47848486419947,122.52577198335945,31.35011582668434,153.8758878100438
9.233999999999753,9.81,3.93,1,1,0.01,0.01,-5.871039636364337,6.447729855698271,-10.188699768363994,14.487639025496339,107.43014881513635,-239.0821184740204,0.0,0.9458282899496818,0.2454635888552925,0.0,-5.731821888473096,-1.7374316372885623,0.0,7.4688145894461835,-24.639769430896305,122.7606090831693,31.108902650077823,153.86951173324712
9.235999999999754,9.81,3.93,1,1,0.01,0.01,-5.8911974732930465,6.476216361709836,-9.967146329958359,13.994333742376513,113.41105358260018,-252.7001739835958,0.0,0.9342410577199194,0.24214607903635177,0.0,-5.853660161391754,-1.5839045080532226,0.0,6.378418581999912,-23.572819293269642,122.97618685105286,30.88734043907764,153.8635272901305
9.237999999999754,9.81,3.93,1,1,0.01,0.01,-5.910902873983883,6.503694652545524,-9.7374955788592,13.482061698776858,115.69361440512627,-258.3998984092311,0.0,0.9224208671271177,0.23911576541944157,0.0,-5.964777288232829,-1.4499814912045113,0.0,5.429328389062739,-22.334584863243258,123.17435736568493,30.683558165385946,153.8579155310709
9.239999999999755,9.81,3.93,1,1,0.01,0.01,-5.930146394662538,6.530141267175225,-9.506181784032075,12.964626387044278,115.22827802580437,-258.18978836890903,0.0,0.9103889061529946,0.23633496393706233,0.0,-6.065507886344798,-1.334037638644773,0.0,4.613508741189431,-20.976374910855515,123.35692058689426,30.495734712556754,153.85265529945102
9.241999999999756,9.81,3.93,1,1,0.01,0.01,-5.9489296204325814,6.555556461482606,-9.277837011446968,12.452019254766562,112.85291972110285,-253.8438425461739,0.0,0.8981653270179062,0.23376958083124677,0.0,-6.1565205374082765,-1.2341719278026178,0.0,3.9173329633182132,-19.541151680118332,123.52556359406535,30.322163347313182,153.84772694137854
9.243999999999756,9.81,3.93,1,1,0.01,0.01,-5.9672618307902425,6.579957148646825,-9.05557804465202,11.951020507178088,109.24185433421653,-246.792584763592,0.0,0.8857687498671869,0.23138940848160405,0.0,-6.238653303572555,-1.1484418451029632,0.0,3.325121966211726,-18.06298092301629,123.68182722212742,30.161285073215833,153.84311229534325
9.245999999999757,9.81,3.93,1,1,0.01,0.01,-5.985157302782016,6.603371178284235,-8.841340592164388,11.465902097303662,104.90444099745908,-238.1190962276811,0.0,0.8732160457906752,0.2291680496084728,0.0,-6.312799727773592,-1.075003508526125,0.0,2.821311246403494,-16.567734641796026,123.8270937278715,30.011700044931985,153.83879377280348
9.247999999999758,9.81,3.93,1,1,0.01,0.01,-6.0026332661216495,6.625832988653814,-8.636189169538758,10.999081079471805,100.20729398385619,-228.60520226006977,0.0,0.8605223040289052,0.2270826355993898,0.0,-6.379837454898895,-1.0121827701026798,0.0,2.3915963855963303,-15.074348871084279,123.96258859611427,29.872165154015633,153.8347537501299
9.249999999999758,9.81,3.93,1,1,0.01,0.01,-6.0197084269165675,6.647380458791361,-8.440573422522872,10.551661020243017,95.40368708018843,-218.79311254060178,0.0,0.847700908760316,0.22511345248871384,0.0,-6.440588215288695,-0.9585014716655776,0.0,2.0234142547421867,-13.596200307438401,124.08939059712267,29.741583867322195,153.83097446444486
9.251999999999759,9.81,3.93,1,1,0.01,0.01,-6.036401945193602,6.6680527199605155,-8.254526008621651,10.123850694308473,90.66172467370822,-209.04465567261133,0.0,0.8347636732026218,0.22324354450350237,0.0,-6.495798839715578,-0.9126773662749157,0.0,1.7060366833081566,-12.142375298706824,124.2084458124321,29.618992417698845,153.82743823013095
9.25399999999976,9.81,3.93,1,1,0.01,0.01,-6.052732754647847,6.6878886918433205,-8.077808463534181,9.715273302543789,86.08792751174485,-199.59096784313996,0.0,0.821720997307288,0.22145833399943482,0.0,-6.546135355215849,-0.8736102520165598,0.0,1.4304625453190365,-10.718740331412112,124.32058287517093,29.503544889317155,153.82412776448808
9.25599999999976,9.81,3.93,1,1,0.01,0.01,-6.06871913048262,6.706926145178338,-7.9100151724837255,9.325187360734368,81.7455729368071,-190.5711919577609,0.0,0.8085820288257324,0.21974527656267773,0.0,-6.592184625542984,-0.8403621148925235,0.0,1.1892216440817631,-9.328798263926231,124.42652783904364,29.394498650212682,153.82102648925633
9.257999999999761,9.81,3.93,1,1,0.01,0.01,-6.0843784317971465,6.725201135677017,-7.750645518395621,8.952640390959424,77.66831739516122,-182.061266021761,0.0,0.7953548165813435,0.21809355809695252,0.0,-6.634459936388162,-0.812135771107439,0.0,0.9761540330579866,-7.974349923333425,124.52691787300805,29.29120087837554,153.8181187513836
9.259999999999762,9.81,3.93,1,1,0.01,0.01,-6.099726963725608,6.742747693426424,-7.599152754890974,8.596573388786654,73.87000869907158,-174.09469299662842,0.0,0.7820464505015281,0.21649383411255185,0.0,-6.673408310462466,-0.7882543826212661,0.0,0.7861973496329027,-6.655993347295637,124.62231345689393,29.193076497121567,153.8153899540155
9.261999999999762,9.81,3.93,1,1,0.01,0.01,-6.11477991977282,6.759597684058858,-7.454976296105984,8.25589015913682,70.35159957674595,-166.67720169229978,0.0,0.7686631863910768,0.21493800813659614,0.0,-6.7094182613144575,-0.7681429477471067,0.0,0.6151966489108595,-5.373494142734615,124.71320902281747,29.09961758799597,153.81282661081343
9.263999999999763,9.81,3.93,1,1,0.01,0.01,-6.129551376433998,6.775780782502585,-7.317562419459422,7.929502056633886,67.10593580435959,-159.79692243618234,0.0,0.7552105553668585,0.21341904479302987,0.0,-6.742827281270595,-0.7513121467370593,0.0,0.4597413466819479,-4.126056670583857,124.80004212609848,29.010374217248128,153.81041634334662
9.265999999999764,9.81,3.93,1,1,0.01,0.01,-6.1440543207448,6.791324518187863,-7.18637700021475,7.616355772006962,64.12102324052846,-153.43134846127163,0.0,0.7416934588875511,0.21193081278900994,0.0,-6.773928716490686,-0.7373445389676503,0.0,0.31702888416886765,-2.9125204689726623,124.88320129128027,28.924946549100866,153.80814784038114
9.267999999999764,9.81,3.93,1,1,0.01,0.01,-6.158300697543762,6.806254363547513,-7.060912846156371,7.3154495953809215,61.38222439743811,-147.5520319587707,0.0,0.7281162507724089,0.21046795327111623,0.0,-6.802977891697142,-0.7258829238684704,0.0,0.18475248673804592,-1.7315011021567157,124.96303269802682,28.842978096208007,153.80601079423482
9.269999999999765,9.81,3.93,1,1,0.01,0.01,-6.172301467552642,6.8205938467998,-6.940693428847875,7.025841961023751,58.87371095454638,-142.1277029501151,0.0,0.7144828077462996,0.20902576948158758,0.0,-6.830197464293566,-0.7166206050228969,0.0,0.06100962568859439,-0.581490104742973,125.03984586857632,28.764149956717112,153.80399582529344
9.271999999999766,9.81,3.93,1,1,0.01,0.01,-6.1860666703878895,6.8343646763762225,-6.825274254178065,6.746654909999652,56.579404208269224,-137.12630065629725,0.0,0.7007965900189861,0.20760013418759038,0.0,-6.855782048755998,-0.7092932837178804,0.0,-0.055772229525202936,0.5390749620435842,125.1139185048748,28.688175897391282,153.80209440226608
9.273999999999766,9.81,3.93,1,1,0.01,0.01,-6.1996054886877054,6.8475868687552515,-6.714242723824369,6.477074281251711,54.48356625282428,-132.5162614030515,0.0,0.687060693291839,0.206187411891112,0.0,-6.879902180413278,-0.7036723244258218,0.0,-0.16689566887154686,1.6317621658743078,125.18550060601169,28.614798157047783,153.80029876305946
9.275999999999767,9.81,3.93,1,1,0.01,0.01,-6.212926310952707,6.860278874471526,-6.607217066060005,6.216347863919807,52.571155105520255,-128.2673026367639,0.0,0.6732778934348144,0.20478439331399645,0.0,-6.902707697259355,-0.6995591633842839,0.0,-0.27344187837741885,2.698112550620717,125.25481797853377,28.543783860663368,153.79860183919715
9.277999999999768,9.81,3.93,1,1,0.01,0.01,-6.226036791653996,6.872457699110048,-6.503844724964044,5.963782342699759,50.8280219795794,-124.35086878705171,0.0,0.6594506849185097,0.20338824007755096,0.0,-6.924330617846637,-0.6967806635666274,0.0,-0.3763098831858275,3.739618766979109,125.32207523531959,28.474921950066665,153.79699718538626
9.279999999999768,9.81,3.93,1,1,0.01,0.01,-6.23894390780197,6.884139017464567,-6.403800466636359,5.718739591356113,49.24100442442385,-120.74035302047606,0.0,0.6455813139351329,0.20199643785740162,0.0,-6.944887587664355,-0.6951852503763081,0.0,-0.4762483202983984,4.757711770346077,125.38745836362331,28.40802055132759,153.7954789149509
9.281999999999769,9.81,3.93,1,1,0.01,0.01,-6.251654011591295,6.895337279947664,-6.30678437162458,5.480632679547658,47.797952042964646,-117.41117297506082,0.0,0.6316718070050605,0.20060675659644245,0.0,-6.964481958622106,-0.694639690325347,0.0,-0.5738812157261056,5.7537532464415,125.45113692986011,28.342904711441683,153.7940416413018
9.28399999999977,9.81,3.93,1,1,0.01,0.01,-6.2641728790110855,6.906065810932275,-6.212519821840018,5.248921828371065,46.48770973061526,-114.34075366723995,0.0,0.6177239957447621,0.19921721660888758,0.0,-6.98320555795052,-0.6950263990972585,0.0,-0.6697289501306254,6.729032066907281,125.51326597761181,28.279414447663477,153.79268042527528
9.28599999999977,9.81,3.93,1,1,0.01,0.01,-6.27650575448186,6.916336899081382,-6.120751548963244,5.023110461894466,45.30007527152092,-111.50845357739385,0.0,0.6037395383673868,0.19782605961426025,0.0,-7.0011401948441,-0.696241185757204,0.0,-0.7642253596461075,7.684763545722476,125.57398766601214,28.217403061980285,153.79139072799242
9.287999999999771,9.81,3.93,1,1,0.01,0.01,-6.28865739168527,6.92616187995371,-6.031243783591945,4.802741442509402,44.22574255416815,-108.89545809020282,0.0,0.5897199383981788,0.19643172390887276,0.0,-7.018358945904555,-0.6981913567851891,0.0,-0.8577317271721207,8.622090608945674,125.63343268788002,28.156735680911694,153.7901683687917
9.289999999999772,9.81,3.93,1,1,0.01,0.01,-6.300632090811338,6.935551211306553,-5.943778525920663,4.587393538210965,43.25623784916941,-106.48465634421082,0.0,0.5756665610112452,0.19503282302035274,0.0,-7.034927254044398,-0.7007941175179351,0.0,-0.950548266355483,9.542086239183796,125.69172150049764,28.09728798725903,153.78900948775666
9.291999999999772,9.81,3.93,1,1,0.01,0.01,-6.312433732476588,6.94451454158497,-5.858153946632236,4.37667814372054,42.383853983487676,-104.26051198600254,0.0,0.561580647330727,0.19362812730370582,0.0,-7.050903869991494,-0.7039752199553524,0.0,-1.0429235786482214,10.445756737378483,125.748965396562,28.038945115805078,153.7879105123671
9.293999999999773,9.81,3.93,1,1,0.01,0.01,-6.32406580857538,6.953060772112245,-5.774182918901446,4.1702362604095615,41.60158547161838,-102.20893453459595,0.0,0.5474633269858435,0.19221654802973465,0.0,-7.066341660838405,-0.7076678151464195,0.0,-1.1350624671121672,11.334045476335818,125.80526743838008,27.98160068943846,153.78686812781854
9.295999999999774,9.81,3.93,1,1,0.01,0.01,-6.335531450323369,6.961198113494874,-5.691691677568942,3.9677357293106024,40.90306646529505,-100.31715549183627,0.0,0.5333156291646315,0.19079712359235268,0.0,-7.081288306118604,-0.7118114758959502,0.0,-1.2271324139373507,12.20783691627905,125.8607232746867,27.925155975905106,153.78587925059182
9.297999999999774,9.81,3.93,1,1,0.01,0.01,-6.346833453740974,6.968934136736906,-5.61051859867898,3.7688687050768257,40.28251257960379,-98.57361160513233,0.0,0.5191384923735695,0.18936900752342822,0.0,-7.095786898569478,-0.7163513616467929,0.0,-1.3192689677967242,13.067960722320747,125.91542185640552,27.86951914849105,153.78494100489655
9.299999999999775,9.81,3.93,1,1,0.01,0.01,-6.357974302809399,6.976275819530241,-5.530513091028799,3.573349355170098,39.73466712102919,-96.96783653740393,0.0,0.5049327730789007,0.18793145805489542,0.0,-7.109876463965856,-0.721237502359291,0.0,-1.4115802388456349,13.915195874227122,125.9694460651153,27.814604636527225,153.78405070164254
9.301999999999776,9.81,3.93,1,1,0.01,0.01,-6.3689561905142655,6.9832295881540905,-5.451534590698973,3.3809117668586417,39.25475189629422,-95.49036144416512,0.0,0.4906992533790177,0.18648382900999605,0.0,-7.123592412093322,-0.7264241822489644,0.0,-1.5041506607440225,14.750274695355586,126.02287326587332,27.760332553765256,153.78320581963857
9.303999999999776,9.81,3.93,1,1,0.01,0.01,-6.379781037973648,6.9898013553813145,-5.373451649414014,3.1913080441268495,38.83842256086551,-94.13262447394796,0.0,0.4764386478352536,0.18502556184039232,0.0,-7.136966929002361,-0.7318694075333161,0.0,-1.597044148445209,15.573886753957991,126.07577579427073,27.706628194479457,153.7824039887502
9.305999999999777,9.81,3.93,1,1,0.01,0.01,-6.390450511829196,6.99599655475378,-5.296141107810854,3.004306576892546,38.48172833186988,-92.8868889090504,0.0,0.46215160956963597,0.18355617865473728,0.0,-7.150029319078506,-0.7375344450214197,0.0,-1.6903067560096023,16.386682608910743,126.12822138611799,27.653421588660475,153.78164297477846
9.307999999999778,9.81,3.93,1,1,0.01,0.01,-6.400966040061588,7.001820171554329,-5.219487345127776,2.8196904656849653,38.181075813838795,-91.74616948908918,0.0,0.44783873572263433,0.18207527610840712,0.0,-7.162806304125357,-0.7433834205738307,0.0,-1.7839689190774266,17.189277385373696,126.18027355691194,27.600647108939604,153.78092066585154
9.309999999999778,9.81,3.93,1,1,0.01,0.01,-6.411328826375112,7.0072767707703,-5.143381597372795,2.6372560859545824,37.9331966477927,-90.70416636871843,0.0,0.43350057235056727,0.1805825200441059,0.0,-7.175322285540991,-0.7493829682561508,0.0,-1.8780473508522209,17.982254175364435,126.23199193719887,27.548243122949366,153.78023506014824
9.31199999999978,9.81,3.93,1,1,0.01,0.01,-6.421539863280893,7.012370522312945,-5.067721336625703,2.456811777326997,37.73511868144054,-89.75520612477348,0.0,0.41913761883121303,0.1790776407899276,0.0,-7.187599574735715,-0.7555019224840068,0.0,-1.9725466477129177,18.76616726484618,126.28343256905701,27.496151685731977,153.779584254789
9.31399999999978,9.81,3.93,1,1,0.01,0.01,-6.431599943994199,7.017105223728952,-4.992409704731353,2.2781766442881253,37.58414036161022,-88.89418922751301,0.0,0.40475033183664705,0.17756042903558789,0.0,-7.199658596158717,-0.7617110466695316,0.0,-2.0674606502576753,19.541545193456315,126.33464816818552,27.44431826757168,153.7789664357572
9.31599999999978,9.81,3.93,1,1,0.01,0.01,-6.44150967324833,7.021484320614379,-4.917354995227648,2.1011794559400454,37.47780806328022,-88.11654341228119,0.0,0.3903391289242619,0.17603073221945997,0.0,-7.21151806664709,-0.7679827928781846,0.0,-2.162773597193269,20.3088936560334,126.38568835544767,27.392691513275782,153.77837986872345
9.317999999999781,9.81,3.93,1,1,0.01,0.01,-6.451269477115901,7.0255109249176835,-4.842470177904723,1.925657633561145,37.413896088593084,-87.41818242280644,0.0,0.37590439179009527,0.17448845136922764,0.0,-7.223195154260713,-0.7742910878292355,0.0,-2.2584611026300694,21.068698257058603,126.436599861178,27.341223029486226,153.77782289066423
9.319999999999782,9.81,3.93,1,1,0.01,0.01,-6.460879611917586,7.02918783129707,-4.767672460903439,1.75145631572064,37.39038909124024,-86.79546963947982,0.0,0.3614464692226973,0.17293353834753256,0.0,-7.234705619303838,-0.7806111412542406,0.0,-2.354490981713645,21.821427130330985,126.48742670510433,27.289867197074557,153.77729390217888
9.321999999999782,9.81,3.93,1,1,0.01,0.01,-6.4703401722887,7.032517531677766,-4.692882885727515,1.578427491625885,37.40546670480385,-86.24518615135005,0.0,0.34696567979080517,0.171365993461435,0.0,-7.246063939843021,-0.7869192731911752,0.0,-2.450823944874857,22.567533436872846,126.53821035433441,27.23858100608313,153.77679136041755
9.323999999999783,9.81,3.93,1,1,0.01,0.01,-6.479651098465193,7.035502228137107,-4.618025950963137,1.406429194217364,37.45749017689239,-85.76450287670968,0.0,0.33246231429382833,0.16978586340084667,0.0,-7.2572834237002315,-0.7931927572578024,0.0,-2.547414177114343,23.307457754385634,126.58898986151827,27.18732391102602,153.77631377254428
9.325999999999784,9.81,3.93,1,1,0.01,0.01,-6.4888121828425644,7.038143844229034,-4.543029260873543,1.2353247452710556,37.54499083350698,-85.35095638244132,0.0,0.3179366380003872,0.1681932394765968,0.0,-7.26837630861892,-0.7994096773321739,0.0,-2.6442098154944276,24.041630371671495,126.63980198499989,27.136057704667394,153.7758596896673
9.327999999999784,9.81,3.93,1,1,0.01,0.01,-6.497823075853892,7.0404440348448665,-4.467823195365466,1.064982045423679,37.666660219661075,-85.00242809588245,0.0,0.303388892697135,0.16658825613363293,0.0,-7.279353852061318,-0.8055487953857762,0.0,-2.741153335269357,24.770473501394616,126.69068129251266,27.084746408662237,153.7754277011749
9.329999999999785,9.81,3.93,1,1,0.01,0.01,-6.506683291206473,7.042404194693566,-4.392340598111685,0.8952729026070779,37.82134178264948,-84.71712664437277,0.0,0.2888192985672811,0.16497108971908947,0.0,-7.290226411890566,-0.8115894284744306,0.0,-2.8381818527332356,25.49440342444802,126.74166024974383,27.03335617967743,153.77501642942127
9.331999999999786,9.81,3.93,1,1,0.01,0.01,-6.515392210510367,7.0440254654722265,-4.316516479861864,0.7260723928682453,38.00802398349615,-84.49357309674497,0.0,0.27422805591593136,0.1633419574887094,0.0,-7.3010035190156275,-0.8175113331037944,0.0,-2.9352273508234012,26.213832579066793,126.79276929489497,26.98185522981701,153.77462452471198
9.333999999999786,9.81,3.93,1,1,0.01,0.01,-6.52394908732644,7.045308741785887,-4.240287734184657,0.5572582479657802,38.2258347400548,-84.33058891787344,0.0,0.25961534675739223,0.16170111683852695,0.0,-7.31169394292529,-0.8232945953565751,0.0,-3.032216831712665,26.929171607724854,126.8440369001813,26.930213760361138,153.77425066054244
9.335999999999787,9.81,3.93,1,1,0.01,0.01,-6.532353050656163,7.046254675864897,-4.163592863060118,0.38871026447627643,38.47403712209483,-84.2272864821811,0.0,0.24498133627783697,0.16004886475176827,0.0,-7.322305750906306,-0.828919525302561,0.0,-3.129072398995546,27.64083137479991,126.89548962105533,26.87840390799276,153.77389352904808
9.337999999999788,9.81,3.93,1,1,0.01,0.01,-6.540603107890396,7.046863681117826,-4.086371709884702,0.22030972941907026,38.75202623463855,-84.18306202503035,0.0,0.23032617418526768,0.15838553745381323,0.0,-7.332846361626033,-0.8343665543149089,0.0,-3.225711270570313,28.3492249680111,126.94715213378444,26.826399702839318,153.77355183662377
9.339999999999788,9.81,3.93,1,1,0.01,0.01,-6.548698147229655,7.047135934548147,-4.008565197563383,0.0519388576181776,39.0593272409718,-84.19759094248079,0.0,0.21564999595743822,0.15671151027070485,0.0,-7.343322593659204,-0.8396161339898701,0.0,-3.3220457218931996,29.054769696745197,126.99904726188136,26.774177037795067,153.77322429967643
9.34199999999979,9.81,3.93,1,1,0.01,0.01,-6.556636939583775,7.047071378053506,-3.9301150694458893,-0.11651976383134913,39.39559449134093,-84.27082538040804,0.0,0.20095292399736914,0.15502719768926365,0.0,-7.35374070944906,-0.8446486354148193,0.0,-3.417982957891691,29.757889100604647,127.0511959917524,26.721713648722048,153.77290964047444
9.34399999999979,9.81,3.93,1,1,0.01,0.01,-6.564418139954465,7.046669718617237,-3.8509636309177915,-0.2851837285372785,39.760611737544714,-84.40299408379265,0.0,0.18623506870514062,0.15333305361935423,0.0,-7.364106455112705,-0.8494442475521847,0.0,-3.5134249104279234,30.459014981847353,127.10361747780408,26.668989105253182,153.77260658305727
9.34599999999979,9.81,3.93,1,1,0.01,0.01,-6.572040288299886,7.045930427392739,-3.771053489482783,-0.45417136574006034,40.154293427634606,-84.59460450653087,0.0,0.17149652947393118,0.151629571861284,0.0,-7.374425096427733,-0.8539828735060584,0.0,-3.6082679567629565,31.158589475857905,127.15632903713207,26.61598481204129,153.77231384917337
9.347999999999791,9.81,3.93,1,1,0.01,0.01,-6.579501809876097,7.044852737672234,-3.690327291170017,-0.6236023017448175,40.576687088967084,-84.84644721183525,0.0,0.15673739561767053,0.14991728678383887,0.0,-7.38470145126928,-0.8582440234136768,0.0,-3.702402552945327,31.857067174401884,127.2093461337887,26.562684020419965,153.77203015420866
9.349999999999792,9.81,3.93,1,1,0.01,0.01,-6.586801015045803,7.043435641722326,-3.608727451069741,-0.7935980324918586,41.027976822085286,-85.15960262356946,0.0,0.14195774723717364,0.1481967742209912,0.0,-7.3949399187031695,-0.8622067026549964,0.0,-3.795712774388469,32.55491731718584,127.26268235251099,26.509071850562247,153.77175420307324
9.351999999999792,9.81,3.93,1,1,0.01,0.01,-6.59393609854043,7.0416778864592935,-3.5261958757409224,-0.9642825120539007,41.50848794258246,-85.53545022019753,0.0,0.12715765603130574,0.14646865259801245,0.0,-7.405144504879033,-0.8658492939993816,0.0,-3.888075754064252,33.25262606818371,127.3163493616612,26.45513532434839,153.7714846860096
9.353999999999793,9.81,3.93,1,1,0.01,0.01,-6.600905138156947,7.039577967927322,-3.4426736751450746,-1.135782762064054,42.01869282340614,-85.97568029584104,0.0,0.11233718605946091,0.14473358430058225,0.0,-7.41531884580643,-0.8691494322064609,0.0,-3.9793610066669793,33.95069889431327,127.37035686499912,26.400863409284806,153.77122027428393
9.355999999999794,9.81,3.93,1,1,0.01,0.01,-6.607706092866033,7.03713412453256,-3.3581008616396018,-1.308229507362003,42.55921800622461,-86.48230844771564,0.0,0.09749639446159575,0.1429922773035731,0.0,-7.4254662270349225,-0.8720838694664115,0.0,-4.069429624733109,34.64966306536522,127.42471254176832,26.346247073954913,153.77095961572323
9.357999999999794,9.81,3.93,1,1,0.01,0.01,-6.614336800303126,7.034344328975011,-3.2724160334096974,-1.4817578435011014,43.13085266770408,-87.057692986427,0.0,0.08263533214197716,0.1412454870795785,0.0,-7.435589600194275,-0.8746283298984912,0.0,-4.158133329957356,35.35007029561969,127.47942197442119,26.29127935563357,153.77070133005475
9.359999999999795,9.81,3.93,1,1,0.01,0.01,-6.620794973608443,7.0312062788085115,-3.1855560395278846,-1.6565079421916122,43.73455854504242,-87.70455550570911,0.0,0.06775404442311644,0.13949401881102874,0.0,-7.445691596281195,-0.8767573511225719,0.0,-4.245313359744488,36.05249954934315,127.53448856313965,26.235955440862202,153.77044400400186
9.361999999999796,9.81,3.93,1,1,0.01,0.01,-6.627078197576241,7.027717385546459,-3.0974556236019075,-1.8326258012713281,44.37148144507612,-88.42600489165294,0.0,0.05285257167647017,0.1377387299339209,0.0,-7.45577453550244,-0.8784441106681641,0.0,-4.330799165259195,36.75756003435966,127.58991342612413,26.180272759964758,153.7701861860889
9.363999999999796,9.81,3.93,1,1,0.01,0.01,-6.63318392406723,7.023874762217113,-3.008047042701743,-2.010264046401411,45.04296448287251,-89.22556509867238,0.0,0.037930949937147795,0.13598053304598823,0.0,-7.465840433397349,-0.8796602346846333,0.0,-4.4144068927682305,37.46589441014406,127.6456952844066,26.124231096691943,153.76992638109854
9.365999999999797,9.81,3.93,1,1,0.01,0.01,-6.639109466631122,7.019675209257271,-2.917259657941646,-2.1895827923903406,45.750563219087404,-90.10720707075973,0.0,0.022989211510346164,0.1342203992175255,0.0,-7.475891002863612,-0.880375586052561,0.0,-4.495937614735397,38.178182239403625,127.7018303297083,26.067832714414436,153.76966304412275
9.367999999999798,9.81,3.93,1,1,0.01,0.01,-6.644851994278715,7.015115198616476,-2.8250194927297323,-2.3707505728607288,46.49606289053056,-91.07538524212033,0.0,0.008027385578248725,0.13245936174933748,0.0,-7.485927651593435,-0.8805580285609848,0.0,-4.575175270749057,38.8951437148981,127.7583120735849,26.01108250055451,153.76939457413943
9.369999999999798,9.81,3.93,1,1,0.01,0.01,-6.650408524334514,7.010190855925591,-2.731248754282136,-2.5539453479009473,47.2814979552826,-92.13507911102695,0.0,-0.00695450118289731,0.13069852042944152,0.0,-7.4959514742892726,-0.8801731632920229,0.0,-4.651884270679823,39.617543696292266,127.81513117578537,25.953988131254018,153.76911930703938
9.3719999999998,9.81,3.93,1,1,0.01,0.01,-6.655775914291617,7.004897940563284,-2.6358653135279635,-2.7393556003940622,48.10917420207724,-93.2918404442507,0.0,-0.021956423964259064,0.12893904634848197,0.0,-7.505963238862442,-0.8791840327282348,0.0,-4.72580670319464,40.3461960951165,127.87227524938453,25.896560258634263,153.76883550801878
9.3739999999998,9.81,3.93,1,1,0.01,0.01,-6.660950852580357,6.999231823431373,-2.5387821380026936,-2.927181532897095,48.98169370294686,-94.55184673568772,0.0,-0.03697835915150244,0.12718218734351971,0.0,-7.515963365616787,-0.8775507873457196,0.0,-4.796659081509363,41.081968649382105,127.92972863981785,25.83881272342187,153.76854136323973
9.3759999999998,9.81,3.93,1,1,0.01,0.01,-6.6659298481507765,6.993187462225005,-2.439906671740413,-3.1176363782579393,49.901982917339836,-95.92196160991476,0.0,-0.0520202836022281,0.12542927415120475,0.0,-7.525951898173833,-0.875230308553094,0.0,-4.864128544588238,41.82578813298108,127.98747217444733,25.780762796203533,153.76823497065087
9.377999999999801,9.81,3.93,1,1,0.01,0.01,-6.6707092187564125,6.986759373955788,-2.3391401555309512,-3.310947838604079,50.873324283427216,-97.40980292617718,0.0,-0.06708217385575632,0.12368172736468275,0.0,-7.535928464593107,-0.8721757807497181,0.0,-4.927868415305158,42.578646048558575,128.04548287869034,25.72243145115001,153.76791432984035
9.379999999999802,9.81,3.93,1,1,0.01,0.01,-6.675285077812918,6.979941604455215,-2.236376880212459,-3.5073596689070845,51.89939165551279,-99.02381939552025,0.0,-0.08216400525381201,0.12194106530430304,0.0,-7.545892226766506,-0.8683362039669169,0.0,-4.987492996638353,43.34160485587631,128.10373365404843,25.66384367673153,153.76757733077994
9.381999999999802,9.81,3.93,1,1,0.01,0.01,-6.67965331968964,6.972727694551623,-2.1315033649355644,-3.707133422997104,52.98428996135021,-100.77337656537443,0.0,-0.09726575094633244,0.1202089129308106,0.0,-7.555841815698541,-0.8636558369744864,0.0,-5.04257146185263,44.11580479046744,128.16219291253745,25.605028828757668,153.76722174129512
9.383999999999803,9.81,3.93,1,1,0.01,0.01,-6.683809603275426,6.965110642576496,-2.024397451584251,-3.910550381629439,54.132599453663325,-102.66885303950649,0.0,-0.1123873807513237,0.11848701195180034,0.0,-7.565775249699855,-0.8580735588206098,0.0,-5.0926206636617986,44.90247132914808,128.22082416102919,25.546021032041093,153.76684519307028
9.385999999999804,9.81,3.93,1,1,0.01,0.01,-6.687749333641521,6.957082862814949,-1.914927305808334,-4.117913683917459,55.34942490715968,-104.72174776824906,0.0,-0.12752885983099532,0.11677723229852233,0.0,-7.575689831786374,-0.8515221344522966,0.0,-5.137096649083483,45.702923359000216,128.27958552783292,25.48685963814134,153.76644516597426
9.387999999999805,9.81,3.93,1,1,0.01,0.01,-6.691467641604699,6.948636139471031,-1.8029503144725225,-4.329550685023351,56.64045005229649,-106.94479913652624,0.0,-0.14269014713813405,0.11508158518157463,0.0,-7.585582021648236,-0.8439273672425045,0.0,-5.175384619221251,46.51858210375889,128.3384292224198,25.427589748033824,153.76601897045362
9.389999999999805,9.81,3.93,1,1,0.01,0.01,-6.694959360972844,6.9397615756713416,-1.6883118688503256,-4.545815564253104,58.011997419973895,-109.3521163541058,0.0,-0.15787119357621454,0.11340223797170923,0.0,-7.595447276375091,-0.8352071178156589,0.0,-5.206787014157803,47.3509808546421,128.397300917481,25.36826281022427,153.76556372770528
9.391999999999806,9.81,3.93,1,1,0.01,0.01,-6.69821900323362,6.9304495369814045,-1.570844022729152,-4.7670922083464,59.47109356779668,-111.95932325290508,0.0,-0.17307193980373609,0.11174153119725816,0.0,-7.6052798526250776,-0.825270164373639,0.0,-5.23050932948777,48.20177553942297,128.45613904044322,25.30893730685338,153.7650763472966
9.393999999999807,9.81,3.93,1,1,0.01,0.01,-6.701240729425473,6.920689588859825,-1.4503640149593018,-4.993797394348551,61.02553932527377,-114.7837139302776,0.0,-0.18829231359675921,0.1101019980042448,0.0,-7.615072561007816,-0.8140148746072401,0.0,-5.2456431789218065,49.072756140874056,128.51487395905946,25.249679542791846,153.7645535018513
9.395999999999807,9.81,3.93,1,1,0.01,0.01,-6.7040183189103,6.910470427428263,-1.3266726471930426,-5.226384294344313,62.68398416889978,-117.84441861316509,0.0,-0.20353222666277057,0.10848638649116926,0.0,-7.624816460991351,-0.8013276530213106,0.0,-5.251146001974619,49.96585893917752,128.57342704264892,25.190564555714765,153.76399159836367
9.397999999999808,9.81,3.93,1,1,0.01,0.01,-6.706545134750879,6.899779802894894,-1.1995525100940774,-5.46534631954447,64.45600302545482,-121.16257646202973,0.0,-0.21879157077261346,0.10689768541023026,0.0,-7.634500481473967,-0.7870811198485687,0.0,-5.245816670840343,50.88317949611099,128.6317095768551,25.13167716878952,153.7633867456446
9.399999999999809,9.81,3.93,1,1,0.01,0.01,-6.708814085386856,6.888604434942171,-1.0687660558524994,-5.7112213122953115,66.35217256671827,-124.76150950107207,0.0,-0.23407021304352113,0.105339153823503,0.0,-7.644110948065115,-0.7711319683706191,0.0,-5.228266068398786,51.82698621260692,128.68962150526616,25.073113212070055,153.76273471733623
9.40199999999981,9.81,3.93,1,1,0.01,0.01,-6.710817582305747,6.876929919386427,-0.9340535224482197,-5.964596079384195,68.38414220114146,-128.66688803446127,0.0,-0.2493679901632359,0.1038143554200629,0.0,-7.653630992807076,-0.7533184360441395,0.0,-5.196881480198892,52.79973416243964,128.74704996571268,25.014980944154793,153.76203090986746
9.40399999999981,9.81,3.93,1,1,0.01,0.01,-6.712547493427559,6.864740625452893,-0.7951307272863843,-6.226111235378194,70.5646921947123,-132.90687217365416,0.0,-0.26468470129003235,0.10232719834280601,0.0,-7.663039815159465,-0.7334573109350165,0.0,-5.149783355304773,53.80407871432664,128.80386758228616,24.957402712375472,153.76127029466164
9.40599999999981,9.81,3.93,1,1,0.01,0.01,-6.713995091974478,6.85201958310808,-0.6516867668154775,-6.496466285998017,72.90776723437618,-137.51220555754745,0.0,-0.28002009929237837,0.10088198154712635,0.0,-7.672311754060226,-0.7113403781512128,0.0,-5.0847726296937665,54.84288817530089,128.85993046582732,24.90051689802906,153.76044736385637
9.407999999999811,9.81,3.93,1,1,0.01,0.01,-6.715151000697368,6.8387483600869485,-0.5033816878135126,-6.776424821841597,75.4284676533734,-142.51622467438426,0.0,-0.29537387990022346,0.09948344892395877,0.0,-7.681415119112309,-0.6867301908030876,0.0,-4.999266354719848,55.919254280500546,128.91507586548323,24.844480203298087,153.7595560687813
9.409999999999812,9.81,3.93,1,1,0.01,0.01,-6.716005131503134,6.824906928596127,-0.3498442400027961,-7.066819602060738,78.14297154835742,-147.9547284590316,0.0,-0.3107456682211643,0.09813685267407146,0.0,-7.690310713568669,-0.6593550261743364,0.0,-4.890218813624544,57.03649876200133,128.9691194015256,24.789470348944455,153.75858975047007
9.411999999999813,9.81,3.93,1,1,0.01,0.01,-6.716546620807885,6.8104735222425274,-0.19066988557729184,-7.368557171092412,81.0683477928971,-153.86562522343448,0.0,-0.3261350019206077,0.09684802772638323,0.0,-7.698949961702454,-0.6289028601966755,0.0,-4.754024623261004,58.19817337091085,129.02185179452243,24.735689267087864,153.7575410616103
9.413999999999813,9.81,3.93,1,1,0.01,0.01,-6.71676376138366,6.795424484640876,-0.02541933939138366,-7.682621447660021,84.22220055194163,-160.28823340035996,0.0,-0.34154131016487493,0.09562347935755611,0.0,-7.707272526976119,-0.5950141625173321,0.0,-4.586399493265763,59.40804948681325,129.0730349877076,24.683366891913877,153.75640187962148
9.415999999999814,9.81,3.93,1,1,0.01,0.01,-6.716643932149917,6.7797341125581285,0.14638194107257022,-8.010075422560055,87.62205755135554,-167.26205319167906,0.0,-0.356963887166056,0.09447048659823387,0.0,-7.715203273493509,-0.5572732821266282,0.0,-4.382233352655119,60.670091662378795,129.12239753754935,24.632765673517362,153.7551632110667
9.417999999999815,9.81,3.93,1,1,0.01,0.01,-6.7161735283996435,6.763374498597845,0.3252426826770539,-8.352059654829317,91.28437315035525,-174.82473977179995,0.0,-0.3724018588299681,0.09339722450255727,0.0,-7.722648379639724,-0.5151981635438789,0.0,-4.135409489025389,61.988406887728885,129.16962912185747,24.584185966663117,153.75381508852058
9.419999999999815,9.81,3.93,1,1,0.01,0.01,-6.71533789651047,6.746315381662766,0.5117021935118392,-8.709785599911122,95.2229578592345,-183.00888391181562,0.0,-0.3878541405725137,0.09241290890037368,0.0,-7.729490357698674,-0.4682281137252185,0.0,-3.838582280228399,63.36715770055303,129.2143739853906,24.53797247709784,153.75234646248845
9.421999999999816,9.81,3.93,1,1,0.01,0.01,-6.71412127951344,6.728524018263228,0.706322826222168,-9.084520847536226,99.44656136891233,-191.83702799561814,0.0,-0.40331938381048954,0.09152796781213401,0.0,-7.7355816653001686,-0.41570934479933735,0.0,-3.4829052639790206,64.8104220871402,129.25622311082702,24.49452198246981,153.75074509329684
9.423999999999817,9.81,3.93,1,1,0.01,0.01,-6.712506783317321,6.709965094880085,0.9096764466903398,-9.477561967633807,103.95521808253376,-201.31409669053014,0.0,-0.4187959079251219,0.09075424421109346,0.0,-7.740736514379087,-0.3568780738542184,0.0,-3.057701157909302,66.32197587111018,129.29470487066453,24.454292580703594,153.74899745136813
9.425999999999817,9.81,3.93,1,1,0.01,0.01,-6.710476378389522,6.690600712044435,1.1223219127155144,-9.890188700020058,108.73480439090054,-211.4160845027953,0.0,-0.4342816136198477,0.09010523512100632,0.0,-7.744720396016238,-0.290841114378945,0.0,-2.550066909843269,67.90496333381883,129.32927388853807,24.417814750798563,153.74708863933662
9.427999999999818,9.81,3.93,1,1,0.01,0.01,-6.708010958916274,6.670390485913777,1.344769268133614,-10.323590490298075,113.7490519464647,-222.0734090493571,0.0,-0.4497738725469352,0.08959637187281466,0.0,-7.747236759691218,-0.21655422274813257,0.0,-1.9444115660831063,69.56140854500013,129.3592978269576,24.385704529351575,153.7450023563092
9.429999999999819,9.81,3.93,1,1,0.01,0.01,-6.705090491721172,6.649291834631935,1.577424610990996,-10.77875269318509,118.92802274307559,-233.1468330037442,0.0,-0.46526938690566155,0.08924534523976224,0.0,-7.747910246537359,-0.13279909564658476,0.0,-1.22193557123981,71.29150305520835,129.3840418413995,24.358679091682855,153.74272093308235
9.43199999999982,9.81,3.93,1,1,0.01,0.01,-6.701694301450541,6.627260546648945,1.820507373970779,-11.25628507528867,124.15183024232128,-244.39338384325708,0.0,-0.4807640115626684,0.08907247632838211,0.0,-7.746265946572013,-0.038161052829169706,0.0,-0.3600818843936295,73.09258608619318,129.40265053048373,24.33757494553109,153.7402254760148
9.43399999999982,9.81,3.93,1,1,0.01,0.01,-6.697801557579523,6.604251768252506,2.073929210087209,-11.756169856391875,129.22832076278354,-255.4195399928798,0.0,-0.4962525304525459,0.08910112822422322,0.0,-7.741704459330842,0.06898861584068694,0.0,0.6679703433534773,74.9577147305305,129.4141274223731,24.323368740579053,153.73749616295214
9.43599999999982,9.81,3.93,1,1,0.01,0.01,-6.693392052837626,6.580221598263948,2.3371213729750138,-12.277401609251797,133.86381072861536,-265.6197328968821,0.0,-0.5117283792774822,0.08935814247246787,0.0,-7.73347331487722,0.19049850781952637,0.0,1.8936287823603117,76.87371320798266,129.41731245326983,24.317200276205096,153.73451272947491
9.437999999999821,9.81,3.93,1,1,0.01,0.01,-6.688447389980008,6.55512953565408,2.6087968477515053,-12.81748987950653,137.6273935446185,-274.1011657144549,0.0,-0.5271833091293086,0.08987426565804801,0.0,-7.720636928285709,0.32841924490278274,0.0,3.352773772024877,78.81861187563952,129.41085864078917,24.320396514134114,153.73125515492328
9.439999999999822,9.81,3.93,1,1,0.01,0.01,-6.6829527184405,6.528942078243762,2.886637515058089,-13.371803655616098,139.91277395791852,-279.6031506816644,0.0,-0.5426069927950483,0.09068450109068515,0.0,-7.702050239574236,0.4849433260874778,0.0,5.084786866895462,80.75847588691539,129.39321040387273,24.334494086269896,153.72770449014263
9.441999999999823,9.81,3.93,1,1,0.01,0.01,-6.6768991700652265,6.501637787911497,3.16691066932569,-13.93276605278936,139.90838574089605,-280.43341779338397,0.0,-0.5579865904811964,0.09182827571803653,0.0,-7.676346095554033,0.662276337382218,0.0,7.130092775309903,82.64384026316228,129.36258792939856,24.36125573334776,153.72384366274633
9.443999999999823,9.81,3.93,1,1,0.01,0.01,-6.670287106294016,6.473214062078461,3.4440510993885844,-14.48897426515066,136.59763873154472,-274.46714153812104,0.0,-0.5733063185984524,0.09334925308589903,0.0,-7.64195341307032,0.862407106287472,0.0,9.525400684666804,84.4063873573734,129.31698478299478,24.402673230192597,153.71965801318737
9.445999999999824,9.81,3.93,1,1,0.01,0.01,-6.663130163932218,6.4436955904616315,3.7103023121102447,-15.024440121260213,128.8248323694026,-259.28325796034153,0.0,-0.5885471071458708,0.0952945593151987,0.0,-7.597170883268937,1.086747099844811,0.0,12.295853509356553,85.9571654523517,129.25418950674316,24.460945954450853,153.71513546119402
9.447999999999825,9.81,3.93,1,1,0.01,0.01,-6.655459820999653,6.413143920584945,3.9555915395652255,-15.51831685845058,115.4699737443577,-232.5290041294923,0.0,-0.6036864853876477,0.09771314989064617,0.0,-7.540324787985883,1.3356331635056062,0.0,15.443866226581246,87.18843655018287,129.17184544012628,24.538421515735084,153.71026695586136
9.449999999999825,9.81,3.93,1,1,0.01,0.01,-6.647329773676809,6.381666653364287,4.167888509395541,-15.945636499895883,95.75822242006562,-192.5671373457357,0.0,-0.618698885173576,0.10065308692278307,0.0,-7.470030010058656,1.6077465242947113,0.0,18.935967814913848,87.98168474285072,129.06756414113855,24.637485318826453,153.705049459965
9.451999999999826,9.81,3.93,1,1,0.01,0.01,-6.638818898415498,6.349423704514288,4.3342929892759186,-16.279573007837197,69.66385141069091,-139.3223732908551,0.0,-0.6335565581234333,0.10415769288013077,0.0,-7.385539003346553,1.8995955271146352,0.0,22.691499422553974,88.22349370565486,128.9391019232688,24.760393272691473,153.69949519596025
9.453999999999827,9.81,3.93,1,1,0.01,0.01,-6.63003123304035,6.316627350033196,4.442909563132226,-16.495356352211957,38.258354904901864,-75.01216674513397,0.0,-0.6482312138017132,0.10826093671246673,0.0,-7.287102536093003,2.205301783421997,0.0,26.579461703626116,87.82800805064127,128.78459014886573,24.90905879107077,153.6936489399365
9.455999999999827,9.81,3.93,1,1,0.01,0.01,-6.621091664128778,6.283533299851585,4.485170580343028,-16.575129432522683,3.770859027729134,-4.275563517145184,0.0,-0.6626962709572988,0.11298290553312973,0.0,-7.1762048435840935,2.5169324941271682,0.0,30.429592794416912,86.7599713973708,128.60277728133363,25.08482914535181,153.68760642668545
9.457999999999828,9.81,3.93,1,1,0.01,0.01,-6.612137137459578,6.2504224069750665,4.457840364320047,-16.51214184995368,-30.80071516829641,66.63923168710991,0.0,-0.6769293268501329,0.1183265564573397,0.0,-7.0555306645933165,2.825454343574094,0.0,34.058625636086134,85.04886235936736,128.3932104646224,25.288305818769654,153.68151628339206
9.459999999999829,9.81,3.93,1,1,0.01,0.01,-6.603304918555664,6.217576202634438,4.363841964825938,-16.312480768077815,-62.43581932068466,131.43640085958003,0.0,-0.6909142471850784,0.12427681018014547,0.0,-6.92861402587242,3.122085002659953,0.0,37.30419009037159,82.78645022917425,128.1562885497854,25.519263001987856,153.67555155177325
9.46199999999983,9.81,3.93,1,1,0.01,0.01,-6.594720769637072,6.185252255470139,4.211510593124856,-15.993508861892792,-88.84852615686437,185.3573456631049,0.0,-0.7046423257047374,0.13080235652759165,0.0,-6.799270956459733,3.3995845761638575,0.0,40.05324978386709,80.1076990043822,127.89317077052297,25.77669082271722,153.6698615932402
9.46399999999983,9.81,3.93,1,1,0.01,0.01,-6.586489948807693,6.153665435818445,4.01263260342731,-15.579761594176448,-108.90124603920776,226.04540426607952,0.0,-0.7181122742726439,0.1378596197146874,0.0,-6.671021632760249,3.653056779035918,0.0,42.25461711312942,77.16317645631543,127.60558867478146,26.058947513770224,153.6645361885517
9.46599999999983,9.81,3.93,1,1,0.01,0.01,-6.578692648231149,6.122978464222784,3.7801179914022565,-15.098080988281492,-122.56652454451188,253.4636706382039,0.0,-0.731329205902608,0.1453977035047499,0.0,-6.546685847396741,3.8800984076120786,0.0,43.91399396866239,74.09377098614311,127.29563116945968,26.36397164061101,153.65960281007068
9.467999999999831,9.81,3.93,1,1,0.01,0.01,-6.571383770425587,6.093301524603355,3.5260895783670057,-14.573626043186065,-130.58855414396757,269.18444037368613,0.0,-0.744303039784163,0.15336309903195156,0.0,-6.428222410442094,4.080430881713059,0.0,45.077885753329234,71.01472462468155,126.96555066191054,26.689498098488038,153.65504876039859
9.469999999999832,9.81,3.93,1,1,0.01,0.01,-6.564595768347018,6.0646982669296525,3.260752337006655,-14.027519102877527,-134.0773405355506,275.5388669949282,0.0,-0.7570467909547637,0.1617033642325253,0.0,-6.316772042493369,4.255285873805681,0.0,45.81487659339316,68.01003273996379,126.61760913730566,27.033237181693828,153.6508463189995
9.471999999999833,9.81,3.93,1,1,0.01,0.01,-6.558342979054171,6.037194909310722,2.9920007433873694,-13.476037369903116,-134.19220303283896,274.9549595994229,0.0,-0.7695750711372449,0.1703695246422232,0.0,-6.21281389418553,4.406784658583588,0.0,46.200152512466914,65.13432619945672,126.25396785968329,27.392999820228706,153.646967679912
9.473999999999833,9.81,3.93,1,1,0.01,0.01,-6.552626200068151,6.010789822962214,2.7255239507733156,-12.930844490275252,-131.95992677895504,269.57831238842743,0.0,-0.7819029470673649,0.17931733281237017,0.0,-6.116353757902203,4.537442604657789,0.0,46.305386979381524,62.41844852686929,125.87661845462664,27.76677098561358,153.6433894402402
9.475999999999834,9.81,3.93,1,1,0.01,0.01,-6.547436772918373,5.985462065755334,2.465156473152708,-12.399732937855047,-128.20400904961662,261.1256477709419,0.0,-0.7940451657757492,0.18850768921910965,0.0,-6.0270940740917816,4.649832857113209,0.0,46.193527623894354,59.87585901662233,125.48734908675807,28.152742696414478,153.64009178317255
9.477999999999835,9.81,3.93,1,1,0.01,0.01,-6.542759876259714,5.9611782477992685,2.2132953166938214,-11.887502312172167,-123.54182890059609,250.88037949082926,0.0,-0.8060156857233853,0.19790653350290466,0.0,-5.944565825633711,4.746388726793107,0.0,45.91703160760602,57.50831476745494,125.08773668816976,28.549319868142092,153.63705655631185
9.479999999999835,9.81,3.93,1,1,0.01,0.01,-6.538577005063598,5.937897685750141,1.9712862092165853,-11.39677031373506,-118.41351040077039,239.75416988179956,0.0,-0.8178274328653381,0.20748444869211657,0.0,-5.86822095203156,4.8293064079049355,0.0,45.51810827304638,55.31028559867472,124.67915585188709,28.955110153720334,153.63426600560743
9.481999999999836,9.81,3.93,1,1,0.01,0.01,-6.534867743794543,5.915576076278916,1.7397403274753842,-10.928636331288104,-113.11993237119908,228.3672648506914,0.0,-0.829492207857141,0.2172161421732678,0.0,-5.797492075673626,4.90051165591657,0.0,45.02991576666134,53.27210670140573,124.26279664344207,29.368905725481607,153.63170236892367
9.483999999999837,9.81,3.93,1,1,0.01,0.01,-6.531610981873043,5.8941680022331475,1.5187759715252318,-10.483186702967048,-107.85865009947015,217.12415127545535,0.0,-0.8410206872395137,0.22707990196220706,0.0,-5.731828204365147,4.96166301737708,0.0,44.478067632395074,51.38209540594592,123.83968593675824,29.789662066244965,153.6293480030032
9.485999999999837,9.81,3.93,1,1,0.01,0.01,-6.528785713718686,5.873628571234552,1.3081944092060163,-10.059861487862026,-102.75350491935413,206.27577764833282,0.0,-0.8524224783573695,0.23705708125335556,0.0,-5.6707140954284645,5.014173444418192,0.0,43.88210994119736,49.62790021906858,123.41070900672001,30.216476702157088,153.6271857088771
9.487999999999838,9.81,3.93,1,1,0.01,0.01,-6.526371541612132,5.853914435202965,1.1076035272923868,-9.657711662526294,-97.87728286642869,195.9670760128792,0.0,-0.8637062015049471,0.24713163555507422,0.0,-5.613679143711854,5.059239306078963,0.0,43.2568199195409,47.997316022164114,122.97662965633609,30.648569397943568,153.62519905427965
9.489999999999839,9.81,3.93,1,1,0.01,0.01,-6.524348972305209,5.834984381531255,0.9165024622904379,-9.275574553330674,-93.26828003898592,186.27163816127424,0.0,-0.8748795827617992,0.2572897201249409,0.0,-5.560299900957827,5.097870675554056,0.0,42.613282106088946,46.47874443151159,122.53810813616614,31.08526447314543,153.62337260931156
9.49199999999984,9.81,3.93,1,1,0.01,0.01,-6.522699574070858,5.81679963553077,0.7343381349771475,-8.91219051061878,-88.94205137152944,177.2162587747025,0.0,-0.88594954775067,0.2675193465974359,0.0,-5.510198947552935,5.13091980062071,0.0,41.959749325305495,45.06142671415625,122.09571667291888,31.525975407517606,153.6216920804365
9.49399999999984,9.81,3.93,1,1,0.01,0.01,-6.521406041597332,5.799323973185827,0.5605420697053021,-8.566278441657387,-84.8995649428537,168.7979298481484,0.0,-0.8969223109267721,0.2778100935334109,0.0,-5.463041844485199,5.159106428553481,0.0,41.30231664928435,43.73553584404003,121.64995271172249,31.970191646509285,153.62014435823178
9.49599999999984,9.81,3.93,1,1,0.01,0.01,-6.520452201679179,5.78252371290252,0.39455364143270366,-8.236583093018771,-81.13276695146378,160.99540639656715,0.0,-0.90780345773384,0.2881528640834584,0.0,-5.4185332223253795,5.183039621807642,0.0,40.64544180949054,42.49218467367356,121.20125010406147,32.41746739866903,153.6187175027305
9.497999999999841,9.81,3.93,1,1,0.01,0.01,-6.519822982219891,5.76636763305164,0.23583412464806935,-7.921903245780349,-77.62832394305941,153.776957295519,0.0,-0.9185980185977105,0.2985396838055451,0.0,-5.376412628326198,5.203236189136604,0.0,39.992343660852505,41.32338676908054,120.74998851319714,32.86741217545329,153.61740068865043
9.499999999999842,9.81,3.93,1,1,0.01,0.01,-6.51950435970081,5.750826846699572,0.0838745991545444,-7.621107211754792,-74.37010214593043,147.10547803160142,0.0,-0.9293105346668349,0.30896353219000794,0.0,-5.3364504782278255,5.22013607435644,0.0,39.34530574738546,40.221992814151,120.29650130435515,33.319682823600054,153.6161841279552
9.501999999999843,9.81,3.93,1,1,0.01,0.01,-6.519483295165354,5.735874654254698,-0.06180018276009455,-7.33314002262595,-71.34078198708062,140.94180083242904,0.0,-0.9399451157151519,0.3194182022229032,0.0,-5.2984442909717515,5.2341151160591615,0.0,38.70590693929763,39.18161658695306,119.84108216242177,33.77397681965802,153.6150589820798
9.503999999999843,9.81,3.93,1,1,0.01,0.01,-6.51974766526843,5.72148638746231,-0.20163053315820034,-7.057025298832123,-68.52288597610799,135.24678514603906,0.0,-0.9505054908669224,0.32989818315159625,0.0,-5.262215284074866,5.245495588389135,0.0,38.07519644724099,38.196558802245434,119.38399064839959,34.23002662352006,153.61401727191964
9.505999999999844,9.81,3.93,1,1,0.01,0.01,-6.520286192565851,5.707639253242346,-0.33602220014313666,-6.791863810342543,-65.89941212490162,129.98259052705197,0.0,-0.9609950528935042,0.3403985624025756,0.0,-5.227605349528059,5.254554895916797,0.0,37.45382659308778,37.261733512474905,118.92545687395966,34.68759491657659,153.61305179053625
9.507999999999845,9.81,3.93,1,1,0.01,0.01,-6.521088377620646,5.694312182551838,-0.46534772550004605,-6.53683007200108,-63.45420457770208,125.11340692965253,0.0,-0.9714168968357404,0.35091494329799944,0.0,-5.1944743983578485,5.261532746365037,0.0,36.84215356350746,36.372599524011505,118.4656854441051,35.146470577250454,153.61215602135556
9.509999999999845,9.81,3.93,1,1,0.01,0.01,-6.522144434438162,5.681485687254434,-0.5899483581567743,-6.291167859620272,-61.17215112515585,120.60582930980958,0.0,-0.9817738536633998,0.3614433758129574,0.0,-5.162698046026545,5.266637074502164,0.0,36.240313909670114,35.525097925326136,118.00485879233264,35.60646527086631,153.61132406319894
9.511999999999846,9.81,3.93,1,1,0.01,0.01,-6.5234452300398384,5.669141726536654,-0.7101362419580839,-6.054185223571018,-59.03926835616481,116.4290028647903,0.0,-0.9920685196193849,0.3719802981136333,0.0,-5.132165604154558,5.270048944038729,0.0,35.648282664831605,34.71559601862465,117.5431400109218,36.06741055166252,153.6105505625843
9.513999999999847,9.81,3.93,1,1,0.01,0.01,-6.524982228529568,5.657263583479451,-0.8261966966982865,-5.825249368002138,-57.042715397907706,112.55462382169411,0.0,-1.0023032818251978,0.38252248702768943,0.0,-5.102778342630564,5.2719266138179375,0.0,35.065917513754584,33.940837489024275,117.08067526083137,36.52915539236568,153.60983065319704
9.515999999999847,9.81,3.93,1,1,0.01,0.01,-6.526747439716504,5.6458357518066,-0.9383904788860683,-5.603781624014861,-55.17076368516535,108.95685248152145,0.0,-1.012480340653302,0.3930670159347699,0.0,-5.074447987604209,5.2724089203196485,0.0,34.49299236166817,33.19789840305155,116.61759583068655,36.991564071435405,153.60915990212197
9.517999999999848,9.81,3.93,1,1,0.01,0.01,-6.52873337217926,5.634843832474183,-1.0469559538166457,-5.389252652092369,-53.412741011245785,105.61217607701109,0.0,-1.022601729305782,0.40361121883922535,0.0,-5.047095423684174,5.271618100094015,0.0,33.92922283247165,32.484148516728524,116.15401990204941,37.45451436023829,153.60853426228772
9.519999999999849,9.81,3.93,1,1,0.01,0.01,-6.53093299055156,5.6242744395604785,-1.1521111403919626,-5.181177947777263,-51.75896187901417,102.4992460406411,0.0,-1.0326693309785935,0.41415265960987835,0.0,-5.020649572048782,5.269662152483089,0.0,33.37428561067874,31.797217339584616,115.69005406809922,37.91789596241016,153.60795003050936
9.52199999999985,9.81,3.93,1,1,0.01,0.01,-6.533339676753227,5.614115114810353,-1.2540556096727025,-4.979113684721015,-50.20065195354689,99.59870553344977,0.0,-1.0426848939377058,0.4246891055525499,0.0,-4.995046419640822,5.266636824090141,0.0,32.82783307887597,31.134964411284308,115.22579464464067,38.381609165881216,153.60740381052187
9.52399999999985,9.81,3.93,1,1,0.01,0.01,-6.535947194865853,5.604354250147399,-1.3529722307174599,-4.782652903799111,-48.72987157557637,96.89301720862409,0.0,-1.0526500447870877,0.43521850462790557,0.0,-4.970228177911039,5.262627281167786,0.0,32.28950435406743,30.495453281607844,114.7613288056485,38.84556367477474,153.60689248042326
9.52599999999985,9.81,3.93,1,1,0.01,0.01,-6.538749659348182,5.594981017466726,-1.4490287651473708,-4.591422041232766,-47.339441388560374,94.36629725715215,0.0,-1.0625663001685086,0.44573896574656147,0.0,-4.946142552575019,5.257709523757059,0.0,31.758933563507426,29.876928729721392,114.29673557007986,39.30967759391625,153.6064131639961
9.527999999999851,9.81,3.93,1,1,0.01,0.01,-6.541741506294214,5.585985305045624,-1.5423793166225244,-4.405077779349164,-46.02287186254448,92.00415917984284,0.0,-1.0724350770988167,0.45624874167068175,0.0,-4.9227421085105885,5.2519515854600725,0.0,31.23575600200798,29.277796807560847,113.83208666219547,39.7738765432299,153.60596320542538
9.529999999999852,9.81,3.93,1,1,0.01,0.01,-6.544917467452421,5.5773576599476655,-1.633165644085756,-4.223304198553526,-44.77429766081804,89.79356902404163,0.0,-1.0822577021209783,0.4667462141305948,0.0,-4.899983716246987,5.24541455470332,0.0,30.71961266221115,28.696607340458925,113.36744726395833,40.23809288302776,153.60554014698607
9.531999999999853,9.81,3.93,1,1,0.01,0.01,-6.548272546743629,5.569089235841325,-1.7215183489366817,-4.045810206793427,-43.58841725131127,87.72271272361434,0.0,-1.092035419420161,0.47722988082995554,0.0,-4.877828068501399,5.238153446869178,0.0,30.21015351497986,28.132038563547884,112.90287667505127,40.70226503427354,153.6051417093248
9.533999999999853,9.81,3.93,1,1,0.01,0.01,-6.551801999036002,5.561171745702414,-1.8075579467292033,-3.872327222266768,-42.46043781869969,85.78087548927044,0.0,-1.1017693980347905,0.4876983440662067,0.0,-4.856239256935277,5.2302179514326745,0.0,29.70703982995517,27.58288361387519,112.438428893566,41.16633688043878,153.60476577400476
9.535999999999854,9.81,3.93,1,1,0.01,0.01,-6.555501310956696,5.553597418917672,-1.8913958338662498,-3.7026070856868967,-41.38602532033123,83.95833277806156,0.0,-1.1114607382744368,0.4981503007370126,0.0,-4.835184400764476,5.2216530739943074,0.0,29.209945759785157,27.048038635177164,111.97415312835508,41.63025723967293,153.60441036802803
9.537999999999855,9.81,3.93,1,1,0.01,0.01,-6.559366183540315,5.54635896235313,-1.9731351593153956,-3.536420179622647,-40.36125940514484,82.24625213419182,0.0,-1.1211104774408405,0.5085845335394343,0.0,-4.814633320099029,5.212499689649969,0.0,28.71855936055323,26.52649228490343,111.51009425233521,42.093979397748825,153.60407365008405
9.539999999999855,9.81,3.93,1,1,0.01,0.01,-6.563392516533682,5.539449524994298,-2.052871610733916,-3.3735537339809714,-39.38259284951567,80.63660507566263,0.0,-1.1307195949353281,0.5189999031986665,0.0,-4.7945582479396185,5.2027950213303376,0.0,28.232583181780814,26.01731646161158,111.04629320460984,42.557460693699284,153.60375389830912
9.541999999999856,9.81,3.93,1,1,0.01,0.01,-6.5675763941945675,5.532862665805413,-2.1306941236673453,-3.213810298402275,-38.446815136946675,79.1220881604786,0.0,-1.140289016824549,0.5293953415879539,0.0,-4.774933575648283,5.192573054447971,0.0,27.75173452922587,25.519658095627122,110.58278734809892,43.020662151267885,153.6034494993668
9.543999999999857,9.81,3.93,1,1,0.01,0.01,-6.5719140724385365,5.52659232449171,-2.206685521733367,-3.05700636407033,-37.55101980582459,77.6960523736025,0.0,-1.1498196199269644,0.5397698456221087,0.0,-4.755735627463692,5.181864897312163,0.0,27.2757454804242,25.032731867279875,110.11961078837447,43.48354815031325,153.60315893868773
9.545999999999857,9.81,3.93,1,1,0.01,0.01,-6.576401967203183,5.520632794881965,-2.2809230949614614,-2.902971119123725,-36.69257520170223,76.35244001240288,0.0,-1.1593122354742347,0.5501224718242984,0.0,-4.73694246026893,5.1706990952286365,0.0,26.80436271491106,24.55581373549203,109.65679465857232,43.946086133153145,153.60288079172545
9.547999999999858,9.81,3.93,1,1,0.01,0.01,-6.581036643912645,5.514978700678593,-2.3534791227513865,-2.7515453234496365,-35.86909829148334,75.08572830123336,0.0,-1.1687676523946968,0.56045233148035,0.0,-4.718533685359102,5.1591019049306475,0.0,26.33734720710036,24.08823517537634,109.19436737455369,44.4082463415528,153.60261371610648
9.549999999999859,9.81,3.93,1,1,0.01,0.01,-6.585814807937538,5.509624973349506,-2.4244213472531433,-2.6025802901196267,-35.07843122232541,73.89087902664886,0.0,-1.1781866202600437,0.570758586306982,0.0,-4.700490309413575,5.147097534938091,0.0,25.874473818953348,23.629378037155917,108.73235486390321,44.87000158066362,153.60235644456682
9.55199999999986,9.81,3.93,1,1,0.01,0.01,-6.590733295956453,5.504566831960058,-2.4938134023637497,-2.4559369620809988,-34.318620335335666,72.76329354820211,0.0,-1.1875698519311397,0.5810404445706958,0.0,-4.682794592265589,5.134708356571386,0.0,25.41553082113266,23.178669950444885,108.27078077184993,45.33132700673109,153.602107778581
9.55399999999986,9.81,3.93,1,1,0.01,0.01,-6.5957890681349705,5.499799764764899,-2.561715202983654,-2.3114850739445654,-33.58789737149359,71.69877260237887,0.0,-1.1969180259344434,0.5912971576027402,0.0,-4.66542991939169,5.121955089624127,0.0,24.96031936476563,22.735580208005118,107.80966664678166,45.79219993582265,153.60186658260432
9.55599999999986,9.81,3.93,1,1,0.01,0.01,-6.6009792010469415,5.495319512398803,-2.628183298677059,-2.1691023898143365,-32.88466263363568,70.69348037699443,0.0,-1.2062317885966272,0.601528016662982,0.0,-4.648380687323661,5.108856966095933,0.0,24.508652920814978,22.299616071751988,107.34903210765683,46.25259967119736,153.6016317788542
9.557999999999861,9.81,3.93,1,1,0.01,0.01,-6.6063008812706085,5.491122052522581,-2.693271195433185,-2.028674009093571,-32.20746989318109,69.74391238916652,0.0,-1.2155117559616346,0.6117323501117516,0.0,-4.631632200424765,5.095431874883433,0.0,24.06035670005541,21.870319451230372,106.88889499531965,46.712507347251474,153.60140234257113
9.559999999999862,9.81,3.93,1,1,0.01,0.01,-6.611751399599131,5.487203585795465,-2.757029648826101,-1.8900917330834568,-31.555012853236367,68.84686675124519,0.0,-1.2247585155115324,0.6219095208541552,0.0,-4.615170577675561,5.081696489905257,0.0,23.61526706353185,21.447263911189413,106.4292715094565,47.171905788246704,153.6011772977032
9.561999999999863,9.81,3.93,1,1,0.01,0.01,-6.6173281458113005,5.483560523058894,-2.819506931515308,-1.7532534859745932,-30.92611300068514,67.99941845568627,0.0,-1.2339726277099494,0.632058924025861,0.0,-4.598982668288989,5.067666383782136,0.0,23.17323093093679,21.03005197040972,105.97017633271108,47.63077938025529,153.60095571296637
9.563999999999863,9.81,3.93,1,1,0.01,0.01,-6.623028603953821,5.480189473628729,-2.880749077713736,-1.6180627845267757,-30.31970869883613,67.1988963518717,0.0,-1.2431546273847087,0.6421799848933637,0.0,-4.5830559751231,5.053356128894144,0.0,22.7341051924409,20.61831265869921,105.51162274328041,48.08911395495798,153.6007366982384
9.565999999999864,9.81,3.93,1,1,0.01,0.01,-6.628850348091462,5.477087234603714,-2.9408001069703036,-1.484428251348244,-29.73484538925718,66.44286252554942,0.0,-1.2523050249643384,0.6522721569450811,0.0,-4.567378584987484,5.038779387384622,0.0,22.29775612802787,20.21169930309038,105.05362271714895,48.54689668410039,153.60051940124936
9.567999999999865,9.81,3.93,1,1,0.01,0.01,-6.634791038485865,5.4742507811075996,-2.9997022293669757,-1.35226316722999,-29.17066678667117,65.7290938251766,0.0,-1.261424307581413,0.6623349201525601,0.0,-4.551939105048886,5.023948991466007,0.0,21.864058837227535,19.80988751783172,104.59618702097343,49.00411598356195,153.6003030045354
9.569999999999865,9.81,3.93,1,1,0.01,0.01,-6.640848418167738,5.4716772573909696,-3.057496034011845,-1.2214850584716606,-28.626406964393176,65.05556530937822,0.0,-1.270512940054219,0.6723677793835925,0.0,-4.536726604635368,5.008877015201077,0.0,21.432896681243214,19.41257337584955,104.13932529650722,49.46076142611943,153.60008672262666
9.571999999999866,9.81,3.93,1,1,0.01,0.01,-6.64702030987076,5.469363968726493,-3.1142206625170443,-1.0920153155601189,-28.101383239872536,64.4204354162863,0.0,-1.2795713657569148,0.6823702629512547,0.0,-4.521730561818915,4.993574838778283,0.0,21.004160738772104,19.019471742031442,103.68304613734344,49.91682366209987,153.5998697994433
9.573999999999867,9.81,3.93,1,1,0.01,0.01,-6.653304613298702,5.467308374038209,-3.169913968980366,-0.963778839936156,-27.59498978064575,63.822032679101625,0.0,-1.2886000073871673,0.6923419212847368,0.0,-4.506940814225958,4.978053206167524,0.0,20.577749276277686,18.630314751007816,103.22735715866386,50.372294347212915,153.59965150587678
9.575999999999867,9.81,3.93,1,1,0.01,0.01,-6.659699302700168,5.465508079211664,-3.224612667839776,-0.8367037159148893,-27.10669186052368,63.25884383309458,0.0,-1.297599267639233,0.7022823257095401,0.0,-4.492347513584498,4.962322276929765,0.0,20.153567233057792,18.244850414129324,102.77226506059617,50.82716607693895,153.59943113753513
9.577999999999868,9.81,3.93,1,1,0.01,0.01,-6.666202424727956,5.463960831037277,-3.2783524708382745,-0.7107209051160671,-26.63602070428732,62.72950317778499,0.0,-1.3065695297894881,0.7121910673260072,0.0,-4.477941083567958,4.946391672856763,0.0,19.731525721131884,17.8628413421019,102.31777568571187,51.28143232692211,153.59920801263397
9.579999999999869,9.81,3.93,1,1,0.01,0.01,-6.67281209656241,5.462664511744352,-3.331168214220731,-0.5857639610162917,-26.182568866654414,62.2327830744504,0.0,-1.3155111582006245,0.722067755976489,0.0,-4.463712180539434,4.930270520034019,0.0,19.311541539727397,17.484063571278366,101.86389407113231,51.73508739888432,153.5989814700166
9.58199999999987,9.81,3.93,1,1,0.01,0.01,-6.679526504280246,5.4616171340876685,-3.3830939771826314,-0.4617687614600168,-25.74598609793437,61.767585473694865,0.0,-1.324424498749932,0.7319120192925017,0.0,-4.449651656837724,4.913967486848138,0.0,18.89353670395782,17.108305482951675,101.41062449565622,52.18812637163224,153.59875086728846
9.58399999999987,9.81,3.93,1,1,0.01,0.01,-6.686343901452319,5.4608168369527625,-3.4341631925015372,-0.3386732571635036,-25.325975654703495,61.33293438076857,0.0,-1.3333098791864122,0.7417235018142301,0.0,-4.435750526278457,4.897490818397936,0.0,18.47743798714384,16.735366806172383,100.95797052227093,52.64054505677976,153.59851557905068
9.58599999999987,9.81,3.93,1,1,0.01,0.01,-6.6932626079555435,5.4602618814497,-3.484408750204075,-0.21641723441878724,-24.92229101909869,60.9279691778732,0.0,-1.3421676094208728,0.7515018641756189,0.0,-4.421999931570635,4.880848367715211,0.0,18.06317647612149,16.365057695645696,100.50593503636763,53.09233995885535,153.598274995223
9.587999999999871,9.81,3.93,1,1,0.01,0.01,-6.70028100898585,5.459950647468628,-3.5338630950532806,-0.09494209035572122,-24.534732995037103,60.55193873300904,0.0,-1.3509979817525233,0.761246782349009,0.0,-4.4083911133719225,4.8640476241546455,0.0,17.650687138798762,15.997197877171658,100.05452027994092,53.54350823950057,153.59802851944147
9.589999999999872,9.81,3.93,1,1,0.01,0.01,-6.707397554260542,5.459881630673513,-3.582558318582004,0.025809380748333915,-24.163147153879606,60.20419623415563,0.0,-1.359801271035117,0.7709579469440055,0.0,-4.394915380724777,4.847095739272409,0.0,17.239908403159863,15.631615853890073,99.60372788201892,53.99404768550472,153.59777556752363
9.591999999999873,9.81,3.93,1,1,0.01,0.01,-6.714610757399832,5.46005343991338,-3.6305262463469936,0.14589319150766725,-23.807421605850568,59.884194695901684,0.0,-1.368577734785142,0.7806350625558431,0.0,-4.381564082631233,4.829999550478055,0.0,16.830781746866332,15.268148167296594,99.15355888553782,54.44395668045095,153.59751556598877
9.593999999999873,9.81,3.93,1,1,0.01,0.01,-6.721919195478638,5.460464795033073,-3.6777985210343616,0.2653643571145608,-23.467485076948005,59.59148309314741,0.0,-1.3773276132340986,0.7902778471590248,0.0,-4.368328580536548,4.812765602714226,0.0,16.42325129656433,14.906638707618733,98.70401377084868,54.89323417977709,153.59724795062576
9.595999999999874,9.81,3.93,1,1,0.01,0.01,-6.7293215087409335,5.461114525068054,-3.7244066820097754,0.38427708388734827,-23.143305274190627,59.32570308333466,0.0,-1.3860511293264866,0.7998860315425775,0.0,-4.355200221501266,4.795400168392601,0.0,16.01726343597366,14.546938068690803,98.25509247601599,55.341879689084266,153.59697216510025
9.597999999999875,9.81,3.93,1,1,0.01,0.01,-6.736816400470119,5.462001566810112,-3.7703822418752844,0.5026849518239486,-22.834887524890366,59.08658628489562,0.0,-1.3947484886646226,0.8094593587835693,0.0,-4.34217031184845,4.777909265791601,0.0,15.612766421801927,14.188902942957148,97.80679441404685,55.789893245544306,153.59668765959117
9.599999999999875,9.81,3.93,1,1,0.01,0.01,-6.744402637009963,5.463124963733096,-3.8157567605687253,0.6206410922458332,-22.542273678257825,58.87395208535529,0.0,-1.4034198794010813,0.8189975837560893,0.0,-4.329230091076638,4.760298676102138,0.0,15.209710006498312,13.832395552667021,97.3591184871654,56.23727540228647,153.59639388945186
9.601999999999876,9.81,3.93,1,1,0.01,0.01,-6.752079047931707,5.4644838652699,-3.8605619175207213,0.7381983615696465,-22.265541260078507,58.68770595784913,0.0,-1.412065472079035,0.8285004726730816,0.0,-4.31637070583144,4.7425739592904,0.0,14.808045066828535,13.477283113715306,96.91206309822962,56.68402721565664,153.59609031388626
9.603999999999877,9.81,3.93,1,1,0.01,0.01,-6.759844526343969,5.466077526433945,-3.9048295823680648,0.8554095122062477,-22.004802873473402,58.527838269797066,0.0,-1.4206854194204275,0.8379678026588601,0.0,-4.303583183727717,4.724740468932488,0.0,14.407723237219532,13.123437328931312,96.46562615936674,57.13015023526654,153.59577639463328
9.605999999999877,9.81,3.93,1,1,0.01,0.01,-6.767698029343029,5.467905307780406,-3.9485918847104693,0.9723273615591755,-21.76020584091337,58.394423572182816,0.0,-1.4292798560614743,0.8473993613503974,0.0,-4.290858406811438,4.706803366163298,0.0,14.008696546783817,12.770733907933614,96.01980509788712,57.57564649676688,153.59545159465398
9.607999999999878,9.81,3.93,1,1,0.01,0.01,-6.775638578602075,5.469966675704325,-3.991881283390092,1.0890049600759428,-21.531932084713304,58.287620362367576,0.0,-1.4378488982345363,0.8567949465257283,0.0,-4.278187084444905,4.688767632871659,0.0,13.610917058890106,12.419052110955475,95.57459685951791,58.020518517294306,153.5951153768122
9.609999999999879,9.81,3.93,1,1,0.01,0.01,-6.783665261098928,5.4722612030746705,-4.034730635769674,1.2054957592957747,-21.320198245224482,58.20767131769125,0.0,-1.4463926433950132,0.866154365758097,0.0,-4.265559725390994,4.670638084265332,0.0,13.214336512097303,12.068274314307557,95.12999790898424,58.46476929356022,153.59476720254446
9.61199999999988,9.81,3.93,1,1,0.01,0.01,-6.791777229982716,5.474788570205271,-4.077173267485531,1.3218537808361184,-21.125256037885126,58.154904001312644,0.0,-1.4549111697913941,0.875477436094705,0.0,-4.252966608861353,4.652419380922476,0.0,12.818905961211794,11.718285595387936,94.68600422794395,58.90840230256501,153.59440653050896
9.61399999999988,9.81,3.93,1,1,0.01,0.01,-6.7999737055809275,5.477548566165453,-4.11924304315588,1.438133787267306,-20.9473928522109,58.12973204587632,0.0,-1.4634045359761838,0.8847639837591512,0.0,-4.240397754280022,4.634116040441199,0.0,12.42457541716318,11.368973335377577,94.24261131027278,59.35142150493768,153.59403281521045
9.61599999999988,9.81,3.93,1,1,0.01,0.01,-6.80825397654925,5.480541090435115,-4.160974438533039,1.5543914558400096,-20.786932597718334,58.13265682468521,0.0,-1.4718727802548315,0.8940138438768443,0.0,-4.2278428894973255,4.615732448794835,0.0,12.03129348431851,11.0202268379773,93.7998141546741,59.79383135091549,153.5936455055896
9.617999999999881,9.81,3.93,1,1,0.01,0.01,-6.816617401167565,5.483766154910934,-4.202402614599973,1.6706835560535975,-20.644236803702025,58.16426962416391,0.0,-1.4803159200693141,0.9032268602229345,0.0,-4.215291417168705,4.597272871498735,0.0,11.639006993771252,10.67193696275333,93.3576072545753,60.23563678899689,153.59324404357218
9.619999999999882,9.81,3.93,1,1,0.01,0.01,-6.825063408786512,5.487223886272395,-4.243563494127426,1.7870681320851793,-20.519705981737093,58.22525433552579,0.0,-1.4887339513123863,0.9124028849924775,0.0,-4.202732378989445,4.578741464693602,0.0,11.247660631044814,10.323995771868756,92.91598458525384,60.67684327731601,153.59282786256983
9.621999999999883,9.81,3.93,1,1,0.01,0.01,-6.833591501430076,5.490914528718416,-4.284493841227609,1.9036046911391398,-20.41378126177042,58.31639068774766,0.0,-1.49712684756787,0.9215417785927622,0.0,-4.190154417448186,4.560142286251412,0.0,10.857196556542833,9.976296189191546,92.47493958811702,61.11745679780434,153.59239638592135
9.623999999999883,9.81,3.93,1,1,0.01,0.01,-6.842201255560735,5.494838447087516,-4.3252313444641795,2.0203543988254022,-20.32694631470073,58.43855804821257,0.0,-1.505494559271677,0.9306434094579817,0.0,-4.1775457347292,4.541479307012716,0.0,10.467554016956976,9.628731670991556,92.03446515204493,61.55748387322525,153.5919490252702
9.625999999999884,9.81,3.93,1,1,0.01,0.01,-6.850892324014877,5.498996130376731,-4.365814704106115,2.1373802827317196,-20.25972957643986,58.59273982172391,0.0,-1.5138370127874303,0.9397076538865805,0.0,-4.164894048355437,4.522756422268431,0.0,10.078668945707221,9.281195887676619,91.59455359168005,61.99693158718333,153.5914851788634
9.627999999999885,9.81,3.93,1,1,0.01,0.01,-6.859664438117382,5.503388195676888,-4.406283724145203,2.2547474454210774,-20.212706790584917,58.780028483001274,0.0,-1.5221541093897586,0.9487343959019412,0.0,-4.1521865431197185,4.503977463605791,0.0,9.690473550338162,8.933582416275913,91.15519662253165,62.43580760723536,153.591004229767
9.629999999999885,9.81,3.93,1,1,0.01,0.01,-6.868517409985541,5.508015392544386,-4.446679409733311,2.3725232881599925,-20.186503889019775,59.001631282243125,0.0,-1.5304457241473113,0.9577235271372091,0.0,-4.1394098188004875,4.485146211246547,0.0,9.30289588462639,8.585784443668903,90.71638533273523,62.87412021124745,153.5905055439827
9.631999999999886,9.81,3.93,1,1,0.01,0.01,-6.877451135033855,5.512878607832304,-4.487044070736432,2.4907777467671157,-20.18180023196551,59.25887666780684,0.0,-1.5387117046965275,0.9666749467454097,0.0,-4.1265498330988555,4.466266407016561,0.0,8.915859402967262,8.237694480886123,90.27811015128492,63.31187831717054,153.58998846845546
9.633999999999887,9.81,3.93,1,1,0.01,0.01,-6.886465594692664,5.517978871006568,-4.527421432147746,2.609583541064088,-20.199332231203865,59.55322147447992,0.0,-1.5469518698959868,0.9755885613362733,0.0,-4.1135918391651245,4.4473417680996885,0.0,8.529282494403159,7.889204089188481,89.8403608125281,63.7490915164322,153.5894523289603
9.635999999999887,9.81,3.93,1,1,0.01,0.01,-6.8955608593551245,5.523317359975914,-4.567856752151546,2.729016439511822,-20.239897382340388,59.886258930060286,0.0,-1.5551660083498033,0.9844642849414803,0.0,-4.1005203170036975,4.4283760017456615,0.0,8.143077993428188,7.5402036190773645,89.40312631668112,64.18577011117,153.58889642785113
9.637999999999888,9.81,3.93,1,1,0.01,0.01,-6.904737091568658,5.52889540746773,-4.608396948683636,2.8491555407248,-20.30435873398773,60.259727536879566,0.0,-1.5633538767870565,0.9933020390104493,0.0,-4.087318897953349,4.409372821122366,0.0,7.757152664455334,7.19058196391454,88.9663948860924,64.6219251555664,153.5883200416588
9.639999999999889,9.81,3.93,1,1,0.01,0.01,-6.913994549488773,5.534714507985285,-4.649090735391418,2.970083573672713,-20.393649823530964,60.67552088826493,0.0,-1.5715151982824946,1.0021017524391407,0.0,-4.073970281333793,4.390335962527586,0.0,7.371406656559974,6.840226330461091,88.5301539169412,65.05756850157809,153.5877224185193
9.64199999999989,9.81,3.93,1,1,0.01,0.01,-6.923333590615,5.540776325385659,-4.6899887679576695,3.0918872185014155,-20.508780110539256,61.135698482425,0.0,-1.5796496603018573,1.0108633616348546,0.0,-4.060456142226505,4.371269204205302,0.0,6.9857329248189055,6.4890220294020216,88.09438992602053,65.49271284939391,153.58710277541445
9.64399999999989,9.81,3.93,1,1,0.01,0.01,-6.932754675830684,5.547082701121633,-4.731143801815058,3.2146574500315626,-20.650840939703553,61.64249759741621,0.0,-1.5877569125529138,1.0195868106205073,0.0,-4.046757029215315,4.352176387047238,0.0,6.6000166142450265,6.136852289838967,87.65908849220446,65.92737180299915,153.5864602952036
9.64599999999989,9.81,3.93,1,1,0.01,0.01,-6.942258373770512,5.5536356631950685,-4.772610862342359,3.3384899061202424,-20.821012065138255,62.19834629011451,0.0,-1.5958365646208386,1.028272051182455,0.0,-4.0328522507472115,4.333061437503163,0.0,6.214134401977416,5.783598102846426,87.22423419215171,66.36155993127139,153.5857941234231
9.647999999999891,9.81,3.93,1,1,0.01,0.01,-6.95184536554186,5.560437435873782,-4.814447428695921,3.4634852831938145,-21.020568766596824,62.805877578652,0.0,-1.6038881833636582,1.036919043066667,0.0,-4.018719748581889,4.313928393074632,0.0,5.827953793025762,5.429138100542915,86.7898105297389,66.79529283509041,153.5851033648293
9.649999999999892,9.81,3.93,1,1,0.01,0.01,-6.9615164498284505,5.567490450228671,-4.856713632488365,3.589749761372539,-21.250889585112944,63.46794486049921,0.0,-1.611911290040235,1.045527754228837,0.0,-4.004335956575795,4.2947814308277685,0.0,5.441332364491127,5.073348478786696,86.35579985865039,67.22858722100455,153.58438707965493
9.651999999999893,9.81,3.93,1,1,0.01,0.01,-6.971272548407256,5.5747973555527635,-4.899472472576449,3.717395461700346,-21.513464700087397,64.18763860578072,0.0,-1.6199053571394881,1.054098161144966,0.0,-3.9896756427870894,4.275624899433851,0.0,5.054116952799402,4.716102973638098,85.92218329748412,67.66146098206575,153.58364427954987
9.653999999999893,9.81,3.93,1,1,0.01,0.01,-6.981114712112176,5.58236103172898,-4.9427900472559045,3.8465409380537934,-21.80990496097294,64.96830434553947,0.0,-1.627869804875218,1.0626302491900486,0.0,-3.9747117325860115,4.2564633553335725,0.0,4.666142778098642,4.35727290422701,85.48894063664748,68.0939332865222,153.5828739231697
9.655999999999894,9.81,3.93,1,1,0.01,0.01,-6.9910441272805945,5.590184602618542,-4.986735805174673,3.9773117063157266,-22.141951573206573,65.81356194483298,0.0,-1.63580399730595,1.0711240130938118,0.0,-3.9594151101031456,4.237301603725661,0.0,4.277232499603344,3.996727297736672,85.05605023622826,68.52602467514669,153.58207491137495
9.657999999999895,9.81,3.93,1,1,0.01,0.01,-7.001062122721571,5.5982714505471165,-5.0313828162567065,4.109840813338164,-22.51148641822629,66.72732610719683,0.0,-1.6437072380334525,1.079579457483943,0.0,-3.9437543949375313,4.2181447452057075,0.0,3.8871951953386996,3.6343331160034533,84.6234889139237,68.9577571680749,153.5812460819986
9.659999999999895,9.81,3.93,1,1,0.01,0.01,-7.011170177246912,5.60662523197065,-5.076808063861386,4.244269448053811,-22.92054295903967,67.7138279953749,0.0,-1.651578765426979,1.087996597529072,0.0,-3.9276956905673392,4.198998229031799,0.0,3.4958252594786936,3.269955607911006,84.1912318219938,69.38915438214002,153.58038620413382
9.661999999999896,9.81,3.93,1,1,0.01,0.01,-7.021369927808729,5.61524989440733,-5.123092759268834,4.380747596783794,-23.371317642872807,68.77763776690927,0.0,-1.6594177473126015,1.0963754596958906,0.0,-3.9112023003462193,4.179867914174535,0.0,3.102901210327693,2.9034588175443443,83.75925231207887,69.82024165981355,153.57949397189242
9.663999999999897,9.81,3.93,1,1,0.01,0.01,-7.03166317828903,5.62414969472568,-5.17032267935188,4.51943474427321,-23.866181656900846,69.92368770368809,0.0,-1.6672232750581613,1.1047160826373228,0.0,-3.8942344063148684,4.160760139527246,0.0,2.7081844020288006,2.5347062852376068,83.32752178657202,70.25104621100228,153.57856799757428
9.665999999999897,9.81,3.93,1,1,0.01,0.01,-7.042051908988297,5.6333292188811575,-5.218588527934905,4.660500621188612,-24.40769281653829,71.157295450431,0.0,-1.674994356974032,1.1130185182316499,0.0,-3.876748705294465,4.141681804915232,0.0,2.311417633380117,2.163561987540123,82.89600953508152,70.68159726910696,153.57760680418846
9.667999999999898,9.81,3.93,1,1,0.01,0.01,-7.052538286860499,5.6427934031939575,-5.267986320799425,4.804125997629014,-24.998607261062517,72.48418665314747,0.0,-1.682729910938007,1.1212828327961322,0.0,-3.858697995838307,4.12264046486088,0.0,1.9123236478225196,1.7898915731658318,82.46468255433085,71.11192626292532,153.57660881725616
9.669999999999899,9.81,3.93,1,1,0.01,0.01,-7.0631246765411495,5.652547557258233,-5.3186177935104455,4.950503520495031,-25.6418904887725,73.91051598437616,0.0,-1.6904287561386993,1.129509108502891,0.0,-3.8400307085810623,4.103644437445786,0.0,1.5106035198936116,1.4135639657154742,82.03350534964767,71.54206700617448,153.57557235582215
9.6719999999999,9.81,3.93,1,1,0.01,0.01,-7.073813652212335,5.66259738856635,-5.370590830118381,5.099838590143233,-26.34072707055412,75.44288513027814,0.0,-1.6980896038157938,1.1376974450300008,0.0,-3.820690371319315,4.084702931076741,0.0,1.1059349254492035,1.0344534210363439,81.60243971597137,71.97205590662583,153.5744956225972
9.6739999999999,9.81,3.93,1,1,0.01,0.01,-7.084608010343254,5.67294902891946,-5.424019909220661,5.252350268374554,-27.0985281193358,77.08835575891608,0.0,-1.7057110468567651,1.1458479614868935,0.0,-3.8006149987600497,4.065826192526426,0.0,0.6979702960447608,0.6524421483419002,81.17144449606447,72.40193219708294,153.5733766931474
9.6759999999999,9.81,3.93,1,1,0.01,0.01,-7.095510783335716,5.683609062675338,-5.479026561686963,5.4082722051326355,-27.918935240370008,78.85445474058648,0.0,-1.71329154808795,1.153960798660573,0.0,-3.779736395262371,4.04702568030346,0.0,0.2863348624686756,0.2674236306857698,80.7404753133518,72.83173819069195,153.57221350404376
9.677999999999901,9.81,3.93,1,1,0.01,0.01,-7.1065252540898145,5.694584556853118,-5.535739831350628,5.567853564872621,-28.805819212719076,80.74916788486624,0.0,-1.7208294270727356,1.1620361216380681,0.0,-3.7579793570512776,4.0283142682353965,0.0,-0.12937540089538824,-0.12069318665350257,80.30948427653246,73.26151956335252,153.57100383988498
9.679999999999902,9.81,3.93,1,1,0.01,0.01,-7.117654971483691,5.705883093068153,-5.594296725862992,5.731359924805407,-29.763271014612656,82.78091710843154,0.0,-1.7283228452004837,1.170074122871312,0.0,-3.735260758285901,4.009706485151839,0.0,-0.5495959096393663,-0.5119786303043152,79.87841965281535,73.69132566629344,153.5697453191088
9.681999999999903,9.81,3.93,1,1,0.01,0.01,-7.128903766730418,5.717512801203382,-5.654842639318778,5.899074105328034,-30.7955819498156,84.95851413763006,0.0,-1.7357697888162713,1.1780750257635701,0.0,-3.7114885030153384,3.9912187977686084,0.0,-0.9747956460865019,-0.9064756949085735,79.44722550633992,74.12120987217534,153.56843537851526
9.683999999999903,9.81,3.93,1,1,0.01,0.01,-7.1402757705310265,5.729482394628875,-5.717531720684586,6.071296876853715,-31.907208486421553,87.29108142797139,0.0,-1.7431680501030167,1.186039088872191,0.0,-3.6865603224716024,3.9728699453368113,0.0,-1.4054793255585165,-1.304191777468041,79.01584129805859,74.55122995838205,153.56707125644064
9.685999999999904,9.81,3.93,1,1,0.01,0.01,-7.151775430881059,5.741801206649046,-5.7825271518276695,6.24834746554018,-33.10271588833248,89.78792774890054,0.0,-1.75051520538372,1.1939666108413132,0.0,-3.6603623943866976,3.9546813363768294,0.0,-1.8421894721499208,-1.7050883481222476,78.58420144311874,74.98144853142936,153.5656499745481
9.687999999999905,9.81,3.93,1,1,0.01,0.01,-7.163407531302515,5.754479227674241,-5.850001285158808,6.430563751208922,-34.386692678870546,92.45836157541905,0.0,-1.7578085904620484,1.2018579362008308,0.0,-3.632767758195402,3.936677519910868,0.0,-2.2855082875651176,-2.109068059591259,78.15223482161701,75.4119334966305,153.5641683182475
9.689999999999905,9.81,3.93,1,1,0.01,0.01,-7.175177209155486,5.767527142362739,-5.920135572398451,6.61830201158226,-35.763625265433745,95.31141971224197,0.0,-1.7650452725644743,1.2097134621951944,0.0,-3.6036344973085384,3.91888674608033,0.0,-2.7360591463650783,-2.5159586804542067,77.71986423855923,75.8427585772574,153.5626228158166
9.691999999999906,9.81,3.93,1,1,0.01,0.01,-7.18708997352322,5.780956365637603,-5.993120191214951,6.811936014612614,-37.23771847130052,98.35548102633737,0.0,-1.7722220183872643,1.2175336468382465,0.0,-3.572803657476813,3.901341633913046,0.0,-3.1945074820578334,-2.9254930961495114,77.28700582904739,76.27400388735714,153.56100971640453
9.693999999999907,9.81,3.93,1,1,0.01,0.01,-7.1991517219464285,5.794779076019988,-6.069153243481738,7.01185519096523,-38.812643016198265,101.59772525727136,0.0,-1.7793352576882828,1.225319018429051,0.0,-3.5400968692077646,3.8840799672879163,0.0,-3.6615607342323533,-3.3372844536774644,76.85356840522113,76.7057565620091,153.55932496723022
9.695999999999907,9.81,3.93,1,1,0.01,0.01,-7.211368754988417,5.809008244096506,-6.148439355125578,7.218461526326555,-40.49118486663941,105.04338399582448,0.0,-1.786381041800114,1.2330701868094018,0.0,-3.5053136431980847,3.867145643769766,0.0,-4.137966898576152,-3.7507953309308073,76.41945274250749,77.1381114479916,153.55756419049908
9.697999999999908,9.81,3.93,1,1,0.01,0.01,-7.223747787217446,5.823657653101442,-6.231187449837655,7.4321646915306925,-42.27476351709048,108.6947143954812,0.0,-1.7933549963827002,1.240787856696858,0.0,-3.468228312281587,3.850589804787431,0.0,-4.624511047558962,-4.16529959271743,75.9845508045006,77.57117185633513,153.55572266083573
9.699999999999909,9.81,3.93,1,1,0.01,0.01,-7.236295952665209,5.838741907478615,-6.3176073934985615,7.6533747695757635,-44.16277635670452,112.54960537140596,0.0,-1.800252267689957,1.2484728434878005,0.0,-3.428586603739118,3.8344721792541536,0.0,-5.12200895484859,-4.579835363479291,75.54874490866389,78.00505037575599,153.5537952844199
9.70199999999991,9.81,3.93,1,1,0.01,0.01,-7.249020802120561,5.854276423809112,-6.407905108711004,7.882491733414719,-46.1517141317353,116.59970055734239,0.0,-1.807067461610338,1.2561260919922352,0.0,-3.386101845387671,3.8188626755284116,0.0,-5.631296642300252,-4.993147324885109,75.11190683948949,78.43986974203952,153.551776581529
9.70399999999991,9.81,3.93,1,1,0.01,0.01,-7.261930288697272,5.870277396548194,-6.502275634907949,8.11989056771495,-48.233978250877094,120.82789240566697,0.0,-1.8137945747794437,1.2637486986330435,0.0,-3.34045084271879,3.8038432574426486,0.0,-6.15321425179827,-5.403616379994518,74.67389692242888,78.87576375244387,153.54966067487277
9.70599999999991,9.81,3.93,1,1,0.01,0.01,-7.275032736916712,5.886761728488269,-6.600893455512135,8.365900604161048,-50.39631509526543,125.20500923432857,0.0,-1.8204269171889456,1.2713419377114876,0.0,-3.29126951982408,3.7895101370741378,0.0,-6.6885820994576495,-5.809174695012891,74.23456308170498,79.31287820527609,153.54744128698107
9.707999999999911,9.81,3.93,1,1,0.01,0.01,-7.288336789009369,5.903746912626189,-6.703899228737826,8.62077725179864,-52.617767697056536,129.68548623142357,0.0,-1.8269570259835275,1.2789072923972027,0.0,-3.2381485042974516,3.7759763069045658,0.0,-7.238166070907512,-6.2072043708292535,73.7937399191954,79.75137183179876,153.54511175099418
9.709999999999912,9.81,3.93,1,1,0.01,0.01,-7.301851320205239,5.921250848042073,-6.811381848395768,8.884663863380718,-54.86703562978687,134.20179193261023,0.0,-1.833376570623813,1.286446491126216,0.0,-3.180628969911708,3.7633744121820314,0.0,-7.802628645150994,-6.594418729610526,73.35124787140529,80.1914171690858,153.5426650404911
9.711999999999913,9.81,3.93,1,1,0.01,0.01,-7.31558531241706,5.939291567421339,-6.923354543725387,9.157541024524418,-57.09913825000115,138.65739154222845,0.0,-1.8396762504085078,1.2939615500540327,0.0,-3.1181992490586614,3.751859923377223,0.0,-8.382460794729498,-6.966726767309852,72.9068925289117,80.63320129651692,153.5400938254286
9.713999999999913,9.81,3.93,1,1,0.01,0.01,-7.3295476729442575,5.957886848021448,-7.039723544150685,9.439160172311729,-59.2513095508142,142.91809936195995,0.0,-1.8458456866441935,1.3014548220642215,0.0,-3.0502930118298957,3.741614498109964,0.0,-8.977888855879135,-7.319084222040233,72.4604642395026,81.07692632318371,153.5373905626863
9.715999999999914,9.81,3.93,1,1,0.01,0.01,-7.343746981779826,5.977053671500554,-7.16024776625505,9.728958313663222,-61.23813936812439,146.80185626607818,0.0,-1.8518733137229122,1.3089290525032877,0.0,-2.9762902030012315,3.7328493075525735,0.0,-9.588749347565816,-7.645339629556596,72.01173816440424,81.52280946649283,153.53454763089707
9.717999999999915,9.81,3.93,1,1,0.01,0.01,-7.358191148145336,5.996807491847424,-7.284488167604025,10.025951020053743,-62.94615245082231,150.0673424375722,0.0,-1.8577462762521075,1.3163874411946042,0.0,-2.8955224476294035,3.7258079264931663,0.0,-10.21432397459894,-7.938091533249807,71.56047501754138,81.97108250226373,153.53155751980512
9.719999999999915,9.81,3.93,1,1,0.01,0.01,-7.372886954734572,6.017161266212419,-7.4117460836122335,10.328602305576355,-64.22833350887713,152.4025047236554,0.0,-1.863450343425201,1.3238337092366361,0.0,-2.8072852719907915,3.720768130815908,0.0,-10.853127303855393,-8.18858455134995,71.10642278978969,82.4219902941961,153.5284130839858
9.721999999999916,9.81,3.93,1,1,0.01,0.01,-7.387839468098705,6.038124203453644,-7.540991353901395,10.634673154875763,-64.89961689894702,153.41515565070543,0.0,-1.8689698572035458,1.3312721674418806,0.0,-2.710860175831603,3.7180416001111203,0.0,-11.502641920752877,-8.386687738751545,70.64931983878971,82.87578803050847,153.52510786929818
9.723999999999917,9.81,3.93,1,1,0.01,0.01,-7.403051297709628,6.059700194015918,-7.67078378097966,10.94105625584552,-64.73509624892574,152.6293543712946,0.0,-1.874287737558264,1.338707780850047,0.0,-2.6055501670880497,3.71797009880059,0.0,-12.159001890579283,-8.52101780426985,70.18889979833754,83.33273672036466,153.52163651870222
9.725999999999917,9.81,3.93,1,1,0.01,0.01,-7.4185216974256525,6.08188590853637,-7.799195870560513,11.24361379967267,-63.47362295687263,149.49320384716626,0.0,-1.879385575456318,1.3461462204526067,0.0,-2.4907324962000446,3.720916270664026,0.0,-12.81663724606978,-8.57928869092692,69.72489880712303,83.79309645735003,153.51799526447306
9.727999999999918,9.81,3.93,1,1,0.01,0.01,-7.434245524936014,6.104668598859066,-7.923751042475177,11.53704837527841,-60.83032074350918,143.405501850509,0.0,-1.88424385104442,1.3535938892118842,0.0,-2.3659314463065866,3.727246885121337,0.0,-13.467912271547354,-8.548979485783365,69.25706553714608,84.25711698354877,153.51418252069485
9.729999999999919,9.81,3.93,1,1,0.01,0.01,-7.450212110533696,6.128023710782105,-8.041398983517706,11.814852752105306,-56.52180560625203,133.76922438331354,0.0,-1.8888423178368443,1.3610579052031295,0.0,-2.2309113891937145,3.73730650582072,0.0,-14.102819606357748,-8.41839994406848,68.78517436210785,84.72502524534475,153.5101996074526
9.73199999999992,9.81,3.93,1,1,0.01,0.01,-7.466404137007151,6.1519125243822,-8.14855649991917,12.069398404244389,-50.306665676531196,120.07719889430548,0.0,-1.8931605893568118,1.3685460215140846,0.0,-2.08578516266898,3.751380527196118,0.0,-14.708827892790667,-8.1781772754376,68.30904167397509,85.19700998904153,153.50605166301662
9.73399999999992,9.81,3.93,1,1,0.01,0.01,-7.482796692254962,6.176280163928551,-8.241244070860285,12.292226437968385,-42.03999455631035,102.0273737747584,0.0,-1.8971789473200606,1.3760664625217733,0.0,-1.9311249890666435,3.769648766080424,0.0,-15.271012681906987,-7.823072129090511,67.82854475878648,85.67320404928194,153.5017488080684
9.73599999999992,9.81,3.93,1,1,0.01,0.01,-7.49935671021017,6.201054433072354,-8.315339657950506,12.47458623473781,-31.73409477102215,79.65099424110069,0.0,-1.9008793557668295,1.3836276620335095,0.0,-1.7680539121008156,3.7921344272474076,0.0,-15.772608424293157,-7.353859037335861,67.34364174644523,86.1536658135932,153.49730756003842
9.737999999999921,9.81,3.93,1,1,0.01,0.01,-7.516043037572301,6.226145976782869,-8.36694742949621,12.60821659283153,-19.609375597102265,53.41992678299733,0.0,-1.9042466139249103,1.3912379027559898,0.0,-1.598288583360938,3.8186576398703065,0.0,-16.19607656111755,-6.778823006440827,66.85439004030148,86.6383622473283,153.4927522876298
9.739999999999922,9.81,3.93,1,1,0.01,0.01,-7.53280732272778,6.251450184105332,-8.392840867444407,12.686283492161554,-6.1141960580840005,24.28827272464796,0.0,-1.9072695213843582,1.3989048784918663,0.0,-1.4241045631975104,3.848806137861665,0.0,-16.52467120233976,-6.114327098237539,66.36095963008472,87.12715651947946,153.48811614956418
9.741999999999923,9.81,3.93,1,1,0.01,0.01,-7.549595799966679,6.276850984981894,-8.390898595918664,12.704301814191707,8.10437013499432,-6.369743679693956,0.0,-1.9099418822268017,1.4066352258991208,0.0,-1.2482078278540027,3.881935535001716,0.0,-16.744311147307197,-5.384010130421355,65.8636373941117,87.61980327565709,153.4834406697688
9.743999999999923,9.81,3.93,1,1,0.01,0.01,-7.566351850643675,6.302226289724507,-8.360427989647176,12.660819294067641,22.282312861968663,-36.932872618044044,0.0,-1.9122631649229307,1.4144340926690533,0.0,-1.0735206239133737,3.917206209232153,0.0,-16.845395568941736,-4.6165247871346295,65.36281956677361,88.1159536636308,153.4787732304044
9.745999999999924,9.81,3.93,1,1,0.01,0.01,-7.583019020004827,6.3274543910840535,-8.302285644878442,12.55767070256418,35.65527128130029,-65.77942450237441,0.0,-1.9142386788293277,1.422304813453728,0.0,-0.9029180269117292,3.9536538091483697,0.0,-16.82412455142901,-3.8422193944607437,64.85899215346288,88.61517039189982,153.4741625453627
9.747999999999925,9.81,3.93,1,1,0.01,0.01,-7.599544034822004,6.35242036682898,-8.218757441495683,12.399723606022718,47.57599509106193,-91.53566860339814,0.0,-1.9158792208196562,1.430248748337177,0.0,-0.7389701658887631,3.990279765534079,0.0,-16.682974880498787,-3.0895629979243284,64.3527023656942,89.11695092104435,153.46965328673855
9.749999999999925,9.81,3.93,1,1,0.01,0.01,-7.615879363812337,6.377021514206257,-8.113232498173796,12.194188223857656,57.59813049114558,-113.25307201793274,0.0,-1.917200257111747,1.438265304893347,0.0,-0.5837437870561777,4.026142094460301,0.0,-16.430219978494772,-2.3821908435892585,63.84452650664788,89.6207551499645,153.46528165661238
9.751999999999926,9.81,3.93,1,1,0.01,0.01,-7.631984992295819,6.401171121266168,-7.989761034771529,11.949681579442892,65.50724262503172,-130.47405157458329,0.0,-1.9182207949723464,1.4463521260625718,0.0,-0.43869609885821803,4.060428143973285,0.0,-16.078663290619765,-1.737168251805945,63.335039946787404,90.12603330919453,153.46107325598194
9.753999999999927,9.81,3.93,1,1,0.01,0.01,-7.647829286257644,6.424800310485028,-7.852602686605797,11.675271095707858,71.30146783280178,-143.1912645157489,0.0,-1.9189621372256584,1.4545053962009982,0.0,-0.3046646362605634,4.0924984778336455,0.0,-15.643946723645826,-1.1646082128201896,62.82479307445985,90.63225034632617,153.45704342078602
9.755999999999927,9.81,3.93,1,1,0.01,0.01,-7.663389017170562,6.447858104788405,-7.705849774952331,11.379676297369727,75.1396427657958,-151.73810321033721,0.0,-1.9194466953266658,1.4627202051489525,0.0,-0.18193275201369025,4.121900555588476,0.0,-15.142831994034722,-0.6683754401159663,62.31429467903409,91.13890448754684,153.45319916658093
9.757999999999928,9.81,3.93,1,1,0.01,0.01,-7.678648747660169,6.4703101383710315,-7.553168437600251,11.070719457902587,77.27873874997859,-156.65648849501852,0.0,-1.9196969827663932,1.4709909148427363,0.0,-0.07033909286581347,4.148358121475235,0.0,-14.591756174753819,-0.24741617348270764,61.80400234811525,91.64553924935868,153.4495415974739
9.759999999999929,9.81,3.93,1,1,0.01,0.01,-7.6935998225968945,6.492136529141177,-7.397660902875105,10.755032337651365,78.01736956107956,-158.57739558445337,0.0,-1.919734846417907,1.4793114884348106,0.0,0.03059929897530228,4.171745411420988,0.0,-14.005809891094849,0.10273109262026549,61.294318545052164,92.1517494360738,153.44606798112596
9.76199999999993,9.81,3.93,1,1,0.01,0.01,-7.708239188730075,6.513329384646673,-7.241826923613879,10.43797273694791,77.65382113075623,-158.13199281700767,0.0,-1.919580939848482,1.4876757602209105,0.0,0.12157208451492357,4.1920549374642775,0.0,-13.398149784380308,0.3885543062361568,60.78559083885877,92.65718236877504,153.44277320763382
9.76399999999993,9.81,3.93,1,1,0.01,0.01,-7.722568210274088,6.533890295918233,-7.087592990626554,10.123684662843498,76.4600137425825,-155.89641218661177,0.0,-1.9192544086697096,1.496077640232016,0.0,0.20338064968874797,4.209365331443333,0.0,-12.779771979961472,0.6174703603755405,60.27811490697427,93.16153579303236,153.4396507000066
9.76599999999993,9.81,3.93,1,1,0.01,0.01,-7.736591585486289,6.553828042012777,-6.936379678206545,9.815239495675534,74.66877413576705,-152.3646444469849,0.0,-1.9187727429916706,1.5045112577489481,0.0,0.2768666220080143,4.223813044418114,0.0,-12.15954133555507,0.7970454893099419,59.7721391841729,93.66455377931113,153.43669296348403
9.767999999999931,9.81,3.93,1,1,0.01,0.01,-7.750316416490406,6.573156616503523,-6.789184435161786,9.514810192227912,72.47043878478935,-147.9411748806037,0.0,-1.918151750535726,1.512971053358139,0.0,0.34286237459477076,4.235569489321825,0.0,-11.544375430384152,0.9344981786401507,59.26787029508992,94.16602164339272,153.43389193848265
9.769999999999932,9.81,3.93,1,1,0.01,0.01,-7.763751447185175,6.5918936080167105,-6.64666500993835,9.223847168168161,70.0150645185539,-142.94550259439947,0.0,-1.9174056098647274,1.5214518307998017,0.0,0.4021596347547161,4.2448237611679245,0.0,-10.939503651483834,1.0364215431333148,58.76547865364405,94.66576060319233,153.43123925683636
9.771999999999933,9.81,3.93,1,1,0.01,0.01,-7.776906461341896,6.61005891873597,-6.509215284275738,8.943238405395293,67.41742788946831,-137.62258989350443,0.0,-1.9165469718706536,1.5299487792592597,0.0,0.45549175066814174,4.251770295963454,0.0,-10.348746806485671,1.1086602690137466,58.26510382584438,95.16362262083791,153.42872644668228
9.773999999999933,9.81,3.93,1,1,0.01,0.01,-7.789791821512108,6.627673780385033,-6.377029935225385,8.673446147260298,64.76296591543539,-132.15533491417844,0.0,-1.91558708633587,1.5384574751042828,0.0,0.5035255746423537,4.2566005338661626,0.0,-9.774784398300314,1.156287486222928,57.76685942343194,95.65948567745062,153.42634510088254
9.775999999999934,9.81,3.93,1,1,0.01,0.01,-7.802418125337577,6.644760018550646,-6.250157215685522,8.41461861916971,62.11359454702037,-126.67681416135726,0.0,-1.9145359377540898,1.5469738701390474,0.0,0.5468597057946213,4.259497635996633,0.0,-9.219392701923491,1.1836406100972758,57.270837421546446,96.1532495903983,153.42408701194475
9.777999999999935,9.81,3.93,1,1,0.01,0.01,-7.814795956162213,6.661339516744332,-6.1285406901830894,8.166678492518361,59.512882973241126,-121.28118577734227,0.0,-1.9134023802870406,1.555494271637335,0.0,0.586026663988329,4.260633422352989,0.0,-8.683647295980471,1.1943878648222985,56.77711187787361,96.64483239633527,153.4219442742089
9.779999999999935,9.81,3.93,1,1,0.01,0.01,-7.826935707310493,6.677433836722472,-6.012051442736451,7.9293912593764135,56.990395911810836,-116.03285071602832,0.0,-1.91219426584424,1.5640153179054415,0.0,0.6214972866711598,4.260166861016848,0.0,-8.168089913257475,1.1916072501357156,56.28574208160896,97.1341672738154,153.41990935542435
9.781999999999936,9.81,3.93,1,1,0.01,0.01,-7.838847462663472,6.693063958422264,-5.900512444900695,7.702417058052445,54.565200661003416,-110.9738601248785,0.0,-1.9109185620930897,1.5725339519444526,0.0,0.6536862039269296,4.258243599097401,0.0,-7.672862707217018,1.1778669725227409,55.79677518716566,97.62119995436205,153.4179751415277
9.783999999999937,9.81,3.93,1,1,0.01,0.01,-7.850540919475052,6.708250109823758,-5.793716677873681,7.485349299236492,52.24862432658093,-106.1297456143753,0.0,-1.9095814590518012,1.5810473949024235,0.0,0.6829576601787885,4.254996163265519,0.0,-7.19781438354193,1.1553012696519958,55.31024839808861,98.10588656132936,153.41613495941797
9.785999999999937,9.81,3.93,1,1,0.01,0.01,-7.862025342359848,6.723011663333951,-5.691440392683241,7.277743005581108,50.046378980814836,-101.51401842384233,0.0,-1.9081884640672633,1.5895531203756903,0.0,0.7096312395978273,4.250544566780199,0.0,-6.742582909382299,1.1256786966712236,54.826190767412164,98.58819181526525,153.4143825826774
9.787999999999938,9.81,3.93,1,1,0.01,0.01,-7.873309539911721,6.737367080611743,-5.593452651323399,7.079135272802465,47.96017481209099,-97.13158916849432,0.0,-1.906744485653471,1.5980488301786402,0.0,0.73398724621909,4.244997142255099,0.0,-6.306659209340975,1.0904618473894532,54.34462467618278,99.0680875485971,153.41271222477988
9.789999999999939,9.81,3.93,1,1,0.01,0.01,-7.884401857464083,6.7513338920786286,-5.499522061989761,6.889059778328804,45.988929533860265,-92.98133557093533,0.0,-1.9052539070254872,1.606532431903238,0.0,0.7562716155448725,4.238451479443652,0.0,-5.889435704685442,1.0508585686616747,53.86556704491641,99.54555147871915,153.41111852363557
9.79199999999994,9.81,3.93,1,1,0.01,0.01,-7.895310181123811,6.764928700779966,-5.409421421573653,6.707056843189244,44.129665431952944,-89.05801035996062,0.0,-1.903720650323042,1.6150020183934495,0.0,0.7767003129896468,4.23099538992203,0.0,-5.490242931714525,1.007865291843405,53.3890303251001,100.0205661954464,153.4095965205465
9.79399999999994,9.81,3.93,1,1,0.01,0.01,-7.906041949465856,6.778167202913217,-5.3229308133136914,6.532680205087401,42.37816809961621,-85.35364523758466,0.0,-1.9021482325547296,1.6234558491351048,0.0,0.7954632214126005,4.22270785011256,0.0,-5.108376880682079,0.9623033546089866,52.9150233104275,100.4931183254941,153.4081416359216
9.79599999999994,9.81,3.93,1,1,0.01,0.01,-7.916604170234158,6.791064219366295,-5.239839575413873,6.365501382381804,40.72946527643948,-81.85857401630656,0.0,-1.9005398142594887,1.6318923334862303,0.0,0.8127275461878591,4.213659894190892,0.0,-4.743119170532336,0.9148492525601788,52.44355180074707,100.96319784273138,153.40674964347846
9.797999999999941,9.81,3.93,1,1,0.01,0.01,-7.927003440118453,6.803633734141735,-5.159947453210587,6.205112291070796,39.17817102795853,-78.56217033936255,0.0,-1.898898241809988,1.6403100156304058,0.0,0.8286407793254422,4.203915441805979,0.0,-4.3937517303372555,0.8660597265546065,51.9746191458586,101.4307974982897,153.40541664414832
9.799999999999942,9.81,3.93,1,1,0.01,0.01,-7.937245966218781,6.815888936691561,-5.083065168064243,6.051126609326751,37.71872983687681,-75.4533729643386,0.0,-1.8972260841932913,1.6487075611150117,0.0,0.8433332691296463,4.19353205424789,0.0,-4.0595672941516305,0.8163925094982264,51.508226691358516,101.89591234915636,153.40413904051488
9.801999999999943,9.81,3.93,1,1,0.01,0.01,-7.947337588212641,6.827842266043407,-5.0090145757602125,5.903180256582864,36.34558677170817,-72.52105389693835,0.0,-1.8955256650103849,1.6570837448295581,0.0,0.8569204420748818,4.182561618193121,0.0,-3.7398767235647026,0.7662234553395769,51.04437414461308,102.35853936770792,153.402913512321
9.803999999999943,9.81,3.93,1,1,0.01,0.01,-7.957283800537613,6.839505455231561,-4.9376285416607155,5.7609312579027,35.053303393776446,-69.75427095715024,0.0,-1.8937990903448934,1.6654374402811216,0.0,0.8695047211141759,4.171050959481129,0.0,-3.4340139407179646,0.7158606698484463,50.58305987555882,102.81867711780465,153.40173699336347
9.805999999999944,9.81,3.93,1,1,0.01,0.01,-7.967089774120964,6.850889575012402,-4.868750625723601,5.624059192153067,33.83663409275077,-67.14243587939183,0.0,-1.892048273066627,1.6737676100310428,0.0,0.8811771808437342,4.15904239125537,0.0,-3.14133907313853,0.6655561660930702,50.12428116425985,103.27632548568482,153.40060664994468
9.807999999999945,9.81,3.93,1,1,0.01,0.01,-7.976760377347283,6.862005076184188,-4.802234645063539,5.492264368610281,32.690573776622074,-64.67542110517948,0.0,-1.890274954059019,1.6820732971666934,0.0,0.8920189756392541,4.146574201737628,0.0,-2.8612402706117956,0.6155154812325268,49.668034404908006,103.73148545603428,153.3995198609423
9.809999999999945,9.81,3.93,1,1,0.01,0.01,-7.986300196070725,6.872861830078355,-4.737944162846063,5.365266836577275,31.610385010080687,-62.34362244636494,0.0,-1.888480720791753,1.6903536176931542,0.0,0.9021025725322894,4.133681087237413,0.0,-2.5931345451263788,0.5659056164983975,49.21431527413233,104.1841589253586,153.39847419949092
9.811999999999946,9.81,3.93,1,1,0.01,0.01,-7.995713552561344,6.883469166967508,-4.675751938339743,5.242805302930261,30.591610574991645,-60.137990315634745,0.0,-1.886667023600539,1.6986077537408417,0.0,0.9114928164716898,4.120394535958396,0.0,-2.3364679007783926,0.5168615987839706,48.763118870011446,104.63434854620897,153.39746741622042
9.813999999999947,9.81,3.93,1,1,0.01,0.01,-8.005004523333827,6.8938359122621105,-4.615539362663361,5.124636010629361,29.630075845018155,-58.050038875017975,0.0,-1.8848351899845919,1.7068349474960072,0.0,0.9202478518471351,4.106743167904939,0.0,-2.090714955871291,0.46849190911219146,48.314439826994196,105.08205759697428,153.39649742396847
9.815999999999947,9.81,3.93,1,1,0.01,0.01,-8.014176955848088,6.903970420457031,-4.557195897215465,5.010531615140115,28.721884189943356,-56.07183996183585,0.0,-1.8829864371880818,1.7150344957713124,0.0,0.9284199207906264,4.092753035813858,0.0,-1.8553782098908491,0.4208829791561018,47.86827241097398,105.52728987289848,153.39556228387247
9.817999999999948,9.81,3.93,1,1,0.01,0.01,-8.023234484099328,6.913880606850619,-4.500618526259104,4.9002800839364244,27.863407752197443,-54.1960068008059,0.0,-1.8811218832938557,1.7232057451430818,0.0,0.9360560558217031,4.078447891604922,0.0,-1.6299870701210848,0.3741029206327583,47.424610597982635,105.97004959475173,153.39466019273436
9.819999999999949,9.81,3.93,1,1,0.01,0.01,-8.032180543133917,6.923573977100267,-4.445711231128482,4.793683635678831,27.051275291605055,-52.41567113889652,0.0,-1.8792425570252191,1.7313480875903884,0.0,0.9431986818423435,4.0638494223987385,0.0,-1.4140967237091047,0.32820462255531285,46.98344813934278,106.41034133221271,153.3937894715555
9.82199999999995,9.81,3.93,1,1,0.01,0.01,-8.041018382539312,6.933057654705068,-4.392384490634112,4.690557729455231,26.28235831668054,-50.7244564243038,0.0,-1.8773494064238667,1.7394609565788037,0.0,0.9498861402835124,4.0489774597172445,0.0,-1.2072869189058448,0.28322832691055067,46.54477861560398,106.8481699395335,153.39294855513748
9.82399999999995,9.81,3.93,1,1,0.01,0.01,-8.049751078963213,6.942338406522272,-4.340554810176577,4.590730110016108,25.55375636864091,-49.11644890132893,0.0,-1.875443306548381,1.747543823538435,0.0,0.9561531463183852,4.033850165074372,0.0,-1.0091607024014295,0.2392037733816542,46.108595481177765,107.28354050147608,153.39213598265385
9.82599999999995,9.81,3.93,1,1,0.01,0.01,-8.058381547720634,6.951422666432707,-4.29014428061891,4.494039911773196,24.862782065425552,-47.58616794090041,0.0,-1.8735250663175602,1.7555961946919267,0.0,0.9620311884480184,4.018484194789309,0.0,-0.8193431469049284,0.19615198745481566,45.67489210124387,107.71645828785503,153.3913503890989
9.827999999999951,9.81,3.93,1,1,0.01,0.01,-8.066912553548557,6.9603165572735755,-4.241080166952663,4.400336822117458,24.20694632332465,-46.128536521159624,0.0,-1.8715954346056398,1.763617608193413,0.0,0.9675488783961137,4.002894846515382,0.0,-0.637480093441591,0.1540867729628708,45.24366178222844,108.14692871530245,153.3905904975309
9.829999999999952,9.81,3.93,1,1,0.01,0.01,-8.07534672056722,6.9690259111565,-4.193294526103305,4.30948030309546,23.58394403544534,-44.73885247611956,0.0,-1.8696551056818098,1.7716076315441076,0.0,0.9727322580868655,3.987096189673641,0.0,-0.4632369255294015,0.11301595927544342,44.81489779692966,108.57495731510384,153.3898551120335
9.831999999999953,9.81,3.93,1,1,0.01,0.01,-8.083686541505262,6.977556288285702,-4.146723852767943,4.221338869474562,22.991640385860563,-43.41276091473579,0.0,-1.8677047240738958,1.779565859254267,0.0,0.9776050694929103,3.971101181710466,0.0,-0.29629738689427126,0.07294244448855272,44.38859340517867,109.00054970614268,153.38914311132135
9.833999999999953,9.81,3.93,1,1,0.01,0.01,-8.09193438624343,6.985912994386562,-4.101308751897068,4.135789420587148,22.428057905990926,-42.14622805684457,0.0,-1.8657448889253565,1.7874919107249299,0.0,0.982188992303475,3.9549217718603282,0.0,-0.13636245026262733,0.03386506872637396,43.96474187077776,109.42371157215285,153.3884534429306
9.835999999999954,9.81,3.93,1,1,0.01,0.01,-8.100092509728613,6.9941010968491835,-4.056993636273406,4.052716622969255,21.891364328221375,-40.935516620763366,0.0,-1.8637761579056058,1.7953854283259312,0.0,0.9865038536522993,3.938568993885651,0.0,0.016850758295877843,-0.004220654258349542,43.54333647532765,109.84444864260581,153.38778511793345
9.837999999999955,9.81,3.93,1,1,0.01,0.01,-8.108163059306786,7.002125439685388,-4.0137264475695105,3.9720123406231593,21.379861255471475,-39.777162818296816,0.0,-1.8617990507257853,1.803246075649457,0.0,0.9905678135419459,3.922053049082327,0.0,0.1636099772644439,-0.04132192385577438,43.12437052945795,110.26276667666848,153.38713720612643
9.839999999999955,9.81,3.93,1,1,0.01,0.01,-8.116148081520192,7.009990657391179,-3.971458399254914,3.8935751096804836,20.89197364037489,-38.66795495785505,0.0,-1.8598140523053892,1.8110735359208245,0.0,0.9943975290886331,3.9053833806792184,0.0,0.30416876925264663,-0.07744813839970768,42.707837381886236,110.67867144975789,153.3865088316441
9.841999999999956,9.81,3.93,1,1,0.01,0.01,-8.124049528410843,7.0177011878002675,-3.9301437397544463,3.817309654280984,20.426240050857984,-37.60491361894806,0.0,-1.8578216156293341,1.8188675105503056,0.0,0.9980083002761055,3.888568740620087,0.0,0.4387674228709354,-0.1126104639328354,42.29373042666453,111.0921687422948,153.38589916895933
9.843999999999957,9.81,3.93,1,1,0.01,0.01,-8.131869263369312,7.025261284007992,-3.8897395343174743,3.743126440582091,19.981303688009532,-36.585273336724796,0.0,-1.855822164330077,1.826627717811622,0.0,1.001414199535788,3.871617249594439,0.0,0.5676337983625934,-0.1468214725709987,41.882043108910565,111.50326433031879,153.38530743922934
9.845999999999957,9.81,3.93,1,1,0.01,0.01,-8.139609066564732,7.032675025438918,-3.85020546413328,3.6709412659535947,19.555904115541075,-35.60646571993458,0.0,-1.8538160950250713,1.8343538916343913,0.0,1.0046281871541503,3.8545364510774154,0.0,0.6909841190169517,-0.18009483932789655,41.47276892927465,111.91196397768076,153.3847329069554
9.847999999999958,9.81,3.93,1,1,0.01,0.01,-8.147270639989133,7.0399463281256836,-3.811503641313123,3.6006748805746653,19.148869656629596,-34.666103917095946,0.0,-1.8518037794361306,1.8420457804992376,0.0,1.0076622142380731,3.8373333600462525,0.0,0.8090237107558591,-0.21244508810189097,41.06590144735293,112.31827342957357,153.3841748769265
9.849999999999959,9.81,3.93,1,1,0.01,0.01,-8.154855612146505,7.047078954261247,-3.7735984384496106,3.5322526388253643,18.75911041260259,-33.761968341818374,0.0,-1.8497855663140503,1.8497031464254934,0.0,1.010527314737841,3.820014506960045,0.0,0.9219476925048545,-0.24388737905005656,40.6614342842226,112.72219840719558,153.38363269141817
9.85199999999996,9.81,3.93,1,1,0.01,0.01,-8.162365542414575,7.0540765210816785,-3.7364563315551176,3.465604178043896,18.385611858104284,-32.89199356771064,0.0,-1.8477617831890285,1.8573257640425758,0.0,1.0132336878296286,3.802585977519089,0.0,1.0299416200700295,-0.2744373308381137,40.25936112424802,113.12374460337622,153.38310572762424
9.85399999999996,9.81,3.93,1,1,0.01,0.01,-8.169801925104892,7.060942509131941,-3.7000457552706596,3.400663122398555,18.02742896858341,-32.054256305074965,0.0,-1.8457327379650192,1.8649134197370265,0.0,1.0157907717894186,3.7850534486587404,0.0,1.1331820862710615,-0.3041108723046214,39.85967571628244,113.52291767901485,153.3825933952973
9.85599999999996,9.81,3.93,1,1,0.01,0.01,-8.177166193244748,7.067680269962778,-3.664336969323176,3.337366809795868,17.68368083780887,-31.24696437485629,0.0,-1.8436987203740067,1.8724659108681474,0.0,1.0182073103445843,3.76742222117892,0.0,1.231837280052172,-0.33292411895145096,39.46237187437052,113.91972326021136,153.38209513458187
9.857999999999961,9.81,3.93,1,1,0.01,0.01,-8.18445972210247,7.074293033302855,-3.6293019352915477,3.275656039911396,17.353545745395582,-30.46844659954055,0.0,-1.8416600033043913,1.8799830450457877,0.0,1.0204914123634743,3.749697249363687,0.0,1.3260675072237593,-0.36089327040089086,39.06744347804019,114.31416693597821,153.38161041401838
9.859999999999962,9.81,3.93,1,1,0.01,0.01,-8.191683832475837,7.080783913746601,-3.594914202819247,3.215474841585606,17.036256636816493,-29.717143535454532,0.0,-1.8396168440160063,1.8874646394646564,0.0,1.022650605635413,3.7318831679041407,0.0,1.416025675390395,-0.38803452556810564,38.67488447225817,114.70625425644744,153.3811387287056
9.861999999999963,9.81,3.93,1,1,0.01,0.01,-8.198839793761683,7.087155916994859,-3.561148804483984,3.156770257973306,16.731096980965418,-28.99159897594637,0.0,-1.8375694852529474,1.894910520290027,0.0,1.0246918853997353,3.7139843164021276,0.0,1.5018577455059166,-0.4143640128064629,38.284688867112706,115.09599073149415,153.38067959860686
9.863999999999963,9.81,3.93,1,1,0.01,0.01,-8.20592882682332,7.093411945682338,-3.527982158602004,3.0994921479711257,16.437396972921874,-28.290452160001937,0.0,-1.8355181562640948,1.9023205220901818,0.0,1.0266217582014956,3.696004761700703,0.0,1.5837031523705138,-0.4398977327095576,37.89685073727559,115.48338182970815,153.38023256698375
9.865999999999964,9.81,3.93,1,1,0.01,0.01,-8.21295210667092,7.099554804823076,-3.495391979306848,3.043593002573398,16.154530052089598,-27.612430625840165,0.0,-1.8334630737401758,1.9096944873116093,0.0,1.0284462815817643,3.6779483182596477,0.0,1.6616951962535538,-0.4646515116117523,37.511364221288645,115.86843297766359,153.37979719895225
9.867999999999965,9.81,3.93,1,1,0.01,0.01,-8.21991076496885,7.105587206902497,-3.4633571932996112,2.9890277749228664,15.881909708303137,-26.956343653852244,0.0,-1.831404442675236,1.917032265793102,0.0,1.0301711000489668,3.659818566770203,0.0,1.7359614076932617,-0.4886409641295775,37.12822352071218,116.25114955943258,153.37937308014477
9.869999999999965,9.81,3.93,1,1,0.01,0.01,-8.226805892382682,7.11151177664232,-3.431857862720237,2.935753722929301,15.618986550784287,-26.321076247823118,0.0,-1.829342457159551,1.92433371431549,0.0,1.0318014777252382,3.64161887118168,0.0,1.806623887393098,-0.5118814633396913,36.74742289916654,116.6315369163053,153.37895981547183
9.871999999999966,9.81,3.93,1,1,0.01,0.01,-8.23363854077768,7.117331055462411,-3.4008751136374467,2.883730263426873,15.36524561697889,-25.70558360768605,0.0,-1.827277301110277,1.9315986961839715,0.0,1.0333423280154141,3.6233523942939603,0.0,1.873799623006871,-0.5343881174024269,36.368956681293604,117.00960034668097,153.37855702797458
9.873999999999967,9.81,3.93,1,1,0.01,0.01,-8.240409725279473,7.123047505661689,-3.3703910696988273,2.8329188369305762,15.120203900302595,-25.108886051082433,0.0,-1.8252091489454856,1.9388270808403028,0.0,1.0347982406061016,3.6050221120532226,0.0,1.9376007844814849,-0.5561757516201448,35.992819251660144,117.38534510609952,153.37816435775966
9.875999999999967,9.81,3.93,1,1,0.01,0.01,-8.247120426206855,7.128663514338436,-3.3403887905226655,2.7832827821336537,14.883408077671705,-24.530064344727027,0.0,-1.8231381662066308,1.9460187435023997,0.0,1.0361735060671644,3.5866308266736553,0.0,1.9981349995088302,-0.5772588950719354,35.619005053621756,117.7587764073892,153.37778146101095
9.877999999999968,9.81,3.93,1,1,0.01,0.01,-8.253771590885776,7.134181397068672,-3.3108522144496444,2.7347872193625107,14.654432419399429,-23.968255410024486,0.0,-1.8210645101340202,1.9531735648290944,0.0,1.0374721382970709,3.5681811786949913,0.0,2.0555056105270664,-0.597651771095066,35.24750858816276,118.12989942090766,153.37740800907042
9.879999999999969,9.81,3.93,1,1,0.01,0.01,-8.260364135352908,7.1396034013598015,-3.2817661053057714,2.6873989422734956,14.432876865598615,-23.422648370543833,0.0,-1.8189883301993526,1.9602914306080144,0.0,1.0386978950266548,3.549675658074204,0.0,2.109811914606714,-0.6173682909928384,34.87832441272431,118.49871927485776,153.37704368758207
9.88199999999997,9.81,3.93,1,1,0.01,0.01,-8.266898945956486,7.144931709895344,-3.253116002858176,2.6410863171377694,14.218365254661189,-22.89248091185725,0.0,-1.8169097685990456,1.9673722314647697,0.0,1.039854296572179,3.5311166143996124,0.0,2.1611493874587264,-0.6364220504412283,34.511447140032786,118.86524105566366,153.37668819569643
9.88399999999997,9.81,3.93,1,1,0.01,0.01,-8.273376880861498,7.150168443585323,-3.2248881766729474,2.5958191891167917,14.010543690690197,-22.377035926900916,0.0,-1.8148289607116515,1.9744158625917692,0.0,1.040944643007704,3.5125062663066093,0.0,2.2096098927098216,-0.6548263281453576,34.14687143693505,119.2294698083935,153.37634124532855
9.88599999999997,9.81,3.93,1,1,0.01,0.01,-8.279798771465778,7.155315664435734,-3.1970695831092315,2.551568794982179,13.809079037948047,-21.875638422431216,0.0,-1.8127460355223863,1.9814222234950933,0.0,1.0419720299083657,3.4938467101662667,0.0,2.255281877504839,-0.6725940863637481,33.78459202324953,119.59141053721521,153.37600256046474
9.887999999999971,9.81,3.93,1,1,0.01,0.01,-8.286165423733017,7.160375378249476,-3.1696478252065754,2.5083076817803125,13.613657531465845,-21.38765266435039,0.0,-1.810661116017482,1.988391217758092,0.0,1.0429393628001442,3.4751399281109054,0.0,2.2982505554162893,-0.6897379729753566,33.424603670637666,119.95106820587819,153.37567187651587
9.889999999999972,9.81,3.93,1,1,0.01,0.01,-8.292477619448253,7.1653495371701785,-3.14261111524322,2.4660096309844883,13.423983493942155,-20.912479541679545,0.0,-1.8085743195508375,1.9953227528204438,0.0,1.0438493704373506,3.456387795454447,0.0,2.3385980775675455,-0.7062703248128783,33.06690120150097,120.30844773821354,153.3753489397145
9.891999999999973,9.81,3.93,1,1,0.01,0.01,-8.29873611740098,7.17024004207946,-3.1159482397618836,2.4246495877160004,13.239778149951658,-20.4495541307757,0.0,-1.806485758185186,2.0022167397714457,0.0,1.0447046170162435,3.437592087559678,0.0,2.3764036928077554,-0.7222031720270572,32.7114794879067,120.66355401864182,153.3750335065485
9.893999999999973,9.81,3.93,1,1,0.01,0.01,-8.304941654500615,7.175048744857381,-3.0896485268767098,2.3842035946506765,13.060778529293563,-19.998343443041414,0.0,-1.8043955390098239,2.009073093156564,0.0,1.0455075134223346,3.4187544861995196,0.0,2.4117438977132966,-0.7375482432822357,32.358333450545665,121.01639189268724,153.3747253432329
9.895999999999974,9.81,3.93,1,1,0.01,0.01,-8.311094946828725,7.179777450515104,-3.063701815690647,2.3446487302593675,12.88673645204529,-19.55834434087713,0.0,-1.8023037644367292,2.01589173079622,0.0,1.046260327598687,3.399876585454904,0.0,2.4446925771322827,-0.7523169716133294,32.00745805772307,121.36696616749083,153.3744242252139
9.897999999999975,9.81,3.93,1,1,0.01,0.01,-8.317196690632057,7.184427919208082,-3.0380984276667293,2.3059630510600027,12.71741758855156,-19.129081607984613,0.0,-1.8002105324767652,2.0226725736159286,0.0,1.0469651941138471,3.380959897187841,0.0,2.475321135934581,-0.766520500800212,31.65884832438543,121.71528161231868,153.3741299367041
9.899999999999975,9.81,3.93,1,1,0.01,0.01,-8.323247563260157,7.1890018681375345,-3.0128291398096385,2.268125537585361,12.55260058818452,-18.71010616136693,0.0,-1.7981159369974793,2.029415545487036,0.0,1.0476241230002898,3.362005856124563,0.0,2.5036986225800293,-0.7801696921375787,31.31249931118285,122.06134295906492,153.37384227024776
9.901999999999976,9.81,3.93,1,1,0.01,0.01,-8.329248224051035,7.193500973347329,-2.987885159525714,2.231116043794871,12.39207627125688,-18.30099339348842,0.0,-1.796020067963906,2.0361205730771994,0.0,1.048239007926967,3.3430158245805566,0.0,2.5298918450717216,-0.7932751314969441,30.968406123568734,122.40515490274174,153.37356102631048
9.903999999999977,9.81,3.93,1,1,0.01,0.01,-8.335199315168143,7.197926871422934,-2.963258101040297,2.1949152496808,12.235646878967604,-17.90134163407518,0.0,-1.7939230116636418,2.0427875857100224,0.0,1.0488116337636864,3.3239910968562008,0.0,2.55396547981873,-0.8058471365937656,30.626563910935868,122.74672210195905,153.3732860128949
9.905999999999977,9.81,3.93,1,1,0.01,0.01,-8.341101462391638,7.202281161098573,-2.938939963261095,2.1595046168392966,12.083125376708828,-17.5107707219567,0.0,-1.7918248509173487,2.0494165152331703,0.0,1.0493436835892431,3.3049329033292474,0.0,2.575982173893716,-0.8178957643862848,30.28696786578978,123.08604917938979,153.37301704517958
9.907999999999978,9.81,3.93,1,1,0.01,0.01,-8.34695527586674,7.206565404778321,-2.9149231089851546,2.1248663467950895,11.934334806472345,-17.128920678187434,0.0,-1.789725665275768,2.05600729589436,0.0,1.0498367451902808,3.2858424142679867,0.0,2.5960026411348367,-0.8294308185444504,29.949613222958483,123.42314072221902,153.3727539451775
9.909999999999979,9.81,3.93,1,1,0.01,0.01,-8.352761350811772,7.21078112997643,-2.8912002453552104,2.0909833418854116,11.789107684463325,-16.755450472443876,0.0,-1.787625531204199,2.0625598642247573,0.0,1.0502923170935925,3.2667207433867937,0.0,2.6140857525081884,-0.8404618569375176,29.61449525883814,123.75800128257853,153.37249654141667
9.91199999999998,9.81,3.93,1,1,0.01,0.01,-8.358520268188274,7.214929830681838,-2.8677644054785896,2.0578391685240174,11.647285440366094,-16.390036875383352,0.0,-1.7855245222553586,2.069074158929212,0.0,1.0507118141702723,3.247568951163882,0.0,2.630288621116435,-0.8509981990972698,29.28160929067448,124.09063537796321,153.37224466863768
9.91399999999998,9.81,3.93,1,1,0.01,0.01,-8.364232595335466,7.219012968651441,-2.844608931128674,2.025418022680156,11.50871789501199,-16.03237339027632,0.0,-1.7834227092314139,2.0755501207829243,0.0,1.051096572846879,3.228388047939358,0.0,2.6446666822111156,-0.8610489336214534,28.950950675878197,124.42104749163072,153.3719981675089
9.91599999999998,9.81,3.93,1,1,0.01,0.01,-8.369898886571123,7.223031974636419,-2.821727456455129,1.993704697420164,11.37326277347638,-15.68216925779193,0.0,-1.781320160335978,2.0819876925340917,0.0,1.0514478559552933,3.209178996810085,0.0,2.6572737685400463,-0.8706229254880726,28.62251481137455,124.74924207298336,153.37175688435792
9.917999999999981,9.81,3.93,1,1,0.01,0.01,-8.375519683760833,7.226988249545583,-2.7991138926347983,1.9626845523710499,11.24078525088433,-15.339148528334098,0.0,-1.779216941316729,2.088386818812151,0.0,1.051766857250229,3.1899427163365095,0.0,2.6681621813373546,-0.8797288232567334,28.296297132985273,125.07522353793183,153.3715206709171
9.919999999999982,9.81,3.93,1,1,0.01,0.01,-8.381095516857435,7.23088316554946,-2.7767624134003817,1.9323434849761842,11.111157528433315,-15.003049196795168,0.0,-1.7771131155993087,2.0947474460412696,0.0,1.05205470562072,3.1706800830752577,0.0,2.6773827572414626,-0.8883750661377593,27.972293114842202,125.39899626924196,153.37128938408415
9.921999999999983,9.81,3.93,1,1,0.01,0.01,-8.386626904412347,7.234718067128588,-2.75466744138877,1.9026679034230245,10.984258437350027,-14.67362239502179,0.0,-1.775008744413083,2.101069522358747,0.0,1.0523124690195258,3.15139193395019,0.0,2.6849849314059524,-0.8965698909136949,27.650498268831434,125.72056461686446,153.3710628856959
9.923999999999984,9.81,3.93,1,1,0.01,0.01,-8.392114354060366,7.238494272069241,-2.7328236352552966,1.8736447011318313,10.859973068688035,-14.350631637677726,0.0,-1.77290388690931,2.1073529975379683,0.0,1.052541158132254,3.1320790684736073,0.0,2.691016797049472,-0.904321338701117,27.33090814406698,126.03993289824558,153.37084104231258
9.925999999999984,9.81,3.93,1,1,0.01,0.01,-8.39755836297942,7.242213072409606,-2.711225877504169,1.8452612327025983,10.738192427045535,-14.033852117541509,0.0,-1.7707986002722058,2.113597822915707,0.0,1.0527417298062747,3.1127422508282043,0.0,2.6955251616732854,-0.91163726154366,27.01351832639238,126.35710539862329,153.37062372501566
9.927999999999985,9.81,3.93,1,1,0.01,0.01,-8.40295941832666,7.245875735339232,-2.6898692629890304,1.8175052912250138,10.61881310644026,-13.72307004660167,0.0,-1.7686929398233868,2.1198039513234233,0.0,1.0529150902574882,3.093382211819688,0.0,2.6985556001591835,-0.9185253288293229,26.698324437909832,126.67208637130511,153.37041080921495
9.929999999999986,9.81,3.93,1,1,0.01,0.01,-8.408317997652178,7.24948350405439,-2.6687490880409777,1.7903650868632495,10.501736986721724,-13.41808203960555,0.0,-1.7665869591200973,2.125971337022368,0.0,1.0530620980717305,3.0739996507089997,0.0,2.7001525049454047,-0.9249930335273873,26.385322136534928,126.98488003793132,153.37020217446624
9.931999999999986,9.81,3.93,1,1,0.01,0.01,-8.413634569291595,7.253037598571808,-2.6478608401844697,1.7638292266337874,10.386870949032032,-13.118694536987508,0.0,-1.7644807100476358,2.132099935642231,0.0,1.0531835670159864,3.05459523693254,0.0,2.7003591334647075,-0.9310476982418495,26.074507115576466,127.29549058872206,153.36999770429853
9.933999999999987,9.81,3.93,1,1,0.01,0.01,-8.418909592738617,7.2565392165030875,-2.6272001884044203,1.7378866953003902,10.274126608945961,-12.824723264347208,0.0,-1.7623742429063254,2.1381897041231124,0.0,1.0532802686733886,3.0351696117179983,0.0,2.6992176530158076,-0.936696481079751,25.76587510333973,127.60392218270945,153.3697972860492
9.935999999999988,9.81,3.93,1,1,0.01,0.01,-8.424143518998656,7.259989533791974,-2.6067629739303904,1.712526837315759,10.163420066029902,-12.535992725872934,0.0,-1.760267606493393,2.1442406006606616,0.0,1.0533529349148527,3.0157233896028766,0.0,2.696769183227817,-0.941946381334072,25.459421862752542,127.91017894795661,153.36960081070916
9.937999999999988,9.81,3.93,1,1,0.01,0.01,-8.429336790924522,7.263389705416499,-2.5865452015062202,1.6877393397444176,10.054671668659333,-12.252335729310435,0.0,-1.7581608481800477,2.150252584654112,0.0,1.0534022602189759,2.9962571598622403,0.0,2.6930538362663445,-0.9468042449816899,25.155143191012606,128.214264981761,153.3694081727736
9.939999999999989,9.81,3.93,1,1,0.01,0.01,-8.434489843535086,7.266740866057895,-2.566543031115671,1.6635142161059775,9.94780579302494,-11.973592940263742,0.0,-1.7560540139840657,2.1562256166571356,0.0,1.0534289038511369,2.976771487851696,0.0,2.6881107549198617,-0.9512767699979932,24.8530349192554,128.51618435084671,153.36921927010212
9.94199999999999,9.81,3.93,1,1,0.01,0.01,-8.43960310431786,7.270044130738078,-2.5467527701366914,1.6398417910821848,9.842750635341726,-11.699612463787702,0.0,-1.7539471486381542,2.162159658331261,0.0,1.0534334919115538,2.9572669162711973,0.0,2.681978148695626,-0.9553705114901517,24.553092912241347,128.81594109154258,153.36903400378392
9.94399999999999,9.81,3.93,1,1,0.01,0.01,-8.444676993516268,7.273300595427354,-2.5271708658988294,1.6167126860350758,9.739438016350839,-11.430249451387136,0.0,-1.7518402956543317,2.168054672401772,0.0,1.0534166192615373,2.9377439663547893,0.0,2.6746933280457346,-0.9590918866518581,24.255313068061362,129.11353920994947,153.36885227801082
9.94599999999999,9.81,3.93,1,1,0.01,0.01,-8.449711924402433,7.276511337623944,-2.5077938986200574,1.5941178052871934,9.637803197274541,-11.16536573168293,0.0,-1.7497334973845815,2.173910622615916,0.0,1.053378851336281,2.918203138991114,0.0,2.666292736835953,-0.9624471795426567,23.959691317859793,129.40898268209645,153.36867399995623
9.947999999999992,9.81,3.93,1,1,0.01,0.01,-8.454708303536181,7.279677416906776,-2.488618574700883,1.572048323118155,9.537784706448363,-10.904829463136295,0.0,-1.747626795077979,2.1797274737032586,0.0,1.053320725851868,2.89864491577907,0.0,2.656811983162419,-0.9654425456953332,23.666223625573643,129.70227545408486,153.3684990796585
9.949999999999992,9.81,3.93,1,1,0.01,0.01,-8.45966653101099,7.2827998754629695,-2.4696417203551237,1.5504956714349665,9.439324175913168,-10.648514807343618,0.0,-1.7455202289345082,2.185505191338126,0.0,1.0532427544137246,2.8790697600227375,0.0,2.646285868614468,-0.9680840165552661,23.374905987687487,129.99342144222413,153.36832742991163
9.951999999999993,9.81,3.93,1,1,0.01,0.01,-8.464587000687509,7.2858797385912855,-2.4508602755580937,1.5294515280763328,9.342366187304115,-10.396301621525602,0.0,-1.7434138381557531,2.1912437421039486,0.0,1.0531454240330012,2.859478117669374,0.0,2.6347484160753782,-0.9703775037556746,23.085734433002745,130.28242453315664,153.3681589661594
9.953999999999994,9.81,3.93,1,1,0.01,0.01,-8.469470100415279,7.288918015182799,-2.4322712882942343,1.508907805713868,9.246858126422511,-10.148075168935886,0.0,-1.741307660992646,2.196943093459449,0.0,1.0530291985570044,2.8398704181940313,0.0,2.6222328961469055,-0.9723288032329953,22.79870502242092,130.56928858397464,153.36799360639554
9.955999999999994,9.81,3.93,1,1,0.01,0.01,-8.474316212243243,7.291915698179936,-2.413871909087394,1.4888566413155617,9.152750045922415,-9.903725846008587,0.0,-1.7392017347904267,2.202603213706541,0.0,1.0528945200192763,2.8202470754340596,0.0,2.6087718522778656,-0.9739435991866606,22.513813848739506,130.8540174223284,153.36783127106793
9.957999999999995,9.81,3.93,1,1,0.01,0.01,-8.479125712619572,7.294873765014971,-2.395659385798064,1.4692903861391313,9.059994535585371,-9.663148925150013,0.0,-1.737096096030992,2.208224071959841,0.0,1.052741809914469,2.8006084883765965,0.0,2.594397124671955,-0.9752274678876073,22.231057036460243,131.1366148465265,153.36767188298674
9.959999999999996,9.81,3.93,1,1,0.01,0.01,-8.483898972581349,7.297793178029026,-2.3776310586728844,1.4502015962250006,8.96854659969517,-9.426244312159263,0.0,-1.7349907803727547,2.213805638117725,0.0,1.052571470402882,2.780955041901854,0.0,2.579139873045124,-0.976185881339975,21.95043074160858,131.417084625629,153.3675153672376
9.961999999999996,9.81,3.93,1,1,0.01,0.01,-8.488636357934588,7.300674884872514,-2.359784355632687,1.4315830233606006,8.878363541059965,-9.192916317335394,0.0,-1.7328858226881638,2.219347882834814,0.0,1.0523838854490266,2.761287107484881,0.0,2.563030598298388,-0.9768242108003141,21.6719311515638,131.6954304995335,153.3673616510973
9.963999999999997,9.81,3.93,1,1,0.01,0.01,-8.493338229425069,7.3035198188879775,-2.3421167877861935,1.413427606489505,8.789404851261208,-8.963073439395728,0.0,-1.7307812570990138,2.224850777495846,0.0,1.0521794218984137,2.741605043858273,0.0,2.5460991631678227,-0.977147730158773,21.395554484899108,131.97165617905557,153.36721066395467
9.965999999999998,9.81,3.93,1,1,0.01,0.01,-8.49800494290039,7.30632889947616,-2.3246259451573192,1.395728463540601,8.70163210673963,-8.736628161392723,0.0,-1.728677117009652,2.2303142941908116,0.0,1.0519584304963046,2.7219091976381398,0.0,2.528374811909556,-0.9771616191865199,21.1212969912309,132.24576534600268,153.3670623372336
9.967999999999998,9.81,3.93,1,1,0.01,0.01,-8.502636849463714,7.309103032446136,-2.3073094926147752,1.3784788836540633,8.615008870355418,-8.513496757873186,0.0,-1.7265734351382074,2.2357384056913165,0.0,1.0517212468520099,2.702199903915486,0.0,2.509886189074025,-0.9768709666537434,20.849154951076684,132.5177616532428,153.36691660431947
9.969999999999999,9.81,3.93,1,1,0.01,0.01,-8.507234295619531,7.311843110350278,-2.290165165993356,1.3616723197823588,8.52950059808543,-8.293599112576445,0.0,-1.7244702435459454,2.2411230854281063,0.0,1.051468192352039,2.682477486815035,0.0,2.490661357420366,-0.9762807733224588,20.579124675721165,132.78764872476884,153.36677340049002
9.972,9.81,3.93,1,1,0.01,0.01,-8.511797623411875,7.314550012804776,-2.273190768396959,1.3453023816458651,8.445074550544161,-8.076858546017435,0.0,-1.7223675736648372,2.2464683074696548,0.0,1.0511995750251013,2.6627422600233643,0.0,2.4707278150186505,-0.9753959548182155,20.31120250708936,133.05543015575776,153.3666326628471
9.974,9.81,3.93,1,1,0.01,0.01,-8.516327170555304,7.31722460679641,-2.256384166673987,1.3293628290239508,8.361699709036342,-7.863201652344916,0.0,-1.720265456323451,2.2517740465017972,0.0,1.0509156903618477,2.642994527288127,0.0,2.450112511584775,-0.9742213443848025,20.04538481762705,133.3211095126259,153.36649433025295
9.976,9.81,3.93,1,1,0.01,0.01,-8.520823270559003,7.319867746976228,-2.2397432880563377,1.3138475653635404,8.279346695869666,-7.652558144907275,0.0,-1.7181639217712457,2.2570402778083336,0.0,1.0506168220919867,2.6232345828900216,0.0,2.428841864090101,-0.972761695525917,19.781668010187275,133.58469033308103,153.3663583432683
9.978000000000002,9.81,3.93,1,1,0.01,0.01,-8.525286252844323,7.322480275940738,-2.223266116953725,1.298750631688286,8.197987698674218,-7.444860709996328,0.0,-1.716062999701348,2.2622669772525277,0.0,1.050303242921188,2.6034627120890463,0.0,2.4069417716852954,-0.9710216845376004,19.520048517922724,133.84617612616975,153.36622464409248
9.980000000000002,9.81,3.93,1,1,0.01,0.01,-8.529716442856051,7.325063024501212,-2.2069506918955493,1.284066200792487,8.11759639849263,-7.240044868275506,0.0,-1.7139627192718974,2.2674541212595143,0.0,1.0499752152301656,2.5836791915464876,0.0,2.3844376299755403,-0.9690059129353124,19.26052280418362,134.105570372324,153.3660931765076
9.982000000000003,9.81,3.93,1,1,0.01,0.01,-8.534114162167707,7.3276168119416445,-2.190795102613002,1.2697885717048565,8.038147901420857,-7.038048843431909,0.0,-1.7118631091260281,2.2726016867994865,0.0,1.049632991737955,2.5638842897240357,0.0,2.3613543446819945,-0.9667189097791773,19.00308736242027,134.36287652340283,153.3659638858231
9.984000000000004,9.81,3.93,1,1,0.01,0.01,-8.538479728581148,7.330142446265902,-2.1747974872545153,1.255912164408121,7.95961867359397,-6.838813437621784,0.0,-1.7097641974105566,2.277709651371681,0.0,1.049276816131471,2.544078267261266,0.0,2.337716344722277,-0.9641651339010425,18.747738716090367,134.61809800273295,153.36583671882332
9.986000000000004,9.81,3.93,1,1,0.01,0.01,-8.542813456220717,7.332640724434553,-2.1589560297280483,1.2424315148012737,7.881986479325048,-6.642281913307735,0.0,-1.7076660117934455,2.282777992989107,0.0,1.0489069236631878,2.5242613773327203,0.0,2.3135475947408706,-0.9613489760367847,18.494473418570166,134.87123820514785,153.36571162371803
9.988000000000005,9.81,3.93,1,1,0.01,0.01,-8.547115655622209,7.335112432591854,-2.143268957164101,1.2293412698920756,7.805230322218132,-6.448399881112363,0.0,-1.705568579480096,2.2878066901639382,0.0,1.048523541718614,2.5044338659857077,0.0,2.288871607118433,-0.9582747608671299,18.243288053069378,135.12230049702322,153.36558855009258
9.990000000000006,9.81,3.93,1,1,0.01,0.01,-8.551386633816877,7.3375583462833465,-2.1277345374936623,1.2166361832081294,7.7293303890875595,-6.2571151933372064,0.0,-1.7034719272285463,2.292795721893584,0.0,1.0481268903552758,2.4845959724599025,0.0,2.2637114534873692,-0.9549467489703213,17.994179232549456,135.37128821631268,153.36546744886215
9.992000000000006,9.81,3.93,1,1,0.01,0.01,-8.555626694410698,7.339979230664477,-2.1123510771356515,1.204311110415525,7.654267996526821,-6.068377842818186,0.0,-1.7013760813636045,2.2977450676473983,0.0,1.047717182814709,2.4647479294897003,0.0,2.2380897757793177,-0.9513691386897294,17.74714359964478,135.6182046725824,153.36534827222718
9.994000000000007,9.81,3.93,1,1,0.01,0.01,-8.559836137659127,7.342375840700662,-2.097116918788688,1.1923610051346958,7.580025539980617,-5.882139866810775,0.0,-1.699281067789994,2.302654707353931,0.0,1.0472946260087959,2.4448899635903465,0.0,2.212028796828863,-0.9475460679193725,17.50217782658647,135.8630531470431,153.36523097362956
9.996000000000008,9.81,3.93,1,1,0.01,0.01,-8.564015260537532,7.344748921359165,-2.0820304393223346,1.1807809149437167,7.506586445182644,-5.698355255616766,0.0,-1.6971869120045482,2.3075246213887795,0.0,1.0468594209819027,2.4250222953286507,0.0,2.185550330556172,-0.9434816158103669,17.259278615128586,136.1058368925829,153.36511550771147
9.998000000000008,9.81,3.93,1,1,0.01,0.01,-8.568164356807504,7.347099207793169,-2.0670900477632053,1.1695659775598335,7.433935121830577,-5.516979865683125,0.0,-1.6950936391074987,2.312354790562947,0.0,1.0464117633499828,2.4051451395791754,0.0,2.158675791750146,-0.9391798044010852,17.01844269647625,136.3465591337993,153.36500183027556
10.000000000000009,9.81,3.93,1,1,0.01,0.01,-8.572283717079232,7.349427425518376,-2.052294183371588,1.1587114171905342,7.362056919377846,-5.3379713369205515,0.0,-1.6930012738129172,2.3171451961117033,0.0,1.045951843717837,2.3852587057666828,0.0,2.131426205472302,-0.9346446001737543,16.77966683121572,136.58522306703074,153.36488989824647
10.00200000000001,9.81,3.93,1,1,0.01,0.01,-8.576373628870126,7.351734290582472,-2.0376413138044596,1.148212541045962,7.290938084829137,-5.161289014004682,0.0,-1.690909840458334,2.321895819683906,0.0,1.0454798480756207,2.365363198095569,0.0,2.103822216100491,-0.9298799155401373,16.5429478092457,136.82183186038753,153.36477966963324
10.00400000000001,9.81,3.93,1,1,0.01,0.01,-8.580434376659834,7.354020509727778,-2.0231299333609982,1.1380647360049312,7.220565722433648,-4.986893871437847,0.0,-1.6888193630135906,2.3266066433317922,0.0,1.0449959581756665,2.3454588157670075,0.0,2.075884096030481,-0.9248896102588793,16.308282449710077,137.05638865378404,153.36467110349412
10.00600000000001,9.81,3.93,1,1,0.01,0.01,-8.584466241941845,7.3562867805473715,-2.0087585613068932,1.1282634654272314,7.150927755176718,-4.814748442163215,0.0,-1.6867298650889508,2.331277649501178,0.0,1.0445003518905371,2.3255457531844574,0.0,2.047631754052404,-0.9196774927869297,16.075667600931677,137.28889655897066,153.36456415990233
10.008000000000012,9.81,3.93,1,1,0.01,0.01,-8.588469503271803,7.358533791634979,-1.9945257402739502,1.1188042661053184,7.082012887976461,-4.6448167495356145,0.0,-1.6846413699425224,2.3359088210220564,0.0,1.0439932035532449,2.305624200148191,0.0,2.0190847434181114,-0.9142473215674404,15.84510014034662,137.5193586595659,153.36445879991254
10.010000000000012,9.81,3.93,1,1,0.01,0.01,-8.592444436312704,7.360762222728905,-1.9804300347316754,1.109682745348857,7.013810572497678,-4.4770642424655005,0.0,-1.682553900487008,2.3405001410995596,0.0,1.0434746842804734,2.2856943420394025,0.0,1.9902622696145738,-0.9086028062564127,15.616576974439543,137.74777801108854,153.36435498552808
10.012000000000013,9.81,3.93,1,1,0.01,0.01,-8.596391313877097,7.362972744850255,-1.9664700295276807,1.100894578195952,6.94631097350029,-4.311457733562928,0.0,-1.6804674792958259,2.345051593305333,0.0,1.0429449622796898,2.265756359994482,0.0,1.9611831978576488,-0.9027476088903876,15.390095038678933,137.97415764099296,153.3642526796719
10.014000000000014,9.81,3.93,1,1,0.01,0.01,-8.600310405966441,7.365166020435709,-1.9526443284939237,1.0924355047452234,6.879504936645407,-4.147965340120628,0.0,-1.6783821286086382,2.349563161569179,0.0,1.0424042031407565,2.2458104310700007,0.0,1.931866060319724,-0.8966853449971736,15.165651297452907,138.19850054870216,153.36415184615507
10.016000000000014,9.81,3.93,1,1,0.01,0.01,-8.604201979807728,7.367342703465064,-1.938951553115939,1.084301327603206,6.8133839576854625,-3.986556427782639,0.0,-1.6762978703363078,2.3540348301710736,0.0,1.0418525701129073,2.225856728398889,0.0,1.9023290631039973,-0.8904195846518115,14.943242744004875,138.42080970564427,153.36405244964914
10.018000000000015,9.81,3.93,1,1,0.01,0.01,-8.608066299887508,7.369503439583798,-1.9253903412623627,1.0764879094418471,6.747940152970126,-3.8272015567558677,0.0,-1.674214726065308,2.3584665837334615,0.0,1.04129022436767,2.2058954213382966,0.0,1.8725900929774715,-0.883953853479688,14.722866400369119,138.64108805528878,153.3639544556579
10.020000000000016,9.81,3.93,1,1,0.01,0.01,-8.61190362798344,7.371648866220839,-1.9119593459721842,1.068991170661149,6.68316623120343,-3.669872430429937,0.0,-1.6721327170616367,2.362858407213841,0.0,1.0407173252483986,2.1859266756096125,0.0,1.8426667238741012,-0.8772916336087422,14.504519317306084,138.8593385131843,153.3638578304904
10.022000000000016,9.81,3.93,1,1,0.01,0.01,-8.615714223193459,7.373779612701772,-1.898657234297282,1.0618070871522725,6.619055466390746,-3.514541846277706,0.0,-1.6700518642742241,2.367210285897638,0.0,1.0401340305070481,2.165950653431023,0.0,1.8125762231788434,-0.870436364572649,14.288198574237338,139.0755639669984,153.36376254123573
10.024000000000017,9.81,3.93,1,1,0.01,0.01,-8.619498341962695,7.375896300357664,-1.885482686197926,1.0549316881566564,6.55560167191894,-3.361183648918293,0.0,-1.6679721883378953,2.3715222053913187,0.0,1.039540496528702,2.145967513643083,0.0,1.782335557802889,-0.8633914441667245,14.073901279179804,139.28976727655794,153.36366855573775
10.026000000000018,9.81,3.93,1,1,0.01,0.01,-8.623256238108223,7.3779995426297,-1.8724343934890288,1.0483610542169446,6.492799175715129,-3.2097726852295354,0.0,-1.6658937095758872,2.375794151615747,0.0,1.0389368785444273,2.1259774118276438,0.0,1.7519614000597166,-0.8561602292583206,13.861624568679446,139.5019512738909,153.36357584257036
10.028000000000018,9.81,3.93,1,1,0.01,0.01,-8.62698816284176,7.380089945169809,-1.8595110588350479,1.0420913152157265,6.43064279643302,-3.0602847614040023,0.0,-1.6638164480019557,2.380026110799797,0.0,1.0383233308329844,2.1059805004205088,0.0,1.7214701333511178,-0.8487460365533913,13.651365607744152,139.7121187632712,153.36348437101535
10.030000000000019,9.81,3.93,1,1,0.01,0.01,-8.630694364790402,7.382168105937455,-1.846711394791523,1.0361186484983058,6.369127820618992,-2.912696601849519,0.0,-1.6617404233220827,2.3842180694741635,0.0,1.0377000069118272,2.0859769288181935,0.0,1.6908778576719217,-0.8411521433208218,13.443121589775641,139.92027252126385,153.3633941110395
10.03200000000002,9.81,3.93,1,1,0.01,0.01,-8.63437509001548,7.384234615292752,-1.8340341228913433,1.030439277075902,6.30824998081235,-2.7669858098400733,0.0,-1.659665654935822,2.38837001446537,0.0,1.037067059717862,2.0659668434791083,0.0,1.6602003949416064,-0.8333817880760852,13.236889736500348,140.12641529677157,153.36330503327193
10.03400000000002,9.81,3.93,1,1,0.01,0.01,-8.638030582029637,7.386290056086061,-1.821477972773915,1.0250494679058755,6.248005434536562,-2.6231308298282183,0.0,-1.657592161937284,2.3924819328900115,0.0,1.036424641778453,2.04595038801946,0.0,1.6294532941705968,-0.8254381712257912,13.032667297899323,140.33054981108515,153.3632171089845
10.036000000000021,9.81,3.93,1,1,0.01,0.01,-8.641661081812211,7.388335003744228,-1.8090416813554884,1.0199455302457332,6.188390744141516,-2.4811109113365744,0.0,-1.655519963115795,2.396553812149145,0.0,1.0357729053729987,2.025927703304219,0.0,1.5986518364686828,-0.8173244556745182,12.830451552136761,140.53267875793364,153.3631303100704
10.038000000000022,9.81,3.93,1,1,0.01,0.01,-8.645266827822986,7.390370026353594,-1.796723992038983,1.0151238140778418,6.1294028574578325,-2.3409060743487125,0.0,-1.6534490769562367,2.400585639922882,0.0,1.0351120026855474,2.005898927533388,0.0,1.5678110399025302,-0.809043767395407,12.630239805487392,140.73280480353782,153.36304460902522
10.040000000000022,9.81,3.93,1,1,0.01,0.01,-8.648848056014407,7.39239568473993,-1.7845236539617215,1.0105807086019192,6.07103908922758,-2.202497076126293,0.0,-1.6513795216390914,2.4045774041651495,0.0,1.0344420859487888,1.9858641963238788,0.0,1.536945664208987,-0.8005991959658626,12.43202939226239,140.93093058666568,153.36295997892807
10.042000000000023,9.81,3.93,1,1,0.01,0.01,-8.652404999842329,7.394412532545416,-1.7724394212795542,1.0063126407925245,6.013297103276858,-2.0658653793821546,0.0,-1.6493113150402121,2.4085290930985717,0.0,1.0337633075797372,1.9658236427872524,0.0,1.5060702153705028,-0.7919937950696593,12.235817674733859,141.12705871868826,153.3628763934221
10.044000000000024,9.81,3.93,1,1,0.01,0.01,-8.655937890275368,7.396421116302799,-1.7604700524859254,1.0023160740189025,5.956174895397697,-1.9309931217430902,0.0,-1.6472444747303174,2.412440695209574,0.0,1.0330758203075603,1.945777397603531,0.0,1.475198950058649,-0.7832305829668277,12.041602043057912,141.32119178364073,153.36279382669863
10.046000000000024,9.81,3.93,1,1,0.01,0.01,-8.659446955802922,7.398421975506855,-1.7486143097644902,0.9985875067246641,5.899670776909063,-1.7978630864410379,0.0,-1.6451790179742538,2.4163121992435617,0.0,1.0323797772937284,1.9257255890913831,0.0,1.4443458799515123,-0.774312542932459,11.849379915196016,141.5133323382825,153.36271225347852
10.048000000000025,9.81,3.93,1,1,0.01,0.01,-8.662932422441932,7.4004156426832655,-1.7368709583739557,0.9951234711649043,5.843783358867535,-1.6664586741732652,0.0,-1.6431149617300131,2.4201435942002716,0.0,1.0316753322448928,1.9056683432748411,0.0,1.4135247759303438,-0.7652426236657093,11.65914873683476,141.70348291216135,153.3626316489961
10.050000000000026,9.81,3.93,1,1,0.01,0.01,-8.66639451374244,7.402402643455021,-1.7252387660638744,0.9919205321984793,5.788511536900239,-1.5367638760763747,0.0,-1.6410523226475342,2.4239348693292504,0.0,1.0309626395187572,1.8856057839467877,0.0,1.3827491721606573,-0.7560237396701566,11.470905981303968,141.89164600767944,153.3625519889834
10.052000000000026,9.81,3.93,1,1,0.01,0.01,-8.669833450792014,7.40438349660647,-1.7137165025201706,0.9889752861332638,5.733854476634087,-1.4087632477621215,0.0,-1.6389911170673037,2.4276860141254573,0.0,1.0302418542232115,1.8655380327294302,0.0,1.3520323700627195,-0.7466587716066374,11.284649149492987,142.07782410016188,153.36247324965487
10.054000000000027,9.81,3.93,1,1,0.01,0.01,-8.673249452219093,7.406358714145098,-1.702302938839233,0.9862843596223169,5.679811599696694,-1.2824418843657144,0.0,-1.6369313610187601,2.4313970183249642,0.0,1.029513132308982,1.84546520913192,0.0,1.3213874421760865,-0.737150566619656,11.100375769765172,142.26201963792636,153.36239540769154
10.056000000000028,9.81,3.93,1,1,0.01,0.01,-8.676642734195296,7.40832880136116,-1.6909968470294536,0.9838444086089778,5.626382570265283,-1.157785396559766,0.0,-1.634873070218521,2.435067871900803,0.0,1.0287766306561053,1.8253874306053288,0.0,1.2908272359226873,-0.7275019386384719,10.918083397870564,142.4442350423571,153.36231844022765
10.058000000000028,9.81,3.93,1,1,0.01,0.01,-8.68001351043678,7.410294256885245,-1.6797969995391395,0.9816521173190049,5.573567282141755,-1.0347798874904823,0.0,-1.6328162600684446,2.4386985650588926,0.0,1.0280325071544119,1.8053048125951374,0.0,1.2603643772726976,-0.7177156686538654,10.737769616856635,142.62447270797963,153.36224232483627
10.060000000000029,9.81,3.93,1,1,0.01,0.01,-8.683361992204661,7.412255572743871,-1.6687021688097652,0.979704197297955,5.52136584633258,-0.9134119305941635,0.0,-1.6307609456535315,2.442289088234081,0.0,1.0272809207782843,1.7852174685914086,0.0,1.230011274317275,-0.7077945049716069,10.559432036977055,142.80273500253855,153.3621670395156
10.06200000000003,9.81,3.93,1,1,0.01,0.01,-8.686688388304582,7.414213234413196,-1.657711126853578,0.9779973864920818,5.469778579113781,-0.7936685482553374,0.0,-1.6287071417396883,2.4458394320862795,0.0,1.0265220316559076,1.7651255101768086,0.0,1.1997801207520378,-0.6977411634436043,10.383068295598562,142.97902426707788,153.36209256267642
10.06400000000003,9.81,3.93,1,1,0.01,0.01,-8.68999290508544,7.416167720870935,-1.6468226448546042,0.9765284483711076,5.418805990561887,-0.6755371912692727,0.0,-1.626654862771353,2.4493495874967026,0.0,1.0257560011332336,1.7450290470726049,0.0,1.1696828992749777,-0.687558327677687,10.208676057105716,143.15334281602375,153.36201887312947
10.066000000000031,9.81,3.93,1,1,0.01,0.01,-8.69327574643736,7.418119504646569,-1.636035492792141,0.975294171091295,5.368448773533063,-0.5590057190743032,0.0,-1.6246041228690051,2.4528195455641724,0.0,1.0249829918328368,1.7249281871828217,0.0,1.1397313849023787,-0.6772486492269298,10.036253012803652,143.3256929372689,153.36194595007257
10.068000000000032,9.81,3.93,1,1,0.01,0.01,-8.696537113788922,7.420069051869907,-1.6253484390858586,0.9742913666973113,5.318707793073022,-0.44406238072059967,0.0,-1.6225549358265496,2.4562492976015515,0.0,1.024203167707924,1.7048230366366295,0.0,1.109937148206074,-0.666814747759454,9.86579688081874,143.4960768922615,153.36187377308025
10.070000000000032,9.81,3.93,1,1,0.01,0.01,-8.69977720610371,7.422016822318101,-1.6147602502616631,0.9735168703614454,5.269584076241978,-0.330695796545057,0.0,-1.6205073151086125,2.4596388351322096,0.0,1.0234166940916005,1.6847136998291625,0.0,1.0803115584753349,-0.6562592112095281,9.697305405997051,143.6644969160942,153.36180232209125
10.072000000000033,9.81,3.93,1,1,0.01,0.01,-8.702996219876196,7.423963269461166,-1.6042696906375093,0.9729675396587932,5.221078802338691,-0.21889494052211056,0.0,-1.6184612738477306,2.4629881498866135,0.0,1.0226237377416625,1.664600279460838,0.0,1.0508657868064424,-0.6455845959108645,9.530776359800797,143.8309552175976,153.3617315773984
10.074000000000034,9.81,3.93,1,1,0.01,0.01,-8.706194349127038,7.425908840506093,-1.5938755220283771,0.9726402538770886,5.173193293509495,-0.10864912326367193,0.0,-1.6164168248414654,2.466297233798965,0.0,1.0218244668810292,1.6444828765753217,0.0,1.021610809122942,-0.6347934267129073,9.366207540202463,143.99545397943513,153.36166151963758
10.076000000000034,9.81,3.93,1,1,0.01,0.01,-8.709371785397787,7.427853976439612,-1.5835765034696567,0.9725319133599076,5.1259290057279205,5.202435872853073e-05,0.0,-1.6143739805494333,2.469566079003928,0.0,1.0210190512340254,1.6243615905962299,0.0,0.992557409129397,-0.6238881970809335,9.203596771576823,144.15799535820105,153.36159212977788
10.078000000000035,9.81,3.93,1,1,0.01,0.01,-8.712528717745066,7.429799112069671,-1.5733713909582163,0.9726394388820264,5.079287520132023,0.10721856699369336,0.0,-1.6123327530902694,2.4727946778334298,0.0,1.0202076620586609,1.6042365193626853,0.0,0.9637161812013728,-0.6128713691807398,9.042941904590638,144.3185814845213,153.36152338911194
10.080000000000036,9.81,3.93,1,1,0.01,0.01,-8.715665332734252,7.431744676065702,-1.5632589372104462,0.9729597710557603,5.033270534706791,0.21286028001493573,0.0,-1.610293154238536,2.4759830228135042,0.0,1.0193904721750506,1.584107759163837,0.0,0.935097533214282,-0.6017453739486696,8.884240816090188,144.47721446315543,153.36145527924563
10.082000000000036,9.81,3.93,1,1,0.01,0.01,-8.718781814432687,7.433691090997729,-1.5532378914366045,0.9734898697671568,4.987879856299244,0.31698666417418053,0.0,-1.6082551954215656,2.4791311066612627,0.0,1.0185676559901962,1.563975404772395,0.0,0.9067116893135565,-0.590512611147759,8.72749140898646,144.63389637310402,153.36138778209047
10.084000000000037,9.81,3.93,1,1,0.01,0.01,-8.721878344402446,7.435638773374371,-1.5433069991308086,0.9742267136409591,4.943117392955619,0.41960695972143736,0.0,-1.6062188877162717,2.4822389222818586,0.0,1.0177393895191709,1.5438395494773351,0.0,0.8785686926286026,-0.5791754494106623,8.57269161213804,144.7886292677154,153.36132087985345
10.086000000000038,9.81,3.93,1,1,0.01,0.01,-8.724955101692718,7.43758813367981,-1.5334650018760398,0.9751672995332946,4.898985146569044,0.5207301600134313,0.0,-1.604184241845911,2.4853064627655694,0.0,1.016905850402948,1.5237002851157986,0.0,0.8506784079328058,-0.5677362262701111,8.419839380231721,144.94141517479758,153.3612545550293
10.088000000000038,9.81,3.93,1,1,0.01,0.01,-8.72801226283179,7.439539576409772,-1.5237106371635503,0.9763086420510831,4.855485205827774,0.6203650246280787,0.0,-1.602151268176817,2.4883337213849277,0.0,1.0160672179229715,1.5035577021043003,0.0,0.823050524251835,-0.5561972481775719,8.268932693660721,145.09225609673175,153.36118879039248
10.090000000000039,9.81,3.93,1,1,0.01,0.01,-8.731050001818703,7.4414935001065645,-1.5140426382260814,0.9776477730971956,4.812619739454135,0.7185200920024641,0.0,-1.6001199767151109,2.491320691591893,0.0,1.0152236730125845,1.4834118894693216,0.0,0.7956945574223745,-0.5445607905107547,8.11996955840061,145.24115401058808,153.3611235689887
10.09200000000004,9.81,3.93,1,1,0.01,0.01,-8.734068490114577,7.443450297393236,-1.504459733884322,0.9791817414404257,4.770390989724663,0.8152036916110674,0.0,-1.5980903771033814,2.4942673670151203,0.0,1.014375398265496,1.4632629348773343,0.0,0.7686198526033255,-0.5328290975706461,7.972948005882773,145.38811086824532,153.3610588741281
10.09400000000004,9.81,3.93,1,1,0.01,0.01,-8.73706789663364,7.4454103550068975,-1.4949606484060511,0.9809076123093708,4.728801266262597,0.910423955699561,0.0,-1.5960624786173643,2.497173741457265,0.0,1.0135225779413732,1.4431109246643559,0.0,0.7418355867414739,-0.5210043825686801,7.827866092865574,145.5331285965124,153.36099468937797
10.096000000000041,9.81,3.93,1,1,0.01,0.01,-8.740048387733994,7.4473740538312585,-1.4855441013774324,0.9828224670093493,4.687852940094337,1.0041888305887774,0.0,-1.5940362901626068,2.5000398088923403,0.0,1.0126653979686833,1.4229559438650918,0.0,0.715350770993517,-0.5090888276046546,7.68472190130306,145.67620909725218,153.36093099855523
10.098000000000042,9.81,3.93,1,1,0.01,0.01,-8.743010127208136,7.449341768928411,-1.4762088075859368,0.9849234025615066,4.647548437961448,1.0965060875631574,0.0,-1.5920118202711246,2.502865563463159,0.0,1.0118040459449433,1.4027980762416952,0.0,0.6891742531062695,-0.49708458363601643,7.543513538211258,145.8173542475093,153.36086778572053
10.100000000000042,9.81,3.93,1,1,0.01,0.01,-8.745953276273248,7.451313869569922,-1.4669534769143928,0.9872075313632942,4.6078902368807935,1.1873833333561832,0.0,-1.589989077098073,2.505650999478801,0.0,1.0109387111344352,1.3826374043122625,0.0,0.6633147197568436,-0.48499377043906244,7.404239135532056,145.9565658996389,153.36080503517096
10.102000000000043,9.81,3.93,1,1,0.01,0.01,-8.748877993561296,7.45329071926726,-1.4577768142456753,0.9896719808695273,4.568880858945122,1.2768280202457039,0.0,-1.5879680684184103,2.5083961114121696,0.0,1.0100695844635645,1.362474009379051,0.0,0.6377806988544703,-0.47281847656265585,7.2668968499946365,146.0938458814402,153.3607427314348
10.104000000000044,9.81,3.93,1,1,0.01,0.01,-8.751784435108934,7.455272675801612,-1.4486775193775574,0.9923138932932518,4.53052286635722,1.3648474557705237,0.0,-1.5859488016235836,2.5111008938975816,0.0,1.0091968585139168,1.3423079715565183,0.0,0.6125805618056213,-0.4605607592749762,7.131484862974453,146.22919599629108,153.36068085926553
10.106000000000044,9.81,3.93,1,1,0.01,0.01,-8.754672754347268,7.457260091253113,-1.4396542869472664,0.995130425325675,4.492818856690994,1.451448812079092,0.0,-1.583931283718231,2.513765341728404,0.0,1.008320727513134,1.3221393697992305,0.0,0.5877225257440212,-0.4482226445038525,6.99800138034975,146.36261802328534,153.3606194036351
10.108000000000045,9.81,3.93,1,1,0.01,0.01,-8.75754310209146,7.459253312029541,-1.4307058063652969,0.9981187478744363,4.45577145837243,1.5366391349217619,0.0,-1.5819155213168923,2.5163894498547945,0.0,1.0074413873237666,1.3019682819296263,0.0,0.5632146557270327,-0.43580612677121167,6.866444632355622,146.49411371737463,153.36055834973024
10.110000000000046,9.81,3.93,1,1,0.01,0.01,-8.76039562653022,7.461252678894498,-1.4218307617580461,1.0012760458195116,4.4193833263752955,1.62042535229478,0.0,-1.5799015206407594,2.5189732133814284,0.0,1.006559035430097,1.2817947846657751,0.0,0.5390648668999418,-0.4233131691221079,6.736812873435564,146.62368480951014,153.3604976829457
10.112000000000046,9.81,3.93,1,1,0.01,0.01,-8.763230473215181,7.463258526995129,-1.4130278319188492,1.0045995177860678,4.383657138124432,1.7028142827473411,0.0,-1.577889287514442,2.521516627565354,0.0,1.0056738709231607,1.2616189536490696,0.0,0.5152809266295085,-0.4107457030488733,6.609104382090597,146.75133300679016,153.36043738888077
10.114000000000047,9.81,3.93,1,1,0.01,0.01,-8.766047785050198,7.465271185889398,-1.4042956902670034,1.0080863759336,4.3485955896021675,1.783812643358706,0.0,-1.575878827362776,2.52401968781383,0.0,1.0047860944839373,1.2414408634719802,0.0,0.49187045660819156,-0.3981056284108136,6.483317460725852,146.87705999260726,153.36037745333311
10.116000000000048,9.81,3.93,1,1,0.01,0.01,-8.76884770228056,7.467290979572956,-1.395633004814383,1.011733845760701,4.314201391651424,1.863427057395322,0.0,-1.573870145207656,2.5264823896822906,0.0,1.0038959083649184,1.2212605877058207,0.0,0.4688409349303314,-0.38539481334995623,6.359450435494686,147.000867426801,153.3603178622957
10.118000000000048,9.81,3.93,1,1,0.01,0.01,-8.771630362482151,7.469318226505643,-1.387038438139254,1.0155391659248312,4.280477266471082,1.9416640616546461,0.0,-1.5718632456649184,2.528904728872303,0.0,1.003003516370048,1.2010781989286363,0.0,0.4461996981415949,-0.3726150942032583,6.237501656140304,147.12275694581103,153.36025860195133
10.120000000000049,9.81,3.93,1,1,0.01,0.01,-8.774395900550562,7.47135323963763,-1.3785106473669104,1.0194995880764695,4.2474259442980555,2.0185301135041414,0.0,-1.5698581329412553,2.53128670122962,0.0,1.0021091238331963,1.1808937687531884,0.0,0.42395394326289026,-0.35976827541173906,6.117469495834887,147.2427301628342,153.36019965866907
10.12200000000005,9.81,3.93,1,1,0.01,0.01,-8.777144448690171,7.473396326435256,-1.3700482841567647,1.0236123767070442,4.215050160271483,2.0940315976222594,0.0,-1.5678548108311767,2.5336283027422883,0.0,1.0012129375952274,1.1607073678550792,0.0,0.4021107297899345,-0.3468561294269373,5.999352351016194,147.3607886679847,153.3601410190009
10.12400000000005,9.81,3.93,1,1,0.01,0.01,-8.7798761364032,7.475447788906565,-1.3616499946955298,1.0278748090100513,4.183352651474587,2.168174832447913,0.0,-1.5658532827140248,2.535929529538784,0.0,1.000315165979722,1.1405190660010678,0.0,0.38067698166963226,-0.33388039661509816,5.8831486412217195,147.47693402845528,153.36008266967698
10.126000000000051,9.81,3.93,1,1,0.01,0.01,-8.782591090478771,7.477507923626586,-1.3533144196961453,1.0322841747547877,4.152336154149437,2.240966076345443,0.0,-1.5638535515510328,2.538190377886229,0.0,0.9994160187674856,1.1203289320775682,0.0,0.3596594892543509,-0.3208427851594958,5.768856808920317,147.59116778868255,153.36002459760286
10.128000000000052,9.81,3.93,1,1,0.01,0.01,-8.785289434981964,7.479577021762364,-1.3450401944021033,1.0368377761721348,4.122003401080429,2.3124115334911464,0.0,-1.5618556198824334,2.540410844188665,0.0,0.9985157071698949,1.1001370341193601,0.0,0.339064911235155,-0.3077449709612593,5.656475319341329,147.70349147051445,153.35996678985578
10.130000000000052,9.81,3.93,1,1,0.01,0.01,-8.787971291242881,7.481655369097783,-1.3368259485968434,1.0415329278518402,4.092357119142452,2.3825173594869433,0.0,-1.5598594898246292,2.542590924985376,0.0,0.9976144438011687,1.0799434393385465,0.0,0.3188997765550231,-0.29458859753906463,5.546002660301271,147.81390657338073,153.359909233682
10.132000000000053,9.81,3.93,1,1,0.01,0.01,-8.790636777845744,7.483743246058188,-1.3286703066178887,1.0463669566507603,4.063400027009608,2.4512896667072335,0.0,-1.5578651630674127,2.544730616949273,0.0,0.9967124426496377,1.0597482141537662,0.0,0.2991704863030369,-0.28137527592805534,5.43743734202798,147.92241457446565,153.35985191649362
10.134000000000054,9.81,3.93,1,1,0.01,0.01,-8.793286010618019,7.4858409277348334,-1.3205718873754078,1.0513372016115334,4.035134833020741,2.518734529383944,0.0,-1.5558726408712509,2.5468299168853306,0.0,0.9958099190480912,1.0395514242196824,0.0,0.2798833155904774,-0.2681065845783175,5.3307778969823225,148.02901692888312,153.35979482586544
10.136000000000054,9.81,3.93,1,1,0.01,0.01,-8.795919102619582,7.487948683909188,-1.3125293043748922,1.056441013891166,4.007564233197865,2.5848579884353624,0.0,-1.5538819240646242,2.5488888217290917,0.0,0.9949070896432809,1.0193531344567597,0.0,0.26104441540974815,-0.2547840692532457,5.2260228796774255,148.1337150698551,153.35973794953253
10.138000000000055,9.81,3.93,1,1,0.01,0.01,-8.798536164131939,7.490066779077094,-1.3045411657436465,1.0616757566990236,3.9806909094139313,2.6496660560434595,0.0,-1.5518930130414308,2.5509073285452355,0.0,0.9940041723646517,0.999153409081344,0.0,0.24265981447699514,-0.24140924292810803,5.123170866495464,148.23651040889268,153.35968127538814
10.140000000000056,9.81,3.93,1,1,0.01,0.01,-8.801137302647495,7.492195472472821,-1.2966060742607972,1.06703880524373,3.9545175277065034,2.713164719984487,0.0,-1.5499059077584523,2.552885434526194,0.0,0.9931013863923589,0.9789523116360628,0.0,0.2247354210592655,-0.22798358568910435,5.022220455501978,148.33740433597902,153.359624791481
10.142000000000056,9.81,3.93,1,1,0.01,0.01,-8.803722622858896,7.4943350180930155,-1.2887226273905301,1.0725275466884843,3.9290467367338002,2.775359947717498,0.0,-1.5479206077328862,2.5548231369908336,0.0,0.9921989521246567,0.9587499050205629,0.0,0.20727702478701757,-0.2145085446332163,4.92317026625778,148.4363982197553,153.35956848601307
10.144000000000057,9.81,3.93,1,1,0.01,0.01,-8.806292226648427,7.496485664720577,-1.2808894173182777,1.078139380114316,3.904281166369749,2.836257690235377,0.0,-1.545937112039942,2.5567204333831985,0.0,0.9912970911447146,0.9385462515225755,0.0,0.19029029845274234,-0.2009855337691109,4.826018939628429,148.533493407709,153.35951234733741
10.146000000000058,9.81,3.93,1,1,0.01,0.01,-8.808846213077501,7.4986476559484565,-1.2731050309895784,1.08387171649081,3.880223426434808,2.89586388568259,0.0,-1.543955419310505,2.5585773212713305,0.0,0.9903960261869421,0.9183414128493408,0.0,0.17378079979644928,-0.1874159339193689,4.730765137591304,148.62869122636567,153.35945636395698
10.148000000000058,9.81,3.93,1,1,0.01,0.01,-8.811384678376214,7.500821230203415,-1.2653680501513422,1.0897219786538352,3.856876105559477,2.9541844627437692,0.0,-1.5419755277288663,2.560393798346131,0.0,0.9894959811028613,0.8981354501593867,0.0,0.15775397327871807,-0.1738010926242786,4.6374075430403146,148.721992981482,153.35940052452233
10.150000000000059,9.81,3.93,1,1,0.01,0.01,-8.813907715932995,7.503006620769738,-1.257677051395259,1.0956876012898258,3.834241770177373,3.011225343807138,0.0,-1.5399974350305283,2.5621698624202858,0.0,0.9885971808266076,0.8779284240946882,0.0,0.14221515184199837,-0.1601423240474373,4.545944859588196,148.81339995824138,153.35934481782957
10.15200000000006,9.81,3.93,1,1,0.01,0.01,-8.816415416284338,7.505204055812926,-1.2500306062030935,1.1017660309261674,3.8123229636445033,3.066992447907351,0.0,-1.5380211385000666,2.5639055114272855,0.0,0.9876998513401286,0.8577203948131732,0.0,0.1271695586607928,-0.14644090888338254,4.456375811366492,148.90291342145335,153.35928923281983
10.15400000000006,9.81,3.93,1,1,0.01,0.01,-8.818907867104627,7.507413758403371,-1.2424272809936174,1.1079547259272517,3.791122205482294,3.1214916934507,0.0,-1.5360466349690767,2.565600743420475,0.0,0.9868042196381115,0.837511422021636,0.0,0.11262230888135089,-0.13269809426746274,4.368699142823242,148.99053461575394,153.35923375857718
10.156000000000061,9.81,3.93,1,1,0.01,0.01,-8.821385153196067,7.509635946540032,-1.2348656371709357,1.1142511564957664,3.770641990741002,3.174729000727189,0.0,-1.5340739208141805,2.5672555565721877,0.0,0.9859105136927206,0.8173015650090172,0.0,0.09857841135144713,-0.11891509368814837,4.282913618518281,149.07626476580919,153.35917838432746
10.158000000000062,9.81,3.93,1,1,0.01,0.01,-8.82384735647869,7.511870833174116,-1.2273442311739668,1.1206528046787998,3.7508847894808075,3.226710294212981,0.0,-1.5321029919551035,2.568869949172947,0.0,0.9850189624181961,0.7970908826800738,0.0,0.08504277034080283,-0.10509308690197199,4.199018022916334,149.16010507652098,153.3591230994373
10.160000000000062,9.81,3.93,1,1,0.01,0.01,-8.82629455598049,7.514118626232778,-1.2198616145268457,1.1271571643783431,3.7318530463677226,3.2774415046667906,0.0,-1.5301338438528336,2.5704439196307307,0.0,0.9841297956353634,0.7768794335894522,0.0,0.072020187252677,-0.09123321985127131,4.117011160177873,149.2420567332351,153.35906789341297
10.162000000000063,9.81,3.93,1,1,0.01,0.01,-8.828726827827632,7.516379528642842,-1.2124163338900227,1.133761741365784,3.7135491803815532,3.326928571023946,0.0,-1.528166471507838,2.571977466470295,0.0,0.9832432440361061,0.756667275976142,0.0,0.05951536232711625,-0.07733660458489701,4.036891853947669,149.3221209019515,153.3590127558992
10.164000000000064,9.81,3.93,1,1,0.01,0.01,-8.831144245234782,7.518653738354559,-1.2050069311118368,1.1404640532999868,3.6959755846329108,3.3751774420919007,0.0,-1.526200869458357,2.5734705883326034,0.0,0.9823595391478698,0.7364544677983309,0.0,0.04753289633633486,-0.06340431918204083,3.95865894714124,149.40029872953775,153.35895767667898
10.166000000000064,9.81,3.93,1,1,0.01,0.01,-8.833546878495534,7.520941448365405,-1.1976319432803477,1.1472616297485703,3.6791346262870785,3.4221940780499533,0.0,-1.5242370317787726,2.574923283974264,0.0,0.9814789132982117,0.7162410667686722,0.0,0.036077292272662716,-0.0494374076793215,3.882311301729106,149.47659134394274,153.35890264567186
10.168000000000065,9.81,3.93,1,1,0.01,0.01,-8.835934794972943,7.5232428467439165,-1.1902899027752163,1.1541520122119902,3.663028646591195,3.4679844517579737,0.0,-1.5222749520780359,2.5763355522671123,0.0,0.9806015995794988,0.6960271303899241,0.0,0.025152957029465604,-0.03543688000125896,3.807847798518918,149.55099985441538,153.3588476529343
10.170000000000066,9.81,3.93,1,1,0.01,0.01,-8.838308059090155,7.525558116653588,-1.1829793373194286,1.1611327541500518,3.6476599610030203,3.512554549876093,0.0,-1.5203146234981815,2.5777073921977958,0.0,0.9797278318137349,0.6758127159910232,0.0,0.014764203075424533,-0.021403711894251325,3.7352673369355056,149.62352535172272,153.3587926886582
10.172000000000066,9.81,3.93,1,1,0.01,0.01,-8.84066673232115,7.527887436376817,-1.1756987700306643,1.1682014210104765,3.633030859417772,3.5559103738001046,0.0,-1.518356038712896,2.579038802867482,0.0,0.9788578445176254,0.6555978807635332,0.0,0.004915250122525274,-0.007338844864166785,3.6645688347988585,149.69416890837215,153.35873774317102
10.174000000000067,9.81,3.93,1,1,0.01,0.01,-8.843010873181582,7.530230979338908,-1.168446719472114,1.1753555902591566,3.6191436064908546,3.5980579404153508,0.0,-1.5163991899261675,2.5803297834916163,0.0,0.9779918728678799,0.6353826817985102,0.0,-0.004389773211916805,0.006756813882360732,3.595751228100135,149.76293157883507,153.3586828069352
10.176000000000068,9.81,3.93,1,1,0.01,0.01,-8.845340537219714,7.532588914132142,-1.1612216997025588,1.1825928514117394,3.6060004420538703,3.639003282672393,0.0,-1.514444068871001,2.5815803333997493,0.0,0.9771301526668091,0.6151671761237707,0.0,-0.01314682774889576,0.02088239149284215,3.5288134707756385,149.8298143997718,153.35862787054745
10.178000000000068,9.81,3.93,1,1,0.01,0.01,-8.84765577700747,7.534961404539908,-1.1540222203255264,1.189910806066188,3.593603581620895,3.6787524499886004,0.0,-1.5124906668081968,2.58279045203546,0.0,0.9762729203082681,0.5949514207415504,0.0,-0.021351962096748046,0.03503704951997918,3.463754534478926,149.89481839026013,153.35857292473906
10.180000000000069,9.81,3.93,1,1,0.01,0.01,-8.849956642131557,7.537348609560902,-1.1468467865373457,1.1973070679359739,3.5819552169827866,3.7173115084783346,0.0,-1.5105389745252014,2.583960138956342,0.0,0.9754204127439684,0.5747354726665705,0.0,-0.029001311005332653,0.049219983968779954,3.4005734083510046,149.95794455202466,153.35851796037565
10.18200000000007,9.81,3.93,1,1,0.01,0.01,-8.852243179184715,7.539750683433389,-1.1396938991739283,1.2047792628835596,3.5710575168868917,3.7546865410153156,0.0,-1.5085889823350347,2.585089393834048,0.0,0.9745728674501919,0.5545193889645211,0.0,-0.03609109372514162,0.06343042533969057,3.3392690987886633,150.01919386966753,153.3584629684562
10.18400000000007,9.81,3.93,1,1,0.01,0.01,-8.854515431757028,7.542167775659536,-1.132562054756106,1.2123250289538445,3.56091262779913,3.790883647131177,0.0,-1.5066406800752616,2.586178216454456,0.0,0.9737305223949754,0.5343032267909106,0.0,-0.042617612371146564,0.07766763866770093,3.279840629211074,150.07856731090294,153.358407940114
10.186000000000071,9.81,3.93,1,1,0.01,0.01,-8.856773440427347,7.54460003102981,-1.125449745533365,1.2199420164072434,3.5515226747463853,3.825908942752813,0.0,-1.5046940571070455,2.587226606717878,0.0,0.9728936160057611,0.5140870434303415,0.0,-0.0485772502912169,0.09193092355738916,3.222287039824607,150.1360658267918,153.3583528666164
10.188000000000072,9.81,3.93,1,1,0.01,0.01,-8.859017242754781,7.547047589647442,-1.1183554595258167,1.2276278877520836,3.5428897622362863,3.85976855978239,0.0,-1.5027491023142627,2.588234564639355,0.0,0.9720623871375651,0.4938708963361793,0.0,-0.05396647043896698,0.10621961421387797,3.166607387385958,150.1916903519786,153.35829773936456
10.190000000000072,9.81,3.93,1,1,0.01,0.01,-8.86124687327029,7.549510586952954,-1.1112776805642537,1.2353803177760068,3.5350159752518593,3.892468645523426,0.0,-1.5008058041026793,2.5892020903490343,0.0,0.9712370750416951,0.473654843170617,0.0,-0.05878181375091986,0.12053307946969331,3.1128007449636654,150.24544180492987,153.35824254989353
10.192000000000073,9.81,3.93,1,1,0.01,0.01,-8.863462363468331,7.551989153748747,-1.1042148883281442,1.2431969935760716,3.5279033803183943,3.9240153619563714,0.0,-1.4988641503991862,2.5901291840926275,0.0,0.9704179193350437,0.4534389418451378,0.0,-0.06301989752789412,0.134870722807511,3.0608662016980315,150.2973210881745,153.35818728987252
10.194000000000074,9.81,3.93,1,1,0.01,0.01,-8.865663741798603,7.554483416223749,-1.097165558381422,1.2510756145872608,3.52155402663987,3.954414884867215,0.0,-1.4969241286511004,2.5910158462319606,0.0,0.9696051599699884,0.43322325056136957,0.0,-0.06667741382055159,0.14923198237880067,3.0108028625595002,150.3473290885459,153.3581319511054
10.196000000000074,9.81,3.93,1,1,0.01,0.01,-8.867851033657844,7.55699349597812,-1.0901281622059362,1.2590138926091006,3.5159699473025743,3.9836734028323306,0.0,-1.4949857258255235,2.59186207724558,0.0,0.9687990372049136,0.41300782785234896,0.0,-0.06975112781906685,0.16361633101837222,2.9626098481056165,150.39546667742474,153.35807652553035
10.198000000000075,9.81,3.93,1,1,0.01,0.01,-8.870024261381701,7.559519510048002,-1.0831011672324302,1.2670095518301092,3.511153160542919,4.0117971160633585,0.0,-1.4930489284087578,2.592667877729465,0.0,0.9679997915753981,0.39279273262416664,0.0,-0.07223787624689998,0.17802327625484776,2.9162862942365186,150.44173471098384,153.35802100522037
10.200000000000076,9.81,3.93,1,1,0.01,0.01,-8.872183444236654,7.562061570930323,-1.076083036868921,1.2750603288497986,3.507105671077054,4.038792235115527,0.0,-1.4911137224057818,2.593433248397817,0.0,0.9672076638660718,0.37257802419801844,0.0,-0.0741345657586841,0.1924523603170793,2.871831351949126,150.48613403043458,153.35796538238372
10.202000000000076,9.81,3.93,1,1,0.01,0.01,-8.874328598411998,7.564619786607638,-1.0690722305263607,1.2831639726979582,3.503829471489584,4.0646649794627825,0.0,-1.4891800933397745,2.594158190083932,0.0,0.9664228950831816,0.35236376235264205,0.0,-0.07543817134225907,0.2069031601365533,2.8292441870900453,150.52866546227415,153.3579096493642
10.204000000000077,9.81,3.93,1,1,0.01,0.01,-8.87645973701187,7.567194260573004,-1.0620672036414642,1.291318244850959,3.5013265436787657,4.089421575943303,0.0,-1.4872480262517098,2.594842703741146,0.0,0.9656457264278661,0.3321500073671704,0.0,-0.0761457347249126,0.2213752873458147,2.78852398010724,150.5693298185338,153.35785379864103
10.206000000000078,9.81,3.93,1,1,0.01,0.01,-8.878576870047329,7.569785091854888,-1.0550664076965908,1.2995209192448232,3.4995988603553174,4.113068257079161,0.0,-1.4853175056999814,2.5954867904439025,0.0,0.9648763992701769,0.31193682006435336,0.0,-0.07625436278390167,0.23586838827296472,2.7496699258005433,150.60812789702942,153.35779782282995
10.208000000000078,9.81,3.93,1,1,0.01,0.01,-8.880680004428452,7.572392375042099,-1.048068290236578,1.3077697822848078,3.498648386592497,4.135611259273224,0.0,-1.4833885157600957,2.5960904513888625,0.0,0.9641151551238503,0.2917242618541969,0.0,-0.07576122596136729,0.25038214393228353,2.712681233071124,150.64506048161215,153.35774171468327
10.210000000000079,9.81,3.93,1,1,0.01,0.01,-8.882769143956484,7.575016200308731,-1.0410712948824261,1.3160626328512646,3.4984770814244928,4.157056820887114,0.0,-1.481461040024409,2.596653687896132,0.0,0.9633622356218496,0.2715123947779959,0.0,-0.07466355668376498,0.2649162700110359,2.677557124669918,150.68012834242012,153.35768546709005
10.21200000000008,9.81,3.93,1,1,0.01,0.01,-8.884844289315996,7.5776566534391145,-1.0340738613417388,1.3243972823015386,3.499086899490469,4.177411180203788,0.0,-1.4795350616019114,2.597176501410572,0.0,0.9626178824926883,0.2513012815527617,0.0,-0.07295864778596214,0.27947051685252705,2.6442968369451076,150.713332236132,153.3576290730771
10.21400000000008,9.81,3.93,1,1,0.01,0.01,-8.886905438067066,7.58031381585277,-1.027074425415834,1.3327715544676806,3.500479792721682,4.196680573278037,0.0,-1.4776105631180605,2.5976588935031852,0.0,0.9618823375375484,0.2310909856160596,0.0,-0.07064385094017935,0.29404466943548146,2.612899619588742,150.74467290622016,153.3575725258089
10.216000000000081,9.81,3.93,1,1,0.01,0.01,-8.888952584637474,7.582987764629352,-1.020071419003438,1.341183285649749,3.502657712068819,4.214871231678611,0.0,-1.4756875267146587,2.5981008658726044,0.0,0.9611558426082043,0.21088157117124537,0.0,-0.06771657508996784,0.30863854734981494,2.5833647353825833,150.77415108320548,153.35751581858807
10.218000000000082,9.81,3.93,1,1,0.01,0.01,-8.890985720314893,7.585678572533575,-1.0130632701008881,1.3496303246044936,3.505622609266666,4.23198938012574,0.0,-1.4737659340497684,2.598502420346685,0.0,0.9604386395857578,0.19067310323309664,0.0,-0.06417428488944059,0.3232520047688856,2.555691459943185,150.80176748491334,153.35745894485652
10.220000000000082,9.81,3.93,1,1,0.01,0.01,-8.893004833239084,7.588386308040109,-1.006048402798771,1.358110532529211,3.5093764386338107,4.248041234026834,0.0,-1.4718457662976805,2.598863558884149,0.0,0.9597309703601895,0.17046564767387934,0.0,-0.060014499148009284,0.33788493041830325,2.5298790814663907,150.82752281672853,153.35740189819492
10.222000000000083,9.81,3.93,1,1,0.01,0.01,-8.89500990839408,7.591111035358443,-0.9990252372749273,1.3666217830405725,3.5139211589040342,4.263032996914793,0.0,-1.4699270041489125,2.599184283576368,0.0,0.9590330768107415,0.1502592712697995,0.0,-0.05523478928087455,0.35253724754138943,2.5059269004712124,150.85141777185288,153.3573446723241
10.224000000000084,9.81,3.93,1,1,0.01,0.01,-8.897000927600347,7.593852814457698,-0.9919921897837664,1.3751619621482343,3.5192587350870497,4.276970857791744,0.0,-1.4680096278102521,2.5994645966492,0.0,0.958345200787118,0.13005404174788765,0.0,-0.049832777765568353,0.3672089138613726,2.483834229543267,150.87345303156127,153.35728726110455
10.226000000000084,9.81,3.93,1,1,0.01,0.01,-8.898977869506924,7.596611701091379,-0.9849476726418309,1.3837289682230445,3.525391140355396,4.289860988382223,0.0,-1.4660936170048273,2.5997045004649584,0.0,0.9576675840915236,0.10985002783328705,0.0,-0.04380613660484514,0.38189992154042024,2.4636003930777886,150.89362926546028,153.35722965853807
10.228000000000085,9.81,3.93,1,1,0.01,0.01,-8.90094070958353,7.599387746822065,-0.9778900942095647,1.3923207119596672,3.5323203579551095,4.301709540298695,0.0,-1.46417895097223,2.5999039975244336,0.0,0.9570004684615238,0.08964729929698911,0.0,-0.037152585796264896,0.3966102971355949,2.4452247270223317,150.9119471317446,153.35717185876692
10.230000000000086,9.81,3.93,1,1,0.01,0.01,-8.902889420112635,7.602180999046011,-0.9708178588692377,1.4009351163334545,3.5400483831368605,4.312522642123543,0.0,-1.46226560846865,2.6000630904690505,0.0,0.9563440955537368,0.06944592700396955,0.0,-0.02986989180879971,0.41134010155184036,2.428706578619244,150.9284072774562,153.35711385607544
10.232000000000086,9.81,3.93,1,1,0.01,0.01,-8.904823970181466,7.604991501017666,-0.9637293669989899,1.4095701165514003,3.548577225104937,4.322306396410544,0.0,-1.4603535677670612,2.600181782083101,0.0,0.9556987069283459,0.049245982961778734,0.0,-0.021955866066854113,0.42608942999208893,2.4140453061479805,150.94301033874183,153.3570556448898
10.234000000000087,9.81,3.93,1,1,0.01,0.01,-8.906744325673987,7.607819291874075,-0.9566230149429628,1.4182236599970202,3.557908908981417,4.331066876609065,0.0,-1.4584428066574247,2.6002600752960636,0.0,0.9550645440344354,0.029047540369568414,0.0,-0.013408363442084714,0.44085841190459796,2.401240278667354,150.95575694111102,153.35699721977838
10.236000000000088,9.81,3.93,1,1,0.01,0.01,-8.908650449262781,7.610664406659181,-0.9494971949774893,1.426893706169006,3.568045477781853,4.3388101239153665,0.0,-1.4565333024469256,2.600297973185065,0.0,0.9544418481961299,0.008850673667550601,0.0,-0.0042252807534285,0.4556472109276056,2.3902908757578434,150.9666476996951,153.35693857545294
10.238000000000088,9.81,3.93,1,1,0.01,0.01,-8.910542300400888,7.613526876347979,-0.942350295273323,1.4355782266135104,3.578988994400698,4.3455421440528035,0.0,-1.4546250319602398,2.6002954789773787,0.0,0.9538308605995459,-0.011344541413069148,0.0,0.005595444724207387,0.4704560248314191,2.3811964872639755,150.97568321950388,153.35687970676784
10.240000000000089,9.81,3.93,1,1,0.01,0.01,-8.912419835313548,7.616406727870546,-0.93518069985389,1.4442752048499274,3.590741543602394,4.351268903985889,0.0,-1.4527179715398177,2.600252596053078,0.0,0.9532318222805296,-0.03153802779971768,0.0,0.01605583674215534,0.4852850854580204,2.3739565130369393,150.9828640956843,153.35682060872125
10.24200000000009,9.81,3.93,1,1,0.01,0.01,-8.914283006989866,7.619303984135901,-0.9279867885495542,1.4529826362900342,3.603305234015822,4.355996328570523,0.0,-1.4508120970461953,2.6001693279477776,0.0,0.9526449741131797,-0.05172970702761287,0.0,0.027157881550609376,0.5001346586583009,2.3685703626775023,150.98819091377828,153.35676127645579
10.24400000000009,9.81,3.93,1,1,0.01,0.01,-8.91613176517437,7.622218664055709,-0.9207669369478941,1.4616985281503732,3.616682200129184,4.359730297143649,0.0,-1.4489073838583346,2.600045678355441,0.0,0.952070556799137,-0.071919499188428,0.0,0.0389035293611492,0.5150050442270118,2.3650374552793165,150.99166424997838,153.3567017052577
10.246000000000091,9.81,3.93,1,1,0.01,0.01,-8.917966056358477,7.625150782567794,-0.9135195163399913,1.4704208993577572,3.6308746042817446,4.3624766400563,0.0,-1.4470038068739755,2.599881651131343,0.0,0.9515088108576231,-0.09210732287849727,0.0,0.05129469579866707,0.5298965758355294,2.363357219172692,150.99328467138545,153.35664189055814
10.248000000000092,9.81,3.93,1,1,0.01,0.01,-8.919785823771843,7.62810035065946,-0.9062428936627404,1.4791477804477844,3.6458846386500174,4.364241135152402,0.0,-1.4451013405100093,2.5996772502951,0.0,0.9509599766162211,-0.11229309514651689,0.0,0.06433326334213632,0.5448096209625297,2.36352909166901,150.99305273626396,153.35658182793298
10.250000000000092,9.81,3.93,1,1,0.01,0.01,-8.921591007373591,7.631067375390599,-0.8989354314371965,1.4878772134562612,3.6617145272248712,4.365029504197129,0.0,-1.4431999587028685,2.5994324800338307,0.0,0.9504242942023623,-0.13247673144075098,0.0,0.07802108275366669,0.5597445808226488,2.36555251880574,150.99096899429762,153.35652151310336
10.252000000000093,9.81,3.93,1,1,0.01,0.01,-8.923381543843416,7.634051859916584,-0.8915954877029783,1.4966072518034328,3.67836652777683,4.364847409257315,0.0,-1.4412996349089413,2.599147344705395,0.0,0.9499020035355225,-0.15265814555572374,0.0,0.09235997449525656,0.574701890293233,2.369426955092322,150.98703398684324,153.35646094193555
10.254000000000094,9.81,3.93,1,1,0.01,0.01,-8.925157366572554,7.637053803510905,-0.8842214159487561,1.5053359601709289,3.6958429338061904,4.363700449037498,0.0,-1.4394003421049897,2.5988218488417667,0.0,0.9493933443200762,-0.17283724957839397,0.0,0.1073517301326375,0.589682017839236,2.3751518632568525,150.98124824718462,153.35640011044148
10.256000000000094,9.81,3.93,1,1,0.01,0.01,-8.92691840565461,7.6400732015875725,-0.8768115650388572,1.5140614143713411,3.7141460764749197,4.361594155174299,0.0,-1.4375020527885878,2.598455997152493,0.0,0.9488985560388176,-0.1930139538337975,0.0,0.12299811372558099,0.6046854654363607,2.3827267139938275,150.9736123007844,153.35633901477823
10.258000000000095,9.81,3.93,1,1,0.01,0.01,-8.92866458787622,7.643110045723238,-0.8693642791360274,1.5227817012103488,3.733278326517117,4.3585339884922725,0.0,-1.4356047389785687,2.5980497945282894,0.0,0.9484178779470884,-0.21318816683016292,0.0,0.1393008632040255,0.619712768492492,2.392150985712896,150.96412666553633,153.35627765124923
10.260000000000096,9.81,3.93,1,1,0.01,0.01,-8.930395836707586,7.646164323679035,-0.8618778976203976,1.5314949183413207,3.7532420961249944,4.354525335223724,0.0,-1.433708372215491,2.597603246044708,0.0,0.9479515490675188,-0.23335979520344813,0.0,0.15626169172932597,0.6347644957675078,2.4034241642888627,150.9527918520143,153.35621601630314
10.262000000000096,9.81,3.93,1,1,0.01,0.01,-8.932112072292812,7.649236019422128,-0.8543507550047034,1.5401991741123224,3.7740398408068274,4.349573503196012,0.0,-1.4318129235621022,2.5971163569659548,0.0,0.9474998081853216,-0.25352874366134504,0.0,0.173882289039967,0.6498412492915019,2.416545742812948,150.93960836372167,153.35615410653463
10.264000000000097,9.81,3.93,1,1,0.01,0.01,-8.93381321144009,7.6523251131469365,-0.8467811808458213,1.5488925874054689,3.79567406121391,4.343683717988411,0.0,-1.429918363603822,2.59658913274879,0.0,0.9470628938441368,-0.2736949149266914,0.0,0.19216432278099116,0.6649436642814879,2.4315152213454807,150.9245766973384,153.3560919186839
10.266000000000098,9.81,3.93,1,1,0.01,0.01,-8.935499167611688,7.65543158129604,-0.8391674996526843,1.5575732874685617,3.8181473049329506,4.336861119061792,0.0,-1.4280246624492254,2.5960215790465666,0.0,0.9466410443423661,-0.2938582096803112,0.0,0.21110943981642222,0.6800724090566037,2.4483321066700685,150.90769734296688,153.35602944963696
10.268000000000098,9.81,3.93,1,1,0.01,0.01,-8.937169850913772,7.6585553965807325,-0.831508030790649,1.5662394137389615,3.841462168240765,4.329110755863428,0.0,-1.4261317897305417,2.5954137017133636,0.0,0.9462344977299882,-0.3140185265032425,0.0,0.2307192675239017,0.6952281849518698,2.466995912049404,150.8889707843758,153.3559666964252
10.270000000000099,9.81,3.93,1,1,0.01,0.01,-8.938825168086009,7.66169652800122,-0.8238010883823956,1.574889115659646,3.8656212978176834,4.320437583909764,0.0,-1.4242397146041486,2.594765506808246,0.0,0.9458434918058032,-0.33417576181837244,0.0,0.2509954150707718,0.71041172623051,2.4875061569828163,150.8683974992426,153.35590365622542
10.2720000000001,9.81,3.93,1,1,0.01,0.01,-8.940465022490983,7.664854940866439,-0.8160449812054437,1.5835205524874163,3.8906273924162997,4.3108464608495956,0.0,-1.4223484057510802,2.594077000599646,0.0,0.9454682641150652,-0.35432980983144446,0.0,0.27193947467077884,0.7256237999948464,2.509862366965609,150.84597795939405,153.35584032635967
10.2740000000001,9.81,3.93,1,1,0.01,0.01,-8.9420893141034,7.668030596813491,-0.808238012586379,1.5921318930932085,3.9164832044821885,4.300342142510002,0.0,-1.420457831377536,2.5933481895698485,0.0,0.9451090519474858,-0.3744805624714305,0.0,0.29355302282056445,0.7408652060957863,2.5340640732504425,150.8217126310442,153.35577670429464
10.276000000000101,9.81,3.93,1,1,0.01,0.01,-8.94369793949908,7.671223453826659,-0.8003784802918894,1.6007213157544846,3.9431915417228365,4.288929278927722,0.0,-1.4185679592153935,2.592579080419606,0.0,0.9447660923355354,-0.39462790933025915,0.0,0.3158376215150866,0.7561367770408683,2.560110812610697,150.79560197503082,153.35571278764152
10.278000000000102,9.81,3.93,1,1,0.01,0.01,-8.945290791843718,7.674433466256009,-0.7924646764167181,1.609287007939673,3.9707552686212813,4.276612410368184,0.0,-1.416678756522723,2.591769680072875,0.0,0.944439622053025,-0.4147717376018921,0.0,0.33879481944108886,0.7714393779008658,2.5880021271061153,150.7676464470494,153.3556485741555
10.280000000000102,9.81,3.93,1,1,0.01,0.01,-8.946867760881437,7.67766058483555,-0.7844948872686475,1.6178271660846357,3.999177307890891,4.263395963334345,0.0,-1.41479019008431,2.590919995681674,0.0,0.9441298776139034,-0.4349119320207212,0.0,0.36242615314769483,0.7867739062148978,2.617737563850655,150.73784649788473,153.35558406173539
10.282000000000103,9.81,3.93,1,1,0.01,0.01,-8.94842873292309,7.680904756700936,-0.7764673932506352,1.6263399953611462,4.028460641867375,4.249284246567944,0.0,-1.4129022262121687,2.5900300346310683,0.0,0.9438370952712372,-0.45504837479929716,0.0,0.3867331481932069,0.8021412918940087,2.6493166747828667,150.70620257364038,153.35551924842326
10.284000000000104,9.81,3.93,1,1,0.01,0.01,-8.949973590834325,7.6841659254067025,-0.7683804687402329,1.6348237094373623,4.058608313834514,4.234281447044786,0.0,-1.4110148307460708,2.589099804544273,0.0,0.9435615110163177,-0.4751809455653493,0.0,0.411717320267124,0.817542497123153,2.682739016438755,150.67271511596502,153.35545413240376
10.286000000000104,9.81,3.93,1,1,0.01,0.01,-8.951502214023426,7.687444030943013,-0.7602323819664224,1.6432765302302876,4.089623429279569,4.218391625966608,0.0,-1.4091279690540681,2.588129313287883,0.0,0.943303360577845,-0.49530952129810546,0.0,0.437380176286399,0.8329785162615015,2.7180041497273604,150.63738456227588,153.35538871200325
10.288000000000105,9.81,3.93,1,1,0.01,0.01,-8.953014478428875,7.6907390097518995,-0.7520213948840148,1.6516966876502135,4.1215091570744615,4.201618714751407,0.0,-1.4072416060330197,2.587118568977239,0.0,0.9430628794211289,-0.515433976263895,0.0,0.4637232154649148,0.8484503757409763,2.7551116397091056,150.60021134598026,153.35532298568936
10.290000000000106,9.81,3.93,1,1,0.01,0.01,-8.954510256506685,7.694050794742991,-0.7437457630457643,1.6600824193371413,4.154268730578863,4.183966511024186,0.0,-1.4053557061091146,2.586067579981917,0.0,0.9428403027472652,-0.5355541819510237,0.0,0.49074793035512604,0.8639591339629095,2.79406105537711,150.561195896693,153.3552569520701
10.292000000000106,9.81,3.93,1,1,0.01,0.01,-8.955989417217465,7.697379315308701,-0.7354037354723585,1.66843197038919,4.18790544866105,4.1654386746099465,0.0,-1.4034702332384092,2.5849763549313503,0.0,0.942635865492223,-0.5556700070039027,0.0,0.5184558078607823,0.8795058811926945,2.8348519694415546,150.52033864045148,153.35519060989304
10.294000000000107,9.81,3.93,1,1,0.01,0.01,-8.957451826013223,7.700724497338861,-0.7269935545204509,1.6767435930829921,4.222422676632406,4.14603872353098,0.0,-1.4015851509073516,2.5838449027205788,0.0,0.9424498023257758,-0.5757813171564267,0.0,0.5468483302196264,0.895091739452274,2.877483958117211,150.47763999992705,153.35512395804426
10.296000000000108,9.81,3.93,1,1,0.01,0.01,-8.958897344823905,7.7040862632347995,-0.7185134557489163,1.6850155465860903,4.25782384709121,4.125770030010217,0.0,-1.3997004221333178,2.58267323251615,0.0,0.9422823476502274,-0.5958879751646007,0.0,0.5759269759549362,0.9107178624103106,2.9219566009143536,150.43310039463344,153.35505699554778
10.298000000000108,9.81,3.93,1,1,0.01,0.01,-8.960325832043665,7.707464531922824,-0.7099616677835112,1.6932460966613485,4.294112460671725,4.104635816482046,0.0,-1.3978160094651493,2.58146135376213,0.0,0.9421337355988689,-0.6159898407383773,0.0,0.6056932207947066,0.9263854352698503,2.968269480433092,150.38672024113094,153.35498972156404
10.300000000000109,9.81,3.93,1,1,0.01,0.01,-8.961737142516862,7.7108592188671095,-0.7013364121801351,1.7014335153633933,4.331292086693764,4.082639151612824,0.0,-1.3959318749836889,2.58020927618627,0.0,0.9420042000340895,-0.6360867704727282,0.0,0.6361485385572976,0.9420956746532662,3.0164221821613473,150.33849995322765,153.354922135389
10.30200000000011,9.81,3.93,1,1,0.01,0.01,-8.963131127523779,7.714270236081975,-0.6926359032868963,1.7095760807271072,4.369366363708531,4.059782946332204,0.0,-1.3940479803023302,2.5789170098063083,0.0,0.9418939745450843,-0.6561786177779195,0.0,0.6672944020022832,0.957849828484255,3.066414294276545,150.2884399421764,153.35485423645295
10.30400000000011,9.81,3.93,1,1,0.01,0.01,-8.964507634766074,7.7176974921435235,-0.6838583481051927,1.7176720764481976,4.408338999935953,4.036069949877236,0.0,-1.392164286567562,2.577584564936403,0.0,0.9418032924450926,-0.6762652328089842,0.0,0.6991322836452266,0.9736491758666428,3.1182454074512536,150.23654061686779,153.35478602431903
10.306000000000111,9.81,3.93,1,1,0.01,0.01,-8.965866508351944,7.721140892200637,-0.6750019461500315,1.7257197915558669,4.448213773588848,4.011502745850485,0.0,-1.3902807544595295,2.576211952193713,0.0,0.9417323867680748,-0.6963464623944002,0.0,0.7316636565350817,0.9894950269597008,3.1719151146627826,150.1828023840189,153.3547174986817
10.308000000000112,9.81,3.93,1,1,0.01,0.01,-8.967207588781013,7.724600337985311,-0.6660648893098164,1.7337175200776145,4.488994533078958,3.9860837482940354,0.0,-1.3883973441925868,2.5747991825051404,0.0,0.9416814902647711,-0.7164221499639597,0.0,0.7648899949928631,1.0053887228496874,3.2274230110070756,150.12722564835906,153.35464865936612
10.310000000000112,9.81,3.93,1,1,0.01,0.01,-8.968530712928942,7.728075727822311,-0.6570453617058464,1.7416635606962045,4.530685197100173,3.9598151977802916,0.0,-1.3865140155158775,2.5733462671141796,0.0,0.9416508353980674,-0.736492135475806,0.0,0.7988127753101756,1.0213316354172874,3.284768693516863,150.06981081280884,153.3545795063257
10.312000000000113,9.81,3.93,1,1,0.01,0.01,-8.969835714031744,7.7315669566381295,-0.6479415395517737,1.7495562163988316,4.573289754583557,3.9326991575214167,0.0,-1.3846307277139092,2.571853217587944,0.0,0.9416406543375809,-0.7565562553426646,0.0,0.833433476406203,1.03732516720059,3.343951760984405,150.01055827865645,153.35451003964084
10.314000000000114,9.81,3.93,1,1,0.01,0.01,-8.971122421669836,7.73507391596924,-0.6387515910132857,1.7573937941185274,4.616812264519108,3.904737509498644,0.0,-1.3827474396071515,2.5703200458243316,0.0,0.9416511789533742,-0.7766143423572516,0.0,0.8687535804416793,1.0533707512532058,3.4049718137888174,149.94946844572848,153.3544402595173
10.316000000000114,9.81,3.93,1,1,0.01,0.01,-8.972390661751806,7.738596493969624,-0.6294736760682799,1.765174604367845,4.661256855638851,3.875931950612829,0.0,-1.3808641095526373,2.5687467640593376,0.0,0.9416826408087404,-0.796666225616848,0.0,0.9047745733883072,1.0694698509971379,3.4678284537282984,149.8865417125558,153.3543701662841
10.318000000000115,9.81,3.93,1,1,0.01,0.01,-8.973640256497891,7.7421345754175555,-0.6201059463678161,1.7728969608648673,4.706627725955828,3.8462839888574587,0.0,-1.3789806954445865,2.567133384874526,0.0,0.9417352711519503,-0.8167117304470656,0.0,0.941497945552112,1.0856239600699469,3.5325212838573297,149.82177847653486,153.3542997603922
10.320000000000116,9.81,3.93,1,1,0.01,0.01,-8.974871024423187,7.7456880417216345,-0.6106465450981403,1.7805591801515854,4.752929142153353,3.8157949395154356,0.0,-1.377097154715046,2.565479921204642,0.0,0.9418093009068813,-0.8367506783247711,0.0,0.9789251920490778,1.101834602165727,3.5990499083290417,149.75517913408265,153.3542290424117
10.322000000000116,9.81,3.93,1,1,0.01,0.01,-8.976082780320587,7.749256770926043,-0.6010936068440833,1.788159581204695,4.8001654388185955,3.7844659213810834,0.0,-1.3752134443345483,2.563786386345391,0.0,0.9419049606624361,-0.8567828868002036,0.0,1.017057813231468,1.1181033308694015,3.667413932242926,149.68674408078732,153.35415801303026
10.324000000000117,9.81,3.93,1,1,0.01,0.01,-8.977275335243435,7.752840637715023,-0.5914452574541538,1.7956964850388633,4.848341017514648,3.7522978530084554,0.0,-1.373329520812792,2.56205279396138,0.0,0.9420224806606509,-0.8768081694182824,0.0,1.055897315063124,1.1344317294837747,3.73761296149811,149.6164737115531,153.35408667305123
10.326000000000118,9.81,3.93,1,1,0.01,0.01,-8.978448496487932,7.756439513416547,-0.5816996139076531,1.8031682143025183,4.897460345685139,3.7192914489870486,0.0,-1.37144534019935,2.5602791580941906,0.0,0.9421620907834166,-0.8968263356390882,0.0,1.0954452094419709,1.1508214108487889,3.809646602652321,149.54436842073824,153.35401502339056
10.328000000000118,9.81,3.93,1,1,0.01,0.01,-8.979602067575252,7.760053266005175,-0.5718547841841545,1.8105730928662214,4.947527955384659,3.685447216246626,0.0,-1.369560858084401,2.5584654931706434,0.0,0.9423240205376796,-0.9168371907575643,0.0,1.1357030144679932,1.167274017152333,3.883514462786742,149.47042860228845,153.35394306507519
10.330000000000119,9.81,3.93,1,1,0.01,0.01,-8.980735848233426,7.763681760104083,-0.5619088671356994,1.8179094454036762,4.998548441829061,3.650765450391752,0.0,-1.3676760295995045,2.556611814011194,0.0,0.9425084990390551,-0.9368405358224149,0.0,1.1766722546547852,1.1837912197319844,3.959216149376989,149.3946546498628,153.3538707992398
10.33200000000012,9.81,3.93,1,1,0.01,0.01,-8.981849634378955,7.767324856986241,-0.5518599523620811,1.8251755969654393,5.0505264617584675,3.615246232068067,0.0,-1.3657908094183875,2.5547181358385287,0.0,0.9427157549937153,-0.956836167554248,0.0,1.2183544610828367,1.2003747188669576,4.036751270170376,149.31704695695475,153.35379822712514
10.33400000000012,9.81,3.93,1,1,0.01,0.01,-8.982943218098189,7.770982414574739,-0.5417061200895926,1.8323698725453956,5.1034667316066695,3.5788894233606587,0.0,-1.3639051517577967,2.55278447428628,0.0,0.9429460166784793,-0.976823878262937,0.0,1.2607511714925437,1.2170262435595571,4.116119433069683,149.2376059170047,153.35372535007437
10.336000000000121,9.81,3.93,1,1,0.01,0.01,-8.984016387628454,7.774654287442228,-0.5314454410536379,1.8394905966400639,5.157374025469402,3.5416946642266494,0.0,-1.362019010378366,2.5508108454079537,0.0,0.94319951191895,-0.9968034557642684,0.0,1.3038639303150088,1.233747551305313,4.197320246023626,149.15633192350765,153.35365216953127
10.338000000000122,9.81,3.93,1,1,0.01,0.01,-8.985068927338968,7.778340326809485,-0.5210759763856114,1.8465360928008017,5.212253172864751,3.5036613689625113,0.0,-1.3601323385855575,2.5487972656859768,0.0,0.9434764680656389,-1.016774683295842,0.0,1.3476942886384986,1.2505404278510366,4.28035331692426,149.07322537011183,153.35357868703608
10.340000000000122,9.81,3.93,1,1,0.01,0.01,-8.98610061771151,7.782040380543066,-0.5105957775044727,1.853504683178983,5.268109056277691,3.4647887227083096,0.0,-1.3582450892306193,2.5467437520409653,0.0,0.9437771119679,-1.0367373394323132,0.0,1.3922438041085219,1.2674066869398506,4.365218253511548,148.98828665071244,153.353504904224
10.342000000000123,9.81,3.93,1,1,0.01,0.01,-8.987111235320905,7.785754293152044,-0.5000028860134524,1.86039468806422,5.3249466084817465,3.425075677989221,0.0,-1.3563572147116314,2.5446503218411096,0.0,0.9441016699456113,-1.0566911979999318,0.0,1.4375140407592595,1.2843481700423591,4.451914663285265,148.90151615953505,153.35343082282031
10.344000000000124,9.81,3.93,1,1,0.01,0.01,-8.988100552815279,7.78948190578382,-0.489295333602346,1.8672044254157076,5.382770809629316,3.384520951296637,0.0,-1.3544686669745867,2.542516992911777,0.0,0.94445036775843,-1.0766360279904825,0.0,1.4835065687742044,1.3013667460729168,4.5404421534245385,148.81291429121416,153.3533564446387
10.346000000000124,9.81,3.93,1,1,0.01,0.01,-8.989068338896153,7.793223056218987,-0.4784711419558637,1.8739322103867715,5.4415866841029485,3.3431230197097532,0.0,-1.3525793975145457,2.540343783545257,0.0,0.9448234305725297,-1.0965715934746014,0.0,1.5302229641736242,1.318464311090032,4.6308003307152195,148.7224814408615,153.35328177157672
10.348000000000125,9.81,3.93,1,1,0.01,0.01,-8.99001435829834,7.7969775788652385,-0.46752832266852445,1.8805763548426988,5.501399297119201,3.300880117559254,0.0,-1.3506893573768628,2.5381307125106956,0.0,0.9452210829246808,-1.1164976535145406,0.0,1.5776648084265406,1.335642787979825,4.722988801485378,148.63021800412758,153.35320680561296
10.350000000000126,9.81,3.93,1,1,0.01,0.01,-8.990938371769685,7.800745304750303,-0.4564648771665966,1.8871351668719427,5.562213751076322,3.2577902331348456,0.0,-1.3487984971584757,2.535877799064194,0.0,0.9456435486835281,-1.1364139620764182,0.0,1.6258336879847726,1.3529041261213945,4.817007171549106,148.5361243772539,153.35313154880302
10.352000000000126,9.81,3.93,1,1,0.01,0.01,-8.991840136050657,7.804526061513898,-0.4452787966376065,1.8936069502907844,5.624035181637186,3.2138511054380414,0.0,-1.34690676700929,2.5335850629590992,0.0,0.9460910510079414,-1.1563202679419982,0.0,1.6747311937365605,1.370250301032935,4.91285504615896,148.44020095711704,153.353056003276
10.354000000000127,9.81,3.93,1,1,0.01,0.01,-8.99271940385381,7.808319673398682,-0.43396806196795334,1.8999900041415494,5.686868753538444,3.1690602209819607,0.0,-1.3450141166336391,2.5312525244564483,0.0,0.9465638123023054,-1.1762163146200375,0.0,1.7243589203771759,1.38768331399737,5.0105320299672655,148.34244814126308,153.35298017123034
10.356000000000128,9.81,3.93,1,1,0.01,0.01,-8.993575923843125,7.812125961240202,-0.422530643689188,1.9062826221844702,5.750719656116317,3.123414810640191,0.0,-1.3431204952918414,2.528880204335614,0.0,0.9470620541685818,-1.1961018402572918,0.0,1.7747184656939456,1.405205191666183,5.110037726996564,148.24286632793337,153.35290405492992
10.358000000000128,9.81,3.93,1,1,0.01,0.01,-8.994409440613252,7.815944742455816,-0.4109645019335305,1.9124830923832992,5.815593098539946,3.0769118465461505,0.0,-1.3412258518018563,2.526468123905115,0.0,0.9475859973550207,-1.2159765775492124,0.0,1.825811429762941,1.4228179856400995,5.211371740619549,148.14145591608047,153.35282765670001
10.360000000000129,9.81,3.93,1,1,0.01,0.01,-8.995219694668677,7.819775831032579,-0.3992675863992221,1.9185896963847708,5.8814943047420964,3.0295480390453946,0.0,-1.3393301345410453,2.5240163050136033,0.0,0.9481358617013659,-1.2358402536503954,0.0,1.8776394140545571,1.4405237720252142,5.3145336735486595,148.03821730537393,153.3527509789226
10.36200000000013,9.81,3.93,1,1,0.01,0.01,-8.996006422402827,7.823619037514083,-0.3874378363263267,1.924600708992024,5.948428508037365,2.981319833702778,0.0,-1.3374332914480467,2.5215247700610464,0.0,0.9487118660803773,-1.255692590084898,0.0,1.9302040204451982,1.458324650963021,5.419523127835734,147.93315089619662,153.35267402403235
10.36400000000013,9.81,3.93,1,1,0.01,0.01,-8.996769356077138,7.827474168986242,-0.37547318048361694,1.930514397632095,6.016400945417603,2.9322234083665846,0.0,-1.3355352700247718,2.5189935420100666,0.0,0.9493142283355591,-1.2755333026564428,0.0,1.98350685013207,1.4762227461328687,5.526339704882051,147.82625708962962,153.35259679451167
10.366000000000131,9.81,3.93,1,1,0.01,0.01,-8.997508223800113,7.831341029061999,-0.36337153716720083,1.936329021817598,6.08541685151385,2.8822546702922107,0.0,-1.3336360173385309,2.5164226443974758,0.0,0.9499431652148875,-1.2953621013586418,0.0,2.037549502448161,1.494220204225147,5.634983005458947,147.71753628742698,153.35251929288592
10.368000000000132,9.81,3.93,1,1,0.01,0.01,-8.99822274950638,7.835219417864953,-0.35113081421156767,1.9420428326027137,6.155481452213946,2.8314092533279123,0.0,-1.3317354800242889,2.5138121013459864,0.0,0.950598892300388,-1.3151786902853075,0.0,2.0923335735743116,1.5123191943835228,5.745452629739459,147.60698889197928,153.35244152171873
10.370000000000132,9.81,3.93,1,1,0.01,0.01,-8.998912652935797,7.839109132011897,-0.33874890901375143,1.947654072033616,6.226599957924747,2.779682515165084,0.0,-1.3298336042870724,2.511161937576111,0.0,0.951281623933404,-1.3349827675409647,0.0,2.147860655145261,1.5305219076144752,5.8577481773413265,147.49461530626593,153.35236348360726
10.372000000000133,9.81,3.93,1,1,0.01,0.01,-8.999577649612602,7.8430099645942475,-0.326223708571335,1.9531609725934622,6.29877755646774,2.7270695346556924,0.0,-1.327930335904537,2.508472178418203,0.0,0.951991573135397,-1.3547740251516303,0.0,2.2041323327463918,1.5488305561622944,5.971869247381595,147.3804159337942,153.3522851811758
10.374000000000134,9.81,3.93,1,1,0.01,0.01,-9.00021745082468,7.846921705158355,-0.31355308953503963,1.958561756642092,6.372019405595884,2.6735651092006467,0.0,-1.3260256202296805,2.505742849824728,0.0,0.95272895152405,-1.3745521489760368,0.0,2.2611501842979984,1.5672473728475476,6.087815438543303,147.26439117852823,153.35220661707154
10.376000000000134,9.81,3.93,1,1,0.01,0.01,-9.000831763602918,7.850844139684697,-0.30073491827666926,1.9638546358505737,6.446330625120261,2.6191637522113504,0.0,-1.324119402193743,2.502973978382682,0.0,0.9534939692245452,-1.3943168186173676,0.0,2.3189157783236114,1.585774610367068,6.205586349154539,147.14654144480411,153.35212779395866
10.378000000000135,9.81,3.93,1,1,0.01,0.01,-9.001420290700741,7.8547770505659305,-0.2877670509732015,1.9690378106307502,6.521716288634206,2.5638596906481634,0.0,-1.3222116263092845,2.500165591326179,0.0,0.9542868347758379,-1.4140677073356425,0.0,2.3774306720989715,1.6044145405534043,6.325181577280285,147.02686713723202,153.3520487145123
10.380000000000136,9.81,3.93,1,1,0.01,0.01,-9.001982730573816,7.858720216583796,-0.2746473337078438,1.9741094695599428,6.598181414822342,2.507646862639393,0.0,-1.3203022366734551,2.4973177165492313,0.0,0.9551077550316973,-1.4338044819609146,0.0,2.4366964096781674,1.623169453591479,6.446600720827423,146.9053686605854,153.35196938141283
10.382000000000136,9.81,3.93,1,1,0.01,0.01,-9.00251877735998,7.862673412884872,-0.2613736025888971,1.9790677888009758,6.675730958341695,2.4505189151846576,0.0,-1.3183911769714665,2.494430382618707,0.0,0.9559569350563433,-1.4535268028074113,0.0,2.496714519793322,1.642041657190227,6.569843377663314,146.78204641967693,153.35188979734025
10.384000000000137,9.81,3.93,1,1,0.01,0.01,-9.00302812085942,7.866636410955162,-0.24794368388729526,1.9839109315176944,6.754369800262537,2.392469201945925,0.0,-1.316478390480286,2.491503618787422,0.0,0.956834578014534,-1.4732343235887502,0.0,2.557486513624136,1.6610334757069587,6.694909145748323,146.65690081921866,153.35180996496698
10.386000000000138,9.81,3.93,1,1,0.01,0.01,-9.003510446515165,7.870608978593507,-0.23435539419371534,1.9886370472861588,6.834102738054818,2.3334907811315064,0.0,-1.314563820072544,2.4885374550074486,0.0,0.9577408850558216,-1.4929266913344494,0.0,2.619013882433616,1.680147249221851,6.82179762328281,146.5299322636695,153.3517298869523
10.388000000000138,9.81,3.93,1,1,0.01,0.01,-9.003965435393884,7.87459087988382,-0.22060654059617937,1.9932442715016998,6.914934475107503,2.273576413476528,0.0,-1.3126474082206874,2.485531921943553,0.0,0.9586760551928515,-1.512603546307854,0.0,2.6812980950661105,1.699385332560184,6.950508408868868,146.40114115706632,153.3516495659352
10.39000000000014,9.81,3.93,1,1,0.01,0.01,-9.004392764167086,7.878581875166123,-0.2066949208790966,1.9977307247820375,6.996869609766727,2.2127185603250563,0.0,-1.3107290970013807,2.482487050986812,0.0,0.9596402851734719,-1.5322645219257096,0.0,2.7443405953038282,1.7187500942596308,7.081041101687453,146.27052790284023,153.35156900452768
10.39200000000014,9.81,3.93,1,1,0.01,0.01,-9.00479210509273,7.882581721006401,-0.1926183237447221,2.002094512366669,7.079912623878948,2.1509093818187104,0.0,-1.3088088281001695,2.4794028742683865,0.0,0.9606337693464414,-1.5519092446795504,0.0,2.8081427990778467,1.738243915479889,7.213395301691165,146.13809290361667,153.35148820530782
10.39400000000014,9.81,3.93,1,1,0.01,0.01,-9.005163125997296,7.886590170165233,-0.17837452905803575,2.006333723512746,7.1640678708249945,2.0881407351970633,0.0,-1.3068865428164176,2.476279424673441,0.0,0.9616566995205642,-1.5715373340591186,0.0,2.872706091529596,1.7578691888518942,7.347570609813289,146.003836560999,153.35140717081228
10.396000000000141,9.81,3.93,1,1,0.01,0.01,-9.00550549025838,7.890606971565225,-0.1639613081160743,2.010446430887666,7.249339563030538,2.0244041732155216,0.0,-1.3049621820685307,2.4731167358552404,0.0,0.9627092648169803,-1.591148402478068,0.0,2.938031823918798,1.7776283172636027,7.483566628193572,145.8677592753358,153.35132590352939
10.398000000000142,9.81,3.93,1,1,0.01,0.01,-9.005818856787851,7.89463187025722,-0.14937642394277764,2.0144306899586266,7.335731758938821,1.9596909426860432,0.0,-1.303035686399491,2.4699148422493518,0.0,0.9637916515144787,-1.610742055202125,0.0,3.0041213103736006,1.7975237125794719,7.6213829604211245,145.7298614454698,153.35124440589092
10.400000000000142,9.81,3.93,1,1,0.01,0.01,-9.006102880015613,7.8986646073852835,-0.13461763161044032,2.0182845383793846,7.423248349430545,1.893991983147524,0.0,-1.3011069959826975,2.4666737790880267,0.0,0.964904042887549,-1.6303178902800175,0.0,3.0709758244788117,1.8175577942904015,7.7610192117950945,145.59014346846953,153.35116268026462
10.402000000000143,9.81,3.93,1,1,0.01,0.01,-9.006357209874054,7.902704920150463,-0.1196826785888879,2.0220059953744935,7.511893043676428,1.82729792567185,0.0,-1.2991760506281451,2.463393582414695,0.0,0.9660466190369937,-1.6498754984773996,0.0,3.13859659569792,1.8377329880909967,7.902474989603581,145.4486057393425,153.35108072894607
10.404000000000144,9.81,3.93,1,1,0.01,0.01,-9.006581491783212,7.906752541773311,-0.10456930512352808,2.025593061121293,7.601669354407349,1.7595990918126194,0.0,-1.29724278978895,2.460074289098594,0.0,0.967219556712882,-1.6694144632140513,0.0,3.206984805624592,1.8580517243808303,8.04574990342132,145.30524865072903,153.35099855415035
10.406000000000144,9.81,3.93,1,1,0.01,0.01,-9.00677536663673,7.910807201455169,-0.08927524464345667,2.029043716129946,7.692580582587052,1.690885492703858,0.0,-1.2953071525682265,2.4567159368495273,0.0,0.9684230291295949,-1.6889343605046498,0.0,3.2761415840592933,1.8785164366862293,8.19084356542661,145.16007259257708,153.35091615800368
10.408000000000145,9.81,3.93,1,1,0.01,0.01,-9.006938470788652,7.914868624338218,-0.07379822420082782,2.0323559206218285,7.784629801472403,1.6211468283159123,0.0,-1.2933690777263611,2.453318564232717,0.0,0.9696572057728088,-1.708434758903418,0.0,3.3460680049066314,1.8991295599991846,8.337755590738324,145.01307795179596,153.35083354253428
10.410000000000146,9.81,3.93,1,1,0.01,0.01,-9.007070436041147,7.9189365314642695,-0.05813596494272928,2.0355276139065936,7.877819840045886,1.550372486876876,0.0,-1.2914285036886637,2.449882210683788,0.0,0.9709222521981122,-1.727915219452969,0.0,3.4167650818889883,1.9198935290296044,8.486485597773216,144.86426511189063,153.35075070966386
10.412000000000146,9.81,3.93,1,1,0.01,0.01,-9.007170889633185,7.9230106397323254,-0.04228618261683266,2.038556713758255,7.972153265805246,1.4785515444677433,0.0,-1.2894853685534324,2.4464069165238445,0.0,0.9722183298210878,-1.7473752956376944,0.0,3.488233764071969,1.9408107763672668,8.637033208624365,144.71363445257418,153.35066766119854
10.414000000000147,9.81,3.93,1,1,0.01,0.01,-9.007239454230284,7.927090661854878,-0.026246588112119846,2.0414411157906356,8.06763236689535,1.405672764799581,0.0,-1.287539610100462,2.4428927229746114,0.0,0.9735455956986664,-1.7668145333420222,0.0,3.5604749311971315,1.9618837305497034,8.78939804946131,144.56118634935748,153.3505843988188
10.416000000000148,9.81,3.93,1,1,0.01,0.01,-9.007275747915354,7.931176306312968,-0.010014888036016488,2.044178692832567,8.164259133566828,1.3317245991825875,0.0,-1.2855911657999781,2.43933967217368,0.0,0.9749042023014559,-1.786232470813958,0.0,3.6334893888175492,1.9831148140319077,8.943579750952457,144.4069211731176,153.35050092407008
10.418000000000148,9.81,3.93,1,1,0.01,0.01,-9.007279384180753,7.935267277309986,0.006411214670706478,2.04676729430322,8.262035238946732,1.2566951866961915,0.0,-1.283639972822046,2.4357478071898244,0.0,0.9762942972768806,-1.8056286386342766,0.0,3.707277863231656,2.0045064410539513,9.099577948710383,144.2508392896429,153.3504172383533
10.42000000000015,9.81,3.93,1,1,0.01,0.01,-9.007249971921594,7.939363274724234,0.023034020079872264,2.04920474558799,8.360962019106559,1.180572354569966,0.0,-1.2816859680464672,2.4321171720383363,0.0,0.9777160232029382,-1.8250025596917578,0.0,3.7818409962107933,2.0260610154023957,9.25739228376076,144.09294105915296,153.35033334291373
10.42200000000015,9.81,3.93,1,1,0.01,0.01,-9.007187115430405,7.943463994060229,0.039855830581258536,2.0514888474153614,8.461040452412576,1.1033436187864867,0.0,-1.2797290880731669,2.428447811696457,0.0,0.9791695173322694,-1.8443537491649455,0.0,3.857179339516062,2.0477809280610906,9.417022403035503,143.93322683579615,153.35024923883165
10.42400000000015,9.81,3.93,1,1,0.01,0.01,-9.007090414393232,7.947569126398772,0.05687895014592925,2.0536173752352083,8.562271138144645,1.0249961849162972,0.0,-1.2777692692331113,2.4247397721187864,0.0,0.9806549113264633,-1.8636817145108084,0.0,3.933293349199827,2.0696685547472837,9.578467959890823,143.77169696712,153.3501649270108
10.426000000000151,9.81,3.93,1,1,0.01,0.01,-9.006959463887243,7.951678358345766,0.0741056835460602,2.0555880785990075,8.664654274368962,0.9455169491970139,0.0,-1.2758064475997637,2.420993100252753,0.0,0.9821723309802451,-1.88298595546084,0.0,4.0101833796875495,2.0917262533283245,9.741728614650823,143.60835179351727,153.35008040816808
10.428000000000152,9.81,3.93,1,1,0.01,0.01,-9.006793854379945,7.955791371979806,0.09153833552975324,2.0573986805424647,8.768189635051542,0.8648924998678664,0.0,-1.2738405590011044,2.417207844054043,0.0,0.9837218959354931,-1.9022659640250286,0.0,4.087849677635377,2.1139563611147376,9.906804035177492,143.4431916476443,153.3499956828218
10.430000000000152,9.81,3.93,1,1,0.01,0.01,-9.00659317173009,7.959907844798529,0.10917920994930648,2.059046876971072,8.872876546398805,0.7831091187725612,0.0,-1.2718715390322246,2.4133840525020434,0.0,0.9853037193847691,-1.9215212245042408,0.0,4.166292375559202,2.136361192024828,10.073693897467585,143.27621685381283,153.34991075128042
10.432000000000153,9.81,3.93,1,1,0.01,0.01,-9.00635699719039,7.964027449663744,0.12703060884138245,2.060530336049155,8.978713862412668,0.7001527832429897,0.0,-1.2698993230685394,2.4095217756152394,0.0,0.986917907764236,-1.9407512135115506,0.0,4.2455114852308355,2.1589430336162523,10.242397886277308,143.1074277273536,153.3498256136309
10.434000000000154,9.81,3.93,1,1,0.01,0.01,-9.006084907412099,7.9681498547453415,0.14509483145749094,2.0618466975929746,9.08569993964821,0.6160091682772642,0.0,-1.2679238462796112,2.405621064466556,0.0,0.9885645604357877,-1.9599554000030388,0.0,4.325506890837026,2.18170414397983,10.412915695775416,142.93682457395107,153.34974026972648
10.436000000000154,9.81,3.93,1,1,0.01,0.01,-9.005776474451602,7.972274723463994,0.16337417324317946,2.062993572468493,9.193832611162017,0.5306636490260814,0.0,-1.2659450436436255,2.4016819711986415,0.0,0.9902437693581654,-1.979133245318676,0.0,4.406278341897227,2.2046467484906453,10.585247030225522,142.76440768894906,153.3496547191746
10.438000000000155,9.81,3.93,1,1,0.01,0.01,-9.00543126577909,7.976401714432657,0.1818709247643028,2.0639685419944347,9.303109159640973,0.4441013036015491,0.0,-1.2639628499625366,2.3977045490390423,0.0,0.9919556187469667,-1.9982842032338688,0.0,4.4878254459360365,2.2277730364117065,10.759391604698422,142.59017735662576,153.34956896132417
10.440000000000156,9.81,3.93,1,1,0.01,0.01,-9.005048844289432,7.980530481396884,0.2005873705787218,2.0647691573512943,9.41352628970116,0.3563069162238808,0.0,-1.2619771998779037,2.3936888523152753,0.0,0.9937001847233418,-2.017407720022273,0.0,4.57014766090635,2.251085157345115,10.935349145814968,142.4141338494378,153.34948299525277
10.442000000000156,9.81,3.93,1,1,0.01,0.01,-9.004628768315378,7.9846606731739636,0.21952578805176265,2.0653929389969945,9.52508009934831,0.26726498072097016,0.0,-1.2599880278874416,2.389634936469757,0.0,0.9954775349512645,-2.036503234530577,0.0,4.653244287359572,2.2745852175258157,11.113119392520654,142.23627742723278,153.34939681975342
10.444000000000157,9.81,3.93,1,1,0.01,0.01,-9.004170591643167,7.988791933590896,0.2386884461137519,2.0658373760899065,9.63776605059166,0.17695970439736186,0.0,-1.2579952683623028,2.385542858074576,0.0,0.9972877282632316,-2.0555701782658553,0.0,4.737114460359121,2.2982752759528715,11.292702096892265,142.05660833642924,153.3493104333215
10.446000000000158,9.81,3.93,1,1,0.01,0.01,-9.003673863530691,7.992923901421224,0.25807760395792695,2.066099925919991,9.751578939204709,0.0853750122887007,0.0,-1.2559988555651291,2.3814126748460644,0.0,0.9991308142743258,-2.07460797549624,0.0,4.821757141133903,2.322157340353333,11.474097024977699,141.87512680916257,153.34922383414028
10.448000000000158,9.81,3.93,1,1,0.01,0.01,-9.00313812872833,7.997056210320734,0.2776955096770101,2.0661780133488485,9.866512863627165,-0.007505448180703311,0.0,-1.2539987236688832,2.3772444456591777,0.0,1.0010068329844564,-2.093616043365617,0.0,4.907171108468507,2.3462333629734524,11.657303957669594,141.6918330623983,153.3491370200679
10.45000000000016,9.81,3.93,1,1,0.01,0.01,-9.002562927502552,8.001188488762049,0.29754439883672446,2.0660690302595044,9.982561193004335,-0.1016983021198481,0.0,-1.2519948067764828,2.3730382305616047,0.0,1.0029158143688066,-2.112593792023062,0.0,4.993354949827026,2.3705052361924266,11.842322691613559,141.5067272970089,153.34904998862245
10.45200000000016,9.81,3.93,1,1,0.01,0.01,-9.001947795662469,8.005320359968128,0.3176264929845232,2.0657703350167815,10.099716534361171,-0.1972204416541956,0.0,-1.2499870389412715,2.3687940907876204,0.0,1.004857777956354,-2.1315406247678275,0.0,5.080307052207858,2.394974787953492,12.029153040151847,141.3198096968157,153.34896273696754
10.45400000000016,9.81,3.93,1,1,0.01,0.01,-9.001292264589402,8.009451441844698,0.33794399809180165,2.0652792519391654,10.21797069891032,-0.29408901995130066,0.0,-1.2479753541883423,2.364512088771626,0.0,1.0068327323964485,-2.150455938210641,0.0,5.168025592726907,2.419643777007409,12.217794834303259,141.1310804275943,153.34887526189755
10.456000000000161,9.81,3.93,1,1,0.01,0.01,-9.000595861269655,8.013581346911652,0.3584991029278588,2.0645930707830877,10.337314667494967,-0.3923214447694683,0.0,-1.2459596865367417,2.3601922881613535,0.0,1.0088406750134464,-2.169339122452162,0.0,5.256508528927057,2.44451388796343,12.408247923780067,140.9405396360425,153.34878755982257
10.458000000000162,9.81,3.93,1,1,0.01,0.01,-8.999858108330606,8.017709682233408,0.3792939773638828,2.063709046240609,10.457738555169598,-0.4919353715098307,0.0,-1.2439399700225748,2.3558347538306803,0.0,1.010881591349409,-2.188189561279387,0.0,5.345753588811913,2.4695867261428868,12.600512178042699,140.74818744870964,153.34869962675234
10.460000000000163,9.81,3.93,1,1,0.01,0.01,-8.999078524080254,8.021836049348298,0.4003307706052388,2.0626243974515095,10.579231574923364,-0.5929486957510957,0.0,-1.2419161387230349,2.3514395518920668,0.0,1.0129554546948438,-2.207006632380957,0.0,5.4357582606025,2.4948638122304576,12.794587487393093,140.55402397088858,153.34861145828168
10.462000000000163,9.81,3.93,1,1,0.01,0.01,-8.998256622550379,8.025960044196989,0.4216116093503528,2.0613363075308446,10.701782000553932,-0.6953795452466434,0.0,-1.2398881267813895,2.347006749708501,0.0,1.0150622256076804,-2.2257897075821553,0.0,5.526519782215503,2.5203465767187634,12.990473764107351,140.3580492854661,153.34852304957346
10.464000000000164,9.81,3.93,1,1,0.01,0.01,-8.997391913543465,8.030081257049966,0.443138595874501,2.059841923113062,10.825377128701131,-0.7992462713621791,0.0,-1.2378558684329337,2.3425364159049744,0.0,1.0172018514204546,-2.244538153100573,0.0,5.618035130462492,2.546036354141466,13.188170943608583,140.16026345173395,153.34843439534254
10.466000000000165,9.81,3.93,1,1,0.01,0.01,-8.996483902683522,8.03419927243414,0.46491380603683624,2.058138353913822,10.950003240052789,-0.9045674399319505,0.0,-1.235819298031945,2.3380286203794474,0.0,1.0193742657358502,-2.263251329823394,0.0,5.710301009969807,2.571934377090535,13.387678985680672,139.96066650415952,153.3483454898402
10.468000000000165,9.81,3.93,1,1,0.01,0.01,-8.995532091470977,8.038313669058583,0.4869392872090117,2.0562226723107027,11.075645559738785,-1.0113618215121178,0.0,-1.233778350079659,2.333483434313182,0.0,1.0215793879108788,-2.2819285936071703,0.0,5.803313841819121,2.5980417700138148,13.588997875723654,139.7592584511121,153.34825632683575
10.470000000000166,9.81,3.93,1,1,0.01,0.01,-8.994535977341785,8.04242401973945,0.5092170561237944,2.054091912944024,11.202288216930572,-1.119648381007302,0.0,-1.2317329592532782,2.3289009301805086,0.0,1.023817122529728,-2.3005692956011585,0.0,5.897069751909497,2.6243595427884823,13.79212762605141,139.55603927354935,153.34816689960076
10.472000000000167,9.81,3.93,1,1,0.01,0.01,-8.993495053730932,8.04652989132412,0.5317490966421021,2.051743072339061,11.329914203668567,-1.2294462666483748,0.0,-1.2296830604360651,2.3242811817578746,0.0,1.0260873588656807,-2.3191727825951616,0.0,5.991564559042038,2.6508885840671073,13.99706827723267,139.3510089236581,153.34807720089077
10.474000000000167,9.81,3.93,1,1,0.01,0.01,-8.992408810140477,8.050630844614613,0.5545373574369423,2.049173108550973,11.458505332941842,-1.3407747982970601,0.0,-1.227628588748507,2.3196242641322176,0.0,1.0283899703322399,-2.337738397392934,0.0,6.086793762729007,2.6776296543925118,14.203819899475553,139.14416732345293,153.34798722292848
10.476000000000168,9.81,3.93,1,1,0.01,0.01,-8.99127673221231,8.054726434290309,0.5775837495927869,2.0463789408338124,11.58804219604909,-1.4536534550539075,0.0,-1.2255694795805856,2.3149302537085332,0.0,1.030724813923945,-2.356265479212116,0.0,6.182752530729558,2.7045833790787115,14.412382594056607,138.9355143633291,153.3478969573857
10.478000000000169,9.81,3.93,1,1,0.01,0.01,-8.990098301805808,8.05881620883004,0.600890144118977,2.04335744933504,11.7185041192735,-1.5681018621460359,0.0,-1.2235056686251988,2.3101992282166104,0.0,1.0330917296471807,-2.374753364111814,0.0,6.279435686315306,2.731750240855017,14.622756494795015,138.7250499005696,153.34780639536461
10.48000000000017,9.81,3.93,1,1,0.01,0.01,-8.988872997080545,8.062899710433589,0.6244583693758207,2.040105474817001,11.849869119907702,-1.6841397770688857,0.0,-1.221437091912698,2.3054312667169197,0.0,1.0354905399413685,-2.393201385448865,0.0,6.37683769526932,2.7591305722708426,14.834941769572225,138.51277375780816,153.3477155273804
10.48200000000017,9.81,3.93,1,1,0.01,0.01,-8.987600292584231,8.06697647494267,0.6482902084121253,2.0366198184068827,11.982113861670525,-1.801787074958968,0.0,-1.219363685846619,2.300626449605521,0.0,1.0379210490911457,-2.4116088743638433,0.0,6.474952652622906,2.7867245478596345,15.048938621898017,138.29868572144406,153.3476243433421
10.48400000000017,9.81,3.93,1,1,0.01,0.01,-8.986279659346076,8.071046031761432,0.6723873962129919,2.0328972413767223,12.115213609560676,-1.9210637331717644,0.0,-1.2172853872405824,2.295784858617991,0.0,1.0403830426299678,-2.4299751602979134,0.0,6.57377426913534,2.8145321760602404,15.26474729252312,138.0827855400109,153.347532832534
10.486000000000171,9.81,3.93,1,1,0.01,0.01,-8.984910564975745,8.07510790377655,0.6967516168567965,2.0289344649550687,12.24914218419816,-2.041989815040461,0.0,-1.2152021333564025,2.290906576832279,0.0,1.0428762867357995,-2.4482995715416145,0.0,6.673295857522521,2.8425532908950184,15.482368061099049,137.86507292249792,153.34744098359695
10.488000000000172,9.81,3.93,1,1,0.01,0.01,-8.983492473768095,8.079161607276982,0.7213845005803867,2.0247281701719695,12.383871915709053,-2.1645854527906403,0.0,-1.213113861943405,2.285991688670423,0.0,1.045400527619562,-2.4665814358166482,0.0,6.773510318441171,2.8707875434043895,15.701801247885514,137.6455475366231,153.34734878450863
10.490000000000173,9.81,3.93,1,1,0.01,0.01,-8.98202484681386,8.083206651873443,0.7462876207516416,2.0202749977389924,12.519373597214459,-2.2888708295858367,0.0,-1.2110205112789787,2.2810402798990914,0.0,1.0479554909070168,-2.4848200808918026,0.0,6.874410126236339,2.8992343928380624,15.923047215505726,137.42420900705903,153.34725622256477
10.492000000000173,9.81,3.93,1,1,0.01,0.01,-8.980507142116505,8.087242540417682,0.7714624907486692,2.015571547966045,12.65561643799054,-2.414866160679858,0.0,-1.2089220202103768,2.2760524376288327,0.0,1.0505408810149612,-2.5030148352340773,0.0,6.975987314460638,2.9278930976041613,16.14610637075,137.20105691360948,153.34716328435948
10.494000000000174,9.81,3.93,1,1,0.01,0.01,-8.978938814715395,8.091268768921626,0.7969105607450553,2.010614380716804,12.792568016372137,-2.542591673650745,0.0,-1.2068183281977523,2.2710282503120016,0.0,1.05315638052258,-2.5211650286960827,0.0,7.078233461174616,2.9567627059779764,16.37097916642767,136.97609078933803,153.3470699557657
10.496000000000175,9.81,3.93,1,1,0.01,0.01,-8.977319316815505,8.095284826476476,0.822633214400726,2.0054000154046165,12.930194232478613,-2.6720675876927373,0.0,-1.2047093753584694,2.2659678077392655,0.0,1.055801649538901,-2.539269993240808,0.0,7.181139674038745,2.985842046572926,16.59766610326756,136.74931011864754,153.3469762219151
10.498000000000175,9.81,3.93,1,1,0.01,0.01,-8.975648097923834,8.099290195171836,0.8486317654581572,1.999924931030775,13.068459260847183,-2.803314091942317,0.0,-1.2025951025126813,2.260871201034631,0.0,1.0584763250673852,-2.557329063704831,0.0,7.284696575208503,3.015129718577209,16.826167731867194,136.52071433531148,153.34688206717868
10.500000000000176,9.81,3.93,1,1,0.01,0.01,-8.973924604992717,8.103284350014965,0.8749074542438317,1.9941855662671297,13.20732550306554,-2.9363513228149234,0.0,-1.2004754512301792,2.2557385226489046,0.0,1.0611800203687705,-2.5753415786009786,0.0,7.388894286044895,3.044624081760567,17.056484654690536,136.2903028204563,153.34678747514684
10.502000000000177,9.81,3.93,1,1,0.01,0.01,-8.972148282570242,8.107266758850244,0.9014614440750439,1.9881783195850347,13.346753540502952,-3.071199340330063,0.0,-1.198350363878511,2.2505698663514915,0.0,1.063912324323415,-2.5933068809614315,0.0,7.493722411653929,3.074323246256705,17.28861752811401,136.0580749004949,153.3466924286089
10.504000000000177,9.81,3.93,1,1,0.01,0.01,-8.970318572957934,8.111236882278936,0.9282948175723524,1.9818995494326719,13.48670208724535,-3.207878103402475,0.0,-1.196219783672381,2.245365327220486,0.0,1.0666728007943367,-2.61122431922234,0.0,7.599170025269918,3.1042250621275866,17.522567064520995,135.82402984501226,153.34659690953325
10.506000000000178,9.81,3.93,1,1,0.01,0.01,-8.96843491637592,8.115194173579363,0.9554085728782002,1.9753455744628468,13.627127943348514,-3.346407444078837,0.0,-1.194083654724325,2.2401250016309446,0.0,1.0694609879923822,-2.629093248150819,0.0,7.705225652498154,3.1343271087173727,17.75833403444409,135.58816686460344,153.34650089904753
10.508000000000179,9.81,3.93,1,1,0.01,0.01,-8.966496751135736,8.11913807862759,0.9828036197824603,1.9685126738133802,13.767985948530331,-3.4868070406993708,0.0,-1.19194192209664,2.2348489872412616,0.0,1.0722763978450063,-2.646913029815251,0.0,7.811877255433975,3.1646266838048467,17.995919268754605,135.35048510866363,153.34640437741825
10.51000000000018,9.81,3.93,1,1,0.01,0.01,-8.964503513820995,8.123068035818712,1.010480775755911,1.9613970874422688,13.909228936431756,-3.629096389966323,0.0,-1.1897945318545844,2.2295373829775467,0.0,1.0751185153702278,-2.6646830345997685,0.0,7.9191122166764,3.1951207925644156,18.23532366089916,135.11098366313138,153.34630732403053
10.51200000000018,9.81,3.93,1,1,0.01,0.01,-8.962454639476059,8.126983475988885,1.0384407618929166,1.953995016519816,14.05080768958339,-3.773294777900663,0.0,-1.1876414311208108,2.2241902890159597,0.0,1.0779867980573568,-2.6824026422637104,0.0,8.02691732325564,3.2258061363469226,18.47654816918206,134.86966154818666,153.3462097173687
10.51400000000018,9.81,3.93,1,1,0.01,0.01,-8.960349561802923,8.130883822338188,1.0666841987648654,1.946302623879975,14.192670895224204,-3.919421249672011,0.0,-1.1854825681310432,2.2188078067628485,0.0,1.0808806752563864,-2.7000712430467777,0.0,8.135278750495052,3.2566791012935075,18.719593819093152,134.62651771590276,153.3461115349959
10.516000000000181,9.81,3.93,1,1,0.01,0.01,-8.958187713366486,8.134768490354455,1.0952116021862282,1.9383160345331705,14.334765102126415,-4.067494578286547,0.0,-1.1833178922909562,2.213390038832652,0.0,1.0837995475778046,-2.7176882388205614,0.0,8.244182045829339,3.287735746796542,18.964461705679575,134.38155104785506,153.34601275353464
10.518000000000182,9.81,3.93,1,1,0.01,0.01,-8.955968525808368,8.138636887738192,1.1240233788954048,1.9300313362428982,14.477034678590224,-4.217533232120666,0.0,-1.1811473542342368,2.207937089023435,0.0,1.0867427863049055,-2.735253044287013,0.0,8.353612112602018,3.318971793823891,19.211152995960553,134.13476035268587,153.34591334864643
10.520000000000183,9.81,3.93,1,1,0.01,0.01,-8.953691430069446,8.142488414328714,1.1531198221528747,1.9214445801684203,14.619421771780056,-4.369555341289586,0.0,-1.1789709058818267,2.202449062290002,0.0,1.0897097328205478,-2.7527650882244084,0.0,8.46355319386666,3.3503826131236805,19.459668931383938,133.88614436362943,153.34581329501336
10.522000000000183,9.81,3.93,1,1,0.01,0.01,-8.951355856621287,8.146322462031637,1.1825011072595102,1.9125517815758943,14.761866268584361,-4.523578662842682,0.0,-1.176788500502275,2.196926064714444,0.0,1.0926996980507206,-2.7702238147811142,0.0,8.573988856217188,3.3819632133293998,19.710010830322553,133.63570173599535,153.3457125663179
10.524000000000184,9.81,3.93,1,1,0.01,0.01,-8.948961235706605,8.150138414747865,1.2121672869982913,1.9033489206202923,14.904305758188677,-4.679620544779196,0.0,-1.1746000927731939,2.191368203474082,0.0,1.0957119619270264,-2.7876286848175473,0.0,8.684901973674387,3.413708228985851,19.96218009060899,133.38343104461586,153.34561113522486
10.526000000000185,9.81,3.93,1,1,0.01,0.01,-8.946506997588921,8.1539356483042,1.2421182870030458,1.893831943200469,15.046675496562393,-4.8376978888816895,0.0,-1.172405638843771,2.185775586806634,0.0,1.0987457728706946,-2.804979177296391,0.0,8.796274711656372,3.4456119085195547,20.216178192106568,133.12933078125488,153.34550897336146
10.528000000000185,9.81,3.93,1,1,0.01,0.01,-8.943992572811547,8.157713530385763,1.2723539010582479,1.8839967618897484,15.188908373067598,-4.997827112365765,0.0,-1.170205096398281,2.1801483239726043,0.0,1.1018003473004072,-2.8222747907212336,0.0,8.908088511062688,3.4776681021777565,20.472006699314583,132.87339935198554,153.34540605130013
10.530000000000186,9.81,3.93,1,1,0.01,0.01,-8.941417392466043,8.161471420470324,1.3028737863343403,1.8738392569443896,15.330934879408753,-5.160024108349702,0.0,-1.1679984247205695,2.174486525214707,0.0,1.104874869166757,-2.8395150446234534,0.0,9.020324072502312,3.509870249963536,20.72966726400538,132.61563507453457,153.34530233853994
10.532000000000187,9.81,3.93,1,1,0.01,0.01,-8.938780888470257,8.165208669764752,1.3336774585634827,1.8633552773922926,15.472683081150638,-5.324304205149258,0.0,-1.1657855847594205,2.1687903017142895,0.0,1.107968489515954,-2.8566994810971096,0.0,9.132961340697292,3.542211369595582,20.989161627890237,132.356036175599,153.34519780348924
10.534000000000187,9.81,3.93,1,1,0.01,0.01,-8.936082493856071,8.16892462114371,1.3647642871611023,1.8525406422042785,15.614078592041107,-5.490682124407641,0.0,-1.1635665391947834,2.1630597655446215,0.0,1.1110803260856503,-2.8738276663814797,0.0,9.245979489094958,3.574684044523772,21.25049162531181,132.09460078813635,153.34509241344816
10.536000000000188,9.81,3.93,1,1,0.01,0.01,-8.933321643066957,8.172618609090787,1.396133490299097,1.841391141550266,15.755044551384492,-5.659171938073762,0.0,-1.1613412525047626,2.157295029620998,0.0,1.1142094629357617,-2.890899192490651,0.0,9.359356904722661,3.6072804120335555,21.51365918595957,131.8313269486333,153.34498613459286
10.538000000000189,9.81,3.93,1,1,0.01,0.01,-8.930497772265424,8.176289959642222,1.4277841299370488,1.829902538142627,15.89550160472034,-5.8297870242467305,0.0,-1.1591096910333107,2.1514962076475026,0.0,1.1173549501174278,-2.9079136788893556,0.0,9.473071173319834,3.639992151474855,21.778666337604882,131.56621259435366,153.34487893195853
10.54000000000019,9.81,3.93,1,1,0.01,0.01,-8.927610319650439,8.17993799033341,1.4597151068183174,1.8180705686689718,16.03536788807026,-6.002540021908051,0.0,-1.1568718230585404,2.145663414060408,0.0,1.120515803383083,-2.924870774214162,0.0,9.587099064783631,3.6728104726525808,22.045515208852063,131.29925556057282,153.34477076942488
10.54200000000019,9.81,3.93,1,1,0.01,0.01,-8.924658725784893,8.183562010148357,1.4919251554384212,1.8058909453165568,16.174559016024634,-6.1774427845688376,0.0,-1.1546276188615814,2.1397967639680533,0.0,1.1236910039410128,-2.9417701580387883,0.0,9.701416518964804,3.7057261044191163,22.3142080319016,131.03045357779882,153.34466160970044
10.54400000000019,9.81,3.93,1,1,0.01,0.01,-8.921642433933139,8.187161319472281,1.5244128389936629,1.793359357390461,16.312988073947984,-6.35450633286285,0.0,-1.15237705079587,2.1338963730871865,0.0,1.1268794982575143,-2.958611542682201,0.0,9.815998631851746,3.7387292835103048,22.584747145320925,130.75980426898843,153.34455141430936
10.546000000000191,9.81,3.93,1,1,0.01,0.01,-8.918560890408656,8.190735210047555,1.5571765443185235,1.780471473027597,16.450565614590108,-6.533740806122853,0.0,-1.15012009335679,2.1279623576756226,0.0,1.1300801979101938,-2.9753946750578146,0.0,9.930819642181033,3.7718097436698264,22.85713499681846,130.48730514675947,153.3444401435779
10.548000000000192,9.81,3.93,1,1,0.01,0.01,-8.91541354493184,8.194282964933151,1.590214476820928,1.767222941008554,16.587199659396315,-6.715155412982498,0.0,-1.1478567232515509,2.1219948344611597,0.0,1.1332919794957874,-2.9921193385619382,0.0,10.045852918513665,3.804956705108442,23.13137414601578,130.21295361060567,153.34432775662145
10.550000000000193,9.81,3.93,1,1,0.01,0.01,-8.912199850997908,8.19780385846784,1.6235246554250795,1.7536093926691705,16.722795704816225,-6.898758381051625,0.0,-1.1455869194691968,2.1159939205667153,0.0,1.1365136845958934,-3.0087853549993784,0.0,10.161070946816862,3.8381588643466062,23.407467267212912,129.93674694412087,153.3442142113338
10.552000000000193,9.81,3.93,1,1,0.01,0.01,-8.908919266254918,8.201297156237278,1.6571049075321633,1.739626443913638,16.85725673391736,-7.084556905719845,0.0,-1.143310663350611,2.109959733431534,0.0,1.139744119804392,-3.0253925865436604,0.0,10.276445318591163,3.871404384492308,23.6854171521406,129.6586823122351,153.3440994643757
10.554000000000194,9.81,3.93,1,1,0.01,0.01,-8.905571252891825,8.204762115045261,1.6909528640098417,1.7252696973308201,16.99048323361268,-7.272557098148921,0.0,-1.1410279386584254,2.1038923907284666,0.0,1.1429820568199454,-3.0419409377293527,0.0,10.391946719583826,3.9046808860067346,23.9652267126949,129.37875675847087,153.34398347116576
10.556000000000195,9.81,3.93,1,1,0.01,0.01,-8.90215527803653,8.208197982889288,1.7250659542220788,1.7105347444153438,17.122373217816946,-7.462763932521051,0.0,-1.1387387316466455,2.0977920102772347,0.0,1.1462262326072707,-3.058430357473314,0.0,10.50754491912861,3.937975438013401,24.246898983645814,129.0969672022258,153.34386618587163
10.558000000000195,9.81,3.93,1,1,0.01,0.01,-8.89867081416381,8.211603998940681,1.7594414011114707,1.695417167894874,17.2528222568485,-7.655181192618123,0.0,-1.1364430311299025,2.091658709953609,0.0,1.1494753496308812,-3.074860841121689,0.0,10.623208760152977,3.9712745502083107,24.53043712531523,128.81331043608668,153.34374756140193
10.560000000000196,9.81,3.93,1,1,0.01,0.01,-8.895117339513028,8.214979393529473,1.7940762163468906,1.6799125441648337,17.381723513395258,-7.84981141781312,0.0,-1.1341408285521626,2.0854926075944995,0.0,1.152728076164765,-3.0912324325190172,0.0,10.738906149893273,4.004564165429925,24.815844426216373,128.52778312318452,153.34362754940088
10.562000000000197,9.81,3.93,1,1,0.01,0.01,-8.891494338515473,8.218323388134262,1.8289671955498958,1.664016445831656,17.50896778536476,-8.04665584856295,0.0,-1.1318321180547222,2.079293820898858,0.0,1.1559830466818293,-3.1075452260954117,0.0,10.854604051357832,4.0378296529507365,25.1031243056468,128.24038179459552,153.34350610024234
10.564000000000197,9.81,3.93,1,1,0.01,0.01,-8.887801302231145,8.221635195377276,1.8641109136139855,1.6477244443654668,17.63444355593685,-8.245714371499842,0.0,-1.1295168965433575,2.073062467324417,0.0,1.1592388623264966,-3.123799368967652,0.0,10.970268475578383,4.071055802552538,25.39228031622838,127.95110284679794,153.34338316302632
10.566000000000198,9.81,3.93,1,1,0.01,0.01,-8.884037728794802,8.224914019024837,1.8995037201314304,1.6310321128629022,17.75803705113603,-8.446985464226099,0.0,-1.1271951637544333,2.0667986639801947,0.0,1.1624940914741517,-3.1399950630494335,0.0,11.085864474688515,4.104226819450166,25.683316146385064,127.65994253919096,153.34325868557602
10.568000000000199,9.81,3.93,1,1,0.01,0.01,-8.880203123871043,8.228159053993473,1.9351417349430287,1.6139350289205372,17.87963230523684,-8.650466139925499,0.0,-1.1248669223198058,2.0605025275147897,0.0,1.1657472703807694,-3.156132567165872,0.0,11.20135613586807,4.137326320128814,25.976235622750572,127.36689699168623,153.3431326144368
10.5700000000002,9.81,3.93,1,1,0.01,0.01,-8.876297001118141,8.231369486361881,1.9710208438267633,1.596428777619177,17.99911123431033,-8.856151891912898,0.0,-1.1225321778303377,2.0541741740004453,0.0,1.1689969039261678,-3.1722121991668755,0.0,11.31670657619077,4.170337329161751,26.271042712496953,127.07196218237969,153.34300489487666
10.5720000000002,9.81,3.93,1,1,0.01,0.01,-8.872318882660354,8.234544493388979,2.0071366943419453,1.5785089546190012,18.11635371821331,-9.064036638252531,0.0,-1.1201909388978204,2.047813718812885,0.0,1.1722414664541492,-3.188234338033641,0.0,11.431877938411409,4.20324227707594,26.56774152557442,126.77513394531312,153.34287547088752
10.5740000000002,9.81,3.93,1,1,0.01,0.01,-8.86826829956837,8.23768324353824,2.0434846918460234,1.5601711693652889,18.231237691312746,-9.274112666583926,0.0,-1.1178432172151265,2.0414212765069535,0.0,1.1754794027126048,-3.2041994259722606,0.0,11.5468313877278,4.236022999333418,26.86633631685342,126.47640796833551,153.34274428518893
10.576000000000201,9.81,3.93,1,1,0.01,0.01,-8.864144792347549,8.240784896508574,2.0800599957018133,1.5414110484041614,18.34363924222736,-9.486370579303323,0.0,-1.1154890276143714,2.034996960688087,0.0,1.178709128896592,-3.2201079704879025,0.0,11.661527109550706,4.268660736496924,27.16683148815835,126.17577979107405,153.34261127923241
10.578000000000202,9.81,3.93,1,1,0.01,0.01,-8.859947911433519,8.243848603271921,2.1168575156934546,1.522224238807478,18.453432722856185,-9.700799239258103,0.0,-1.1131283881228884,2.0285408838796535,0.0,1.181929033797139,-3.235960546432815,0.0,11.775924308313735,4.30113613564802,27.469231590183007,125.873244803025,153.34247639320802
10.580000000000203,9.81,3.93,1,1,0.01,0.01,-8.855677217694739,8.246873506117833,2.1538719086699247,1.502606411705691,18.560490866947656,-9.91738571611963,0.0,-1.1107613200168005,2.0220531573862517,0.0,1.1851374800582828,-3.2517577980209524,0.0,11.889981207353024,4.333429253125422,27.77354132427704,125.56879824177621,153.34233956605325
10.582000000000203,9.81,3.93,1,1,0.01,0.01,-8.851332282941515,8.2498587387052,2.191097575435432,1.4825532659271317,18.664684918447872,-10.136115233610496,0.0,-1.1083878478719549,2.0155338911529843,0.0,1.1883328055448197,-3.267500440801599,0.0,12.003655049884118,4.365519558651274,28.079765544091714,125.26243519136987,153.34220073546157
10.584000000000204,9.81,3.93,1,1,0.01,0.01,-8.846912690440986,8.252803426121382,2.228528657906467,1.4620605317418365,18.765884769844813,-10.356971117770216,0.0,-1.1060079996120316,2.0089831936208635,0.0,1.1915133248226086,-3.283189263584234,0.0,12.11690210110209,4.397385940910681,28.387909257075073,124.95415058082015,153.34205983789522
10.586000000000205,9.81,3.93,1,1,0.01,0.01,-8.842418035437497,8.255706684948914,2.266159036555708,1.4411239747076412,18.86395911070536,-10.579934746452505,0.0,-1.103621806553552,2.0024011715784087,0.0,1.1946773307533451,-3.298825130306241,0.0,12.229677651427307,4.429006714649549,28.69797762580309,124.64393918279481,153.3419168085979
10.588000000000205,9.81,3.93,1,1,0.01,0.01,-8.837847925677796,8.258567623340017,2.3039823281633325,1.4197393996158827,18.95877558657645,-10.804985500257207,0.0,-1.101229303447601,1.9957879300095733,0.0,1.1978230962051568,-3.3144089818349878,0.0,12.341936020917638,4.460359629352927,29.009975969136413,124.33179561247398,153.3417715816104
10.590000000000206,9.81,3.93,1,1,0.01,0.01,-8.83320198194039,8.26138534109909,2.3419918838966276,1.397902654533626,19.050200968395398,-11.032100715107669,0.0,-1.0988305285180022,1.9891435719381423,0.0,1.2009488758801048,-3.3299418376953405,0.0,12.45363056486453,4.49142187956393,29.323909763189675,124.01771432659774,153.34162408978742
10.592000000000207,9.81,3.93,1,1,0.01,0.01,-8.828479838568402,8.264158929773373,2.3801807877390218,1.37560963493891,19.138101332524354,-11.261255636693626,0.0,-1.0964255234957294,1.982468198268758,0.0,1.204052908259254,-3.3454247977134646,0.0,12.564713680587811,4.522170116900159,29.639784642101727,123.70168962271524,153.34147426481695
10.594000000000207,9.81,3.93,1,1,0.01,0.01,-8.823681144005207,8.266887472751996,2.4185418552898876,1.3528562879450523,19.222342251492115,-11.492423377007439,0.0,-1.094014333649293,1.9757619076247446,0.0,1.207133417665611,-3.3608590435673498,0.0,12.675136815440512,4.552580463821317,29.957606398592993,123.38371563864759,153.3413220372406
10.596000000000208,9.81,3.93,1,1,0.01,0.01,-8.818805561332072,8.269570045373529,2.4570676329565777,1.3296386166095917,19.302788995491195,-11.72557487321045,0.0,-1.0915970078108987,1.9690247961829366,0.0,1.2101886164446882,-3.3762458402344753,0.0,12.784850476032723,4.5826285291973115,30.277380984298752,123.06378635217756,153.3411673364763
10.598000000000209,9.81,3.93,1,1,0.01,0.01,-8.813852768807005,8.272205715042253,2.4957503975602227,1.3059526843229667,19.379306744640555,-11.960678849072847,0.0,-1.0891735983981268,1.9622569575057343,0.0,1.2132167072620104,-3.3915865373266234,0.0,12.893804238679525,4.612289425721719,30.59911450986477,122.74189558097922,153.34101009084398
10.60000000000021,9.81,3.93,1,1,0.01,0.01,-8.808822460403961,8.274793541353276,2.534582156376801,1.2817946192715315,19.45176081198436,-12.19770177923839,0.0,-1.0867441614308873,1.9554584823705876,0.0,1.216215885516493,-3.406882570301658,0.0,13.001946761074814,4.641537789210841,30.922813244791904,122.41803698279901,153.34085022759092
10.60200000000021,9.81,3.93,1,1,0.01,0.01,-8.803714346351514,8.277332576226648,2.573554647634887,1.2571606189690032,19.520016877153633,-12.436607856571653,0.0,-1.0843087565434466,1.948629458597201,0.0,1.2191843418678519,-3.422135461542089,0.0,13.109225795190007,4.670347799821958,31.24848361701785,122.09220405590266,153.3406876729205
10.60400000000021,9.81,3.93,1,1,0.01,0.01,-8.798528153670054,8.279821864050593,2.6126593414912898,1.2320469548499147,19.58394123057234,-12.67735896285141,0.0,-1.0818674469912832,1.9417699708727314,0.0,1.2221202648757745,-3.437346821289996,0.0,13.215588201392803,4.698693205218681,31.576132212222294,121.7643901398007,153.340522352023
10.606000000000211,9.81,3.93,1,1,0.01,0.01,-8.793263626706546,8.282260441833998,2.6518874415055156,1.2064499769181087,19.64340102804131,-12.919914643079665,0.0,-1.0794202996525568,1.934880100575254,0.0,1.2250218437480587,-3.452518348427819,0.0,13.320979963777903,4.726547345704663,31.905765772843043,121.43458841626446,153.3403541891075
10.608000000000212,9.81,3.93,1,1,0.01,0.01,-8.787920527665815,8.284647339368234,2.691229886633603,1.1803661184427723,19.698264555482815,-13.164232083679924,0.0,-1.0769673850239692,1.9279599255958388,0.0,1.2278872711941387,-3.4676518310945537,0.0,13.42534620669836,4.753883181338898,32.23739119679001,121.1027919106459,153.3401831074359
10.610000000000213,9.81,3.93,1,1,0.01,0.01,-8.78249863713731,8.286981579398422,2.730677353761385,1.1537919006939532,19.748401503575213,-13.410266094862603,0.0,-1.0745087772108217,1.9210095201595614,0.0,1.230714746379932,-3.4827491471268885,0.0,13.52863121248312,4.780673321038411,32.571015535845,120.76899349351375,153.34000902935875
10.612000000000213,9.81,3.93,1,1,0.01,0.01,-8.776997754616254,8.28926217780419,2.7702202607966497,1.1267239377089453,19.79368325195256,-13.657969097438212,0.0,-1.0720445539110663,1.9140289546458182,0.0,1.233502477979182,-3.4978122643149048,0.0,13.63077844032299,4.806890053665243,32.90664599373487,120.43318588261776,153.33983187635263
10.614000000000214,9.81,3.93,1,1,0.01,0.01,-8.77141769901802,8.291488143790001,2.809848770338948,1.0991589410803653,19.833983162586257,-13.907291114360689,0.0,-1.0695747963931572,1.9070182954083326,0.0,1.2362486873158214,-3.512843240462084,0.0,13.73173054630439,4.832505381085649,33.24428992386585,120.09536164519399,153.33965156905984
10.616000000000215,9.81,3.93,1,1,0.01,0.01,-8.765758309184587,8.293658480085055,2.8495527939449876,1.0710937247561745,19.869176881907435,-14.158179767284896,0.0,-1.067099589467534,1.8999776045952301,0.0,1.2389516115912862,-3.527844223239562,0.0,13.83142940456737,4.857491053180262,33.58395482670766,119.75551320062118,153.33946802732885
10.618000000000215,9.81,3.93,1,1,0.01,0.01,-8.760019444381852,8.295772183152806,2.8893219970066033,1.0425252098413371,19.89914265116741,-14.410580278421214,0.0,-1.0646190214515752,1.8929069399696332,0.0,1.2416095071898416,-3.5428174498248817,0.0,13.929816129561937,4.8818186047732715,33.92564834681659,119.41363282344062,153.3392811702572
10.620000000000216,9.81,3.93,1,1,0.01,0.01,-8.754200984786555,8.297828243410072,2.9291458042572174,1.0134504293902367,19.923761624472455,-14.664435477969452,0.0,-1.062133184127855,1.8858063547311859,0.0,1.2442206530544646,-3.557765246315687,0.0,14.026831099373885,4.905459394438939,34.269378269485784,119.0697126467486,153.3390909162344
10.622000000000217,9.81,3.93,1,1,0.01,0.01,-8.74830283196156,8.299825645455703,2.9690134059215336,0.9838665331784112,19.94291819386529,-14.919685817411153,0.0,-1.0596421726956073,1.8786758973390119,0.0,1.246783354124883,-3.5726900269094584,0.0,14.122413980090156,4.928384645132038,34.615152517014806,118.72374466597384,153.33889718298866
10.624000000000217,9.81,3.93,1,1,0.01,0.01,-8.742324909318171,8.301763368308782,3.0089137645218678,0.9537707924416168,19.956500320762917,-15.176269388935857,0.0,-1.0571460857152375,1.8715156113365152,0.0,1.2492959448290446,-3.5875942928404725,0.0,14.216503751170494,4.950565486579101,34.96297914458675,118.37572074304524,153.33869988763198
10.626000000000218,9.81,3.93,1,1,0.01,0.01,-8.73626716256418,8.30364038565623,3.0488356223530917,0.923160604569679,19.964399872995237,-15.434121951270551,0.0,-1.0546450250458181,1.8643255351785961,0.0,1.2517567926180888,-3.602480631066102,0.0,14.309038731792183,4.9719729993539366,35.3128663357463,118.02563261096262,153.3384989467089
10.628000000000219,9.81,3.93,1,1,0.01,0.01,-8.730129560136277,8.30545566610978,3.088767509636578,0.8920334977420612,19.96651296662616,-15.69317696217594,0.0,-1.0521390957754768,1.8571057020617285,0.0,1.2541643015346924,-3.6173517126949117,0.0,14.399956608132396,4.992578260551193,35.66482239746992,117.67347187877508,153.338294276245
10.63000000000022,9.81,3.93,1,1,0.01,0.01,-8.723912093615471,8.307208173472114,3.1286977533618407,0.8603871354915621,19.962740311674033,-15.95336561786351,0.0,-1.0496284061446146,1.8498561397574398,0.0,1.2565169158037373,-3.63221029114976,0.0,14.489194461552156,5.012352390958923,36.01885575482153,117.31923003697398,153.3380857917955
10.63200000000022,9.81,3.93,1,1,0.01,0.01,-8.71761477812414,8.30889686701208,3.1686144868227357,0.8282193211820519,19.95298756078611,-16.214616899578168,0.0,-1.0471130674619535,1.8425768704497636,0.0,1.2588131234335136,-3.647059200060065,0.0,14.576688797646307,5.031266603618953,36.37497494518908,116.96289846330828,153.33787340849736
10.63400000000022,9.81,3.93,1,1,0.01,0.01,-8.711237652703293,8.31052070174874,3.2085056598531314,0.7955280023856832,19.937165659860426,-16.476857627579044,0.0,-1.0445931940133504,1.8352679105771526,0.0,1.2610514598154334,-3.661901350877819,0.0,14.662375576122102,5.049292253653575,36.73318861209501,116.60446842902387,153.3376570411189
10.636000000000221,9.81,3.93,1,1,0.01,0.01,-8.704780780668678,8.312078628744066,3.2483590497648893,0.762311275144557,19.91519119954805,-16.74001252273854,0.0,-1.0420689029634487,1.8279292706794577,0.0,1.263230511309214,-3.67673973021334,0.0,14.746190241471508,5.066400889223706,37.09350549857969,116.24393110553206,153.33743660411176
10.638000000000222,9.81,3.93,1,1,0.01,0.01,-8.698244249944299,8.313569595404044,3.2881622729887963,0.7285673881013999,19.886986766512226,-17.004004275963997,0.0,-1.0395403142501758,1.820560955250512,0.0,1.2653489188002647,-3.6915773968873555,0.0,14.828067754401507,5.082564303473424,37.455934440154,115.88127757150872,153.33721201166273
10.640000000000223,9.81,3.93,1,1,0.01,0.01,-8.691628173371953,8.314992545787874,3.3279027974167974,0.6942947464834176,19.852481293265498,-17.26875362563004,0.0,-1.0370075504721632,1.8131629625969015,0.0,1.26740538121537,-3.706417478697237,0.0,14.907942623988632,5.0977545873041645,37.82048435732042,115.51649882042497,153.3369831777454
10.642000000000223,9.81,3.93,1,1,0.01,0.01,-8.68493268899538,8.316346420924997,3.3675679554414617,0.6594919159231284,19.81161040535528,-17.534179443191558,0.0,-1.0344707367691872,1.8057352847034818,0.0,1.2693986589824044,-3.7212631688962934,0.0,14.985748940525342,5.111944182811436,38.18716424766332,115.1495857685081,153.33675001617144
10.644000000000224,9.81,3.93,1,1,0.01,0.01,-8.678157960317654,8.317630159139576,3.4071449576861075,0.6241576260996625,19.76431676462096,-17.800198827127414,0.0,-1.0319300006957732,1.7982779071062325,0.0,1.271327577419356,-3.7361177223863016,0.0,15.06142040902826,5.1251059372064685,38.55598317751131,114.78052926313133,153.33651244064265
10.646000000000225,9.81,3.93,1,1,0.01,0.01,-8.671304176530414,8.318842696382063,3.4466209074164174,0.5882907741837358,19.710550407202277,-18.066727205342236,0.0,-1.029385472088084,1.7907908087730116,0.0,1.2731910300377056,-3.7509844516244693,0.0,15.134890383379581,5.137213157036033,38.9269502731732,114.40932009162825,153.33627036480144
10.648000000000225,9.81,3.93,1,1,0.01,0.01,-8.664371552713618,8.319982966567457,3.485982815621695,0.5518904280692695,19.650269074941672,-18.333678446132353,0.0,-1.0268372829243146,1.7832739619927704,0.0,1.2749879817449707,-3.76586672224763,0.0,15.20609190107695,5.14823966250492,39.300074711754995,114.03594899052604,153.33602370228104
10.650000000000226,9.81,3.93,1,1,0.01,0.01,-8.657360330004456,8.321049901919789,3.525217616751162,0.5149558293744456,19.583438538790098,-18.600964977795115,0.0,-1.0242855671787976,1.7757273322738154,0.0,1.2767174719309446,-3.780767948417613,0.0,15.274957718569087,5.158159841697188,39.67536571156371,113.6604066551914,153.3357723667551
10.652000000000227,9.81,3.93,1,1,0.01,0.01,-8.65027077573417,8.322042433322366,3.5643121850878976,0.4774863961948523,19.51003291280054,-18.868497916935823,0.0,-1.0217304606700464,1.7681508782516335,0.0,1.2783786174223075,-3.795691587893118,0.0,15.341420347157706,5.166948704486309,40.05283252210609,113.28268374987879,153.3355162719849
10.654000000000227,9.81,3.93,1,1,0.01,0.01,-8.64310318353149,8.32295949067326,3.6032533517401504,0.4394817255912918,19.430034957272817,-19.13618720549838,0.0,-1.019172100903063,1.7605445516068703,0.0,1.2799706152899821,-3.810641136835099,0.0,15.405412089450568,5.17458193591717,40.43248441369457,112.90277091817262,153.3352553318672
10.656000000000228,9.81,3.93,1,1,0.01,0.01,-8.635857873391503,8.323800003245491,3.6420279222268923,0.40094159579480393,19.343436369601836,-19.403941756516407,0.0,-1.0166106269061612,1.7529082969939265,0.0,1.28149274549411,-3.825620124353698,0.0,15.466865076352295,5.181035948839846,40.814330666670344,112.520658793808,153.33498946047834
10.658000000000229,9.81,3.93,1,1,0.01,0.01,-8.628535191708758,8.324562900051328,3.680622694631555,0.3618659681114899,19.250238061375722,-19.671669608551895,0.0,-1.0140461790626971,1.7452420519807332,0.0,1.2829443733513077,-3.8406321068067024,0.0,15.525711304585077,5.186287935569954,41.1983805602596,112.13633801185813,153.33471857211774
10.66000000000023,9.81,3.93,1,1,0.01,0.01,-8.621135511273543,8.325247110210073,3.7190244782950073,0.3222549885098226,19.15045042027393,-19.939278088756414,0.0,-1.0114788989380488,1.7375457470001572,0.0,1.2843249518094884,-3.8556806618606387,0.0,15.58188267473339,5.190315918349618,41.58464336107834,111.7497992202707,153.33444258134904
10.66200000000023,9.81,3.93,1,1,0.01,0.01,-8.613659231230246,8.325851563318704,3.7572201130159253,0.2821089888732883,19.04409355532697,-20.206673984457968,0.0,-1.0089089291022457,1.7298193053135233,0.0,1.2856340235157053,-3.870769382327236,0.0,15.635311029811128,5.193098798381524,41.97312831130261,111.36103309173618,153.3341614030388
10.66400000000023,9.81,3.93,1,1,0.01,0.01,-8.606106776996842,8.32637518982466,3.7951964887238603,0.24142848790143395,18.93119752411948,-20.473763723143485,0.0,-1.0063364129486858,1.7220626429866641,0.0,1.286871222663175,-3.885901869789457,0.0,15.685928194352417,5.194616403210088,42.36384461652556,110.97003033586661,153.33387495239216
10.666000000000231,9.81,3.93,1,1,0.01,0.01,-8.598478600144594,8.32681692140007,3.8329405655874944,0.20021419164268647,18.811802540548562,-20.740453560673235,0.0,-1.0037614945094007,1.7142756688789271,0.0,1.2880362766040416,-3.901081728032786,0.0,15.733666014031025,5.1948495322253745,42.75680143332261,110.57678171166475,153.33358314498736
10.668000000000232,9.81,3.93,1,1,0.01,0.01,-8.590775178237132,8.327175691316667,3.8704393945178377,0.15846699364267255,18.68595916178759,-21.00664977752883,0.0,-1.001184318267319,1.7064582846454859,0.0,1.2891290072153705,-3.9163125562986583,0.0,15.77845639581463,5.193780000070138,43.15200785654668,110.18127804025778,153.33328589680445
10.670000000000233,9.81,3.93,1,1,0.01,0.01,-8.58299701462817,8.327450434820596,3.9076801380234687,0.11618797469219833,18.553728453154605,-21.27225888286292,0.0,-0.9986050289660708,1.6986103847533238,0.0,1.2901493320064326,-3.9315979423786023,0.0,15.820231348664043,5.191390677734938,43.54947290638086,109.78351021787216,153.33298312425302
10.672000000000233,9.81,3.93,1,1,0.01,0.01,-8.575144638217195,8.327640089506309,3.944650091372373,0.07337840215954627,18.41518212964249,-21.5371878260839,0.0,-0.9960237714178427,1.6907318565111589,0.0,1.2910972649565151,-3.9469414555687328,0.0,15.858923024787996,5.187665531134485,43.94920551517477,109.38346922902038,153.33267474419515
10.674000000000234,9.81,3.93,1,1,0.01,0.01,-8.567218603162566,8.327743595688693,3.981336704012517,0.030039728892314814,18.270402672935923,-21.80134421567483,0.0,-0.9934406903098358,1.6828225801135943,0.0,1.291972917073279,-3.9623466395055575,0.0,15.89446376146554,5.182589656966168,44.35121451409333,108.98114615987214,153.33236067396547
10.676000000000235,9.81,3.93,1,1,0.01,0.01,-8.559219488551557,8.32775989677256,4.017727601201017,-0.013826408325339726,18.119483422817954,-22.06463654491241,0.0,-0.9908559300098883,1.6748824286996815,0.0,1.2927764966630155,-3.977817004905179,0.0,15.926786123448286,5.176149315663005,44.755508619608534,108.57653221177746,153.332040831386
10.678000000000235,9.81,3.93,1,1,0.01,0.01,-8.551147898026974,8.3276879396186,4.053810605789659,-0.05821819077349665,17.962528641956105,-22.32697442411886,0.0,-0.988269634371864,1.6669112684261007,0.0,1.2935083093051003,-3.9933560222291353,0.0,15.955822945954639,5.168331961264099,45.162096419866565,108.16961871491156,153.33171513477814
10.680000000000236,9.81,3.93,1,1,0.01,0.01,-8.54300445937009,8.32752667490486,4.089573760112599,-0.10313362026797208,17.79965355315455,-22.58826881904779,0.0,-0.9856819465413769,1.6589089585550483,0.0,1.2941687575245067,-4.008967114300906,0.0,15.981507378266041,5.159126268040244,45.57098636096281,107.76039714200593,153.33138350296875
10.682000000000237,9.81,3.93,1,1,0.01,0.01,-8.53478982403975,8.327275057482796,4.125005347920348,-0.14857052211437144,17.630984348264658,-22.8484322949746,0.0,-0.9830930087624953,1.65087535155693,0.0,1.2947583401573606,-4.024653648898178,0.0,16.003772927933973,5.14852215372616,45.98218673316129,107.34885912213177,153.33104585529307
10.684000000000237,9.81,3.93,1,1,0.01,0.01,-8.526504666667607,8.326932046726933,4.1600939163026425,-0.19452654855564827,17.4566581680608,-23.107379266033096,0.0,-0.9805029621860126,1.6428102932278685,0.0,1.2952776514061237,-4.040418931346469,0.0,16.0225535056021,5.1365107992277155,46.39570565709278,106.93499645449904,153.33070211159182
10.686000000000238,9.81,3.93,1,1,0.01,0.01,-8.518149684509575,8.326496606877123,4.1948282975415445,-0.2409991827231811,17.276823052510935,-23.365026249312777,0.0,-0.9779119466799255,1.6347136228219936,0.0,1.2957273795824187,-4.056266197140437,0.0,16.03778347044433,5.123084664689621,46.81155106997007,106.51880112223341,153.3303521922035
10.688000000000239,9.81,3.93,1,1,0.01,0.01,-8.509725596853697,8.325967707372392,4.229197630835095,-0.2879857431003819,17.091637861001804,-23.621292123206068,0.0,-0.975320100642739,1.6265851731984524,0.0,1.2961083055369926,-4.072198604619593,0.0,16.049397676213754,5.108237501827338,47.22973071185789,106.1002653060938,153.3299960179517
10.69000000000024,9.81,3.93,1,1,0.01,0.01,-8.501233144384738,8.325344323175335,4.2631913838311055,-0.33548338850680776,16.90127216221669,-23.87609838947266,0.0,-0.9727275608202229,1.6184247709829873,0.0,1.2964213007780128,-4.088219227725401,0.0,16.057331517890823,5.09196436244687,47.650252112036085,105.67938139809098,153.32963351012705
10.69200000000024,9.81,3.93,1,1,0.01,0.01,-8.492673088505956,8.324625435086023,4.296799373910207,-0.3834891236096598,16.70590609350722,-24.12936943846818,0.0,-0.9701344621262398,1.6102322367438857,0.0,1.296667325280491,-4.104331048866933,0.0,16.061520978911545,5.07426160309637,48.07312257549653,105.25614201496691,153.32926459046342
10.69400000000024,9.81,3.93,1,1,0.01,0.01,-8.484046210618612,8.323810030044354,4.330011789157115,-0.4319998049684299,16.505730189750373,-24.381032816967235,0.0,-0.9675409374682685,1.602007385182078,0.0,1.2968474249911384,-4.120536951922221,0.0,16.061902678947735,5.05512688581389,48.498349169613,104.83054001149597,153.32888918110896
10.696000000000241,9.81,3.93,1,1,0.01,0.01,-8.475353311359891,8.322897101419773,4.362819208959194,-0.4810121476173028,16.300945181836056,-24.631019497997013,0.0,-0.9649471175782081,1.593750025335076,0.0,1.296962729034707,-4.136839715402126,0.0,16.05841392220079,5.034559174957529,48.925938711023775,104.40256849356754,153.32850720459132
10.698000000000242,9.81,3.93,1,1,0.01,0.01,-8.466595209800058,8.321885649287292,4.395212624171869,-0.5305227321887435,16.091761765089043,-24.87926415208886,0.0,-0.962353130849066,1.5854599607943856,0.0,1.2970144466295528,-4.153242005803375,0.0,16.05099274616039,5.012558730126109,49.3558977527682,103.97222083100857,153.32811858377676
10.700000000000243,9.81,3.93,1,1,0.01,0.01,-8.457772742599762,8.320774680688716,4.427183456791174,-0.580528012580504,15.878400338089007,-25.12570541934668,0.0,-0.9597591031780945,1.577136989936014,0.0,1.2970038637215635,-4.169746371176684,0.0,16.039577970766633,4.98912709519955,49.788232571716016,103.53949067010748,153.3277232418235
10.702000000000243,9.81,3.93,1,1,0.01,0.01,-8.448886763128533,8.31956320987799,4.458723579074855,-0.6310243241670839,15.66109071251603,-25.370286181730656,0.0,-0.9571651578169416,1.5687809061636027,0.0,1.2969323393473577,-4.186355234935342,0.0,16.02410924790186,4.964267083550535,50.22294915633053,103.10437194579904,153.3273211021296
10.704000000000244,9.81,3.93,1,1,0.01,0.01,-8.439938140545644,8.318250258549583,4.489825332054819,-0.682007892555471,15.44007179481091,-25.612953834955313,0.0,-0.9545714152293288,1.5603914981636762,0.0,1.2968013017391375,-4.203070889928602,0.0,16.004527111124087,4.937982759500303,50.66005319480371,102.6668588934707,153.3269120882744
10.706000000000245,9.81,3.93,1,1,0.01,0.01,-8.430927758844598,8.316834856048816,4.520481543385502,-0.7334748428837966,15.215591240602816,-25.853660559407228,0.0,-0.9519779929567596,1.551968550172464,0.0,1.2966122441849874,-4.219895492803247,0.0,15.980773025539774,4.910279416112107,51.09955006360086,102.22694606035276,153.32649612395363
10.708000000000245,9.81,3.93,1,1,0.01,0.01,-8.421856515862629,8.315316039563045,4.550685544474765,-0.7854212096603582,14.987905083017864,-26.092363589499236,0.0,-0.949385005492761,1.543511842253689,0.0,1.2963667206598823,-4.236831058675573,0.0,15.952789437698678,4.881163549436353,51.54144481645484,101.78462831645456,153.3260731329094
10.710000000000246,9.81,3.93,1,1,0.01,0.01,-8.412725322256698,8.31369285429264,4.580431186846336,-0.8378429471393102,14.757277336139135,-26.329025480891822,0.0,-0.9467925641660573,1.5350211505866898,0.0,1.2960663412439062,-4.25387945613444,0.0,15.920519825377355,4.850642829340621,51.985742173842524,101.33990086501112,153.32564303885363
10.712000000000247,9.81,3.93,1,1,0.01,0.01,-8.403535100447577,8.311964353600667,4.609712857685483,-0.8907359402282063,14.523979575043931,-26.56361437503448,0.0,-0.9442007770331133,1.526496247764179,0.0,1.2957127673455153,-4.271042402594768,0.0,15.883908747102753,4.818726067076429,52.43244651298016,100.89275925240491,153.32520576538508
10.714000000000247,9.81,3.93,1,1,0.01,0.01,-8.3942867835337,8.310129599140243,4.638525494522652,-0.9440960159215052,14.288290493991717,-26.796104260503242,0.0,-0.9416097487804208,1.5179369030989416,0.0,1.2953077067485976,-4.2883214600190875,0.0,15.84290189125079,4.785423179751021,52.88156185837098,100.44319937753062,153.3247612359016
10.716000000000248,9.81,3.93,1,1,0.01,0.01,-8.384981314176526,8.308187660958492,4.6668645990130315,-0.9979189552531323,14.050495444478818,-27.026475230641836,0.0,-0.9390195806368244,1.5093428829386983,0.0,1.2948529085032934,-4.305718031022894,0.0,15.797446124538727,4.750745151888997,53.333091872933664,99.99121750057111,153.32430937350478
10.718000000000249,9.81,3.93,1,1,0.01,0.01,-8.37561964345931,8.306137617576082,4.6947262497736295,-1.052200505760244,13.810885955011605,-27.254713737049272,0.0,-0.9364303702962357,1.500713950988359,0.0,1.2943501576812564,-4.323233355377919,0.0,15.747489539715072,4.71470399428216,53.78703984974481,99.53681025115534,153.32385010090016
10.72000000000025,9.81,3.93,1,1,0.01,0.01,-8.366202729721136,8.303978556041345,4.722107114243249,-1.1069363944494575,13.569759234574834,-27.480812838495336,0.0,-0.9338422118509292,1.492049868638874,0.0,1.2938012700167285,-4.340868506925062,0.0,15.692981502234097,4.677312700338382,54.24340870441812,99.0799746358725,153.32338334029063
10.72200000000025,9.81,3.93,1,1,0.01,0.01,-8.356731537368267,8.30170957195795,4.749004459534828,-1.1621223412560275,13.327417661890232,-27.704772444893138,0.0,-0.9312551957356727,1.4833503953018337,0.0,1.2932080864555622,-4.358624390907033,0.0,15.633872695688638,4.638585200151651,54.7022009681484,98.62070804511691,153.3229090132653
10.72400000000025,9.81,3.93,1,1,0.01,0.01,-8.347207035664791,8.29932976948519,4.775416162253913,-1.2177540729857501,13.08416826266604,-27.92659955600626,0.0,-0.9286694086828158,1.4746152887489727,0.0,1.2925724676346362,-4.3765017417282,0.0,15.570115165759285,4.598536312523838,55.16341878143973,98.15900825924142,153.32242704068113
10.726000000000251,9.81,3.93,1,1,0.01,0.01,-8.337630197504703,8.296838261309906,4.801340717261524,-1.2738273377287859,12.84032217713396,-28.146308494624417,0.0,-0.926084933688477,1.4658443054557244,0.0,1.2918962883144114,-4.3945011211472504,0.0,15.50166236242613,4.557181695175743,55.627063888538906,97.69487345400125,153.32193734254017
10.728000000000252,9.81,3.93,1,1,0.01,0.01,-8.328001998167522,8.294234168589112,4.826777245364356,-1.3303379197341254,12.59619412025311,-28.363921134001313,0.0,-0.923501849989894,1.4570372009479589,0.0,1.2911814317875203,-4.412622916905766,0.0,15.42846918017648,4.514537793389998,56.09313763258975,97.22830220527109,153.32143983786085
10.730000000000253,9.81,3.93,1,1,0.01,0.01,-8.318323414059613,8.291516620862433,4.851725499920102,-1.387281654733069,12.35210183703201,-28.579467119413913,0.0,-0.9209202330539633,1.448193730151017,0.0,1.2904297842863428,-4.430867341793678,0.0,15.350491995931485,4.470621787331652,56.56164095152266,96.75929349302169,153.32093444454435
10.732000000000253,9.81,3.93,1,1,0.01,0.01,-8.308595421443387,8.288684755933453,4.876185872350605,-1.4446544456998767,12.108365555476535,-28.79298408377111,0.0,-0.9183401545769466,1.4393136477401898,0.0,1.289643229412186,-4.449234433150125,0.0,15.267688704405016,4.425451538292648,57.03257437468921,96.28784670454658,153.32042107923579
10.734000000000254,9.81,3.93,1,1,0.01,0.01,-8.298818995156577,8.28573771971911,4.900159396560671,-1.5024522790376802,11.865307439716926,-29.00451785727482,0.0,-0.9157616824952635,1.4303967084917417,0.0,1.2888236426086157,-4.467724052796008,0.0,15.180018750600508,4.3790455341063845,57.505938020249076,95.81396163692969,153.31989965717878
10.736000000000255,9.81,3.93,1,1,0.01,0.01,-8.288995107323757,8.28267466606631,4.923647752265462,-1.560671241177829,11.623251045897463,-29.21412267121452,0.0,-0.9131848810072942,1.4214426676336713,0.0,1.287972885700632,-4.486335887392305,0.0,15.087443159145492,4.331422833974187,57.98173159331455,95.33763849875247,153.319370092067
10.738000000000255,9.81,3.93,1,1,0.01,0.01,-8.279124726062303,8.279494756534929,4.9466532672346,-1.6193075355810866,11.382520783429378,-29.421861356059875,0.0,-0.9106098106060141,1.4124512811953038,0.0,1.2870928015212737,-4.505069449215905,0.0,14.989924560159041,4.282603012942589,58.45995438485406,94.85887791103605,153.3188322958901
10.740000000000256,9.81,3.93,1,1,0.01,0.01,-8.26920881418493,8.276197160146433,4.969178918466305,-1.678357500129509,11.143441384210373,-29.62780553410112,0.0,-0.908036528122262,1.4034223063549467,0.0,1.2861852086459475,-4.523924077342481,0.0,14.887427211344706,4.232606106261841,58.94060527135002,94.37768090742387,153.3182861787739
10.742000000000257,9.81,3.93,1,1,0.01,0.01,-8.259248327900938,8.272781053097324,4.991228332310111,-1.7378176248984276,10.906337382404605,-29.83203580698,0.0,-0.9054650867784277,1.3943555017847724,0.0,1.285251896254297,-4.542898939223971,0.0,14.77991701600137,4.181452553849204,59.42368271520912,93.89404893360843,153.31773164881756
10.744000000000257,9.81,3.93,1,1,0.01,0.01,-8.249244215518248,8.269245618436672,5.012805783561844,-1.7976845702987378,10.671532607352553,-30.034641938546333,0.0,-0.9028955362522566,1.385250627992158,0.0,1.2842946191382476,-4.5619930326460105,0.0,14.667361536645318,4.129163145070187,59.909184765913174,93.40798384601086,153.31716861192405
10.746000000000258,9.81,3.93,1,1,0.01,0.01,-8.239197416148249,8.265590045707,5.033916193559667,-1.8579551855806606,10.439349692144317,-30.23572303357476,0.0,-0.9003279227504956,1.3761074476567563,0.0,1.2833150928736576,-4.581205188048922,0.0,14.549730003940642,4.075758964039297,60.397109061901695,92.91948790972646,153.31659697162814
10.748000000000259,9.81,3.93,1,1,0.01,0.01,-8.229108858415422,8.261813530547803,5.054565127315014,-1.9186265276913177,10.210109600340905,-30.435387712976826,0.0,-0.8977622890920001,1.3669257259625627,0.0,1.2823149891720198,-4.600534071193828,0.0,14.426993320639701,4.0212613356301485,60.887452833168894,92.42856379574937,153.31601662891825
10.75000000000026,9.81,3.93,1,1,0.01,0.01,-8.218979459173644,8.257915274261013,5.074758789717145,-1.9796958804798321,9.98413117326847,-30.633754286249136,0.0,-0.8951986747999593,1.357705230924329,0.0,1.281295931427066,-4.61997818615393,0.0,14.29912406024289,3.9656917723701226,61.380212904558505,91.93521457749598,153.31542748205447
10.75200000000026,9.81,3.93,1,1,0.01,0.01,-8.208810122230958,8.253894483337696,5.09450402085483,-2.041160774245256,9.761730700238736,-30.830950922005236,0.0,-0.8926371162028061,1.348445733707685,0.0,1.280259490469918,-4.639535878609257,0.0,14.166096460095362,3.909071922380717,61.87538569973476,91.43944372664723,153.31482942638198
10.75400000000026,9.81,3.93,1,1,0.01,0.01,-8.19860173708456,8.249750368945326,5.113808290503305,-2.103019005624437,9.543221513970073,-31.0271158175521,0.0,-0.8900776465434098,1.3391470089423825,0.0,1.2792071805448906,-4.659205339421869,0.0,14.027886408649248,3.8514235185090215,62.372967245806436,90.9412551083334,153.31422235413982
10.756000000000261,9.81,3.93,1,1,0.01,0.01,-8.188355177667598,8.245482146374943,5.132679691829111,-2.1652686578189644,9.32891361339327,-31.222397368584815,0.0,-0.8875202960960905,1.3298088350281358,0.0,1.2781404555164717,-4.678984608467101,0.0,13.884471426631526,3.7927683287793896,62.87295317857689,90.440652975689,153.3136061542659
10.758000000000262,9.81,3.93,1,1,0.01,0.01,-8.178071301109279,8.241089034447501,5.15112693436967,-2.2279081211626037,9.11911331593027,-31.41695434019197,0.0,-0.8849650922909569,1.3204309944325558,0.0,1.2770607053165959,-4.698871578695226,0.0,13.735830641871107,3.73312810827831,63.37533874839019,89.93764196380566,153.31298071219584
10.760000000000263,9.81,3.93,1,1,0.01,0.01,-8.167750946509724,8.236570254878762,5.169159336348568,-2.290936114033138,8.914122941232648,-31.610956040485714,0.0,-0.8824120598451268,1.311013273980758,0.0,1.2759692526395199,-4.718864000397079,0.0,13.58194475755358,3.672524552567865,63.88011882654331,89.4322270831153,153.3123459096586
10.762000000000263,9.81,3.93,1,1,0.01,0.01,-8.157394933730776,8.231925031601996,5.18678681639135,-2.35435170411528,8.714240528258669,-31.80458249829531,0.0,-0.8798612209003017,1.3015554651362549,0.0,1.2748673498901777,-4.738959485646111,0.0,13.422796013687195,3.610979252706724,64.38728791222945,88.92441371223748,153.31170162446693
10.764000000000264,9.81,3.93,1,1,0.01,0.01,-8.147004062203932,8.227152590047808,5.204019884710295,-2.4181543300243273,8.519759587457756,-31.99802464649124,0.0,-0.8773125951661714,1.292057364272813,0.0,1.2737561763901613,-4.759155512888682,0.0,13.258368141579943,3.548513651940209,64.89684013997577,88.41420759032658,153.31104773030233
10.766000000000265,9.81,3.93,1,1,0.01,0.01,-8.136579109756369,8.222252156380344,5.220869633830066,-2.4823438233035016,8.330968889720275,-32.19148451264151,0.0,-0.8747662000691583,1.2825187729370036,0.0,1.272636835843923,-4.779449431653871,0.0,13.088646311144762,3.4851490041043323,65.40876928753814,87.90161480895702,153.31038409649517
10.768000000000265,9.81,3.93,1,1,0.01,0.01,-8.126120831455927,8.217222956689113,5.237347728929323,-2.5469204308114524,8.148152293637962,-32.38517541883881,0.0,-0.872222050905969,1.2729394981012385,0.0,1.271510354066176,-4.799838467353618,0.0,12.913617070866682,3.420906333772048,65.92306878421353,87.38664180358603,153.30971058779954
10.770000000000266,9.81,3.93,1,1,0.01,0.01,-8.115629958475715,8.212064216135628,5.253466397876373,-2.611884837520224,7.971588612510279,-32.57932219268045,0.0,-0.8696801610014254,1.2633193524071418,0.0,1.2703776769699002,-4.820319726143632,0.0,12.73326828028265,3.355806398153845,66.43973171952705,86.86929534463556,153.3090270641626
10.772000000000267,9.81,3.93,1,1,0.01,0.01,-8.105107196978896,8.206775158054022,5.2692384210397085,-2.677238189748097,7.801551522425401,-32.774161391533006,0.0,-0.8671405418700596,1.2536581543991554,0.0,1.269239668812943,-4.84089019981544,0.0,12.547589034842007,3.2898696507495595,66.95875085225195,86.34958252823522,153.30833338048717
10.774000000000267,9.81,3.93,1,1,0.01,0.01,-8.094553227023994,8.201355003004736,5.284677120956806,-2.7429821188561316,7.638309512642235,-32.96994154236881,0.0,-0.8646032033809621,1.243955728748369,0.0,1.268097110699523,-4.86154677068978,0.0,12.356569583031288,3.2231162067327683,67.48011861971716,85.82751076667148,153.30762938638864
10.776000000000268,9.81,3.93,1,1,0.01,0.01,-8.08396870149095,8.195802967780331,5.2997963519469495,-2.8091187654419913,7.482125879404964,-33.1669233996263,0.0,-0.8620681539253775,1.2342119064665706,0.0,1.2669506993318325,-4.8822862164817264,0.0,12.160201235662884,3.1555658100358253,68.00382714735862,85.30308777858649,153.3069149259451
10.778000000000269,9.81,3.93,1,1,0.01,0.01,-8.073354245027918,8.190118264362376,5.314610489755997,-2.8756508040696724,7.333258764234866,-33.3653802237185,0.0,-0.859535400586544,1.2244265251106303,0.0,1.2658010460053521,-4.90310521510789,0.0,11.958476267240814,3.087237802089572,68.52986825846622,84.77632157897324,153.30618983743946
10.78000000000027,9.81,3.93,1,1,0.01,0.01,-8.06271045301868,8.1843000988283,5.329134421323016,-2.942581468579228,7.191961237667742,-33.565598082997305,0.0,-0.8570049493113144,1.2145994289773476,0.0,1.2646486758403395,-4.92400034940652,0.0,11.75138780933019,3.018151092159639,69.05823348408154,84.24722046901327,153.3054539530948
10.78200000000027,9.81,3.93,1,1,0.01,0.01,-8.052037890570316,8.178347670207023,5.343383534760614,-3.0099145780263554,7.0584814293412235,-33.76787618217631,0.0,-0.8544768050830754,1.2047304692889669,0.0,1.2634940272408173,-4.944968111741405,0.0,11.538929735867478,2.9483241292097624,69.58891407299703,83.71579302580331,153.30470709880035
10.78400000000027,9.81,3.93,1,1,0.01,0.01,-8.041337091520635,8.172260169282003,5.357373709642494,-3.077654563307946,6.933062705285367,-33.972527220423125,0.0,-0.8519509720955402,1.194819504369636,0.0,1.2623374515711179,-4.966004908461007,0.0,11.32109654035816,2.8777748752115504,70.12190100181034,83.18204809201899,153.30394909382932
10.786000000000271,9.81,3.93,1,1,0.01,0.01,-8.030608557464634,8.166036777340322,5.371121307693497,-3.145806494536329,6.815943893235855,-34.17987778255632,0.0,-0.8494274539269651,1.1848663998130982,0.0,1.2611792130393384,-4.987107064184572,0.0,11.097883204914812,2.8065207798111445,70.65718498498458,82.64599476556171,153.3031797505463
10.788000000000272,9.81,3.93,1,1,0.01,0.01,-8.019852756799098,8.159676664866199,5.384643163978951,-3.2143761092320555,6.707359556771566,-34.39026876702321,0.0,-0.8469062537144219,1.174871028642029,0.0,1.260019488775732,-5.008270825887483,0.0,10.869285061093006,2.7345787562535055,71.19475648486673,82.10764238923768,153.30239887410443
10.790000000000273,9.81,3.93,1,1,0.01,0.01,-8.009070123784241,8.15317899017724,5.397956578691798,-3.2833698414126733,6.60754031908079,-34.6040558545975,0.0,-0.8443873743277037,1.1648332714594014,0.0,1.258858369093757,-5.029492366758428,0.0,10.635297642483504,2.6619651584584094,71.73460572161633,81.56700054051447,153.3016062621308
10.792000000000273,9.81,3.93,1,1,0.01,0.01,-7.99826105762109,8.146542898001552,5.411079309637566,-3.3527948516631114,6.516713237184302,-34.821610022019044,0.0,-0.841870818542561,1.154753016592407,0.0,1.2576958579202264,-5.0507677898016015,0.0,10.395916529017732,2.5886957591340014,72.27672268299601,81.02407902140413,153.30080170440016
10.794000000000274,9.81,3.93,1,1,0.01,0.01,-7.987425921543117,8.139767517993644,5.424029565518969,-3.4226590582820315,6.43510222749014,-35.04331810511052,0.0,-0.8393565892129025,1.1446301602294435,0.0,1.256531873380808,-5.072093131157347,0.0,10.15113718293801,2.51478572880861,72.8210971339755,80.47888784851867,153.29998498249415
10.796000000000275,9.81,3.93,1,1,0.01,0.01,-7.976565041920416,8.132851963186877,5.436826000123732,-3.492971169607921,6.362928543628419,-35.26958341624609,0.0,-0.8368446894416893,1.134464606550757,0.0,1.2553662485264308,-5.0934643631151895,0.0,9.900954776375347,2.4402496156557625,73.36771862610317,79.93143724334399,153.29915586944716
10.798000000000275,9.81,3.93,1,1,0.01,0.01,-7.965678707374514,8.125795328379994,5.449487707521223,-3.5637407176388103,6.300411307613893,-35.500826421421195,0.0,-0.8343351227502545,1.1242562678534012,0.0,1.254198732185524,-5.114877396793382,0.0,9.64536401046473,2.3651013259822653,73.91657650659596,79.38173762277961,153.29831412937557
10.800000000000276,9.81,3.93,1,1,0.01,0.01,-7.954767167901688,8.118596688455012,5.462034218375716,-3.6349780930704143,6.247768095514845,-35.73748548258747,0.0,-0.8318278932457908,1.1140050646711752,0.0,1.253028989927053,-5.136328084459395,0.0,9.384358925911155,2.2893541052459883,74.4676599271023,78.82979958998806,153.29745951709037
10.802000000000277,9.81,3.93,1,1,0.01,0.01,-7.943830634002451,8.111255096623502,5.474485497486584,-3.706694581889257,6.2052155789690175,-35.98001767137119,0.0,-0.8293230057868213,1.1037109258903166,0.0,1.2518566051185676,-5.157812221465781,0.0,9.11793270489794,2.213020519465381,75.0209578520902,78.27563392560052,153.2965917776907
10.804000000000277,9.81,3.93,1,1,0.01,0.01,-7.9328692758146335,8.103769582598007,5.486861942668647,-3.778902403670092,6.172970224086372,-36.228899660802576,0.0,-0.8268204661464822,1.0933737888617185,0.0,1.2506810800636312,-5.179325547775958,0.0,8.846077464203322,2.136112436880351,75.57645906681604,77.71925157932228,153.29571064613833
10.806000000000278,9.81,3.93,1,1,0.01,0.01,-7.921883222247268,8.096139150685026,5.4991843850891575,-3.8516147517407244,6.151249049512678,-36.48462870224266,0.0,-0.824320281173443,1.0829935995105258,0.0,1.2495018372027233,-5.200863749054092,0.0,8.568784039359942,2.0586410097209153,76.1341521848267,77.16066366198214,153.29481584680883
10.808000000000279,9.81,3.93,1,1,0.01,0.01,-7.910872560112243,8.088362777795657,5.511474091181755,-3.9248458353923334,6.140270445707404,-36.74772369532192,0.0,-0.8218224589504042,1.072570312444016,0.0,1.2483182203615324,-5.222422457293094,0.0,8.286041759655996,1.9806166559371865,76.69402565495055,76.59988143807034,153.2939070930209
10.81000000000028,9.81,3.93,1,1,0.01,0.01,-7.899837333250451,8.080439411369609,5.523752766262142,-3.9986109243297037,6.140255057809824,-37.01872635940019,0.0,-0.8193270089500307,1.0621038910586982,0.0,1.2471294960308024,-5.243997250953974,0.0,7.997838213734747,1.9020490407420412,77.25606776773144,76.03691631880695,153.29298408653838
10.81200000000028,9.81,3.93,1,1,0.01,0.01,-7.88877754164889,8.072367967207898,5.53604255997532,-4.072926395573562,6.151426734841009,-37.29820251583656,0.0,-0.8168339421883429,1.0515943076476533,0.0,1.2459348546616393,-5.265583654589198,0.0,7.7041590055018885,1.8229470578146243,77.82026666126073,75.47177985578539,153.29204651704612
10.81400000000028,9.81,3.93,1,1,0.01,0.01,-7.877693140544934,8.064147327209099,5.548366073710174,-4.147809783046639,6.174013548413012,-37.586743491227026,0.0,-0.8143432713754897,1.041041543509159,0.0,1.2447334119605111,-5.287177137921433,0.0,7.404987499996074,1.7433188100103363,78.38661032636175,74.90448373523267,153.29109406159444
10.816000000000281,9.81,3.93,1,1,0.01,0.01,-7.86658403951368,8.055776337003532,5.560746370123971,-4.223279830096349,6.20824888460226,-37.88496765274131,0.0,-0.8118550110639565,1.0304455890577267,0.0,1.2435242101681576,-5.308773114347844,0.0,7.100304558817787,1.663171589419471,78.9550866110814,74.33503977293036,153.29012638401176
10.818000000000282,9.81,3.93,1,1,0.01,0.01,-7.85545010153402,8.047253803479235,5.573206984927224,-4.299356545230325,6.254372613193449,-38.193522087782085,0.0,-0.8093691777942474,1.0198064439387382,0.0,1.2423062193067582,-5.330366938838336,0.0,6.790088264644155,1.5825118566129361,79.52568322444247,73.76345990983961,153.28914313428209
10.820000000000283,9.81,3.93,1,1,0.01,0.01,-7.844291142028745,8.038578492193004,5.5857719410883595,-4.376061261366668,6.312632339122097,-38.51308444141424,0.0,-0.8068857902381059,1.0091241171479008,0.0,1.2410783383800932,-5.351953905194052,0.0,6.474313634282323,1.5013452189094196,80.09838773941017,73.1897562084729,153.28814394788307
10.822000000000283,9.81,3.93,1,1,0.01,0.01,-7.8331069278736845,8.029749124659153,5.598465765628021,-4.453416698929038,6.383284741645547,-38.84436492638781,0.0,-0.8044048693394216,0.9983986271568737,0.0,1.2398393965111827,-5.37352924263003,0.0,6.152952319631038,1.4196764074925992,80.67318759502498,72.61394085005912,153.2871284450841
10.824000000000284,9.81,3.93,1,1,0.01,0.01,-7.821897176370507,8.020764375507929,5.611313509184611,-4.5314470331478764,6.466597007562597,-39.18810852212714,0.0,-0.8019264384529015,0.9876300020464208,0.0,1.2385881540026746,-5.395088111642833,0.0,5.8259722958282545,1.3375092532016752,81.25007009765274,72.03602613254542,153.28609623019815
10.826000000000285,9.81,3.93,1,1,0.01,0.01,-7.810661554177472,8.0116228695048,5.624340768546247,-4.610177965963483,6.56284836569378,-39.545097380801984,0.0,-0.7994505234807432,0.9768182796485847,0.0,1.2373233033048305,-5.416625599120645,0.0,5.493337535761413,1.2548466608104103,81.82902242130075,71.45602446948422,153.28504689078497
10.828000000000285,9.81,3.93,1,1,0.01,0.01,-7.799399676191967,8.002323178420975,5.637573712359675,-4.689636802964852,6.6723317308349905,-39.9161534605625,0.0,-0.7969771530074603,0.9659635076994293,0.0,1.2360434698766165,-5.438136712649133,0.0,5.155007670005705,1.1716905816018846,82.41003160694835,70.87394838985364,153.28397999680197
10.830000000000286,9.81,3.93,1,1,0.01,0.01,-7.788111104378259,7.992863817744614,5.651039110244226,-4.769852535840503,6.7953554665274645,-40.30214140824076,0.0,-0.7945063584331198,0.9550657440040199,0.0,1.2347472129252295,-5.459616373961764,0.0,4.810937631133049,1.0880419840356057,82.99308456083425,70.28981053886227,153.28289509969653
10.832000000000287,9.81,3.93,1,1,0.01,0.01,-7.776795346533421,7.983243243221199,5.664764365558848,-4.85085593086459,6.932245277256368,-40.70397171632946,0.0,-0.7920381741052138,0.9441250566153987,0.0,1.233433026009814,-5.481059411477739,0.0,4.461077281199741,1.003900822292004,83.57816805164398,69.70362367979212,153.2817917314361
10.834000000000287,9.81,3.93,1,1,0.01,0.01,-7.765451854983837,7.973459847210412,5.678777552092845,-4.9326796239940025,7.083346242125424,-41.122604181890765,0.0,-0.7895726374494993,0.9331415240294468,0.0,1.2320993374949225,-5.502460551864535,0.0,4.105371021072611,0.9192660024650998,84.1652687065343,69.11540069693616,153.28066940347048
10.836000000000288,9.81,3.93,1,1,0.01,0.01,-7.754080025204157,7.9635119548457,5.693107454976663,-5.015358223210601,7.249025003668955,-41.55905169826498,0.0,-0.7871097891000777,0.9221152353976538,0.0,1.2307445108396136,-5.523814410554753,0.0,3.7437573800905954,0.8341353461582092,84.7543730059279,68.52515459969214,153.27952760562005
10.838000000000289,9.81,3.93,1,1,0.01,0.01,-7.742679194349948,7.953397819981318,5.707783616138146,-5.098928418808063,7.429672127291515,-42.014384414104015,0.0,-0.7846496730290706,0.9110462907599529,0.0,1.2293668447079698,-5.545115481138771,0.0,3.376168584379194,0.7485055512185739,85.34546727700565,67.93289852787652,153.27836580488218
10.84000000000029,9.81,3.93,1,1,0.01,0.01,-7.731248639694586,7.943115620910226,5.72283638466272,-5.18342910239592,7.625704648890102,-42.4897342984046,0.0,-0.7821923366762855,0.8999348012999746,0.0,1.2279645728866815,-5.5663581235452995,0.0,3.002530101937756,0.6623721493250048,85.93853768582127,67.33864575833078,153.27718344415206
10.84200000000029,9.81,3.93,1,1,0.01,0.01,-7.719787576960205,7.932663455834553,5.738296972453335,-5.268901495475332,7.837568830556508,-42.98630015494295,0.0,-0.7797378310792372,0.888780889625218,0.0,1.2265358639955464,-5.587536550911035,0.0,2.622760162401902,0.5757294601178415,86.53357022795002,66.7424097128957,153.27597994084573
10.84400000000029,9.81,3.93,1,1,0.01,0.01,-7.708295158531653,7.922039338068555,5.754197515628404,-5.3553892885332335,8.065743146915127,-43.50535313489786,0.0,-0.7772862110039751,0.8775846900748838,0.0,1.2250788209762837,-5.60864481502837,0.0,2.2367692491428652,0.48857054153144625,87.13055071758166,66.14420396783783,153.27475468541948
10.846000000000291,9.81,3.93,1,1,0.01,0.01,-7.696770471541522,7.911241190952007,5.7705711421440595,-5.442938791705041,8.31074152767479,-44.04824280259925,0.0,-0.7748375350771742,0.8663463490583365,0.0,1.2235914803449839,-5.629676790245959,0.0,1.8444595610997503,0.4008871359565032,87.72946477495368,65.54404226482123,153.27350703977493
10.848000000000292,9.81,3.93,1,1,0.01,0.01,-7.685212535813263,7.900266842449729,5.78745204618154,-5.5315990981729,8.573116885417807,-44.616403816370905,0.0,-0.7723918659199581,0.8550660254274084,0.0,1.2220718111933262,-5.650626155680797,0.0,1.4457244414468677,0.3126696118215538,88.33029781201401,64.94193852352484,153.27223633553885
10.850000000000293,9.81,3.93,1,1,0.01,0.01,-7.67362030164826,7.889114019410521,5.804875569902452,-5.621422261598212,8.853464961582993,-45.211363294492386,0.0,-0.7699492702840082,0.8437438908861109,0.0,1.220517713923028,-5.671486375582062,0.0,1.040447769872129,0.22390690013961573,88.93303501618657,64.33790685601994,153.2709418722065
10.852000000000293,9.81,3.93,1,1,0.01,0.01,-7.661992647441475,7.877780341455999,5.822878293244918,-5.71246348903629,9.152428528098604,-45.83474894554742,0.0,-0.7675098191904662,0.8323801304415889,0.0,1.2189270186980496,-5.692250677665738,0.0,0.6285033148806018,0.1345864255162096,89.53766133210334,63.73196158303122,153.26962291513456
10.854000000000294,9.81,3.93,1,1,0.01,0.01,-7.650328377108839,7.866263314466784,5.841498132513615,-5.804781350949892,9.470701987281911,-46.488298053053455,0.0,-0.7650735880722506,0.8209749429006106,0.0,1.2172974835980312,-5.712912029214856,0.0,0.20975404213507093,0.044694031058032685,90.14416144114661,63.12411725222318,153.26827869336978
10.856000000000295,9.81,3.93,1,1,0.01,0.01,-7.638626217307972,7.854560323630087,5.8607744486077005,-5.898438010130111,9.80903641855045,-47.17386741650584,0.0,-0.762640656920363,0.8095285414162607,0.0,1.2156267924564323,-5.733463110712285,0.0,-0.21594862560282682,-0.04578610344356548,90.75251973862976,62.514388658665894,153.26690839729565
10.858000000000295,9.81,3.93,1,1,0.01,0.01,-7.626884814432031,7.842668626008865,5.880748165834397,-5.99349947155116,10.168245127318967,-47.893444365093984,0.0,-0.7602111104348732,0.7980411540900495,0.0,1.213912552365776,-5.753896286741028,0.0,-0.6487656018668487,-0.13687155075493476,91.36272030842392,61.90279086765702,153.26551117608093
10.860000000000296,9.81,3.93,1,1,0.01,0.01,-7.615102731354464,7.8305853425884635,5.901461902374423,-6.0900358554340155,10.549209759337646,-48.649158976678834,0.0,-0.757785038181235,0.7865130246351865,0.0,1.2121522908321078,-5.774203573849944,0.0,-1.08887098871022,-0.22858173365468798,91.97474689481204,61.289339240095536,153.2640861349076
10.862000000000297,9.81,3.93,1,1,0.01,0.01,-7.603278443900202,7.8183074497518215,5.922960113600881,-6.188121696077528,10.95288705284688,-49.44329765354524,0.0,-0.7553625347526646,0.7749444131074245,0.0,1.210343452559892,-5.79437660504035,0.0,-1.5364529938782185,-0.3209380314853725,92.5885828713274,60.67404946062891,153.2626323319563
10.864000000000297,9.81,3.93,1,1,0.01,0.01,-7.591410337016228,7.805831770128866,5.945289249608282,-6.287836269340049,11.380316311499271,-50.27831822841763,0.0,-0.7529436999393443,0.7633355967106221,0.0,1.2084833958480368,-5.814406590479509,0.0,-1.991714919747623,-0.41396389680056894,93.20421120630022,60.056937568823656,153.26114877512387
10.866000000000298,9.81,3.93,1,1,0.01,0.01,-7.579496700611629,7.79315496275962,5.968497928486211,-6.38926395202651,11.832627693294564,-51.1568667998024,0.0,-0.7505286389052583,0.751686870685001,0.0,1.2065693885770474,-5.834284273989948,0.0,-2.454876231635989,-0.5076849832364655,93.82161442480201,59.43801999364115,153.25963441844317
10.868000000000299,9.81,3.93,1,1,0.01,0.01,-7.567535725033918,7.780273512503599,5.992637127076664,-6.492494616863052,12.311051425098722,-52.08179652554814,0.0,-0.7481174623734645,0.7399985492870532,0.0,1.2045986037668945,-5.853999884797045,0.0,-2.926173713965065,-0.6021292858880729,94.44077456663511,58.817313591538564,153.25808815817368
10.8700000000003,9.81,3.93,1,1,0.01,0.01,-7.555525496144738,7.767183718620239,6.017760391189464,-6.59762406723308,12.816928069058566,-53.056188638394765,0.0,-0.7457102868207286,0.728270966871158,0.0,1.2025681146846976,-5.873543083940007,0.0,-3.405862723753597,-0.6973272956451658,95.06167313996738,58.19483568855772,153.2565088285251
10.8720000000003,9.81,3.93,1,1,0.01,0.01,-7.5434639899538265,7.753881682436191,6.043924067521873,-6.70475451641586,13.351719986824675,-54.083375988154195,0.0,-0.7433072346824116,0.7165044790842561,0.0,1.2004748894812942,-5.8929029046609545,0.0,-3.8942185520302366,-0.7933121691461965,95.68429107015862,57.570604126814615,153.25489519697322
10.8740000000003,9.81,3.93,1,1,0.01,0.01,-7.531349066765336,7.740363294005199,6.0711875598427545,-6.813995116724829,13.917024170518156,-55.16696946319253,0.0,-0.7409084345685882,0.704699464186382,0.0,1.1983157853360773,-5.912067685981065,0.0,-4.3915379050139185,-0.890119916244944,96.30860864326091,56.9446373158592,153.2532459591201
10.876000000000301,9.81,3.93,1,1,0.01,0.01,-7.519178464785113,7.7266242176547415,6.099613612365839,-6.925462544703092,14.51458663648037,-56.310887700452284,0.0,-0.7385140214923915,0.6928563245115721,0.0,1.1960875420901387,-5.931024998548462,0.0,-4.898140518326305,-0.987789607160793,96.93460544360323,56.31695428944198,153.2515597330452
10.878000000000302,9.81,3.93,1,1,0.01,0.01,-7.506949793131296,7.712659876300434,6.129268623659824,-7.039281649416952,15.14631860984607,-57.519390560065695,0.0,-0.7361241371116479,0.6809754880856391,0.0,1.193786775349376,-5.949761561696309,0.0,-5.4143709190989195,-1.0863636018068812,97.56226028478491,55.68757476830136,153.24983505308626
10.880000000000303,9.81,3.93,1,1,0.01,0.01,-7.4946605241834,7.6984654343941274,6.160222994935925,-7.155586171917315,15.814314765866259,-58.79711691973347,0.0,-0.7337389299848572,0.6690574104195904,0.0,1.1914099690416882,-5.968263150476853,0.0,-5.940600352642144,-1.185887804170452,98.19155113330395,55.05651922967553,153.2480703629795
10.882000000000303,9.81,3.93,1,1,0.01,0.01,-7.482307985196818,7.684035779354287,6.192551517128988,-7.274519545140301,16.520873838889305,-60.14912743800822,0.0,-0.7313585558426394,0.6571025765001254,0.0,1.188953467416256,-5.986514491232536,0.0,-6.477228892379003,-1.2864119450677587,98.82245502393252,54.423808984346685,153.2462640082792
10.884000000000304,9.81,3.93,1,1,0.01,0.01,-7.46988934910019,7.669365501307374,6.226333801862081,-7.396235784925305,17.268521963473273,-61.58095304753742,0.0,-0.7289831778757727,0.6451115030017746,0.0,1.1864134664785557,-6.0044991440222555,0.0,-7.024687754044056,-1.3879898971260438,99.45494796581437,53.789466262149745,153.2444142279641
10.886000000000305,9.81,3.93,1,1,0.01,0.01,-7.457401624382135,7.65444887094595,6.261654762175437,-7.520900484480435,18.060039176076476,-63.09865007300556,0.0,-0.7266129670409515,0.6330847407488822,0.0,1.1837860048628268,-6.022199369930953,0.0,-7.583441837738764,-1.4906800264749973,100.08900483810574,53.1535143070202,153.24251914512593
10.888000000000305,9.81,3.93,1,1,0.01,0.01,-7.44484164396117,7.639279815282684,6.298605149831816,-7.648691926569989,18.898489582420453,-64.70886302870396,0.0,-0.7242481023853887,0.6210228774599044,0.0,1.1810669541550352,-6.039595980944085,0.0,-8.153992524352201,-1.5945455863811262,100.72459927378821,52.51597748282609,153.2405767566143
10.890000000000306,9.81,3.93,1,1,0.01,0.01,-7.432206052917944,7.623851891048671,6.337282157109737,-7.779802329994979,19.787255787734036,-66.418896343191,0.0,-0.7218887713913329,0.6089265408115442,0.0,1.1782520086950126,-6.056668169652266,0.0,-8.736880756136957,-1.6996551589581632,101.36170353007005,51.87688139142891,153.23858492149895
10.892000000000307,9.81,3.93,1,1,0.01,0.01,-7.419491294951852,7.608158255448675,6.377790092297966,-7.914439249657319,20.7300782981589,-68.23679649068077,0.0,-0.7195351703415149,0.5967964018661913,0.0,1.1753366749075724,-6.073393315549947,0.0,-9.332690434909182,-1.8060831521685523,102.00028834352604,51.2362530046552,153.23654134818122
10.894000000000307,9.81,3.93,1,1,0.01,0.01,-7.406693597404134,7.592191633944199,6.420241139651199,-8.052827152729352,21.731100735966574,-70.17144628969596,0.0,-0.7171875047063814,0.5846331789131943,0.0,1.1723162602412993,-6.089746764085498,0.0,-9.942052175451792,-1.913910360638747,102.64032276782189,50.59412081214276,153.23444357996465
10.896000000000308,9.81,3.93,1,1,0.01,0.01,-7.393808954666265,7.575944284686486,6.464756216409872,-8.1952091973011,22.794921874357463,-72.23267347053324,0.0,-0.7148459895538284,0.5724376417828927,0.0,1.169185861832446,-6.105701573883449,0.0,-10.56564745626856,-2.023224600398879,103.28177399149507,49.950514987361494,153.23228897885656
10.898000000000309,9.81,3.93,1,1,0.01,0.01,-7.380833109765122,7.559407959164374,6.511465941690532,-8.341849244482079,23.926655696320193,-74.43137602852346,0.0,-0.7125108499817847,0.5602106167023352,0.0,1.1659403550635052,-6.121228226661987,0.0,-11.204213214878846,-2.134121429595312,103.92460713282583,49.30546757451041,153.23007470733623
10.90000000000031,9.81,3.93,1,1,0.01,0.01,-7.367761533884198,7.542573858564599,6.5605117346967505,-8.493034140458892,25.132000924971916,-76.77966738799137,0.0,-0.710182321573717,0.5479529917736686,0.0,1.1625743822554555,-6.136294293269023,0.0,-11.858546940351808,-2.246704969601824,104.56878500829968,48.65901269947895,153.22779770777862
10.90200000000031,9.81,3.93,1,1,0.01,0.01,-7.354589403542185,7.525432585262687,6.612047062882985,-8.649076311660963,26.417321770909115,-79.29104502510023,0.0,-0.7078606508764066,0.5356657231705841,0.0,1.1590823418264344,-6.150864047908085,0.0,-12.529512321714874,-2.3610888438894433,105.21426787052116,48.011186808641995,153.22545467916314
10.90400000000031,9.81,3.93,1,1,0.01,0.01,-7.3413115751052445,7.50797408876852,6.666238864548913,-8.810316724223336,27.78974200928544,-81.9805869654783,0.0,-0.705546095898717,0.523349842165705,0.0,1.155458378373972,-6.164898020954282,0.0,-13.218045517137256,-2.477397255654949,105.86101311065929,47.36202893996856,153.22304205062784
10.906000000000311,9.81,3.93,1,1,0.01,0.01,-7.327922556255813,7.490187605338821,6.723269175004577,-8.977128268681787,29.25725495332895,-84.86518152174762,0.0,-0.70323892662889,0.511006463122981,0.0,1.1516963743054172,-6.178352478686047,0.0,-13.92516211520369,-2.595766229754823,106.50897491956201,46.71158103178568,153.22055595134768
10.908000000000312,9.81,3.93,1,1,0.01,0.01,-7.314416473977041,7.472061590335487,6.783336991122651,-9.1499196427001,30.828852454539536,-87.96379681430489,0.0,-0.7009394255665125,0.4986367926149835,0.0,1.1477899438653285,-6.191178815669519,0.0,-14.651964865838771,-2.7163450502049833,107.15810390051546,46.05988827559496,153.2179921761104
10.910000000000313,9.81,3.93,1,1,0.01,0.01,-7.300787038535606,7.453583642249063,6.846660416030203,-9.329139819128523,32.51467676204111,-91.29779808692419,0.0,-0.6986478882632945,0.48624213985664766,0.0,1.1437324307099486,-6.203322842285072,0.0,-15.399652264001315,-2.8392979317365636,107.80834662519695,45.40699952063665,153.2153461458336
10.912000000000313,9.81,3.93,1,1,0.01,0.01,-7.287027502853933,7.434740417114909,6.913479134201835,-9.515283204481344,34.326199952116795,-94.89132266558552,0.0,-0.6963646238641172,0.4738239286859388,0.0,1.1395169105855123,-6.214723945789343,0.0,-16.1695280733098,-2.964805973112848,108.45964512261746,44.752967739499326,153.21261286211677
10.914000000000314,9.81,3.93,1,1,0.01,0.01,-7.273130616552214,7.4155175318182645,6.984057277698153,-9.708895614834484,36.276436742464035,-98.77172471601222,0.0,-0.6940899556361824,0.46138371137012024,0.0,1.1351362012167903,-6.225314098110022,0.0,-16.963011877991388,-3.0930694517444937,109.11193628865617,44.09785056606533,153.2097868547215
10.916000000000315,9.81,3.93,1,1,0.01,0.01,-7.259088573806637,7.395899454504281,7.058686757258238,-9.910581223247254,38.38019789719714,-102.97010486443045,0.0,-0.6918242214691932,0.4489231845762566,0.0,1.1305828822591084,-6.235016676939396,0.0,-17.781650747962022,-3.224310534454588,109.76515120106002,43.441710919571555,153.20686212063157
10.918000000000315,9.81,3.93,1,1,0.01,0.01,-7.244892954007286,7.375869379968484,7.1376911480562,-10.121010666473023,40.65439318995999,-107.52194342806223,0.0,-0.6895677743228041,0.43644420791956984,0.0,1.1258493291861753,-6.243745058176733,0.0,-18.62713209036925,-3.358776499232729,110.41921432135206,42.78461773169043,153.2038320530425
10.920000000000316,9.81,3.93,1,1,0.01,0.01,-7.230534654000234,7.355409087487133,7.221430240011313,-10.340930540699574,43.118395130135276,-112.46786067914707,0.0,-0.6873209825885648,0.4239488255977193,0.0,1.1209277663835118,-6.251400926761425,0.0,-19.50129773685696,-3.496743589133287,111.07404256074955,42.126646797492505,153.20068935824204
10.922000000000317,9.81,3.93,1,1,0.01,0.01,-7.2160038104543895,7.334498778036941,7.310305387683077,-10.571174568617513,45.794477509413255,-117.85453352775899,0.0,-0.685084230321161,0.4114392917386388,0.0,1.1158103466452,-6.257872238611074,0.0,-20.406159271953207,-3.6385216544447876,111.72954418168148,41.46788177618179,153.19742595786326
10.924000000000317,9.81,3.93,1,1,0.01,0.01,-7.201289710593176,7.313116887225463,7.404765826387624,-10.812676786180127,48.708346472482525,-123.73580562911327,0.0,-0.682857917276923,0.39891810024206664,0.0,1.1104892669466857,-6.263030747595644,0.0,-21.343914533347878,-3.784459786184091,112.38561749942411,40.808415373943525,153.19403287336763
10.926000000000318,9.81,3.93,1,1,0.01,0.01,-7.186380689159569,7.291239869476662,7.505316161049841,-11.066487180770487,51.889786488239885,-130.17403768420348,0.0,-0.6806424586742417,0.38638802009069173,0.0,1.1049569341046506,-6.266728986669306,0.0,-22.316965092559375,-3.9349532075905262,113.04214933926112,40.14835074956332,153.19050008882442
10.928000000000319,9.81,3.93,1,1,0.01,0.01,-7.171264009021467,7.268841948051379,7.612525284792827,-11.33379031800855,55.37344959369615,-137.24175722755234,0.0,-0.6784382845583696,0.3738521373600202,0.0,1.0992061991961326,-6.268796559252682,0.0,-23.32793432864981,-4.090451777485822,113.69901319274868,39.487803194292304,153.18681638704098
10.93000000000032,9.81,3.93,1,1,0.01,0.01,-7.155925722248857,7.245894824279374,7.727037048368044,-11.615927628384009,59.1998239762556,-145.0236832625211,0.0,-0.6762458386083302,0.36131390548610276,0.0,1.0932306870723358,-6.269035552622817,0.0,-24.379685398090285,-4.251470580225184,114.35606700116932,38.8269021516095,153.1829691527788
10.93200000000032,9.81,3.93,1,1,0.01,0.01,-7.140350507773751,7.2223673378737265,7.849583083084466,-11.914424195294638,63.41642781136361,-153.61922166944933,0.0,-0.6740655761608743,0.34877720578377014,0.0,1.0870252579809425,-6.267214825041128,0.0,-25.475337918092702,-4.418603246520224,115.01315047383736,38.16579366126084,153.1789441350982
10.93400000000032,9.81,3.93,1,1,0.01,0.01,-7.124521480838891,7.198225068306992,7.9809982837426645,-12.231021102987588,68.07928682044438,-163.1455534918785,0.0,-0.6718979611378962,0.3362464207824959,0.0,1.0805866537261704,-6.2630628363432965,0.0,-26.618281420660068,-4.592538890298937,115.67008182174591,37.504643336924055,153.17472515866996
10.936000000000321,9.81,3.93,1,1,0.01,0.01,-7.108419968301395,7.173429864846748,8.122239590182144,-12.56771467874753,73.25476983232696,-173.74147118434422,0.0,-0.6697434614376286,0.3237265237148601,0.0,1.0739144032702919,-6.256258578628091,0.0,-27.81218244518005,-4.774083893573597,116.32665375060606,36.84364002043631,153.17029377104237
10.938000000000322,9.81,3.93,1,1,0.01,0.01,-7.092025242419423,7.14793928984361,8.274408873453359,-12.926804313076731,79.02187620094315,-185.57215865838714,0.0,-0.6676025421688937,0.31122318852865827,0.0,1.0670120957841882,-6.246420006215641,0.0,-29.060980271104338,-4.964190277592342,116.98262850802658,36.183000301149725,153.1656288091763
10.940000000000323,9.81,3.93,1,1,0.01,0.01,-7.075314203935356,7.121705956074796,8.43878094300435,-13.310950980431697,85.47509233109413,-198.83515960371014,0.0,-0.6654756558451658,0.2987429262052641,0.0,1.0598891784572764,-6.233089142579595,0.0,-30.368863350252504,-5.1639931486138515,117.63773171225924,35.52297415159099,153.16070586385024
10.942000000000323,9.81,3.93,1,1,0.01,0.01,-7.058261002984734,7.094676734176978,8.61683795151425,-13.723249125398494,92.7279607707458,-213.7678328607107,0.0,-0.6633632282704265,0.28629325510947445,0.0,1.0525635106658853,-6.215712727281664,0.0,-31.740213831034453,-5.374860834968187,118.29164459721761,34.86385201743151,153.1554966146491
10.944000000000324,9.81,3.93,1,1,0.01,0.01,-7.0408365835027205,7.066791800239275,8.810311786688313,-14.167315229818053,100.91753071111269,-230.65664581949216,0.0,-0.6612656382785725,0.27388291579769064,0.0,1.0450650194193574,-6.193616814191307,0.0,-33.17950010520037,-5.5984630567258025,118.94399417957436,34.20597382152886,153.14996800110322
10.946000000000325,9.81,3.93,1,1,0.01,0.01,-7.023008133271018,7.037983486268883,9.021236394672655,-14.647397113834549,110.20987384082534,-249.84868684546097,0.0,-0.6591831886329972,0.2615221445088447,0.0,1.0374409760977583,-6.165973077122342,0.0,-34.69108527199684,-5.836865149477343,119.5943406730373,33.54974051448105,153.14408118751834
10.948000000000325,9.81,3.93,1,1,0.01,0.01,-7.004738417494906,7.008174887383801,9.25201233800656,-15.168508763148543,120.80683226479191,-271.76573887867875,0.0,-0.6571160640938182,0.24922302495825888,0.0,1.029763688662345,-6.131753619634235,0.0,-36.27889981043301,-6.0926606003506745,120.24216121953117,32.895629051899114,153.13779027143028
10.950000000000326,9.81,3.93,1,1,0.01,0.01,-6.985984968907866,6.977278169419619,9.505486144695011,-15.736595987629167,132.95406662621116,-296.92104509044594,0.0,-0.6550642706605729,0.23699994580310724,0.0,1.022141838672353,-6.089669668704658,0.0,-37.94589448800187,-6.36916096801743,120.88682864371076,32.2442120382719,153.13104068198265
10.952000000000327,9.81,3.93,1,1,0.01,0.01,-6.966699102299613,6.945192510079655,9.785046898321898,-16.358737961602,146.95018642748167,-325.93828958282336,0.0,-0.6530275468772663,0.22487020238615862,0.0,1.0147373924609862,-6.038087425183163,0.0,-39.69313588933514,-6.670673406111158,121.52758341813058,31.596183805333844,153.12376722346443
10.954000000000327,9.81,3.93,1,1,0.01,0.01,-6.946824717271848,6.911801598399942,10.094741477311459,-17.043387459136262,163.1560430230029,-359.5708311478456,0.0,-0.6510052331477924,0.21285479780346384,0.0,1.0077911563756023,-5.974911202756674,0.0,-41.51831689116112,-7.0029145489571825,122.16349628410867,30.95239547612879,153.11589176023747
10.956000000000328,9.81,3.93,1,1,0.01,0.01,-6.926296852909959,6.876970617417831,10.439406617565274,-17.800645726066556,182.00166268506047,-398.71584137610023,0.0,-0.6489960770875471,0.20097952252868023,0.0,1.0016619248899254,-5.897419322347172,0.0,-43.413302083139136,-7.373640800077576,122.7934179176391,30.313902737569254,153.10732065520835
10.958000000000329,9.81,3.93,1,1,0.01,0.01,-6.905039968667486,6.840542657782355,10.824807837108866,-18.64255071080024,203.98475857487347,-444.41053171215697,0.0,-0.646997940073456,0.18927642743862327,0.0,0.9968872887652731,-5.802031417493203,0.0,-45.36006965176484,-7.793628403496105,123.41591055173858,29.682031804455423,153.097942356194
10.96000000000033,9.81,3.93,1,1,0.01,0.01,-6.882965961957047,6.802334586986731,11.257756436469059,-19.583317611806972,229.64710383936682,-497.78151124725724,0.0,-0.6450073490748027,0.17778585705209593,0.0,0.9942793484172272,-5.683976285067093,0.0,-47.32397495294454,-8.278227885001014,124.02915446624534,29.05847169434756,153.0876261605929
10.96200000000033,9.81,3.93,1,1,0.01,0.01,-6.859972026821335,6.762132597600775,11.746134053133158,-20.639382649211676,259.4987573237411,-559.883991267196,0.0,-0.6430188031952322,0.16655928352373506,0.0,0.9950770623040661,-5.536817483556911,0.0,-49.24254096009144,-8.84987145494224,124.63081972521162,28.44540481302648,153.0762245382381
10.96400000000033,9.81,3.93,1,1,0.01,0.01,-6.835938677689781,6.719688121753077,12.298664391105904,-21.828911548793396,293.82631956289526,-631.2963388864772,0.0,-0.6410236879058672,0.1556632793381948,0.0,1.001190287152891,-5.351783344313941,0.0,-51.00686191991018,-9.542160331774271,125.21789075223472,27.84569329182806,153.0635840440628
10.966000000000331,9.81,3.93,1,1,0.01,0.01,-6.810728747999144,6.6747158238112885,12.924084493130996,-23.17003973688422,332.2546758735709,-711.1950278863407,0.0,-0.6390085610950684,0.1451850723206063,0.0,1.0155892337452581,-5.11685407762832,0.0,-52.43122908324859,-10.406509734524116,125.78642910639147,27.263145238454058,153.04957434484552
10.968000000000332,9.81,3.93,1,1,0.01,0.01,-6.784189198512389,6.626897543695486,13.628999210908944,-24.676334875007623,372.8149390829606,-795.3894155341425,0.0,-0.6369524478067118,0.13524016623223334,0.0,1.0429108232171327,-4.815629004165592,0.0,-53.20560194278837,-11.522627277541092,126.33125931855285,26.702890365038712,153.03414968359158
10.970000000000333,9.81,3.93,1,1,0.01,0.01,-6.756159596016435,6.575900330398864,14.413062271381657,-26.34662501235949,410.1301078094377,-872.4991319926675,0.0,-0.6348226442724584,0.125982239539577,0.0,1.0903379551611438,-4.426262096013302,0.0,-52.82882250474099,-13.0135245166054,126.84556196483703,26.171888018806815,153.01744998364384
10.972000000000333,9.81,3.93,1,1,0.01,0.01,-6.72649463779814,6.5214241039266625,15.259357643543279,-28.14471803704812,432.42574944013876,-917.660348632489,0.0,-0.6325685526777954,0.11761429209606444,0.0,1.1686480063851734,-3.921508638946617,0.0,-50.5399301522001,-15.061394492064661,127.32033874570669,25.679541937660833,152.99988068336754
10.974000000000334,9.81,3.93,1,1,0.01,0.01,-6.6951123945704225,6.4633035193281385,16.118259286303896,-29.965398076509516,418.4207478970544,-885.9887544860396,0.0,-0.6301137989591611,0.11039638763383963,0.0,1.2927454671783698,-3.272580794367064,0.0,-45.32680888869851,-17.90514288704003,127.74362768362707,25.238234277905146,152.98186196153222
10.976000000000335,9.81,3.93,1,1,0.01,0.01,-6.662078923324702,6.401686417528231,16.889020604669494,-31.595679423471907,339.6766480559705,-717.5564355091831,0.0,-0.6273495517029029,0.1046377683827383,0.0,1.479657832104655,-2.461567874867243,0.0,-36.21028511973223,-21.7661404047386,128.09931073581112,24.863219511890506,152.96253024770164
10.978000000000335,9.81,3.93,1,1,0.01,0.01,-6.627715914408855,6.337260660132883,17.42058011706812,-32.716609403062975,179.22584315978787,-376.67165275405756,0.0,-0.624137413813087,0.10065294315764106,0.0,1.740819522408298,-1.5047352709005506,0.0,-23.01996265614048,-26.63166151009152,128.36677035151064,24.57084061147637,152.937610962987
10.980000000000336,9.81,3.93,1,1,0.01,0.01,-6.592657082349643,6.271372706194666,17.566301890036875,-33.018754482801484,-36.95535438213435,81.80041136044437,0.0,-0.6203334616935394,0.09867145358668983,0.0,2.069357619660984,-0.47252477256642855,0.0,-7.301508100896251,-31.97595618435421,128.5277530401774,24.374324663253002,152.9020777034304
10.982000000000337,9.81,3.93,1,1,0.01,0.01,-6.55774330229042,6.205806140623068,17.279975203636273,-32.404596192727915,-239.9517215731702,512.478845211206,0.0,-0.6158317536456451,0.09873962127114455,0.0,2.434557736587597,0.5260830232785745,0.0,7.9555449773258315,-36.8159258449654,128.58303882949176,24.278685932702974,152.86172476219474
10.984000000000337,9.81,3.93,1,1,0.01,0.01,-6.523766406533639,6.142241158954761,16.653099850046615,-31.067130724800847,-371.937438378209,793.3539313763223,0.0,-0.6105994683982906,0.10069247388827718,0.0,2.795436592747132,1.3967881094663765,0.0,20.1292201709213,-40.28525033102854,128.5528523130218,24.27858483617465,152.83143714919643
10.986000000000338,9.81,3.93,1,1,0.01,0.01,-6.491251697666374,6.081795653486052,15.844080505554729,-29.3406176711436,-424.8961200708977,907.417600457652,0.0,-0.6046769578716397,0.10422369232332152,0.0,3.1213059241189924,2.098839754929654,0.0,28.32115630192693,-42.118028656297916,128.4534618830322,24.361019212002837,152.81448109503503
10.988000000000339,9.81,3.93,1,1,0.01,0.01,-6.460419284187791,6.0249432894028905,14.988963450454387,-27.512363816686168,-423.2261111385186,906.035711096584,0.0,-0.5981487940609849,0.10899406219670449,0.0,3.399576854716544,2.6394626250229596,0.0,33.04848325914221,-42.56580779214093,128.2923328050498,24.510375765799438,152.80270857084923
10.99000000000034,9.81,3.93,1,1,0.01,0.01,-6.431271382844539,5.971697284354351,14.168760150952082,-25.753733010660945,-393.9061994286797,846.0716418915811,0.0,-0.5911113018537062,0.11470594128183553,0.0,3.630822304201185,3.047749090007543,0.0,35.301833625847976,-42.05552396953091,128.07810463193664,24.712280239688702,152.79038487162535
10.99200000000034,9.81,3.93,1,1,0.01,0.01,-6.403696421955286,5.921829820789417,13.419320772806692,-24.140862426799895,-354.65663904652473,764.9096648172705,0.0,-0.5836530177980362,0.12112642452110989,0.0,3.8213828222723443,3.3552168769628743,0.0,35.96772963610401,-40.96500143739132,127.82168445030182,24.955081022769505,152.77676547307132
10.99400000000034,9.81,3.93,1,1,0.01,0.01,-6.37754025260002,5.875022269990683,12.750233342488047,-22.69445232041234,-314.58654110919554,681.7953994647914,0.0,-0.5758479796566194,0.12808176212921607,0.0,3.9787524758949764,3.588054971102475,0.0,35.67608963508149,-39.56080135589918,127.53300521039718,25.229838175009363,152.76284338540654
10.996000000000342,9.81,3.93,1,1,0.01,0.01,-6.352643750571395,5.83094462573196,12.158621979960103,-21.40884135677167,-277.5888519900817,604.9781694185943,0.0,-0.5677556985017724,0.13544404829767087,0.0,4.109668751973459,3.7659413479594157,0.0,34.83243556571122,-38.011683872107675,127.21966888531543,25.52981324835677,152.7494821336722
10.998000000000342,9.81,3.93,1,1,0.01,0.01,-6.328859246343393,5.789290308230408,11.636786638388353,-20.268118844936378,-244.92047380666526,537.1443440346148,0.0,-0.5594233872600233,0.1431188557646803,0.0,4.219618349520575,3.903102960914241,0.0,33.68642077385209,-36.41816284388316,126.8871656786524,25.849927289158938,152.73709296781132
11.000000000000343,9.81,3.93,1,1,0.01,0.01,-6.30605602533601,5.74978790539093,11.175867430728522,-19.253862846315826,-216.65316308527287,478.474812341624,0.0,-0.5508884939315272,0.1510357589292768,0.0,4.312894025708434,4.009719860951134,0.0,32.388552388967504,-34.837444745226534,126.53945763061043,26.18632050238716,152.7257781329976
11.002000000000344,9.81,3.93,1,1,0.01,0.01,-6.284120843994908,5.712202379347696,10.767408483077467,-18.348450505635572,-192.3920962319458,428.1604684184575,0.0,-0.5421809005124745,0.15914152723159647,0.0,4.392806946738239,4.093099840305701,0.0,31.028476068392145,-33.300459440968396,126.17946524365942,26.536024443513398,152.7154896871728
11.004000000000344,9.81,3.93,1,1,0.01,0.01,-6.262956452658404,5.676332045752511,10.403917114859178,-17.536248474291636,-171.60549819032968,385.09827689412907,0.0,-0.5333246653762028,0.16739534228068842,0.0,4.461906821952137,4.158540292776944,0.0,29.65894496555886,-31.82257223852954,125.80939804970056,26.896725619950445,152.706123669651
11.006000000000345,9.81,3.93,1,1,0.01,0.01,-6.242479510023081,5.642004249619894,10.078976301961795,-16.803859257214423,-153.76483075153934,348.1879485296378,0.0,-0.524339354822144,0.1757654489351761,0.0,4.522166128868443,4.209930471847849,0.0,28.31040329904181,-30.41008580774472,125.43096867862499,27.26659650891157,152.69756518753655
11.008000000000346,9.81,3.93,1,1,0.01,0.01,-6.222618483148699,5.609070994324918,9.787175944993812,-16.13998348103318,-138.39723528780624,316.4434478831415,0.0,-0.5152410474840088,0.18422679791289454,0.0,4.575122724938716,4.250165529990489,0.0,26.999788895211157,-29.06412629611275,125.04553240775763,27.644174505329243,152.68970691308687
11.010000000000346,9.81,3.93,1,1,0.01,0.01,-6.203311758452908,5.577405002826654,9.523983542989686,-15.53515273072778,-125.09915666465244,289.0224583128413,0.0,-0.5060430905912539,0.19275937003030086,0.0,4.621986756251116,4.2814308162827235,0.0,25.73585482348963,-27.782950433903626,124.65418052360943,28.028274534091516,152.68245505770093
11.012000000000347,9.81,3.93,1,1,0.01,0.01,-6.184506025344211,5.54689634406314,9.285606210547483,-14.981442835220054,-113.53393572188396,265.2218717726678,0.0,-0.49675667164935355,0.20134697064572293,0.0,4.663719854253571,4.305398322430238,0.0,24.522405220329585,-26.56330948620506,124.25780470655685,28.41792529966616,152.675730006223
11.014000000000348,9.81,3.93,1,1,0.01,0.01,-6.166154926016228,5.51744961313579,9.068864390115571,-14.47221082513115,-103.42368968640085,244.4610958958949,0.0,-0.48739125361548497,0.20997635115962265,0.0,4.701093699067865,4.3233637995025305,0.0,23.360276576283027,-25.401250996708423,123.85714272228425,28.812322230143156,152.6694649524274
11.016000000000348,9.81,3.93,1,1,0.01,0.01,-6.148217940242523,5.48898160130011,8.871083536251259,-14.001869041385122,-94.5399713116811,226.2626797658744,0.0,-0.4779549089879601,0.2186365604715329,0.0,4.734733479659179,4.336343606168685,0.0,22.24855858265067,-24.292584897004332,123.45281166924195,29.21079231970139,152.66360398894335
11.018000000000349,9.81,3.93,1,1,0.01,0.01,-6.1306594683011255,5.4614193793130905,8.690004098200891,-13.565697267444687,-86.69501751909522,210.2341030539709,0.0,-0.46845457864746165,0.22731846006674672,0.0,4.765150354270528,4.34514397922465,0.0,21.185349717176464,-23.233148819193392,123.04533269220605,29.61276754255039,152.65810023475643
11.02000000000035,9.81,3.93,1,1,0.01,0.01,-6.113448077156813,5.434698721582025,8.523707876073662,-13.159688964590552,-79.73419443106377,196.05202864019802,0.0,-0.45889627427462504,0.23601435698422024,0.0,4.792765888642899,4.350411209537026,0.0,20.16822546704224,-22.218953197113027,122.63514968784017,30.01776451236796,152.65291420020813
11.02200000000035,9.81,3.93,1,1,0.01,0.01,-6.096555879667984,5.40876280810225,8.370558208483326,-12.780426352318338,-73.52972782217395,183.44922171588576,0.0,-0.44928523810498167,0.24471772275877768,0.0,4.817930614794928,4.352668439541265,0.0,19.19452752285665,-21.246254584610927,122.22264368417625,30.425368745195758,152.64801242937202
11.02400000000035,9.81,3.93,1,1,0.01,0.01,-6.079958021674737,5.383561151726486,8.22915151120992,-12.424979179628,-67.97560483263366,172.20390592899304,0.0,-0.43962607014098476,0.25342297582280815,0.0,4.840938251156279,4.352342973191344,0.0,18.261540629377464,-20.31158644948806,121.80814404460277,30.835222354196944,152.6433663987997
11.026000000000352,9.81,3.93,1,1,0.01,0.01,-6.063632256498797,5.359048708032401,8.098277993770916,-12.0908226616484,-62.98347034474983,162.13119246487346,0.0,-0.4299228303183882,0.26212531129157735,0.0,4.862036695703524,4.349786776558493,0.0,17.366598572311855,-19.411765191152288,121.39193730210428,31.247014331123957,152.63895163322823
11.028000000000352,9.81,3.93,1,1,0.01,0.01,-6.047558590369771,5.3351851333569975,7.976889743800024,-11.775770807257334,-58.479338750734776,153.07621011999635,0.0,-0.4201791212267041,0.27082056651949016,0.0,4.881436598728833,4.345292033954107,0.0,16.50714535095607,-18.543882166504,120.97427419948312,31.66047279811376,152.6347469975969
11.030000000000353,9.81,3.93,1,1,0.01,0.01,-6.031718985564316,5.311934163392023,7.86407471045756,-11.477922072623763,-54.40096179105652,144.90860489363837,0.0,-0.4103981556016958,0.2795051139435931,0.0,4.89931810468957,4.339103073213954,0.0,15.680768035033491,-17.70528826653871,120.55537535414109,32.07535877542703,152.6307341295681
11.032000000000354,9.81,3.93,1,1,0.01,0.01,-6.016097110680197,5.28926309023582,7.759035411434934,-11.195614886419794,-50.69571918527839,137.51813137385213,0.0,-0.40058281179419813,0.28817577494886093,0.0,4.915836197237775,4.331425596037038,0.0,14.885211827939475,-16.893574987017054,120.1354358563917,32.49146112667333,152.62689698306502
11.034000000000354,9.81,3.93,1,1,0.01,0.01,-6.00067812956843,5.267142320185001,7.661071429332931,-10.92739109535726,-47.318924008760355,130.81111055173818,0.0,-0.3907356796698962,0.29682975007980317,0.0,4.931124969718617,4.322433887523592,0.0,14.118384082226099,-16.106554337567758,119.71462903240767,32.9085924268868,152.62322145929448
11.036000000000355,9.81,3.93,1,1,0.01,0.01,-5.985448522114038,5.245544998032515,7.569564956933245,-10.671965782950142,-44.2324567019083,124.70757432968907,0.0,-0.380859098835949,0.30546456207489747,0.0,4.945301062378854,4.3122764956780015,0.0,13.378351605458425,-15.342238948189088,119.29310954674948,33.32658556004995,152.61969510679944
11.038000000000356,9.81,3.93,1,1,0.01,0.01,-5.970395931377188,5.224446686399457,7.483968804518791,-10.428202235148298,-41.40365969770864,119.13895470033083,0.0,-0.37095519067033433,0.3140780090434403,0.0,4.958466448328834,4.3010807417830295,0.0,12.663334047507528,-14.59882312567704,118.87101597831696,33.74529089783024,152.6163068761472
11.040000000000356,9.81,3.93,1,1,0.01,0.01,-5.955509032654312,5.203825090817781,7.403796403440176,-10.19509107928427,-38.804439177778825,114.04620586524442,0.0,-0.36102588531163393,0.3226681257275813,0.0,4.970710706724429,4.288956329630948,0.0,11.971695159811334,-13.874665241377194,118.4484729731292,34.164573944929955,152.61304691805915
11.042000000000357,9.81,3.93,1,1,0.01,0.01,-5.9407774208514335,5.183659823021479,7.3286134352308485,-9.97173282145844,-36.410531944204834,109.37827151500161,0.0,-0.351072944524036,0.33123315125730046,0.0,4.982112889304572,4.275998254440595,0.0,11.301933066814335,-13.168271607164078,118.0255930545407,34.58431336172857,152.60990641626927
11.044000000000358,9.81,3.93,1,1,0.01,0.01,-5.92619151322562,5.163932196291159,7.2580307902789984,-9.757323163587138,-34.20090438766069,105.09082826974156,0.0,-0.3410979811654179,0.3397715021560387,0.0,4.992743062246374,4.2622891632848505,0.0,10.652670265709235,-12.47828186357228,117.60247815424799,35.004399294052504,152.6068774483005
11.046000000000358,9.81,3.93,1,1,0.01,0.01,-5.911742465081373,5.144625047806835,7.191698618823264,-9.551140604135064,-32.15725755059512,101.14525093875177,0.0,-0.3311024758415635,0.3482817496204784,0.0,5.002663587087204,4.247901282765332,0.0,10.02264379370044,-11.803455828062527,117.17922091426611,35.424731954553216,152.60395286881933
11.048000000000359,9.81,3.93,1,1,0.01,0.01,-5.897422096435051,5.1257225838550236,7.129301283365026,-9.352535923377156,-30.263617754134994,97.5077566855735,0.0,-0.3210877912164612,0.35676260030130347,0.0,5.0119301906400295,4.232898002861612,0.0,9.410695821432842,-11.142661710838121,116.75590579990762,35.84522041145172,152.60112621135934
11.05000000000036,9.81,3.93,1,1,0.01,0.01,-5.883222828004216,5.10721024445502,7.070553058225544,-9.160923230610852,-28.505996522527855,94.14869409810137,0.0,-0.3110551843598993,0.36521287996866203,0.0,5.020592863261219,4.217335185797953,0.0,8.81576481399548,-10.494865586777083,116.33261005591174,36.265781549163044,152.5983916050748
11.05200000000036,9.81,3.93,1,1,0.01,0.01,-5.86913762515711,5.089074584551294,7.015194451050596,-8.97577231151382,-26.87210687046356,91.04195012614105,0.0,-0.3010058174432493,0.37363151956789586,0.0,5.028696616695781,4.2012622536047655,0.0,8.23687732546996,-9.859122006294456,115.90940453170982,36.68633917215621,152.59574370386605
11.05400000000036,9.81,3.93,1,1,0.01,0.01,-5.855159948683849,5.071303169392283,6.962989044227244,-8.796602062258355,-25.35112562745409,88.1644533021333,0.0,-0.29094076703851124,0.3820175432664752,0.0,5.0362821264221,4.184723096511827,0.0,7.673140445173872,-9.234565629866275,115.48635439695101,37.10682322879155,152.59317762574256
11.056000000000362,9.81,3.93,1,1,0.01,0.01,-5.841283711435792,5.05388448210253,6.913720772702989,-8.62297483571799,-23.93349352270622,85.4957559447141,0.0,-0.28086103223090475,0.3903700581681344,0.0,5.0433862785023305,4.16775683546598,0.0,7.123734884184229,-8.620403777123478,115.0635197645641,37.527169136142604,152.5906889007067
11.058000000000362,9.81,3.93,1,1,0.01,0.01,-5.827503240031126,5.036807841772175,6.867191569575602,-8.454491556200479,-22.61074636920048,83.01768142176707,0.0,-0.2707675417193259,0.39868824542972103,0.0,5.0500426370874365,4.150398465239989,0.0,6.587908673189597,-8.015909789741563,114.64095623555117,37.94731719020977,152.58827342576095
11.060000000000363,9.81,3.93,1,1,0.01,0.01,-5.813813240949558,5.020063330648995,6.823219322819764,-8.290787484218427,-21.375371963612025,80.7140252214653,0.0,-0.260661160049846,0.40697135256373507,0.0,5.056281845680804,4.1326793992964,0.0,6.064971433066777,-7.420417116510232,114.21871537724667,38.36721204866096,152.58592742590764
11.062000000000364,9.81,3.93,1,1,0.01,0.01,-5.8002087704422145,5.003641729234154,6.7816360962318,-8.131528533113146,-20.220688333644517,78.57030070187928,0.0,-0.250542693103686,0.4152186867475359,0.0,5.062131972847243,4.114627933424527,0.0,5.554289175040251,-6.833314038192933,113.7968451447743,38.786802275430155,152.58364742020444
11.064000000000364,9.81,3.93,1,1,0.01,0.01,-5.786685207768523,4.987534458262108,6.742286575572603,-7.97640805585393,-19.14073977356861,76.57352208173377,0.0,-0.2404128929417803,0.4234296089909029,0.0,5.067618811124839,4.096269641907876,0.0,5.0552795860098145,-6.2540389586332985,113.37539025382372,39.20603993828955,152.58143019211326
11.066000000000365,9.81,3.93,1,1,0.01,0.01,-5.773238231343216,4.97173352669455,6.705026707336766,-7.825144033807848,-18.13020775653835,74.71201858935964,0.0,-0.2302724620920789,0.43160352903846333,0.0,5.072766136348665,4.077627717399856,0.0,4.567407755390908,-5.682076196798438,112.95439251154356,39.624880251961244,152.5792727635048
11.068000000000366,9.81,3.93,1,1,0.01,0.01,-5.759863797436301,4.956231484983278,6.66972250286024,-7.677476610314948,-17.184334332846202,72.97527477539734,0.0,-0.2201220573526479,0.43973990090376647,0.0,5.077595933347293,4.058723263633603,0.0,4.090182301782219,-5.116952221961912,112.53389111126673,40.04328126052539,152.57717237179213
11.070000000000366,9.81,3.93,1,1,0.01,0.01,-5.746558121118908,4.941021382961856,6.636248984826192,-7.533165920984598,-16.298856043302173,71.3537928730234,0.0,-0.2099622931727404,0.44783821894832454,0.0,5.082128592960957,4.039575548450898,0.0,3.6231518604160255,-4.558232280993268,112.11392289589249,40.46120355385905,152.57512644975154
11.072000000000367,9.81,3.93,1,1,0.01,0.01,-5.733317659190109,4.926096731814312,6.604489256818822,-7.391990180126083,-15.469946717120372,69.83897380075547,0.0,-0.1997937446649326,0.45589801443257305,0.0,5.086383084506722,4.020202223316279,0.0,3.165901895304053,-4.005517372755168,111.69452259401085,40.87861001365013,152.57313260766097
11.074000000000368,9.81,3.93,1,1,0.01,0.01,-5.720139094855453,4.9114514696439535,6.5743336795504,-7.253743988939174,-14.694167800298828,68.42301398116282,0.0,-0.18961695029390346,0.4639188524769293,0.0,5.090377107142533,4.000619514417044,0.0,2.7180518030389544,-3.4584415299571662,111.27572303224083,41.29546558520168,152.57118861744252
11.076000000000368,9.81,3.93,1,1,0.01,0.01,-5.707019323958137,4.897079930228759,6.545679139861808,-7.118236836256573,-13.968425086212003,67.09881562068983,0.0,-0.17943241428109202,0.47190032938045556,0.0,5.094127223028847,3.980842389585444,0.0,2.2792522782075166,-2.9166693735334124,110.85755532674432,41.71173707180251,152.56929239854682
11.078000000000369,9.81,3.93,1,1,0.01,0.01,-5.693955442589412,4.882976814603793,6.518428400662616,-6.985291766940929,-13.289930905044738,65.85990848227713,0.0,-0.1692406087591104,0.47984207025236847,0.0,5.0976489747304665,3.9608847045745934,0.0,1.8491829132313198,-2.379893908761264,110.44004905644535,42.12739294890847,152.56744200535383
11.08000000000037,9.81,3.93,1,1,0.01,0.01,-5.680944735926723,4.869137165157187,6.49248952170672,-6.854744196648191,-12.656170980701768,64.70038150010579,0.0,-0.15904197570533962,0.4877437269181193,0.0,5.100956988923645,3.9407593316426444,0.0,1.42755000812715,-1.847834535979861,110.02323242012487,42.54240319577295,152.5656356158978
11.08200000000037,9.81,3.93,1,1,0.01,0.01,-5.667984668166774,4.855556341965658,6.46777534255302,-6.726440854700331,-12.064875289234834,63.614822847778285,0.0,-0.14883692868028875,0.4956049760671942,0.0,5.104065068159881,3.9204782729253447,0.0,1.0140845681509874,-1.3202352519600393,109.60713237925746,42.95673914249801,152.56387152175546
11.084000000000371,9.81,3.93,1,1,0.01,0.01,-5.655072873436766,4.842230001129455,6.444203020285603,-6.600238839364473,-11.513992356648718,62.598267288049115,0.0,-0.13862585439307706,0.5034255176143316,0.0,5.106986272176011,3.9000527606855195,0.0,0.608540469550196,-0.7968630207736291,109.19177478819502,43.37037333075834,152.56214811895336
11.086000000000372,9.81,3.93,1,1,0.01,0.01,-5.642207147580839,4.829154074895776,6.421693615603321,-6.4760047719938765,-11.00166652018862,61.64614981222754,0.0,-0.12840911411366274,0.5112050732497148,0.0,5.1097329900216595,3.8794933462032968,0.0,0.21069277570192338,-0.2775062954591637,108.77718451308618,43.78327938669024,152.56046389977644
11.088000000000372,9.81,3.93,1,1,0.01,0.01,-5.6293854407306245,4.816324753384957,6.400171721766519,-6.353614038315631,-10.526217749092183,60.75426472730216,0.0,-0.11818704494905052,0.5189433851569385,0.0,5.112317004091014,3.8588099788009265,0.0,-0.17966381222715944,0.23802632607323496,108.36338554072924,44.19543190464107,152.55881744537032
11.090000000000373,9.81,3.93,1,1,0.01,0.01,-5.616605850579071,4.803738467755507,6.379565131634834,-6.232950106704945,-10.086123680896087,59.91872947410653,0.0,-0.10795996099873006,0.5266402148803089,0.0,5.114749546991561,3.838012076270519,0.0,-0.5627163842913494,0.7499073255745651,107.95040107839964,44.60680634064961,152.55720741904923
11.092000000000374,9.81,3.93,1,1,0.01,0.01,-5.603866616285597,4.791391874663078,6.359804538665964,-6.11390391461131,-9.680003579813832,59.13595256482051,0.0,-0.097728154402842,0.5342953423253802,0.0,5.117041352051604,3.8171085877839475,0.0,-0.9386351431332443,1.2582913824545208,107.53825364555098,45.01737891467677,152.55563256022776
11.094000000000374,9.81,3.93,1,1,0.01,0.01,-5.591166112948311,4.779281841884926,6.340823268288664,-5.996373315434534,-9.30660396614089,58.40260511633015,0.0,-0.08749189629509979,0.541908564878635,0.0,5.119202698158068,3.796108050205288,0.0,-1.307574629042484,1.7633163968226169,107.12696515817419,45.42712652073583,152.55409167891003
11.096000000000375,9.81,3.93,1,1,0.01,0.01,-5.5785028465857485,4.767405434995864,6.322557036528498,-5.880262579119177,-8.964785701476687,57.71559553033259,0.0,-0.07725143767118803,0.5494796966339041,0.0,5.121243449522249,3.775018638592072,0.0,-1.6696748588267596,2.2651044278784362,106.71655700649323,45.836026644181345,152.5525836506746
11.098000000000376,9.81,3.93,1,1,0.01,0.01,-5.565875449576408,4.755759904994273,6.304943733164136,-5.7654819405696,-8.653512344902207,57.07204693391885,0.0,-0.06700701018224142,0.5570085677145857,0.0,5.123173090891594,3.7538482115580525,0.0,-2.025062387525796,2.7637625568357107,106.30705012659058,46.24405728551248,152.55110741210308
11.100000000000376,9.81,3.93,1,1,0.01,0.01,-5.553282676509444,4.744342676787837,6.287923227035243,-5.651947190705697,-8.37183962103588,56.46927704762085,0.0,-0.05675882686209366,0.5644950236819917,0.0,5.125000758657798,3.732604352073747,0.0,-2.3738513010192412,3.259383682576825,105.89846506647532,46.651196890130436,152.54966195660575
11.102000000000377,9.81,3.93,1,1,0.01,0.01,-5.540723400404356,4.73315133845838,6.271437191418627,-5.5395793055989575,-8.118905862869735,55.904780193151076,0.0,-0.04650708279603777,0.5719389250211689,0.0,5.126735268253584,3.711294404199159,0.0,-2.716144146698201,3.7520472573619488,105.49082204704173,47.057424283560415,152.54824633060215
11.104000000000378,9.81,3.93,1,1,0.01,0.01,-5.528196609261397,4.722183631233733,6.255428947644236,-5.428304109664546,-7.8939233110739275,55.376211191591246,0.0,-0.036251955738245245,0.5793401466965181,0.0,5.128385138181596,3.6899255061725618,0.0,-3.0520328085758712,4.241819969145783,105.08414101830991,47.46271861171314,152.54685963002305
11.106000000000378,9.81,3.93,1,1,0.01,0.01,-5.515701402907874,4.711437440102172,6.239843325342707,-5.3180519693498205,-7.6961701675725145,54.88137093567166,0.0,-0.025993606684206805,0.5866985777702745,0.0,5.12995861097628,3.668504620219743,0.0,-3.381599332496213,4.728756376371001,104.67844171128422,47.867059285814605,152.54550099709883
11.108000000000379,9.81,3.93,1,1,0.01,0.01,-5.5032369901085065,4.700910785011635,6.224626537906374,-5.2087575141635964,-7.524983315053988,54.418193447921794,0.0,-0.015732180404104956,0.5940141210776148,0.0,5.131463671364304,3.647038559396127,0.0,-3.704916706451342,5.212899500501492,104.27374368572687,48.27042593168102,152.54416961740787
11.11000000000038,9.81,3.93,1,1,0.01,0.01,-5.490802685910718,4.69060181260191,6.209726071910057,-5.100359382242155,-7.379751626040185,53.984734260593385,0.0,-0.005467805942463544,0.6012866929527346,0.0,5.132908061858116,3.625534011730291,0.0,-4.022049600431277,5.694281381019001,103.87006637410119,48.67279834305779,152.54286471715898
11.11200000000038,9.81,3.93,1,1,0.01,0.01,-5.478397909198053,4.680508788423254,6.19509058938012,-4.992799987954991,-7.259909795490223,53.57915997398262,0.0,0.004799402911006667,0.608516223000722,0.0,5.134299295991452,3.6039975618991096,0.0,-4.333055069696408,6.172923597126797,103.4674291219071,49.074156438777095,152.5415855606842
11.114000000000381,9.81,3.93,1,1,0.01,0.01,-5.46602218042705,4.67063008959964,6.1806698419231445,-4.886025309321735,-7.164932639899882,53.19973886761634,0.0,0.015069347174836878,0.6157026539104946,0.0,5.1356446693835185,3.5824357106320046,0.0,-4.637983224878026,6.648837759975577,103.0658512246037,49.47448022352046,152.54033144812416
11.116000000000382,9.81,3.93,1,1,0.01,0.01,-5.453675119524735,4.660964197899034,6.16641459583164,-4.7799846932470205,-7.094329813680676,52.84483245414989,0.0,0.025341942249320737,0.6228459413044402,0.0,5.136951268799943,3.560854892013382,0.0,-4.936877871870055,7.122025978844054,102.66535196128409,49.87374975200109,152.53910171328516
11.118000000000382,9.81,3.93,1,1,0.01,0.01,-5.441356443925592,4.651509693176898,6.152276567375667,-4.674630676786761,-7.0476409004290135,52.512887879111375,0.0,0.0356171175062846,0.6299460536206847,0.0,5.138225979362934,3.539261488828076,0.0,-5.229777124071675,7.592481304364109,102.2659506252508,50.27194509640273,152.5378957216535
11.120000000000383,9.81,3.93,1,1,0.01,0.01,-5.4290659667283725,4.642265247162472,6.138208367567934,-4.569918822841277,-7.024430842671309,52.20243108112308,0.0,0.04589481589155775,0.6370029720242201,0.0,5.139475490049945,3.517661846073565,0.0,-5.516713989171387,8.060188151572842,101.86766655161766,50.669046316934626,152.53671286855229
11.122000000000384,9.81,3.93,1,1,0.01,0.01,-5.4168035949544295,4.63322961756046,6.124163455757381,-4.4658075688312335,-7.024285678909593,51.912060637189455,0.0,0.056174993536817985,0.6440166903433123,0.0,5.140706297609465,3.4960622827446333,0.0,-5.797716932325813,8.525122705298603,101.47051914204889,51.06503343537755,152.53555257742644
11.124000000000384,9.81,3.93,1,1,0.01,0.01,-5.4045693278905445,4.624401642443478,6.110096101463954,-4.362258087054357,-7.046808561395634,51.64044222628196,0.0,0.06645761937780692,0.65098721502785,0.0,5.141924709013454,3.4744691019809384,0.0,-6.072810417277796,8.987253310139327,101.07452788673166,51.45988641151314,152.5344142982448
11.126000000000385,9.81,3.93,1,1,0.01,0.01,-5.392363255500286,4.6157802349131005,6.095961353916235,-4.259234155546757,-7.091616032111932,51.38630365195395,0.0,0.07674267477605867,0.6579145651264119,0.0,5.1431368425590245,3.4528885996546017,0.0,-6.342015426676132,9.446540847068894,100.67971238366965,51.85358512233919,152.53329750600884
11.128000000000386,9.81,3.93,1,1,0.01,0.01,-5.380185556889012,4.60736437800957,6.0817150187950375,-4.156702038384509,-7.158334538004803,51.14843037124642,0.0,0.08703015314158613,0.6647987722790182,0.0,5.144348627726101,3.431327071464154,0.0,-6.6053499626019825,9.902939098505328,100.28609235537178,52.246109343985765,152.53220169935753
11.130000000000386,9.81,3.93,1,1,0.01,0.01,-5.3680364988085625,4.599153119852279,6.067313641720753,-4.054630374460881,-7.2465971696550175,50.925661482820715,0.0,0.0973200595541237,0.6716398807226335,0.0,5.145565803893439,3.40979081859184,0.0,-6.862829528072672,10.356395103493284,99.89368766300433,52.63743873625501,152.53112639925934
11.132000000000387,9.81,3.93,1,1,0.01,0.01,-5.355916434188602,4.591145568994953,6.05271449805105,-3.952990073863596,-7.356040610336123,50.71688613220302,0.0,0.10761241038073077,0.678437947306586,0.0,5.146793918012255,3.38828615197372,0.0,-7.114467590081087,10.80684950448915,99.50251831807064,53.027552829713485,152.53007114778413
11.134000000000388,9.81,3.93,1,1,0.01,0.01,-5.343825800682397,4.58334088998116,6.037875588579148,-3.851754221056386,-7.486302284838265,50.521040296335755,0.0,0.11790723288779015,0.6851930415151909,0.0,5.148038321334105,3.366819395226138,0.0,-7.360276024537966,11.254236887088231,99.11260449167479,53.416431015272565,152.52903550694737
11.136000000000388,9.81,3.93,1,1,0.01,0.01,-5.331765119215622,4.575738299087242,6.022755640741952,-3.750897984140847,-7.637017699561452,50.337103913391644,0.0,0.1282045648455915,0.6919052454949159,0.0,5.149304165288344,3.34539688626735,0.0,-7.600265543313281,11.6984861138993,98.72396652142363,53.80405253619481,152.52801905761845
11.138000000000389,9.81,3.93,1,1,0.01,0.01,-5.319734992527557,4.5683370602412205,6.0073141149624485,-3.650398529539322,-7.807817967234935,50.1640983270898,0.0,0.13850445412389456,0.6985746540835136,0.0,5.150596396603573,3.324024977669722,0.0,-7.834446103421783,12.139520653649718,98.33662491602382,54.19039648246646,152.5270213984903
11.14000000000039,9.81,3.93,1,1,0.01,0.01,-5.307736103694767,4.561136481107397,5.991511215762375,-3.5502349414981587,-7.998327511221309,50.0010840176167,0.0,0.14880695827705748,0.7052013748386287,0.0,5.151919751766957,3.3027100357757546,0.0,-8.06282729826635,12.577258906492938,97.95060035762205,54.57544178747892,152.52604214510097
11.14200000000039,9.81,3.93,1,1,0.01,0.01,-5.29576921462808,4.554135909327607,5.975307907289883,-3.450388145863895,-8.208161945739786,49.84715859376377,0.0,0.15911214411749985,0.7117855280634272,0.0,5.153278750915566,3.2814584386098744,0.0,-8.285418730739947,13.011614526389604,97.56591370194448,54.95916722695979,152.5250809289043
11.144000000000391,9.81,3.93,1,1,0.01,0.01,-5.283835164534396,4.5473347289110535,5.9586659329130285,-3.3508408376334824,-8.436926129503345,49.70145502308177,0.0,0.16942008727646196,0.718327246826865,0.0,5.1546776912541485,3.260276572617816,0.0,-8.502230367893574,13.442496741340744,97.18258597629145,55.341551420094135,152.52413739638558
11.146000000000392,9.81,3.93,1,1,0.01,0.01,-5.271934868335518,4.540732356765658,5.94154783853394,-3.251577411824084,-8.684212391228696,49.563140078771,0.0,0.17973087175118607,0.7248266769763066,0.0,5.156120640094172,3.2391708282659466,0.0,-8.713272876802373,13.869810672166503,96.80063837544016,55.722572832775285,152.52321120821546
11.148000000000392,9.81,3.93,1,1,0.01,0.01,-5.260069315036932,4.534328239364695,5.923916999280802,-3.152583897248836,-8.94959892625873,49.4314129837091,0.0,0.19004458943789815,0.7312839771402209,0.0,5.157611427609718,3.2181475945345603,0.0,-8.918557941206007,14.293457650445719,96.42009225552135,56.10220978292007,152.5223020384414
11.150000000000393,9.81,3.93,1,1,0.01,0.01,-5.248239566040101,4.5281218495432825,5.905737649235654,-3.05384789282265,-9.23264836414127,49.30550423349382,0.0,0.20036133965007796,0.737699318718787,0.0,5.15915363940627,3.19721325234113,0.0,-9.118098558460803,14.713335536158647,96.04096912592911,56.480440447780985,152.5214095737101
11.152000000000394,9.81,3.93,1,1,0.01,0.01,-5.236446753392555,4.522112683420031,5.886974913855874,-2.9553585060570398,-9.532906507449999,49.18467458167895,0.0,0.21068122862177252,0.7440728858603226,0.0,5.160750608998885,3.1763741669325647,0.0,-9.311909316321401,15.129339035506744,95.66329063933632,56.857242873184134,152.52053351252044
11.154000000000394,9.81,3.93,1,1,0.01,0.01,-5.2246920779707375,4.516300257439755,5.86759484474632,-2.85710629343545,-9.849901242421517,49.068214171530144,0.0,0.22100436899583997,0.7504048754214828,0.0,5.162405410296582,3.15563667928877,0.0,-9.50000664906686,15.541360019319379,95.28707857988734,57.232594984615176,152.5196735645025
11.156000000000395,9.81,3.93,1,1,0.01,0.01,-5.212976807591229,4.510684105533803,5.8475644564377856,-2.7590832023908485,-10.183141622122506,48.95544179964475,0.0,0.23133087929726492,0.7566954969093288,0.0,5.164120850189538,3.1350070965839403,0.0,-9.682409072501253,15.949287842394929,94.91235484964737,57.60647460007324,152.5188294497206
11.158000000000396,9.81,3.93,1,1,0.01,0.01,-5.201302275046711,4.505263776395034,5.826851764825982,-2.661282514635754,-10.532117122864895,48.84570429768602,0.0,0.24166088339181357,0.7629449724034154,0.0,5.165899461335379,3.114491681756116,0.0,-9.859137397389588,16.353009664064533,94.5391414533922,57.97885944460528,152.51800089799747
11.160000000000396,9.81,3.93,1,1,0.01,0.01,-5.189669876063671,4.500038830864965,5.805425826923923,-2.563698790621527,-10.896297074462309,48.73837601929829,0.0,0.2519945099305537,0.7691535364561666,0.0,5.16774349523996,3.0940966422404674,0.0,-10.030214920937796,16.752410770208478,94.16746048183076,58.349727166428565,152.51718764825932
11.162000000000397,9.81,3.93,1,1,0.01,0.01,-5.178081067179581,4.495008839431051,5.783256781579633,-2.46632781492888,-11.275130264674122,48.6328584200014,0.0,0.26233189178089145,0.7753214359699361,0.0,5.169654915726528,3.0738281179264493,0.0,-10.195667595986986,17.147374896896885,93.79733409335316,58.71905535454396,152.51638944789713
11.164000000000398,9.81,3.93,1,1,0.01,0.01,-5.1665373635379686,4.490173379832385,5.760315890810733,-2.369166542415285,-11.66804471782712,48.52857971853615,0.0,0.2726731654450364,0.7814489300492544,0.0,5.171635392885351,3.053692168404339,0.0,-10.355524177669448,17.537784555769303,93.42878449440988,59.08682155773607,152.51560605214596
11.166000000000398,9.81,3.93,1,1,0.01,0.01,-5.155040336600489,4.485532034772483,5.736575581407946,-2.272213044967382,-12.074447647143593,48.42499462874798,0.0,0.2830184704668859,0.7875362898269223,0.0,5.173686297593173,3.0336947595714503,0.0,-10.509816347361566,17.923521361208532,93.061833918626,59.45300330485164,152.51483722347763
11.168000000000399,9.81,3.93,1,1,0.01,0.01,-5.143591611775814,4.481084389738072,5.712009486461016,-2.1754664587277506,-12.493725579754187,48.321584151672084,0.0,0.2933679488286287,0.7935837982627275,0.0,5.175808696688742,3.013841749673939,0.0,-10.658578813871014,18.30446635930514,92.69650460476736,59.81757812624144,152.51408273100878
11.1700000000004,9.81,3.93,1,1,0.01,0.01,-5.132192865965823,4.476830030923035,5.686592486463223,-2.078926931685514,-12.92524465273749,48.217855418025835,0.0,0.3037217443383926,0.7995917499137555,0.0,5.178003348886719,2.9941388748646127,0.0,-10.801849391904302,18.680500358547846,92.33281877367372,60.18052357624684,152.51334234992055
11.1720000000004,9.81,3.93,1,1,0.01,0.01,-5.12084582503031,4.472768543256898,5.660300749654677,-1.9825955715393306,-13.36835107782365,48.11334157183019,0.0,0.31408000201054864,0.8055604506753957,0.0,5.1802707015076015,2.97459173436245,0.0,-10.939669057981108,19.051504262111816,91.9707986042848,60.5418172566068,152.5126158608916
11.174000000000401,9.81,3.93,1,1,0.01,0.01,-5.109552261172019,4.468899508537374,5.633111771270061,-1.8864743937593702,-13.822371771632957,48.00760168638256,0.0,0.3244428674403279,0.8114902174923451,0.0,5.182610888096144,2.9552057753036274,0.0,-11.072081984085608,19.41735940155287,91.61046620888442,60.90143684065718,152.51190304954162
11.176000000000402,9.81,3.93,1,1,0.01,0.01,-5.098313990244575,4.465222503666636,5.605004411363541,-1.790566269791947,-14.286615147506355,47.90022070428998,0.0,0.33481048617465226,0.817381378039078,0.0,5.185023726994611,2.935986277378429,0.0,-11.199135549476527,19.777947871648063,91.251843607697,61.25936009819051,152.5112037058875
11.178000000000402,9.81,3.93,1,1,0.01,0.01,-5.087132868986443,4.4617370989910725,5.575958930892331,-1.6948748753665799,-14.760372064134547,47.79080939375075,0.0,0.34518300308108496,0.8232342703694602,0.0,5.187508720930661,2.916938337351565,0.0,-11.320880331208345,20.13315286605511,90.89495270296793,61.61556492084145,152.5105176238094
11.180000000000403,9.81,3.93,1,1,0.01,0.01,-5.07601079218472,4.458442856744348,5.545957025750816,-1.5994046388803933,-15.242916925320284,47.6790043137513,0.0,0.35556056171704165,0.8290492425353638,0.0,5.19006505767223,2.8980668535670002,0.0,-11.437370074050893,20.482859013392055,90.5398152526675,61.9700293478605,152.509844600528
11.182000000000404,9.81,3.93,1,1,0.01,0.01,-5.064949689773157,4.45533932959363,5.51498185845937,-1.5041606898489697,-15.733508924323875,47.564467781320836,0.0,0.36594330370140327,0.8348266521743681,0.0,5.192691611793969,2.879376510540509,0.0,-11.548661640625019,20.82695271326748,90.18645284395562,62.32273159213766,152.50918443609328
11.184000000000404,9.81,3.93,1,1,0.01,0.01,-5.053951523869387,4.452426059288842,5.4830180872259975,-1.4091488074259937,-16.231393425362384,47.44688783446708,0.0,0.37633136809082335,0.8405668660668079,0.0,5.195386947591286,2.8608717637451817,0.0,-11.65481494270094,21.16532247171833,89.83488686654917,62.673650066335284,152.50853693288445
11.186000000000405,9.81,3.93,1,1,0.01,0.01,-5.043018285756875,4.449702575414801,5.450051892114634,-1.3143753690063018,-16.735803473966445,47.32597818489885,0.0,0.38672489076301364,0.8462702596626879,0.0,5.198149323169052,2.842556824695824,0.0,-11.755892854727398,21.49785923543965,89.48513848612829,63.02276340899198,152.50790189512026
11.188000000000406,9.81,3.93,1,1,0.01,0.01,-5.03215199281764,4.447168394246044,5.416070998071389,-1.2198472989382478,-17.245961427064007,47.20147815513349,0.0,0.39712400380942325,0.8519372165791396,0.0,5.2009766957228045,2.824435646438724,0.0,-11.851961110775914,21.82445672411811,89.13722861792583,63.370050510457176,152.507279128383
11.190000000000406,9.81,3.93,1,1,0.01,0.01,-5.021354685422254,4.44482301770409,5.381064694579077,-1.12557201738161,-17.761080692862272,47.07315259507892,0.0,0.4075288349396654,0.8575681280693579,0.0,5.203866728020458,2.8065119095522206,0.0,-11.943088186188813,22.14501176010981,88.79117790063276,63.71549053852031,152.50666843915306
11.192000000000407,9.81,3.93,1,1,0.01,0.01,-5.01062842378408,4.442665932416807,5.345023851731003,-1.0315573893565801,-18.280367569857383,46.94079177368261,0.0,0.4179395069001255,0.8631633924641319,0.0,5.206816796082736,2.788789008762203,0.0,-12.02934516531474,22.459424594633514,88.44700667075863,64.05906296359952,152.50606963435814
11.194000000000408,9.81,3.93,1,1,0.01,0.01,-4.999975284785109,4.440696608879438,5.307940932536973,-0.9378116740376918,-18.803023173621845,46.80421124174431,0.0,0.42835613690911045,0.8687234145873038,0.0,5.209823998050471,2.7712700402740005,0.0,-12.110805596796718,22.76759922958542,88.1047349375759,64.40074758335885,152.50548252093475
11.196000000000408,9.81,3.93,1,1,0.01,0.01,-4.989397358781078,4.438914500716756,5.269810001297852,-0.8443434743538393,-19.328245439414204,46.66325166249635,0.0,0.4387788361109112,0.8742486051467004,0.0,5.212885164216748,2.753957789918829,0.0,-12.187545337945455,23.069443734018677,87.7643823587763,64.74052454662797,152.50490690540425
11.198000000000409,9.81,3.93,1,1,0.01,0.01,-4.978896746393899,4.437319044045641,5.230626727909421,-0.7511616869618223,-19.855231188135985,46.517778607068166,0.0,0.4492077090510812,0.879739380102237,0.0,5.215996868192104,2.736854722208651,0.0,-12.259642389783373,23.364870554276404,87.42596821696308,65.0783743765017,152.5043425934648
11.20000000000041,9.81,3.93,1,1,0.01,0.01,-4.968475555299645,4.435909656937295,5.190388387981677,-0.6582754526661098,-20.383178242730523,46.36768231245851,0.0,0.459642853175128,0.8851961600131211,0.0,5.21915543916095,2.7199629703879067,0.0,-12.32717672438012,23.653796816715964,87.08951139709262,65.41427799250467,152.50378938959727
11.20200000000041,9.81,3.93,1,1,0.01,0.01,-4.958135897020554,4.4346857389780885,5.149093858685889,-0.5656941073617596,-20.911287581789427,46.212877400146965,0.0,0.4700843583527919,0.890619369366229,0.0,5.222356975178018,2.70328432756486,0.0,-12.390230106121631,23.936144621921006,86.75503036497715,65.7482167317124,152.50324709668956
11.204000000000411,9.81,3.93,1,1,0.01,0.01,-4.94787988372967,4.433646670927946,5.106743610268424,-0.4734271335806639,-21.4387655169087,46.05330255397991,0.0,0.48053230642989725,0.8960094358878793,0.0,5.225597357444567,2.686820238998048,0.0,-12.448885908555784,24.21184132926478,86.42254314694988,66.08017236872664,152.50271551567653
11.206000000000412,9.81,3.93,1,1,0.01,0.01,-4.937709625076815,4.4327918144749585,5.063339693197409,-0.3814841127235275,-21.96482588021919,45.888920156456535,0.0,0.4909867708096904,0.901366789841403,0.0,5.228872265495332,2.6705717956059716,0.0,-12.503228928444567,24.480819830664032,86.09206731078605,66.41012713441272,152.50219444519877
11.208000000000412,9.81,3.93,1,1,0.01,0.01,-4.9276272250446445,4.432120512084784,5.018885720935481,-0.2898746780612464,-22.488692208515506,45.71971588302722,0.0,0.5014478160654043,0.9066918633129991,0.0,5.232177193219451,2.654539728759717,0.0,-12.553345198620887,24.743018812351114,85.7636199479666,66.73806373331371,152.50168368128033
11.210000000000413,9.81,3.93,1,1,0.01,0.01,-4.917634778843517,4.431632086943196,4.973386848358912,-0.19860846858965953,-23.009599910514908,45.54569825448321,0.0,0.5119154975856279,0.911985089488514,0.0,5.2355074656311,2.638724406409264,0.0,-12.599321801200558,24.998383003489476,85.43721765735788,67.0639653596665,152.50118301702437
11.212000000000414,9.81,3.93,1,1,0.01,0.01,-4.907734369853846,4.4313258429900095,4.926849745870146,-0.10769508382102976,-23.526798404004232,45.36689814797245,0.0,0.5223898612538991,0.9172469019238282,0.0,5.238858256299304,2.6231258305848826,0.0,-12.641246682637476,25.246863410469746,85.11287653037763,67.38781571195301,152.50069224233064
11.214000000000414,9.81,3.93,1,1,0.01,0.01,-4.897928066624464,4.431201065042413,4.879282569276963,-0.017144039594107596,-24.039553209964613,45.18336826760719,0.0,0.5328709431637355,0.9224777338116658,0.0,5.242224605340544,2.6077436363050768,0.0,-12.679208472031883,25.488417535745793,84.79061213769972,67.70959900593189,152.50021114363162
11.216000000000415,9.81,3.93,1,1,0.01,0.01,-4.888217919935392,4.431257019005595,4.830694925536842,0.07303527501772097,-24.547147991208817,44.99518257604332,0.0,0.5433587693701416,0.9276780172476357,0.0,5.245601437873232,2.5925770919124753,0.0,-12.713296304011614,25.72300958010747,84.4704395175474,68.02929998610384,152.49973950365126
11.218000000000416,9.81,3.93,1,1,0.01,0.01,-4.87860595993315,4.431492952168398,4.781097834489541,0.16283363962384853,-25.04888652361104,44.802435688797246,0.0,0.553853355678398,0.9328481824983916,0.0,5.248983582829302,2.5776251008485715,0.0,-12.743599647403018,25.950610627335518,84.15237316560888,68.34690393557536,152.49927710118425
11.220000000000416,9.81,3.93,1,1,0.01,0.01,-4.869094193346495,4.431908093581565,4.730503686724092,0.25224204318696775,-25.54409458865272,44.60524223342702,0.0,0.564354707470742,0.9379886572747802,0.0,5.252365792015462,2.562886204867822,0.0,-12.770208140795978,26.1711988102466,83.83642702660113,68.66239668429566,152.49882371089677
11.222000000000417,9.81,3.93,1,1,0.01,0.01,-4.859684600790149,4.432501654516027,4.678926197748258,0.3412517233788352,-26.032121776741736,44.40373617603687,0.0,0.5748628195713391,0.9430998660128525,0.0,5.25574275931492,2.5483585886812166,0.0,-12.793211435986679,26.384759457211086,83.5226144874987,68.97576461565167,152.49837910315037
11.224000000000418,9.81,3.93,1,1,0.01,0.01,-4.850379134163736,4.433272828998536,4.626380358648779,0.42985420455863654,-26.51234319157673,44.198070117864475,0.0,0.5853776761497056,0.94818222916558,0.0,5.259109139919776,2.5340400860090493,0.0,-12.812699050154029,26.591285218313573,83.21094837243022,69.2869946714162,152.49794304384642
11.226000000000418,9.81,3.93,1,1,0.01,0.01,-4.8411797141527355,4.434220794421823,4.572882383449305,0.5180413343171074,-26.984161046716558,43.988414564980374,0.0,0.5958992506625334,0.9532361625080652,0.0,5.262459569484576,2.519928187012571,0.0,-12.828760227493406,26.790776170423864,82.90144093923892,69.5960743550543,152.49751529429324
11.228000000000419,9.81,3.93,1,1,0.01,0.01,-4.832088227837831,4.435344712226377,4.518449653389674,0.6058053185358636,-27.4470061464638,43.77495717436531,0.0,0.6064275058336694,0.9582620764589601,0.0,5.265788683092986,2.506020047064656,0.0,-12.841483810897797,26.983239900555667,82.5941038776934,69.90299173340244,152.49709561109586
11.23000000000042,9.81,3.93,1,1,0.01,0.01,-4.823106526418591,4.436643728650812,4.46310065836496,0.6931387549181335,-27.9003392441724,43.557901979833375,0.0,0.6169623936717371,0.9632603754207265,0.0,5.269091133931877,2.492312496810084,0.0,-12.850958124139453,27.168691567008093,82.28894830932275,70.20773543674369,152.49668374606642
11.23200000000042,9.81,3.93,1,1,0.01,0.01,-4.814236423056894,4.438116975547739,4.406854935775465,0.7800346649541974,-28.34365227213017,43.33746860143634,0.0,0.6275038555247405,0.9682314571412733,0.0,5.272361611570315,2.478802053457668,0.0,-12.857270864872735,27.347153937910893,81.98598478884365,70.51029465731295,152.49627944615662
11.234000000000421,9.81,3.93,1,1,0.01,0.01,-4.805479690845033,4.439763571261983,4.349733007049485,0.8664865242922475,-28.77646943823775,43.11389144212153,0.0,0.6380518221707506,0.9731757120993445,0.0,5.275594859745419,2.465484933238199,0.0,-12.860509008646785,27.518657406928764,81.68522330713984,70.81065914627106,152.4958824534109
11.236000000000422,9.81,3.93,1,1,0.01,0.01,-4.796838060902872,4.441582621567917,4.291756312109107,0.9524882914930328,-29.19834818579054,42.887418875511784,0.0,0.6486062139435851,0.9780935229159389,0.0,5.278785693561725,2.4523570649548687,0.0,-12.860758723990338,27.683239986016765,81.38667329574275,71.1088192091976,152.49549250494036
11.238000000000422,9.81,3.93,1,1,0.01,0.01,-4.788313220607902,4.443573220662691,4.232947142055631,1.0380344351544641,-29.608880013764683,42.658312428747095,0.0,0.6591669408922389,0.9829852637938599,0.0,5.281929016016699,2.4394141045463975,0.0,-12.858105298511568,27.840947275261833,81.09034363275869,71.40476570015736,152.49510933291606
11.240000000000423,9.81,3.93,1,1,0.01,0.01,-4.779906811961467,4.445734452212064,4.173328570355295,1.1231199594002725,-30.00769115609286,42.42684596435966,0.0,0.6697339029726095,0.98785129998733,0.0,5.285019833771361,2.426651450577144,0.0,-12.852633075842197,27.99183240998888,80.79624265017951,71.69849001440201,152.49473266458153
11.242000000000424,9.81,3.93,1,1,0.01,0.01,-4.771620430093889,4.448065390445583,4.11292438280795,1.2077404277347674,-30.394443119487505,42.19330486515986,0.0,0.680306990269961,0.9926919873034492,0.0,5.288053272091917,2.4140642605639293,0.0,-12.844425403152988,28.13595598545376,80.50437814250809,71.9899840797754,152.49436222228348
11.244000000000424,9.81,3.93,1,1,0.01,0.01,-4.763455621910632,4.450565101297845,4.051759006581143,1.291891985273676,-30.768833080411486,41.95798522608524,0.0,0.6908860832503758,0.9975076716370612,0.0,5.29102458889586,2.401647468045061,0.0,-12.83356458887235,28.273385959588623,80.2147573766258,72.27924034689372,152.4939977235195
11.246000000000425,9.81,3.93,1,1,0.01,0.01,-4.755413884881103,4.4532326435926075,3.989857438589891,1.3755713793689015,-31.130594142804203,41.72119305691243,0.0,0.70147105303936,1.0022986885404217,0.0,5.293929187843814,2.3893958002942797,0.0,-12.820131870157885,28.404197534404616,79.92738710282407,72.56625177817827,152.49363888100234
11.248000000000426,9.81,3.93,1,1,0.01,0.01,-4.7474966659711155,4.45606707026657,3.9272451734982035,1.4587759786527634,-31.479495459131922,41.48324349965384,0.0,0.7120617617256246,1.0070653628288637,0.0,5.296762630426381,2.3773037965800765,0.0,-12.804207389597584,28.52847301679112,79.64227356691768,72.8510118358205,152.4932854027382
11.250000000000426,9.81,3.93,1,1,0.01,0.01,-4.7397053607194986,4.459067429629686,3.8639481316123847,1.5415037905348326,-31.81534221824193,41.24446006436301,0.0,0.7226580626880161,1.0118080082234404,0.0,5.299520647003787,2.36536582686991,0.0,-12.785870180558412,28.64630165958085,79.35942252335798,73.13351446876258,152.49293699212058
11.252000000000427,9.81,3.93,1,1,0.01,0.01,-4.732041312458817,4.462232766658948,3.7999925869283016,1.623753477191799,-32.1379755043468,41.00517388694843,0.0,0.7332598009434219,1.01652692703134,0.0,5.3021991467643,2.3535761108782416,0.0,-12.76519816054918,28.757779483870102,79.0788392492563,73.41375409877801,152.49259334803432
11.254000000000428,9.81,3.93,1,1,0.01,0.01,-4.724505811679622,4.465562124322702,3.735405095585381,1.705524370097882,-32.44727203225075,40.76572301246158,0.0,0.7438668135135154,1.0212224098646598,0.0,5.304794226575847,2.3419287373584563,0.0,-12.742268131930514,28.863009083696245,78.80052855923378,73.69172560573932,152.4922541649731
11.256000000000428,9.81,3.93,1,1,0.01,0.01,-4.717100095537193,4.469054544932587,3.6702124249691344,1.7868164831500657,-32.743143764640905,40.52645170716882,0.0,0.7544789298080633,1.0258947353979273,0.0,5.307302178713554,2.3304176835396873,0.0,-12.717155789276365,28.962099414277258,78.52449482100604,73.96742431215931,152.49191913316537
11.258000000000429,9.81,3.93,1,1,0.01,0.01,-4.709825347499226,4.472709071520387,3.6044414836917142,1.8676305244489042,-33.025537417905255,40.28770980255301,0.0,0.7650959720225597,1.0305441701645575,0.0,5.309719497453962,2.319036834612227,0.0,-12.689935732679308,29.055165565109213,78.25074197161597,74.24084596709301,152.49158793870896
11.26000000000043,9.81,3.93,1,1,0.01,0.01,-4.702682697132509,4.476524749237146,3.538119252666516,1.947967906801755,-33.29443386350106,40.04985207421666,0.0,0.77571775554791,1.0351709683922556,0.0,5.31204288453452,2.30778000316804,0.0,-12.660681486286979,29.1423285192976,77.97927353422638,74.51198672948675,152.49126026371312
11.26200000000043,9.81,3.93,1,1,0.01,0.01,-4.695673220026177,4.480500626772071,3.471272717478286,2.0278307570210674,-33.54984743237939,39.813237658476666,0.0,0.7863440893899057,1.039775371877183,0.0,5.314269253484433,2.296640948506695,0.0,-12.629465521363853,29.223714900566232,77.7100926353859,74.7808431510597,152.49093578644562
11.264000000000431,9.81,3.93,1,1,0.01,0.01,-4.688797937848783,4.484635757788902,3.403928802234771,2.1072219240957435,-33.7918251303763,39.57822950925768,0.0,0.7969747765962285,1.044357609896521,0.0,5.316395732840043,2.2856133957212106,0.0,-12.59635928318694,29.29945670944234,77.4432020226829,75.04741215880054,152.49061418148344
11.266000000000432,9.81,3.93,1,1,0.01,0.01,-4.682057818536033,4.488929202377551,3.336114305069792,2.1861449863186255,-34.02044577280606,39.34519389770507,0.0,0.807609614688803,1.0489178991589325,0.0,5.318419668264473,2.27469105448348,0.0,-12.561433221109326,29.369691050158288,77.17860408270542,75.31169103716186,152.49029511986728
11.268000000000432,9.81,3.93,1,1,0.01,0.01,-4.675453776605745,4.493380028519039,3.2678558354508778,2.2646042574578122,-34.23581904674103,39.114499956756774,0.0,0.8182483960992888,1.053456443792217,0.0,5.320338623597518,2.2638676374538464,0.0,-12.524756821154034,29.434559849840507,76.91630085922623,75.57367741002925,152.48997826925546
11.270000000000433,9.81,3.93,1,1,0.01,0.01,-4.668986673596262,4.497987313561887,3.199179753427457,2.342604792063816,-34.43808450963506,38.88651927273371,0.0,0.8288909086056466,1.0579734353673635,0.0,5.32215038086716,2.253136878245652,0.0,-12.486398640540857,29.494209571571535,76.65629407153645,75.83336922254205,152.4896632940785
11.272000000000434,9.81,3.93,1,1,0.01,0.01,-4.6626573186243325,4.50275014570834,3.1301121109381635,2.420152390008512,-34.62741053305096,38.66162552583886,0.0,0.8395369357676996,1.0624690529580216,0.0,5.323852939299283,2.2424925488812013,0.0,-12.44642634358906,29.548790922916464,76.39858513285458,76.09076472283635,152.48934985569093
11.274000000000434,9.81,3.93,1,1,0.01,0.01,-4.656466469058238,4.507667625508986,3.0606785952782607,2.497253600355452,-34.80399320028499,38.44019418129281,0.0,0.8501862573597638,1.066943463234342,0.0,5.325444513366376,2.231928476682338,0.0,-12.40490673848853,29.598458561496116,76.14317516874024,76.34586244378045,152.4890376125207
11.276000000000435,9.81,3.93,1,1,0.01,0.01,-4.650414831301741,4.512738867364521,2.9909044748106033,2.5739157246644186,-34.968055166652455,38.222602232684395,0.0,0.8608386497984221,1.0713968205899707,0.0,5.326923529919998,2.2214385605448594,0.0,-12.361905814479968,29.64337079917111,75.89006503544749,76.59866118476472,152.48872622021221
11.278000000000436,9.81,3.93,1,1,0.01,0.01,-4.644503061684325,4.517963001033666,2.9208145469861293,2.65014681983611,-35.11984449111026,38.00922799898074,0.0,0.8714938865637128,1.0758292673009588,0.0,5.328288624454755,2.211016786553218,0.0,-12.31748877904121,29.68368930637002,75.63925533815552,76.84915999360895,152.4884153317645
11.280000000000436,9.81,3.93,1,1,0.01,0.01,-4.638731767453032,4.523339173146381,2.8504330887226375,2.725955700605626,-35.25963344775003,37.80045097652113,0.0,0.8821517386119991,1.0802409337151935,0.0,5.329538636554321,2.200657242898047,0.0,-12.271720094728432,29.71957881805641,75.39074644902023,77.09735814864086,152.4881045976611
11.282000000000437,9.81,3.93,1,1,0.01,0.01,-4.633101507861162,4.5288665487218225,2.7797838091737317,2.801351941795951,-35.387717325506415,37.59665174721929,0.0,0.8928119747789558,1.0846319384709489,0.0,5.330672604571785,2.1903541340660753,0.0,-12.224663515378754,29.751206842779848,75.14453852499203,77.3432551409986,152.48779366599064
11.284000000000438,9.81,3.93,1,1,0.01,0.01,-4.627612795349028,4.5345443126906595,2.7088898049033445,2.8763458804450166,-35.50441322419395,37.39821194411885,0.0,0.9034743621712064,1.0890023887430642,0.0,5.33168975959816,2.1801017942785355,0.0,-12.176382121436053,29.778743376200485,74.9006315253543,77.58685065720374,152.48748218255804
11.286000000000438,9.81,3.93,1,1,0.01,0.01,-4.622266096811951,4.540371671421608,2.637773517465287,2.950948617922135,-35.61005885471867,37.2055142753867,0.0,0.9141386665452107,1.0933523805152292,0.0,5.332589518773536,2.169894700160389,0.0,-12.126938354215548,29.802360620412895,74.65902522893543,77.82814456204781,152.48716979098324
11.288000000000439,9.81,3.93,1,1,0.01,0.01,-4.617061834950716,4.54634785425229,2.566456693371878,3.0251720221517373,-35.705011351014214,37.01894260779556,0.0,0.9248046526721786,1.0976819988768365,0.0,5.333371477995673,2.1597274826293367,0.0,-12.076394048978438,29.82223271032584,74.41971925095768,78.06713688183032,152.486856132788
11.29000000000044,9.81,3.93,1,1,0.01,0.01,-4.612000389699712,4.552472115024752,2.49496034642091,3.0990287300644344,-35.78964610093226,36.838882110737636,0.0,0.9354720846878273,1.1019913183428098,0.0,5.3340354040805895,2.1495949379993116,0.0,-12.02481046673781,29.838535448281213,74.18271305948659,78.30382778798125,152.48654084746784
11.29200000000044,9.81,3.93,1,1,0.01,0.01,-4.607082099728101,4.558743733626203,2.423304722336103,3.172532150397515,-35.864355602979664,36.665719461826484,0.0,0.9461407264259702,1.106280403194872,0.0,5.334581226428803,2.139492038299265,0.0,-11.972248324768332,29.851446048017188,73.94800599145083,78.53821758109905,152.48622357254987
11.294000000000441,9.81,3.93,1,1,0.01,0.01,-4.602307264009444,4.565162017535815,2.3515092656627403,3.245696466969151,-35.92954835544658,36.49984311519252,0.0,0.9568103417349685,1.1105493078426507,0.0,5.335009028249822,2.129413940813297,0.0,-11.918767825837666,29.861142889001407,73.71559726820647,78.77030667542688,152.48590394363333
11.296000000000442,9.81,3.93,1,1,0.01,0.01,-4.5976761434553355,4.57172630337865,2.279592588847462,3.318536642552861,-35.985647784115486,36.34164363365101,0.0,0.9674806947762497,1.1147980772031063,0.0,5.335319037395676,2.1193559968537996,0.0,-11.864428686223771,29.867805282077747,73.48548601062384,79.0000955837902,152.48558159441404
11.298000000000442,9.81,3.93,1,1,0.01,0.01,-4.593188962608759,4.578435958488039,2.2075724434191533,3.3910684234812427,-36.03309121438806,36.19151408602972,0.0,0.9781515503041321,1.1190267470967474,0.0,5.3355116168523375,2.1093137597838285,0.0,-11.809290162621442,29.8716132472886,73.2576712536785,79.22758490301118,152.48525615668967
11.300000000000443,9.81,3.93,1,1,0.01,0.01,-4.588845911393064,4.585290382478013,2.1354656931765508,3.4633083451106925,-36.07232889331883,36.049850511083584,0.0,0.9888226739263266,1.123235344659148,0.0,5.335587254935473,2.099282992309746,0.0,-11.753411078080761,29.87274730465312,73.03215196053264,79.45277529981318,152.48492726034584
11.302000000000444,9.81,3.93,1,1,0.01,0.01,-4.584647146912644,4.592289008827633,2.0632882892775406,3.5352737382818615,-36.103823066708664,35.91705244959963,0.0,0.9994938323445788,1.1274238887663603,0.0,5.335546555234151,2.089259673069442,0.0,-11.696849847155136,29.871388278600712,72.80892703609597,79.67566749722616,152.48459453332214
11.304000000000444,9.81,3.93,1,1,0.01,0.01,-4.580592795301628,4.59943130647935,1.9910552471151501,3.6069827369139986,-36.128047116090194,35.79352354650849,0.0,1.0101647935749685,1.131592390472791,0.0,5.335390226343357,2.0792400025451796,0.0,-11.639664500467536,29.867717116682787,72.58799534006039,79.89626226149613,152.48425760155652
11.306000000000445,9.81,3.93,1,1,0.01,0.01,-4.576682953617142,4.6067167814538115,1.9187806248558636,3.678454286875221,-36.14548476013896,35.679672225071016,0.0,1.020835327147509,1.1357408534602835,0.0,5.335119071422608,2.0692204083339893,0.0,-11.581912708933958,29.861914723108548,72.36935569940299,80.11456038950476,152.48391608890773
11.308000000000446,9.81,3.93,1,1,0.01,0.01,-4.572917691773933,4.6141449784837985,1.8464775035071122,3.749708156275168,-36.1566293247698,35.57591243550293,0.0,1.0315052042847022,1.1398692744971104,0.0,5.334733977614772,2.059197549811479,0.0,-11.523651807907624,29.854161807581228,72.15300692035788,80.33056269669606,152.48356961705394
11.310000000000446,9.81,3.93,1,1,0.01,0.01,-4.569297054517454,4.621715482670303,1.7741579683725093,3.8207649473315626,-36.16198308593506,35.482664480740425,0.0,1.042174198058826,1.1439776439057208,0.0,5.3342359053553405,2.049168322228193,0.0,-11.464938821532725,29.844638749842957,71.93894779985894,80.54427000550834,152.48321780536727
11.312000000000447,9.81,3.93,1,1,0.01,0.01,-4.5658210634327725,4.629427921164037,1.7018330917455948,3.891646109967974,-36.16205668893199,35.40035592243618,0.0,1.052842083527757,1.1480659460381473,0.0,5.333625877598641,2.0391298602801498,0.0,-11.405830487616953,29.833525480274933,71.72717713645868,80.755683134305,152.4828602707637
11.314000000000448,9.81,3.93,1,1,0.01,0.01,-4.562489718986979,4.637281964876011,1.6295129166854048,3.9623739573066974,-36.157368647855776,35.329422570714726,0.0,1.0635086378491747,1.152134159758067,0.0,5.332904968983465,2.0290795411975786,0.0,-11.346383283351601,29.821001376842865,71.5176937407293,80.9648028867964,152.4824966275257
11.316000000000448,9.81,3.93,1,1,0.01,0.01,-4.559303002603102,4.645277330221127,1.5572064417100513,4.032971683228206,-36.148444928706375,35.270309561711386,0.0,1.074173640373046,1.1561822589285822,0.0,5.3320742949564615,2.019014987398044,0.0,-11.28665345222596,29.80724517862682,71.31049644515691,81.17163004194093,152.48212648709784
11.318000000000449,9.81,3.93,1,1,0.01,0.01,-4.556260878763861,4.653413780899115,1.484921606237572,4.103463382177222,-36.13581861957552,35.223472527475415,0.0,1.0848368727123503,1.1602102129049308,0.0,5.331135000867379,2.008934068752282,0.0,-11.226697032500816,29.792434916130222,71.1055841135396,81.37616534431473,152.48174945785433
11.32000000000045,9.81,3.93,1,1,0.01,0.01,-4.553363297143933,4.66169112971748,1.4126652765964913,4.173874071405226,-36.120029691308524,35.189378863439906,0.0,1.095498118791948,1.1642179870313654,0.0,5.3300882510459555,1.9988349045123082,0.0,-11.166569887619028,29.77674785852492,70.90295564990255,81.57840949493345,152.481365144836
11.32200000000045,9.81,3.93,1,1,0.01,0.01,-4.550610194769786,4.670109240461537,1.340443232421738,4.244229715850319,-36.1016248520589,35.168509099359056,0.0,1.1061571648756134,1.168205543141597,0.0,5.328935217865729,1.9887158649535333,0.0,-11.106327738950453,29.76036047795847,70.70261000694649,81.77836314251117,152.48097314945767
11.324000000000451,9.81,3.93,1,1,0.01,0.01,-4.548001498206493,4.678668029817024,1.2682601532446531,4.314557255867904,-36.081157499234386,35.16135838038675,0.0,1.116813799571167,1.1721728400622817,0.0,5.327677070795472,1.9785755727835508,0.0,-11.046026201281554,29.743448431025232,70.50454619404358,81.97602687513819,152.4805730691818
11.326000000000452,9.81,3.93,1,1,0.01,0.01,-4.545537125771333,4.6873674693512095,1.1961196050786922,4.384884638039864,-36.0591877724803,35.168438065840796,0.0,1.127467813813706,1.176119834119135,0.0,5.326314965434333,1.968412904372003,0.0,-10.985720821479077,29.7261865574873,70.3087632848002,82.17140121235917,152.48016449715936
11.328000000000452,9.81,3.93,1,1,0.01,0.01,-4.5432169897744,4.696207587558906,1.1240240267949304,4.455240849305937,-36.03628271155667,35.19027745415811,0.0,1.138119000826882,1.180046479645373,0.0,5.324850032521944,1.9582269908570278,0.0,-10.925467120774027,29.708748896321655,70.11526042420488,82.36448659763086,152.47974702183575
11.330000000000453,9.81,3.93,1,1,0.01,0.01,-4.541040998786849,4.705188471980276,1.0519747160734971,4.525655954679068,-36.01301652325534,35.22742564362577,0.0,1.1487671560621624,1.1839527294922862,0.0,5.323283366909765,1.9480172191851275,0.0,-10.865320641132495,29.691308719168603,69.92403683538028,82.55528339113839,152.47932022651867
11.332000000000454,9.81,3.93,1,1,0.01,0.01,-4.539009059937843,4.7143102713978955,0.979971814708413,4.5961611388268615,-35.98997096186865,35.280453539671264,0.0,1.159412077115981,1.1878385355418772,0.0,5.321616016474929,1.937783233142727,0.0,-10.805336996202891,29.674038581263297,69.73509182596032,82.74379186294794,152.47888368890827
11.334000000000454,9.81,3.93,1,1,0.01,0.01,-4.537121081241735,4.723573198121091,0.9080142930338495,4.66678875182413,-35.967735828175435,35.34995602083541,0.0,1.1700535636246465,1.1917038492216019,0.0,5.3198489709524575,1.9275249344390453,0.0,-10.74557192735448,29.657110389946077,69.5484247941133,82.93001218647291,152.4784369805862
11.336000000000455,9.81,3.93,1,1,0.01,0.01,-4.535376973957475,4.732977530366228,0.8360999332293614,4.737572359407272,-35.94690959245831,35.43655427704867,0.0,1.1806914171368061,1.1955486220213807,0.0,5.31798315065624,1.9172424839014675,0.0,-10.6860813653518,29.640695490869938,69.3640352342314,83.11394443222974,152.47797966646112
11.338000000000456,9.81,3.93,1,1,0.01,0.01,-4.533776654982735,4.7425236147423115,0.7642253112499843,4.808546798090063,-35.928100147717615,35.540898335504714,0.0,1.1913254409632115,1.1993728060131525,0.0,5.3160193950534405,1.9069363028463315,0.0,-10.626921498243817,29.62496477205454,69.18192274231077,83.29558856185892,152.4775113041697
11.340000000000456,9.81,3.93,1,1,0.01,0.01,-4.5323200492857785,4.752211868851996,0.6923857771140134,4.879748235532914,-35.91192570001272,35.6636697913009,0.0,1.201955440003464,1.203176354373416,0.0,5.313958451150623,1.8966070746901742,0.0,-10.56814884608702,29.610088785973655,69.00208702104123,83.4749444223871,152.47703144342833
11.342000000000457,9.81,3.93,1,1,0.01,0.01,-4.53100709237862,4.762042784018947,0.6205754332665485,4.951214236594008,-35.899015803752036,35.805584762116,0.0,1.212581220549296,1.206959221909277,0.0,5.311800961643681,1.8862557468684966,0.0,-10.509820343166554,29.596237889912405,68.82452788463021,83.65201174070457,152.4765396253348
11.344000000000458,9.81,3.93,1,1,0.01,0.01,-4.529837732835638,4.772016928153372,0.5487871107202417,5.0229838355316065,-35.89001255078478,35.967397088560844,0.0,1.223202590063885,1.2107213655887041,0.0,5.30954745277638,1.8758835331321042,0.0,-10.45199342843477,29.583582404885465,68.64924526338196,83.8267901182326,152.47603538161457
11.346000000000458,9.81,3.93,1,1,0.01,0.01,-4.528811934862387,4.782134948768531,0.4770123426558211,5.0950976148727,-35.88557192333174,36.149901804489375,0.0,1.2338193569365297,1.2144627450758128,0.0,5.307198321844874,1.8654919162938215,0.0,-10.394726144946699,29.57229279347313,68.47623920805415,83.99927902575503,152.47551823380917
11.348000000000459,9.81,3.93,1,1,0.01,0.01,-4.52792968092003,4.7923975761621245,0.4052413351435585,5.167597791514651,-35.88636532215532,36.3539389045572,0.0,1.2444313302119432,1.2181833232721528,0.0,5.3047538242773715,1.8550826515023782,0.0,-10.33807724914604,29.562539857007575,68.30550989401516,84.16947779838762,152.47498769240278
11.35000000000046,9.81,3.93,1,1,0.01,0.01,-4.52719097441151,4.802805626777619,0.3334629346225262,5.240528310684401,-35.89308128292408,36.58039743968993,0.0,1.255038319293204,1.221883066865146,0.0,5.302214060208929,1.8446577701241313,0.0,-10.282106330936209,29.554494952624502,68.13705762522184,84.33738563065926,152.4744432558811
11.35200000000046,9.81,3.93,1,1,0.01,0.01,-4.526595842436322,4.813360006761937,0.26166459174684065,5.313934948444862,-35.90642739550713,36.83021997494803,0.0,1.2656401336172909,1.2255619468849557,0.0,5.2995789604616235,1.834219584318514,0.0,-10.226873945568714,29.548330230791795,67.97088283804162,84.50300157167803,152.47388440971963
11.354000000000461,9.81,3.93,1,1,0.01,0.01,-4.526144338621585,4.824061715737317,0.18983232117663096,5.3878654235113075,-35.92713244296473,37.104407448603695,0.0,1.2762365823018973,1.2292199392712837,0.0,5.296848271829142,1.8237706923986485,0.0,-10.172441758490589,29.544218894030628,67.80698610493796,84.66632452035546,152.47331062529344
11.356000000000462,9.81,3.93,1,1,0.01,0.01,-4.525836546037955,4.834911850806827,0.11795065685567459,5.462369519223058,-35.955948779318334,37.40402447615799,0.0,1.286827473762038,1.2328570254517515,0.0,5.294021541552581,1.8133139850754219,0.0,-10.118872704421118,29.542335477661744,67.64536813804177,84.82735322066219,152.47272135870395
11.358000000000462,9.81,3.93,1,1,0.01,0.01,-4.525672580209915,4.845911610814743,0.04600260227688861,5.537499216608633,-35.993654967829286,37.73020514861179,0.0,1.2974126152946959,1.2364731929337374,0.0,5.291098100860406,1.8028526526909454,0.0,-10.066231162074159,29.542856153537677,67.48602979262792,84.98608625688752,152.47211604951542
11.360000000000463,9.81,3.93,1,1,0.01,0.01,-4.525652592230992,4.857062300885014,-0.026030424809549133,5.613308839587416,-36.0410587045381,38.08415938066818,0.0,1.3079918126294943,1.2400684359117689,0.0,5.28807704742994,1.7923901935564228,0.0,-10.014583146111933,29.545959057863016,67.32897207051627,85.14252204887569,152.47149411939196
11.362000000000464,9.81,3.93,1,1,0.01,0.01,-4.525776771995615,4.868365337263221,-0.09816865384355114,5.68985521346933,-36.09900005526872,38.46717987180216,0.0,1.3185648694431018,1.2436427558927976,0.0,5.28495722661008,1.7819304235199835,0.0,-9.963996518111472,29.551824644358987,67.17419612341779,85.29665884721155,152.47085497062932
11.364000000000464,9.81,3.93,1,1,0.01,0.01,-4.526045351560555,4.879822252489903,-0.17043402971631916,5.76719783804798,-36.16835503825614,38.880649751434795,0.0,1.3291315868346891,1.2471961623419525,0.0,5.281737211224859,1.77147748690192,0.0,-9.914541218547816,29.56063606419739,67.02170325624131,85.44849472832729,152.47019798456859
11.366000000000465,9.81,3.93,1,1,0.01,0.01,-4.526458608650315,4.891434700935856,-0.24285028857250782,5.845399076734525,-36.250039589085866,39.32605098895741,0.0,1.339691762759416,1.2507286733516478,0.0,5.278415279754615,1.761035868948979,0.0,-9.866289522057983,29.572579574313338,66.87149493038122,85.59802758950241,152.46952251988364
11.368000000000466,9.81,3.93,1,1,0.01,0.01,-4.52701687032232,4.903204464733075,-0.31544304195892414,5.924524363351644,-36.345013949831895,39.804973660262476,0.0,1.3502451914164906,1.2542403163372746,0.0,5.274989392665138,1.750610409975529,0.0,-9.819316318547603,29.587844975905483,66.72357276699938,85.74525514372934,152.46882791072872
11.370000000000466,9.81,3.93,1,1,0.01,0.01,-4.527720516809488,4.915133460138429,-0.38823987021494216,6.0046424284025495,-36.45428753025796,40.31912617498625,0.0,1.360791662587808,1.2577311287629906,0.0,5.271457166625214,1.7402063213778738,0.0,-9.773699423044922,29.60662608515103,66.57793855031821,85.89017491441483,152.46811346473305
11.372000000000467,9.81,3.93,1,1,0.01,0.01,-4.528569985559655,4.927223744371043,-0.4612704261022596,6.085825546852518,-36.578924295828635,40.87034658312435,0.0,1.3713309609226991,1.261201158901605,0.0,5.267815846317976,1.7298292037300675,0.0,-9.729519917607256,29.629121238396976,66.43459423093742,86.03278422988998,152.4673784608274
11.374000000000468,9.81,3.93,1,1,0.01,0.01,-4.529565775493406,4.9394775229686285,-0.5345665497888652,6.168149809713996,-36.7200487452203,41.46061509637258,0.0,1.3818628651636204,1.2646504666329081,0.0,5.264062273511521,1.7194850671941935,0.0,-9.686862529043056,29.655533834344748,66.2935419291872,86.17308021769844,152.46662214688564
11.376000000000468,9.81,3.93,1,1,0.01,0.01,-4.530708451504263,4.951897157712918,-0.6081623964364189,6.251695422015896,-36.87885254920265,42.09206797885141,0.0,1.392387147306954,1.2680791242853684,0.0,5.260192853007454,1.7091803545073851,0.0,-9.64581604674884,29.68607291601866,66.15478393852698,86.3110597986352,152.46584373716217
11.378000000000469,9.81,3.93,1,1,0.01,0.01,-4.531998649227806,4.964485175179816,-0.6820945777943592,6.336547030068801,-37.05660193339737,42.76701298425269,0.0,1.402903571692224,1.2714872175266079,0.0,5.256203515031989,1.6989219668411493,0.0,-9.606473785578748,29.72095379560353,66.01832272899718,86.44671968050515,152.46504240950233
11.38000000000047,9.81,3.93,1,1,0.01,0.01,-4.53343708010929,4.977244275976087,-0.7564023193810961,6.422794081317236,-37.254645899768,43.487946542443865,0.0,1.4134118940121578,1.2748748463087498,0.0,5.252089673571057,1.6887172928678358,0.0,-9.568934099388464,29.76039872555114,65.88416095073015,86.58005635157343,152.46421730230358
11.38200000000047,9.81,3.93,1,1,0.01,0.01,-4.535024536802675,4.9901773447313955,-0.8311276350363476,6.510531220505678,-37.47442539605585,44.25757292882265,0.0,1.4239118602349023,1.278242125875421,0.0,5.247846180077057,1.6785742414140867,0.0,-9.533300951735669,29.804637619688876,65.75230143751992,86.71106607367804,152.46336751119796
11.384000000000471,9.81,3.93,1,1,0.01,0.01,-4.5367618989378,5.0032874609224764,-0.9063155208634136,6.5998587263859605,-37.71748355912256,45.07882568501552,0.0,1.4344032054284979,1.28158918783799,0.0,5.243467271888468,1.6685012781338426,0.0,-9.499684551204146,29.853908828416074,65.62274721044984,86.83974487497517,152.46249208542503
11.386000000000472,9.81,3.93,1,1,0.01,0.01,-4.538650139296708,5.016577910615206,-0.9820141708511463,6.69088299377106,-37.98547717772252,45.95489160077626,0.0,1.4448856524763194,1.284916181329592,0.0,5.238946514601809,1.6585074666950612,0.0,-9.468202059972992,29.908459972439434,65.49550148156953,86.96608854229092,152.46159002386045
11.388000000000472,9.81,3.93,1,1,0.01,0.01,-4.54069033044504,5.03005219922063,-1.058275216778707,6.783717066407006,-38.2801895431365,46.889237615283974,0.0,1.455358910670496,1.288223274246487,0.0,5.2342767375158115,1.64860251504555,0.0,-9.438978385604736,29.96854883987627,65.3705676576088,87.09009261304999,152.4606602706588
11.390000000000473,9.81,3.93,1,1,0.01,0.01,-4.542883651869955,5.04371406537268,-1.1351539953692225,6.878481226906257,-38.603544882986924,47.88564105280942,0.0,1.4658226741684937,1.2915106545875763,0.0,5.229449961125932,1.6387968274077156,0.0,-9.41214706762424,30.034444351931633,65.24794934370678,87.21175236675796,152.45970171046474
11.392000000000474,9.81,3.93,1,1,0.01,0.01,-4.5452313976823975,5.0575674960486925,-1.2127098460798311,6.97530365088077,-38.957624605180094,48.94822367451506,0.0,1.4762766202957867,1.294778531904235,0.0,5.224457315479771,1.6291015627499794,0.0,-9.387851272341706,30.106427602727017,65.12765034712862,87.33106281601212,152.45871316314074
11.394000000000474,9.81,3.93,1,1,0.01,0.01,-4.547734984948756,5.071616743069104,-1.2910064434057498,7.074321133453082,-39.344685616213724,50.08149010695149,0.0,1.4867204076750031,1.2980271388742821,0.0,5.219288948004291,1.6195287005986214,0.0,-9.366244911605456,30.184792979200996,65.00967468092796,87.44801869702182,152.4576933779498
11.396000000000475,9.81,3.93,1,1,0.01,0.01,-4.550395962725308,5.085866341130263,-1.3701121681472652,7.1756798975353115,-39.767181022154915,51.290371300952486,0.0,1.4971536741589002,1.3012567330157327,0.0,5.213933919178087,1.6100911151899158,0.0,-9.347493903817973,30.269849367300065,64.89402656750295,87.56261445962248,152.45664102712544
11.398000000000476,9.81,3.93,1,1,0.01,0.01,-4.553216021878366,5.1003211275444436,-1.4501005227558528,7.279536494680563,-40.22778357279186,52.58027378499458,0.0,1.5075760345410036,1.3044675985581373,0.0,5.208380084137239,1.6008026591236462,0.0,-9.33177759870458,30.361921450891863,64.78071044197586,87.67484425677236,152.45555469874822
11.400000000000476,9.81,3.93,1,1,0.01,0.01,-4.5561970057840195,5.114986263884357,-1.531050596656774,7.386058810966517,-40.729412271433866,53.957135608146274,0.0,1.5179870780136078,1.3076600484918428,0.0,5.20261395796181,1.5916782578701298,0.0,-9.319290391095095,30.46135110992182,64.66973095530568,87.78470193353175,152.45443288883743
11.402000000000477,9.81,3.93,1,1,0.01,0.01,-4.559340922014115,5.129867259756291,-1.613047588361992,7.495427192312585,-41.27526264657463,55.427490023723934,0.0,1.528386365337898,1.310834426818415,0.0,5.196620561978715,1.5827340167096329,0.0,-9.310243553497418,30.56849892423242,64.56109297702045,87.89218101553266,152.4532739925531
11.404000000000478,9.81,3.93,1,1,0.01,0.01,-4.562649955129708,5.144969998956999,-1.6961833922649496,7.607835705914668,-41.8688412695768,56.99853815085416,0.0,1.5387734256851826,1.3139911110288918,0.0,5.190383247919419,1.5739873419538437,0.0,-9.304867322679549,30.68374578908462,64.45480159742154,87.99727469696211,152.45207629438363
11.406000000000478,9.81,3.93,1,1,0.01,0.01,-4.566126480720319,5.160300768305478,-1.7805572592789667,7.723493557171598,-42.51400520764944,58.678232073605145,0.0,1.5491477531012734,1.3171305148405206,0.0,5.183883496167973,1.565457078622349,0.0,-9.303413282035757,30.80749464764442,64.35086212907795,88.09997582809957,152.45083795717753
11.408000000000479,9.81,3.93,1,1,0.01,0.01,-4.56977308084704,5.175866289482587,-1.8662765419815275,7.842626684654871,-43.215007227287586,60.47537010386596,0.0,1.5595088025378745,1.3202530912274293,0.0,5.177100683600238,1.5571636671356355,0.0,-9.306157089461545,30.940172344353815,64.24928010737594,88.20027690247619,152.44955700985213
11.41000000000048,9.81,3.93,1,1,0.01,0.01,-4.573592561070645,5.191673754260216,-1.9534575367034257,7.965479559435508,-43.976547714442695,62.39970625408648,0.0,1.5698559853849146,1.323359335786168,0.0,5.170011815617649,1.5491293220530922,0.0,-9.313401610119957,31.082231600973074,64.15006128983374,88.29817004375197,152.4482313335857
11.41200000000048,9.81,3.93,1,1,0.01,0.01,-4.577587969272748,5.207730863558704,-2.042226437110158,8.092317219546628,-44.80383445936951,64.46207635076392,0.0,1.5801886644259344,1.3264497904837125,0.0,5.162591215876642,1.5413782364492048,0.0,-9.325480525270628,31.234153113837205,64.05321165381369,88.39364699245013,152.44685864626382
11.414000000000481,9.81,3.93,1,1,0.01,0.01,-4.581762616509588,5.224045870837895,-2.132720416330631,8.223427575670675,-45.702651672903094,66.6745436830841,0.0,1.5905061481243363,1.3295250478433713,0.0,5.154810165856527,1.533936816205636,0.0,-9.34276250277315,31.396447766087103,63.95873739216785,88.48669909274275,152.4454364849106
11.416000000000482,9.81,3.93,1,1,0.01,0.01,-4.586120100175045,5.240627630405538,-2.2250888576770715,8.359124030470097,-46.67943986480025,69.05056764027869,0.0,1.6008076841309489,1.332585755633385,0.0,5.1466364847269235,1.5268339493295517,0.0,-9.36565603263526,31.56965894171351,63.86664490623962,88.57731727955212,152.44396218579175
11.418000000000482,9.81,3.93,1,1,0.01,0.01,-4.59066432979303,5.257485651318936,-2.3194947575694833,8.499748461540522,-47.741388533346715,71.60519946648488,0.0,1.6110924518822798,1.335632622134208,0.0,5.138034037884036,1.5201013164259711,0.0,-9.394615052909652,31.75436491835856,63.77694079548659,88.665492066324,152.4424328618106
11.420000000000483,9.81,3.93,1,1,0.01,0.01,-4.595399555810754,5.274630157664454,-2.416116328548531,8.645674627012104,-48.896544000198475,74.35531007769913,0.0,1.6213595541330519,1.3386664220739333,0.0,5.12896215991155,1.5137737496993635,0.0,-9.430145518445075,31.95118130180945,63.68963184280308,88.75121353395139,152.44084537675445
11.422000000000484,9.81,3.93,1,1,0.01,0.01,-4.6003304018251425,5.2920721561280875,-2.515148835378115,8.797312063667095,-50.15393518908574,77.31985587097692,0.0,1.631608007234969,1.3416880033375769,0.0,5.1193749744398716,1.5078896493954301,0.0,-9.472813098878934,32.16076344538239,63.60472499437351,88.83447132148629,152.43919631585982
11.424000000000484,9.81,3.93,1,1,0.01,0.01,-4.605461900746569,5.309823511922602,-2.6168067033783564,8.955110560452441,-51.523720707535226,80.52018964544378,0.0,1.6418367299346197,1.3446982945755357,0.0,5.1092205892356715,1.5024914684923976,0.0,-9.523252234649823,32.383808769695975,63.522227332580435,88.91525461948392,152.43748195206436
11.426000000000485,9.81,3.93,1,1,0.01,0.01,-4.610799535489555,5.327897034317718,-2.721325945500847,9.11956530589125,-53.01736126538378,83.98042518692587,0.0,1.6520445304150435,1.3476983138604983,0.0,5.098440139598743,1.497626278807484,0.0,-9.582176833085159,32.621058859514456,63.44214604008337,88.99355216710012,152.4356982071835
11.428000000000486,9.81,3.93,1,1,0.01,0.01,-4.616349284881661,5.346306573234956,-2.8289669635085755,9.291222826663777,-54.64782227247434,87.72786578582324,0.0,1.6622300912452077,1.350689178571202,0.0,5.086966646440687,1.4933464346210257,0.0,-9.650392953884683,32.87330115996543,63.36448835267538,89.06935225442554,152.43384060710093
11.430000000000486,9.81,3.93,1,1,0.01,0.01,-4.622117675602818,5.3650671286251885,-2.940017789241185,9.470687857152251,-56.4298124208217,91.79350900502922,0.0,1.6723919518261057,1.3536721167171903,0.0,5.074723646822273,1.4897103535964242,0.0,-9.728813918642718,33.14137001819141,63.28926149784652,89.14264273202014,152.43190422986666
11.432000000000487,9.81,3.93,1,1,0.01,0.01,-4.62811184111166,5.384194974652669,-3.0547978446589825,9.658631306722764,-58.38006519137977,96.21264242994496,0.0,1.6825284878271454,1.3566484799627687,0.0,5.061623543634508,1.4867834393938424,0.0,-9.81847838778391,33.42614670939242,63.21647261511875,89.2134110302558,152.42988364537456
11.434000000000488,9.81,3.93,1,1,0.01,0.01,-4.634339588687499,5.403707801074143,-3.173662314521487,9.85579952371343,-60.51767154177879,101.02554793785545,0.0,1.692637886986001,1.3596197586627046,0.0,5.0475656067135475,1.4846391762046747,0.0,-9.920572087487214,33.7285579353589,63.14612865307042,89.2816441919292,152.42777284499962
11.436000000000488,9.81,3.93,1,1,0.01,0.01,-4.6408094759218095,5.423624874636688,-3.297007243525628,10.06302509328203,-62.86447351955404,106.2783352019637,0.0,1.7027181204917052,1.3625875992898564,0.0,5.032433538883799,1.4833604328188854,0.0,-10.036454048194326,34.0495720703682,63.078236236470325,89.34732892276446,152.4255651592348
11.438000000000489,9.81,3.93,1,1,0.01,0.01,-4.64753089823723,5.443967223835933,-3.425275490809302,10.281239451104627,-65.44553015793743,112.02392859999405,0.0,1.7127669089740456,1.365553824719123,0.0,5.016092495729266,1.4830410232263205,0.0,-10.167688447523073,34.390192126701834,63.01280149496183,89.41045166598194,152.42325316094377
11.44000000000049,9.81,3.93,1,1,0.01,0.01,-4.65451418930175,5.464757850990947,-3.558963699061994,10.51148764674682,-68.28966862833965,118.32323518136144,0.0,1.7227816818686648,1.3685204579376702,0.0,4.998385415243013,1.4837875827296985,0.0,-10.31608345026587,34.751443980531086,62.94982984210052,89.47099870923239,152.4208285513329
11.44200000000049,9.81,3.93,1,1,0.01,0.01,-4.661770736547106,5.486021976317155,-3.698630462859828,10.75494564894435,-71.4301349923768,125.24652433551682,0.0,1.7327595285979354,1.3714897498840646,0.0,4.979128470061997,1.4857218338635845,0.0,-10.483738828388368,35.13435778040521,62.889325690035044,89.52895633509556,152.4182820251306
11.444000000000491,9.81,3.93,1,1,0.01,0.01,-4.669313114398942,5.507787319525696,-3.8449059103193153,11.01294064811809,-74.90535952437126,132.87505127099428,0.0,1.7426971395773858,1.3744642122864115,0.0,4.958105396825465,1.4889833360356812,0.0,-10.673104653203547,35.53993956898345,62.83129208040016,89.5843110303387,152.41560311073886
11.446000000000492,9.81,3.93,1,1,0.01,0.01,-4.677155238284066,5.530084425451927,-3.9985029414322457,11.286974874436066,-78.7598505435228,141.30295443918124,0.0,1.7525907344914946,1.3774466565816663,0.0,4.935060378826153,1.4937328379537966,0.0,-10.887054017575617,35.9691288556511,62.77573020561284,89.63704977467225,152.41277998028508
11.448000000000492,9.81,3.93,1,1,0.01,0.01,-4.685312542992549,5.552947041308213,-4.160230390669674,11.578753502567816,-83.04522632826004,150.63944811240296,0.0,1.762435974533269,1.3804402402673346,0.0,4.9096890519215854,1.500156384075836,0.0,-11.128973616085103,36.422735990739916,62.7226387861201,89.68716043747705,152.40979922359713
11.450000000000493,9.81,3.93,1,1,0.01,0.01,-4.693802189520924,5.576412554328867,-4.331008391230049,11.890217237344604,-87.82138397266776,161.0113091418671,0.0,1.7722278543033716,1.383448522378803,0.0,4.881627058984718,1.5084703672926882,0.0,-11.402877145302167,36.901350420750354,62.67201325735409,89.73463232187108,152.40664557922517
11.452000000000494,9.81,3.93,1,1,0.01,0.01,-4.702643305062767,5.60052249973564,-4.511886196098746,12.223580131119498,-93.15778161624594,172.5656102112523,0.0,1.7819605677253094,1.3864755302198386,0.0,4.850435380182205,1.5189277717348197,0.0,-11.71354795492967,37.405206807931684,62.62384470401037,89.77945691092839,152.40330161493875
11.454000000000494,9.81,3.93,1,1,0.01,0.01,-4.711857261251536,5.625323149907092,-4.70406262480863,12.581373006518742,-99.13476679444486,185.47256063824707,0.0,1.7916273405270207,1.3895258400236632,0.0,4.815581394626339,1.5318259136560362,0.0,-12.06671925703561,37.93398990729436,62.57811845708237,89.82162889294196,152.3997473500243
11.456000000000495,9.81,3.93,1,1,0.01,0.01,-4.721467995917396,5.6508661960074775,-4.908909096611635,12.966492426196961,-105.8448018073458,199.92814443058617,0.0,1.801220219391586,1.3926046749128815,0.0,4.776414255709982,1.547516065298733,0.0,-12.469302539685568,38.48654999120648,62.53481223853963,89.86114757442147,152.3959598129611
11.458000000000496,9.81,3.93,1,1,0.01,0.01,-4.731502383157616,5.677209532414551,-5.127994777231426,13.382254246974826,-113.39328704862834,216.15593094201787,0.0,1.810729804551877,1.3957180243822096,0.0,4.732132651267415,1.5664154337653327,0.0,-12.929677615315317,39.06048695314453,62.4938936964097,89.89801883566247,152.39191253207218
11.460000000000496,9.81,3.93,1,1,0.01,0.01,-4.741990654821661,5.704418150786647,-5.3631125233284624,13.832449032531267,-121.89841229572407,234.40686488528183,0.0,1.8201449080749774,1.398872790559723,0.0,4.681742325760575,1.5890220538697353,0.0,-13.4580607499631,39.65154069593835,62.45531711500324,89.93225785112126,152.3875749661245
11.462000000000497,9.81,3.93,1,1,0.01,0.01,-4.752966872463158,5.732565142189089,-5.616302729996192,14.321393290830205,-131.48898112184878,254.95482415467586,0.0,1.8294521139367872,1.4020769676861762,0.0,4.623999817286968,1.615933213651176,0.0,-14.066969889139827,40.252694633458376,62.419019005373514,89.96389289579784,152.38291190117135
11.464000000000498,9.81,3.93,1,1,0.01,0.01,-4.764469440418929,5.761732788173532,-5.889869297399787,14.85396444122828,-142.29829344154135,278.08392613601774,0.0,1.8386352077261128,1.405339862477355,0.0,4.557337676514026,1.6478680013802731,0.0,-14.771806403513096,40.852853393908546,62.38491217239684,89.99297070455768,152.37788287695452
11.466000000000498,9.81,3.93,1,1,0.01,0.01,-4.776541634409838,5.792013687650605,-6.1863767318540415,15.4355964951185,-154.45066169652014,304.0603888243401,0.0,1.847674432938662,1.40867236400114,0.0,4.479765028007952,1.6856943089277654,0.0,-15.591567072636279,41.43488919308522,62.352877707702504,90.01956406567648,152.37244177337897
11.4680000000005,9.81,3.93,1,1,0.01,0.01,-4.789232089734522,5.823511802809988,-6.508608174683208,16.072194054322807,-168.03453288284933,333.076275649185,0.0,1.8565455170815373,1.412087271708018,0.0,4.388735953561589,1.7304598693915034,0.0,-16.549679590740276,41.97275829652529,62.322754159583795,90.0437826426904,152.3665368022742
11.4700000000005,9.81,3.93,1,1,0.01,0.01,-4.802595138114206,5.856343191853792,-6.859448102213749,16.769888481356617,-183.05183743404515,365.1432930401334,0.0,1.8652183949201415,1.4155996877864334,0.0,4.280977591341442,1.7834250880116271,0.0,-17.67490165579176,42.427270103040605,62.29432286277574,90.06578846609514,152.3601113288709
11.4720000000005,9.81,3.93,1,1,0.01,0.01,-4.816690784882591,5.890635991735517,-7.241626306670186,17.53450300558398,-199.3263390276681,399.90038700315,0.0,1.8736555415108012,1.4192274719635138,0.0,4.152272046505114,1.8460914679328262,0.0,-19.00210139970432,42.73997027633679,62.26728803204442,90.08581814980502,152.35310618184945
11.474000000000501,9.81,3.93,1,1,0.01,0.01,-4.831583951031782,5.92652886257495,-7.657216208249075,18.37050182297356,-216.34429155831887,436.2789223256706,0.0,1.881809823944186,1.4229917371566265,0.0,3.9971958642569856,1.9202113827841014,0.0,-20.5724768816366,42.82456621498219,62.24124962746967,90.10421465403581,152.34546428150549
11.476000000000502,9.81,3.93,1,1,0.01,0.01,-4.84734233064354,5.964166528965783,-8.106717448781863,19.27906529828578,-232.99166349454885,471.95010292304835,0.0,1.8896218120441242,1.4269173218447277,0.0,3.808847933494194,2.0077496400803625,0.0,-22.432258306752125,42.55563492062731,62.21566589801212,90.12147217292659,152.3371380709387
11.478000000000502,9.81,3.93,1,1,0.01,0.01,-4.8640318013994985,6.003690184181783,-8.587481537953273,20.254783167219536,-247.15687359194328,502.48897007192227,0.0,1.8970166074452997,1.431033091316316,0.0,3.5786603534440706,2.1107408123375895,0.0,-24.6280169734566,41.75562788746632,62.18980023045589,90.13829789981767,152.32809813027356
11.480000000000503,9.81,3.93,1,1,0.01,0.01,-4.881707805323545,6.045219426142323,-9.091220291974762,21.28041668639277,-255.22514849707076,520.3093130631876,0.0,1.9039005591330453,1.4353717713618377,0.0,3.2965159912039708,2.2309480392569894,0.0,-27.195339392972613,40.18465227231878,62.162642464160044,90.15569251128593,152.31833497544596
11.482000000000504,9.81,3.93,1,1,0.01,0.01,-4.900400744533665,6.088821606167748,-9.60054856472338,22.319624700688905,-251.68143551032637,513.8250172152306,0.0,1.9101588870279933,1.4399687942683448,0.0,2.951610787250967,2.369195548569456,0.0,-30.13643936002984,37.54482805697834,62.13278920433494,90.17504400873312,152.30783321306808
11.484000000000504,9.81,3.93,1,1,0.01,0.01,-4.920094008140273,6.134465665842295,-10.0853172172751,23.30923929190666,-229.44688077388275,468.15203066556376,0.0,1.9156563504781028,1.4448594051522332,0.0,2.5347245333764468,2.5242840346055777,0.0,-33.38387500353698,33.521951504106276,62.098275220759746,90.19821205519281,152.29648727595256
11.486000000000505,9.81,3.93,1,1,0.01,0.01,-4.9406963459686235,6.181964047911822,-10.501227157738208,24.15632614867676,-182.01512346737826,369.59472397797765,0.0,1.9202443842701526,1.4500733096265996,0.0,2.0424429774749107,2.6916473629052815,0.0,-36.757644973018316,27.891987218794938,62.05642157271048,90.227549354022,152.28397092673248
11.488000000000506,9.81,3.93,1,1,0.01,0.01,-4.962017369207857,6.230921122002882,-10.79512447509525,24.74928513886704,-107.93387457112924,215.06754993087563,0.0,1.9237781741430076,1.4556269887295177,0.0,1.4826742997404423,2.8624803923329747,0.0,-39.94554551827261,20.690529055741173,62.00397607942418,90.26577625498487,152.26975233440905
11.490000000000506,9.81,3.93,1,1,0.01,0.01,-4.983763381844645,6.280724293758191,-10.920058866936616,24.989483290256835,-15.355927292838441,21.669425293877683,0.0,1.9261434063349783,1.4615158144952147,0.0,0.8782939814060258,3.0245971456017893,0.0,-42.554632433481856,12.357175434626802,61.93797427423962,90.31564112044222,152.25361539468184
11.492000000000507,9.81,3.93,1,1,0.01,0.01,-5.005569834010964,6.330612071418773,-10.855077342617797,24.832859124691694,78.70979373700375,-174.88257159536755,0.0,1.9272843691855077,1.4677101403462691,0.0,0.26434461213772065,3.165653234152426,0.0,-44.247253945470966,3.694821358254795,61.85708502228978,90.37941336411163,152.23649838640142
11.494000000000508,9.81,3.93,1,1,0.01,0.01,-5.027066554623789,6.379811041792039,-10.615755852393598,24.312067049132313,156.502597686225,-337.28793504685274,0.0,1.9272191184895302,1.4741588416752125,0.0,-0.32201472109866014,3.2772229830956254,0.0,-44.883100780655425,-4.410142139999782,61.761926323525245,90.45841661160799,152.22034293513323
11.496000000000508,9.81,3.93,1,1,0.01,0.01,-5.047945709359575,6.427678586958614,-10.24617288519914,23.51961031088248,208.29560179373814,-445.13149644297965,0.0,1.9260325582561384,1.4807994643738833,0.0,-0.8527414480372306,3.3569302850353226,0.0,-44.554760822487445,-11.317986384790423,61.65371926600805,90.5528391422259,152.20655840823395
11.49800000000051,9.81,3.93,1,1,0.01,0.01,-5.068000066612173,6.473783197944785,-9.799545721005902,22.56714541021233,234.29578004391124,-498.87303432735246,0.0,1.9238521078772741,1.4875699405474414,0.0,-1.314157895531953,3.4075401139076025,0.0,-43.502846775617535,-16.77738417075748,61.53320364437754,90.66188677565772,152.19509042003526
11.50000000000051,9.81,3.93,1,1,0.01,0.01,-5.087123609442842,6.51790566490669,-9.321936824734598,21.551251821065293,240.53466047834542,-511.20324604283326,0.0,1.9208196770769872,1.4944168099448691,0.0,-1.705124703098095,3.4344490054343604,0.0,-41.99793288416976,-20.851004841400123,61.400959727329436,90.78413941262521,152.18509913995464
11.50200000000051,9.81,3.93,1,1,0.01,0.01,-5.10528901544461,6.559991690982387,-8.845610024982062,20.53949347495226,234.154294986722,-497.1336286015938,0.0,1.9170710199326293,1.5012983216237632,0.0,-2.032022865572383,3.4434584709808047,0.0,-40.264752639399525,-23.760675126298594,61.25797798993186,90.91791588905613,152.175893878988
11.504000000000511,9.81,3.93,1,1,0.01,0.01,-5.12251991259465,6.600093577314787,-8.389707586772815,19.571865557722163,220.92593171153527,-468.78456172345545,0.0,1.9127253064111454,1.5081838538787158,0.0,-2.3042137664084006,3.4395828851992984,0.0,-38.45974134968012,-25.764596588665867,61.105655866165975,91.06153295330358,152.16718881946957
11.506000000000512,9.81,3.93,1,1,0.01,0.01,-5.138867959938219,6.638322088020815,-7.963751200467707,18.66816772621123,204.71826550724452,-434.27264887984757,0.0,1.9078822797615793,1.515051782539269,0.0,-2.53126491128883,3.4267029343692794,0.0,-36.67905790655527,-27.094386072040255,60.94550108155387,91.21344429925037,152.15894538080425
11.508000000000512,9.81,3.93,1,1,0.01,0.01,-5.15439725333286,6.6748137312633995,-7.571177821047211,17.835441536704025,187.83282465121647,-398.4195151622587,0.0,1.9026234056513724,1.5218871777592973,0.0,-2.72168704859856,3.4076480382542615,0.0,-34.97557090918271,-27.934973709793777,60.778903551091354,91.37229378558905,152.1511973366804
11.510000000000513,9.81,3.93,1,1,0.01,0.01,-5.169174947904531,6.709711111628733,-7.211963595964369,17.073485190867682,171.50926189874772,-363.8160203520283,0.0,1.8970145251161363,1.5286798819935234,0.0,-2.8825635394693174,3.3844165211537303,0.0,-33.3743763275485,-28.425508430482378,60.607048249830626,91.53692073528589,152.14396898511652
11.512000000000514,9.81,3.93,1,1,0.01,0.01,-5.18326616121854,6.743152275829756,-6.884310815456134,16.3783959401133,156.33921923104023,-331.69302746381294,0.0,1.8911087325956064,1.5354230688240653,0.0,-3.0195974408878223,3.3583973647831944,0.0,-31.8840351630202,-28.667528146910755,60.43091351220608,91.7063433372395,152.13725684944558
11.514000000000514,9.81,3.93,1,1,0.01,0.01,-5.1967315145333455,6.775265595429785,-6.585643834918013,15.744659087373908,142.5454632142037,-302.5082586945892,0.0,1.8849489562587247,1.5421122151627393,0.0,-3.137310042747559,3.330549261951044,0.0,-30.503867588536167,-28.734026312553304,60.25130086347443,91.8797345915558,152.13103545503023
11.516000000000515,9.81,3.93,1,1,0.01,0.01,-5.209626185766774,6.806167818364088,-6.3131607959087175,15.166303418864686,130.15317097555226,-276.30612840837824,0.0,1.878570092724505,1.5487443852905622,0.0,-3.23926627587412,3.301532436161417,0.0,-29.228401543092765,-28.677160454109348,60.06886951341478,92.05639775552027,152.12526726893503
11.518000000000516,9.81,3.93,1,1,0.01,0.01,-5.221999776672342,6.835963823872622,-6.064120079027475,14.637499591573734,119.0893519170405,-252.92641047186066,0.0,1.8720007064664306,1.5553177369864182,0.0,-3.3282780520918327,3.271801513310489,0.0,-28.04997391035021,-28.534161423840498,59.8841662487343,92.23574416922537,152.11991041795966
11.520000000000516,9.81,3.93,1,1,0.01,0.01,-5.23389658713991,6.864747226380628,-5.835975645842304,14.15284153246097,109.2382871498312,-232.12045139419973,0.0,1.865264358065884,1.5618311816643027,0.0,-3.406571704617317,3.24166961184164,0.0,-26.96019689184885,-28.331648465096762,59.69764904261716,92.41727433587187,152.11492337848904
11.522000000000517,9.81,3.93,1,1,0.01,0.01,-5.245356068768934,6.89260135064964,-5.626429538703903,13.707454309557408,100.47127709842587,-213.61341713697792,0.0,1.858380634616712,1.5682841501034785,0.0,-3.4759200450271894,3.21135220748803,0.0,-25.950749890533565,-28.08870715509301,59.5097051495382,92.60056223664792,152.1102673861861
11.524000000000518,9.81,3.93,1,1,0.01,0.01,-5.256413335053207,6.919600321491375,-5.43344085022274,13.29701101862904,92.66182069455749,-197.1359660385999,0.0,1.8513659480568507,1.5746764303562897,0.0,-3.537744351860087,3.1809971182721237,0.0,-25.01377970967914,-27.819062575780553,59.320664916380636,92.78524251425577,152.10590743063642
11.526000000000518,9.81,3.93,1,1,0.01,0.01,-5.267099665334362,6.945810136884279,-5.255213211603858,12.917704936001867,85.69272688954966,-182.43901028604967,0.0,1.8442341551920975,1.58100805507413,0.0,-3.5931924115231753,3.1507050583364484,0.0,-24.14207808633246,-27.5326094229879,59.130812396928754,92.97100006832375,152.1018124652525
11.52800000000052,9.81,3.93,1,1,0.01,0.01,-5.277442972875457,6.971289662920888,-5.090172875466268,12.566202233381608,79.45887026912871,-169.29936135792127,0.0,1.836997041461529,1.5872792228142587,0.0,-3.643198081028115,3.12054379731391,0.0,-23.32913589019235,-27.2364910181208,58.94039360003802,93.1575616238372,152.0979552238752
11.53000000000052,9.81,3.93,1,1,0.01,0.01,-5.287468225363332,6.99609152660068,-4.936943817475654,12.23958868613915,73.86767655988044,-157.52063619094022,0.0,1.8296647006176456,1.5934902428464568,0.0,-3.6885268108574967,3.0905579742605083,0.0,-22.56913164554125,-26.935863318425575,58.74962297605926,93.34468889094495,152.0943118670042
11.53200000000052,9.81,3.93,1,1,0.01,0.01,-5.297197815531788,7.020262902076748,-4.79432312616228,11.935317189389101,68.83849344315826,-146.93184586911977,0.0,1.8222458346862598,1.5996414963147263,0.0,-3.729810569033837,3.060775944207579,0.0,-21.85688743636861,-26.634438865291138,58.5586885767495,93.5321729998382,152.0908615765877
11.534000000000521,9.81,3.93,1,1,0.01,0.01,-5.306651884226255,7.0438461955912395,-4.6612582157294336,11.651159262758792,64.30147571521252,-137.3849833446794,0.0,1.8147479925920933,1.6057334088554729,0.0,-3.767574774006607,3.031214585579812,0.0,-21.18781084921046,-26.334876472178088,58.3677562034367,93.71982995508522,152.0875861585219
11.536000000000522,9.81,3.93,1,1,0.01,0.01,-5.315848600267638,7.066879638536406,-4.536826462469944,11.385161771351854,60.19631851733755,-128.75230711459633,0.0,1.807177761330397,1.6117664312911273,0.0,-3.8022591907786105,3.0018826964984475,0.0,-20.557833221922877,-26.039062219762037,58.17697277365771,93.907496905575,152.0844696792327
11.538000000000523,9.81,3.93,1,1,0.01,0.01,-5.324804402132565,7.089397799402972,-4.420217378476079,11.135609074956427,56.47100812882694,-120.92367357761128,0.0,1.799540920194009,1.6177410260488159,0.0,-3.8342342489523986,2.972783407452421,0.0,-19.963349617159643,-25.748313393447027,57.986469076961605,94.0950290685435,152.0814981455051
11.540000000000523,9.81,3.93,1,1,0.01,0.01,-5.333534206425138,7.111432025241538,-4.310717196817364,10.90099032033678,53.080669591741774,-113.8040819700335,0.0,1.791842566048587,1.6236576576585333,0.0,-3.863813871232993,2.9439159033577886,0.0,-19.401163162619973,-25.463527426270726,57.79636204819619,94.28229717998734,152.07865922818354
11.542000000000524,9.81,3.93,1,1,0.01,0.01,-5.342051587742718,7.133010822443357,-4.2076956376725585,10.679971376167845,49.98654182544925,-107.31149424397397,0.0,1.7840872157676255,1.6295167861705324,0.0,-3.891265626650765,2.9152766573546622,0.0,-18.868434835566674,-25.18529132359056,57.60675665597917,94.46918537047387,152.07594202645305
11.544000000000525,9.81,3.93,1,1,0.01,0.01,-5.35036893403584,7.154160185562609,-4.1105945918765165,10.471370844391991,47.155085550187856,-101.37493948591802,0.0,1.7762788905283386,1.635318862668374,0.0,-3.916818820035802,2.8868603171357883,0.0,-18.362638911145705,-24.913962496133546,57.417747481637726,94.65558938631509,152.0733368679528
11.546000000000525,9.81,3.93,1,1,0.01,0.01,-5.358497581034562,7.1749038817713435,-4.018918461789943,10.274139591794563,44.55721690165986,-95.93288670780768,0.0,1.768421185607138,1.6410643262894526,0.0,-3.940670979310064,2.858660342505035,0.0,-17.881523845562967,-24.649728768512052,57.22942004723039,94.84141509248376,152.07083513971415
11.548000000000526,9.81,3.93,1,1,0.01,0.01,-5.366447928812138,7.1952636974674276,-3.9322259199343828,10.087343290870253,42.167654227245144,-90.93185879558324,0.0,1.7605173285091493,1.646753602330441,0.0,-3.962993090924119,2.8306694638577072,0.0,-17.423078151548893,-24.392653122812693,57.04185193872856,95.02657720649852,152.06842914522707
11.550000000000527,9.81,3.93,1,1,0.01,0.01,-5.374229543104404,7.215259652591657,-3.8501228729806547,9.910147517727632,39.96436391328843,-86.3252571661169,0.0,1.7525702276537423,1.6523871011326405,0.0,-3.983933850914977,2.8028800111341132,0.0,-16.98550074218118,-24.142707184292384,56.85511376087697,95.21099822258913,152.0661119834661
11.552000000000527,9.81,3.93,1,1,0.01,0.01,-5.381851243606785,7.23491018736658,-3.7722564469625497,9.741805015469755,37.928091359057,-82.07236740590382,0.0,1.7445825133689548,1.6579652175260398,0.0,-4.003623137052865,2.7752841487092246,0.0,-16.567175209993497,-23.899796356775894,56.66926995291661,95.39460749338375,152.06387744630035
11.554000000000528,9.81,3.93,1,1,0.01,0.01,-5.389321181129742,7.25423232544449,-3.6983098363178817,9.581644788629836,36.041964367781404,-78.13751871574954,0.0,1.7365565725861307,1.6634883306711217,0.0,-4.022174860883221,2.747874041753011,0.0,-16.16664753643765,-23.66377873140659,56.48437948863845,95.57734044262409,152.06171993126253
11.556000000000529,9.81,3.93,1,1,0.01,0.01,-5.396646905203162,7.27324181683547,-3.627997883370414,9.429062745451185,34.291157717012965,-74.4893732152907,0.0,1.7284945783458037,1.668956804180962,0.0,-4.039689323157183,2.720641972551131,0.0,-15.782606772131018,-23.434479329590545,56.30049647977751,95.7591378873781,152.0596343671556
11.55800000000053,9.81,3.93,1,1,0.01,0.01,-5.4038354234748835,7.291953263465684,-3.561063275807191,9.283513649392605,32.66260921101117,-71.10032447079979,0.0,1.720398515007151,1.6743709864377387,0.0,-4.05625516926258,2.693580420242797,0.0,-15.41386827961938,-23.211700834201526,56.117670698227926,95.93994545217163,152.05761615039955
11.56000000000053,9.81,3.93,1,1,0.01,0.01,-5.4108932540420955,7.31038022977802,-3.497273267639615,9.144504179385763,31.14477896574312,-67.94598770792207,0.0,1.7122701998817766,1.6797312110408882,0.0,-4.07195102068396,2.6666821138143266,0.0,-15.05935918149613,-22.995231667200184,55.93594802976297,96.11971306062311,152.05566109038608
11.56200000000053,9.81,3.93,1,1,0.01,0.01,-5.417826471680913,7.3285353404194575,-3.436416844319559,9.011586930637812,29.727444971910487,-65.0047669348718,0.0,1.7041113018771585,1.6850377973409527,0.0,-4.086846842666067,2.639940065570541,0.0,-14.71810570453484,-22.78485205519389,55.75537086970296,96.29839449269986,152.05376536240283
11.564000000000531,9.81,3.93,1,1,0.01,0.01,-5.42464074879393,7.34643036675101,-3.3783022654429926,8.8843552148744,28.40152910596232,-62.2574865979759,0.0,1.695923357627572,1.6902910510256832,0.0,-4.101005095973436,2.613347590402852,0.0,-14.389222153627792,-22.58033856492274,55.57597846917551,96.47594699776576,152.05192546694127
11.566000000000532,9.81,3.93,1,1,0.01,0.01,-5.431341391773415,7.364076303657233,-3.322754929151801,8.762438541584196,27.158948718047114,-59.68707743255143,0.0,1.6877077855045675,1.6954912647340779,0.0,-4.11448171106971,2.586898314782253,0.0,-14.071901287379728,-22.38146747247609,55.397807239154886,96.65233095524876,152.05013819440364
11.568000000000533,9.81,3.93,1,1,0.01,0.01,-5.4379333733752055,7.381483437914906,-3.2696155112573906,8.645498680736564,25.992489734139976,-57.27830789085138,0.0,1.6794658978301928,1.7006387186808236,0.0,-4.127326915543634,2.5605861783836428,0.0,-13.765405900290931,-22.18801724201982,55.22089101828271,96.8275095761062,152.0484005943889
11.570000000000533,9.81,3.93,1,1,0.01,0.01,-5.444421361612072,7.398661409197649,-3.2187383395406255,8.533226223204494,24.895697885748977,-55.01755396559027,0.0,1.6711989115607055,1.7057336812786548,0.0,-4.139585939703737,2.5344054304944397,0.0,-13.469061444955804,-21.99977032390875,55.04526130950582,97.00144863937334,152.04670994887914
11.572000000000534,9.81,3.93,1,1,0.01,0.01,-5.450809745602616,7.415619264639277,-3.1699899698770375,8.425337568258499,23.86278524356815,-52.89260142310069,0.0,1.6629079576634918,1.7107764097498275,0.0,-4.151299620587863,2.508350622802644,0.0,-13.182249552085104,-21.81651443246857,54.870947489771,97.17411625898399,152.04506374875498
11.574000000000535,9.81,3.93,1,1,0.01,0.01,-5.457102658750373,7.432365507748674,-3.1232479360026746,8.321572278448418,22.888549698854725,-50.892475452312176,0.0,1.654594089373314,1.7157671507207157,0.0,-4.1625049209125535,2.482416599744896,0.0,-12.904402326937838,-21.638043426246064,54.69797699636347,97.34548267680319,152.04345967316667
11.576000000000535,9.81,3.93,1,1,0.01,0.01,-5.463303999575884,7.448908142359021,-3.0783996490496235,8.221690751331426,21.968305423824408,-49.007293557970726,0.0,1.6462582894840285,1.7207061407955173,0.0,-4.173235376510869,2.456598487286536,0.0,-12.634997318414836,-21.46415788506447,54.526375492929255,97.51552007842739,152.04189557135663
11.578000000000536,9.81,3.93,1,1,0.01,0.01,-5.469417450480448,7.465254712201021,-3.03534142658711,8.125472165146606,21.097822663491122,-47.22813820766302,0.0,1.6379014768073101,1.725593607106609,0.0,-4.1835214834155625,2.430891680774934,0.0,-12.373553072061513,-21.294665456524996,54.356167017775874,97.68420242882408,152.04036944659995
11.580000000000537,9.81,3.93,1,1,0.01,0.01,-5.475446494682875,7.481412336610531,-2.993977633925222,8.032712661936227,20.273275477588104,-45.54694630669088,0.0,1.6295245119095756,1.730429767840177,0.0,-4.193391033813524,2.40529183233505,0.0,-12.119625190953597,-21.12938102799242,54.18737411666305,97.85150532531094,152.038879441974
11.582000000000537,9.81,3.93,1,1,0.01,0.01,-5.4813944315386705,7.497387742813548,-2.9542199229736963,7.94322373698386,19.491196272056595,-43.956413043024455,0.0,1.6211282022215125,1.7352148327365455,0.0,-4.2028694085313925,2.379794838147095,0.0,-11.872802839238602,-20.968126767352995,54.020017961984486,98.01740586573305,152.03742382771753
11.584000000000538,9.81,3.93,1,1,0.01,0.01,-5.487264390423847,7.513187295173866,-2.9159865560804277,7.856830807954813,18.748436143043158,-42.44990803338066,0.0,1.6127133066005679,1.739949003565211,0.0,-4.2119798324370885,2.3543968258494914,0.0,-11.632705632275979,-20.81073206601237,53.85411845997312,98.18188252999917,152.0360009899723
11.586000000000539,9.81,3.93,1,1,0.01,0.01,-5.4930593433422805,7.528817021739439,-2.8792018040714447,7.773371940929463,18.042130208966483,-41.02140202487761,0.0,1.6042805394150925,1.7446324745750263,0.0,-4.2207435980988715,2.3290941422378495,0.0,-11.3989808651119,-20.657033410012897,53.689694347338104,98.34491507339251,152.03460942073062
11.58800000000054,9.81,3.93,1,1,0.01,0.01,-5.498782116395523,7.5442826383811274,-2.843795409232092,7.692696713733946,17.36966723340467,-39.665402676186204,0.0,1.595830574209014,1.7492654329202149,0.0,-4.22918026218715,2.3038833413768236,0.0,-11.17130103765798,-20.506874199272435,53.526763278554824,98.50648443028523,152.03324770884007
11.59000000000054,9.81,3.93,1,1,0.01,0.01,-5.504435400236771,7.559589570781143,-2.8097021052544413,7.614665199693358,16.728662947760526,-38.37689816707638,0.0,1.5873640469976902,1.7538480590631318,0.0,-4.237307818398333,2.2787611732013344,0.0,-10.949361640594448,-20.360104530384877,53.3653419048641,98.66657262706981,152.03191453193392
11.59200000000054,9.81,3.93,1,1,0.01,0.01,-5.5100217596158805,7.574742974497109,-2.7768611872666513,7.539147057241346,16.116936571519712,-37.15130757345704,0.0,1.5788815592386114,1.758380527154806,0.0,-4.245142850095864,2.2537245726536463,0.0,-10.732879170841356,-20.216580954873447,53.20544594590177,98.82516270327605,152.03060864917782
11.594000000000541,9.81,3.93,1,1,0.01,0.01,-5.51554364210949,7.589747753300552,-2.7452161259877736,7.466020712783519,15.532490102424036,-35.984437102794274,0.0,1.5703836805147517,1.7628630053943248,0.0,-4.252700665378501,2.228770649381081,0.0,-10.521589349566852,-20.076166222023705,53.04709025476254,98.98223863997248,152.02932889473502
11.596000000000542,9.81,3.93,1,1,0.01,0.01,-5.521003386119214,7.604608575965136,-2.71471422084252,7.395172625886107,14.973490011490208,-34.87244141736365,0.0,1.5618709509633488,1.7672956563682318,0.0,-4.25999541688176,2.20389667800268,0.0,-10.315245519231558,-19.938729013267796,52.890288877198834,99.13778529466893,152.02807417186776
11.598000000000543,9.81,3.93,1,1,0.01,0.01,-5.526403228211235,7.619329891659584,-2.685306287546471,7.326496627291683,14.438251030529415,-33.81178938442475,0.0,1.5533438834786368,1.771678637371027,0.0,-4.267040208280411,2.179100088941913,0.0,-10.113617199200075,-19.80414367340857,52.7350551055726,99.29178834202973,152.02684344760235
11.600000000000543,9.81,3.93,1,1,0.01,0.01,-5.53174530986223,7.633915944082467,-2.6569463762511796,7.259893321488826,13.92522176432671,-32.79923368662231,0.0,1.5448029657134092,1.7760121007079317,0.0,-4.273847189176395,2.154378459813983,0.0,-9.91648878205402,-19.67228994265948,52.58140152809858,99.44423421979576,152.02563574789434
11.602000000000544,9.81,3.93,1,1,0.01,0.01,-5.537031683669273,7.648370784460591,-2.6295915168356694,7.195269546614145,13.432971897285924,-31.831783805610282,0.0,1.5362486619011564,1.7802961939809674,0.0,-4.280427639817956,2.129729507350893,0.0,-9.723658354985437,-19.543052692451116,52.429340073857624,99.59511007938161,152.02445015323923
11.604000000000545,9.81,3.93,1,1,0.01,0.01,-5.542264319074941,7.662698283519187,-2.60320148835843,7.1325378853697785,12.960180796263876,-30.906681959455916,0.0,1.527681414517851,1.7845310603594358,0.0,-4.286792046894393,2.105151079843522,0.0,-9.534936632584163,-19.41632166715656,52.278882054000476,99.7444037406809,152.02328579468139
11.606000000000545,9.81,3.93,1,1,0.01,0.01,-5.5474451076532745,7.676902142520283,-2.5777386100527524,7.071616221419423,12.505627338439657,-30.021381631784706,0.0,1.5191016458001347,1.7887168388357804,0.0,-4.292950171480206,2.0806411500776987,0.0,-9.350145989006467,-19.29199123326544,52.1300381995128,99.89210365066398,152.02214185017678
11.608000000000546,9.81,3.93,1,1,0.01,0.01,-5.552575867997339,7.690985903455237,-2.553167551566854,7.012427336399911,12.068180816160606,-29.1735283795063,0.0,1.510509759134655,1.7928536644678243,0.0,-4.298911110057819,2.0561978087400075,0.0,-9.169119578961205,-19.169960137054616,51.98281869587272,100.03819884540293,152.02101754127565
11.610000000000547,9.81,3.93,1,1,0.01,0.01,-5.5576583502447985,7.704952958468306,-2.5294551604261533,6.954898543268899,11.646792790418314,-28.360942647676445,0.0,1.5019061403315748,1.7969416686082538,0.0,-4.304683349424572,2.031819258268613,0.0,-8.991700538207633,-19.05013127142889,51.83723321489299,100.18267891519568,152.01991213008867
11.612000000000547,9.81,3.93,1,1,0.01,0.01,-5.562694240274134,7.718806558580054,-2.5065703049344523,6.898961352215521,11.240489781467343,-27.581604355725275,0.0,1.493291158793772,1.800980979122265,0.0,-4.310274816184656,2.0075038071243876,0.0,-8.817741255351784,-18.93241145231876,51.69329094400852,100.32553397250324,152.01882491651176
11.614000000000548,9.81,3.93,1,1,0.01,0.01,-5.567685163600779,7.732549821772344,-2.4844837309389702,6.844551165801088,10.848366699548436,-26.83363904985775,0.0,1.4846651685919383,1.804971720594142,0.0,-4.315692921436353,1.9832498644582393,0.0,-8.64710270768093,-18.81671120480115,51.55100061324091,100.46675462243937,152.01775523568028
11.616000000000549,9.81,3.93,1,1,0.01,0.01,-5.572632688999465,7.746185740490347,-2.463167931065508,6.7916070003804005,10.46958093108934,-26.11530544269162,0.0,1.4760285094546428,1.8089140145235527,0.0,-4.3209446011878425,1.9590559351513055,0.0,-8.479653854606457,-18.702944558943177,51.41037052004853,100.60633193558402,152.01670245563255
11.61800000000055,9.81,3.93,1,1,0.01,0.01,-5.577538331876473,7.759717188611474,-2.4425970251883644,6.740071231188942,10.103347006436758,-25.424984183797186,0.0,1.467381507681426,1.8128079795123018,0.0,-4.326036352968211,1.9349206152055158,0.0,-8.315271083011188,-18.59102885524376,51.271408552246456,100.74425742291584,152.01566597516228
11.62000000000055,9.81,3.93,1,1,0.01,0.01,-5.582403557413134,7.773146927926189,-2.4227466510380617,6.689889358773953,9.74893178438491,-24.76116772429186,0.0,1.458724476986121,1.816653731442187,0.0,-4.330974269043007,1.910842587463343,0.0,-8.153837699433934,-18.48088455945545,51.134122209162506,100.88052301267783,152.01464522184034
11.62200000000055,9.81,3.93,1,1,0.01,0.01,-5.587229783499858,7.786477614171286,-2.403593863971281,6.641009794703852,9.405650096724557,-24.122451155480846,0.0,1.4500577192768218,1.8204513836446141,0.0,-4.3357640665940655,1.886820617636545,0.0,-7.995243464581188,-18.3724350865026,50.99851862117856,101.0151210290129,152.01363965019146
11.624000000000551,9.81,3.93,1,1,0.01,0.01,-5.592018383478135,7.799711802652317,-2.3851170450338914,6.593383664715552,9.072860802927474,-23.507523916112845,0.0,1.4413815253782563,1.824201047062576,0.0,-4.340411115180514,1.8628535506249675,0.0,-7.839384166146383,-18.265606633165806,50.86460456779114,101.14804417222103,152.01264874001217
11.626000000000552,9.81,3.93,1,1,0.01,0.01,-5.5967706887063,7.812851953488367,-2.367295816541627,6.546964627657147,8.74996321105815,-22.91516227546476,0.0,1.4326961757017016,1.8279028304055354,0.0,-4.344920461760457,1.8389403071076842,0.0,-7.686161226348473,-18.160328019171395,50.73238649431119,101.2792855005039,152.0116719948151
11.628000000000553,9.81,3.93,1,1,0.01,0.01,-5.6014879909633954,7.825900436509264,-2.3501109644854585,6.501708708757801,8.436393826198502,-22.344222510456795,0.0,1.424001940867091,1.8315568402977682,0.0,-4.349296853520493,1.815079880389883,0.0,-7.535481340981833,-18.05653053630606,50.60187052731128,101.40883841307898,152.01070894039026
11.630000000000553,9.81,3.93,1,1,0.01,0.01,-5.606171544704144,7.838859535832568,-2.333544367141519,6.45757414591046,8.13162339219316,-21.793634704565186,0.0,1.4152990822814522,1.8351631814206248,0.0,-4.353544758731916,1.7912713334901713,0.0,-7.387256147105759,-17.954147805167715,50.47306248891861,101.53669663455297,152.00975912347158
11.632000000000554,9.81,3.93,1,1,0.01,0.01,-5.610822569176879,7.851731454145123,-2.3175789293297946,6.414521247788962,7.835154196466518,-21.262397104642474,0.0,1.406587852677443,1.8387219566492183,0.0,-4.35766838582782,1.767513796453868,0.0,-7.2414019167980435,-17.85311563916124,50.345967910042006,101.66285420045925,152.00882211050126
11.634000000000555,9.81,3.93,1,1,0.01,0.01,-5.615442250415222,7.864518316711807,-2.3021985218227674,6.372512262741445,7.5465176111086,-20.749570979044755,0.0,1.3978684966153607,1.8422332671839414,0.0,-4.361671700873562,1.7438064638791713,0.0,-7.097839274661267,-17.753371915350403,50.22059204261129,101.78730544386971,152.007897486481
11.636000000000555,9.81,3.93,1,1,0.01,0.01,-5.6200317431133495,7.877222175132031,-2.2873879254557195,6.331511257508639,7.265271846441504,-20.254275926842862,0.0,1.3891412509516767,1.845697212677253,0.0,-4.365558443584302,1.7201485926438618,0.0,-6.956492937002971,-17.654856451785296,50.096939870903064,101.91004498300273,152.0069848539058
11.638000000000556,9.81,3.93,1,1,0.01,0.01,-5.624592172393841,7.889845010862782,-2.273132779535292,6.291484004910371,6.990999895922323,-19.77568559348794,0.0,1.380406345276876,1.849113891356096,0.0,-4.369332142026446,1.696539499821377,0.0,-6.817291470819147,-17.557510890933585,49.97501612201651,102.03106770975367,152.00608383177018
11.640000000000557,9.81,3.93,1,1,0.01,0.01,-5.629124635476339,7.902388738525358,-2.259419534182804,6.252397879727836,6.723307653558499,-19.313023753210555,0.0,1.3716640023250988,1.8524834001403412,0.0,-4.372996126125377,1.6729785607757952,0.0,-6.680167070894194,-17.461278588856658,49.854825275559385,102.15036877908466,152.00519405464405
11.642000000000557,9.81,3.93,1,1,0.01,0.01,-5.63363020325455,7.914855209011479,-2.246235406284405,6.214221762084239,6.461822187053818,-18.865560722752278,0.0,1.3629144383578662,1.8558058347575916,0.0,-4.37655354008878,1.6494652074262661,0.0,-6.54505535349562,-17.366104509784726,49.73637157259678,102.26794359921314,152.00431517180994
11.644000000000558,9.81,3.93,1,1,0.01,0.01,-5.638109921788509,7.927246212403119,-2.233568338751856,6.176925947693334,6.206190151700443,-18.43261007483143,0.0,1.354157863523957,1.859081289854681,0.0,-4.380007353843547,1.6259989266721693,0.0,-6.411895165288224,-17.271935125759512,49.619659023912334,102.38378782254648,152.00344684645881
11.646000000000559,9.81,3.93,1,1,0.01,0.01,-5.6425648137184465,7.939563480719231,-2.2214069628260935,6.140482064405139,5.956076331619286,-18.013525623102034,0.0,1.3453944821973223,1.8623098591061638,0.0,-4.383360373574033,1.6025792589710808,0.0,-6.28062840622381,-17.178718321027315,49.50469141762399,102.49789733731302,152.002588754937
11.64800000000056,9.81,3.93,1,1,0.01,0.01,-5.646995879606104,7.951808690501422,-2.2097405631810956,6.104862994531578,5.711162296351907,-17.60769865332863,0.0,1.3366244932947455,1.8654916353201327,0.0,-4.386615251440701,1.5792057970622349,0.0,-6.151199865279458,-17.086403300881173,49.39147232619686,102.61026825984753,152.00174058604438
11.65000000000056,9.81,3.93,1,1,0.01,0.01,-5.65140409920887,7.963983465249662,-2.1985590456082855,6.07004280248268,5.471145162048033,-17.214555378125404,0.0,1.3278480905748355,1.8686267105416026,0.0,-4.3897744945499575,1.5558781848290244,0.0,-6.023557068023225,-16.994940504664378,49.280005112886464,102.72089692748861,152.00090204037508
11.65200000000056,9.81,3.93,1,1,0.01,0.01,-5.655790432691701,7.976089377718223,-2.187852907082119,6.0359966672868985,5.235736447590755,-16.833554594931503,0.0,1.319065462919761,1.8717151761537678,0.0,-4.392840473239172,1.5325961162944943,0.0,-5.897650135079637,-16.904281522663133,49.1702929376471,102.82977989205425,152.00007282970134
11.654000000000561,9.81,3.93,1,1,0.01,0.01,-5.660155821781398,7.988127952081212,-2.1776132080258073,6.002700819607642,5.004661016977403,-16.464185528958797,0.0,1.310276794601053,1.8747571229773712,0.0,-4.395815428734449,1.5093593347445768,0.0,-5.773431650652837,-16.814379016629804,49.062338762534445,102.93691391386092,151.99925267639537
11.656000000000562,9.81,3.93,1,1,0.01,0.01,-5.664501190867483,8.000100665976335,-2.1678315466126157,5.970132482902812,4.777656100140246,-16.10596584468171,0.0,1.3014822655306784,1.8777526413684533,0.0,-4.398701480233142,1.4861676319742239,0.0,-5.650856540340916,-16.725186643692044,48.95614535662846,103.04229595625776,151.99844131288623
11.658000000000563,9.81,3.93,1,1,0.01,0.01,-5.668827448053579,8.012008952434861,-2.1585000349530254,5.938269818405296,4.554470385162254,-15.758439811070167,0.0,1.2926820514984754,1.8807018213147013,0.0,-4.401500631458092,1.4630208476522375,0.0,-5.529881957543988,-16.636658983416055,48.851715300502086,103.14592318064811,151.9976384811502
11.660000000000563,9.81,3.93,1,1,0.01,0.01,-5.673135486162946,8.02385420170511,-2.149611277031428,5.907091873630508,4.334863175530517,-15.421176607220538,0.0,1.2838763243969737,1.8836047525306567,0.0,-4.404214776726123,1.4399188688009925,0.0,-5.410467177830062,-16.54875146780521,48.74905099025646,103.24779294197496,151.99684393223143
11.662000000000564,9.81,3.93,1,1,0.01,0.01,-5.67742618370152,8.035637762976261,-2.14115834826812,5.876578534142429,4.118603606682642,-15.093768756336758,0.0,1.275065252434529,1.8864615245519887,0.0,-4.406845706569258,1.4168616293878054,0.0,-5.292573500678966,-16.461420314026658,48.64815464114312,103.34790278464786,151.99605742579098
11.664000000000565,9.81,3.93,1,1,0.01,0.01,-5.681700405781629,8.04736094600875,-2.1331347765932924,5.846710478332526,3.905469916649614,-14.77583067717248,0.0,1.2662490003376392,1.8892722268290574,0.0,-4.40939511294352,1.3938491100251478,0.0,-5.176164158074952,-16.3746224596702,48.54902829078974,103.44625043889167,151.99527872968142
11.666000000000565,9.81,3.93,1,1,0.01,0.01,-5.685959005009256,8.059025022677039,-2.1255345249296074,5.817469134986618,3.6952487660883233,-14.466997343081015,0.0,1.2574277295432137,1.8920369488199913,0.0,-4.411864594057068,1.3708813377772504,0.0,-5.061204229464031,-16.28831550035475,48.45167380204658,103.54283381750027,151.99450761954685
11.668000000000566,9.81,3.93,1,1,0.01,0.01,-5.690202822337617,8.070631228430145,-2.1183519749889146,5.788836643433568,3.487734603436121,-14.166923039748802,0.0,1.2486015983815566,1.8947557800834756,0.0,-4.414255658846305,1.3479583860711783,0.0,-4.947660562633825,-16.202457629507112,48.35609286546639,103.63765101297831,151.9937438784447
11.670000000000567,9.81,3.93,1,1,0.01,0.01,-5.694432687889563,8.08218076367488,-2.1115819122968023,5.760795816086641,3.2827290713134545,-13.87528021351945,0.0,1.2397707622507128,1.897428810371476,0.0,-4.416569731126179,1.3250803747107112,0.0,-4.835501700110681,-16.117007580148098,48.262287001430714,103.73070029505851,151.99298729648922
11.672000000000567,9.81,3.93,1,1,0.01,0.01,-5.698649421751197,8.093674795086427,-2.105219512366062,5.733330103203819,3.080040450654644,-13.591758402963258,0.0,1.2309353737828292,1.9000561297220857,0.0,-4.418808153438367,1.302247469991897,0.0,-4.724697810703409,-16.031924568529615,48.170257561933205,103.82198010858106,151.99223767051427
11.674000000000568,9.81,3.93,1,1,0.01,0.01,-5.7028538347389235,8.10511445685051,-2.0992603279468582,5.706423559707349,2.8794831393647238,-13.316063247017855,0.0,1.2220955830031004,1.9026378285526993,0.0,-4.420972190619002,1.2794598849194228,0.0,-4.615220625853417,-15.947168239474864,48.080005732029505,103.91148907172459,151.9914948037541
11.676000000000569,9.81,3.93,1,1,0.01,0.01,-5.707046729142021,8.11650085184116,-2.0937002772875175,5.680060813915556,2.68087716258691,-13.047915563629584,0.0,1.2132515374818373,1.9051739977537334,0.0,-4.423063033105671,1.2567178795232388,0.0,-4.507043380478968,-15.86269861328213,47.99153253096161,103.9992259745801,151.9907585055417
11.67800000000057,9.81,3.93,1,1,0.01,0.01,-5.711228899442695,8.12783505273772,-2.0885356333454075,5.654227038051532,2.484047711923975,-12.787050493369742,0.0,1.2044033824801685,1.9076647287830752,0.0,-4.425081800001562,1.234021761275394,0.0,-4.400140758027319,-15.778476034059555,47.9048388129637,104.0851897780595,151.9900285910232
11.68000000000057,9.81,3.93,1,1,0.01,0.01,-5.71540113301546,8.139118103084554,-2.0837630138924608,5.628907920403851,2.2888247111904128,-12.53321670299015,0.0,1.1955512610898515,1.9101101137614567,0.0,-4.427029541913145,1.2113718856072704,0.0,-4.294488839471375,-15.694461119365744,47.81992526775433,104.16937961313123,151.98930488088556
11.68200000000057,9.81,3.93,1,1,0.01,0.01,-5.719564210807578,8.15035101829663,-2.0793793724645266,5.60408963902411,2.095042406483042,-12.286175644324432,0.0,1.1866953143675987,1.9125102455689813,0.0,-4.428907243576342,1.1887686565276516,0.0,-4.190065056008292,-15.61061471103783,47.73679242072084,104.25179478037967,151.9885872011005
11.684000000000571,9.81,3.93,1,1,0.01,0.01,-5.723718908002203,8.161534786613942,-2.075381990107963,5.579758836854851,1.902538978550516,-12.045700864343168,0.0,1.1778356814643829,1.9148652179429688,0.0,-4.430715826284701,1.1662125273426698,0.0,-4.086848145237694,-15.526897827094192,47.65544063279714,104.33243474988168,151.98787538267882
11.686000000000572,9.81,3.93,1,1,0.01,0.01,-5.727865994665787,8.172670370007534,-2.071768467880746,5.555902598189442,1.7111561756145761,-11.81157736253038,0.0,1.1689724997500406,1.9171751255773661,0.0,-4.432456150132075,1.1437040014785806,0.0,-3.9848181106132325,-15.443271614605855,47.57587010003927,104.41129916139963,151.9871692614389
11.688000000000573,9.81,3.93,1,1,0.01,0.01,-5.732006236381194,8.18375870503971,-2.068536720068906,5.532508426372834,1.5207389649561294,-11.583600992079024,0.0,1.1601059049335931,1.9194400642238816,0.0,-4.434129016081003,1.1212436334091611,0.0,-3.8839561839790013,-15.359697303435162,47.49808085289817,104.48838782488643,151.98646867778461
11.690000000000573,9.81,3.93,1,1,0.01,0.01,-5.73614039486795,8.194800703680801,-2.0656849680823246,5.509564222658816,1.331135201721903,-11.361577901697265,0.0,1.1512360311795757,1.9216601307951025,0.0,-4.435735167867228,1.0988320296892948,0.0,-3.7842447910149066,-15.276136160746574,47.42207275519096,104.56370072130417,151.98577347649513
11.692000000000574,9.81,3.93,1,1,0.01,0.01,-5.740269228590922,8.205797254084754,-2.0632117349968877,5.487058266145508,1.1421953135409537,-11.145324015088335,0.0,1.1423630112207248,1.92383542346978,0.0,-4.437275293749668,1.076469850097093,0.0,-3.685667519429952,-15.192549446198663,47.34784550276946,104.63723800375465,151.98508350652412
11.694000000000575,9.81,3.93,1,1,0.01,0.01,-5.744393493358713,8.216749221325587,-2.0611158407126804,5.464979194716497,0.9537719996604873,-10.934664545409975,0.0,1.13348697646731,1.9259660418005047,0.0,-4.438750028114404,1.0541578088869685,0.0,-3.588209089753493,-15.108898367731445,47.27539862188412,104.70899999892353,151.98439862080767
11.696000000000575,9.81,3.93,1,1,0.01,0.01,-5.748513942912955,8.227657448096704,-2.059396397700384,5.443315986920152,0.7657199434224532,-10.729433542241548,0.0,1.1246080571133934,1.9280520868240034,0.0,-4.440159952940487,1.0318966761564896,0.0,-3.4918553285857565,-15.02514403786784,47.20473146724036,104.77898720884056,151.9837186760809
11.698000000000576,9.81,3.93,1,1,0.01,0.01,-5.752631329509673,8.23852275537482,-2.058052807310284,5.422057944724408,0.5778955370049048,-10.529473468788334,0.0,1.1157263822402927,1.9300936611742998,0.0,-4.4415055991346755,1.0096872793301284,0.0,-3.396593144178627,-14.941247430452467,47.135843219744885,104.84720031295922,151.9830435327041
11.700000000000577,9.81,3.93,1,1,0.01,0.01,-5.7567464044938,8.24934594305026,-2.057084756620356,5.40119467708866,0.39015661744788505,-10.334634807236721,0.0,1.106842079917504,1.9320908691989316,0.0,-4.442787447741407,0.9875305047635202,0.0,-3.302410504227203,-14.857169337754694,47.06873288393495,104.91364017055793,151.98237305449288
11.702000000000577,9.81,3.93,1,1,0.01,0.01,-5.760859918867917,8.260127790525138,-2.0564922158017667,5.380716084298412,0.202362213071723,-10.14477569033917,0.0,1.0979552773013121,1.9340438170785408,0.0,-4.444005931033983,0.9654272994718558,0.0,-3.209296415759535,-14.772870327867963,47.003399285087994,104.97830782347168,151.98170710855968
11.704000000000578,9.81,3.93,1,1,0.01,0.01,-5.764972623856218,8.270869057280947,-2.0562754359818283,5.360612343012014,0.014372299479556079,-9.959761557462038,0.0,1.0890661007313442,1.9359526129500138,0.0,-4.445161433492043,0.9433786729868273,0.0,-3.117240907020662,-14.688310702340296,46.939841066002174,105.04120449915612,151.9810455651583
11.706000000000579,9.81,3.93,1,1,0.01,0.01,-5.769085271464688,8.281570483416916,-2.056434947585975,5.340873891972211,-0.173952435586303,-9.779464833466053,0.0,1.0801746758252782,1.9378173670334808,0.0,-4.446254292670171,0.9213856993465586,0.0,-3.026235011252335,-14.60345045397596,46.87805668344218,105.10233161409366,151.98038829753585
11.70800000000058,9.81,3.93,1,1,0.01,0.01,-5.773198615038425,8.292232790160398,-2.0569715591417297,5.321491418338362,-0.3627508191908628,-9.603764628915627,0.0,1.071281127571903,1.9396381917634438,0.0,-4.44728479996185,0.8994495192233846,0.0,-2.936270752275644,-14.518249224751507,46.81804440424139,105.1616907775496,151.979735181791
11.71000000000058,9.81,3.93,1,1,0.01,0.01,-5.777313409817026,8.302856680350532,-2.057886356528861,5.302455844598083,-0.5521614125406197,-9.432546460229318,0.0,1.0623855804227793,1.941415201924276,0.0,-4.448253201262473,0.877571342194977,0.0,-2.84734113178962,-14.432666263793573,46.75980230105011,105.21928379568573,151.97908609673584
11.71200000000058,9.81,3.93,1,1,0.01,0.01,-5.781430413488896,8.31344283889626,-2.0591807026610294,5.283758316019724,-0.7423227232238372,-9.265701988486438,0.0,1.0534881583826454,1.94314851479044,0.0,-4.449159697534872,0.8557524491642883,0.0,-2.759440118301696,-14.346660385370138,46.703328247720606,105.27511267604378,151.97844092376437
11.714000000000581,9.81,3.93,1,1,0.01,0.01,-5.785550386745351,8.323991933209765,-2.060856237585206,5.265390188609576,-0.9333734108080551,-9.103128775702134,0.0,1.0445889850988017,1.9448382502716814,0.0,-4.450004445280257,0.833994194934583,0.0,-2.672562637610835,-14.260189926850753,46.64861991431655,105.329179632408,151.97779954672455
11.716000000000582,9.81,3.93,1,1,0.01,0.01,-5.789674093835323,8.334504613616302,-2.0629148789859704,5.247343017539992,-1.1254524861828359,-8.944730057468838,0.0,1.0356881839496461,1.9464845310635366,0.0,-4.450787556917097,0.8122980109459974,0.0,-2.586704564766186,-14.173212706595422,46.59567476173397,105.38148709006015,151.9771618517941
11.718000000000583,9.81,3.93,1,1,0.01,0.01,-5.793802303121464,8.34498151374132,-2.065358823082513,5.22960854601671,-1.318699504971545,-8.790414530941216,0.0,1.0267858781325292,1.9480874828034866,0.0,-4.451509101070271,0.7906654081805742,0.0,-2.5018627174266843,-14.085685981736757,46.54449003592152,105.43203769144041,151.97652772736194
11.720000000000583,9.81,3.93,1,1,0.01,0.01,-5.797935787638435,8.355423250875752,-2.0681905459067553,5.212178694555663,-1.513254755273256,-8.640096157213943,0.0,1.0178821907511373,1.9496472342330906,0.0,-4.452169102772232,0.7690979802431783,0.0,-2.4180348505486045,-13.997566405823955,46.495062761683066,105.48083430222803,151.9758970639111
11.722000000000584,9.81,3.93,1,1,0.01,0.01,-5.802075325654115,8.365830426320219,-2.071412804951452,5.195045550641397,-1.7092594399324863,-8.493693977205858,0.0,1.0089772449025423,1.951163917366466,0.0,-4.452767543577803,0.7475974066261479,0.0,-2.335219652328996,-13.90880998630247,46.44738973604837,105.52788001785818,151.97526975390656
11.724000000000585,9.81,3.93,1,1,0.01,0.01,-5.806221701234472,8.37620362570893,-2.0750286411774788,5.17820135874089,-1.9068558534700881,-8.351131940223704,0.0,1.0000711637641202,1.9526376676654884,0.0,-4.453304361593815,0.7261654561659736,0.0,-2.2534167413330786,-13.81937204180843,46.401467521193645,105.57317817049156,151.9746456916852
11.726000000000585,9.81,3.93,1,1,0.01,0.01,-5.8103757048128015,8.38654341931394,-2.0790413813697004,5.161638510648231,-2.106187553743321,-8.212338744430939,0.0,0.9911640706804858,1.9540686242221021,0.0,-4.453779451424515,0.7048039907008369,0.0,-2.1726266647333525,-13.729207159262037,46.35729243689389,105.61673233645506,151.97402477334896
11.728000000000586,9.81,3.93,1,1,0.01,0.01,-5.814538133764008,8.396850362330404,-2.0834546408309,5.14534953613706,-2.3073995283352935,-8.077247688495348,0.0,0.9822560892506258,1.9554569299481588,0.0,-4.454192664033352,0.6835149689383051,0.0,-2.0928508975869544,-13.638269150750434,46.314860552486806,105.65854634417313,151.97340689665992
11.730000000000587,9.81,3.93,1,1,0.01,0.01,-5.8187097929846106,8.407124995143432,-2.088272326403159,5.129327093899101,-2.510638355603934,-7.945796533731239,0.0,0.9733473434153878,1.9568027317732024,0.0,-4.454543806521555,0.6623004505430101,0.0,-2.0140918430758803,-13.546511010196888,46.274167678327764,105.69862428261054,151.9727919609383
11.732000000000587,9.81,3.93,1,1,0.01,0.01,-5.822891495479109,8.417367843577082,-2.093498639805883,5.113563962748475,-2.716052360247158,-7.817927376089928,0.0,0.9644379575454973,1.9581061808506715,0.0,-4.454832641823508,0.6411626004546537,0.0,-1.936352833631983,-13.45388486981983,46.23520935671254,105.73697051024953,151.97217986696208
11.734000000000588,9.81,3.93,1,1,0.01,0.01,-5.827084062953329,8.42757941912602,-2.0991380812792952,5.098053033072683,-2.923791763163687,-7.693586527385323,0.0,0.9555280565302644,1.9593674327729642,0.0,-4.455058888318777,0.620103693447277,0.0,-1.8596381328652891,-13.360341956393198,46.19798085224426,105.77358966462413,151.97157051686838
11.736000000000589,9.81,3.93,1,1,0.01,0.01,-5.831288326415355,8.437760219170311,-2.1051954535217052,5.082787298512401,-3.1340088253070797,-7.572724405170138,0.0,0.9466177658671595,1.960586647795874,0.0,-4.455222219360292,0.5991261189412456,0.0,-1.7839529382096388,-13.265832547327296,46.162477141618815,105.80848667243748,151.9709638140563
11.73800000000059,9.81,3.93,1,1,0.01,0.01,-5.8355051267846205,8.447910727173776,-2.1116758659081554,5.0677598478533366,-3.3468579851439624,-7.455295430702251,0.0,0.9377072117523969,1.961763991072923,0.0,-4.455322262717969,0.5782323860799408,0.0,-1.7093033841942915,-13.17030592659877,46.128692902801475,105.84166676028988,151.97035966309136
11.74000000000059,9.81,3.93,1,1,0.01,0.01,-5.839735315509701,8.458031412866347,-2.118584738977199,5.052963857114519,-3.562495989233696,-7.34125793446197,0.0,0.9287965211727415,1.9628996329001116,0.0,-4.455358599936779,0.5574251290838625,0.0,-1.6356965462442068,-13.073710340567763,46.096622503565975,105.87313546604469,151.96975796961067
11.74200000000059,9.81,3.93,1,1,0.01,0.01,-5.843979755195344,8.468122732410773,-2.1259278091714795,5.038392581818439,-3.7810820153481615,-7.230574068696161,0.0,0.919885821998667,1.9639937489716712,0.0,-4.4553307656079975,0.5367071128952843,0.0,-1.5631404449039281,-12.975992953731236,46.06625998936546,105.90289865086368,151.96915864022913
11.744000000000591,9.81,3.93,1,1,0.01,0.01,-5.848239320239215,8.478185128554035,-2.133711133816525,5.024039349429503,-4.0027777874424455,-7.123209726478117,0.0,0.9109752430790641,1.9650465206474115,0.0,-4.455238246552136,0.516081239127304,0.0,-1.4916440503718145,-12.877099804473113,46.037599070503134,105.93096251194345,151.96856158244657
11.746000000000592,9.81,3.93,1,1,0.01,0.01,-5.852514897478832,8.4882190307638,-2.1419410963206724,5.0098975519482725,-4.22774768167199,-7.019134466780288,0.0,0.902064914337681,1.9660581352322706,0.0,-4.455080480911723,0.4955505523317364,0.0,-1.4212172872216915,-12.776975760884794,46.01063310856768,105.95733359598682,151.9679667045545
11.748000000000593,9.81,3.93,1,1,0.01,0.01,-5.856807386849096,8.49822485535021,-2.1506244115773097,4.995960638649956,-4.456158822527562,-6.9183214450606725,0.0,0.8931549668714568,1.967028786268747,0.0,-4.454856857151945,0.47511824660082974,0.0,-1.3518710391777886,-12.675564476743842,45.985355102098104,105.98201881344578,151.96737391554387
11.750000000000593,9.81,3.93,1,1,0.01,0.01,-5.861117702050819,8.508203005573286,-2.1597681315486303,4.982222108956643,-4.6881811680240135,-6.820747348864616,0.0,0.8842455330509594,1.9679586738428725,0.0,-4.454566712966756,0.45478767251847896,0.0,-1.2836171537967132,-12.572808347754048,45.9617576714392,106.0050254535735,151.96678312501268
11.752000000000594,9.81,3.93,1,1,0.01,0.01,-5.865446771230582,8.518153871736187,-2.1693796510078216,4.968675505433722,-4.923987582733588,-6.726392337939339,0.0,0.8753367466230968,1.9688480049044528,0.0,-4.454209334087908,0.4345623444771566,0.0,-1.2164684468961597,-12.468648468167316,45.93983304274748,106.02636120032562,151.96619424307312
11.754000000000595,9.81,3.93,1,1,0.01,0.01,-5.869795537672207,8.528077831264602,-2.179466713414038,4.955314406901995,-5.16375389729622,-6.635239988350633,0.0,0.8664287428163213,1.9696969936023252,0.0,-4.45378395299396,0.4144459483773819,0.0,-1.1504387065545905,-12.363024587926192,45.919573031104754,106.04603414915363,151.9656071802584
11.756000000000595,9.81,3.93,1,1,0.01,0.01,-5.874164960500097,8.537975248772455,-2.1900374168916072,4.942132421657988,-5.407658952868477,-6.54727724007861,0.0,0.8575216584485068,1.9705058616354099,0.0,-4.453289747516155,0.3944423497271428,0.0,-1.0855426964889259,-12.255875070486924,45.90096902269524,106.0640528247343,151.96502184742954
11.758000000000596,9.81,3.93,1,1,0.01,0.01,-5.878556015394606,8.547846476114168,-2.2011002202816443,4.929123180796033,-5.655884628787526,-6.462494347552496,0.0,0.8486156320377296,1.9712748386203742,0.0,-4.452725839337619,0.3745556021591506,0.0,-1.0217961585979423,-12.147136851504769,45.884011955997956,106.08042619968248,151.96443815568043
11.760000000000597,9.81,3.93,1,1,0.01,0.01,-5.882969695319563,8.557691852423659,-2.2126639492306293,4.9162803316268215,-5.908615851525686,-6.380884832562813,0.0,0.8397108039161556,1.972004162476766,0.0,-4.452091292382182,0.3547899563844549,0.0,-0.959215814438302,-12.036745398588627,45.86869230194577,106.09516371429649,151.96385601624226
11.762000000000597,9.81,3.93,1,1,0.01,0.01,-5.887407011261966,8.567511704140266,-2.2247378022764144,4.9035975311882325,-6.166040582794659,-6.302445438962584,0.0,0.8308073163472569,1.9726940798305108,0.0,-4.451385111088696,0.33514986960119875,0.0,-0.8978193653762433,-11.924634672358579,45.85500004299881,106.10827529738853,151.96327534038733
11.764000000000598,9.81,3.93,1,1,0.01,0.01,-5.891868992983822,8.577306345021789,-2.237331356887628,4.891068439845488,-6.428349784422811,-6.227176088538196,0.0,0.8219053136466212,1.9733448464366892,0.0,-4.450606238566419,0.3156400153779784,0.0,-0.8376254911330847,-11.810737089069532,45.842924651076785,106.11977138825344,151.96269603933024
11.766000000000599,9.81,3.93,1,1,0.01,0.01,-5.896356689785969,8.58707607614482,-2.250454575407439,4.878686714978945,-6.695737357376853,-6.155079837392609,0.0,0.8130049423065377,1.9739567276225813,0.0,-4.449753554626803,0.29626529403127844,0.0,-0.7786538464136928,-11.694983485096849,45.83245506429434,106.12966295983409,151.96211802412842
11.7680000000006,9.81,3.93,1,1,0.01,0.01,-5.900871171283648,8.596821185892532,-2.2641178108471087,4.866446004759181,-6.968400052023977,-6.086162832142172,0.0,0.8041063511246838,1.9745299987519704,0.0,-4.4488258736865385,0.2770308435170418,0.0,-0.7209250552772203,-11.577303083614575,45.82357966243797,106.13796154314225,151.96154120558023
11.7700000000006,9.81,3.93,1,1,0.01,0.01,-5.905413528193467,8.606541949930106,-2.2783318124686724,4.854339942010501,-7.246537346437939,-6.020434265178732,0.0,0.7952096913371083,1.975064945711767,0.0,-4.447821942536464,0.2579420508562544,0.0,-0.6644607028749779,-11.457623463835727,45.816286241123144,106.14467925299812,151.96096549412127
11.7720000000006,9.81,3.93,1,1,0.01,0.01,-5.909984873131254,8.616238631167983,-2.2931077310893704,4.84236213816551,-7.530351289234166,-5.9579063281950795,0.0,0.7863151167558364,1.9755618654220275,0.0,-4.446740437970564,0.23900456411475762,0.0,-0.6092833241446121,-11.335870533225867,45.810561984565204,106.1498288151531,151.9603907997183
11.774000000000601,9.81,3.93,1,1,0.01,0.01,-5.914586341420187,8.625911479713109,-2.308457124033099,4.83050617731509,-7.8200463030803276,-5.89859416310961,0.0,0.7774227839113479,1.9760210663705162,0.0,-4.445579964268869,0.22022430495708328,0.0,-0.5554163890092786,-11.211968503146798,45.80639343689597,106.15342359486476,151.95981703176074
11.776000000000602,9.81,3.93,1,1,0.01,0.01,-5.919219091908404,8.635560732808388,-2.3243919596460723,4.818765610359906,-8.115828944664392,-5.8425158094591865,0.0,0.7685328522002504,1.9764428691729528,0.0,-4.444339050527775,0.20160748179406146,0.0,-0.502884283588211,-11.085839868436887,45.80376647195553,106.15547762699373,151.95924409894926
11.778000000000603,9.81,3.93,1,1,0.01,0.01,-5.923884307795128,8.645186614760544,-2.3409246212850707,4.807133949271476,-8.417907616513972,-5.789692147253202,0.0,0.7596454840384432,1.9768276071601705,0.0,-4.443016147830825,0.18316060354329367,0.0,-0.45171228687821474,-10.957405391488088,45.80266626148447,106.15600564769699,151.95867190918145
11.780000000000603,9.81,3.93,1,1,0.01,0.01,-5.9285831974641665,8.654789336856618,-2.358067910677035,4.795604661472989,-8.72649222564702,-5.740146834199946,0.0,0.7507608450201108,1.9771756269934257,0.0,-4.441609626252667,0.16489049402091632,0.0,-0.40192654231578384,-10.826584091438184,45.80307724164087,106.15502312779365,151.95810036943453
11.782000000000604,9.81,3.93,1,1,0.01,0.01,-5.9333169953234,8.66436909726937,-2.375835050538277,4.784171164352262,-9.041793783594905,-5.69390623612612,0.0,0.7418791040828778,1.9774872893091384,0.0,-4.4401177716884845,0.14680430698203734,0.0,-0.35355402357572124,-10.693293239159594,45.804983077761925,106.15254630788256,151.95752938564448
11.784000000000605,9.81,3.93,1,1,0.01,0.01,-5.938086962648676,8.673926080951833,-2.3942396863302173,4.772826819921724,-9.364023941874919,-5.650999349312458,0.0,0.7330004336794842,1.977762969394373,0.0,-4.43853878250078,0.1289095418259829,0.0,-0.3066224939048142,-10.557448358794133,45.80836662728916,106.14859223529265,151.9569588625818
11.786000000000605,9.81,3.93,1,1,0.01,0.01,-5.942894388430227,8.683460459521365,-2.413295887016211,4.761564929642955,-9.693394456499766,-5.611457713362425,0.0,0.7241250099563584,1.978003057894406,0.0,-4.436870765975006,0.1112140599807937,0.0,-0.26116045822771156,-10.418963236656227,45.81320990077233,106.14317880295093,151.95638870372326
11.788000000000606,9.81,3.93,1,1,0.01,0.01,-5.947740590219499,8.692972391133518,-2.4330181446707067,4.750378729436201,-10.030116574600175,-5.575315313106565,0.0,0.71525301293948,1.97820796155376,0.0,-4.435111734575135,0.09372610197923537,0.0,-0.2171971071967564,-10.277749938405861,45.819494020865825,106.13632479025406,151.95581881111988
11.790000000000607,9.81,3.93,1,1,0.01,0.01,-5.952626914973893,8.70246202034614,-2.4534213727775933,4.739261384898368,-10.374400335701747,-5.542608467923232,0.0,0.7063846267279387,1.9783781039920805,0.0,-4.433259601989856,0.07645430523624808,0.0,-0.1747622522890616,-10.133718835476751,45.827199179228636,106.12804990603166,151.9552490852603
11.792000000000607,9.81,3.93,1,1,0.01,0.01,-5.957554739896666,8.711929477974142,-2.4745209030391253,4.728205986756424,-10.726453779644675,-5.513375706725329,0.0,0.6975200396956107,1.9785139265162843,0.0,-4.431312178959719,0.05940772253444809,0.0,-0.13388625098094314,-9.98677864183542,45.83630459123821,106.11837483369227,151.95467942493048
11.794000000000608,9.81,3.93,1,1,0.01,0.01,-5.9625254732687845,8.721374880935425,-2.4963324805002305,4.717205546586705,-11.086482052565618,-5.487657626724943,0.0,0.6886594447014105,1.9786158889703893,0.0,-4.429267168875197,0.04259584122081522,0.0,-0.09459992095424559,-9.836836462243005,45.84678844842604,106.10732127864262,151.95410972706867
11.796000000000609,9.81,3.93,1,1,0.01,0.01,-5.967540555269175,8.73079833208855,-2.518872256775258,4.706252992834608,-11.454686401780451,-5.465496733942253,0.0,0.679803039308598,1.9786844706244402,0.0,-4.427122163135186,0.026028603113302295,0.0,-0.056934442209818546,-9.683797853293571,45.85862786854178,106.09491201807296,151.95353988661475
11.79800000000061,9.81,3.93,1,1,0.01,0.01,-5.972601458779335,8.740199920062771,-2.542156781145323,4.695341167173332,-11.831263049822704,-5.446937263271469,0.0,0.6709510260135907,1.9787201711039621,0.0,-4.424874636255392,0.009716425110956217,0.0,-0.020921245881515522,-9.52756689861115,45.871798843154814,106.08117095320168,151.95296979635648
11.80000000000061,9.81,3.93,1,1,0.01,0.01,-5.977709690167797,8.749579719081169,-2.5662029892743257,4.684462821244856,-12.2164019373073,-5.432024975759489,0.0,0.6621036124848447,1.9787235113613257,0.0,-4.422521940715514,-0.006329779504741562,0.0,0.01340811153957237,-9.368046299701357,45.886276182697614,106.06612316407163,151.95239934676925
11.80200000000061,9.81,3.93,1,1,0.01,0.01,-5.98286679004943,8.758937788777677,-2.5910281892704896,4.67361061383124,-12.610285323719092,-5.420806930588575,0.0,0.6532610118122844,1.978695034690396,0.0,-4.420061301534142,-0.022098579096508336,0.0,0.04602208994599812,-9.205137484073402,45.902033458861695,106.04979496699045,151.95182842585214
11.804000000000611,9.81,3.93,1,1,0.01,0.01,-5.988074334013951,8.76827417400894,-2.6166500447979053,4.662777108509457,-13.013086234673828,-5.41333122908913,0.0,0.6444234427678944,1.978635307785762,0.0,-4.417489810560052,-0.03757800105284584,0.0,0.07688932478023343,-9.03874073237328,45.91904294425369,106.03221397470378,151.95125691895748
11.806000000000612,9.81,3.93,1,1,0.01,0.01,-5.993333933317453,8.777588904661998,-2.6430865549191433,4.651954771848531,-13.424966743687426,-5.4096467279391875,0.0,0.635591130077992,1.9785449218478433,0.0,-4.414804420468576,-0.05275550856099995,0.0,0.1059788051715277,-8.868755326398661,45.93727554922584,106.01340915939119,151.95068470861702
11.808000000000613,9.81,3.93,1,1,0.01,0.01,-5.998647235530069,8.78688199545897,-2.670356030325597,4.641135972213576,-13.846076076024309,-5.40980271854283,0.0,0.6267643047078311,1.9784244937350026,0.0,-4.412001938451784,-0.06761797681754964,0.0,0.13326007266896917,-8.695079720000171,45.956700755796014,105.99341091856589,151.9501116743619
11.810000000000613,9.81,3.93,1,1,0.01,0.01,-6.004015925132169,8.796153445760009,-2.6984770655869523,4.630312979247528,-14.276548521805363,-5.413848569415788,0.0,0.6179432041591304,1.9782746671637592,0.0,-4.40907901959143,-0.08215166873507038,0.0,0.15870344227429675,-8.51761173501063,45.9772865485798,105.97225114395819,151.949537692538
11.812000000000614,9.81,3.93,1,1,0.01,0.01,-6.009441724050755,8.805403239365962,-2.727468507025225,4.619477964107859,-14.716501145254927,-5.421833328252823,0.0,0.6091280727811872,1.978096113958034,0.0,-4.406032159903946,-0.09634221021634412,0.0,0.18228024754769734,-8.336248784483026,45.99899934266236,105.94996329345457,151.94896263611693
11.814000000000615,9.81,3.93,1,1,0.01,0.01,-6.014926392126883,8.814631344322327,-2.757349415792362,4.608623000542339,-15.166031276785318,-5.433805280209155,0.0,0.6003191620962298,1.9778895353482095,0.0,-4.4028576890473765,-0.11017456508266438,0.0,0.20396311162082414,-8.150888125657548,46.021803908346875,105.92658246615551,151.94838637450238
11.816000000000615,9.81,3.93,1,1,0.01,0.01,-6.020471727504066,8.823837712726277,-2.788139025703741,4.597740066895015,-15.625213774581884,-5.4498114588036195,0.0,0.5915167311397123,1.9776556633205886,0.0,-4.399551762680893,-0.12363300975936137,0.0,0.2237262459990139,-7.961427145216053,46.04566329272646,105.90214548060533,151.9478087733318
11.818000000000616,9.81,3.93,1,1,0.01,0.01,-6.02607956692671,8.833022280538707,-2.8198566953533346,4.586821049140817,-16.094098042499894,-5.469897105749773,0.0,0.5827210468162382,1.9773952620176276,0.0,-4.396110354468601,-0.13670110784056783,0.0,0.24154577906678104,-7.7677636795167215,46.07053873803874,105.87669095623616,151.9472296942749
11.820000000000617,9.81,3.93,1,1,0.01,0.01,-6.031751785936651,8.842184967403465,-2.852521854010262,4.575857745054713,-16.57270479144934,-5.494105075951023,0.0,0.5739323842718314,1.977109129189044,0.0,-4.392529247720744,-0.149361684675825,0.0,0.25740011622133596,-7.5697963726298045,46.096389596777804,105.85025939805126,151.94664899482908
11.822000000000617,9.81,3.93,1,1,0.01,0.01,-6.03749029895482,8.851325676476154,-2.886153940771384,4.564841869628854,-17.061022532072602,-5.522475183864566,0.0,0.5651510272833069,1.9767980976935868,0.0,-4.388804026667101,-0.16159680214412322,0.0,0.2712703335443461,-7.367425075113409,46.123173243554035,105.82289328455738,151.94606652811143
11.824000000000618,9.81,3.93,1,1,0.01,0.01,-6.043297059234028,8.860444294265113,-2.920772336421082,4.553765061858774,-17.559003787459012,-5.555043487455386,0.0,0.5563772686654491,1.9764630370509209,0.0,-4.384930067359668,-0.17338773380639344,0.0,0.2831406068765379,-7.1605512865732726,46.150844983715544,105.79463715893449,151.94548214265004
11.826000000000619,9.81,3.93,1,1,0.01,0.01,-6.049174058667694,8.869540690487446,-2.9563962874280945,4.542618893027185,-18.066561015940184,-5.59184150603838,0.0,0.5476114106967724,1.9761048550426308,0.0,-4.380902528204256,-0.18471494065487218,0.0,0.2929986780757437,-6.949078645137054,46.179357958766275,105.76553772340722,151.9448956821735
11.82800000000062,9.81,3.93,1,1,0.01,0.01,-6.055123327438214,8.878614717943227,-2.9930448214910164,4.531394876621156,-18.58356223573396,-5.632895368452722,0.0,0.5388537655645645,1.9757244993609424,0.0,-4.376716340124021,-0.19555804770842966,0.0,0.3008363601115447,-6.732913467037419,46.20866304864484,105.7356439367569,151.94430698540174
11.83000000000062,9.81,3.93,1,1,0.01,0.01,-6.06114693348748,8.887666212411304,-3.0307366540297176,4.5200844800254085,-19.109826345406603,-5.678224888245817,0.0,0.5301046558299947,1.9753229593031523,0.0,-4.372366196361768,-0.2058958217352715,0.0,0.3066500824680042,-6.511965339532498,46.23870877095909,105.7050071148783,151.94371588583738
11.83200000000062,9.81,3.93,1,1,0.01,0.01,-6.067246981790802,8.896694992570364,-3.069490085010539,4.508679138140745,-19.645118136879653,-5.7278425628732705,0.0,0.5213644149139398,1.9749012675092337,0.0,-4.3678465419325985,-0.21570615042026656,0.0,0.3104414780845366,-6.2861477703910165,46.26944117730772,105.67368103425358,151.9431222115613
11.834000000000621,9.81,3.93,1,1,0.01,0.01,-6.073425613414316,8.905700859949317,-3.1093228854898363,4.49717026908221,-20.189143001077497,-5.78175249436906,0.0,0.5126333876042712,1.9744605017393566,0.0,-4.363151562743978,-0.22496602333173077,0.0,0.3122180127513744,-6.055378897124491,46.30080374686045,105.64172203817202,151.94252578503247
11.836000000000622,9.81,3.93,1,1,0.01,0.01,-6.079685004334674,8.914683598911266,-3.150252173264576,4.485549292116132,-20.741541330377775,-5.839949229517359,0.0,0.5039119305851814,1.974001786687354,0.0,-4.35827517440674,-0.23365151508327447,0.0,0.3119936574826972,-5.819582259051802,46.332737277414275,105.60918914548114,151.94192642289542
11.838000000000623,9.81,3.93,1,1,0.01,0.01,-6.086027363998656,8.923642976675739,-3.1922942770317118,4.473807647998396,-21.30188262685085,-5.902416518288292,0.0,0.4952004129892117,1.9735262958252868,0.0,-4.353211010768134,-0.24173777112884126,0.0,0.3097896039045395,-5.57868763512333,46.365179774194125,105.57614416160207,151.9413239357962
11.840000000000623,9.81,3.93,1,1,0.01,0.01,-6.092454933599112,8.932578743384127,-3.235464588481549,4.461936821877941,-21.86965933093911,-5.969125990197349,0.0,0.4864992169724241,1.9730352532733972,0.0,-4.3479524122067845,-0.24919899667411194,0.0,0.3056350221064423,-5.332631950201712,46.39806633672428,105.54265179148726,151.94071812821153
11.842000000000624,9.81,3.93,1,1,0.01,0.01,-6.098969984042588,8.941490632213638,-3.279777401786028,4.449928368929064,-22.444280391787974,-6.040035749338529,0.0,0.47780873831320736,1.9725299356886645,0.0,-4.342492413739461,-0.2560084492339669,0.0,0.2995678597030125,-5.081360252183041,46.43132904415816,105.50877975413363,151.9401087982918
11.844000000000625,9.81,3.93,1,1,0.01,0.01,-6.105574813582899,8.950378359545372,-3.325245739992624,4.437773942873384,-23.02506460796913,-6.115088890136759,0.0,0.4691293870349983,1.972011674164121,0.0,-4.336823733001072,-0.26213843541376236,0.0,0.2916356800235331,-4.824826761934522,46.46489683952561,105.47459889819751,151.93949573772312
11.846000000000625,9.81,3.93,1,1,0.01,0.01,-6.112271745094039,8.959241625192462,-3.371881167900431,4.425465327546725,-23.61123377587436,-6.194211937390143,0.0,0.4604615880531101,1.9714818561298517,0.0,-4.330938758172493,-0.2675603125407676,0.0,0.2818965363830129,-4.562995997508975,46.49869541343126,105.44018331818006,151.9388787316113
11.848000000000626,9.81,3.93,1,1,0.01,0.01,-6.119063122955039,8.968080112694519,-3.4196935910789485,4.412994471657311,-24.201905692644065,-6.277313215940596,0.0,0.451805781845688,1.9709419272453157,0.0,-4.324829535945515,-0.2722444958208789,0.0,0.270419878277145,-4.295843973460032,46.5326470878213,105.40561047057076,151.93825755839208
11.850000000000627,9.81,3.93,1,1,0.01,0.01,-6.125951309518793,8.976893489684896,-3.468691040794287,4.400353526869009,-24.796087071139524,-6.364281157338983,0.0,0.4431624251486215,1.9703933932712134,0.0,-4.318487759630937,-0.27616047174353536,0.0,0.257287484077711,-4.023359475311456,46.56667070052461,105.37096128924686,151.9376319897715
11.852000000000627,9.81,3.93,1,1,0.01,0.01,-6.132938681136547,8.985681408337538,-3.518879444734054,4.387534889326381,-25.39266643616106,-6.45498255316706,0.0,0.4345319916739785,1.9698378219076542,0.0,-4.3119047575343785,-0.27927681850363084,0.0,0.24259441337788318,-3.745545408315931,46.600681491371994,105.33632029933128,151.93700179070328
11.854000000000628,9.81,3.93,1,1,0.01,0.01,-6.140027623709651,8.994443505900415,-3.5702623835731178,4.374531244716436,-25.99040708380566,-6.549260767252067,0.0,0.42591497285132346,1.9692768445837734,0.0,-4.305071481744905,-0.28156123425189156,0.0,0.22644997054529023,-3.46242021856016,46.63459099079781,105.30177572860856,151.93636671940638
11.856000000000629,9.81,3.93,1,1,0.01,0.01,-6.147220527740456,9.003179405322665,-3.6228408335996862,4.361335616934713,-26.58794019946464,-6.646933921856535,0.0,0.4173118785909008,1.9687121581823055,0.0,-4.297978497504248,-0.2829805740232048,0.0,0.2089786692852443,-3.174019383222323,46.668306911938636,105.2674196154913,151.93572652742995
11.85800000000063,9.81,3.93,1,1,0.01,0.01,-6.154519782854855,9.011888715982709,-3.6766128958264246,4.347941420390095,-27.18375824434538,-6.747793076040542,0.0,0.4087232380673513,1.9681455266808736,0.0,-4.290615973349108,-0.2835008962238944,0.0,0.19032118610263113,-2.880396965354891,46.70173304735776,105.23334791241423,151.935080959772
11.86000000000063,9.81,3.93,1,1,0.01,0.01,-6.161927771770063,9.02057103452461,-3.73157351224598,4.334342515943017,-27.77620873537318,-6.851600417754471,0.0,0.4001496005221922,1.9675787826899822,0.0,-4.282973672245729,-0.2830875195824682,0.0,0.17063528849065568,-2.581627226941846,46.73476917164177,105.19966058341606,151.93442975505783
11.86200000000063,9.81,3.93,1,1,0.01,0.01,-6.169446863682796,9.029225945809912,-3.787714170155277,4.320533270425093,-28.363488558632945,-6.958087494798356,0.0,0.391591536082831,1.9670138288658705,0.0,-4.27504094396464,-0.28170509148118467,0.0,0.15009672148645908,-2.277806292160422,46.767310951239665,105.16646169454691,151.93377264578658
11.864000000000631,9.81,3.93,1,1,0.01,0.01,-6.177079407055158,9.03785302399201,-3.8450225957686057,4.30650861963418,-28.94363897182232,-7.066953513533832,0.0,0.3830496365953787,1.9664526391745332,0.0,-4.266806718973866,-0.2793176685861336,0.0,0.1289000339457098,-1.9690538507624422,46.79924986303795,105.13385949561376,151.9331093586517
11.866000000000632,9.81,3.93,1,1,0.01,0.01,-6.184827721778302,9.046451833719845,-3.903482438665488,4.292264134637268,-29.514541466108607,-7.177863738093805,0.0,0.3745245164678946,1.9658972599814302,0.0,-4.258259504160786,-0.27588881067878335,0.0,0.10725932353798892,-1.6555148892837013,46.83047312329115,105.10196649165434,151.93243961494548
11.868000000000633,9.81,3.93,1,1,0.01,0.01,-6.192694090697381,9.055021931477333,-3.963072948974327,4.277796091144223,-30.07391467182701,-7.290448026729267,0.0,0.3660168135200953,1.965349810939575,0.0,-4.249387380725816,-0.2713816885592386,0.0,0.08540887710066541,-1.337361435402471,46.860863628649966,105.0708995024032,151.93176313105317
11.870000000000633,9.81,3.93,1,1,0.01,0.01,-6.200680750485458,9.063562867064352,-4.023768649574633,4.263101541638271,-30.61931250507322,-7.404299545758037,0.0,0.3575271898347892,1.964812485647062,0.0,-4.240178004624661,-0.26575920683860155,0.0,0.06360368067205861,-1.014794298218311,46.89029991114854,105.04077970789865,151.93107961904718
11.872000000000634,9.81,3.93,1,1,0.01,0.01,-6.208789881859059,9.072074185224423,-4.085539006005645,4.248178389864487,-31.148123762782145,-7.518973705226315,0.0,0.34905633260555563,1.964287552043473,0.0,-4.230618609969353,-0.25898414236172773,0.0,0.04211977132841453,-0.6880447845364958,46.91865610912512,105.01173267826309,151.9303887873882
11.874000000000635,9.81,3.93,1,1,0.01,0.01,-6.217023599133795,9.080555427423324,-4.148348097192658,4.233025467185971,-31.657573381643253,-7.633987363715734,0.0,0.3406049549742936,1.9637773525132725,0.0,-4.220696015830949,-0.25101929890001323,0.0,0.021254400960762004,-0.3573763684588036,46.94580195615214,104.98388838558975,151.9296903417419
11.876000000000635,9.81,3.93,1,1,0.01,0.01,-6.225383939125181,9.089006133781801,-4.212154290537909,4.2176426102195625,-32.144725580405755,-7.748818352574798,0.0,0.3321737968513866,1.9632843036630954,0.0,-4.210396636917564,-0.24182767862404644,0.0,0.001325980447142266,-0.023086288745076268,46.971602790140494,104.95738119577808,151.9289839859186
11.878000000000636,9.81,3.93,1,1,0.01,0.01,-6.23387284940728,9.097425845164269,-4.276909925362622,4.202030739060085,-32.60648910496466,-7.862905372043174,0.0,0.3237636257102323,1.9628108957390067,0.0,-4.199706498629266,-0.2313726707062656,0.0,-0.01732622858426479,0.31449295441833053,46.99591958485492,104.93234983808911,151.92826942294403
11.880000000000637,9.81,3.93,1,1,0.01,0.01,-6.24249217595024,9.105814105423885,-4.34256100912116,4.18619193529568,-33.03962479026159,-7.975648313082906,0.0,0.31537523734684403,1.962359691649283,0.0,-4.188611257014907,-0.21961825721202297,0.0,-0.03434270792156654,0.654992234355886,47.018609006124365,104.90893735014275,151.9275463562671
11.882000000000637,9.81,3.93,1,1,0.01,0.01,-6.251243650167018,9.11417046380271,-4.409046931226012,4.170129518908664,-33.44075564166648,-8.0864090590308,0.0,0.3070094565942093,1.961933325558159,0.0,-4.177096224173872,-0.20652923621338065,0.0,-0.04934459642559473,0.9980045982438072,47.03952349505712,104.88729099605357,151.9268144911107
11.884000000000638,9.81,3.93,1,1,0.01,0.01,-6.260128875409705,9.12249447748371,-4.476300199710695,4.153848123048837,-33.80637962036895,-8.194512820232843,0.0,0.2986671379799317,1.9615345010163945,0.0,-4.165146399656143,-0.19207146180263565,0.0,-0.06193495596426799,1.3430842688775364,47.058511380559935,104.86756215540993,151.92607353596986
11.886000000000639,9.81,3.93,1,1,0.01,0.01,-6.2691493129666185,9.130785714289257,-4.544246206302441,4.137353765562015,-34.13288529173237,-8.299250052417804,0.0,0.29034916631463203,1.9611659885954045,0.0,-4.152746508415512,-0.17621210039332977,0.0,-0.07170042069085537,1.6897458858457823,47.075417023418844,104.84990618084184,151.92532320426068
11.88800000000064,9.81,3.93,1,1,0.01,0.01,-6.278306267622824,9.139043755518447,-4.612803025762256,4.120653916058784,-34.41657046203887,-8.39987900551706,0.0,0.28205645719743216,1.960830622993281,0.0,-4.139881045861229,-0.15891990237673145,0.0,-0.07821325792981143,2.0374640255636773,47.090080994114246,104.83448222200624,151.92456321612048
11.89000000000064,9.81,3.93,1,1,0.01,0.01,-6.287600872858637,9.147268198913004,-4.681881255560389,4.1037575572206295,-34.65366388726139,-8.49562894378337,0.0,0.27378995742380974,1.9605312995832103,0.0,-4.126534330531025,-0.14016548785485566,0.0,-0.0810338649328596,2.3856730404800235,47.10234028641568,104.82145301394338,151.92379330035908
11.89200000000064,9.81,3.93,1,1,0.01,0.01,-6.29703407577297,9.155458661738896,-4.751383902073787,4.0866752389663175,-34.84035008738305,-8.585704070268585,0.0,0.2655506452800753,1.9602709703777235,0.0,-4.112690564871453,-0.11992164480134321,0.0,-0.07971372047085157,2.7337672578987147,47.1120285686236,104.81098462793346,151.92301319655706
11.894000000000641,9.81,3.93,1,1,0.01,0.01,-6.306606621830763,9.163614783967953,-4.821206319502245,4.06941912404479,-34.97279724159768,-8.6692881789118,0.0,0.25733953070782845,1.9600526393859061,0.0,-4.098333904558209,-0.09816363761500958,0.0,-0.07379880356566632,3.0811015781138438,47.11897647409802,104.80324618320782,151.92222265730584
11.896000000000642,9.81,3.93,1,1,0.01,0.01,-6.316319039546054,9.171736231540878,-4.891236207586154,4.052003023585816,-35.047188074071535,-8.745550045646864,0.0,0.24915765532091913,1.9598793573451445,0.0,-4.08344853671773,-0.07486952363469468,0.0,-0.06283348361159566,3.4269925098301193,47.12301193242977,104.7984095181495,151.92142145057926
11.898000000000643,9.81,3.93,1,1,0.01,0.01,-6.326171625224168,9.179822699690078,-4.961353673956956,4.034442421130323,-35.05975356782869,-8.813649556118355,0.0,0.24100609225682962,1.9597542158142565,0.0,-4.068018767321052,-0.05002047478759601,0.0,-0.04636487670616815,3.770719678014546,47.12396054227159,104.79664881995407,151.92060936222566
11.900000000000643,9.81,3.93,1,1,0.01,0.01,-6.336164427897817,9.187873916297825,-5.031431366550068,4.01675448368254,-35.00680926715143,-8.872744551940231,0.0,0.23288594584396502,1.9596803406208998,0.0,-4.052029117910403,-0.023601101156224297,0.0,-0.02394765228089892,4.111527835310538,47.12164598645077,104.7981402121127,151.9197861985635
11.902000000000644,9.81,3.93,1,1,0.01,0.01,-6.346297234602193,9.195889645262355,-5.101334680950766,3.9989580583791984,-34.88479384848264,-8.92199836017662,0.0,0.22479835106609175,1.9596608846629389,0.0,-4.03546443168827,0.004400227117005967,0.0,0.004850737768453334,4.448629402874937,47.11589048953533,104.80306129952643,151.91895178906177
11.904000000000645,9.81,3.93,1,1,0.01,0.01,-6.356569556143217,9.20386968984183,-5.170922046822058,3.981073653460038,-34.69030955841408,-8.960587952204875,0.0,0.2167444728053412,1.9596990200709592,0.0,-4.018309988847861,0.0339910635011621,0.0,0.040444448097128806,4.781207559939256,47.10651531752287,104.8115906715588,151.91810598908168
11.906000000000645,9.81,3.93,1,1,0.01,0.01,-6.366980613520531,9.21181389594353,-5.240045296680419,3.963123402350793,-34.42016403748372,-8.987712658764885,0.0,0.2087255048455171,1.9597979297472472,0.0,-4.000551630853947,0.06517457852468714,0.0,0.08322330123720247,5.108419893554468,47.09334131877243,104.82390736388056,151.917248682653
11.908000000000646,9.81,3.93,1,1,0.01,0.01,-6.377529325172334,9.219722155323456,-5.308550119246212,3.945131009835879,-34.07141297303957,-9.002603348335573,0.0,0.20074266861826157,1.959960798305169,0.0,-3.9821758931959357,0.0979492674284945,0.0,0.13354658924567714,5.429402610906787,47.07618950470811,104.84019028054662,151.91637978525472
11.910000000000647,9.81,3.93,1,1,0.01,0.01,-6.388214295212474,9.227594408659668,-5.376276598412643,3.927121679503192,-33.641402956340286,-9.004531956607995,0.0,0.192797211675774,1.9601908024419377,0.0,-3.9631701459330864,0.13230867660979673,0.0,0.19173669744519375,5.743275306393105,47.05488166819954,104.86061757836697,151.91549924656653
11.912000000000647,9.81,3.93,1,1,0.01,0.01,-6.399033802830988,9.23543064846129,-5.4430598375677395,3.9091220218865055,-33.1278138613965,-8.992821236418635,0.0,0.1848904058753671,1.9604911007869874,0.0,-3.9435227411387572,0.16824115351676533,0.0,0.25807264522919154,6.049146264476459,47.02924103687842,104.88536601627521,151.91460705315365
11.914000000000648,9.81,3.93,1,1,0.01,0.01,-6.409985793027367,9.243230921774211,-5.50873066759213,3.891159943009304,-32.52870001872634,-8.966854580768606,0.0,0.17702354526311356,1.9608648232775077,0.0,-3.923223166130675,0.20572962463659134,0.0,0.3327836510362828,6.346118267416886,46.99909295799286,104.91461027305454,151.9137032310474
11.916000000000649,9.81,3.93,1,1,0.01,0.01,-6.421067868840978,9.250995332644282,-5.573116435370539,3.8732645133434236,-31.842529428875437,-8.926085757206328,0.0,0.16919794364631877,1.9613150601218727,0.0,-3.902262201152422,0.24475140610193408,0.0,0.4160428391279045,6.633294864556573,46.96426561074572,104.94852223743342,151.91278784817914
11.91800000000065,9.81,3.93,1,1,0.01,0.01,-6.432277285235247,9.258724044299075,-5.63604186813139,3.85546581753115,-31.068220250447034,-8.870048380586569,0.0,0.16141493184742817,1.961844850420538,0.0,-3.880632079953712,0.28527805121898736,0.0,0.5079612141947414,6.9097870472453415,46.92459074142521,104.98727027520087,151.9118610166261
11.92000000000065,9.81,3.93,1,1,0.01,0.01,-6.443610944781305,9.26641728101044,-5.697330007404746,3.8377947855736014,-30.205173807160957,-8.798364943674875,0.0,0.1536758546353065,1.9624571705222726,0.0,-3.858326651509579,0.3272752388920418,0.0,0.6085820355592735,7.174720261079284,46.879904416029234,105.03101847859688,151.9109228946261
11.92200000000065,9.81,3.93,1,1,0.01,0.01,-6.455065395272869,9.274075329601736,-5.756803204904993,3.8202830065533036,-29.253303389029934,-8.710755221785572,0.0,0.14598206733350338,1.9631549222011384,0.0,-3.8353415409280713,0.3707027064868772,0.0,0.7178757253756715,7.427241675276658,46.83004778452545,105.07992590379425,151.9099736883197
11.924000000000651,9.81,3.93,1,1,0.01,0.01,-6.4666368293873475,9.281698540566223,-5.8142841712429325,3.8029625263258864,-28.213058174252424,-8.607043869044976,0.0,0.13833493210924552,1.96394092074618,0.0,-3.81167430742913,0.4155142301435586,0.0,0.8357354443728805,7.666527618135677,46.77486785039251,105.1341458027855,151.90901365317802
11.926000000000652,9.81,3.93,1,1,0.01,0.01,-6.478321086488656,9.289287328766267,-5.869597067093601,3.7858656309751337,-27.0854416701048,-8.487167030212863,0.0,0.13073581395123443,1.964817883061213,0.0,-3.787324597140595,0.461657654927643,0.0,0.9619734640660199,7.8917910780117095,46.714218238669126,105.19382485641003,151.90804309507917
11.928000000000653,9.81,3.93,1,1,0.01,0.01,-6.490113656645322,9.296842173686969,-5.922568625330097,3.7690246181672142,-25.872024161370714,-8.351177803362583,0.0,0.1231860763489604,1.9657884158761885,0.0,-3.762294288356586,0.5090749765101638,0.0,1.0963184558254269,8.1022891615054,46.647959955407785,105.2591024155898,151.90706237099758
11.930000000000653,9.81,3.93,1,1,0.01,0.01,-6.502009686913563,9.304363619222425,-5.973029291714722,3.752471558853831,-24.5749487612177,-8.199250405000136,0.0,0.11568707669100323,1.9668550041742419,0.0,-3.736587626844693,0.5577024753062457,0.0,1.2384138047340187,8.297330394923874,46.57596213120526,105.33010975807073,151.906071889276
11.932000000000654,9.81,3.93,1,1,0.01,0.01,-6.514003989909412,9.31185227297799,-6.0208143710460424,3.7362380520507124,-23.196930778757896,-8.031682910095888,0.0,0.10824016140467102,1.9680199999395875,0.0,-3.710211348775427,0.6074709031989224,0.0,1.3878170399307912,8.47628175186692,46.498102741367546,105.4069693680873,151.90507210945486
11.934000000000655,9.81,3.93,1,1,0.01,0.01,-6.526091054667344,9.31930880507762,-6.065765165216311,3.7203549756485343,-21.741250246040703,-7.848898464509526,0.0,0.10084666086411503,1.969285611330867,0.0,-3.683174788883879,0.6583057221480494,0.0,1.5440004534333498,8.638575289236291,46.41426929527145,105.48979424636849,151.90406354163994
11.936000000000655,9.81,3.93,1,1,0.01,0.01,-6.538265059755477,9.326733946471466,-6.107730089452244,3.7048522363904692,-20.211737580798985,-7.651444895758161,0.0,0.0935078840987974,1.9706538923823174,0.0,-3.6554899715612486,0.7101273931560635,0.0,1.706352956711515,8.783714276224252,46.32435948761363,105.57868725778201,151.90304674539564
11.938000000000656,9.81,3.93,1,1,0.01,0.01,-6.550519888590059,9.334128486745303,-6.146565753099348,3.6897585222678906,-18.61275249556166,-7.439992679198035,0.0,0.08622511333863869,1.97212673333126,0.0,-3.6271716827133673,0.7628517132538482,0.0,1.8741831991385902,8.91127870597117,46.22828180448918,105.67374052366915,151.90202232815832
11.940000000000657,9.81,3.93,1,1,0.01,0.01,-6.562849146864943,9.341493271439914,-6.182137991662835,3.675101060638992,-16.949156394483833,-7.215331249555205,0.0,0.07899959843630722,1.9737058516649766,0.0,-3.59823752041363,0.8163901974019003,0.0,2.0467239455845188,9.020930087559252,46.12595607761514,105.77503486555781,151.90099094317296
11.942000000000657,9.81,3.93,1,1,0.01,0.01,-6.5752461819857775,9.348829198895183,-6.214322837425646,3.660905385361615,-15.226278622432545,-6.978363681380875,0.0,0.07183255121088206,1.975392783973085,0.0,-3.568707922616208,0.8706505014937491,0.0,2.2231376826314375,9.112415426697378,46.017313980504746,105.88263930645721,151.89995328696196
11.944000000000658,9.81,3.93,1,1,0.01,0.01,-6.587704104374057,9.356137216640153,-6.243007416807224,3.647195116150928,-13.44987704289715,-6.730099795411478,0.0,0.06472513976022343,1.9771888786832859,0.0,-3.538606170478242,0.925536882017091,0.0,2.4025233950367015,9.18557031662215,45.902299460994506,105.996610635351,151.8989100963455
11.946000000000659,9.81,3.93,1,1,0.01,0.01,-6.600215810483558,9.363418317356595,-6.268090763680381,3.633991753226145,-11.626093519308387,-6.471647780026493,0.0,0.057678482792082764,1.9790952897488905,0.0,-3.5079583661616582,0.9809506873870941,0.0,2.5839244270084176,9.24032107607543,45.78086910522066,106.11699303981689,151.89786214503755
11.94800000000066,9.81,3.93,1,1,0.01,0.01,-6.612774007351283,9.37067353444956,-6.289484539097229,3.621314490101618,-9.761404956057692,-6.204204447084376,0.0,0.05069364402577625,1.9811129713461209,0.0,-3.476793384340013,1.0367908755274369,0.0,2.7663373174457773,9.276685888323922,45.65299242891983,106.24381781093139,151.89681023985122
11.95000000000066,9.81,3.93,1,1,0.01,0.01,-6.625371238487353,9.377903937263838,-6.3071136492547835,3.6091800471113524,-7.8625706196021055,-5.929044268582841,0.0,0.04377162671753293,1.983242673627966,0.0,-3.445142797016221,1.0929545519434314,0.0,2.948721475322441,9.294774913604957,45.518652092773024,106.37710312377895,151.89575521655198
11.95200000000066,9.81,3.93,1,1,0.01,0.01,-6.637999910893363,9.385110625990121,-6.320916755020374,3.597602527938954,-5.936576505808977,-5.6475073641237445,0.0,0.03691336836291098,1.9854849395696594,0.0,-3.4130407716550732,1.149337522313687,0.0,3.1300095415704403,9.294789366611893,45.377844039409965,106.51685389599493,151.8946979354049
11.954000000000661,9.81,3.93,1,1,0.01,0.01,-6.65065232298696,9.392294726308863,-6.3308466678998965,3.586593301064949,-3.9905775473935665,-5.360986628539524,0.0,0.03011973562936049,1.9878401029287276,0.0,-3.380523943042224,1.2058348535197903,0.0,3.3091182677443,9.277019570146651,45.230577550621504,106.66306172584355,151.89363927646505
11.956000000000662,9.81,3.93,1,1,0.01,0.01,-6.6633206932017295,9.399457383823243,-6.336870628932719,3.5761609076491387,-2.0318384656333706,-5.070914203846564,0.0,0.02339151957069896,1.990308287330431,0.0,-3.347631259689847,1.2623414370364117,0.0,3.4849597298768122,9.241842015330588,45.076875224274865,106.81570491039193,151.8925801346668
11.958000000000663,9.81,3.93,1,1,0.01,0.01,-6.675997189026079,9.406599758335283,-6.338970468602255,3.56631099694649,-0.06767406493746236,-4.778747509717771,0.0,0.016729431173287235,1.9928894064773108,0.0,-3.3144038060104384,1.3187525487092882,0.0,3.6564526885871955,9.189715477260519,44.91677287137186,106.97474854339623,151.89152141476808
11.960000000000663,9.81,3.93,1,1,0.01,0.01,-6.68867395624255,9.413723018020917,-6.337142647430694,3.5570462899207325,1.8946102510486043,-4.485955051815611,0.0,0.010134097280789067,1.9955831654698364,0.0,-3.2808846018656266,1.374964399148793,0.0,3.8225339038294597,9.121176252234157,44.750319334616684,107.1401446915938,151.89046402621048
11.962000000000664,9.81,3.93,1,1,0.01,0.01,-6.701343148129877,9.420828333560719,-6.331398178453378,3.5483665712800176,3.8477769952668694,-4.1940022276780535,0.0,0.003606056940910818,1.9983890632138266,0.0,-3.247118381459031,1.4308746692509167,0.0,3.982169214671422,9.036832598210149,44.577576230752484,107.31183264720161,151.8894088779541
11.964000000000665,9.81,3.93,1,1,0.01,0.01,-6.713996954393966,9.427916872282973,-6.321762434220522,3.5402687097231444,5.784713440923964,-3.904337345570685,0.0,-0.0028542417868727687,2.001306395879745,0.0,-3.2131513538731533,1.4863830257160129,0.0,4.134364201029927,8.937358473630809,44.39861761976752,107.48973925358139,151.88835687334893
11.966000000000665,9.81,3.93,1,1,0.01,0.01,-6.726627629600635,9.434989792374955,-6.308274842332619,3.5327467057619244,7.698486139601856,-3.618378063128659,0.0,-0.009246444528387465,2.004334261369062,0.0,-3.1790309478443377,1.5413916118547686,0.0,4.278174255064616,8.823486680815515,44.21352960485197,107.67377930024801,151.88730890509999
11.968000000000666,9.81,3.93,1,1,0.01,0.01,-6.739227520892241,9.442048237216605,-6.29098847476655,3.5257917660835307,9.58239251752019,-3.337498440072905,0.0,-0.015570292767926708,2.007471564733961,0.0,-3.1448055436202074,1.595805509440936,0.0,4.412713904551963,8.696001528598938,44.0224098676917,107.86385598269217,151.88626585038386
11.970000000000667,9.81,3.93,1,1,0.01,0.01,-6.751789094781987,9.449093329888322,-6.269969537380776,3.5193924030435793,11.430009015582662,-3.063016783264,0.0,-0.021825625474701515,2.0107170244886654,0.0,-3.110524194946458,1.6495331678779719,0.0,4.537165248511496,8.555731134597778,43.825367144308025,108.059861421861,151.88522856616902
11.972000000000667,9.81,3.93,1,1,0.01,0.01,-6.764304962833502,9.45612616790144,-6.245296766991833,3.5135345575427004,13.235235304218548,-2.796184443351322,0.0,-0.028012380166009376,2.014069179743736,0.0,-3.076236344380113,1.7024867974820865,0.0,4.650785386055095,8.403539490381931,43.62252064718439,108.2616772376056,151.88419788478998
11.974000000000668,9.81,3.93,1,1,0.01,0.01,-6.776767906048963,9.463147818196159,-6.217060744285017,3.5082017432419206,14.992334171763433,-2.538175700824259,0.0,-0.03413059339702773,2.0175263980888287,0.0,-3.0419915352214772,1.7545827242362824,0.0,4.752912742233968,8.240318412923681,43.41399943985547,108.46917516996284,151.8831746098183
11.976000000000669,9.81,3.93,1,1,0.01,0.01,-6.789170897806325,9.470159312447356,-6.185363131555556,3.5033752098196285,16.695966754402733,-2.2900788559269145,0.0,-0.040180400673840266,2.021086884144699,0.0,-3.007839123395115,1.8057417039303068,0.0,4.842972218894384,8.066979503104168,43.1999417704716,108.68221774179861,151.88215951227022
11.97800000000067,9.81,3.93,1,1,0.01,0.01,-6.8015071252047985,9.477161642713876,-6.150315844870675,3.499034122768436,18.34122284580043,-2.052888612237414,0.0,-0.0461620357928792,2.0247486887015897,0.0,-2.973827992590851,1.8558891941604494,0.0,4.920479123534342,7.884446226944446,42.98049437108608,108.90065895609685,151.88115332718291
11.98000000000067,9.81,3.93,1,1,0.01,0.01,-6.813770008697427,9.484155757461755,-6.112040170696205,3.495155757075984,19.92364609501516,-1.8274998182862752,0.0,-0.052075829616589575,2.0285097183586815,0.0,-2.940006275899017,1.9049555832144238,0.0,4.98504185420856,7.69364622783582,42.75581172954802,109.12434502103847,151.88015675058648
11.98200000000067,9.81,3.93,1,1,0.01,0.01,-6.825953219909983,9.491142557986397,-6.070665837343991,3.4917157020306036,21.43925397162522,-1.6147026059644267,0.0,-0.057922208301396994,2.03236774557783,0.0,-2.906421087042465,1.9528763754024585,0.0,5.03636334301291,7.495503968664569,42.52605534092085,109.35311509596957,151.87917043689043
11.984000000000671,9.81,3.93,1,1,0.01,0.01,-6.838050697566353,9.49812289525314,-6.026330051768539,3.488688074340626,22.884552446771973,-1.415178939167478,0.0,-0.06370169100016804,2.0363204190644923,0.0,-2.8731182641232125,1.999592332911084,0.0,5.07424128399982,7.2909337916911205,42.29139294528893,109.58680205141007,151.878194996699
11.986000000000672,9.81,3.93,1,1,0.01,0.01,-6.850056661461668,9.505097567170035,-5.979176512275172,3.486045736753877,24.256545407495953,-1.229500561664213,0.0,-0.06941488706689669,2.040365274389371,0.0,-2.840142128569204,2.0450495747445485,0.0,5.098567192998789,7.080833471719384,42.05199775866804,109.82523323639325,151.87723099506127
11.988000000000673,9.81,3.93,1,1,0.01,0.01,-6.861965624445495,9.512067316301044,-5.929354407599846,3.4837605194093038,25.552738888751136,-1.0581283100200456,0.0,-0.07506249279648969,2.04449974476589,0.0,-2.807535261691063,2.0891996337764707,0.0,5.109324366289365,6.866078324858402,41.80804770350781,110.06823124664848,151.8762789501563
11.990000000000673,9.81,3.93,1,1,0.01,0.01,-6.873772402398109,9.519032828022443,-5.877017412587018,3.4818034412427554,26.771140272097067,-0.9014127359891165,0.0,-0.08064528773702445,2.048721171901104,0.0,-2.7753383009463644,2.131999473356462,0.0,5.106584822025523,6.6475159214212525,41.55972464496955,110.31561468743789,151.87533933240744
11.992000000000674,9.81,3.93,1,1,0.01,0.01,-6.885472122202976,9.525994729119937,-5.822322690331932,3.4801449288997874,27.910252661484364,-0.7595959634835399,0.0,-0.08616413061572747,2.0530268168409362,0.0,-2.743589757667245,2.173411465299137,0.0,5.090505322462591,6.425961437604139,41.30721363879282,110.56719892522196,151.8744125640148
11.994000000000675,9.81,3.93,1,1,0.01,0.01,-6.897060227737854,9.53295358681913,-5.765429910174819,3.478755030775439,28.96906470384776,-0.6328146883586752,0.0,-0.09161995492303848,2.057413870734577,0.0,-2.712325857643763,2.213403331423225,0.0,5.061322586208322,6.202193666900339,41.050702196139525,110.82279682274867,151.8734990188882
11.996000000000675,9.81,3.93,1,1,0.01,0.01,-6.908532483925126,9.539909908237346,-5.706500290345906,3.4776036239991064,29.94703617448369,-0.5211042150634589,0.0,-0.09701376420157021,2.0618794654476016,0.0,-2.6815804055781727,2.251948051103551,0.0,5.019347807819422,5.976951699056489,40.79037957032732,111.08221945263293,151.87259902296023
11.998000000000676,9.81,3.93,1,1,0.01,0.01,-6.919884978898885,9.546864140240732,-5.645695673372841,3.4766606124063424,30.844079693415058,-0.42440341288216865,0.0,-0.10234662708840114,2.066420683958477,0.0,-2.6513846740436593,2.2890237375460427,0.0,4.9649606070974555,5.750932262066114,40.52643606985656,111.34527678499671,151.87171285485329
12.000000000000677,9.81,3.93,1,1,0.01,0.01,-6.931114124361794,9.55381666968682,-5.583177641589209,3.4758961137828295,31.660538978274857,-0.34256046613695923,0.0,-0.10761967216004353,2.071034570478781,0.0,-2.6217673172021865,2.324613485694749,0.0,4.8986025324945945,5.524787711458987,40.25906240159625,111.61177834527628,151.87084074687255
12.002000000000677,9.81,3.93,1,1,0.01,0.01,-6.942216654218536,9.56076782402963,-5.5191066792387415,3.4752806349228855,32.39716407084829,-0.2753392873594085,0.0,-0.1128340826295347,2.075718140243438,0.0,-2.5927543091691843,2.358705194828771,0.0,4.82077024228604,5.299124641182242,39.988449047440795,111.88153383885297,151.86998288629377
12.004000000000678,9.81,3.93,1,1,0.01,0.01,-6.953189621584823,9.567717872261685,-5.453641386770807,3.474785233309763,33.05508399770915,-0.2224264600150575,0.0,-0.11799109094458182,2.0804683889234856,0.0,-2.564368906564643,2.391291369006557,0.0,4.732008483838134,5.074503081820531,39.71478567718975,112.15435373972291,151.86913941691267
12.006000000000679,9.81,3.93,1,1,0.01,0.01,-6.964030394281134,9.574667026165203,-5.3869377519858865,3.474381664491897,33.6357773399091,-0.1834385777651764,0.0,-0.12309197333435618,2.0852823016202593,0.0,-2.5366316344678053,2.422368898565704,0.0,4.632902985687244,4.851436244856432,39.43826059984437,112.43004984097693,151.8683104408213
12.00800000000068,9.81,3.93,1,1,0.01,0.01,-6.974736648928774,9.581615441843182,-5.319148481732631,3.4740425144927,34.14104119231356,-0.15792985026375295,0.0,-0.12813804435078202,2.0901568614063337,0.0,-2.5095602947017204,2.4519388258903563,0.0,4.524073369575837,4.630390766165321,39.15906025496922,112.70843576540891,151.86749602037813
12.01000000000068,9.81,3.93,1,1,0.01,0.01,-6.985306363772228,9.588563221499964,-5.250422396898688,3.4737413168464806,34.57295898993301,-0.14539985088489432,0.0,-0.1331306514476347,2.095089057384908,0.0,-2.48316999511918,2.480006098617388,0.0,4.406166180424774,4.411787397958203,38.877368745239124,112.98932743509609,151.86669618033523
12.01200000000068,9.81,3.93,1,1,0.01,0.01,-6.995737810356379,9.595510415440346,-5.180903892493103,3.473452654095155,34.933867666894635,-0.1453012892343794,0.0,-0.13807116963798416,2.100075892245637,0.0,-2.4574731983462597,2.506579313370808,0.0,4.27984812182743,4.196002095876061,38.59336741079173,113.27254349929889,151.86591091009063
12.014000000000681,9.81,3.93,1,1,0.01,0.01,-7.006029544189786,9.602457024256177,-5.110732463705135,3.4731522438057585,35.22632459406411,-0.15704770050119077,0.0,-0.14296099626718572,2.1051143893009296,0.0,-2.4324797882660913,2.531670452994472,0.0,4.1457995734009225,3.9833674468064544,38.30723444553578,113.55790572049594,151.86514016603172
12.016000000000682,9.81,3.93,1,1,0.01,0.01,-7.016180394526143,9.60940300116971,-5.040042297957898,3.4728170093743076,35.45307471461314,-0.18002095427879145,0.0,-0.1478015459350892,2.110201598992581,0.0,-2.408197152394449,2.5552946201011713,0.0,4.004708454582473,3.7741743831142442,38.01914455513387,113.84523931880541,151.8643838739393
12.018000000000683,9.81,3.93,1,1,0.01,0.01,-7.0261894533952445,9.616348254503722,-4.968961932168551,3.4724251360648375,35.61701826399885,-0.21357849707204335,0.0,-0.15259424559729462,2.115334604864004,0.0,-2.3846302782099857,2.5774697695760658,0.0,3.8572644875502147,3.5686741302068694,37.72926865598598,114.134373275437,151.863641931423
12.020000000000683,9.81,3.93,1,1,0.01,0.01,-7.036056064012469,9.623292650249425,-4.897613973690838,3.4719561128918843,35.721179423033306,-0.2570602549289065,0.0,-0.15734052987143865,2.1205105289984725,0.0,-2.3617818614540824,2.5982164424696896,0.0,3.7041539001833623,3.3670803365295527,37.43777361419179,114.42514059617017,151.86291421036196
12.022000000000684,9.81,3.93,1,1,0.01,0.01,-7.045779808692062,9.63023601470461,-4.826114882759469,3.4713907610892987,35.76867621115116,-0.3097951351604984,0.0,-0.1620418365703854,2.1257265369283713,0.0,-2.3396524244058106,2.617557503495301,0.0,3.5460545986230145,3.1695713380375037,37.14482202316427,114.71737853616052,151.86220055932478
12.024000000000685,9.81,3.93,1,1,0.01,0.01,-7.055360496384553,9.63717813715601,-4.754574813685364,3.470711250017838,35.76269188292029,-0.3711070785947195,0.0,-0.16669960248034976,2.130979842024705,0.0,-2.318240442163586,2.635517884112998,0.0,3.383631828278335,2.976292512750953,36.85057201831017,115.01092878763909,151.86150080594925
12.026000000000685,9.81,3.93,1,1,0.01,0.01,-7.064798149952668,9.644118772581685,-4.683097511569922,3.469901101448859,35.706448045479526,-0.4403206259751117,0.0,-0.1713152593980246,2.136267709379816,0.0,-2.297542475022467,2.6521243329432065,0.0,3.217534332223035,2.7873586849986403,36.55517712697584,115.30563763228555,151.8608147592614
12.028000000000686,9.81,3.93,1,1,0.01,0.01,-7.074092993293186,9.651057644351198,-4.611780260916636,3.4689451832225084,35.60317966911558,-0.5167659737033539,0.0,-0.175890230437051,2.1415874591995028,0.0,-2.277553305120967,2.667405175010318,0.0,3.048391006980977,2.6028565432410176,36.25878615168794,115.60135606023007,151.860142211918
12.030000000000687,9.81,3.93,1,1,0.01,0.01,-7.083245438404679,9.657994446903325,-4.540713882218755,3.4678296933174604,35.45611211868219,-0.5997835049288298,0.0,-0.1804259266106356,2.1469364697235047,0.0,-2.258266075638843,2.6813900810774256,0.0,2.8768080477990368,2.422847039793231,35.96154308458844,115.89793985777104,151.85948294235948
12.032000000000687,9.81,3.93,1,1,0.01,0.01,-7.092256072492964,9.664928848383209,-4.469982772389211,3.466542135387223,35.26844029095396,-0.6887277918486853,0.0,-0.1849237436938107,2.1523121796956044,0.0,-2.2396724309530325,2.6941098480994996,0.0,2.7033665687026445,2.247367745214447,35.663587050872835,116.19524966598843,151.85883671686128
12.034000000000688,9.81,3.93,1,1,0.01,0.01,-7.101125645197721,9.671860493222916,-4.399664984769351,3.4650712868173104,35.04330990309112,-0.7829710738818846,0.0,-0.18938505936575412,2.157712090406419,0.0,-2.2217626562984063,2.705596191598205,0.0,2.5286206769391364,2.0764351344864957,35.36505227898719,116.49315101248897,151.85820329147617
12.036000000000689,9.81,3.93,1,1,0.01,0.01,-7.109855056015091,9.678789004651513,-4.329832344399784,3.4634071603404117,34.78380094080914,-0.8819062240451161,0.0,-0.19381123062985406,2.1631337673333513,0.0,-2.2045258156286804,2.715881550549838,0.0,2.353095976819513,1.910046786282114,35.06606809531805,116.79151431854244,151.85758241386048
12.03800000000069,9.81,3.93,1,1,0.01,0.01,-7.118445341982515,9.685713987122762,-4.260550594252959,3.4615409602153173,34.492913242061114,-0.9849492223570511,0.0,-0.19820359150675693,2.168574841403164,0.0,-2.187949886526609,2.724998905180888,0.0,2.1772884744264482,1.7481834805510927,34.76675894111758,117.09021488386327,151.85697382498086
12.04000000000069,9.81,3.93,1,1,0.01,0.01,-7.126897665683449,9.692635028650544,-4.191879568204846,3.4594650339321977,34.17355416335945,-1.0915411604348018,0.0,-0.20256345099342876,2.1740330099032152,0.0,-2.1720218911679225,2.7329816078850993,0.0,2.0016638520998637,1.5908111832793572,34.46724440944068,117.38913285125722,151.8563772606979
12.04200000000069,9.81,3.93,1,1,0.01,0.01,-7.135213303621353,9.699551703043989,-4.123873386653983,3.4571728203541006,33.82852825144971,-1.201149805650819,0.0,-0.20689209127951602,2.179506037067699,0.0,-2.1567280224970626,2.7398632273128323,0.0,1.826657079959267,1.43788291056581,34.16763929992746,117.68815315330062,151.85579245322808
12.044000000000691,9.81,3.93,1,1,0.01,0.01,-7.143393635004277,9.706463572036029,-4.056580670871569,3.4546587951444896,33.4605288229148,-1.3132707563580166,0.0,-0.211190766210685,2.184991754365157,0.0,-2.142053764921586,2.7456774055386735,0.0,1.6526723308816245,1.289340467094015,33.868053689338446,117.9871654431449,151.85521913248334
12.046000000000692,9.81,3.93,1,1,0.01,0.01,-7.151440130973775,9.71337018730076,-3.9900447723777748,3.4519184142653225,33.072131338339666,-1.4274282218372574,0.0,-0.2154606999873908,2.1904880605132115,0.0,-2.1279840089742486,2.750457728086768,0.0,1.4800831652248732,1.1451160566431948,33.56859301584131,118.28606401144971,151.854657027291
12.048000000000693,9.81,3.93,1,1,0.01,0.01,-7.1593543443046865,9.720271092356468,-3.924304013878776,3.448948056261471,32.665788445709204,-1.54317546187055,0.0,-0.2197030860865946,2.1959929212459333,0.0,-2.1145031595250736,2.7542376064850345,0.0,1.3092329520682835,1.0051337644887273,33.26935817514938,118.58474769134799,151.85410586649738
12.050000000000693,9.81,3.93,1,1,0.01,0.01,-7.167137899595663,9.727165824352559,-3.8593919385585256,3.445744963976892,32.243826559465624,-1.6600949212999598,0.0,-0.2239190863931897,2.201504368858495,0.0,-2.1015952372488838,2.7570501729287633,0.0,1.140435494730323,0.869310913398727,32.97044562672332,118.88311975323558,151.8535653799589
12.052000000000694,9.81,3.93,1,1,0.01,0.01,-7.17479248396416,9.734053915739834,-3.7953375647918177,3.442307186277369,31.808443836789962,-1.7777980946982548,0.0,-0.22810983052747558,2.2070205015528592,0.0,-2.0892439731660035,2.7589281865601722,0.0,0.9739758297248025,0.7375592964596074,32.67194750836505,119.18108779106169,151.85303529942672
12.054000000000695,9.81,3.93,1,1,0.01,0.01,-7.182319838254045,9.740934895824639,-3.732165643624401,3.438633520285117,31.361709410820424,-1.8959251554663732,0.0,-0.23227641535467847,2.21253948260716,0.0,-2.077432896174414,2.759903950812292,0.0,0.8101111700351008,0.6097862911837704,32.373951757653565,119.47856360167442,151.85251535932798
12.056000000000695,9.81,3.93,1,1,0.01,0.01,-7.189721748758928,9.747808292208376,-3.6698969166461026,3.4347234545631182,30.905563741292042,-2.014144382383475,0.0,-0.23641990466254614,2.2180595393903637,0.0,-2.0661454135804176,2.760009241221932,0.0,0.6490719655397577,0.4858958602942451,32.076542238795305,119.77546305865653,151.85200529745183
12.058000000000696,9.81,3.93,1,1,0.01,0.01,-7.197000039459862,9.75467363211464,-3.6085483721593015,3.4305771136226304,30.441819946075967,-2.1321514149730696,0.0,-0.2405413289930467,2.223578962242483,0.0,-2.055364884711922,2.7592752430859413,0.0,0.49106305553495505,0.3657894452737097,31.77979887358389,120.07170598196056,151.85150485554445
12.060000000000697,9.81,3.93,1,1,0.01,0.01,-7.2041565647721315,9.76153044360697,-3.5481334978135854,3.4261952040664716,29.97216598192591,-2.2496683671020143,0.0,-0.24464168561450172,2.2290961032394225,0.0,-2.0450746877641013,2.7577324983163574,0.0,0.3362648905035901,0.24936675923879628,31.48379777528445,120.36721600453627,151.85101377982073
12.062000000000697,9.81,3.93,1,1,0.01,0.01,-7.211193202792443,9.768378256700725,-3.488662528134728,3.4215789626239754,29.498167549031383,-2.3664428260839125,0.0,-0.24872193862078829,2.2346093748601854,0.0,-2.0352582800819414,2.7554108608417196,0.0,0.18483480251924464,0.13652648598462958,31.188611384374433,120.66192043702267,151.8505318213971
12.064000000000698,9.81,3.93,1,1,0.01,0.01,-7.218111849034942,9.775216604373108,-3.4301426856196806,3.416730106281231,29.021271601383337,-2.482246762287117,0.0,-0.25278301914474643,2.2401172485728846,0.0,-2.025899252128678,2.752339459902704,0.0,0.03690830589829686,0.027166892167922962,30.894308605186723,120.95575013146684,151.85005873665358
12.066000000000699,9.81,3.93,1,1,0.01,0.01,-7.224914410642055,9.782045023475677,-3.3725784142971627,3.41165078466253,28.54281035316357,-2.5968753719174122,0.0,-0.2568258256734398,2.2456182533547056,0.0,-2.016981375424249,2.748546670598594,0.0,-0.10739958811519378,-0.07881364041360957,30.600954942606897,121.2486393449221,151.849594287529
12.0680000000007,9.81,3.93,1,1,0.01,0.01,-7.2316028010541515,9.788863055553959,-3.3159716048643597,3.4063435347759565,28.064005680089124,-2.7101458733092376,0.0,-0.2608512244534975,2.2511109741596886,0.0,-2.0084886447642214,2.744060091056161,0.0,-0.24799305676053032,-0.18151615560728626,30.30861263807973,121.54052560367751,151.84913824175723
12.0700000000007,9.81,3.93,1,1,0.01,0.01,-7.23817893512047,9.795670247578999,-3.2603218107034118,3.4008112381976883,27.585973823633257,-2.8218962747619027,0.0,-0.264860049975457,2.256594050346969,0.0,-2.0004053150484293,2.7389065256126295,0.0,-0.38479416341822403,-0.28104073012468195,30.017340804274554,121.83134956877407,151.8486903730486
12.0720000000007,9.81,3.93,1,1,0.01,0.01,-7.244644724632503,9.802466152595741,-3.2056264542564725,3.3950570807357368,27.109730315091394,-2.931984129738389,0.0,-0.2688531055266291,2.262066174080898,0.0,-1.9927159330603024,2.7331119734288167,0.0,-0.5177415778139394,-0.3774861408342837,29.727195557848983,122.12105490337322,151.8482504612222
12.074000000000702,9.81,3.93,1,1,0.01,0.01,-7.2510020742601755,9.809250330293231,-3.1518810233952315,3.3890845145843596,26.63619504539106,-3.040285293128158,0.0,-0.2728311638027745,2.2675260887133817,0.0,-1.9854053645436907,2.7267016219760873,0.0,-0.6467893273540037,-0.47094958608914705,29.438230149831966,122.40958814246318,151.84781829229513
12.076000000000702,9.81,3.93,1,1,0.01,0.01,-7.2572528778705605,9.816022347501614,-3.0990792575602577,3.382897222954983,26.166197415212913,-3.1466926902858434,0.0,-0.27679496756949085,2.2729725871575983,0.0,-1.9784588169247135,2.719699844870647,0.0,-0.7719055866084706,-0.5615264554061873,29.150495093223864,122.69689856530778,151.84739365853164
12.078000000000703,9.81,3.93,1,1,0.01,0.01,-7.263399015208551,9.82278177862083,-3.047213323568036,3.376499087147925,25.700481508287396,-3.251115108708145,0.0,-0.28074523036498555,2.278404510261347,0.0,-1.9718618580223255,2.71213020356015,0.0,-0.8930715105351392,-0.6493101421897012,28.864038287479378,122.98293807097916,151.84697635845853
12.080000000000704,9.81,3.93,1,1,0.01,0.01,-7.269442348918802,9.829528205985863,-2.9962739810899035,3.369894156011203,25.239711238570028,-3.353476020510353,0.0,-0.2846826372365271,2.2838207451872243,0.0,-1.9656004310841395,2.7040154523998745,0.0,-1.010280115761115,-0.7343918945778707,28.578905139602917,123.2676610572469,151.8465661968498
12.082000000000704,9.81,3.93,1,1,0.01,0.01,-7.2753847218883845,9.836261220173236,-2.946250737898285,3.3630866177179812,24.784475429322327,-3.4537124423167156,0.0,-0.28860784550354746,2.289220223805977,0.0,-1.9596608664736164,2.6953775466883862,0.0,-1.1235352131038439,-0.8168606998785106,28.295138681641717,123.5510243030426,151.84616298468433
12.084000000000705,9.81,3.93,1,1,0.01,0.01,-7.281227954889827,9.842980420253307,-2.8971319950527046,3.3560807737823724,24.335292788892076,-3.5517738377841264,0.0,-0.2925214855410496,2.2946019211085766,0.0,-1.954029890322277,2.686237653265015,0.0,-1.2328503935152004,-0.8968031984423296,28.012779684413232,123.8329868546681,151.84576653908135
12.086000000000706,9.81,3.93,1,1,0.01,0.01,-7.286973844504671,9.849685413992765,-2.8489051822621723,3.348881015224167,23.89261675417994,-3.647621066735595,0.0,-0.29642416157750806,2.2999648536417228,0.0,-1.9486946304461807,2.6766161633033563,0.0,-1.3382480687628084,-0.974303623192869,27.731866767348258,124.11350991586707,151.84537668321533
12.088000000000706,9.81,3.93,1,1,0.01,0.01,-7.292624161308159,9.856375818011529,-2.801556883712866,3.341491800786217,23.456840178391378,-3.7412253837808676,0.0,-0.3003164525021139,2.3053080779708695,0.0,-1.9436426198102368,2.6665327069660325,0.0,-1.4397585674138982,-1.049443761388009,27.4524365043712,124.39255674184352,151.84499324621473
12.090000000000707,9.81,3.93,1,1,0.01,0.01,-7.298180648296315,9.863051257898043,-2.7550729546916974,3.3339176371034305,23.028299844712162,-3.832567488341064,0.0,-0.30419891267670585,2.3106306891741553,0.0,-1.938861797807541,2.656006169615717,0.0,-1.5374192860493943,-1.122302935525559,27.174523525773882,124.67009253727194,151.84461606304583
12.092000000000708,9.81,3.93,1,1,0.01,0.01,-7.303645019537372,9.86971136828678,-2.709438629368489,3.3261630607193595,22.607280792029076,-3.9216366271630063,0.0,-0.30807207274828274,2.3159318193700886,0.0,-1.9343405096037993,2.645054709306016,0.0,-1.6312738951003474,-1.1929580006228582,26.89816061607014,124.9460843583154,151.84424497438553
12.094000000000708,9.81,3.93,1,1,0.01,0.01,-7.309018959030243,9.87635579290153,-2.6646386201232266,3.318232621844911,22.194020442768977,-4.008429749697373,0.0,-0.31193644045846725,2.321210636281285,0.0,-1.9300675037798019,2.63369577530278,0.0,-1.7213715982554347,-1.2614833553964153,26.623378807844272,125.22050101864005,151.8438798264843
12.096000000000709,9.81,3.93,1,1,0.01,0.01,-7.314304119753519,9.882984184567876,-2.6206572088211573,3.3101308697535954,21.78871252637983,-4.092950716113954,0.0,-0.31579250144672255,2.326466341836089,0.0,-1.9260319284878098,2.6219461274119253,0.0,-1.8077664440278582,-1.327950965141821,26.35020747162973,125.49331299939169,151.8435204710214
12.09800000000071,9.81,3.93,1,1,0.01,0.01,-7.319502122889318,9.889596205197995,-2.577478330448406,3.301862339708681,21.391510794959032,-4.1752095572260775,0.0,-0.31964072004456345,2.3316981708094966,0.0,-1.9222233263208497,2.609821855913706,0.0,-1.8905166877833333,-1.3924303943663934,26.07867440187325,125.76449236308136,151.84316676495462
12.10000000000071,9.81,3.93,1,1,0.01,0.01,-7.3246145572071075,9.89619152575076,-2.535085649525155,3.293431541319521,21.00253253008454,-4.255221785185136,0.0,-0.3234815400583816,2.3369053895044023,0.0,-1.9186316280775892,2.597338401925549,0.0,-1.9696842023094079,-1.4549888474578263,25.80880589905557,126.03401267130985,151.8428185703654
12.10200000000071,9.81,3.93,1,1,0.01,0.01,-7.32964297859348,9.902769826169912,-2.4934626297130977,3.2848429482269283,20.621861842059026,-4.333007753476368,0.0,-0.3273153855388038,2.3420872944738633,0.0,-1.915247145589635,2.584510578036274,0.0,-2.0453339348418558,-1.515691215881919,25.540626848054057,126.30184890624724,151.8424757543013
12.104000000000712,9.81,3.93,1,1,0.01,0.01,-7.334588909714681,9.909330795302834,-2.4525925970296085,3.2761009890206827,20.249552764573245,-4.408592064486558,0.0,-0.3311426615349279,2.347243211284798,0.0,-1.9120605637630712,2.5713525890733258,0.0,-2.117533408348736,-1.5746001305925779,25.274160792841876,126.5679773957743,151.8421381886162
12.106000000000712,9.81,3.93,1,1,0.01,0.01,-7.3394538397995115,9.915874130802333,-2.4124587970735303,3.267210039295932,19.88563214927004,-4.482003022718696,0.0,-0.3349637548319466,2.352372493323243,0.0,-1.9090629319716654,2.5578780528822525,0.0,-2.186352264800124,-1.6317760185083983,25.009430007628854,126.83237574218153,151.8418057498104
12.108000000000713,9.81,3.93,1,1,0.01,0.01,-7.344239224531026,9.922399539013579,-2.3730444466572873,3.2581744147592326,19.530102365876598,-4.553272131584967,0.0,-0.3387790346710291,2.3574745206411043,0.0,-1.9062456549256432,2.5441000210134694,0.0,-2.2518618481148884,-1.6872771620637113,24.746455564553976,127.09502275431672,151.84147831887068
12.110000000000714,9.81,3.93,1,1,0.01,0.01,-7.348946486036211,9.928906734848255,-2.3343327802277205,3.248998365299231,19.1829438145076,-4.622433631614254,0.0,-0.3425888534504834,2.362548698844096,0.0,-1.9036004831272602,2.530030999225925,0.0,-2.314134824469671,-1.7411597609791625,24.485257398045825,127.35589838306528,151.8411557811111
12.112000000000714,9.81,3.93,1,1,0.01,0.01,-7.353577012963616,9.935395441647724,-2.2963070914440964,3.2396860699413623,18.84411725745115,-4.689524077853472,0.0,-0.3463935474075359,2.3675944580204584,0.0,-1.9011195030126036,2.515682967730313,0.0,-2.373244837674161,-1.7934779955190305,24.22585436596981,127.61498366004594,151.84083802601575
12.114000000000715,9.81,3.93,1,1,0.01,0.01,-7.358132160639585,9.941865391036947,-2.258950770266562,3.230241632610428,18.513565978268613,-4.754581954220697,0.0,-0.3501934372801213,2.3726112517098352,0.0,-1.8987951268679537,2.501067401106482,0.0,-2.429266197356412,-1.8442840906105658,23.96826430768379,127.87226063939981,151.8405249470836
12.116000000000716,9.81,3.93,1,1,0.01,0.01,-7.362613251294453,9.948316322770653,-2.222247335892287,3.220669078629384,18.19121777638842,-4.817647322572622,0.0,-0.35398882894836226,2.3775985559116175,0.0,-1.8966200825989412,2.486195287840232,0.0,-2.4822735977581107,-1.8936283802962868,23.712504099123947,128.12771234255217,151.84021644167612
12.118000000000716,9.81,3.93,1,1,0.01,0.01,-7.367021574350749,9.95474798457321,-2.1861804658599397,3.210972351887123,17.87698680558269,-4.878761504278125,0.0,-0.3577800140554961,2.38255586813194,0.0,-1.8945874034214003,2.4710771494342993,0.0,-2.5323418650090086,-1.9415593720742654,23.45858970504366,128.38132270582395,151.8399124108676
12.120000000000717,9.81,3.93,1,1,0.01,0.01,-7.371358386766007,9.96116013197342,-2.1507340216262594,3.2011553126124155,17.570775264802396,-4.937966792137226,0.0,-0.3615672706081534,2.38748270646845,0.0,-1.8926904175341648,2.455723059056836,0.0,-2.5795457308290133,-1.9881238107550956,23.20653622852656,128.63307653077297,151.83961275929954
12.122000000000718,9.81,3.93,1,1,0.01,0.01,-7.375624913423463,9.967552528135448,-2.115892070901543,3.1912217356954202,17.272474949833008,-4.995306190546479,0.0,-0.3653508635560083,2.3923786087318777,0.0,-1.890922737826313,2.4401426596982763,0.0,-2.6239596306931245,-2.033366741528743,22.95635795789416,128.88295943714385,151.83931739503802
12.124000000000718,9.81,3.93,1,1,0.01,0.01,-7.3798223475643985,9.973924943686868,-2.081638907014011,3.1811753095023154,16.98196867413551,-5.05082318188589,0.0,-0.3691310453509198,2.3972431316034153,0.0,-1.8892782516641624,2.424345181814138,0.0,-2.6656575245861194,-2.077331571990469,22.708068411125787,129.13095781830964,151.83902622943543
12.126000000000719,9.81,3.93,1,1,0.01,0.01,-7.383951851256453,9.980277156544814,-2.0479590655564555,3.171019635132561,16.69913156707284,-5.104561517184836,0.0,-0.37290805648575087,2.4020758498268497,0.0,-1.8877511107969205,2.40833946043727,0.0,-2.7047127385689262,-2.120060132923717,22.461680377906273,129.37705879908938,151.83873917699566
12.12800000000072,9.81,3.93,1,1,0.01,0.01,-7.388014555892715,9.98660895174103,-2.0148373385523755,3.160758226072104,16.42383225750205,-5.156565029212334,0.0,-0.37668212601315987,2.4068763554343846,0.0,-1.8863357214140666,2.3921339517481575,0.0,-2.7411978254751035,-2.161592737679863,22.217205959414393,129.62125019582967,151.83845615524407
12.13000000000072,9.81,3.93,1,1,0.01,0.01,-7.392011562716853,9.992920121246597,-1.982258786363104,3.150394508199458,16.155933950451516,-5.206877466230187,0.0,-0.3804534720446694,2.41164425700505,0.0,-1.8850267343822245,2.375736749096478,0.0,-2.7751844431527233,-2.201968240030827,21.9746566059609,129.86352047864017,151.83817708460106
12.13200000000072,9.81,3.93,1,1,0.01,0.01,-7.395943943369966,9.999210463796988,-1.950208747542282,3.139931820105007,15.89529540430837,-5.255542344741534,0.0,-0.38422230223041365,2.416379178954606,0.0,-1.8838190356846907,2.3591555984709625,0.0,-2.8067432487628543,-2.241224090401613,21.73404315258247,130.10385873567765,151.83790188826012
12.134000000000722,9.81,3.93,1,1,0.01,0.01,-7.39981274045526,10.005479784718045,-1.9186728468294936,3.1293734136871403,15.641771815624407,-5.302602819663154,0.0,-0.387988814219984,2.421080760855836,0.0,-1.882707737082512,2.342397913418025,0.0,-2.8359438077401165,-2.279396390416231,21.49537585269391,130.34225463937622,151.83763049207013
12.136000000000722,9.81,3.93,1,1,0.01,0.01,-7.403618968116994,10.011727895753392,-1.887637001460996,3.1187224549918544,15.395215618316243,-5.3481015704447,0.0,-0.3917531961048333,2.425748656788124,0.0,-1.8816881670122834,2.3254707894124813,0.0,-2.862854516112539,-2.316519945712859,21.258664409896966,130.57869841452467,151.83736282442163
12.138000000000723,9.81,3.93,1,1,0.01,0.01,-7.407363612630513,10.017954614893759,-1.857087425962264,3.107982025265331,15.155477203692826,-5.392080701751814,0.0,-0.395515626842717,2.4303825347152372,0.0,-1.8807558617324966,2.3083810176862234,0.0,-2.887542534966879,-2.3526283170030253,21.023918008040972,130.81318080809666,151.83709881613763
12.140000000000724,9.81,3.93,1,1,0.01,0.01,-7.411047633000457,10.024159766208582,-1.8270106355745508,3.097155122191669,14.922405567397892,-5.434581657421083,0.0,-0.39927627666469045,2.4349820758902228,0.0,-1.8799065567274402,2.2911350985226417,0.0,-2.910073735930843,-2.387753869365572,20.791145339626077,131.04569306074205,151.83683840036812
12.142000000000724,9.81,3.93,1,1,0.01,0.01,-7.414671961564599,10.030343179680257,-1.7973934484558332,3.086244661290447,14.695848889008367,-5.475645146483839,0.0,-0.4030353074651766,2.439546974286373,0.0,-1.8791361783749343,2.2737392540264785,0.0,-2.930512656625559,-2.421927819779198,20.560354632636415,131.2762268798527,151.8365815124891
12.144000000000725,9.81,3.93,1,1,0.01,0.01,-7.418237504600946,10.036504691041323,-1.768222986785379,3.0752534774511027,14.475655049688132,-5.515311080140755,0.0,-0.40679287317562646,2.444076936053209,0.0,-1.8784408358820472,2.2561994403801116,0.0,-2.9489224651194776,-2.455180282908472,20.331553675886582,131.50477441411834,151.83632809000494
12.146000000000726,9.81,3.93,1,1,0.01,0.01,-7.421745142936069,10.042644141614833,-1.7394866768907018,3.064184326583288,14.261672092961133,-5.553618518650928,0.0,-0.4105491201223389,2.44857167899648,0.0,-1.8778168134909305,2.238521359598434,0.0,-2.965364932488641,-2.487540315167008,20.104749842960974,131.73132822949427,151.83607807245525
12.148000000000726,9.81,3.93,1,1,0.01,0.01,-7.425195732552789,10.048761378158131,-1.711172248505877,3.0530398873643336,14.053748633341854,-5.590605627177134,0.0,-0.4143041873689498,2.4530309320811754,0.0,-1.8772605629552022,2.2207104707954692,0.0,-2.979900412658299,-2.5190359570887875,19.87995011482213,131.95588128650314,151.83583140132527
12.150000000000727,9.81,3.93,1,1,0.01,0.01,-7.428590105195601,10.0548562527102,-1.6832677332610257,3.0418227630668095,13.851734217245841,-5.626309639702691,0.0,-0.4180582070441475,2.4574544349565963,0.0,-1.8767686962858519,2.2027720009765077,0.0,-2.9925878287664194,-2.5496942740442794,19.657161101160245,132.17842691879952,151.83558801995977
12.152000000000728,9.81,3.93,1,1,0.01,0.01,-7.431929068972389,10.060928622442736,-1.6557614624942443,3.030535483450866,13.65547964029973,-5.660766830204989,0.0,-0.4218113046551551,2.4618419375025518,0.0,-1.8763379787644208,2.1847109553700848,0.0,-3.0034846653514995,-2.579541395342578,19.43638906055286,132.39895881292796,151.83534787348083
12.154000000000728,9.81,3.93,1,1,0.01,0.01,-7.435213408951143,10.066978349515056,-1.6286420644692952,3.0191805067075985,13.464837224880707,-5.694012490336892,0.0,-0.4255635993874922,2.466193199395764,0.0,-1.8759653222200652,2.1665321273145333,0.0,-3.012646965724954,-2.6086025517640627,19.217639919500098,132.6174709892087,151.8351109087088
12.156000000000729,9.81,3.93,1,1,0.01,0.01,-7.438443887750599,10.073005300932941,-1.6018984610750095,3.0077602214411217,13.279661061438663,-5.726080912928454,0.0,-0.4293152043915549,2.470507989695615,0.0,-1.8756477785663177,2.1482401077140105,0.0,-3.0201293339423545,-2.6369021115707034,19.000919290397647,132.83395778368907,151.8348770740867
12.15800000000073,9.81,3.93,1,1,0.01,0.01,-7.441621246123801,10.079009348411466,-1.5755198640754986,2.996276948678345,13.099807216892247,-5.757005380679351,0.0,-0.43306622705653547,2.474786086448393,0.0,-1.8753825335925418,2.1298392940790327,0.0,-3.0259849408381596,-2.6644636150427625,18.78623248850638,133.0484138311017,151.83464631960808
12.16000000000073,9.81,3.93,1,1,0.01,0.01,-7.444746203533782,10.084990368241874,-1.5494957709739423,2.9847329438966623,12.925133913142522,-5.786818159466392,0.0,-0.43681676927216745,2.479027276309215,0.0,-1.8751669010044987,2.111333899166577,0.0,-3.030265533635477,-2.69130980759177,18.5735845479746,133.2608340487729,151.8344185967475
12.162000000000731,9.81,3.93,1,1,0.01,0.01,-7.447819458720622,10.090948241162506,-1.5238159605468746,2.9731303990608455,12.755501678513909,-5.815550495740571,0.0,-0.4405669276787893,2.4832313541808344,0.0,-1.8749983167079283,2.092727959234737,0.0,-3.03302144868586,-2.7174626715001238,18.362980236965893,133.47121362142857,151.83419385839446
12.164000000000732,9.81,3.93,1,1,0.01,0.01,-7.4508416902592955,10.09688285223382,-1.4984704881004836,2.9614714446614636,12.59077347471243,-5.843232617534575,0.0,-0.44431679390622697,2.4873981228685924,0.0,-1.8748743333287012,2.074025341926692,0.0,-3.0343016269343206,-2.742943456337843,18.154424071942685,133.6795479868474,151.8339720587901
12.166000000000732,9.81,3.93,1,1,0.01,0.01,-7.4538135571077895,10.10279409071748,-1.4734496804954746,2.9497581517480396,12.430814801685417,-5.869893738645251,0.0,-0.448066454801939,2.4915273927507755,0.0,-1.8747926149627554,2.0552297537986557,0.0,-3.034153631742155,-2.7677727081066243,17.9479203311531,133.88583282231326,151.83375315346638
12.168000000000733,9.81,3.93,1,1,0.01,0.01,-7.456735699145076,10.108681849959487,-1.4487441309824727,2.9379925339510002,12.27549378257409,-5.895562065595183,0.0,-0.4518159926488916,2.4956189814636875,0.0,-1.8747509321488294,2.0363447475060976,0.0,-3.0326236687344066,-2.7919702971607987,17.74347306736573,134.09006403182266,151.8335370991884
12.170000000000734,9.81,3.93,1,1,0.01,0.01,-7.459608737698602,10.114546027277363,-1.4243446938857358,2.926176549487225,12.12468123077058,-5.920264807014632,0.0,-0.45556548537358843,2.4996727136007593,0.0,-1.8747471570568661,2.0173737286623137,0.0,-3.0297566073705857,-2.8155554449539655,17.541086119895162,134.29223773400378,151.83332385389895
12.172000000000734,9.81,3.93,1,1,0.01,0.01,-7.462433276061012,10.120386523851304,-1.400242479169101,2.9143121031446846,11.978250700923363,-5.944028185119042,0.0,-0.4593150067446943,2.503688420425064,0.0,-1.8747792588848484,1.9983199623830195,0.0,-3.025596003966368,-2.8385467496590056,17.34076312595805,134.49235025070743,151.8331133766655
12.174000000000735,9.81,3.93,1,1,0.01,0.01,-7.4652098999959255,10.126203244619287,-1.3764288469145518,2.902401048242275,11.83607852557937,-5.966877448988602,0.0,-0.4630646265626514,2.507665939594612,0.0,-1.874845299456854,1.9791865795302872,0.0,-3.0201841259207867,-2.8609622107081107,17.142507531397715,134.69039809623197,151.83290562762969
12.176000000000736,9.81,3.93,1,1,0.01,0.01,-7.467939178232596,10.131996098176073,-1.3528954017405683,2.8904451885615132,11.698043839006218,-5.988836889385323,0.0,-0.46681441084069614,2.511605114899858,0.0,-1.8749434290150115,1.9599765826688103,0.0,-3.013561976928114,-2.882819252297983,16.946322600812987,134.88637796714625,151.83270056795922
12.178000000000736,9.81,3.93,1,1,0.01,0.01,-7.47062166294937,10.137764996676031,-1.3296339871844676,2.8784462802472626,11.564028589604481,-6.009929854869267,0.0,-0.47056442197762427,2.5155057960128224,0.0,-1.8750718821981944,1.9406928517470448,0.0,-3.005769322976112,-2.9041347459041535,16.752211427125296,135.08028673267617,151.83249815980147
12.180000000000737,9.81,3.93,1,1,0.01,0.01,-7.473257890245893,10.143509855739746,-1.3066366800702487,2.866406033675103,11.433917542195248,-6.03017876899967,0.0,-0.47431471892272853,2.5193678382473275,0.0,-1.8752289742003532,1.921338149515298,0.0,-2.9968447189528407,-2.924925031846892,16.560176940615346,135.27212142562388,151.83229836623923
12.182000000000738,9.81,3.93,1,1,0.01,0.01,-7.4758483806040585,10.149230594364312,-1.283895784881003,2.8543261152833814,11.30759827135428,-6.04960514842932,0.0,-0.47806535733319366,2.523191102329809,0.0,-1.8754130971013965,1.9019151266925978,0.0,-2.986825535703364,-2.945205939949573,16.370221917460086,135.46187923378892,151.832101151249
12.184000000000738,9.81,3.93,1,1,0.01,0.01,-7.478393639337706,10.154927134837262,-1.261403828152715,2.8422081493683176,11.184961146857942,-6.0682296217200165,0.0,-0.48181638972434376,2.52697545418022,0.0,-1.875622716363807,1.882426326893541,0.0,-2.9757479873945734,-2.964992809329101,16.18234898779771,135.64955749186274,151.83190647966046
12.186000000000739,9.81,3.93,1,1,0.01,0.01,-7.480894157031157,10.16059940265405,-1.2391535529042434,2.830053719840894,11.065899312208902,-6.086071948725941,0.0,-0.48556786561303805,2.5307207647025587,0.0,-1.8758563674882025,1.8628741913260651,0.0,-2.96364715906226,-2.984300507356262,15.996560643347811,135.83515367377007,151.83171431711787
12.18800000000074,9.81,3.93,1,1,0.01,0.01,-7.483350409966648,10.166247326438997,-1.217137913116436,2.817864371944521,10.9503086571199,-6.103151040408505,0.0,-0.4893198316545151,2.534426909584572,0.0,-1.8761126528212577,1.843261063270623,0.0,-2.950557034228845,-3.003143447822497,15.812859244611825,136.01866538543203,151.83152463004384
12.19000000000074,9.81,3.93,1,1,0.01,0.01,-7.485762860540783,10.171870837869646,-1.195350068271646,2.8056416139327447,10.838087784751284,-6.119484978960944,0.0,-0.4930723317730275,2.5380937691062027,0.0,-1.8763902385096383,1.8235891923507361,0.0,-2.9365105224929744,-3.021535608348184,15.63124702767724,136.2000903579265,151.83133738560375
12.192000000000741,9.81,3.93,1,1,0.01,0.01,-7.4881319576701335,10.177469871604425,-1.1737833779634173,2.793386918706485,10.729137974422583,-6.135091038135766,0.0,-0.4968254072864989,2.541721227956387,0.0,-1.8766878515936296,1.8038607386046892,0.0,-2.921539487004318,-3.039490547065802,15.451726110648487,136.37942644102407,151.83115255167255
12.194000000000742,9.81,3.93,1,1,0.01,0.01,-7.4904581371861365,10.183044365213545,-1.1524313965847224,2.7811017254104993,10.62336314044885,-6.1499857036797225,0.0,-0.5005790970255218,2.5453091750577856,0.0,-1.8770042772345126,1.7840777763675086,0.0,-2.9056747717472824,-3.057021418610274,15.274298499724965,136.55667159707735,151.83097009680233
12.196000000000742,9.81,3.93,1,1,0.01,0.01,-7.492741822219452,10.188594259113053,-1.1312878681019123,2.768787440988934,10.520669787688616,-6.164184693793306,0.0,-0.504333437446935,2.548857503399125,0.0,-1.877338356069786,1.7642422979721675,0.0,-2.8889462285673235,-3.074140989447102,15.098966094946643,136.7318238952456,151.83078999019224
12.198000000000743,9.81,3.93,1,1,0.01,0.01,-7.494983423573959,10.194119496501944,-1.1103467209204105,2.7564454416999973,10.420966964332802,-6.177702979541385,0.0,-0.5080884627422235,2.552366109874737,0.0,-1.8776889816906177,1.744356217278466,0.0,-2.8713827438821533,-3.090861652567718,14.925730695625717,136.90488150603335,151.83061220165905
12.200000000000744,9.81,3.93,1,1,0.01,0.01,-7.497183340090581,10.199620023302279,-1.0896020628471914,2.7440770745899123,10.32416621240965,-6.190554805151383,0.0,-0.5118442049410072,2.5558348951310146,0.0,-1.8780550982360653,1.7244213730376976,0.0,-2.8530122650281315,-3.1071954415801435,14.754594005481913,137.07584269612715,151.83043670160907
12.202000000000744,9.81,3.93,1,1,0.01,0.01,-7.499341959001134,10.205095788102193,-1.0690481761541706,2.731683658926433,10.23018151643312,-6.2027537081435575,0.0,-0.5156006940098158,2.559263763419417,0.0,-1.878435698098823,1.704439532100877,0.0,-2.8338618261992945,-3.123154044221748,14.585557637498315,137.24470582351316,151.83026346101147
12.204000000000745,9.81,3.93,1,1,0.01,0.01,-7.501459656272406,10.21054674210175,-1.048679512745836,2.719266487592306,10.138929250576878,-6.214312539245768,0.0,-0.5193579579463976,2.5626526224557677,0.0,-1.8788298197374451,1.6844123924779149,0.0,-2.8139575739428864,-3.1387488153197327,14.418623118513032,137.41146933286007,151.8300924513731
12.206000000000746,9.81,3.93,1,1,0.01,0.01,-7.503536796940681,10.21597283906152,-1.0284906894337151,2.706826828439157,10.050328124716316,-6.225243482051662,0.0,-0.5231160228697462,2.566001383285503,0.0,-1.879236545590173,1.6643415862548367,0.0,-2.7933247921810977,-3.1539907892237458,14.25379189356185,137.576131751152,151.82992364471383
12.208000000000746,9.81,3.93,1,1,0.01,0.01,-7.505573735436917,10.221374035253845,-1.0084764833196351,2.6943659256023413,9.964299129643587,-6.235558072387709,0.0,-0.526874913106049,2.5693099601546336,0.0,-1.8796550000857093,1.6442286823758032,0.0,-2.771987926733925,-3.168890691733938,14.091065329985502,137.73869168355793,151.82975701354343
12.210000000000747,9.81,3.93,1,1,0.01,0.01,-7.5075708159028,10.22675028941669,-0.9886318272891501,2.6818850007773816,9.880765481727412,-6.2452672173596016,0.0,-0.5306346512707569,2.572578270386132,0.0,-1.8800843477464726,1.6240751892963396,0.0,-2.7499706093226624,-3.183458951546721,13.930444721314807,137.89914780952432,151.82959253083914
12.212000000000748,9.81,3.93,1,1,0.01,0.01,-7.5095283724979,10.232101562710007,-0.9689518056160015,2.669385254458649,9.799652567258645,-6.2543812140538275,0.0,-0.5343952583469501,2.575806234261508,0.0,-1.8805237913800077,1.603882557513949,0.0,-2.727295681037803,-3.197705711239349,13.771931290945867,138.05749887907865,151.82943017002452
12.214000000000748,9.81,3.93,1,1,0.01,0.01,-7.511446729698141,10.237427818674535,-0.9494316496780216,2.6568678671410053,9.720887886695232,-6.262909767874426,0.0,-0.5381567537601706,2.5789937749073264,0.0,-1.8809725703544864,1.5836521819819462,0.0,-2.7039852152588093,-3.2116408378136367,13.615526195617171,138.21374370933196,151.82926990494914
12.216000000000749,9.81,3.93,1,1,0.01,0.01,-7.513326202585825,10.242729023192984,-0.93006673378449,2.644334000485151,9.644400998994689,-6.270862010499011,0.0,-0.5419191554498788,2.582140818186437,0.0,-1.8814299589542918,1.5633854044121134,0.0,-2.680060540016569,-3.2252739328179194,13.461230528699353,138.36788118116962,151.82911170986898
12.21800000000075,9.81,3.93,1,1,0.01,0.01,-7.515167097131403,10.248005144453492,-0.9108525711145969,2.6317847984474505,9.57012346619961,-6.278246517441349,0.0,-0.5456824799377177,2.585247292593716,0.0,-1.881895264812002,1.543083515471451,0.0,-2.65554225979222,-3.2386143420657914,13.309045323308078,138.51991023612027,151.82895555942835
12.22000000000075,9.81,3.93,1,1,0.01,0.01,-7.51696971046726,10.25325615291532,-0.8917848097663615,2.619221388375033,9.497988798421348,-6.285071325211373,0.0,-0.5494467423926845,2.5883131291560693,0.0,-1.8823678274130846,1.5227477568781462,0.0,-2.630450276748809,-3.2516711649689403,13.15897155524969,138.66982987339154,151.8288014286412
12.222000000000751,9.81,3.93,1,1,0.01,0.01,-7.51873433115368,10.258482021276704,-0.8728592289150778,2.6066448820669845,9.427932399347574,-6.291343948065773,0.0,-0.5532119566934108,2.5913382613365714,0.0,-1.8828470166699198,1.5023793234015177,0.0,-2.604803811394365,-3.2644532635008723,13.01101014580887,138.81763914706642,151.8286492928753
12.224000000000752,9.81,3.93,1,1,0.01,0.01,-7.520461239437258,10.263682724444786,-0.8540717350801293,2.5940563768024494,9.35989151238369,-6.29707139434498,0.0,-0.5569781354876419,2.5943226249424773,0.0,-1.8833322315618415,1.481979364770559,0.0,-2.578621422677159,-3.276969270807368,12.865161964386848,138.96333716344805,151.8284991278349
12.226000000000752,9.81,3.93,1,1,0.01,0.01,-7.52215070750194,10.268858239507583,-0.8354183584988082,2.5814569563364738,9.293805167521805,-6.302260182394555,0.0,-0.5607452902490646,2.597266158036988,0.0,-1.883822898838042,1.4615489874954366,0.0,-2.5519210275156374,-3.2892275994787847,12.721427830998394,139.10692307854774,151.82835090954615
12.228000000000753,9.81,3.93,1,1,0.01,0.01,-7.523802999712922,10.274008545707902,-0.8168952496056001,2.568847691864423,9.229614129018032,-6.30691635607066,0.0,-0.5645134313315949,2.600168800854555,0.0,-1.8843184717803605,1.44108925660612,0.0,-2.524719919767149,-3.3012364494986723,12.5798085186353,139.24839609570625,151.82820461434156
12.230000000000754,9.81,3.93,1,1,0.01,0.01,-7.525418372853611,10.279133624419162,-0.7984986756152497,2.556229642955801,9.167260843946147,-6.31104549983111,0.0,-0.5682825680212568,2.603030495719601,0.0,-1.884818429023085,1.4206011973120478,0.0,-2.497034788640804,-3.3130038158824213,12.440304755503421,139.38775546334287,151.8280602188463
12.232000000000754,9.81,3.93,1,1,0.01,0.01,-7.526997076355853,10.28423345912305,-0.7802250172077929,2.543603858458302,9.10668939168466,-6.3146527534148165,0.0,-0.572052708585755,2.605851186968472,0.0,-1.8853222734270492,1.4000857965866387,0.0,-2.4688817365611655,-3.3245374960190763,12.302917227140238,139.52500047282416,151.8279176999644
12.234000000000755,9.81,3.93,1,1,0.01,0.01,-7.528539352523629,10.28930803538896,-0.7620707653136433,2.5309713773729086,9.047845434384572,-6.317742826113784,0.0,-0.5758238603218377,2.6086308208744904,0.0,-1.8858295310053947,1.3795440046802192,0.0,-2.44027629649038,-3.3358450967287374,12.167646578419419,139.66013045644638,151.8277770348658
12.236000000000756,9.81,3.93,1,1,0.01,0.01,-7.530045436750431,10.294357340855147,-0.7440325179967285,2.5183332297008527,8.990676168455996,-6.320320010642675,0.0,-0.5795960296005759,2.6113693455759623,0.0,-1.8863397498985683,1.3589767365647298,0.0,-2.4112334487171707,-3.346934041047555,12.034493415448226,139.79314478552573,151.82763820097395
12.238000000000756,9.81,3.93,1,1,0.01,0.01,-7.531515557730482,10.299381365211557,-0.7261069774336101,2.5056904372632305,8.935130277103877,-6.322388196612206,0.0,-0.5833692219106255,2.614066711007019,0.0,-1.8868524993961318,1.3383848733135135,0.0,-2.381767637122021,-3.357811574751551,11.90345830736375,139.9240428685904,151.82750117595413
12.240000000000757,9.81,3.93,1,1,0.01,0.01,-7.532949937664027,10.30438010018426,-0.7082909469864621,2.4930440144940658,8.881157883936188,-6.323950883612934,0.0,-0.5871434418995892,2.616722868831139,0.0,-1.887367369003183,1.3177692634191978,0.0,-2.351892784928277,-3.368484772630176,11.774541788033195,140.05282414966874,151.82736593770193
12.242000000000758,9.81,3.93,1,1,0.01,0.01,-7.534348792456848,10.309353539521444,-0.6905813283677471,2.4803949692075844,8.828710507661347,-6.32501119391716,0.0,-0.5909186934135444,2.6193377723772597,0.0,-1.8878839675492098,1.2971307240526553,0.0,-2.321622309949593,-3.3789605445198596,11.6477443576633,140.1794881066692,151.8272324643325
12.244000000000758,9.81,3.93,1,1,0.01,0.01,-7.535712331914211,10.314301678980934,-0.6729751188943982,2.467744303340463,8.777741017886155,-6.325571884806688,0.0,-0.5946949795348402,2.621911376578344,0.0,-1.8884019223373583,1.2764700422657747,0.0,-2.290969139344375,-3.3892456411074208,11.523066484323827,140.30403424984627,151.8271007341701
12.246000000000759,9.81,3.93,1,1,0.01,0.01,-7.537040759929393,10.319224516319148,-0.6554694088292993,2.45509301366979,8.72820359202064,-6.32563536053517,0.0,-0.5984723026182222,2.6244436379123046,0.0,-1.888920878332139,1.2557879761407427,0.0,-2.259945723888387,-3.399346659512673,11.400508605389495,140.42646212034902,151.8269707257385
12.24800000000076,9.81,3.93,1,1,0.01,0.01,-7.538334274666996,10.324122051281476,-0.6380613788078466,2.4424420925074566,8.680053673291642,-6.325203683933425,0.0,-0.6022506643253784,2.6269345143451672,0.0,-1.8894404973837702,1.2350852558883,0.0,-2.2285640517767464,-3.4092700486592658,11.280071128904774,140.54677128884646,151.82684241775124
12.25000000000076,9.81,3.93,1,1,0.01,0.01,-7.539593068741178,10.328994285594032,-0.6207482973473766,2.4297925283716895,8.633247929863277,-6.324278587667189,0.0,-0.6060300656579527,2.629383965276384,0.0,-1.8899604574873223,1.2143625848974335,0.0,-2.196835661966908,-3.4190221144421367,11.161754434875439,140.66496135422722,151.82671578910265
12.252000000000761,9.81,3.93,1,1,0.01,0.01,-7.540817329389003,10.333841222956712,-0.6035275184372492,2.4171453066364075,8.587744215058803,-6.322861485156146,0.0,-0.6098105069891357,2.631791951486207,0.0,-1.890480452075066,1.1936206407386898,0.0,-2.1647716570741093,-3.428609024699903,11.04555887649079,140.7810319423686,151.8265908188594
12.254000000000762,9.81,3.93,1,1,0.01,0.01,-7.542007238639034,10.338662869037545,-0.5863964792073938,2.40450141015907,8.543501528675765,-6.320953481163889,0.0,-0.6135919880938456,2.63415843508501,0.0,-1.8910001893403532,1.1728600761233787,0.0,-2.1323827158311346,-3.43803681399979,10.931484781280034,140.89498270497188,151.82646748625191
12.256000000000762,9.81,3.93,1,1,0.01,0.01,-7.543162973475349,10.343459231468263,-0.5693526976731403,2.391861819887667,8.500479979383362,-6.318555382068034,0.0,-0.6173745081776099,2.6364833794645026,0.0,-1.8915193915915796,1.152081519820633,0.0,-2.0996791051239327,-3.447311388242655,10.8195324522064,141.00681331846073,151.82634577066713
12.258000000000763,9.81,3.93,1,1,0.01,0.01,-7.5442847059971205,10.348230319841075,-0.5523937705541839,2.379227515447482,8.458640748189133,-6.315667705820209,0.0,-0.6211580659041647,2.6387667492507205,0.0,-1.892037794634705,1.1312855775343564,0.0,-2.0666706916149225,-3.4564385290950352,10.709702168701893,141.11652348293828,151.82622565164016
12.260000000000764,9.81,3.93,1,1,0.01,0.01,-7.545372603573899,10.352976145706595,-0.5355173711655598,2.366599475708234,8.417946052959708,-6.3122906916051225,0.0,-0.624942659421861,2.6410085102587506,0.0,-1.8925551471830366,1.110472832741876,0.0,-2.033366952965512,-3.4654238982551284,10.601994187646117,141.22411292120196,151.82610710884808
12.262000000000764,9.81,3.93,1,1,0.01,0.01,-7.546426828996757,10.357696722572875,-0.518721247378536,2.3539786793322,8.37835911397925,-6.3084243092083065,0.0,-0.628728286388907,2.643208629449071,0.0,-1.8930712102928973,1.089643847496089,0.0,-1.9997769886694197,-3.474273041559014,10.496408744291575,141.32958137781043,151.825990122102
12.264000000000765,9.81,3.93,1,1,0.01,0.01,-7.5474475406254165,10.362392065905532,-0.5020032196493671,2.3413661053038783,8.339844120527252,-6.304068268101876,0.0,-0.6325149439975115,2.6453670748854927,0.0,-1.8935857568239731,1.0687991631927947,0.0,-1.965909530508234,-3.4829913929333736,10.392946053138552,141.43292861820314,151.8258746713417
12.266000000000766,9.81,3.93,1,1,0.01,0.01,-7.548434892531504,10.367062193128895,-0.48536117911388876,2.328762733441761,8.302366198456818,-6.299222026257372,0.0,-0.6363026289969745,2.6474838156945717,0.0,-1.8940985709231406,1.0479393013047873,0.0,-1.9317729526404446,-3.4915842782005284,10.291606308761795,141.53415442786678,151.82576073662858
12.268000000000766,9.81,3.93,1,1,0.01,0.01,-7.549389034638057,10.371707123628184,-0.4687930857459715,2.316169544892741,8.265891378753144,-6.293884798695056,0.0,-0.6400913377157551,2.649558822026474,0.0,-1.8946094475306399,1.0270647640842925,0.0,-1.8973752813351992,-3.5000569187414414,10.192389686591735,141.63325861154829,151.82564829814
12.270000000000767,9.81,3.93,1,1,0.01,0.01,-7.5503101128554135,10.37632687875264,-0.45229696657789564,2.303587522609682,8.230386567051257,-6.288055565778382,0.0,-0.6438810660825909,2.6515920650172147,0.0,-1.8951181919075275,1.006176035235123,0.0,-1.8627242043615955,-3.5084144350220243,10.095296343652146,141.73024099251174,151.82553733616388
12.272000000000768,9.81,3.93,1,1,0.01,0.01,-7.551198269213592,10.380921481819597,-0.4358709139807488,2.2910176518126404,8.195819514091712,-6.2817330812625425,0.0,-0.6476718096466834,2.653583516752209,0.0,-1.8956246191833952,0.9852735805559928,0.0,-1.8278270800443959,-3.5166618499879156,10.00032641925677,141.82510141183627,151.82542783109304
12.274000000000768,9.81,3.93,1,1,0.01,0.01,-7.552053641991307,10.38549095811947,-0.4195130840029926,2.2784609204342345,8.162158787092157,-6.274915880105704,0.0,-0.6514635635969925,2.6555331502310757,0.0,-1.8961285539233517,0.9643578485562986,0.0,-1.792690945996728,-3.5248040923325568,9.907480035666687,141.91783972775352,151.8253197634202
12.276000000000769,9.81,3.93,1,1,0.01,0.01,-7.552876365841702,10.390035334921617,-0.40322169476538905,2.2659183195496184,8.129373742012529,-6.267602286051362,0.0,-0.6552563227806928,2.6574409393336618,0.0,-1.8966298297133812,0.9434292710455893,0.0,-1.757322527540079,-3.5328459996433255,9.816757298710467,142.0084558150228,151.82521311373327
12.27800000000077,9.81,3.93,1,1,0.01,0.01,-7.55366657191494,10.39455464148103,-0.38699502491052157,2.2533908437915136,8.097434496691434,-6.259790418989878,0.0,-0.6590500817208189,2.6593068587872044,0.0,-1.897128288763173,0.9224882636979276,0.0,-1.7217282458217555,-3.540792321430143,9.728158298368875,142.09694956434174,151.8251078627106
12.28000000000077,9.81,3.93,1,1,0.01,0.01,-7.554424387977737,10.39904890904586,-0.37083141210519094,2.240879491750733,8.066311904831046,-6.251478202107419,0.0,-0.6628448346331313,2.6611308841346064,0.0,-1.8976237815255887,0.9015352265922919,0.0,-1.6859142256397677,-3.5486477220408528,9.64168310932588,142.18332088179068,151.82500399111655
12.282000000000771,9.81,3.93,1,1,0.01,0.01,-7.555149938529959,10.40351817086572,-0.35472925159401203,2.2283852663626114,8.035977530807962,-6.242663368829993,0.0,-0.666640575442224,2.662912991703768,0.0,-1.898116166331972,0.8805705447301071,0.0,-1.649886302984847,-3.556416783467451,9.557331791487655,142.26756968831,151.82490147979766
12.284000000000772,9.81,3.93,1,1,0.01,0.01,-7.555843344918369,10.407962462200754,-0.33868699480258163,2.215909175279748,8.006403625287417,-6.2333434695700625,0.0,-0.6704372977969382,2.664653158577929,0.0,-1.8986053090425465,0.85959458853088,0.0,-1.6136500323089769,-3.564104008047092,9.475104390471001,142.3496959192074,151.82480030967838
12.286000000000772,9.81,3.93,1,1,0.01,0.01,-7.556504725447636,10.412381820331426,-0.32270314798863314,2.2034522312314446,7.977563101618377,-6.2235158782831945,0.0,-0.6742349950850841,2.666351362566986,0.0,-1.8990910827111644,0.8386077143069625,0.0,-1.5772106935297494,-3.57171382106158,9.395000938062612,142.4296995236951,151.82470046175771
12.288000000000773,9.81,3.93,1,1,0.01,0.01,-7.557134195488686,10.416776284569025,-0.3067762709396392,2.1910154523702183,7.949429512987306,-6.213177798841795,0.0,-0.6780336604475005,2.6680075821797336,0.0,-1.8995733672637416,0.8176102647183726,0.0,-1.5405732987795566,-3.57925057323896,9.317021452650845,142.5075804644545,151.82460191710533
12.290000000000774,9.81,3.93,1,1,0.01,0.01,-7.5577318675845,10.421145896266848,-0.29090497571536605,2.17859986260574,7.921977030308544,-6.202326271232879,0.0,-0.681833286791487,2.6696217965969997,0.0,-1.9000520491896942,0.7966025692085525,0.0,-1.5037425989083621,-3.586718543160574,9.241165939630966,142.58333871722778,151.82450465685875
12.292000000000774,9.81,3.93,1,1,0.01,0.01,-7.558297851553434,10.425490698832037,-0.2750879254339292,2.166206491926549,7.895180420829498,-6.190958177586422,0.0,-0.6856338668036361,2.671193985645633,0.0,-1.900527021245784,0.7755849444218951,0.0,-1.4667230897485797,-3.594121939576922,9.167434391785275,142.65697427043443,151.8244086622197
12.294000000000775,9.81,3.93,1,1,0.01,0.01,-7.5588322545901585,10.429810737738052,-0.2593238330999414,2.153836376709877,7.869015027429306,-6.17907024804086,0.0,-0.6894353929620809,2.6727241297733064,0.0,-1.9009981821717528,0.7545576946038729,0.0,-1.4295190181504078,-3.6014649036353834,9.095826789639307,142.72848712481237,151.8243139144517
12.296000000000776,9.81,3.93,1,1,0.01,0.01,-7.559335181364296,10.434106060537742,-0.2436114604733879,2.1414905600198963,7.843456748589786,-6.166659066451837,0.0,-0.6932378575481848,2.674212210024109,0.0,-1.9014654364172017,0.7335211119845217,0.0,-1.3921343877956829,-3.6087515110228607,9.026343101795163,142.79787729308185,151.82422039487702
12.298000000000776,9.81,3.93,1,1,0.01,0.01,-7.559806734116829,10.438376716877013,-0.22794961697790453,2.1291700918947023,7.818482019018013,-6.153721075950244,0.0,-0.6970412526576976,2.6756582080148807,0.0,-1.9019286938791624,0.7124754771460158,0.0,-1.3545729647981166,-3.6159857740261785,8.958983285243006,142.8651447996312,151.8241280848742
12.300000000000777,9.81,3.93,1,1,0.01,0.01,-7.5602470127543695,10.442622758509053,-0.21233715864717617,2.116876029622327,7.794067790900199,-6.14025258435526,0.0,-0.7008455702114018,2.677062105912274,0.0,-1.9023878696498535,0.6914210593750101,0.0,-1.3168382830975036,-3.6231716435129653,8.893747285651767,142.93028968022384,151.8240369658756
12.302000000000778,9.81,3.93,1,1,0.01,0.01,-7.560656114941359,10.446844239309096,-0.19677298710821264,2.104609438006066,7.770191515766998,-6.126249769448091,0.0,-0.7046508019652487,2.678423886410502,0.0,-1.902842883774128,0.670358117000484,0.0,-1.2789336496554613,-3.6303130108356862,8.830635037640032,142.99331198172518,151.82394701936522
12.304000000000778,9.81,3.93,1,1,0.01,0.01,-7.5610341361902655,10.451041215289711,-0.1812560486002991,2.092371389619394,7.746831126950745,-6.111708684111527,0.0,-0.7084569395200349,2.6797435327097525,0.0,-1.903293661016162,0.6492868977176236,0.0,-1.2408621494597074,-3.6374137096613186,8.769646465027924,143.05421176184888,151.8238582268768
12.306000000000779,9.81,3.93,1,1,0.01,0.01,-7.561381169949855,10.455213744616593,-0.16578533302845563,2.0801629650507296,7.723965022615618,-6.096625261340533,0.0,-0.7122639743306153,2.6810210284952274,0.0,-1.9037401306349155,0.628207638898421,0.0,-1.202626650344017,-3.6444775177290576,8.710781481070882,143.11298908892067,151.82377056999155
12.30800000000078,9.81,3.93,1,1,0.01,0.01,-7.561697307691605,10.45936188762482,-0.1503598730502795,2.0679852531383034,7.701572049342226,-6.080995319128931,0.0,-0.7160718977146744,2.6822563579168026,0.0,-1.9041822261679704,0.6071205678895408,0.0,-1.1642298076305941,-3.651508158538413,8.654039988676148,143.16964404166052,151.82368403033666
12.31000000000078,9.81,3.93,1,1,0.01,0.01,-7.561982638994326,10.463485706835586,-0.13497874319507858,2.0558393511953743,7.679631486248443,-6.064814565236627,0.0,-0.7198807008610729,2.6834495055692593,0.0,-1.9046198852233205,0.5860259022980089,0.0,-1.125674068601448,-3.6585093029698363,8.599421880602694,143.22417670898085,151.82359858958355
12.312000000000781,9.81,3.93,1,1,0.01,0.01,-7.562237251627048,10.467585266973371,-0.11964105901424182,2.0437263652260276,7.658123029628897,-6.048078601842112,0.0,-0.7236903748377905,2.684600456473084,0.0,-1.9050530492787439,0.5649238502652393,0.0,-1.086961676805152,-3.6654845708400536,8.546927039645423,143.27658718980103,151.82351422944646
12.314000000000782,9.81,3.93,1,1,0.01,0.01,-7.562461231630238,10.471660634983522,-0.10434597626182651,2.0316474101317756,7.637026778095958,-6.030782930084544,0.0,-0.7275009105994628,2.6857091960558006,0.0,-1.9054816634883793,0.5438146107299374,0.0,-1.0480946762052523,-3.67243753239408,8.496555338804104,143.3268755928769,151.823430931681
12.316000000000782,9.81,3.93,1,1,0.01,0.01,-7.562654663395417,10.475711880050254,-0.08909269010437586,2.0196036099091845,7.616323218205509,-6.012922954499395,0.0,-0.7313122989945577,2.6867757101338205,0.0,-1.9059056764961755,0.5226983736802839,0.0,-1.0090749151761917,-3.6793717097358996,8.448306641437998,143.37504203664503,151.82334867808302
12.318000000000783,9.81,3.93,1,1,0.01,0.01,-7.562817629743211,10.479739073615029,-0.07388043435901398,2.007596097838732,7.5959932105512875,-5.9944939873518335,0.0,-0.7351245307721626,2.687799984894783,0.0,-1.9063250402558554,0.5015753203959583,0.0,-0.9699040503527804,-3.6862905781996287,8.40218080140659,143.42108664908105,151.82326745048763
12.320000000000784,9.81,3.93,1,1,0.01,0.01,-7.562950211999918,10.483742289395304,-0.058708480758896786,1.9956260166650976,7.576017976312022,-5.9754912528715,0.0,-0.7389375965884404,2.688782006880376,0.0,-1.9067397098571066,0.48044562368033045,0.0,-0.9305835503386567,-3.693197567662994,8.358177663197008,143.4650095675711,151.8231872307681
12.322000000000784,9.81,3.93,1,1,0.01,0.01,-7.563052490072626,10.487721603403633,-0.04357613824512863,1.9836945187690764,7.556379084236056,-5.955909891392276,0.0,-0.7427514870127188,2.689721762969601,0.0,-1.9071496433576636,0.4593094480833475,0.0,-0.8911146992794271,-3.70009606380476,8.316297062038881,143.506810938796,151.82310800083488
12.324000000000785,9.81,3.93,1,1,0.01,0.01,-7.563124542522941,10.491677093967107,-0.028482752284284582,1.9718027663313098,7.537058438048651,-5.93574496340057,0.0,-0.7465661925332812,2.6906192403624893,0.0,-1.907554801621028,0.4381669501153904,0.0,-0.8514986003055666,-3.706989409307838,8.276538824006987,143.5464909186284,151.82302974263538
12.326000000000786,9.81,3.93,1,1,0.01,0.01,-7.56316644663938,10.495608841747105,-0.013427704210707565,1.959951931488005,7.5180382642675205,-5.9149914534953565,0.0,-0.7503817035628008,2.6914744265642234,0.0,-1.9079551481595063,0.4170182784526238,0.0,-0.8117361788505045,-3.713880905009528,8.238902766112226,143.58404967204058,151.8229524381528
12.328000000000786,9.81,3.93,1,1,0.01,0.01,-7.563178278508465,10.499516929759361,0.001589589407222182,1.948143196478821,7.499301100412692,-5.893644274263041,0.0,-0.754198010443501,2.6922873093696715,0.0,-1.9083506489823587,0.3958635741340587,0.0,-0.7718281858486107,-3.720773811000531,8.203388696381584,143.61948737302447,151.82287606940605
12.330000000000787,9.81,3.93,1,1,0.01,0.01,-7.563160113084578,10.503401443394306,0.01656967737762033,1.9363777537870883,7.480829783597131,-5.871698270070203,0.0,-0.7580151034519953,2.693057876848301,0.0,-1.9087412724487485,0.37470297075078624,0.0,-0.7317752008181377,-3.7276713476740424,8.169996413927235,143.65280420452203,151.82280061844926
12.332000000000788,9.81,3.93,1,1,0.01,0.01,-7.563112024258616,10.507262470437698,0.031513074473182856,1.924656806272522,7.462607439485145,-5.8491482207770185,0.0,-0.7618329728038398,2.6937861173294646,0.0,-1.9091269891252898,0.35353659462767223,0.0,-0.6915776348337315,-3.7345766967263954,8.13872570900552,143.68400035836575,151.82272606737126
12.334000000000788,9.81,3.93,1,1,0.01,0.01,-7.563034084925493,10.51110010109149,0.04642026199754423,1.9129815672965853,7.444617471605749,-5.825988845373945,0.0,-0.7656516086578208,2.6944720193880487,0.0,-1.9095077716479638,0.33236456499779526,0.0,-0.6512357333929883,-3.741493002110564,8.109576363066088,143.7130760352299,151.822652398296
12.336000000000789,9.81,3.93,1,1,0.01,0.01,-7.56292636705053,10.514914427994961,0.06129168833060731,1.9013532608406543,7.4268435510089645,-5.802214805544387,0.0,-0.7694710011199444,2.695115571830452,0.0,-1.9098835945881527,0.31118699417002793,0.0,-0.6107495791816591,-3.748423370943748,8.082548148791563,143.74003144459022,151.8225795933818
12.33800000000079,9.81,3.93,1,1,0.01,0.01,-7.562788941734769,10.518705546246068,0.07612776945351855,1.8897731216171296,7.409269606252987,-5.777820709155508,0.0,-0.7732911402471916,2.6957167636809025,0.0,-1.9102544343226278,0.2900039876899274,0.0,-0.5701190947415289,-3.75537087437034,8.057640830128216,143.76486680469355,151.82250763482176
12.34000000000079,9.81,3.93,1,1,0.01,0.01,-7.562621879279269,10.522473553423007,0.09092888945393915,1.8782423951736362,7.391879813710984,-5.752801113679753,0.0,-0.7771120160509899,2.6962755841680885,0.0,-1.910620268907247,0.26881564449434237,0.0,-0.5293440450453747,-3.7623385483813596,8.03485416230797,143.78758234253613,151.8224365048441
12.342000000000791,9.81,3.93,1,1,0.01,0.01,-7.5624252492484,10.526218549605991,0.10569540101223993,1.8667623379904477,7.374658588186371,-5.727150529548929,0.0,-0.7809336185004568,2.6967920227120845,0.0,-1.9109810779542022,0.2476220570598917,0.0,-0.48842403998279765,-3.7693293945915385,8.014187891862028,143.80817829384972,151.82236618571176
12.344000000000792,9.81,3.93,1,1,0.01,0.01,-7.562199120532187,10.529940637399198,0.12042762586922637,1.8553342175712675,7.357590573825865,-5.7008634234431295,0.0,-0.7847559375253869,2.6972660689115826,0.0,-1.9113368425126178,0.22642331154565634,0.0,-0.4473585367610011,-3.7763463809750997,7.9956417566265525,143.82665490309688,151.82229665972343
12.346000000000792,9.81,3.93,1,1,0.01,0.01,-7.561943561407735,10.53363992195291,0.13512585527597906,1.8439593125274976,7.34066063532019,-5.673934221516202,0.0,-0.7885789630190091,2.6976977125313852,0.0,-1.9116875449523338,0.20521948793027053,0.0,-0.40614684222417835,-3.783392442561285,7.979215485740696,143.8430124234725,151.82222790921318
12.348000000000793,9.81,3.93,1,1,0.01,0.01,-7.561658639599777,10.537316510985804,0.14979035042637465,1.832638912656116,7.323853849382276,-5.646357312559752,0.0,-0.7924026848405186,2.698086943490188,0.0,-1.9120331688506993,0.18401066014367407,0.0,-0.36478811509522796,-3.790470482090603,7.9649087996372225,143.85725111691457,151.82215991655178
12.350000000000794,9.81,3.93,1,1,0.01,0.01,-7.561344422340367,10.540970514807398,0.1644213428728329,1.821374319011288,7.307155496493585,-5.6181270511071775,0.0,-0.7962270928173818,2.6984337518486012,0.0,-1.912373698882217,0.16279689619374088,0.0,-0.3232813681433369,-3.7975833706327533,7.952721410026067,143.8693712541205,151.82209266414657
12.352000000000794,9.81,3.93,1,1,0.01,0.01,-7.561000976427762,10.54460204634063,0.1790190349258166,1.810166843969827,7.290551052909214,-5.589237760479533,0.0,-0.8000521767474155,2.698738127797432,0.0,-1.9127091207108937,0.14157825828802464,0.0,-0.2816254702809281,-3.8047339481671596,7.942653019871137,143.87937311457125,151.82202613444238
12.354000000000795,9.81,3.93,1,1,0.01,0.01,-7.560628368284516,10.548211221144562,0.1935836000375932,1.7990178112906208,7.274026182912902,-5.559683735774536,0.0,-0.8038779264006647,2.699000061646203,0.0,-1.9130394208851387,0.12035480295078811,0.0,-0.2398191485932398,-3.81192502412696,7.934703323360603,143.88725698656202,151.82196030992262
12.356000000000796,9.81,3.93,1,1,0.01,0.01,-7.560226664014832,10.551798157437206,0.20811518317074904,1.7879285561681355,7.257566731313456,-5.529459246800121,0.0,-0.807704331521071,2.6992195438118936,0.0,-1.9133645867350744,0.09912658113552719,0.0,-0.19786099030380827,-3.8191593779073116,7.928872005870867,143.89302316723837,151.82189517310923
12.358000000000796,9.81,3.93,1,1,0.01,0.01,-7.5597959294611785,10.555362976118433,0.22261390115193092,1.7769004252801073,7.24115871617422,-5.498558540953999,0.0,-0.8115313818279332,2.6993965648079117,0.0,-1.9136846062721289,0.07789363833321153,0.0,-0.15574944467906526,-3.8264397593388293,7.925158743924575,143.89667196263972,151.8218307065643
12.360000000000797,9.81,3.93,1,1,0.01,0.01,-7.559336230260225,10.558905800792992,0.2370798430112733,1.765934776829527,7.224788321767825,-5.466975846050262,0.0,-0.8153590670171629,2.699531115233273,0.0,-1.9139994680907764,0.05665601467639855,0.0,-0.11348282487505552,-3.8337688891269206,7.9235632051429095,143.8982036877478,151.8217668928907
12.362000000000798,9.81,3.93,1,1,0.01,0.01,-7.558847631898105,10.562426757793592,0.2515130703079535,1.7550329805810245,7.208441891748414,-5.434705373094117,0.0,-0.8191873767623733,2.699623185761986,0.0,-1.9143091612723033,0.03541374503935242,0.0,-0.07105930972915162,-3.841149459257769,7.924085048192284,143.89761866654115,151.82170371473345
12.364000000000798,9.81,3.93,1,1,0.01,0.01,-7.55833019976504,10.56592597620406,0.26591361744230296,1.744196417891754,7.192105922534216,-5.401741319006031,0.0,-0.8230163007157367,2.699672767132628,0.0,-1.914613675290476,0.014166859134461932,0.0,-0.028476945499895646,-3.848584133371676,7.926723922725707,143.89491723205433,151.82164115478002
12.366000000000799,9.81,3.93,1,1,0.01,0.01,-7.557783999209363,10.569403587882553,0.2802814919548881,1.7334264817368805,7.175767056893264,-5.368077869295952,0.0,-0.8268458285086941,2.6996798501381174,0.0,-1.9149129999190104,-0.0070846183950396685,0.0,0.014266352442557155,-3.856075547104476,7.9314794693191395,143.89009972644317,151.8215791957623
12.3680000000008,9.81,3.93,1,1,0.01,0.01,-7.557209095590944,10.572859727484811,0.2946166748129598,1.7227245767297683,7.159412077725589,-5.333709200688715,0.0,-0.8306759497524523,2.6996444256156678,0.0,-1.915207125140725,-0.02834066788575476,0.0,0.05717279797239564,-3.863626308397679,7.938351319402944,143.88316650105452,151.82151782045747
12.3700000000008,9.81,3.93,1,1,0.01,0.01,-7.556605554334064,10.576294532487454,0.3089191206846587,1.7120921191369656,7.143027902035398,-5.298629483701268,0.0,-0.8345066540383193,2.69956648443691,0.0,-1.9154960410582644,-0.049601274568149556,0.0,0.10024473260807502,-3.8712389977779464,7.947339095188597,143.87411791650052,151.82145701168912
12.372000000000801,9.81,3.93,1,1,0.01,0.01,-7.555973440979746,10.579708143211294,0.3231887582013495,1.7015305368880822,7.126601575086994,-5.262832885172572,0.0,-0.8383379309378539,2.699446017498192,0.0,-1.9157797378063206,-0.07086642848373464,0.0,0.14348462395354494,-3.8789161686065894,7.958442409591026,143.8629543427379,151.82139675232892
12.374000000000802,9.81,3.93,1,1,0.01,0.01,-7.5553128212375755,10.583100702844671,0.3374254902084457,1.6910412695806556,7.110120264738541,-5.22631357074684,0.0,-0.842169770002836,2.6992830157110346,0.0,-1.9160582054652178,-0.0921361244052553,0.0,0.18689506417829388,-3.8866603472995975,7.971660866146548,143.8496761591513,151.82133702529785
12.376000000000802,9.81,3.93,1,1,0.01,0.01,-7.5546237610370355,10.586472357466793,0.35162919400507514,1.680625768480095,7.093571255947899,-5.189065707310489,0.0,-0.8460021607650925,2.699077469992745,0.0,-1.9163314339758064,-0.11341036175983764,0.0,0.23047876853396257,-3.894474033518847,7.986994058926802,143.83428375464055,151.82127781356735
12.378000000000803,9.81,3.93,1,1,0.01,0.01,-7.553906326578364,10.589823256071055,0.3657997215729246,1.670285496514798,7.07694194544515,-5.151083465383815,0.0,-0.8498350927361106,2.6988293712571867,0.0,-1.9165994130555477,-0.13468914455479997,0.0,0.2742385739048591,-3.902359700334976,8.004441572448687,143.8167775277126,151.82121910016127
12.380000000000804,9.81,3.93,1,1,0.01,0.01,-7.5531605843829706,10.59315355058837,0.37993689979459183,1.6600219282665292,7.060219836566535,-5.11236102146734,0.0,-0.8536685554065226,2.698538710405688,0.0,-1.9168621321157244,-0.15597248130618374,0.0,0.3181774373904659,-3.9103197943625037,8.0240029815806,143.79715788657657,151.82116086815716
12.382000000000804,9.81,3.93,1,1,0.01,0.01,-7.552386601343424,10.596463395910455,0.39404053066176253,1.6498365499561503,7.043392534244873,-5.072892560343595,0.0,-0.8575025382454083,2.698205478318096,0.0,-1.9171195801796803,-0.17726038496976265,0.0,0.36229843491748653,-3.9183567358676767,8.045677851445081,143.77542524924294,151.82110310068802
12.384000000000805,9.81,3.93,1,1,0.01,0.01,-7.5515844447730345,10.59975294991309,0.40811039147352096,1.6397308594247917,7.026447740151678,-5.032672277334543,0.0,-0.8613370306994351,2.69782966584396,0.0,-1.9173717458020232,-0.19855287287445508,0.0,0.4066047598793736,-3.9264729188495586,8.06946573731806,143.7515800436255,151.82104578094356
12.386000000000806,9.81,3.93,1,1,0.01,0.01,-7.55075418245505,10.603022373479341,0.42214623502509246,1.6297063661105524,7.009373247986461,-4.991694380515031,0.0,-0.8651720221918473,2.6974112637938554,0.0,-1.9176186169887097,-0.21984996665803652,0.0,0.45109972180127383,-3.9346707110948267,8.095366184524904,143.72562270764735,151.82098889217224
12.388000000000806,9.81,3.93,1,1,0.01,0.01,-7.549895882691478,10.606271830522726,0.43614778978730817,1.6197645910208178,6.992156938908903,-4.949953092882517,0.0,-0.8690075021212804,2.696950262930825,0.0,-1.9178601811179288,-0.24115169220499977,0.0,0.4957867450282822,-3.9429524542067296,8.123378728333256,143.6975536893497,151.82093241768294
12.390000000000807,9.81,3.93,1,1,0.01,0.01,-7.549009614351571,10.609501488010316,0.4501147600770735,1.609907066700281,6.974786777109756,-4.9074426544831065,0.0,-0.8728434598604387,2.6964466539619467,0.0,-1.9180964248617451,-0.2624580795865307,0.0,0.5406693674351909,-3.9513204636087047,8.153502893843175,143.66737344700334,151.82087634084652
12.392000000000808,9.81,3.93,1,1,0.01,0.01,-7.548095446919962,10.612711515985785,0.46404682621911414,1.600135337194755,6.957250805516642,-4.8641573244943865,0.0,-0.8766798847545916,2.6959004275300202,0.0,-1.9183273341083935,-0.28376916300239263,0.0,0.5857512391556118,-3.959777028522999,8.185738195874272,143.63508244922357,151.82082064509785
12.394000000000808,9.81,3.93,1,1,0.01,0.01,-7.547153450544501,10.61590208759236,0.477943644699265,1.5904509580108643,6.939537141631001,-4.820091383264766,0.0,-0.8805167661199428,2.6953115742053613,0.0,-1.9185528938851906,-0.3050849807247459,0.0,0.6310361213288829,-3.9683244119247942,8.220084138850405,143.60068117508683,151.82076531393724
12.396000000000809,9.81,3.93,1,1,0.01,0.01,-7.546183696083781,10.61907337909571,0.4918048483095615,1.5808554960716985,6.921633973492674,-4.7752391343097305,0.0,-0.8843540932418171,2.694680084477718,0.0,-1.9187730882820035,-0.32640557504366857,0.0,0.6765278848626757,-3.976964850472237,8.25654021668187,143.56417011425086,151.82071033093274
12.39800000000081,9.81,3.93,1,1,0.01,0.01,-7.545186255154392,10.622225569906725,0.505630046285385,1.5713505296685193,6.9035295557688325,-4.729594906264732,0.0,-0.888191855372725,2.694005948748286,0.0,-1.9189879003751833,-0.34773099221442544,0.0,0.72223050920985,-3.9857005544126882,8.29510591264528,143.5255497670766,151.82065567972188
12.40000000000081,9.81,3.93,1,1,0.01,0.01,-7.5441612001779,10.625358842604202,0.5194188244349075,1.5619376484086027,6.885212205964118,-4.6831530547949,0.0,-0.8920300417302464,2.6932891573218245,0.0,-1.9191973121519432,-0.36906128240625935,0.0,0.7681480811575894,-3.994533707465693,8.335780699261228,143.48482064475203,151.82060134401326
12.402000000000811,9.81,3.93,1,1,0.01,0.01,-7.543108604427581,10.628473382957424,0.5331707452610758,1.5526184531593068,6.8666703007490355,-4.635907964461374,0.0,-0.8958686414947873,2.692529700398887,0.0,-1.9194013044351077,-0.39039649965272616,0.0,0.8142847936273947,-4.003466466682957,8.378564038170056,143.44198326941893,151.82054730758898
12.404000000000812,9.81,3.93,1,1,0.01,0.01,-7.542028542074913,10.631569379948619,0.5468853480763676,1.543394555988449,6.847892272403795,-4.58785405054417,0.0,-0.8997076438071676,2.691727568068135,0.0,-1.9195998568081813,-0.4117367018034039,0.0,0.8606449444841807,-4.012500962285749,8.423455380005645,143.39703817430066,151.8204935543063
12.406000000000812,9.81,3.93,1,1,0.01,0.01,-7.54092108823585,10.634647025795298,0.5605621491105496,1.5342675801010826,6.8288666053750235,-4.5389857608213475,0.0,-0.9035470377660795,2.690882750298754,0.0,-1.9197929475406863,-0.4330819504769682,0.0,0.9072329353530801,-4.0216392974800375,8.47045416426756,143.349985903832,151.82044006809954
12.408000000000813,9.81,3.93,1,1,0.01,0.01,-7.539786319016883,10.637706515972463,0.5742006416116588,1.525239159772757,6.809581832942945,-4.489297577304532,0.0,-0.9073868124253662,2.689995236932962,0.0,-1.9199805535137222,-0.4544323110154445,0.0,0.9540532704422443,-4.0308835482497685,8.519559819191471,143.3008270137908,151.82038683298228
12.410000000000814,9.81,3.93,1,1,0.01,0.01,-7.53862431156091,10.64074804923468,0.5878002959404275,1.516310940279353,6.790026533996597,-4.438784017930085,0.0,-0.9112269567911913,2.6890650176786077,0.0,-1.9201626501457065,-0.47578785243970423,0.0,1.0011105553704884,-4.040235763128582,8.570771761618364,143.24956207143083,151.8203338330492
12.412000000000814,9.81,3.93,1,1,0.01,0.01,-7.537435144092923,10.64377182763801,0.6013605596583643,1.5074845778235781,6.770189329915151,-4.387439638206147,0.0,-0.9150674598190247,2.688092082101858,0.0,-1.9203392113182323,-0.497148647405971,0.0,1.0484094959980612,-4.049697962950309,8.62408939686221,143.19619165561605,151.82028105247826
12.414000000000815,9.81,3.93,1,1,0.01,0.01,-7.536218895965518,10.646778056561779,0.614880857609703,1.4987617394582136,6.750058881553199,-4.335259032814774,0.0,-0.9189083104105056,2.687076419619966,0.0,-1.9205102093020225,-0.5185147721633834,0.0,1.095954897259431,-4.059272140578608,8.67951211857665,143.14071635695598,151.82022847553262
12.416000000000816,9.81,3.93,1,1,0.01,0.01,-7.534975647704258,10.6497669447302,0.6283605919974236,1.490144103006202,6.729623886328313,-4.282236837169163,0.0,-0.922749497410138,2.6860180194941288,0.0,-1.9206756146829207,-0.5398863065124471,0.0,1.1437516619965873,-4.068960260616021,8.737039308620513,143.08313677794206,151.82017608656258
12.418000000000816,9.81,3.93,1,1,0.01,0.01,-7.533705481052883,10.652738704233835,0.6417991424535499,1.4816333569776656,6.708873075409067,-4.228367728925332,0.0,-0.9265910096018498,2.684916870822427,0.0,-1.9208353962878897,-0.5612633337643615,0.0,1.1918047897917028,-4.078764259092798,8.796670336922562,143.02345353308516,151.82012387000773
12.420000000000817,9.81,3.93,1,1,0.01,0.01,-7.532408479018384,10.655693550550886,0.6551958661039222,1.4732312004839474,6.68779521100206,-4.17364642944784,0.0,-0.9304328357054027,2.683772962532843,0.0,-1.9209895211109829,-0.5826459407011289,0.0,1.2401193757978972,-4.088686043135833,8.85840456134547,142.96166724905368,151.82007181039916
12.422000000000818,9.81,3.93,1,1,0.01,0.01,-7.531084725915957,10.6586317025683,0.6685500976276418,1.4649393431487665,6.666379083736534,-4.118067705229096,0.0,-0.9342749643726523,2.682586283376356,0.0,-1.9211379542392237,-0.6040342175363687,0.0,1.2887006095668998,-4.098727490617912,8.92224132754911,142.897778564812,151.8200198923611
12.424000000000818,9.81,3.93,1,1,0.01,0.01,-7.52973430741384,10.66155338260271,0.681861149311381,1.4567595050165827,6.64461351014525,-4.061626369261727,0.0,-0.9381173841836585,2.6813568219201187,0.0,-1.9212806587784086,-0.6254282578767645,0.0,1.3375537738724648,-4.108890449787762,8.988179968853526,142.83178813175977,151.8199681006133
12.426000000000819,9.81,3.93,1,1,0.01,0.01,-7.52835731057805,10.66445881642118,0.6951283110987504,1.4486934164582632,6.622487330240512,-4.004317282363398,0.0,-0.941960083642648,2.680084566540711,0.0,-1.9214175957787445,-0.6468281586840783,0.0,1.3866842435284497,-4.119176738881026,9.056219806101398,142.76369661387136,151.81991641997277
12.42800000000082,9.81,3.93,1,1,0.01,0.01,-7.526953823917022,10.66734823326176,0.7083508506349127,1.4407428180741475,6.599989405184287,-3.9461353544534323,0.0,-0.9458030511738315,2.6787695054174683,0.0,-1.9215487241603377,-0.6682340202376782,0.0,1.43609748420053,-4.129588145712615,9.12636014752051,142.6935046878357,151.8198648353562
12.43000000000082,9.81,3.93,1,1,0.01,0.01,-7.525523937426165,10.67022186585385,0.7215280133066297,1.4329094605946087,6.577108615051536,-3.887075545780585,0.0,-0.9496462751170689,2.6774116265258763,0.0,-1.921674000638459,-0.6896459460974861,0.0,1.4857990512104802,-4.140126427250636,9.19860028858599,142.6212130431956,151.8198133317816
12.432000000000821,9.81,3.93,1,1,0.01,0.01,-7.524067742632342,10.673079950438357,0.7346590222779289,1.425195104778207,6.553833856685949,-3.8271328681013994,0.0,-0.953489743723377,2.676010917631055,0.0,-1.9217933796485964,-0.7110640430672692,0.0,1.53579458833202,-4.150793309172289,9.272939511882692,142.54682238248768,151.81976189437037
12.434000000000822,9.81,3.93,1,1,0.01,0.01,-7.522585332638285,10.675922726787642,0.7477430785215725,1.4176015213075392,6.530154041647311,-3.7663023858079994,0.0,-0.9573334451503088,2.674567366281302,0.0,-1.9219068132712447,-0.7324884211582844,0.0,1.5860898265774668,-4.161590485401987,9.349377086967953,142.47033342138138,151.81971050834935
12.436000000000822,9.81,3.93,1,1,0.01,0.01,-7.52107680216695,10.678750438225268,0.7607793608465137,1.4101304906828809,6.506058094250083,-3.7045792170050627,0.0,-0.9611773674571524,2.6730809598017182,0.0,-1.9220142511564062,-0.753919193553078,0.0,1.6366905829740088,-4.172519617632022,9.427912270234447,142.39174688881843,151.8196591590529
12.438000000000823,9.81,3.93,1,1,0.01,0.01,-7.519542247605815,10.681563331645531,0.7737670259215194,1.4027838031137283,6.481534949692524,-3.641958534534529,0.0,-0.9650214986000077,2.671551685287897,0.0,-1.922115640447787,-0.7753564765695233,0.0,1.6876027593290712,-4.183582334826082,9.508544304773782,142.3110635271508,151.81960783192457
12.440000000000824,9.81,3.93,1,1,0.01,0.01,-7.517981767051148,10.68436165753276,0.7867052082951428,1.3955632584083428,6.456573552276101,-3.5784355669475985,0.0,-0.968865826426691,2.6699795295996918,0.0,-1.9222109257066595,-0.7968003896249093,0.0,1.738832340983708,-4.194780232705953,9.5912724202406,142.2282840922786,151.81955651251923
12.442000000000824,9.81,3.93,1,1,0.01,0.01,-7.516395460352223,10.687145669980403,0.7995930204122237,1.3884706658614057,6.431162853714818,-3.5140055994227586,0.0,-0.972710338671495,2.6683644793550507,0.0,-1.9223000488353768,-0.8182510552000887,0.0,1.7903853955534041,-4.206114873221713,9.67609583271756,142.14340935378715,151.8195051865047
12.444000000000825,9.81,3.93,1,1,0.01,0.01,-7.514783429155519,10.689915626709892,0.8124295526270978,1.3815078441398905,6.405291811534262,-3.448663974629002,0.0,-0.9765550229497936,2.6667065209239302,0.0,-1.9223829490005055,-0.8397085988035838,0.0,1.8422680716554864,-4.217587784005712,9.763013744581173,142.05644009508288,151.81945383966405
12.446000000000826,9.81,3.93,1,1,0.01,0.01,-7.513145776948885,10.69267178908927,0.8252138732136937,1.3746766211672656,6.3789493875602785,-3.3824060935330333,0.0,-0.9803998667524891,2.665005640422271,0.0,-1.922459562555568,-0.8611731489356064,0.0,1.8944865976225045,-4.229200457810697,9.852025344368666,141.9673771135282,151.81940245789684
12.448000000000826,9.81,3.93,1,1,0.01,0.01,-7.511482609105701,10.69541442215158,0.837945028372696,1.3679788340061396,6.352124546497086,-3.3152274161492397,0.0,-0.9842448574403216,2.663261823706051,0.0,-1.9225298229633756,-0.8826448370519506,0.0,1.9470472802009944,-4.240954351932406,9.943129806646288,141.87622122057508,151.81935102722136
12.450000000000827,9.81,3.93,1,1,0.01,0.01,-7.509794032929011,10.69814379461304,0.8506220422359558,1.361416328739464,6.324806254595065,-3.2471234622315874,0.0,-0.9880899822379962,2.661475056365414,0.0,-1.9225936607179384,-0.9041237975276138,0.0,1.999956503234846,-4.252850887616961,10.036326291878694,141.78297324189748,151.8192995337762
12.452000000000828,9.81,3.93,1,1,0.01,0.01,-7.508080157695664,10.700860178890947,0.8632439168683245,1.3549909603504116,6.296983478408072,-3.178089811905684,0.0,-0.9919352282281729,2.6596453237188644,0.0,-1.9226510032659214,-0.9256101676201803,0.0,2.0532207263329445,-4.264891449453383,10.131613946299908,141.68763401752193,151.81924796382185
12.454000000000828,9.81,3.93,1,1,0.01,0.01,-7.506341094700447,10.703563851121363,0.8758096322670932,1.348704592601052,6.268645183640578,-3.10812210623999,0.0,-0.9957805823452941,2.6577726108075406,0.0,-1.9227017749276611,-0.9471040874328502,0.0,2.1068464835204512,-4.277077384751629,10.228991901786047,141.59020440195647,151.81919630374253
12.456000000000829,9.81,3.93,1,1,0.01,0.01,-7.5045769573002215,10.706255091176555,0.8883181463592162,1.3425590979099464,6.239780334084806,-3.0372160477547587,0.0,-0.9996260313692451,2.6558569023895613,0.0,-1.9227458968177038,-0.9686056998770424,0.0,2.1608403818732476,-4.289410002906449,10.328459275729605,141.49068526431813,151.81914454004774
12.45800000000083,9.81,3.93,1,1,0.01,0.01,-7.502787860958069,10.70893418268218,0.9007683949964984,1.3365563572287888,6.210377890647981,-2.965367400866907,0.0,-1.0034715619188705,2.6538981829344435,0.0,-1.9227832867648664,-0.9901151506345696,0.0,2.2152091001352607,-4.301890574747462,10.430015170915814,141.3890774884578,151.8190926593736
12.46000000000083,9.81,3.93,1,1,0.01,0.01,-7.500973923287448,10.711601413034227,0.9131592919489279,1.3306982599182213,6.180426810470175,-2.8925719922696453,0.0,-1.0073171604453255,2.6518964366176068,0.0,-1.9228138592318278,-1.0116325881192647,0.0,2.269959387318169,-4.314520331875859,10.533658675401146,141.28538197308364,151.8190406484848
12.462000000000831,9.81,3.93,1,1,0.01,0.01,-7.499135264096367,10.714257073415713,0.9254897288963353,1.324986703622958,6.149916046133006,-2.818825711245018,0.0,-1.011162813225251,2.64985164731494,0.0,-1.9228375252341954,-1.0331581634379932,0.0,2.325098061283158,-4.3273004659879994,10.639388862393673,141.17959963188173,151.8189884942754
12.464000000000832,9.81,3.93,1,1,0.01,0.01,-7.4972720054315705,10.716901458813119,0.9377585754185614,1.3194235941463517,6.118834544959464,-2.744124509907552,0.0,-1.0150085063538081,2.6477637985974587,0.0,-1.9228541922590974,-1.054692030351052,0.0,2.3806320073045932,-4.340232128186443,10.747204790136156,141.07173139363448,151.81893618377063
12.466000000000832,9.81,3.93,1,1,0.01,0.01,-7.495384271622754,10.719534868032593,0.9499646789843162,1.314010845324545,6.087171248405374,-2.6684644033773663,0.0,-1.0188542257375313,2.645632873726041,0.0,-1.9228637641832633,-1.0762343452318173,0.0,2.4365681766152156,-4.35331642827874,10.85710550179137,140.96177820233675,151.81888370412813
12.468000000000833,9.81,3.93,1,1,0.01,0.01,-7.493472189326798,10.72215760371588,0.9621068649389123,1.3087503789003447,6.054915091542831,-2.591841469880603,0.0,-1.0226999570870359,2.6434588556462373,0.0,-1.9228661411905863,-1.0977852670256598,0.0,2.4929135849328636,-4.366554434064382,10.969090025330257,140.84974101730882,151.81883104263906
12.470000000000834,9.81,3.93,1,1,0.01,0.01,-7.4915358875720255,10.724769972356013,0.9741839364910576,1.303644124396973,6.022055002636084,-2.514251850775432,0.0,-1.0265456859095399,2.6412417269831736,0.0,-1.9228612196891879,-1.119344957207972,0.0,2.5496753109683814,-4.3799471706103965,11.083157373422623,140.7356208133068,151.81877818672945
12.472000000000834,9.81,3.93,1,1,0.01,0.01,-7.489575497802489,10.727372284312743,0.9861946746988935,1.2986940189918397,5.9885799028102165,-2.435691750501186,0.0,-1.030391397501235,2.6389814700365264,0.0,-1.9228488922279587,-1.1409135797413386,0.0,2.606860494914864,-4.393495619515987,11.19930654333092,140.61941858062997,151.8187251239609
12.474000000000835,9.81,3.93,1,1,0.01,0.01,-7.48759115392229,10.729964853827731,0.9981378384554623,1.293902007390497,5.954478705813119,-2.3561574364487274,0.0,-1.0342370769394795,2.636678066775599,0.0,-1.9228290474126033,-1.1624913010317146,0.0,2.6644763369180287,-4.407200718166702,11.317536516806973,140.5011353252249,151.81867184203188
12.476000000000836,9.81,3.93,1,1,0.01,0.01,-7.4855829923399195,10.732547999039467,1.0100121644737927,1.2892700417009337,5.919740317871126,-2.275645238749444,0.0,-1.038082709074832,2.634331498834479,0.0,-1.9228015698211718,-1.1840782898836097,0.0,2.722530095527908,-4.421063358978582,11.437846259992007,140.38077206878665,151.81861832877865
12.478000000000836,9.81,3.93,1,1,0.01,0.01,-7.483551152012636,10.735122041997958,1.0218163672717913,1.2848000813083744,5.884353637638742,-2.194151549980516,0.0,-1.0419282785229076,2.6319417475072804,0.0,-1.922766339919081,-1.2056747174541733,0.0,2.781029086131839,-4.435084388632764,11.56023472331984,140.25832984885602,151.81856457217586
12.480000000000837,9.81,3.93,1,1,0.01,0.01,-7.4814957744908686,10.737687308679154,1.0335491391571263,1.2804940927507547,5.848307556242805,-2.1116728247839354,0.0,-1.045773769656073,2.6295087937434936,0.0,-1.9227232339736573,-1.22728075720615,0.0,2.83998067936896,-4.449264607301078,11.684700841423744,140.13380971891377,151.8185105603375
12.482000000000838,9.81,3.93,1,1,0.01,0.01,-7.479417003962656,10.740244128999132,1.0452091502122964,1.2763540495950458,5.811590957421453,-2.028205579396458,0.0,-1.0496191665949586,2.6270326181434145,0.0,-1.922672123968166,-1.248896584859617,0.0,2.8993922995263786,-4.463604767863099,11.811243533046643,140.00721274847055,151.8184562815172
12.484000000000838,9.81,3.93,1,1,0.01,0.01,-7.477314987298107,10.742792836828027,1.0567950482800708,1.2723819323146124,5.7741927177582095,-1.943746391087779,0.0,-1.053464453199803,2.624513200953686,0.0,-1.9226128775153872,-1.2705223783424633,0.0,2.959271422917295,-4.4781055751152525,11.939861700955284,139.87854002315385,151.81840172410912
12.486000000000839,9.81,3.93,1,1,0.01,0.01,-7.475189874093898,10.745333770003729,1.0683054589494931,1.268579728167786,5.73610170701138,-1.8582918975037739,0.0,-1.057309613061633,2.621950522062927,0.0,-1.9225453577706932,-1.2921583177395657,0.0,3.0196255762414586,-4.492767684972439,12.070554231858122,139.74779264479002,151.81834687664815
12.48800000000084,9.81,3.93,1,1,0.01,0.01,-7.4730418167177906,10.747867270345324,1.079738985542641,1.264949431077852,5.697306788539011,-1.7718387959118753,0.0,-1.0611546294932563,2.6193445609974733,0.0,-1.922469423344691,-1.3138045852405582,0.0,3.0804623349282387,-4.507591703662835,12.203319996327272,139.6149717314829,151.8182917278102
12.49000000000084,9.81,3.93,1,1,0.01,0.01,-7.470870970353181,10.750393683666317,1.091094209102329,1.2614930415146444,5.65779681981956,-1.6843838423452855,0.0,-1.0649994855200813,2.616695296917224,0.0,-1.922384928215413,-1.3354613650861598,0.0,3.141789321462823,-4.522578186916396,12.338157848724535,139.48007841768805,151.81823626641258
12.492000000000841,9.81,3.93,1,1,0.01,0.01,-7.468677493043668,10.7529133597876,1.102369688380951,1.2582125663779573,5.617560653068243,-1.595923850642388,0.0,-1.0688441638707706,2.614002708611588,0.0,-1.922291721640066,-1.3571288435130289,0.0,3.2036142036961164,-4.537727639147664,12.475066627131675,139.34311385428208,151.81818048141375
12.494000000000842,9.81,3.93,1,1,0.01,0.01,-7.466461545737643,10.755426652550195,1.1135639598306488,1.255110018882985,5.5765871359491355,-1.5064556913781542,0.0,-1.072688646967707,2.6112667744955544,0.0,-1.9221896480663891,-1.3788072086970313,0.0,3.2659446931388016,-4.553040512633549,12.614045153285117,139.20407920862866,151.81812436191376
12.496000000000842,9.81,3.93,1,1,0.01,0.01,-7.464223292332903,10.757933919827781,1.1246755375950024,1.2521874184480097,5.534865112382788,-1.4159762906833633,0.0,-1.076532916917285,2.6084874726058676,0.0,-1.9220785470436015,-1.400496650694907,0.0,3.32878854324033,-4.568517206686689,12.755092232515022,139.06297566463846,151.81806789715347
12.498000000000843,9.81,3.93,1,1,0.01,0.01,-7.461962899721271,10.760435523538984,1.135702913502429,1.249446790584568,5.492383423449247,-1.324482628948111,0.0,-1.080376955500027,2.605664780597328,0.0,-1.9219582531329853,-1.4221973613842636,0.0,3.3921535476535034,-4.58415806682506,12.898206653689124,138.91980442282556,151.8180110765147
12.500000000000844,9.81,3.93,1,1,0.01,0.01,-7.45968053783323,10.762931829659454,1.1466445570614854,1.2468901667903278,5.449130908386031,-1.2319717394052003,0.0,-1.0842207441605174,2.602798675739213,0.0,-1.9218285958181116,-1.4439095344018391,0.0,3.456047538485485,-4.599963383938537,13.043387189161159,138.77456670035855,151.8179538895197
12.502000000000844,9.81,3.93,1,1,0.01,0.01,-7.457376379682572,10.765423208233738,1.1574989154582584,1.2445195844449224,5.405096405680648,-1.1384407065892566,0.0,-1.0880642639971523,2.5998891349118156,0.0,-1.9216893994147357,-1.4656333650799687,0.0,3.5204783845360423,-4.615933393453073,13.190632594724107,138.62726373110615,151.81789632583025
12.504000000000845,9.81,3.93,1,1,0.01,0.01,-7.455050601411037,10.76791003338694,1.1682644135560367,1.2423370867089956,5.360268754256978,-1.0438866646670046,0.0,-1.0919074957517223,2.596936134603126,0.0,-1.9215404829803986,-1.487369050381247,0.0,3.585453989524135,-4.632068274493302,13.339941609568577,138.47789676567896,151.81783837524753
12.506000000000846,9.81,3.93,1,1,0.01,0.01,-7.452703382332961,10.770392683336182,1.1789394538974467,1.2403447224267168,5.314636794754899,-0.9483067956341444,0.0,-1.0957504197987982,2.5939396509056327,0.0,-1.9213816602237381,-1.5091167888312542,0.0,3.6509822903036455,-4.648368149044214,13.491312956245935,138.32646707146466,151.8177800277106
12.508000000000846,9.81,3.93,1,1,0.01,0.01,-7.450334904979912,10.772871540401882,1.189522416709242,1.2385445460320423,5.268189370902063,-0.8516983273737151,0.0,-1.0995930161349432,2.5908996595132665,0.0,-1.9212127394135565,-1.5308767804493653,0.0,3.7170712550695644,-4.664833081112754,13.644745340636783,138.17297593265891,151.8177212732957
12.510000000000847,9.81,3.93,1,1,0.01,0.01,-7.447945355145312,10.77534699101884,1.200011659909926,1.2369386174590007,5.2209153309768315,-0.7540585315709611,0.0,-1.1034352643677476,2.587816135718486,0.0,-1.9210335232876679,-1.5526492266775644,0.0,3.783728881555754,-4.681463075890114,13.800237451924655,138.01742465029048,151.81766210221514
12.512000000000848,9.81,3.93,1,1,0.01,0.01,-7.445534921929048,10.777819425747152,1.2104055191203917,1.235529002056297,5.17280352936114,-0.6553847214793227,0.0,-1.1072771437046693,2.5846890544094987,0.0,-1.920843808961548,-1.5744343303071946,0.0,3.8509631952255177,-4.698258078915516,13.95778796257488,137.8598145422406,151.81760250481548
12.514000000000848,9.81,3.93,1,1,0.01,0.01,-7.443103797782051,10.78028923928296,1.2207023076777552,1.2343177705065393,5.123842828181667,-0.5556742495319593,0.0,-1.1111186329417013,2.58151839006765,0.0,-1.9206433878368503,-1.596232295403622,0.0,3.9187822474564187,-4.715217975242404,14.1173955283191,137.70014694325778,151.81754247157687
12.51600000000085,9.81,3.93,1,1,0.01,0.01,-7.440652178550846,10.782756830469038,1.2309003166525592,1.2333069987504006,5.074022099037855,-0.4549245047929178,0.0,-1.1149597104518485,2.5783041167649383,0.0,-1.9204320455097605,-1.6180433272287582,0.0,3.9871941137207814,-4.732342588607774,14.27905878814495,137.53842320496545,151.8174819931104
12.51800000000085,9.81,3.93,1,1,0.01,0.01,-7.438180263522069,10.785222602305245,1.2409978148695162,1.2324987679160433,5.023330224814625,-0.3531329102418588,0.0,-1.118800354173433,2.575046208161705,0.0,-1.9202095616792891,-1.6398676321614052,0.0,4.05620689176345,-4.749631680605664,14.4427763642916,137.374644695865,151.8174210601566
12.52000000000085,9.81,3.93,1,1,0.01,0.01,-7.435688255466931,10.787686961958824,1.2509930489319632,1.2318951642541471,4.971756101577922,-0.25029691988624014,0.0,-1.122640541598195,2.5717446375044917,0.0,-1.9199757100555188,-1.6617054176153236,0.0,4.125828699778316,-4.767084949865701,14.608546862250684,137.20881280133287,151.81735966358355
12.522000000000851,9.81,3.93,1,1,0.01,0.01,-7.433176360685634,10.790150320774597,1.2608842432501846,1.2314982790788909,4.919288640550442,-0.14641401569376145,0.0,-1.1264802497592403,2.568399377624039,0.0,-1.919730258267802,-1.6835568919551038,0.0,4.196067674585656,-4.784702031237511,14.77636887077313,137.04092892361126,151.8172977943844
12.524000000000852,9.81,3.93,1,1,0.01,0.01,-7.430644789051726,10.79261309428503,1.2706696000737674,1.2313102087152528,4.865916770165166,-0.041481704338892644,0.0,-1.1303194552187728,2.5650104009334806,0.0,-1.9194729677730176,-1.7054222644096395,0.0,4.266931969811733,-4.802482494982138,14.946240961881465,136.8709944817934,151.81723544367486
12.526000000000852,9.81,3.93,1,1,0.01,0.01,-7.4280937540563885,10.795075702220213,1.2803472995281375,1.2313330544530123,4.811629438193579,0.06450248624428712,0.0,-1.1341581340556646,2.561577679426703,0.0,-1.9192035937638798,-1.727301744983299,0.0,4.338429754072937,-4.820425845971361,15.118161690888119,136.6990109118027,151.81717260269082
12.528000000000853,9.81,3.93,1,1,0.01,0.01,-7.425523472852639,10.797538568517746,1.2899154996554254,1.2315689225078443,4.7564156139455145,0.17154101051013848,0.0,-1.1379962618528314,2.55810118467688,0.0,-1.9189218850773395,-1.7491955443646863,0.0,4.4105692091663276,-4.838531522895861,15.29212959641933,136.52497966636582,151.81710926278515
12.530000000000854,9.81,3.93,1,1,0.01,0.01,-7.422934166299459,10.80000212133256,1.2993723364597987,1.232019923989917,4.700264290536953,0.2796363091584091,0.0,-1.14183381368444,2.5545808878352014,0.0,-1.9186275841031497,-1.7711038738330074,0.0,4.483358528268877,-4.856798897483421,15.468143200445187,136.3489022149796,151.8170454154248
12.532000000000854,9.81,3.93,1,1,0.01,0.01,-7.420326059005819,10.802466793046678,1.308715923957397,1.2326881748804202,4.643164487222221,0.38879081320788433,0.0,-1.145670764102907,2.551016759629787,0.0,-1.9183204266926106,-1.7930269451619265,0.0,4.556805914147455,-4.875227273728075,15.646201008315131,136.1707800438724,151.81698105218754
12.534000000000855,9.81,3.93,1,1,0.01,0.01,-7.417699379374598,10.804933020278948,1.3179443542309912,1.2335757960164637,4.585105251786098,0.49900694829567804,0.0,-1.1495070871257425,2.547408770364794,0.0,-1.9180001420675503,-1.8149649705210025,0.0,4.630919577382266,-4.893815887131362,15.826301508799698,135.9906146559585,151.8169161647582
12.536000000000856,9.81,3.93,1,1,0.01,0.01,-7.415054359646396,10.80740124389474,1.3270556974894825,1.2346849130848083,4.52607566299159,0.6102871392106386,0.0,-1.1533427562222016,2.5437568899197274,0.0,-1.9176664527295728,-1.8369181623745952,0.0,4.705707734605993,-4.912563903956744,16.00844317413802,135.80840757078715,151.81685074492518
12.538000000000856,9.81,3.93,1,1,0.01,0.01,-7.412391235943213,10.809871909015646,1.3360480021323502,1.236017656624904,4.466064833078464,0.722633814670008,0.0,-1.1571777442997413,2.540061087748954,0.0,-1.917319074369646,-1.8588867333782049,0.0,4.781178606761256,-4.931470420498363,16.19262446009097,135.62416032448542,151.81678478457638
12.540000000000857,9.81,3.93,1,1,0.01,0.01,-7.409710248312004,10.812345465029203,1.3449192948191417,1.2375761620417334,4.405061910307118,0.8360494123493214,0.0,-1.1610120236903225,2.5363213328814243,0.0,-1.916957715778031,-1.8808708962723282,0.0,4.857340417379387,-4.950534462365208,16.378843806000553,135.4378744696943,151.81671827569485
12.542000000000858,9.81,3.93,1,1,0.01,0.01,-7.407011640768084,10.814822365598642,1.3536675805440914,1.2393625696289772,4.343056081542399,0.9505363841749825,0.0,-1.1648455661365118,2.532537593920609,0.0,-1.9165820787546344,-1.902870863773699,0.0,4.934201390883091,-4.969754983781907,16.56709963485477,135.24955157549945,151.81665121035422
12.544000000000858,9.81,3.93,1,1,0.01,0.01,-7.404295661338375,10.817303068672695,1.362290842715942,1.241379024603034,4.280036574871181,1.0660972018900945,0.0,-1.1686783427774117,2.528709839044665,0.0,-1.9161918580198225,-1.9248868484639625,0.0,5.011769750916149,-4.989130866907346,16.757390353358495,135.05919322735593,151.81658358071442
12.54600000000086,9.81,3.93,1,1,0.01,0.01,-7.4015625621045,10.819788036495488,1.3707870432430298,1.243627677148457,4.215992662247198,1.182734362904473,0.0,-1.1725103241344175,2.524838036006806,0.0,-1.915786741125706,-1.9469190626757829,0.0,5.090053718703331,-5.008660921172217,16.949714352009945,134.86680102700598,151.81651537901593
12.54800000000086,9.81,3.93,1,1,0.01,0.01,-7.39881259924569,10.822277735616533,1.3791541226236808,1.24611068247538,4.150913662156388,1.3004503964395537,0.0,-1.1763414800967857,2.520922152135932,0.0,-1.9153664083680113,-1.9689677183763161,0.0,5.169061511443594,-5.028343882636878,17.14407000518289,134.67237659239245,151.81644659757535
12.55000000000086,9.81,3.93,1,1,0.01,0.01,-7.396046033081509,10.824772636900839,1.387390000041952,1.2488302008895429,4.084788942295162,1.419247869980469,0.0,-1.180171779907039,2.516962154337464,0.0,-1.914930532698487,-1.9910330270481356,0.0,5.248801340740234,-5.048178413370554,17.340455671214375,134.47592155756453,151.81637722877892
12.552000000000861,9.81,3.93,1,1,0.01,0.01,-7.393263128114385,10.827273215539197,1.3954925734687356,1.2517883978755338,4.017607922253919,1.5391293960468082,0.0,-1.184001192146189,2.5129580090944454,0.0,-1.91447877963799,-2.0131151995675336,0.0,5.329281411071311,-5.068163100853363,17.538869692498142,134.27743757257934,151.81630726507748
12.554000000000862,9.81,3.93,1,1,0.01,0.01,-7.390464153071928,10.829779951058622,1.4034597197682288,1.254987444193905,3.949360076197374,1.6600976392950835,0.0,-1.1878296847187901,2.5089096824688717,0.0,-1.9140108071902031,-2.035214446080256,0.0,5.410509918304171,-5.088296457402209,17.739310395583235,134.0769263033966,151.81623669897982
12.556000000000862,9.81,3.93,1,1,0.01,0.01,-7.387649380949034,10.83229332733302,1.4112892948097537,1.2584295159928351,3.8800349355329242,1.7821553239656955,0.0,-1.1916572248378152,2.5048171401032824,0.0,-1.9135262657560923,-2.057330975874645,0.0,5.4924950482578225,-5.108576919622001,17.941776091277973,133.87438943176858,151.81616552304655
12.558000000000863,9.81,3.93,1,1,0.01,0.01,-7.384819089049757,10.834813832594081,1.4189791335848938,1.2621167949350407,3.8096220915575882,1.9053052416882745,0.0,-1.1954837790093689,2.500680347222602,0.0,-1.9130247980490953,-2.079464997252248,0.0,5.5752449753172595,-5.129002847883355,18.146265074759174,133.6698286551239,151.81609372988308
12.560000000000864,9.81,3.93,1,1,0.01,0.01,-7.381973559028945,10.83734195944246,1.426527050329895,1.2660514683406696,3.738111198073644,2.029550259659398,0.0,-1.1993093130172294,2.4964992686362435,0.0,-1.9125060390111037,-2.101616717395884,0.0,5.658767861103808,-5.149572525828146,18.352775625686327,133.46324568644633,151.81602131213265
12.562000000000864,9.81,3.93,1,1,0.01,0.01,-7.379113076933623,10.839878204859236,1.4339308386532585,1.2702357293469337,3.665491973962594,2.1548933292073276,0.0,-1.2031337919072183,2.492273868740484,0.0,-1.911969615729272,-2.1237863422351824,0.0,5.743071853205776,-5.1702841599042015,18.561306008320592,133.25464225414862,151.81594826246922
12.564000000000865,9.81,3.93,1,1,0.01,0.01,-7.376237933244117,10.842423070217727,1.4411882716684297,1.2746717770852714,3.591754205706128,2.2813374947594047,0.0,-1.2069571799714143,2.4880041115211022,0.0,-1.9114151473536738,-2.1459740763096757,0.0,5.828165083974027,-5.1911358789304325,18.77185447164864,133.04402010194053,151.81587457358918
12.566000000000866,9.81,3.93,1,1,0.01,0.01,-7.373348422914906,10.844977061295669,1.4482971021314672,1.2793618168768595,3.5168877498427977,2.4088859032275143,0.0,-1.2107794407321886,2.483689960556308,0.0,-1.9108422450158615,-2.1681801226293977,0.0,5.914055669386859,-5.212125733693758,18.984419249510804,132.83138098869327,151.81580023820408
12.568000000000866,9.81,3.93,1,1,0.01,0.01,-7.370444845415195,10.847540688287808,1.4552550625835505,1.28430806044733,3.4408825353477495,2.5375418138288723,0.0,-1.2146005369260953,2.479331379019925,0.0,-1.91025051174829,-2.1904046825331425,0.0,6.00075170798935,-5.233251696578967,19.1989985607336,132.61672668829777,151.81572524903137
12.570000000000867,9.81,3.93,1,1,0.01,0.01,-7.3675275047692015,10.850114465818939,1.4620598654981591,1.2895127261615758,3.363728565922914,2.667308608358594,0.0,-1.21842043048759,2.4749283296848947,0.0,-1.9096395424047414,-2.2126479555443184,0.0,6.088261279911814,-5.254511661233146,19.415590609266495,132.40005898951983,151.81564959878634
12.572000000000868,9.81,3.93,1,1,0.01,0.01,-7.364596709596136,10.852698912957438,1.4687092034327318,1.2949780392795696,3.2854159221839248,2.7981898019326037,0.0,-1.222239082532595,2.470480774927044,0.0,-1.9090089235816445,-2.2349101392245205,0.0,6.176592445972754,-5.275903442265611,19.63419358432226,132.18137969585047,151.8155732801727
12.574000000000868,9.81,3.93,1,1,0.01,0.01,-7.361652773149882,10.855294553229324,1.4752007491845842,1.3007062322341543,3.2059347637295916,2.9301890542192184,0.0,-1.2260564533419058,2.465988676729153,0.0,-1.908358233540382,-2.257191429024861,0.0,6.265753246871596,-5.297424774984866,19.854805660520988,131.96069062535196,151.81549628587294
12.57600000000087,9.81,3.93,1,1,0.01,0.01,-7.358696013358354,10.857901914632908,1.4815321559508365,1.3066995449318002,3.1252753310790338,3.06331018117874,0.0,-1.2298725023444428,2.4614519966853416,0.0,-1.9076870421306067,-2.2794920181350973,0.0,6.355751702476671,-5.319073315173896,20.077424998037564,131.73799361050143,151.815418608539
12.57800000000087,9.81,3.93,1,1,0.01,0.01,-7.3557267528625365,10.86052152965405,1.4877010574920682,1.3129602250773686,3.043427947460712,3.197557167331721,0.0,-1.2336871881003586,2.456870696005724,0.0,-1.906994910714471,-2.301812097330693,0.0,6.446595811214373,-5.340846638904799,20.302049742751947,131.51329049802928,151.8153402407812
12.58000000000087,9.81,3.93,1,1,0.01,0.01,-7.352745319055193,10.863153935282114,1.4937050682993913,1.319490528523955,2.9603830204372477,3.332934178576198,0.0,-1.2375004682839763,2.4522447355214094,0.0,-1.9062813920919142,-2.324151854817775,0.0,6.538293549565088,-5.362742242394375,20.52867802640214,131.28658314875622,151.81526117515835
12.582000000000871,9.81,3.93,1,1,0.01,0.01,-7.349752044119229,10.86579967302662,1.4995417837645937,1.3262927196489367,2.8761310433485905,3.4694455755765414,0.0,-1.2413122996666024,2.4475740756897917,0.0,-1.905546030426882,-2.3465114760762167,0.0,6.63085287167243,-5.384757541901612,20.757307966739855,131.0578734374266,151.81518140416645
12.584000000000872,9.81,3.93,1,1,0.01,0.01,-7.346747265065724,10.868459288934712,1.5052087803529723,1.333369071757386,2.7906625965559146,3.607095927746293,0.0,-1.2451226380991751,2.4428586766001557,0.0,-1.904788361174505,-2.3688911437007993,0.0,6.724281709071755,-5.40688987366835,20.987937667687703,130.82716325253912,151.81510092022683
12.586000000000872,9.81,3.93,1,1,0.01,0.01,-7.343731323771607,10.871133333609421,1.5107036157784397,1.3407218675140655,2.70396834846738,3.7458900278489313,0.0,-1.2489314384947812,2.4380984979796088,0.0,-1.9040079110092352,-2.391291037240646,0.0,6.818587970544768,-5.429136493904378,21.22056521949846,130.594454496176,151.81501971567448
12.588000000000873,9.81,3.93,1,1,0.01,0.01,-7.340704567016984,10.873822362228855,1.5160238291804475,1.3483533994052614,2.616039056326437,3.88583290724112,0.0,-1.252738654811014,2.4332934991993422,0.0,-1.9032041977539018,-2.4137113330369364,0.0,6.913779542106707,-5.4514945788180444,21.455188698915244,130.35974908383074,151.81493778274597
12.590000000000874,9.81,3.93,1,1,0.01,0.01,-7.337667346522108,10.876526934566321,1.5211669413022328,1.3562659702317683,2.5268655667420843,4.026929851784706,0.0,-1.2565442400322089,2.428443639281202,0.0,-1.902376730309622,-2.4361522040591215,0.0,7.009864287133424,-5.473961224693432,21.691806169332814,130.12304894423352,151.81485511356632
12.592000000000874,9.81,3.93,1,1,0.01,0.01,-7.3346200189839905,10.879247615011478,1.5261304546698482,1.364461893634388,2.436438815940096,4.169186418454035,0.0,-1.2603481461515282,2.423548876904597,0.0,-1.9015250085865454,-2.458613819739659,0.0,7.106850046635301,-5.496533448015213,21.930415680959044,129.88435601917655,151.8147717001356
12.594000000000875,9.81,3.93,1,1,0.01,0.01,-7.331562946112663,10.88198497259257,1.5309118537713984,1.372943494653363,2.3447498297130793,4.312608452666724,0.0,-1.2641503241529044,2.418609170413747,0.0,-1.9006485234353936,-2.4810963458074062,0.0,7.204744639685469,-5.519208185642227,22.17101527097629,129.64367226333925,151.81468753431554
12.596000000000876,9.81,3.93,1,1,0.01,0.01,-7.328496494667065,10.884739580999812,1.5355086052358555,1.3817131103232185,2.2517897230461807,4.457202106367588,0.0,-1.2679507239928647,2.4136244778252496,0.0,-1.8997467565796855,-2.503599944119875,0.0,7.303555864010285,-5.541982295030653,22.413602963702616,129.40099964411252,151.81460260781512
12.598000000000876,9.81,3.93,1,1,0.01,0.01,-7.325421036490591,10.887512018610009,1.5399181580107824,1.390773090304551,2.157549699394775,4.602973856895867,0.0,-1.2717492945821982,2.408594756835994,0.0,-1.8988191805486068,-2.526124772494351,0.0,7.4032914967495405,-5.564852554507723,22.658176770751282,129.15634014142447,151.81451691217575
12.600000000000877,9.81,3.93,1,1,0.01,0.01,-7.322336948546276,10.890302868512466,1.5441379435382416,1.4001257975543604,2.062021049588985,4.74993052666821,0.0,-1.275545983767509,2.4035199648314105,0.0,-1.8978652586104174,-2.5486709845381466,0.0,7.503959295395035,-5.587815663596804,22.904734691189283,128.90969574756676,151.81443043875603
12.602000000000878,9.81,3.93,1,1,0.01,0.01,-7.31924461295163,10.893112718536289,1.5481653759281202,1.4097736090365935,1.96519515033922,4.898079303710557,0.0,-1.2793407383126234,2.398400058894064,0.0,-1.896884444706322,-2.5712387294780377,0.0,7.6055669989156165,-5.610868243394669,23.153274711693413,128.66106846702291,151.81434317871634
12.604000000000879,9.81,3.93,1,1,0.01,0.01,-7.316144417013135,10.895942161279141,1.5519978521280426,1.4197189164746276,1.8670634623157831,5.047427763074185,0.0,-1.2831335038798748,2.3932349958125814,0.0,-1.8958761833846385,-2.5938281519891033,0.0,7.708122329077608,-5.634006837001497,23.403794806703687,128.41046031629844,151.8142551230021
12.60600000000088,9.81,3.93,1,1,0.01,0.01,-7.313036753260399,10.89879179413755,1.5556327520889952,1.4299641271475005,1.7676175277745723,5.197983889172221,0.0,-1.2869242250112443,2.3880247320909294,0.0,-1.8948399097351962,-2.6164393920230635,0.0,7.811632991969424,-5.657227910004402,23.656292938573237,128.15787332375396,151.8141662623272
12.60800000000088,9.81,3.93,1,1,0.01,0.01,-7.309922019479995,10.901662219338858,1.5590674389257229,1.4405116647317673,1.6668489676996938,5.349756099075241,0.0,-1.2907128451093846,2.382769223958033,0.0,-1.8937750493237835,-2.6390725846363527,0.0,7.9161066797398165,-5.680527851014871,23.910767057714637,127.90330952944178,151.81407658715642
12.61000000000088,9.81,3.93,1,1,0.01,0.01,-7.3068006187489685,10.904554043974892,1.5622992590709033,1.4513639701909398,1.5647494784328038,5.502753266806005,0.0,-1.2944993064185053,2.3774684273777345,0.0,-1.8926810181264835,-2.661727859818047,0.0,8.021551072559198,-5.703902972260573,24.167215102741213,127.64677098494619,151.8139860876874
12.612000000000881,9.81,3.93,1,1,0.01,0.01,-7.303672959468062,10.907467880037474,1.5653255424220405,1.4625235027145487,1.4613108277578408,5.656984748675145,0.0,-1.2982835500051277,2.3721222980591063,0.0,-1.8915572224637685,-2.6844053423178336,0.0,8.127973840813892,-5.7273495102319565,24.425635000603393,127.38825975322914,151.81389475383253
12.614000000000882,9.81,3.93,1,1,0.01,0.01,-7.300539455394642,10.91040434445585,1.5681436024799567,1.4739927407089561,1.356524850408465,5.81246040970226,0.0,-1.3020655157387053,2.366730791467094,0.0,-1.8904030589340803,-2.707105151474211,0.0,8.235382647543478,-5.750863626383649,24.686024666718637,127.12777790848034,151.81380257519896
12.616000000000883,9.81,3.93,1,1,0.01,0.01,-7.297400525675359,10.913364059136164,1.5707507364776918,1.4857741828421336,1.2503834429643776,5.969190651168393,0.0,-1.305845142272114,2.3612938628335174,0.0,-1.889217914346777,-2.7298274010431056,0.0,8.343785151131788,-5.774441407891009,24.948382005094935,126.8653275359747,151.81370954106964
12.618000000000883,9.81,3.93,1,1,0.01,0.01,-7.2942565948785685,10.916347651003067,1.5731442254985581,1.4978703491447156,1.1428785581012797,6.127186439348662,0.0,-1.3096223670220102,2.3558114671684005,0.0,-1.888001165654139,-2.752572199027115,0.0,8.453189008262312,-5.7980788684616025,25.212704908446792,126.60091073193547,151.81361564038227
12.620000000000884,9.81,3.93,1,1,0.01,0.01,-7.291108093026519,10.919355752043597,1.5753213345820156,1.5102837821697421,1.0340021981581746,6.286459335475712,0.0,-1.3133971261490398,2.350283559271652,0.0,-1.8867521798822258,-2.7753396475055188,0.0,8.563601877149095,-5.82177194920156,25.478991258302464,126.33452960340595,151.8135208617084
12.622000000000885,9.81,3.93,1,1,0.01,0.01,-7.287955455627346,10.922388999353434,1.5772793128159692,1.5230170482136025,0.9237464079838158,6.447021526987892,0.0,-1.3171693545379188,2.344710093745082,0.0,-1.885470314060301,-2.798129842465326,0.0,8.675031421054793,-5.845516519536512,25.747238925102472,126.06618626812941,151.8134251932319
12.624000000000885,9.81,3.93,1,1,0.01,0.01,-7.284799123706894,10.925448035185656,1.5790153934140048,1.5360727386008084,0.8121032670230361,6.608885860118525,0.0,-1.320938985777375,2.339091025004746,0.0,-1.8841549151484909,-2.820942873633566,0.0,8.7874853121078,-5.869308378186532,26.017445768288034,125.79588285443785,151.8133286227259
12.626000000000886,9.81,3.93,1,1,0.01,0.01,-7.281639543840404,10.928533507002143,1.5805267937760041,1.5494534710353325,0.6990648806021816,6.77206587388497,0.0,-1.3247059521399227,2.3334263072936428,0.0,-1.882805319963452,-2.8437788243109305,0.0,8.900971235430381,-5.893143254194801,26.28960963637827,125.52362150115184,151.8132311375301
12.628000000000887,9.81,3.93,1,1,0.01,0.01,-7.278477168184093,10.931646067527739,1.5818107155304946,1.563161891021381,0.584623370370869,6.936575835540712,0.0,-1.32847018456151,2.3277158946947254,0.0,-1.8814208551015783,-2.8666377712071363,0.0,9.015496893590987,-5.917016808008823,26.56372836703602,125.24940435749086,151.8131327245269
12.630000000000887,9.81,3.93,1,1,0.01,0.01,-7.275312454506673,10.93478637480733,1.5828643445570012,1.577200673356584,0.46877086385608524,7.102430777555662,0.0,-1.3322316126209968,2.321959741144245,0.0,-1.8800008368594552,-2.8895197842781077,0.0,9.131070011393467,-5.940924632613547,26.839799787120548,124.97323358299573,151.81303337011627
12.632000000000888,9.81,3.93,1,1,0.01,0.01,-7.272145866220843,10.937955092266,1.5836848509865822,1.5915725237007348,0.3514994830826955,7.269646536193978,0.0,-1.3359901645194667,2.316157800445424,0.0,-1.878544571151156,-2.9124249265652247,0.0,9.247698341016797,-5.96486225471522,27.117821712726403,124.69511134746425,151.81293306019066
12.634000000000889,9.81,3.93,1,1,0.01,0.01,-7.268977872414805,10.941152888772372,1.584269389178632,1.6062801802233408,0.23280133221236288,7.438239791762962,0.0,-1.3397457670593886,2.310310026282442,0.0,-1.8770513534219044,-2.9353532540369285,0.0,9.365389667519489,-5.988825135974526,27.39779194920807,124.41503983090077,151.81283178010884
12.63600000000089,9.81,3.93,1,1,0.01,0.01,-7.265808947883853,10.944380438705359,1.5846150976719382,1.6213264153334095,0.11266848415158283,7.608228110609491,0.0,-1.343498345623576,2.3044163722347357,0.0,-1.8755204685576805,-2.958304815432787,0.0,9.484151814722832,-6.012808674287635,27.679708291187836,124.13302122348067,151.8127295146685
12.63800000000089,9.81,3.93,1,1,0.01,0.01,-7.262639573162087,10.947638422024434,1.5847190991078832,1.6367140374950397,-0.008907033923386026,7.779629988946176,0.0,-1.3472478241539867,2.2984767917916114,0.0,-1.8739511907902524,-2.981279652110375,0.0,9.60399265148827,-6.036808205113314,27.96356852254755,123.849057725531,151.81262624807854
12.64000000000089,9.81,3.93,1,1,0.01,0.01,-7.259470234554304,10.950927524343635,1.5845785001235648,1.6524458931325687,-0.1319332561781284,7.9524648985926545,0.0,-1.3509941251303057,2.2924912383671625,0.0,-1.8723427835971376,-3.004277797895082,0.0,9.724920098404086,-6.060819002844271,28.24937041640176,123.56315154752863,151.8125219639304
12.642000000000891,9.81,3.93,1,1,0.01,0.01,-7.256301424168149,10.954248437009463,1.5841903912125128,1.6685248686291902,-0.25641829492475554,8.126753334723714,0.0,-1.354737169548339,2.2864596653154754,0.0,-1.8706944995958674,-3.027299278933171,0.0,9.846942134897734,-6.084836282220322,28.53711173505186,123.2753049101162,151.81241664516807
12.644000000000892,9.81,3.93,1,1,0.01,0.01,-7.253133639946563,10.957601857182887,1.5835518465505538,1.6849538924231573,-0.3823703586778472,8.302516865719914,0.0,-1.3584768768981763,2.2803820259461385,0.0,-1.8690055804320251,-3.050344113548229,0.0,9.970066806790175,-6.108855199781155,28.82679022991954,122.9855200441382,151.81231027405772
12.646000000000893,9.81,3.93,1,1,0.01,0.01,-7.249967385700627,10.960988487925627,1.582659923784262,1.7017359372058718,-0.509797771523149,8.479778185223386,0.0,-1.3622131651421374,2.2742582735400236,0.0,-1.867275256660343,-3.0734123121013197,0.0,10.094302234309728,-6.132870855355769,29.118403641458848,122.69379919069749,151.81220283215634
12.648000000000893,9.81,3.93,1,1,0.01,0.01,-7.246803171142862,10.964409038290952,1.5815116637793072,1.718874022226381,-0.6387089938624386,8.658561166506198,0.0,-1.3659459506924585,2.268088361365348,0.0,-1.8655027476182269,-3.096503876854976,0.0,10.219656620583036,-6.156878293585728,29.411949699044847,122.40014460123375,151.8120943002786
12.650000000000894,9.81,3.93,1,1,0.01,0.01,-7.243641511921085,10.967864223419191,1.5801040903258814,1.7363712157070177,-0.7691126446015477,8.838890919266346,0.0,-1.3696751483887275,2.261872242694002,0.0,-1.8636872612909436,-3.1196188018413293,0.0,10.346138260622007,-6.1808725054788916,29.707426120838136,122.10455853762544,151.8119846584636
12.652000000000895,9.81,3.93,1,1,0.01,0.01,-7.240482929652884,10.971354764638189,1.5784342097982484,1.7542306373751613,-0.9010175248510246,9.02079384897242,0.0,-1.3734006714750402,2.2556098708181462,0.0,-1.8618279941677311,-3.142757072734543,0.0,10.473755550825793,-6.204848429990073,30.004830613623866,121.80704327231672,151.8118738859406
12.654000000000895,9.81,3.93,1,1,0.01,0.01,-7.237327951960834,10.974881389568953,1.5764990107653196,1.772455461116343,-1.0344326432125466,9.204297718886213,0.0,-1.3771224315768498,2.2493011990670406,0.0,-1.8599241310879484,-3.165918666727767,0.0,10.602516999017947,-6.228800955624595,30.304160872622887,121.50760108846978,151.81176196109266
12.656000000000896,9.81,3.93,1,1,0.01,0.01,-7.234177112508545,10.978444832236724,1.574295463549006,1.7910489177541875,-1.1693672427276172,9.389431714900134,0.0,-1.3808403386775128,2.2429461808241298,0.0,-1.8579748450764488,-3.18910355241488,0.0,10.7324312350398,-6.252724922060662,30.605414581275113,121.20623428014507,151.81164886142017
12.658000000000897,9.81,3.93,1,1,0.01,0.01,-7.231030951037636,10.982045833187742,1.5718205197269468,1.810014297962965,-1.3058308295684482,9.576226513334587,0.0,-1.3845543010944774,2.2365447695443583,0.0,-1.8559792971672264,-3.2123116896771076,0.0,10.863507021921366,-6.276615121785868,30.908589410991986,120.90294515251067,151.81153456350265
12.660000000000897,9.81,3.93,1,1,0.01,0.01,-7.2278900134057755,10.985685139611983,1.5690711115760412,1.829354955318826,-1.4438332035556165,9.76471435185065,0.0,-1.388264225455122,2.230096918771701,0.0,-1.8539366362143221,-3.2355430295748535,0.0,10.99575326765302,-6.300466301742834,31.213683020877713,120.59773602208195,151.81141904295967
12.662000000000898,9.81,3.93,1,1,0.01,0.01,-7.22475485162589,10.98936350547212,1.5660441514530472,1.8490743094961124,-1.5833844905904861,9.954929103641982,0.0,-1.3919700166721898,2.2236025821569116,0.0,-1.8518459986889901,-3.258797514244801,0.0,11.129179037581011,-6.324273164978729,31.52069305741673,120.29060921699346,151.8113022744102
12.664000000000899,9.81,3.93,1,1,0.01,0.01,-7.221626023906676,10.993081691639057,1.562736531108323,1.869175849615478,-1.7244951770957972,10.146906355081788,0.0,-1.3956715779188142,2.217061713475465,0.0,-1.8497065084619546,-3.282075076802567,0.0,11.26379356745191,-6.348030372292731,31.829617154126417,119.98156707730456,151.81118423143099
12.6660000000009,9.81,3.93,1,1,0.01,0.01,-7.218504094694564,10.996840466034293,1.5591451209285971,1.8896631377509103,-1.8671761465620287,10.340683487010843,0.0,-1.39936881060308,2.210474266645693,0.0,-1.8475172765696517,-3.305375641250996,0.0,11.399606277131472,-6.371732543875477,32.14045293117256,119.67061195534043,151.811064886513
12.6680000000009,9.81,3.93,1,1,0.01,0.01,-7.21538963471726,11.000640603779472,1.5552667691044557,1.9105398126031359,-2.0114387183030487,10.536299759866171,0.0,-1.403061614342118,2.2038401957470946,0.0,-1.8452774009631336,-3.3286991223943403,0.0,11.536626785025181,-6.395374260933574,32.45319799494676,119.35774621607061,151.8109442110174
12.6700000000009,9.81,3.93,1,1,0.01,0.01,-7.212283221029038,11.00448288735346,1.5510983007180177,1.9318095933472983,-2.1572946885295705,10.733796402861538,0.0,-1.406749886935653,2.197159455038821,0.0,-1.8429859662384045,-3.3520454257583365,0.0,11.674864923228219,-6.418950067292388,32.76784993760237,119.04297223752661,151.81082217512898
12.672000000000901,9.81,3.93,1,1,0.01,0.01,-7.209185437057941,11.00836810675729,1.5466365167460516,1.953476283663236,-2.3047563738559314,10.93321670744722,0.0,-1.4104335243390216,2.1904319989782985,0.0,-1.840642043346669,-3.3754144475165013,0.0,11.814330753435108,-6.442454470969044,33.08440633654893,118.72629241126015,151.81069874780908
12.674000000000902,9.81,3.93,1,1,0.01,0.01,-7.20609687265506,11.012297059687361,1.5418781929735434,1.9755437759571595,-2.453836657361412,11.134606125289636,0.0,-1.4141124206355675,2.183657782240006,0.0,-1.838244689283125,-3.3988060744225823,0.0,11.955034583639426,-6.465881945707887,33.402864753901305,118.40770914284462,151.81057389674592
12.676000000000903,9.81,3.93,1,1,0.01,0.01,-7.2030181241460856,11.01627055171728,1.5368200788124808,1.99801605578402,-2.604549037335066,11.3380123710294,0.0,-1.4177864680084018,2.1768367597343774,0.0,-1.8357929467526735,-3.422220183749377,0.0,12.096986985656516,-6.4892269324694825,33.72322273588249,118.08722485242174,151.8104475883042
12.678000000000903,9.81,3.93,1,1,0.01,0.01,-7.199949794385315,11.020289396488755,1.5314588960203517,2.0208972064804027,-2.7569076788405544,11.543485530093688,0.0,-1.421455556711472,2.169968886626814,0.0,-1.8332858438108592,-3.445656643233983,0.0,12.240198813503392,-6.512483840863779,34.045477812177666,117.76484197529479,151.81031978747245
12.680000000000904,9.81,3.93,1,1,0.01,0.01,-7.196892492812333,11.02435441591197,1.5257913373125733,2.04419141401834,-2.910927468245567,11.751078171857502,0.0,-1.425119575039876,2.1630541183568064,0.0,-1.830722393478339,-3.469115311029502,0.0,12.384681222671645,-6.535647050517676,34.369627495236706,117.4405629625715,151.8101904578082
12.682000000000905,9.81,3.93,1,1,0.01,0.01,-7.193846835511576,11.028466440375915,1.5198140648627696,2.0679029720910598,-3.066624070869819,11.960845468469675,0.0,-1.4287784092993858,2.156092410657155,0.0,-1.8281015933269966,-3.4925960356632872,0.0,12.530445690331463,-6.558710912366376,34.69566927952344,117.11439028185924,151.81005956138267
12.684000000000905,9.81,3.93,1,1,0.01,0.01,-7.190813445275013,11.032626308969101,1.5135237086845,2.0920362874423293,-3.2240139919151005,12.172845319681809,0.0,-1.4324319437751185,2.149083719573242,0.0,-1.8254224250356303,-3.516098656001791,0.0,12.677504036506786,-6.58166974985682,35.02360064070926,116.7863264180126,151.80992705872188
12.686000000000906,9.81,3.93,1,1,0.01,0.01,-7.187792951668187,11.036834869711212,1.5069168648877007,2.1165958854517584,-3.383114640851294,12.387138484041477,0.0,-1.4360800606992714,2.1420280014823896,0.0,-1.8226838539132637,-3.5396230012219076,0.0,12.825868446263492,-6.604517860051749,35.35341903480732,116.45637387393911,151.80979290874643
12.688000000000907,9.81,3.93,1,1,0.01,0.01,-7.1847859910998775,11.041092979796183,1.4999900938027462,2.141586415989174,-3.5439443994438444,12.603788716837808,0.0,-1.4397226402178767,2.134925213113268,0.0,-1.8198848283877616,-3.5631688907888552,0.0,12.97555149295523,-6.627249514621085,35.68512189724599,116.1245351714634,151.80965706870938
12.690000000000907,9.81,3.93,1,1,0.01,0.01,-7.181793206895651,11.045401505847268,1.4927399179646483,2.1670126595519834,-3.7065226936208946,12.822862915216211,0.0,-1.4433595603565088,2.127775311565321,0.0,-1.8170242794573634,-3.586736134440607,0.0,13.126566162574377,-6.649858960706905,36.01870664187852,115.7908128522528,151.8095194941313
12.692000000000908,9.81,3.93,1,1,0.01,0.01,-7.178815249375588,11.049761324184681,1.4851628199495093,2.1928795337003035,-3.870870069390694,13.044431270907285,0.0,-1.4469906969848352,2.120578254328242,0.0,-1.8141011201027346,-3.6103245321786224,0.0,13.278925879257159,-6.67234042164766,36.354170659924904,115.45520947880858,151.8093801387335
12.694000000000909,9.81,3.93,1,1,0.01,0.01,-7.175852775936497,11.054173321106415,1.4772552400549004,2.2191920998055594,-4.037008273035694,13.268567431050169,0.0,-1.450615923779956,2.1133339993014535,0.0,-1.811114244656799,-3.6339338742648994,0.0,13.432644531996296,-6.694688097545809,36.69151131884398,115.11772763552429,151.80923895436825
12.69600000000091,9.81,3.93,1,1,0.01,0.01,-7.1729064511389256,11.058638393182887,1.469013573815378,2.2459555701292495,-4.204960335824927,13.495348667625308,0.0,-1.454235112188457,2.1060425048135625,0.0,-1.8080625281294656,-3.6575639412252188,0.0,13.58773650261711,-6.716896165661904,37.03072596113256,114.77836992981412,151.80909589094668
12.69800000000091,9.81,3.93,1,1,0.01,0.01,-7.1699769467993155,11.063157447566088,1.460434169343841,2.2731753152496417,-4.374750663503085,13.724856056048578,0.0,-1.4578481313870313,2.0987037296418523,0.0,-1.8049448254844747,-3.6812145038582194,0.0,13.744216695075814,-6.7389587806182,37.371811903047025,114.43713899331713,151.80895089636417
12.70000000000091,9.81,3.93,1,1,0.01,0.01,-7.167064942087657,11.067731402313944,1.451513324488904,2.300856871855313,-4.546405130834599,13.957174663523872,0.0,-1.4614548482416383,2.091317633031702,0.0,-1.8017599708648733,-3.704885323250327,0.0,13.902100566143874,-6.7608700743916375,37.71476643324546,114.09403748317702,151.80880391642248
12.702000000000911,9.81,3.93,1,1,0.01,0.01,-7.164171123631021,11.072361186730653,1.442247283797883,2.32900595092568,-4.719951181499872,14.192393747792728,0.0,-1.4650551272650325,2.0838841747159957,0.0,-1.7985067767639566,-3.7285761507960493,0.0,14.061404157544686,-6.7826241560767615,38.05958681134491,113.74906808340373,151.80865489474863
12.704000000000912,9.81,3.93,1,1,0.01,0.01,-7.16129618562337,11.077047741723783,1.4326322352743686,2.357628446319996,-4.895417933664234,14.43060696697154,0.0,-1.4686488305725949,2.076403314934488,0.0,-1.7951840331379838,-3.752286728223482,0.0,14.22214412961443,-6.804215111396549,38.4062702663915,113.40223350632019,151.80850377271167
12.706000000000913,9.81,3.93,1,1,0.01,0.01,-7.158440829942068,11.08179202017898,1.4226643069187075,2.386730443797725,-5.07283629156337,14.671912601218915,0.0,-1.4722358178363169,2.0688750144530923,0.0,-1.7917905064567508,-3.7760167876245827,0.0,14.384337796562601,-6.8256370019375945,38.75481399523763,113.05353649409687,151.80835048933452
12.708000000000913,9.81,3.93,1,1,0.01,0.01,-7.155605766271534,11.08659498735317,1.4123395630389886,2.4163182304947384,-5.252239063475682,14.916413787033598,0.0,-1.4758159462368257,2.0612992345831356,0.0,-1.7883249386880844,-3.7997660514898284,0.0,14.548003163413412,-6.84688386408544,39.10521516082337,112.70297982038034,151.8081949812037
12.710000000000914,9.81,3.93,1,1,0.01,0.01,-7.152791712234521,11.09145762128718,1.4016540003193678,2.446398304881459,-5.433661086480634,15.164218765047433,0.0,-1.479389070413309,2.053675937200512,0.0,-1.7847860462116947,-3.823534232746815,0.0,14.713158964714339,-6.867949707632581,39.45747089035638,112.35056629201843,151.80803718237482
12.712000000000915,9.81,3.93,1,1,0.01,0.01,-7.149999393531503,11.096380913238795,1.3906035436317365,2.476977387230847,-5.617139358432958,15.415441142244994,0.0,-1.4829550424111946,2.046005084764764,0.0,-1.7811725186578284,-3.847321034802248,0.0,14.879824705103918,-6.888828514030985,39.81157827338609,111.99629875088735,151.80787702427344
12.714000000000915,9.81,3.93,1,1,0.01,0.01,-7.1472295440887175,11.10136586813727,1.3791840415758405,2.5080624306260897,-5.802713177616956,15.670200169616717,0.0,-1.4865137116274179,2.0382866403380877,0.0,-1.7774830176657481,-3.871126151586708,0.0,15.048020701837217,-6.909514234258392,40.167534359766435,111.64018007582659,151.80771443559303
12.716000000000916,9.81,3.93,1,1,0.01,0.01,-7.144482906215405,11.106413505060441,1.3673912617319972,2.5396606325399276,-5.990424290582267,15.928621036334095,0.0,-1.4900649247531352,2.0305205676042286,0.0,-1.773716175556606,-3.894949267601599,0.0,15.21776812937446,-6.930000786264976,40.52533615750244,111.28221318468493,151.80754934218737
12.718000000000917,9.81,3.93,1,1,0.01,0.01,-7.141760230770847,11.11152485773558,1.3552208856095114,2.571779447019824,-6.180317048702799,16.190835181622887,0.0,-1.4936085257136842,2.0227068308872984,0.0,-1.769870593915121,-3.918790057967498,0.0,15.389089066145411,-6.950282051965278,40.88498063047412,110.92240103648491,151.80738166695903
12.720000000000917,9.81,3.93,1,1,0.01,0.01,-7.139062277341831,11.11670097506526,1.342668503272767,2.604426597515632,-6.372438574045213,16.456980625608033,0.0,-1.497144355605614,2.014845395170478,0.0,-1.7659448420738388,-3.942648188473106,0.0,15.5620065436102,-6.970351873736609,41.246464696032206,110.56074663371028,151.80721132974247
12.722000000000918,9.81,3.93,1,1,0.01,0.01,-7.136389814431191,11.12194292167956,1.3297296076257479,2.6376100903890594,-6.566838935181423,16.72720232050836,0.0,-1.500672252630587,2.006936226114638,0.0,-1.7619374554935177,-3.9665233156239115,0.0,15.736544597746116,-6.990204050383046,41.60978522245882,110.19725302472372,151.80703824718253
12.724000000000919,9.81,3.93,1,1,0.01,0.01,-7.133743619658147,11.127251778515987,1.3163995883344208,2.6713382291471057,-6.7635713336329655,17.0016525236748,0.0,-1.5041920520259138,1.998979290076856,0.0,-1.7578469340325644,-3.9904150866895067,0.0,15.912728323098827,-7.009832332520181,41.97493902628581,109.83192330632059,151.80686233260639
12.72600000000092,9.81,3.93,1,1,0.01,0.01,-7.131124479971177,11.132628643428646,1.3026737253649834,2.7056196294447603,-6.962692301693357,17.280491194092274,0.0,-1.5077035859915369,1.9909745541288295,0.0,-1.7536717400979356,-4.014323139748591,0.0,16.090583929547567,-7.029230417332267,42.341922869464646,109.46476062642577,151.8066834958904
12.72800000000092,9.81,3.93,1,1,0.01,0.01,-7.128533191874217,11.13807463182821,1.2885471821144203,2.7404632349056115,-7.164261912437324,17.56388641410112,0.0,-1.5112066836131595,1.9829219860752367,0.0,-1.7494102966695417,-4.038247103730248,0.0,16.270138801943578,-7.048391942650189,42.71073345637805,109.09576818694265,151.8065016433207
12.73000000000092,9.81,3.93,1,1,0.01,0.01,-7.125970561667025,11.143590877354407,1.2740149981081283,2.775878333812699,-7.368344002797189,17.852014838248014,0.0,-1.5147011707813263,1.9748215544719727,0.0,-1.7450609851891778,-4.06218659845043,0.0,16.451421562794827,-7.0673104802926865,43.08136743068755,108.72494924675911,151.80631667744666
12.732000000000921,9.81,3.93,1,1,0.01,0.01,-7.1234374057006065,11.149178532582784,1.2590720812375336,2.811874576725905,-7.575006410661304,18.145062171337294,0.0,-1.5181868701061019,1.966673228644356,0.0,-1.7406221433048554,-4.086141234641878,0.0,16.63446213818096,-7.085979528610606,43.45382137200504,108.3523071249225,151.80612849692756
12.734000000000922,9.81,3.93,1,1,0.01,0.01,-7.120934550648655,11.154838769767707,1.2437131995086297,2.84846199508651,-7.784321227035437,18.44322367793891,0.0,-1.52166360082711,1.958476978705269,0.0,-1.7360920624602139,-4.11011061397612,0.0,16.81929182709878,-7.104392504166748,43.82809179238143,107.97784520399048,151.8059369963719
12.736000000000923,9.81,3.93,1,1,0.01,0.01,-7.118462833795999,11.160572781623594,1.227932972270198,2.885651020874246,-7.996365064399047,18.746704725805294,0.0,-1.525131178718584,1.9502327755732534,0.0,-1.7314689853181195,-4.134094329075664,0.0,17.005943374452375,-7.122542732478984,44.20417513260069,107.60156693356777,151.80574206616845
12.738000000000923,9.81,3.93,1,1,0.01,0.01,-7.116023103345153,11.16638178214658,1.2117258608880999,2.9234525073872946,-8.21121934249046,19.055721365868408,0.0,-1.5285894159890776,1.941940590990616,0.0,-1.7267511030067306,-4.158091963514394,0.0,17.194451047919337,-7.140423437748041,44.58206775826853,107.2234758340404,151.80554359230894
12.740000000000924,9.81,3.93,1,1,0.01,0.01,-7.113616218742092,11.172267007478924,1.1950861588294623,2.961877751221262,-8.428970592867069,19.370500951729568,0.0,-1.53203812117549,1.9336003975415303,0.0,-1.7219365521751444,-4.182103091804142,0.0,17.38485071894304,-7.1580277314833625,44.96176595568426,106.84357550051729,151.80534145620155
12.742000000000925,9.81,3.93,1,1,0.01,0.01,-7.111243051022491,11.178229716818649,1.1780079811177537,3.000938515529248,-8.649710783709203,19.6912828018174,0.0,-1.535477099031002,1.9252121686701793,0.0,-1.7170234118448366,-4.206127279365013,0.0,17.57717994812043,-7.175348599933153,45.34326592748322,106.46186960699157,151.8051355344748
12.744000000000925,9.81,3.93,1,1,0.01,0.01,-7.108904483179707,11.184271193377045,1.160485253116687,3.0406470546517546,-8.873537666472567,20.01831890768117,0.0,-1.5389061504064934,1.9167758786989857,0.0,-1.7120097000419592,-4.230164082476893,0.0,17.7714780752765,-7.192378890215914,45.72656378803615,106.0783619107349,151.80492569877106
12.746000000000926,9.81,3.93,1,1,0.01,0.01,-7.106601410555911,11.19039274538689,1.142511698597521,3.081016140212446,-9.100555146143208,20.351874692206863,0.0,-1.5423250721249913,1.908291502846955,0.0,-1.7068933701942133,-4.254213048209279,0.0,17.96778631454039,-7.209111295040763,46.11165555859056,105.69305625693835,151.80471181552892
12.748000000000927,9.81,3.93,1,1,0.01,0.01,-7.104334741257842,11.196595707164407,1.1240808270406673,3.1220590887836734,-9.330873677015349,20.692229821899133,0.0,-1.5457336568486704,1.899759017248175,0.0,-1.7016723072746214,-4.278273714326371,0.0,18.166147854764034,-7.225538335892929,46.498537162139314,105.30595658361422,151.80449374575352
12.750000000000927,9.81,3.93,1,1,0.01,0.01,-7.10210539659876,11.202881440228229,1.1051859201184846,3.1637897912343695,-9.56461068609352,21.039679077760404,0.0,-1.5491316929378622,1.8911783989705588,0.0,-1.6963443236731421,-4.302345609163867,0.0,18.366607965651752,-7.241652344549385,46.887204417998724,104.91706692677647,151.8042713447752
12.752000000000928,9.81,3.93,1,1,0.01,0.01,-7.099914311568306,11.209251334478818,1.0858200173017463,3.2062227438823934,-9.80189102642419,21.394533289734333,0.0,-1.5525189643015307,1.8825496260348253,0.0,-1.6909071547750338,-4.3264282514738,0.0,18.569214110001095,-7.257445442774729,47.27765303607871,104.52639142591443,151.80404446199313
12.754000000000929,9.81,3.93,1,1,0.01,0.01,-7.097762435332077,11.21570680944213,1.0659759005274292,3.2493730815838098,-10.042847462884113,21.757120340155687,0.0,-1.5558952502385783,1.8738726774338614,0.0,-1.6853584542234876,-4.3505211502330985,0.0,18.774016062487707,-7.272909520034377,47.6698786108244,104.13393432978101,151.8038129406054
12.75600000000093,9.81,3.93,1,1,0.01,0.01,-7.095650731762858,11.222249315581497,1.0456460778601837,3.293256612903002,-10.287621193201732,22.12778624218175,0.0,-1.5592603252693542,1.8651475331524834,0.0,-1.679695788841494,-4.3746238044113355,0.0,18.981066035464895,-7.28803620904333,48.06387661480918,103.73970000251403,151.80357661732322
12.75800000000093,9.81,3.93,1,1,0.01,0.01,-7.0935801800055955,11.228880335682064,1.0248227660740123,3.3378898575200346,-10.53636240726209,22.506896299766026,0.0,-1.562613958956637,1.8563741741877258,0.0,-1.6739166331860325,-4.398735702692509,0.0,19.190418812288403,-7.302816858951721,48.45964239195549,103.34369293011314,151.80333532206862
12.76000000000093,9.81,3.93,1,1,0.01,0.01,-7.0915517750783605,11.235601386312421,1.0034978720742895,3.383290086045451,-10.789230888051444,22.894836356389035,0.0,-1.5659559157153367,1.847552582569715,0.0,-1.668018363704804,-4.422856323145223,0.0,19.40213188872137,-7.3172425059459005,48.85717115035866,102.94591772729511,151.80308887765378
12.762000000000931,9.81,3.93,1,1,0.01,0.01,-7.0895665285116936,11.242414019368423,0.9816629730732099,3.4294753624278282,-11.046396657936327,23.292014140484177,0.0,-1.569285954610084,1.8386827413832818,0.0,-1.6619982524632597,-4.446985132834948,0.0,19.616265623022937,-7.331303841021698,49.25645795468689,102.54637914475428,151.80283709944118
12.764000000000932,9.81,3.93,1,1,0.01,0.01,-7.087625469028923,11.249319823704583,0.9593092954239875,3.476464589156087,-11.308040674350442,23.69886071630573,0.0,-1.5726038291398179,1.8297646347903918,0.0,-1.6558534604062518,-4.471121587371484,0.0,19.832883395377653,-7.344991174658752,49.65749771812866,102.14508207685438,151.80257979498305
12.766000000000933,9.81,3.93,1,1,0.01,0.01,-7.085729643270248,11.256320426858847,0.936427692010573,3.5242775554769192,-11.574355579381828,24.115832049881668,0.0,-1.5759092870083982,1.8207982480535676,0.0,-1.6495810301154563,-4.495265130383821,0.0,20.05205177738101,-7.35829439809624,50.060285193855336,101.74203156978314,151.8023167636385
12.768000000000933,9.81,3.93,1,1,0.01,0.01,-7.083880116563569,11.263417496877024,0.9130086180802109,3.5729349888679747,-11.845546508222528,24.543410700697375,0.0,-1.579202069880196,1.8117835675604377,0.0,-1.6431778780197164,-4.519415192913853,0.0,20.273840712361448,-7.371202940876343,50.464814965964834,101.33723283020171,151.80204779616656
12.770000000000934,9.81,3.93,1,1,0.01,0.01,-7.0820779737453226,11.270612744243621,0.8890421053957178,3.622458610029832,-12.121831961965803,24.98210765087344,0.0,-1.5824819131195147,1.802720580849571,0.0,-1.6366407860111605,-4.543571192719364,0.0,20.4983237073898,-7.383705724283955,50.87108143986903,100.9306912344236,151.80177267429264
12.772000000000935,9.81,3.93,1,1,0.01,0.01,-7.080324320034796,11.277907923926438,0.864517734572821,3.672871191684531,-12.403444750820706,25.4324642848498,0.0,-1.5857485455126117,1.7936092766378247,0.0,-1.6299663924153736,-4.567732533475583,0.0,20.7255780379057,-7.395791110269708,51.27907883208378,100.52241233816372,151.80149117024752
12.774000000000935,9.81,3.93,1,1,0.01,0.01,-7.0786202819657085,11.285304837542812,0.8394246054551163,3.724196621495845,-12.690633014468204,25.895054533986286,0.0,-1.5890016889709708,1.7844496448493852,0.0,-1.6231511822583706,-4.591898603863443,0.0,20.95568496597685,-7.407446845394416,51.688801159378016,100.11240188689771,151.80120304627573
12.776000000000936,9.81,3.93,1,1,0.01,0.01,-7.076967008379134,11.29280533565611,0.8137513053650345,3.7764599694568144,-12.983661327015833,26.370487202055145,0.0,-1.592241058214344,1.7752416766467685,0.0,-1.616191476767324,-4.61606877653111,0.0,21.188729973301925,-7.418659999279607,52.1002422272321,99.70066582687933,151.80090805411143
12.778000000000937,9.81,3.93,1,1,0.01,0.01,-7.075365671482195,11.300411320211783,0.7874858750534872,3.829687560123752,-13.282811894829443,26.859408489356618,0.0,-1.5954663604319863,1.7659853644640118,0.0,-1.609083422035161,-4.640242406913953,0.0,21.424803010174017,-7.4294168969865435,52.513395617553954,99.28721031686372,151.80060593441766
12.780000000000937,9.81,3.93,1,1,0.01,0.01,-7.073817467977321,11.308124747123074,0.7606157721534017,3.883907050113311,-13.588385856443654,27.36250473515934,0.0,-1.5986772949203059,1.7566807020424184,0.0,-1.601822976772074,-4.66441883189604,0.0,21.663998761736963,-7.439703044678356,52.92825467559388,98.87204174059505,151.80029641618893
12.782000000000938,9.81,3.93,1,1,0.01,0.01,-7.072323620267267,11.315947629017366,0.7331278319229323,3.9391475113207925,-13.900704694790235,27.880505400386035,0.0,-1.6018735526950472,1.747327684469111,0.0,-1.5944058990579866,-4.688597368294462,0.0,21.906416932997175,-7.449503047837923,53.34481249599534,98.45516672011465,151.79997921611
12.784000000000939,9.81,3.93,1,1,0.01,0.01,-7.070885377741557,11.323882038155096,0.7050082250425161,3.995439520364148,-14.220111773150688,28.41418631495671,0.0,-1.6050548160758975,1.7379263082188288,0.0,-1.5868277320012796,-4.712777311145162,0.0,22.152162554195336,-7.458800521227243,53.76306190791227,98.03659212995825,151.7996540378705
12.78600000000094,9.81,3.93,1,1,0.01,0.01,-7.0695040181504885,11.331930109534252,0.6762424122058361,4.0528152548097145,-14.54697400755608,28.964373217016213,0.0,-1.60822075824123,1.728476571199384,0.0,-1.579083788198081,-4.736957931766337,0.0,22.4013463083014,-7.467577989669714,54.18299545911574,97.61632511231475,151.79932057143048
12.78800000000094,9.81,3.93,1,1,0.01,0.01,-7.068180849073403,11.340094044194593,0.6468150952178544,4.111308596793291,-14.881683689842987,29.53194561444776,0.0,-1.6113710427504762,1.7189784728012039,0.0,-1.5711691328744501,-4.761138475572501,0.0,22.654084882572896,-7.475816778619599,54.6046053990078,97.1943730932235,151.7989784922313
12.79000000000094,9.81,3.93,1,1,0.01,0.01,-7.066917209488508,11.348376112737093,0.6167101642830186,4.170955244714461,-15.22466047725139,30.117841002658235,0.0,-1.6145053230313557,1.7094320139515373,0.0,-1.563078565580596,-4.785318159608518,0.0,22.91050134631117,-7.483496893350565,55.02788366044858,96.7707437999002,151.79862746034877
12.792000000000941,9.81,3.93,1,1,0.01,0.01,-7.065714471452233,11.356778659075431,0.5859106411331104,4.231792833754032,-15.576353566352273,30.723059476685297,0.0,-1.61762324182893,1.6998371971738961,0.0,-1.5548066002907348,-4.8094961697690355,0.0,23.170725557168915,-7.4905968854408105,55.45282184029625,96.34544527928632,151.7982671195826
12.794000000000942,9.81,3.93,1,1,0.01,0.01,-7.06457404189679,11.365304104438053,0.5543986176065262,4.293861066045057,-15.9372440712422,31.348668780272575,0.0,-1.620724430613123,1.690194026653403,0.0,-1.546347443745022,-4.833671657663958,0.0,23.434894598604064,-7.497093705057108,55.87941117854716,95.91848591792876,151.79789709647594
12.796000000000943,9.81,3.93,1,1,0.01,0.01,-7.063497364555507,11.373954951640973,0.5221551892485109,4.357201851418311,-16.307847628387268,31.995809839784833,0.0,-1.6238085089410303,1.680502508308787,0.0,-1.5376949718503088,-4.857843737085316,0.0,23.70315325134656,-7.5029625373379485,56.30764253595333,95.48987446330594,151.79751699925927
12.798000000000943,9.81,3.93,1,1,0.01,0.01,-7.062485922026305,11.38273378965349,0.48916038345439294,4.421859459744618,-16.688717253271385,32.665702836764325,0.0,-1.626875083769912,1.6707626498718968,0.0,-1.5288427039342838,-4.882011480024467,0.0,23.97565450204452,-7.508176620944002,56.737506369979066,95.05962004673185,151.7971264167109
12.800000000000944,9.81,3.93,1,1,0.01,0.01,-7.061541237984808,11.391643298481108,0.45539308162446535,4.487880686010678,-17.08044647716224,33.35965387968289,0.0,-1.6299237487163654,1.6609744609756703,0.0,-1.5197837746220428,-4.906173912181583,0.0,24.252560092595036,-7.512707046575611,57.16899270894664,94.6277322079801,151.79672491692673
12.802000000000945,9.81,3.93,1,1,0.01,0.01,-7.060664879559601,11.400686254392415,0.42083093473901356,4.555315029393626,-17.483672795907335,34.07906234314146,0.0,-1.6329540832566607,1.651137953251631,0.0,-1.510510903075132,-4.93033000790091,0.0,24.534041114040704,-7.516522532947019,57.60209112420195,94.1942209217874,151.79631204598934
12.804000000000945,9.81,3.93,1,1,0.01,0.01,-7.059858459883474,11.409865535519236,0.38545027169415624,4.624214887744675,-17.89908146677577,34.82542895154617,0.0,-1.6359656518626775,1.6412531404381694,0.0,-1.5010163593001613,-4.9544786844555855,0.0,24.820278649334547,-7.519589177349229,58.036790700113684,93.75909662641442,151.7958873265281
12.806000000000946,9.81,3.93,1,1,0.01,0.01,-7.059123640835829,11.419184127862485,0.3492259996625449,4.694635769056046,-18.327409694055152,35.600364694331645,0.0,-1.6389580030672675,1.6313200385009492,0.0,-1.4912919271958618,-4.978618795594633,0.0,25.111464469749098,-7.521870177515728,58.47308000169873,93.3223702544591,151.79545025615784
12.808000000000947,9.81,3.93,1,1,0.01,0.01,-7.058462135993029,11.42864513173937,0.31213149565630666,4.766636521670765,-18.7694512494805,36.40560067128661,0.0,-1.641930668452136,1.6213386657670572,0.0,-1.481328863964233,-5.002749124251478,0.0,25.407801790234085,-7.523325521022851,58.910947039641755,92.88405326614364,151.79500030578538
12.810000000000947,9.81,3.93,1,1,0.01,0.01,-7.057875713805166,11.43825176871139,0.2741384883714493,4.840279585204869,-19.226061579725933,37.2429989797083,0.0,-1.6448831615505686,1.6113090430746446,0.0,-1.4711178554610362,-5.026868374298135,0.0,25.70950608962236,-7.523911637890949,59.35037923245075,92.44415768531749,151.79453691776826
12.812000000000948,9.81,3.93,1,1,0.01,0.01,-7.057366201019721,11.448007389036707,0.23521692928159127,4.915631264389776,-19.698163460250804,38.11456477022539,0.0,-1.647814976656413,1.6012311939401296,0.0,-1.4606489670034752,-5.050975161211115,0.0,26.016806002250235,-7.523581011395174,59.79136336546051,92.00269613845171,151.79405950391222
12.814000000000949,9.81,3.93,1,1,0.01,0.01,-7.056935486374731,11.457915479695156,0.19533485182237414,4.9927620283132255,-20.186753262907597,39.02245961550524,0.0,-1.6507255875296774,1.591105144745278,0.0,-1.4499115890861507,-5.075068001494073,0.0,26.32994428830891,-7.522281741323061,60.23388554635957,91.55968189693013,151.7935674432897
12.81600000000095,9.81,3.93,1,1,0.01,0.01,-7.056585524586574,11.467979673039437,0.1544582173639814,5.071746837845137,-20.69290791406025,39.96901635606627,0.0,-1.6536144459879671,1.5809309249468155,0.0,-1.4388943773792267,-5.09914530067743,0.0,26.649178891086702,-7.5199570530111375,60.67793115687856,91.11512892298022,151.79306007985878
12.81800000000095,9.81,3.93,1,1,0.01,0.01,-7.056318340660227,11.478203756131922,0.11255074650519031,5.152665504385688,-21.217792630724883,40.956755610471234,0.0,-1.6564809803716187,1.5707085673116303,0.0,-1.4275851862934477,-5.123205339685912,0.0,26.974784090210978,-7.516544744429514,61.12348480023209,90.66905191963045,151.79253671986254
12.82000000000095,9.81,3.93,1,1,0.01,0.01,-7.056136034552976,11.488591680833197,0.0695737340352386,5.235603083473403,-21.762669534668643,41.988404163796616,0.0,-1.65932459386886,1.560438108181058,0.0,-1.4159709952925619,-5.147246259330386,0.0,27.307051761066003,-7.51197656232835,61.57053024385526,90.22146638512797,151.7919966289832
12.822000000000951,9.81,3.93,1,1,0.01,0.01,-7.056040786226068,11.49914757471596,0.025485845695918004,5.320650307248879,-22.3289072587567,43.066915479038585,0.0,-1.6621446626855825,1.5501195877682945,0.0,-1.4040378270126062,-5.171266042639397,0.0,27.64629275176598,-7.506177496977527,62.01905035691608,89.7723886723075,151.79143902922357
12.824000000000952,9.81,3.93,1,1,0.01,0.01,-7.0560348611227806,11.509875752886428,-0.019757105368465158,5.407904060293765,-22.917991676443798,44.195492611718564,0.0,-1.6649405340422763,1.5397530504935522,0.0,-1.3917706561058505,-5.195262494697185,0.0,27.992838390415876,-7.499064983272798,62.46902704202018,89.32183605346435,151.79086309548453
12.826000000000953,9.81,3.93,1,1,0.01,0.01,-7.056120616115872,11.520780730805006,-0.06620240486616613,5.497467903965371,-23.53153790454218,45.377613849206526,0.0,-1.667711523978364,1.5293385453623511,0.0,-1.3791533075614244,-5.2192332195967985,0.0,28.347042136916127,-7.490547993893085,62.9204411604422,88.86982679136003,151.79026795180224
12.828000000000953,9.81,3.93,1,1,0.01,0.01,-7.056300505972477,11.531867238208898,-0.11390070903301636,5.589452655036962,-24.171303751697767,46.617061444124744,0.0,-1.6704569149414765,1.518876126393146,0.0,-1.366168343059976,-5.243175594047823,0.0,28.70928139528266,-7.480526007704437,63.37327245013354,88.41638021707192,151.78965266720547
12.830000000000954,9.81,3.93,1,1,0.01,0.01,-7.0565770903903084,11.543140234251737,-0.16290634481235905,5.683977025246605,-24.83920481088583,47.9179538667456,0.0,-1.673175953136112,1.5083658531015147,0.0,-1.3527969336903318,-5.267086737094996,0.0,29.079959504380035,-7.468887833630301,63.827499435648285,87.96151681549762,151.7890162511459
12.832000000000955,9.81,3.93,1,1,0.01,0.01,-7.056953041665615,11.5546049239894,-0.21327764205079064,5.781168329270185,-25.53733142428804,49.28478206583112,0.0,-1.675867845602506,1.4978077910493108,0.0,-1.3390187170855328,-5.290963475304281,0.0,29.45950792713026,-7.455510266641649,64.2830993290119,87.50525831943744,151.78835764844933
12.834000000000955,9.81,3.93,1,1,0.01,0.01,-7.057431153060832,11.566266776357233,-0.2650773017113319,5.881163269686139,-26.26796778383025,50.72245030238901,0.0,-1.6785317569923488,1.487202012468572,0.0,-1.3248116367150025,-5.314802302652643,0.0,29.848388660684513,-7.440256548231461,64.74004792041721,87.04762781331027,151.7876757337275
12.836000000000956,9.81,3.93,1,1,0.01,0.01,-7.058014347948431,11.578131543802241,-0.3183728046717326,5.984108808713408,-27.033613471230815,52.23632220805105,0.0,-1.68116680600309,1.4765485969716707,0.0,-1.3101517606890178,-5.338599334212153,0.0,30.247096892755184,-7.422974598565316,65.19831945746806,86.58864984771199,151.78696930518004
12.838000000000957,9.81,3.93,1,1,0.01,0.01,-7.058705689817244,11.590205283754713,-0.3732368663292398,6.090163137906308,-27.83700778855565,53.83227282121575,0.0,-1.6837720614268332,1.4658476323611767,0.0,-1.295013076978485,-5.362350252542552,0.0,30.65616393232391,-7.403494981241082,65.65788651150416,86.12835056620577,151.78623707770993
12.840000000000957,9.81,3.93,1,1,0.01,0.01,-7.059508393238711,11.602494382147722,-0.4297479429884797,6.199496758611113,-28.681157285015882,55.51674747197439,0.0,-1.6863465377631188,1.4550992155552387,0.0,-1.279367261411162,-5.386050245491436,0.0,31.076160446286753,-7.381628553989131,66.11871982931704,85.66675784594068,151.7854776752577
12.842000000000958,9.81,3.93,1,1,0.01,0.01,-7.060425835903319,11.615005579220352,-0.4879907968824401,6.312293687864533,-29.569366949236386,57.29682852369082,0.0,-1.6888891903369707,1.4443034536472275,0.0,-1.263183414156826,-5.40969393383849,0.0,31.50770003727893,-7.357163749387713,66.58078816830489,85.20390145394632,151.78468962225122
12.844000000000959,9.81,3.93,1,1,0.01,0.01,-7.0614615718521705,11.627745997872013,-0.5480571276866325,6.428752806584537,-30.505275609719302,59.18031113769797,0.0,-1.6913989098542648,1.4334604651217369,0.0,-1.246427759633312,-5.43327528689826,0.0,31.951443201939796,-7.329863418347088,67.04405811280999,84.73981322123744,151.78387133404743
12.84600000000096,9.81,3.93,1,1,0.01,0.01,-7.062619346045486,11.640723174871333,-0.6100462795546767,6.549089369415607,-31.492896171051008,61.17578941085852,0.0,-1.6938745163154145,1.4225703812532722,0.0,-1.2290633038245042,-5.456787523799617,0.0,32.40810171320672,-7.299461155229161,67.5084938690176,84.27452723720958,151.78302110622718
12.84800000000096,9.81,3.93,1,1,0.01,0.01,-7.063903110429231,11.653945095264673,-0.674066034053782,6.673536698495823,-32.53666141088387,63.292754446717716,0.0,-1.6963147521952524,1.411633347718893,0.0,-1.2110494418617392,-5.480222997670367,0.0,32.878443474807526,-7.265657006361732,67.9740570353644,83.80808006720949,151.78213710257387
12.85000000000096,9.81,3.93,1,1,0.01,0.01,-7.06531704168331,11.667420230377159,-0.7402335009374323,6.802348086770478,-33.641476174066895,65.54170616243798,0.0,-1.6987182747813563,1.4006495264623262,0.0,-1.1923415073373227,-5.5035730593483025,0.0,33.36329790084713,-7.228112442564857,68.44070634489667,83.34051099665326,151.78121734154993
12.852000000000961,9.81,3.93,1,1,0.01,0.01,-7.066865560860433,11.681157579854101,-0.8086761204886804,6.935798940349329,-34.81277692636438,67.93428090779707,0.0,-1.7010836475443627,1.3896190978544545,0.0,-1.1728902531323815,-5.526827896483663,0.0,33.86356187806495,-7.186444450061059,68.90839737540736,82.87186230563738,151.78025968104475
12.854000000000962,9.81,3.93,1,1,0.01,0.01,-7.068553355154199,11.695166718254058,-0.8795327932305806,7.074189193858606,-36.05659977117628,70.48339728006209,0.0,-1.7034093303913744,1.3785422632043103,0.0,-1.1526412514794695,-5.549976342952197,0.0,34.38020637267329,-7.140218561443677,69.37708222245202,82.40217957868097,151.77926180113298
12.856000000000963,9.81,3.93,1,1,0.01,0.01,-7.070385402068895,11.709457846777674,-0.952955155159419,7.217846037839985,-37.37965818745397,73.20342285773725,0.0,-1.70569366862658,1.3674192476860045,0.0,-1.1315341984491685,-5.573005652310278,0.0,34.914283747196734,-7.088940607468012,69.84670912947288,81.93151205506595,151.77822118453884
12.858000000000963,9.81,3.93,1,1,0.01,0.01,-7.072366996302398,11.724041850800221,-1.029109019336332,7.367127003055048,-38.78943191234838,76.11036494088772,0.0,-1.7079348804105363,1.3562503037610067,0.0,-1.1095021049318285,-5.595901227524973,0.0,35.46693585468345,-7.032046919037192,70.3172220682049,81.45991302624105,151.77713509444595
12.860000000000964,9.81,3.93,1,1,0.01,0.01,-7.074503779698218,11.738930363971892,-1.1081760076885974,7.522423453104159,-40.294268561130664,79.2220887623233,0.0,-1.7101310424700011,1.345035715192537,0.0,-1.086470352330039,-5.61864629731315,0.0,36.03940297694574,-6.968892643918672,70.7885602612686,80.9874402879629,151.7760005492315
12.862000000000965,9.81,3.93,1,1,0.01,0.01,-7.076801774673728,11.754135839759927,-1.1903554002190693,7.684164544063664,-41.903499736818475,82.5585669966532,0.0,-1.712280073761996,1.3337758017705292,0.0,-1.0623555863933836,-5.64122152700611,0.0,36.633033668440675,-6.898737760589047,71.26065763731543,80.5141566563141,151.77481429362953
12.864000000000965,9.81,3.93,1,1,0.01,0.01,-7.079267421589594,11.769671631431873,-1.2758662324623211,7.852821717815671,-43.627573510441565,86.14216469769171,0.0,-1.7143797167368757,1.3224709248927025,0.0,-1.0370644166684353,-5.663604548764015,0.0,37.2492955555448,-6.82073026709669,71.73344220721667,80.04013055851968,151.77357276573633
12.866000000000966,9.81,3.93,1,1,0.01,0.01,-7.081907620590929,11.785552081621088,-1.364949675861963,8.02891380420164,-45.47820521263747,89.99796396221919,0.0,-1.7164275157729443,1.3111214941815628,0.0,-1.010491881591574,-5.685769391989758,0.0,37.88978711861767,-6.733885889310988,72.20683534750587,79.56543671166833,151.7722720591742
12.868000000000967,9.81,3.93,1,1,0.01,0.01,-7.084729778523907,11.801792622774407,-1.4578717395814187,8.213012815686199,-47.46854840702612,94.15413252328695,0.0,-1.7184207922661723,1.2997279753602577,0.0,-0.982519629915493,-5.707685789658988,0.0,38.556250445925485,-6.637063481611712,72.68075097448963,79.09015690511066,151.7709078796003
12.870000000000967,9.81,3.93,1,1,0.01,0.01,-7.087741861612174,11.818409889957401,-1.5549263357488616,8.405750526157522,-49.613387616631876,98.64233991414497,0.0,-1.720356615748607,1.2882908996653357,0.0,-0.9530137574194366,-5.729318329621174,0.0,39.25058488610057,-6.52893507240094,73.15509458901246,78.61438090560247,151.76947549461494
12.872000000000968,9.81,3.93,1,1,0.01,0.01,-7.090952454664162,11.835421847682444,-1.6564387526719204,8.607825931576775,-51.92935368817342,103.49822348553238,0.0,-1.722231770272662,1.2768108751445817,0.0,-0.9218222230458779,-5.750625411239451,0.0,39.97486142733671,-6.407949221466697,73.62976216764568,78.1382075083121,151.76796967595777
12.874000000000969,9.81,3.93,1,1,0.01,0.01,-7.0943708276725035,11.852847932623297,-1.7627695811318551,8.820013692344729,-54.43516135351274,108.76190388010892,0.0,-1.7240427151286446,1.2652886002784274,0.0,-0.8887717498949017,-5.771557956354407,0.0,40.73133747913,-6.27228598597533,74.10463887086453,77.66174576183838,151.7663846327029
12.87600000000097,9.81,3.93,1,1,0.01,0.01,-7.098007010754711,11.870709214276042,-1.8743191358329587,9.043173652067534,-57.15186618376065,114.47854473534808,0.0,-1.7257855387508512,1.2537248804797978,0.0,-0.8536640928269092,-5.792057808575522,0.0,41.52247149955994,-6.1198013100149895,74.57959753235635,77.18511640161286,151.7647139339692
12.87800000000097,9.81,3.93,1,1,0.01,0.01,-7.101871878460478,11.889028575800312,-1.9915324047805096,9.278261509348944,-60.10313409796062,120.69894308052098,0.0,-1.7274559044020394,1.2421206481784022,0.0,-0.816271524448057,-5.812055735101058,0.0,42.350936558360296,-5.947958024131821,75.0544968856565,76.70845353381225,151.76295041946875
12.88000000000097,9.81,3.93,1,1,0.01,0.01,-7.10597724451891,11.907830917392804,-2.114904539527096,9.52634067943543,-63.31550988657513,127.48012302531261,0.0,-1.7290489858928964,1.2304769873922914,0.0,-0.7763313533526688,-5.831468918993427,0.0,43.219631394384194,-5.7537398206003525,75.52917947448852,76.23190662154414,151.76108609603267
12.882000000000971,9.81,3.93,1,1,0.01,0.01,-7.110335968091358,11.927143384550584,-2.244986862067741,9.788595306813617,-66.81866026245498,134.8858826016226,0.0,-1.73055939117454,1.2187951639474384,0.0,-0.7335392407481507,-5.850197794870414,0.0,44.13168672731694,-5.5335434988670125,76.00346918106558,75.75564283707696,151.75911201814256
12.884000000000972,9.81,3.93,1,1,0.01,0.01,-7.114962072487692,11.94699562338194,-2.382393298883097,10.066344255638818,-70.6455492660466,142.98720678862344,0.0,-1.7319810711162003,1.2070766628451104,0.0,-0.6875410218431701,-5.868122034344678,0.0,45.0904633855685,-5.283043380838263,76.47716829171304,75.27984985879564,151.75701815050869
12.886000000000973,9.81,3.93,1,1,0.01,0.01,-7.1198708770237955,11.967420064567463,-2.527807042113163,10.36105567633419,-74.83247549346697,151.86240056598524,0.0,-1.7333072101209037,1.1953232347242264,0.0,-0.637922664524786,-5.885095425337457,0.0,46.09953701742503,-4.997019990687491,76.95005400099453,74.80473921002047,151.754793211015
12.888000000000973,9.81,3.93,1,1,0.01,0.01,-7.125079142130273,11.98845223642266,-2.6819870550180127,10.674361367099284,-79.4188553923404,161.5967012882449,0.0,-1.734530094409236,1.183536953957798,0.0,-0.5841979084111942,-5.900939306557473,0.0,47.162661465187256,-4.669142784175029,77.42187423359861,74.33055025948741,151.75242449308604
12.890000000000974,9.81,3.93,1,1,0.01,0.01,-7.130605226782731,12.010131105380637,-2.845773741031788,11.008069528781833,-84.44656507939594,172.28097935334642,0.0,-1.7356409527839358,1.1717202917064145,0.0,-0.5257930228238548,-5.91543410872389,0.0,48.28369886254855,-4.291693815102404,77.89234263734922,73.85755503073713,151.74989766808636
12.892000000000975,9.81,3.93,1,1,0.01,0.01,-7.136469255520446,12.03249943848771,-3.020092615738179,11.36417350966611,-89.95853972149389,184.0088983663654,0.0,-1.7366297634499719,1.1598762082885088,0.0,-0.4620280076820986,-5.928308410368021,0.0,49.46649851618474,-3.8552157165898064,78.36113257108576,73.38606400015195,151.7471965712377
12.894000000000975,9.81,3.93,1,1,0.01,0.01,-7.142693289291469,12.055604176218885,-3.205954054351394,11.744852533248011,-95.99615151511556,196.8715323818676,0.0,-1.7374850189987807,1.1480082705922725,0.0,-0.3920934517719369,-5.939224731409864,0.0,50.714697715662865,-3.34806338910572,78.82786987925189,72.91643310033622,151.7443029795881
12.896000000000976,9.81,3.93,1,1,0.01,0.01,-7.149301489384989,12.079496793556057,-3.4044459726758074,12.15245785803039,-102.59461065829015,210.94785656251705,0.0,-1.7381934400123646,1.1361208020337703,0.0,-0.3150221931822327,-5.947761058830691,0.0,52.03140446456984,-2.755834840480802,79.29212421437178,72.44907218455474,151.74119639892652
12.898000000000977,9.81,3.93,1,1,0.01,0.01,-7.156320255663596,12.104233610470748,-3.61671439439339,12.589473822727358,-109.77521061996991,226.28863774683532,0.0,-1.7387396260490224,1.1242190748436127,0.0,-0.22965497052170192,-5.953386833433733,0.0,53.41870299259094,-2.0606540452193807,79.75339864683711,71.98445524294189,151.737853889779
12.900000000000977,9.81,3.93,1,1,0.01,0.01,-7.163778307476496,12.129875986113328,-3.843923910207446,13.058437041444638,-117.53260911971104,242.88992521492267,0.0,-1.7391056313974294,1.1123095572831632,0.0,-0.1345995571979388,-5.955431860373169,0.0,54.87689572399604,-1.2402804763825297,80.21111730333658,71.5231326789328,151.73424998226938
12.902000000000978,9.81,3.93,1,1,0.01,0.01,-7.171706655479903,12.15649028878415,-4.087185570273651,13.561787629043012,-125.81444149417379,260.6504557430001,0.0,-1.7392704527051226,1.1004002316674761,0.0,-0.028183713513479036,-5.953046436255843,0.0,56.40335833335068,-0.26703236897057825,80.66461082783786,71.06574592837757,151.73035675621543
12.904000000000979,9.81,3.93,1,1,0.01,0.01,-7.180138381530634,12.18414746859631,-4.34743322054335,14.101612591867966,-134.48940022338292,279.30483103014586,0.0,-1.7392094179502153,1.0885010024077908,0.0,0.091595816995508,-5.945151138850964,0.0,57.99083782870138,0.8934538492154339,81.11309960889542,70.61304458367132,151.72614419256675
12.90600000000098,9.81,3.93,1,1,0.01,0.01,-7.189108097260359,12.212921961932532,-4.625220301615993,14.67922256758078,-143.29867805471613,298.3217045240939,0.0,-1.738893474158872,1.0766242155956993,0.0,0.22712221117757259,-5.930375681854394,0.0,59.624973941563916,2.28352412216465,81.55567504046105,70.16590587959337,151.7215809200544
12.90800000000098,9.81,3.93,1,1,0.01,0.01,-7.198650885165702,12.242889516347084,-4.920398126285096,15.294479859940497,-151.7850938270966,316.75495946067883,0.0,-1.7382883900098611,1.0647853104529081,0.0,0.3811921116140182,-5.9069889374525335,0.0,61.280794496183525,3.9545961068718545,81.99127969695779,69.72535574915638,151.71663544611417
12.91000000000098,9.81,3.93,1,1,0.01,0.01,-7.20880043737736,12.274123337762548,-5.231626627391388,15.944774429251034,-159.1962599706323,333.040083567874,0.0,-1.7373539277247612,1.053003613184736,0.0,0.5570079553994687,-5.872828357733882,0.0,62.91798469309576,5.967451435151306,82.41868837173335,69.29258941583596,151.71127778756932
12.912000000000981,9.81,3.93,1,1,0.01,0.01,-7.2195860062644845,12.306687748508157,-5.555668569341398,16.623544133158397,-164.36712561998078,344.7467198856154,0.0,-1.7360431093520732,1.0413032560033781,0.0,0.7580831826788015,-5.825249202119389,0.0,64.47498451269132,8.390611245397793,82.83649366392376,68.8689873024296,151.70548096635338
12.914000000000982,9.81,3.93,1,1,0.01,0.01,-7.231027706141459,12.340628385408143,-5.886449192274441,17.318300054833607,-165.61077896667558,348.34777322758094,0.0,-1.734301820880213,1.0297141431250505,0.0,0.9879872239886618,-5.7611352140036995,0.0,65.86265275577607,11.29490231413732,83.24310246808945,68.45611854401727,151.6992210121067
12.916000000000983,9.81,3.93,1,1,0.01,0.01,-7.24312975390783,12.375958065968282,-6.213963526248358,18.008327787059894,-160.69330673650765,339.1640196779572,0.0,-1.7320691706003015,1.0182727721632292,0.0,1.2498317265649896,-5.677043126827394,0.0,66.95964292923986,14.741527281508624,83.63675370636227,68.05571956587313,151.69247327223542
12.918000000000983,9.81,3.93,1,1,0.01,0.01,-7.255871595745322,12.412638201246727,-6.523330793298995,18.662691397547757,-147.0355679723654,311.78427788155363,0.0,-1.72927921642251,1.0070225430048754,0.0,1.5454049029689567,-5.56958325932124,0.0,67.61385594188019,18.760970007287863,84.01557357117088,67.66963019017585,151.6852037613467
12.920000000000984,9.81,3.93,1,1,0.01,0.01,-7.269197790161728,12.450557569016219,-6.794632525119402,19.239875624754976,-122.323361820389,261.3429265336414,0.0,-1.7258647833016396,0.99601298068104,0.0,1.8739561386813377,-5.436132255849848,0.0,67.65649463122791,23.322703986720754,84.37769270671262,67.29966832729824,151.67736103401086
12.922000000000985,9.81,3.93,1,1,0.01,0.01,-7.283009116204338,12.489513616873337,-7.004457177402495,19.69100488570267,-85.59019497830508,185.7910052030404,0.0,-1.7217638593773787,0.9852971998893616,0.0,2.2308829312288894,-5.275866261785472,0.0,66.93444053917155,28.303011012955167,84.72145550559662,66.94743365851016,151.6688891641068
12.924000000000985,9.81,3.93,1,1,0.01,0.01,-7.297159130568199,12.5292051547871,-7.129848469112748,19.968107110118144,-38.43255339186184,88.44820722387067,0.0,-1.7169281970809593,0.9749272050148761,0.0,2.606938585354044,-5.090846011246745,0.0,65.35853640387577,33.46903246672813,85.04573353744681,66.61405810370033,151.65979164114714
12.926000000000986,9.81,3.93,1,1,0.01,0.01,-7.311460740455363,12.569246027279197,-7.154130095632414,20.036320875095416,14.501754381063416,-20.96867395127969,0.0,-1.71133228366463,0.9649474650345555,0.0,2.988765838233253,-4.886584390651624,0.0,62.94975458851608,38.50175521357059,85.35027541640704,66.29996271923575,151.65023813564278
12.928000000000987,9.81,3.93,1,1,0.01,0.01,-7.325704452717698,12.609203263615722,-7.072245208022892,19.885091514458612,66.56032471516693,-128.53908756463292,0.0,-1.704979591659093,0.9553883949933508,0.0,3.3611178072650567,-4.671516507018154,0.0,59.85436618423104,43.06472549591712,85.63590299263589,66.00471121305009,151.64061420568598
12.930000000000987,9.81,3.93,1,1,0.01,0.01,-7.339684193595267,12.648651102814478,-6.892567914941222,19.53196884326995,111.39298721738588,-220.97764787741892,0.0,-1.697903290359164,0.9462620440881804,0.0,3.710065810256291,-4.455334787784317,0.0,56.311177198281094,46.89168899976728,85.9043661778922,65.7270331864,151.6313993642922
12.932000000000988,9.81,3.93,1,1,0.01,0.01,-7.353221979027159,12.687222603160386,-6.634008663943295,19.01653328112467,145.06358051852632,-290.0631419810018,0.0,-1.6901608277769244,0.9375616102155434,0.0,4.025703163024759,-4.246915295287912,0.0,52.585757889904315,49.846685687921294,86.15791816744243,65.46501964731753,151.62293781475995
12.934000000000989,9.81,3.93,1,1,0.01,0.01,-7.3661834336277865,12.724642055036087,-6.320244404804697,18.38829534434649,166.7027329354008,-334.0040379476763,0.0,-1.6818245657090176,0.9292646576368212,0.0,4.3032029208783085,-4.052803040474394,0.0,48.907686038286386,51.929416581941325,86.39890213463201,65.21641547634044,151.61531761097245
12.93600000000099,9.81,3.93,1,1,0.01,0.01,-7.3784815285912755,12.760732695277865,-5.974177021624593,17.695083260107754,177.74860429182365,-355.84087753896324,0.0,-1.6729719326596388,0.9213383988277856,0.0,4.542216226310459,-3.8767316038866935,0.0,45.437202675923764,53.2370100281954,86.62953568628953,64.97890534508804,151.60844103137757
12.93800000000099,9.81,3.93,1,1,0.01,0.01,-7.390071255709098,12.79540544120759,-5.614575009268293,16.97601831634298,180.69229002427687,-360.8118183988647,0.0,-1.663677763285119,0.9137450775641334,0.0,4.745411228609368,-3.719990090744408,0.0,42.26304666204976,53.91292215652095,86.85184203946044,64.75032126721278,151.60216330667322
12.94000000000099,9.81,3.93,1,1,0.01,0.01,-7.400939995642909,12.82863863576758,-5.255036964489924,16.259362646075502,178.09021937982385,-354.28155995672375,0.0,-1.6540097454487017,0.9064461830220505,0.0,4.916980425637755,-3.5821613764237648,0.0,39.41807154628445,54.106408350303425,87.06762128575578,64.52875390194166,151.59637518769745
12.942000000000991,9.81,3.93,1,1,0.01,0.01,-7.411097458646216,12.860456936981103,-4.90443842768576,15.563474995917577,172.06430093490798,-340.69553226563096,0.0,-1.6440265464557937,0.8994051376045085,0.0,5.06154303299135,-3.4618488649392742,0.0,36.89897860628769,53.94971744164472,87.27842801766008,64.31258705139555,151.59101506905563
12.944000000000992,9.81,3.93,1,1,0.01,0.01,-7.4205672386947175,12.890913622744504,-4.567975211606934,14.89901161846556,164.17278602523646,-323.31218893748854,0.0,-1.6337776942178834,0.8925886823463074,0.0,5.1835027702974035,-3.3572208646863118,0.0,34.6827592918948,53.54970260137848,87.48556514602845,64.10048554919413,151.58605069522258
12.946000000000993,9.81,3.93,1,1,0.01,0.01,-7.429380559853641,12.920077512816848,-4.248249794244335,14.27121162252111,155.46891442658796,-304.32864535799445,0.0,-1.6233043741149262,0.8859673694878956,0.0,5.286751694554943,-3.2663539863086406,0.0,32.73788665072141,52.98785081235064,87.69009921304672,63.89136144354343,151.58146065659014
12.948000000000993,9.81,3.93,1,1,0.01,0.01,-7.43757202324878,12.948024095670615,-3.9461655433525484,13.68177484223502,146.6194107435062,-285.1310067608192,0.0,-1.6126405779949025,0.8795155315016032,0.0,5.374585346528649,-3.1874205810265055,0.0,31.030956806549618,52.323978433851416,87.89289043195285,63.68433401625664,151.5772244482095
12.950000000000994,9.81,3.93,1,1,0.01,0.01,-7.445176901432434,12.97482990244634,-3.6615807658753097,13.130233166974277,138.02020647511807,-266.5381204640527,0.0,-1.6018142924197645,0.8732109865882105,0.0,5.44972671266979,-3.118774388519574,0.0,29.530171293645957,51.60083522588121,88.09462778799984,63.47869157582957,151.5733193638294
12.952000000000995,9.81,3.93,1,1,0.01,0.01,-7.452229524188498,13.000569167469251,-3.393754101240238,12.614882740492908,129.88807291683722,-248.99426225420467,0.0,-1.5908485805849462,0.8670346396285367,0.0,5.514395829800431,-3.058977059723211,0.0,28.206885831124193,50.84834915789869,88.29586248651613,63.273858247742936,151.56972073425908
12.954000000000995,9.81,3.93,1,1,0.01,0.01,-7.458762389768725,13.025312005609239,-3.1416332361187695,12.133386916366833,122.32619316111199,-232.706826242634,0.0,-1.5797625069256922,0.8609700660018541,0.0,5.5703911783007385,-3.0067937405167697,0.0,27.036080286036324,50.08708814701861,88.49703667652703,63.06936650448446,151.56640318101148
12.956000000000996,9.81,3.93,1,1,0.01,0.01,-7.464805737608815,13.049123552183255,-2.9040347701002664,11.683150800136199,115.36842563068588,-217.73913609840443,0.0,-1.568571900477913,0.8550031212610272,0.0,5.619166975044206,-2.9611745017805373,0.0,25.99627889503163,49.33090966208337,88.69850676922712,62.86483505422612,151.56334182345324
12.958000000000997,9.81,3.93,1,1,0.01,0.01,-7.470387403491533,13.072063689971095,-2.6797519602011266,11.26154467995069,109.0080794401922,-204.07068140127313,0.0,-1.557289973203722,0.8491215943580832,0.0,5.661900250474174,-2.921230861496139,0.0,25.069223784187653,48.58891719026596,88.900561813041,62.65995130343448,151.56051311647548
12.960000000000997,9.81,3.93,1,1,0.01,0.01,-7.475532840403284,13.094187118913966,-2.4676161958148364,10.866030685516824,103.21611442789954,-191.63513956943723,0.0,-1.545927815840539,0.8433149087278701,0.0,5.6995464119041985,-2.8862121097598,0.0,24.23946464631977,47.86687481638629,89.10343776704045,62.45445754737141,151.55789531441187
12.962000000000998,9.81,3.93,1,1,0.01,0.01,-7.480265231075866,13.115543613863256,-2.266529528713051,10.494229046093675,97.9523837535073,-180.34380178044836,0.0,-1.5344947937778017,0.837573869040807,0.0,5.73288410632058,-2.8554835899501523,0.0,23.493946205709005,47.16821741560457,89.30732853115578,62.24814012320398,151.55546865435974
12.964000000000999,9.81,3.93,1,1,0.01,0.01,-7.484605646416409,13.136178374936716,-2.075479520983135,10.143947560863687,93.17240816768351,-170.09963818021404,0.0,-1.522998862849669,0.8318904487092156,0.0,5.7625509395542505,-2.8285077238001706,0.0,22.821630321443383,46.49476688517056,89.51239447249067,62.04082088560873,151.5532153580994
12.966000000001,9.81,3.93,1,1,0.01,0.01,-7.488573222183861,13.156132413076836,-1.8935435838184353,9.813189297016486,88.83132999221472,-160.80546484231974,0.0,-1.5114468216154442,0.8262576124588992,0.0,5.789071714943851,-2.8048278827453443,0.0,22.21316601716323,45.847237857406476,89.71876903892405,61.832350490866666,151.55111952979072
12.968000000001,9.81,3.93,1,1,0.01,0.01,-7.492185337745556,13.175442937407666,-1.7198873034683297,9.500147910350002,84.8861129262646,-152.3684497767369,0.0,-1.499844513502726,0.8206691684470648,0.0,5.812880697449848,-2.7840548943995818,0.0,21.660609010534046,45.22559388668084,89.92656391597654,61.62260308587511,151.54916700185166
12.970000000001,9.81,3.93,1,1,0.01,0.01,-7.495457787892316,13.194143725900046,-1.5537595319839763,9.203196378513653,81.29666708264345,-144.70238194744326,0.0,-1.4881969894182054,0.8151196449781366,0.0,5.834339168907998,-2.7658558545746548,0.0,21.157186995881656,44.6292978680793,90.13587307263938,61.41147208906002,151.5473451616994
12.972000000001001,9.81,3.93,1,1,0.01,0.01,-7.4984049430725594,13.212265469977332,-1.3944859308074484,8.920872654839265,78.0263276287844,-137.72859981255354,0.0,-1.4765086391540685,0.8096041875625319,0.0,5.853749297201286,-2.7499448939906608,0.0,20.69710494145425,44.05748775908036,90.34677595644402,61.19886682185998,151.545642778304
12.974000000001002,9.81,3.93,1,1,0.01,0.01,-7.501039896044244,13.229836089166534,-1.2414619711224528,8.651864320051418,75.04195474789594,-131.37613868375237,0.0,-1.464783298100218,0.804118472746894,0.0,5.871365127906033,-2.7360755721086454,0.0,20.275384320226195,43.509099553461375,90.55934003352924,60.98470980512168,151.54404983865092
12.976000000001003,9.81,3.93,1,1,0.01,0.01,-7.503374594491535,13.24688101509437,-1.0941459690915551,8.394993420455709,72.31382072802357,-125.58144254508815,0.0,-1.4530243343446778,0.798658635759804,0.0,5.887401329839061,-2.724034611003024,0.0,19.887730604302586,42.98295298242893,90.77362282130058,60.768934577504254,151.54255739880483
12.978000000001003,9.81,3.93,1,1,0.01,0.01,-7.505419960025532,13.263423445913784,-0.9520524716814978,8.14920213482937,69.81538574050958,-120.2878514488849,0.0,-1.441234720133302,0.793221209546316,0.0,5.902040184475265,-2.713636726306883,0.0,19.530424054079514,42.47781085417986,90.9896735254423,60.55148392566906,151.54115745111136
12.980000000001004,9.81,3.93,1,1,0.01,0.01,-7.507185994446635,13.279484573171409,-0.8147461491039576,7.91353958086142,67.52302356705128,-115.44499134774684,0.0,-1.42941709079838,0.7878030732075827,0.0,5.915437198437759,-2.7047203537594533,0.0,19.200229594498012,41.99241973536027,91.20753436638142,60.33230844095341,151.53984280733482
12.982000000001005,9.81,3.93,1,1,0.01,0.01,-7.508681874354484,13.295083783533656,-0.6818362545288946,7.687149874941787,65.41573338141409,-111.00814073134445,0.0,-1.4175737935992194,0.7824014082269106,0.0,5.927725632483,-2.6971441063154353,0.0,18.894322286348643,41.52553742417093,91.4272416604,60.111365336254416,151.5386069966544
12.984000000001005,9.81,3.93,1,1,0.01,0.01,-7.509916035252125,13.310238837892216,-0.552971656375353,7.469261445477884,63.474858094415325,-106.93761596186377,0.0,-1.4057069284012926,0.7770136611614143,0.0,5.939020174361559,-2.690783827566324,0.0,18.61022552909293,41.07595107952874,91.6488267056554,59.88861747139547,151.53744417705087
12.986000000001006,9.81,3.93,1,1,0.01,0.01,-7.51089624626787,13.324966030301326,-0.42783641784860216,7.259177537691173,61.68382018690233,-103.19819730634197,0.0,-1.3938183817198606,0.7716375117202752,0.0,5.949419932213197,-2.685530132677345,0.0,18.345759663440408,40.642488753031145,91.87231651211248,59.66403254640936,151.53634905852184
12.988000000001007,9.81,3.93,1,1,0.01,0.01,-7.511629676550169,13.33928032904006,-0.3061458828543735,7.056267816909456,60.027880146662625,-99.7586056527013,0.0,-1.3819098553420597,0.7662708453465041,0.0,5.959010886205548,-2.681286348802919,0.0,18.098999082026,40.22402628028468,92.09773440584033,59.43758243076941,151.53531683660975
12.990000000001007,9.81,3.93,1,1,0.01,0.01,-7.512122954301463,13.353195501892404,-0.18764322095179442,6.859960965142605,58.49391917813492,-96.59103280781758,0.0,-1.369982890497718,0.7609117295774931,0.0,5.9678679061772675,-2.677966783739092,0.0,17.868236315944845,39.8194909277514,92.3251005316067,59.209242603242885,151.53434313484956
12.992000000001008,9.81,3.93,1,1,0.01,0.01,-7.512382219320481,13.366724227524706,-0.07209638284338443,6.669738164374264,57.07024587648884,-93.67072424387429,0.0,-1.3580388883581551,0.7555583935880648,0.0,5.976056419962171,-2.675495265099838,0.0,17.65195185608216,39.42786279252359,92.55443227268448,58.97899168221004,151.53342395489452
12.994000000001009,9.81,3.93,1,1,0.01,0.01,-7.512413169826899,13.379878194630942,0.04070458029039514,6.485127364673689,55.746425487543256,-90.97561100793787,0.0,-1.346079127491635,0.7502092104236857,0.0,5.9836337992232576,-2.6738039031761986,0.0,17.44878870299816,39.04817466783558,92.78574460291364,58.746811030318376,151.53255563323202
12.99600000000101,9.81,3.93,1,1,0.01,0.01,-7.512221104252085,13.392668190319842,0.1509498769555952,6.3056982429656365,54.51312985778555,-88.48598649995093,0.0,-1.3341047787851015,0.7448626815161015,0.0,5.990650515775732,-2.6728320393708835,0.0,17.25753082808751,38.67951088338194,93.01905038304665,58.51268442050511,151.53173480355176
12.99800000000101,9.81,3.93,1,1,0.01,0.01,-7.511810958596896,13.405104179038496,0.25881205432873866,6.131057767308874,53.36200599190446,-86.18422349284558,0.0,-1.322116918247231,0.7395174231425519,0.0,5.99715111058838,-2.672525349121075,0.0,17.077084880694827,38.32100548327906,93.25436061104598,58.276597752912664,151.53095836395863
13.00000000000101,9.81,3.93,1,1,0.01,0.01,-7.511187339883074,13.417195373166022,0.36444783119407,5.960846290781285,52.285561139623205,-84.05452682625122,0.0,-1.3101165380322852,0.7341721545459546,0.0,6.003175009212501,-2.672835073872485,0.0,16.906464598136306,37.971839999324146,93.49168463415063,58.03853881419288,151.53022344834352
13.002000000001011,9.81,3.93,1,1,0.01,0.01,-7.510354556158599,13.428950296268082,0.46799971590655576,5.794734107966559,51.27706244292481,-82.08271747366248,0.0,-1.2981045559637083,0.7288256874796158,0.0,6.008757210756155,-2.6737173612253775,0.0,16.74477747409186,37.63124100142141,93.73103032905694,57.79849707226708,151.529527401324
13.004000000001012,9.81,3.93,1,1,0.01,0.01,-7.509316643459053,13.440376839877352,0.5695974366696253,5.632418415281303,50.33044933609571,-80.25604405287126,0.0,-1.2860818237876601,0.7234769169779187,0.0,6.013928872289504,-2.6751326960581734,0.0,16.59121332035647,37.29847755239585,93.9724042553966,57.55646350086245,151.52886775625905
13.006000000001013,9.81,3.93,1,1,0.01,0.01,-7.50807739007598,13.451482314555179,0.6693592079804078,5.473620623840132,49.44025707256624,-78.5630182557547,0.0,-1.2740491343472284,0.718124813185742,0.0,6.018717806420261,-2.677045408421801,0.0,16.445034421285577,36.972858654996124,94.215811786758,57.3124304291534,151.5282422159114
13.008000000001013,9.81,3.93,1,1,0.01,0.01,-7.5066403584386245,13.462273495893772,0.7673928540262891,5.318083980198684,48.60154993572639,-76.99327107840564,0.0,-1.2620072278360095,0.7127684141052356,0.0,6.023148906478321,-2.6794232464269365,0.0,16.305567032468584,36.653730750484534,94.46125722275028,57.066391412648464,151.52764863539875
13.010000000001014,9.81,3.93,1,1,0.01,0.01,-7.505008904876668,13.472756666034984,0.8637968071068355,5.165571456166297,47.809862865431555,-75.53742711543792,0.0,-1.24995679726364,0.7074068191400821,0.0,6.027244511110428,-2.682237004327882,0.0,16.17219401763489,36.34047530778433,94.70874388500408,56.81834112212124,151.52708500712532
13.012000000001015,9.81,3.93,1,1,0.01,0.01,-7.503186197497826,13.482937651209316,0.9586609967812427,5.015863873997106,47.06115039254946,-74.18699453287672,0.0,-1.237898493244463,0.7020391833352967,0.0,6.031024717968321,-2.6854601976277594,0.0,16.044348452448506,36.03250652751863,94.95827419951267,56.56827524791997,151.52654944743264
13.014000000001015,9.81,3.93,1,1,0.01,0.01,-7.501175232384912,13.49282185573599,1.0520676433731126,4.868758237719747,46.35174191849863,-72.93426864848468,0.0,-1.22583292820287,0.6966647122255648,0.0,6.034507654467117,-2.689068778360259,0.0,15.921508052209216,35.72926917484911,95.20984976731863,56.31619041742629,151.52604018474491
13.016000000001016,9.81,3.93,1,1,0.01,0.01,-7.498978848291539,13.502414292870375,1.1440919676688652,4.724066245224787,45.67830250495042,-71.77224732644848,0.0,-1.2137606800744263,0.6912826572177087,0.0,6.037709712209202,-2.693040884799299,0.0,15.803190303766065,35.43023654765254,95.46347142522441,56.06208412379362,151.52555554901804
13.018000000001017,9.81,3.93,1,1,0.01,0.01,-7.496599739993543,13.511719612837723,1.2348028270912403,4.58161295906661,45.03779845139109,-70.69455663687229,0.0,-1.2016822955697697,0.6858923114433945,0.0,6.040645750546897,-2.697356620752813,0.0,15.688948201124232,35.13490858143239,95.71913929793777,55.80595466438923,151.525093962327
13.020000000001017,9.81,3.93,1,1,0.01,0.01,-7.494040470434029,13.520742128351044,1.3242632872848878,4.441235616819135,44.42746703627757,-69.69538544233717,0.0,-1.1895982930583273,0.6804930060271364,0.0,6.043329273841593,-2.7019978603473978,0.0,15.578366500071391,34.842810088831946,95.97685284284171,55.54780108760886,151.52465393045057
13.022000000001018,9.81,3.93,1,1,0.01,0.01,-7.491303481783281,13.529485837875162,1.4125311368893902,4.3027825643127375,43.8447898825029,-68.76942775714643,0.0,-1.1775091651205365,0.6750841067221698,0.0,6.045772586227854,-2.7069480748343304,0.0,15.47105842027934,34.553489129258196,96.23661088839714,55.28762314693381,151.52423403533095
13.024000000001019,9.81,3.93,1,1,0.01,0.01,-7.48839110552021,13.537954446867865,1.4996593522715913,4.1661122972266185,43.287469481289705,-67.91183188306812,0.0,-1.1654153808102912,0.6696650108731985,0.0,6.047986927075152,-2.7121921784677285,0.0,15.366662734250827,34.26651550260996,96.49841166703341,55.025421261270296,151.5238329283037
13.02600000000102,9.81,3.93,1,1,0.01,0.01,-7.485305571629396,13.546151387201885,1.5856965181220841,4.031092598363829,42.75340847189494,-67.11815546159696,0.0,-1.1533173876634435,0.6642351446704433,0.0,6.049982589832249,-2.71771639094089,0.0,15.264841191581244,33.9814793601947,96.76225284325659,54.76119648074933,151.52344932400592
13.02800000000102,9.81,3.93,1,1,0.01,0.01,-7.482049016996713,13.554079834947775,1.670687209071205,3.897599759536204,42.24069132893887,-66.38432569984695,0.0,-1.141215613483272,0.6587939606640751,0.0,6.051769026519267,-2.723508114232085,0.0,15.165276234614518,33.69798992544073,97.02813153759922,54.494950457284006,151.52308199488323
13.03000000000102,9.81,3.93,1,1,0.01,0.01,-7.478623493076914,13.56174272667698,1.7546723368314354,3.7655178783692165,41.74756815598327,-65.70660412780501,0.0,-1.129110467929675,0.6533409355121143,0.0,6.053354939783665,-2.729555822018688,0.0,15.067668967955505,33.41567431683543,97.29604434694753,54.22668541928017,151.5227297662277
13.032000000001021,9.81,3.93,1,1,0.01,0.01,-7.475030972898055,13.569142774426275,1.837689466811566,3.6347382215327655,41.27244032421975,-65.08155533109564,0.0,-1.1170023439352637,0.6478755679382752,0.0,6.054748364146142,-2.735848960077739,0.0,14.971737349667064,33.13417646555552,97.56598736170548,53.95640414997939,151.52239151168487
13.034000000001022,9.81,3.93,1,1,0.01,0.01,-7.471273357460313,13.576282479448782,1.9197731076611277,3.5051586469395977,40.81384772972493,-64.5060191776592,0.0,-1.104891618968589,0.6423973768791803,0.0,6.055956737819852,-2.7423778563110326,0.0,14.877214576508862,32.853156120431485,97.83795618019447,53.68410996898383,151.5220661491783
13.036000000001023,9.81,3.93,1,1,0.01,0.01,-7.467352481580222,13.583164144862838,2.000954976780987,3.37668307835085,40.370457472504505,-63.97708612057614,0.0,-1.0927786561621324,0.6369058998028964,0.0,6.0569869662832065,-2.749133639219028,0.0,14.783847639401278,32.57228793315713,98.11194592063299,53.40980671657254,151.52175263720554
13.038000000001023,9.81,3.93,1,1,0.01,0.01,-7.4632701192256645,13.589789887297588,2.081264244468678,3.249221026607539,39.94105378617137,-63.492075214174626,0.0,-1.0806638053205095,0.6314006911829397,0.0,6.057845478615775,-2.7561081638066187,0.0,14.691396028543808,32.29126061698077,98.38795123099325,53.13349874046992,151.52144997146317
13.040000000001024,9.81,3.93,1,1,0.01,0.01,-7.459027988381961,13.596161647623374,2.1607277590473575,3.1226871523841173,39.52452906919067,-63.04851452784093,0.0,-1.068547403822506,0.6258813211137865,0.0,6.058538277463097,-2.763293944039402,0.0,14.599630570376675,32.00977617247158,98.66596629699748,52.85519088477035,151.52115718176782
13.042000000001025,9.81,3.93,1,1,0.01,0.01,-7.454627755484968,13.602281200845335,2.2393702550486263,2.9970008659496536,39.119875887684955,-62.64412368270841,0.0,-1.0564297774288827,0.6203473740555704,0.0,6.05907098337466,-2.770684091084527,0.0,14.508332380922527,31.727549174324412,98.94598484847734,52.57488848076082,151.52087332923816
13.044000000001025,9.81,3.93,1,1,0.01,0.01,-7.45007103945322,13.608150165230173,2.317214546276331,2.8720859599358373,38.7261798362687,-62.27679827158683,0.0,-1.0443112410066038,0.6147984476970839,0.0,6.059448874156547,-2.778272256669995,0.0,14.41729192205454,31.444306113537394,99.22800016429733,52.29259733941569,151.52059750371302
13.046000000001026,9.81,3.93,1,1,0.01,0.01,-7.445359415347695,13.613770010728464,2.394281705365966,2.7478702715591448,38.34261315764201,-61.94459595290021,0.0,-1.0321920991788402,0.6092341519274304,0.0,6.059676919792985,-2.786052580981094,0.0,14.326308148951929,31.159784789659458,99.51200507601371,52.00832374536476,151.52032882137848
13.048000000001027,9.81,3.93,1,1,0.01,0.01,-7.440494417684766,13.619142066748207,2.4705912312684273,2.6242853711360468,37.96842903404655,-61.645724035736535,0.0,-1.0200726469091521,0.6036541079077846,0.0,6.059759813416732,-2.7940196445864927,0.0,14.235187738478592,30.873733748153978,99.79799197042044,51.72207445216167,151.52006642258212
13.050000000001027,9.81,3.93,1,1,0.01,0.01,-7.4354775434251925,13.624267529329314,2.546161205924058,2.5012662740725635,37.60295647443582,-61.378528395939725,0.0,-1.0079531700273099,0.598057947235643,0.0,6.059701998745078,-2.8021684239496465,0.0,14.143744389484693,30.58591175825768,100.08595279111583,51.43385667869907,151.5198094698149
13.052000000001028,9.81,3.93,1,1,0.01,0.01,-7.430310254659625,13.629147467763438,2.621008441250212,2.37875117380932,37.24559573058125,-61.14148358301909,0.0,-0.9958339457034872,0.5924453111948048,0.0,6.059507694344065,-2.8104942501361636,0.0,14.051798187121168,30.296087327026367,100.37587903920621,51.143678106637225,151.51955714584344
13.054000000001029,9.81,3.93,1,1,0.01,0.01,-7.424993981008982,13.633782830698744,2.6951486174403523,2.25668119346607,36.89581418350884,-60.93318399491129,0.0,-0.9837152428767874,0.5868158500850273,0.0,6.059180915037416,-2.818992770374666,0.0,13.95917502419336,30.004038245553172,100.6677617732469,50.85154687872763,151.51930865197454
13.05600000000103,9.81,3.93,1,1,0.01,0.01,-7.419530121756163,13.638174451764963,2.7685964134628076,2.135000154160166,36.55314264882626,-60.75233601270275,0.0,-0.9715973226435841,0.5811692226259608,0.0,6.058725490736908,-2.8276599121702306,0.0,13.865706073392941,29.70955116361741,100.96159160851072,50.55747159792887,151.51906320643957
13.05800000000103,9.81,3.93,1,1,0.01,0.01,-7.413920047723908,13.642323054750225,2.841365630550853,2.0136543581758057,36.2171720557823,-60.59775100058291,0.0,-0.9594804386105762,0.5755050954305347,0.0,6.0581450829369246,-2.8364918497046823,0.0,13.771227304945471,29.412421189275804,101.25735871566057,50.261461327224964,151.51882004288552
13.06000000000103,9.81,3.93,1,1,0.01,0.01,-7.408165102912076,13.646229258357696,2.913469309391103,1.892592385338533,35.88755046044382,-60.46833908785294,0.0,-0.9473648372169783,0.5698231425434545,0.0,6.057443199086548,-2.8454849722887428,0.0,13.675579044816034,29.112451510141163,101.55505281889063,49.96352559006773,151.51857840895838
13.062000000001031,9.81,3.93,1,1,0.01,0.01,-7.4022666059063305,13.649893580566907,2.984919841642983,1.771764901105475,35.56398035826735,-60.363103659958306,0.0,-0.9352507580299508,0.5641230450409144,0.0,6.056623205027419,-2.8546358546580266,0.0,13.578605569140858,28.809453033309964,101.8546631935958,49.663674371375585,151.51833756497138
13.064000000001032,9.81,3.93,1,1,0.01,0.01,-7.396225851068965,13.653316442621856,3.055729076357015,1.6511244750187246,35.24621626568997,-60.281136494467674,0.0,-0.9231384340169265,0.5584044906880387,0.0,6.055688335663584,-2.8639412289275556,0.0,13.480154731004072,28.503244041097094,102.15617866361424,49.36191811903183,151.51809678264607
13.066000000001033,9.81,3.93,1,1,0.01,0.01,-7.390044109521567,13.656498172665332,3.125908421802853,1.5306254082893542,34.93406254423384,-60.221613485839384,0.0,-0.9110280917982456,0.5526671736508868,0.0,6.054641704010847,-2.873397958039657,0.0,13.380077616072416,28.193649859918224,102.4595875980839,49.058267745833234,151.51785534391712
13.068000000001033,9.81,3.93,1,1,0.01,0.01,-7.383722629928233,13.659439009036602,3.195468943168521,1.4102235693846974,34.62737144408773,-60.18379090985731,0.0,-0.8989199518831948,0.5469107942602056,0.0,6.053486308756575,-2.8830030105570734,0.0,13.278228223938882,27.880502539824846,102.76487790794306,48.75273463185016,151.51761253979322
13.070000000001034,9.81,3.93,1,1,0.01,0.01,-7.3772626390871485,13.66213910324739,3.264421456549395,1.2898762365833716,34.32604134724766,-60.16700218489966,0.0,-0.8868142288923082,0.5411350588243458,0.0,6.05222504044689,-2.892753436667845,0.0,13.174463172319477,27.563640542349038,103.07203704210049,48.44533062716511,151.5173676692656
13.072000000001035,9.81,3.93,1,1,0.01,0.01,-7.370665342337598,13.664598522649145,3.332776619608519,1.1695419465424506,34.03001519312373,-60.17065509284306,0.0,-0.8747111317685898,0.535339679489078,0.0,6.050860686405402,-2.902646345281073,0.0,13.068641421499693,27.242908434449483,103.38105198328958,48.13606805496782,151.51712003825742
13.074000000001035,9.81,3.93,1,1,0.01,0.01,-7.363931923788672,13.66681725280271,3.400545019258256,1.0491803479904265,33.73927907209241,-60.19422942749439,0.0,-0.8626108639800687,0.529524374142203,0.0,6.049395934477132,-2.9126788821029987,0.0,12.960624016643436,26.918156586475686,103.69190924361772,47.82495971498859,151.5168689586063
13.076000000001036,9.81,3.93,1,1,0.01,0.01,-7.357063546375328,13.6687951995598,3.4677372566866334,0.928752059719108,33.45386097483253,-60.237275043070625,0.0,-0.85051362371598,0.5236888663611244,0.0,6.047833375681345,-2.922848208591805,0.0,12.850273845763613,26.589240872175534,104.00459485981197,47.5120188872624,151.51661374707436
13.078000000001037,9.81,3.93,1,1,0.01,0.01,-7.3500613517468,13.670532190864117,3.53436403002962,0.808218532098273,33.173829687463964,-60.29941027948902,0.0,-0.8384196040786585,0.5178328854017049,0.0,6.046175505848765,-2.9331514816964854,0.0,12.73745541131079,26.256022368870344,104.31909438815794,47.197259336221244,151.51635372437917
13.080000000001037,9.81,3.93,1,1,0.01,0.01,-7.342926459991774,13.672027978278415,3.6004362149726648,0.6875419113793964,32.899293824537175,-60.38032074514729,0.0,-0.8263289932731204,0.5119561662269431,0.0,6.044424726310881,-2.943585834290923,0.0,12.622034613470507,25.918367056006385,104.63539289911868,46.88069531512094,151.51608821423963
13.082000000001038,9.81,3.93,1,1,0.01,0.01,-7.335659969204215,13.673282238242354,3.6659649435508483,0.566684906089716,32.63040099383278,-60.47975844153889,0.0,-0.8142419747961475,0.5060584495741448,0.0,6.0425833437024945,-2.954148356218425,0.0,12.503878543370835,25.576145510366217,104.95347497161683,46.56234157081428,151.5158165424311
13.084000000001039,9.81,3.93,1,1,0.01,0.01,-7.328262954893173,13.674294573064689,3.730961681406747,0.44561065484572654,32.367337088739326,-60.59754121750159,0.0,-0.8021587276266171,0.5001394820594738,0.0,6.040653568932162,-2.9648360758651955,0.0,12.382855284495324,25.229232596284078,105.27332468695239,46.242213348891994,151.51553803584437
13.08600000000104,9.81,3.93,1,1,0.01,0.01,-7.320736469239405,13.675064511651952,3.7954383037583868,0.3242825949362652,32.110325705716306,-60.73355254420643,0.0,-0.7900794264186787,0.49419901631888374,0.0,6.038637515369867,-2.97564594218281,0.0,12.258833720670332,24.877507149260563,105.59492562232539,45.92032639921813,151.51525202154352
13.08800000000104,9.81,3.93,1,1,0.01,0.01,-7.313081540201143,13.675591509974552,3.859407170326366,0.20266433103993448,31.85962768602875,-60.887741605186314,0.0,-0.778004241699293,0.4882368111846265,0.0,6.036537196295675,-2.986574807080433,0.0,12.131683349055342,24.520851651408563,105.91826084391961,45.59669698189619,151.5149578258158
13.09000000000104,9.81,3.93,1,1,0.01,0.01,-7.305299170470845,13.675874951269906,3.9228811994692645,0.08071950344985343,31.61554078259295,-61.06012369885144,0.0,-0.7659333400715781,0.48225263189666334,0.0,6.034354521648368,-2.997619408107044,0.0,12.00127409660992,24.15915189718888,106.24331289950136,45.271341873708714,151.51465477321008
13.092000000001041,9.81,3.93,1,1,0.01,0.01,-7.297390336284254,13.675914145981015,3.9858739417797517,-0.04158834481927809,31.378399454404217,-61.25078095405596,0.0,-0.7538668844253293,0.47624625034849755,0.0,6.0320912941080955,-3.0087763513423256,0.0,11.86747613854269,23.792296647905356,106.57006381047344,44.94427837508331,151.51434218555676
13.094000000001042,9.81,3.93,1,1,0.01,0.01,-7.289355986082588,13.675708331427613,4.048399653400402,-0.1642959026710937,31.148574792659407,-61.45986336243489,0.0,-0.7418050341560182,0.4702174453670769,0.0,6.029749204542586,-3.020042094412103,0.0,11.730159717267485,23.420177273429612,106.8984950633208,44.61552431764462,151.5140193809654
13.096000000001043,9.81,3.93,1,1,0.01,0.01,-7.281197039028156,13.675256671205757,4.110473369328102,-0.28744022795439594,30.926474584354054,-61.6875901344589,0.0,-0.7297479453935122,0.4641660030266165,0.0,6.027329826841672,-3.031412929540393,0.0,11.589194960400517,23.04268737960942,107.22858760037053,44.28509807242298,151.5136856727935
13.098000000001043,9.81,3.93,1,1,0.01,0.01,-7.27291438337315,13.674558254310426,4.1721109769892,-0.4110588875340596,30.712543520842104,-61.934251389491294,0.0,-0.7176957712416978,0.4580917169963479,0.0,6.024834612160435,-3.0428849665449866,0.0,11.444451696330002,22.65972241978534,107.56032180978127,43.95301855879859,151.51334036857986
13.100000000001044,9.81,3.93,1,1,0.01,0.01,-7.264508874680754,13.673612093974375,4.233329290384287,-0.5351901010872105,30.50726356063115,-62.20021019365175,0.0,-0.7056486620302184,0.4519943889224217,0.0,6.022264882586286,-3.0544541156775904,0.0,11.295799265879104,22.271179288793128,107.893677514667,43.61930525427215,151.51298276893914
13.102000000001045,9.81,3.93,1,1,0.01,0.01,-7.255981333897141,13.672417126215073,4.2941461251219,-0.659872889337167,30.311154457550938,-62.48590496300779,0.0,-0.6936067655794336,0.4458738288443689,0.0,6.019621824240591,-3.0661160702016925,0.0,11.143106328560242,21.876955897766212,108.22863396124612,43.283978205162704,151.51261216640881
13.104000000001045,9.81,3.93,1,1,0.01,0.01,-7.24733254527223,13.670972208080121,4.35458037468468,-0.7851472274766358,30.124774467426448,-62.791852253625464,0.0,-0.6815702274797335,0.43972985564675526,0.0,6.016906479820202,-3.0778662885926287,0.0,10.986240661888816,21.476950727969747,108.56516980589856,42.947058038345475,151.51222784424402
13.106000000001046,9.81,3.93,1,1,0.01,0.01,-7.238563254126364,13.66927611557997,4.4146520882998805,-0.9110542045789809,29.94872124851714,-63.118649964338594,0.0,-0.6695391913863303,0.43356229754692155,0.0,6.014119740578722,-3.0896999762339337,0.0,10.825068952184482,21.071062361793953,108.90326310099536,42.60856597415642,151.51182907515178
13.108000000001047,9.81,3.93,1,1,0.01,0.01,-7.22967416445931,13.66732754129512,4.474382550818937,-1.0376361898527684,29.783632973297472,-63.46698098283467,0.0,-0.6575137993306452,0.42737099261994416,0.0,6.011262337741621,-3.1016120664720197,0.0,10.659456575238995,20.659188988909133,109.2428912793549,42.26852384060322,151.51141511995812
13.110000000001047,9.81,3.93,1,1,0.01,0.01,-7.2206659363971335,13.6651250916432,4.533794365048431,-1.1649370066611149,29.630189671681634,-63.837617310873156,0.0,-0.6454941920494359,0.42115578936224163,0.0,6.008334833342942,-3.113597200877405,0.0,10.489267365171646,20.24122788543373,109.58403113716253,41.92695408903751,151.51098522620003
13.112000000001048,9.81,3.93,1,1,0.01,0.01,-7.2115391834715465,13.662667283789435,4.59291153701773,-1.2930021153046691,29.48911482857459,-64.23142471022457,0.0,-0.6334805093328661,0.4149165472955979,0.0,6.005337610464435,-3.1256497085449637,0.0,10.314363369726202,19.817074863788243,109.92665881517335,41.583879811461074,151.51053862663443
13.114000000001049,9.81,3.93,1,1,0.01,0.01,-7.202294469725354,13.65995254218187,4.651759564717386,-1.4218788056565639,29.361177261721544,-64.64936791736989,0.0,-0.6214728903926702,0.4086531376136858,0.0,6.002270862850668,-3.137763584247117,0.0,10.134604590185038,19.386623690699803,110.27074977799701,41.239324759655375,151.51007453765237
13.11600000000105,9.81,3.93,1,1,0.01,0.01,-7.192932306636461,13.656979194690486,4.710365530897686,-1.5516164008408264,29.247193309271875,-65.09251648221776,0.0,-0.6094714742517896,0.40236544387360307,0.0,5.999134583865256,-3.149932465233719,0.0,9.949848703991336,18.94976547057888,110.61627879124731,40.893313366345225,151.50959215759252
13.11800000000105,9.81,3.93,1,1,0.01,0.01,-7.183453149851687,13.65374546832685,4.768758200579376,-1.682266473264217,29.14802936033852,-65.56205129422354,0.0,-0.5974764001567501,0.39605336273534086,0.0,5.995928554744551,-3.1621496064478833,0.0,9.759950768070588,18.506387991209657,110.96321989631056,40.54587076862858,151.50909066493915
13.12000000000105,9.81,3.93,1,1,0.01,0.01,-7.173857395720245,13.650249484518147,4.82696812399942,-1.8138830744472358,29.064604766203676,-66.05927186849507,0.0,-0.5854878080142941,0.38971680475261417,0.0,5.992652332094966,-3.1744078539003473,0.0,9.564762900736874,18.05637502837265,111.31154638246423,40.197022833930056,151.50856921639428
13.122000000001051,9.81,3.93,1,1,0.01,0.01,-7.164145377615244,13.646489253906427,4.885027745794793,-1.9465229802554038,28.997895174762178,-66.58560447488968,0.0,-0.5735058388538201,0.3833556952190147,0.0,5.989305234569164,-3.1866996159134184,0.0,9.364133939949111,17.599605605647326,111.66123075604807,39.84679618876289,151.50802694481095
13.124000000001052,9.81,3.93,1,1,0.01,0.01,-7.154317362029839,13.642462670640532,4.942971521317989,-2.0802459533095545,28.948936336429114,-67.14261120499086,0.0,-0.5615306353173548,0.37696997507407126,0.0,5.985886328643884,-3.199016831909884,0.0,9.15790907555274,17.135953205218744,112.0122447063566,39.49521825061514,151.50746295697172
13.126000000001053,9.81,3.93,1,1,0.01,0.01,-7.1443735444327965,13.638167506124379,5.000836041080681,-2.2151150245568996,28.918828436168752,-67.73200008541559,0.0,-0.5495623421789404,0.37055960187447046,0.0,5.982394413408532,-3.211350938380976,0.0,8.945929452999716,16.66528492502717,112.36455906788761,39.14231726330975,151.50687633119736
13.128000000001053,9.81,3.93,1,1,0.01,0.01,-7.134314044866138,13.63360140218113,5.058660164438465,-2.351196796216717,28.90874101367545,-68.35563636144198,0.0,-0.537601106895521,0.36412455083650674,0.0,5.978828004257968,-3.223692831620073,0.0,8.728031745885914,16.18746057704586,112.71814377853761,38.788122336228874,151.50626611476648
13.130000000001054,9.81,3.93,1,1,0.01,0.01,-7.1241389032651385,13.628761863588041,5.116485163761973,-2.48856176857991,28.919918542214027,-69.0155550927962,0.0,-0.5256470801916351,0.3576648159566628,0.0,5.975185315365733,-3.2360328267538923,0.0,8.504047694478855,15.702331720840833,113.07296783329232,38.43266348783459,151.5056313211269
13.132000000001055,9.81,3.93,1,1,0.01,0.01,-7.113848074478347,13.62364624993158,5.174354880490178,-2.6272846934454352,28.953686746403225,-69.71397522399478,0.0,-0.513700416680504,0.3511804112182617,0.0,5.971464240794074,-3.2483606125395403,0.0,8.273803607232043,15.209740625845544,113.4289992329051,38.075971693970274,151.5049709268754
13.134000000001055,9.81,3.93,1,1,0.01,0.01,-7.103441422962333,13.618251766726447,5.232315894633312,-2.767444957324518,29.011459750521865,-70.45331531536404,0.0,-0.5017612755243799,0.3446713718932506,0.0,5.967662334075012,-3.260665201321944,0.0,8.037119822094644,14.709519154961603,113.78620492699663,37.71807894148292,151.50428386847955
13.136000000001056,9.81,3.93,1,1,0.01,0.01,-7.0929187171225205,13.612575455735511,5.290417709488744,-2.9091269979426206,29.094748162016774,-71.23621114832619,0.0,-0.48982982113744944,0.33813775594944884,0.0,5.963776786071301,-3.2729348734606094,0.0,7.7938101242303075,14.20148756115834,114.14455075094625,37.3590182877706,151.50356903871685
13.138000000001057,9.81,3.93,1,1,0.01,0.01,-7.082279623267746,13.60661418442018,5.348712953557311,-3.052420758027318,29.205168210092843,-72.06553545037974,0.0,-0.47790622393487786,0.3315796455751244,0.0,5.959804400897282,-3.2851571154342682,0.0,7.543681116557885,13.685453187673263,114.50400135585775,36.99882392693603,151.5028252827938
13.140000000001058,9.81,3.93,1,1,0.01,0.01,-7.071523699141932,13.600364634442174,5.407257601904668,-3.1974221808971968,29.34445207698085,-72.94442002223988,0.0,-0.4659906611321896,0.32499714883439934,0.0,5.955741569646582,-3.2973185507151546,0.0,7.286531539326196,13.161209061191139,114.86452013080307,36.637531263309555,151.50205139411264
13.142000000001058,9.81,3.93,1,1,0.01,0.01,-7.060650386991509,13.593823289128126,5.466111219507436,-3.3442337529737958,29.514459580121198,-73.87628059271724,0.0,-0.4540833175995908,0.31839040146898734,0.0,5.95158424163588,-3.3094048623669368,0.0,7.0221515347396215,12.628532365980934,115.22606911643724,36.27517699320564,151.5012461096429
13.144000000001059,9.81,3.93,1,1,0.01,0.01,-7.049659006121784,13.586986419797432,5.525337229463997,-3.492965099038811,29.71719138765638,-74.86484477727987,0.0,-0.4421843867766005,0.31175956886397294,0.0,5.947327892830156,-3.3214007061588706,0.0,6.750321852472244,12.087182785366943,115.58860890896389,35.911799195888214,151.5004081048521
13.14600000000106,9.81,3.93,1,1,0.01,0.01,-7.03854874488934,13.579850070841399,5.585003209342002,-3.6437336368679767,29.95480397789686,-75.91418357513516,0.0,-0.4302940716529284,0.3051048481979741,0.0,5.942967491064694,-3.333289612797534,0.0,6.470812991757464,11.53690069507606,115.95209855328854,35.547437434852796,151.49953598814133
13.14800000000106,9.81,3.93,1,1,0.01,0.01,-7.0273186520705355,13.57241004342753,5.645181219388329,-3.796665298809892,30.22962658661416,-77.02874690871593,0.0,-0.41841258582248675,0.2984264708010327,0.0,5.938497457620701,-3.345053877651843,0.0,6.18338427563792,10.977405190897636,116.31649542404097,35.18213287068527,151.49862829472625
13.15000000000106,9.81,3.93,1,1,0.01,0.01,-7.015967627538231,13.564661877686582,5.705948166852831,-3.9518953289646817,30.544180425037332,-78.21340379055324,0.0,-0.4065401546183269,0.29172470474707457,0.0,5.933911624643645,-3.3566744360785865,0.0,5.8877828529307275,10.408391930674927,116.6817550929611,34.81592838693407,151.49768347989516
13.152000000001062,9.81,3.93,1,1,0.01,0.01,-7.004494412169754,13.556600833221536,5.767386211287675,-4.109569165880113,30.901200497383215,-79.47348779793408,0.0,-0.3946770163373727,0.2849998577119095,0.0,5.92920318781448,-3.368130722136135,0.0,5.583742623542232,9.829530767869063,117.04783118092195,34.448868730640974,151.49669991156293
13.154000000001062,9.81,3.93,1,1,0.01,0.01,-6.9928975768987165,13.548221867756286,5.829583216394378,-4.269843422152903,31.303660400983155,-80.8148486482408,0.0,-0.3828234235650947,0.27825228013249326,0.0,5.9243646535916294,-3.379400508092069,0.0,5.270983083001605,9.240463150739215,117.41467519261488,34.08100066941703,151.4956758620319
13.156000000001063,9.81,3.93,1,1,0.01,0.01,-6.981175510811334,13.539519613717477,5.892633254819088,-4.432886974037794,31.754800556156773,-82.24391080070146,0.0,-0.3709796446118033,0.27148236870884734,0.0,5.919387780233204,-3.3904597216728147,0.0,4.949208082539465,8.640799257500413,117.78223633161744,33.71237316723693,151.49460949885437
13.158000000001064,9.81,3.93,1,1,0.01,0.01,-6.969326408174151,13.530488352514697,5.956637173264546,-4.5988821761710215,32.2581603888425,-83.76774016739195,0.0,-0.35914596507386404,0.26469057029663356,0.0,5.914263511681693,-3.401282237452371,0.0,4.618104501803328,8.03011483357704,118.15046129321587,33.34303758146011,151.493498874676
13.160000000001064,9.81,3.93,1,1,0.01,0.01,-6.957348254264249,13.521121986251792,6.021703226420556,-4.768026218861125,32.817615078907906,-85.39412020240977,0.0,-0.3473226895351381,0.2578773862462599,0.0,5.90898190324305,-3.4118396381123755,0.0,4.277340832497058,7.407947692175561,118.51929403193479,32.97304788398563,151.4923419159204
13.162000000001065,9.81,3.93,1,1,0.01,0.01,-6.9452388098547075,13.511414006564458,6.087947789544124,-4.940532648152127,33.43741759376396,-87.13163885880245,0.0,-0.33551014342630275,0.2510433772536871,0.0,5.903532037814438,-3.42210094050028,0.0,3.9265656730182723,6.7737938337543575,118.88867550023421,32.60246090991928,151.4911364101535
13.164000000001066,9.81,3.93,1,1,0.01,0.01,-6.9329955941869,13.501357460235678,6.155496161082707,-5.1166330720974065,34.12224685363911,-88.98978816473627,0.0,-0.32370867506234957,0.24418916879920638,0.0,5.89790193120379,-3.432032280432581,0.0,3.5654061367655068,6.127103133454402,119.25854335424376,32.23133663769285,151.48987999193662
13.166000000001066,9.81,3.93,1,1,0.01,0.01,-6.920615866236653,13.490944911190077,6.224483468572833,-5.296579080487418,34.877263025492624,-90.9790784814395,0.0,-0.3119186578817519,0.23731545726372982,0.0,5.89207842483366,-3.4415965489942217,0.0,3.1934661804964435,5.467274538044825,119.62883162170425,31.85973850524774,151.488570126952
13.168000000001067,9.81,3.93,1,1,0.01,0.01,-6.908096604052696,13.480168398409342,6.295055693214052,-5.48064440975794,35.70817112158496,-93.11116987489152,0.0,-0.3001404929144743,0.2304230168280279,0.0,5.886047063822063,-3.4507529716194223,0.0,2.810324864345347,4.793650705284511,119.99947032644059,31.48773376769893,151.4872040941395
13.170000000001068,9.81,3.93,1,1,0.01,0.01,-6.895434481912563,13.469019389242277,6.367370831076559,-5.669127390095073,36.62129429145359,-95.39902347182334,0.0,-0.28837461151037086,0.22351270727954775,0.0,5.879791958074968,-3.4594566194352696,0.0,2.4155345624095172,4.10551200865358,120.37038506267902,31.11539390286502,151.48577896554403
13.172000000001068,9.81,3.93,1,1,0.01,0.01,-6.8826258450022415,13.457488727503003,6.4416002119233875,-5.862353717999029,37.6236584485078,-97.85707619060365,0.0,-0.27662147836467116,0.216585482874606,0.0,5.873295623595207,-3.4676578401200486,0.0,2.008619152950569,3.4020698190008494,120.74149651129702,30.742795072220204,151.48429158351723
13.174000000001069,9.81,3.93,1,1,0.01,0.01,-6.869666681280441,13.445566575657049,6.517930000200645,-6.060679604947112,38.723090171406035,-100.50144285266087,0.0,-0.26488159488331886,0.20964240243193677,0.0,5.866538800695792,-3.4753015927608804,0.0,1.5890722312717183,2.6824589616286576,121.11271988860926,30.3700186462449,151.48273853485415
13.17600000000107,9.81,3.93,1,1,0.01,0.01,-6.856552590135121,13.43324235028537,6.596562906972256,-6.26449536151172,39.92833017311176,-103.35015040484578,0.0,-0.25315550293819583,0.2026846408679247,0.0,5.859500245182728,-3.482326667744785,0.0,1.1563554076653193,1.945729232553978,121.48396431648453,29.99715180488231,151.48111612136685
13.17800000000107,9.81,3.93,1,1,0.01,0.01,-6.843278747377539,13.420504649887606,6.67772014656385,-6.4742294865756325,41.24916504436342,-106.42340983204639,0.0,-0.24144378907080827,0.19571350242595587,0.0,5.852156487820089,-3.4886647683948864,0.0,0.7098967794654181,1.1908358410551898,121.85513210038025,29.624288225926012,151.47942032630627
13.18000000000107,9.81,3.93,1,1,0.01,0.01,-6.829839866045809,13.407341173934803,6.761643677562748,-6.6903533434055795,42.69658045978687,-109.74393232495527,0.0,-0.22974708921331877,0.18873043590412342,0.0,5.844481556479902,-3.494239425623259,0.0,0.24908970295117153,0.41662862714323357,122.22611789916212,29.251528876766457,151.47764677592858
13.182000000001072,9.81,3.93,1,1,0.01,0.01,-6.816230152403944,13.393738631904458,6.848598774737394,-6.9133865185774255,44.2829395880212,-113.33729739696065,0.0,-0.2180660940080245,0.18173705224963543,0.0,5.8364466542765525,-3.498964709991123,0.0,-0.22670795851671333,-0.37816011753547973,122.59680776723214,28.87898292813966,151.47579069537178
13.184000000001072,9.81,3.93,1,1,0.01,0.01,-6.802443256421346,13.379682640822562,6.938876986532922,-7.143902976376687,46.02219107061928,-117.2323819115959,0.0,-0.2064015548210844,0.17473514496787268,0.0,5.828019785648206,-3.5027436968205627,0.0,-0.7181738637809904,-1.1949294181730266,122.96707804533052,28.506768812508586,151.4738468578391
13.186000000001073,9.81,3.93,1,1,0.01,0.01,-6.788472215899216,13.365157609593203,7.032799542200782,-7.382538140580033,47.930111616153475,-121.46186035983892,0.0,-0.19475429056397459,0.16772671389354765,0.0,5.819165320726257,-3.5054666288277225,0.0,-1.2260201573482057,-2.035225188989426,123.33679407120792,28.13501545468301,151.47180952589093
13.188000000001074,9.81,3.93,1,1,0.01,0.01,-6.774309393271679,13.350146608110933,7.1307212834185805,-7.6299970576168645,50.02458896468296,-126.06278814535887,0.0,-0.1831251954572901,0.160713992996248,0.0,5.809843486369647,-3.5070087063964572,0.0,-1.7509908891687005,-2.900757843450687,123.70580867489467,27.763863708515263,151.46967238340994
13.190000000001074,9.81,3.93,1,1,0.01,0.01,-6.759946403947732,13.334631218818606,7.233035207447759,-7.887063819969926,52.32595164841074,-131.0772809535451,0.0,-0.17151524789709455,0.15369948305024417,0.0,5.800009769867291,-3.5072274170863,0.0,-2.293857225229774,-3.7934221921845768,124.07396041515229,27.393468041362453,151.46742845651474
13.192000000001075,9.81,3.93,1,1,0.01,0.01,-6.745374034872831,13.31859136798887,7.340177722273612,-8.15461245585689,54.85735248320289,-136.55330422966819,0.0,-0.15992552061476328,0.14668599019834472,0.0,5.7896142184569905,-3.5059592919291127,0.0,-2.855409520826109,-4.715319883875754,124.44107150340645,27.023998517949142,151.4650700213556
13.194000000001076,9.81,3.93,1,1,0.01,0.01,-6.730582151773959,13.302005133567077,7.452634728247921,-8.433619519568806,57.64521284889184,-142.54558689291463,0.0,-0.14835719235819722,0.13967667169463627,0.0,5.778600614400892,-3.503015944714926,0.0,-3.4364449592093527,-5.668784631883267,124.80694534839547,26.65564314792667,151.46258849632216
13.196000000001076,9.81,3.93,1,1,0.01,0.01,-6.7155595933091945,13.284848525917113,7.570948654380071,-8.725178643865547,60.7197341607973,-149.1166718268342,0.0,-0.13681156136674255,0.13267509043800607,0.0,5.766905501339517,-3.498179209370513,0.0,-4.037748936995641,-6.656410425004519,125.17136363809209,26.28861067762997,151.45997431572206
13.198000000001077,9.81,3.93,1,1,0.01,0.01,-6.700294050074749,13.267095237266204,7.695726588421305,-9.030517336848899,64.1154808216236,-156.3381109675278,0.0,-0.12529006096514078,0.12568528033018256,0.0,5.7544570330011835,-3.4911951364170495,0.0,-4.660067637931859,-7.681082822794929,125.53408285406586,25.923133927389276,151.45721678145514
13.200000000001078,9.81,3.93,1,1,0.01,0.01,-6.684771926138227,13.248716355070043,7.827649644283547,-9.351016312233796,67.87203421121299,-164.291802494097,0.0,-0.11379427766465017,0.11871182503883404,0.0,5.741173610147697,-3.481766537935373,0.0,-5.304068181636131,-8.746013249036132,125.89483008590874,25.559473802729663,151.4543038886384
13.202000000001078,9.81,3.93,1,1,0.01,0.01,-6.668978180485888,13.229680033958022,7.967483701090817,-9.688231618903044,72.0347079494708,-173.0714475314676,0.0,-0.10232597223311596,0.11175995345872458,0.0,5.726962266149977,-3.4695436755300455,0.0,-5.970281222045813,-9.854775865225754,126.2532979777112,25.1979241428554,151.4512221205666
13.204000000001079,9.81,3.93,1,1,0.01,0.01,-6.65289614553248,13.209951120452939,8.11609161304514,-10.04391975704495,76.65529741472362,-182.7840668340046,0.0,-0.09088710427994878,0.10483565609643675,0.0,5.71171675642278,-3.4541125595531565,0.0,-6.659018693569813,-11.01134603972361,126.60913859234368,24.838817615594216,151.4479562079379
13.20600000000108,9.81,3.93,1,1,0.01,0.01,-6.636507319715601,13.18949072444171,8.274446907276802,-10.420065789429994,81.79280566622214,-193.55145218717539,0.0,-0.07947986099506377,0.09794582782950934,0.0,5.695315303377782,-3.4349801599458774,0.0,-7.370256256117861,-12.220138484277381,126.96195591918033,24.482532927962353,151.44448884714268
13.20800000000108,9.81,3.93,1,1,0.01,0.01,-6.619791131308966,13.168255731673288,8.443648822058282,-10.818914101482557,87.51403395805015,-205.51131258354084,0.0,-0.06810669077740689,0.09109844410524826,0.0,5.677617949050358,-3.411555606248316,0.0,-8.10346542667394,-13.486041579310019,127.31129667266364,24.129503700300962,151.44080037296462
13.21000000000108,9.81,3.93,1,1,0.01,0.01,-6.602724671161782,13.146198252846787,8.624938229212374,-11.243000803778873,93.89383182655574,-218.8176775992224,0.0,-0.056770342576000166,0.08430277977386813,0.0,5.6584634767557285,-3.383126160624695,0.0,-8.85737375693969,-14.814441887193293,127.6566389274853,23.780229455495817,151.43686838298112
13.212000000001082,9.81,3.93,1,1,0.01,0.01,-6.585282393486096,13.123265007936354,8.819713428951681,-11.695185587271247,101.01464215646098,-233.63978263229825,0.0,-0.045473911819523594,0.07756968255453622,0.0,5.637665889547928,-3.3488263658481805,0.0,-9.629621799596482,-16.211228776288664,127.99737800486783,23.435289310604396,151.43266731547223
13.214000000001082,9.81,3.93,1,1,0.01,0.01,-6.5674357867240625,13.099396650662037,9.029543828459227,-12.178678767107082,108.96470529409854,-250.15808716135763,0.0,-0.034220893780176065,0.07091191680341435,0.0,5.615010492289689,-3.3075982862326905,0.0,-10.416271723912304,-17.68276252401994,128.3328088566446,23.095359135130213,151.4281679917748
13.216000000001083,9.81,3.93,1,1,0.01,0.01,-6.549153022042428,13.074527049803804,9.256177824885123,-12.697055668958528,117.8338281662616,-268.55511005361177,0.0,-0.023015245013432634,0.06434459799683412,0.0,5.590249743319008,-3.2581401754365227,0.0,-11.21110264159567,-19.23577878478061,128.66210398373912,22.76123316741666,151.42333715115578
13.218000000001084,9.81,3.93,1,1,0.01,0.01,-6.53039859699446,13.048582565321395,9.501538323784995,-13.254244399974063,127.70485836849069,-288.9971504934071,0.0,-0.011861452971504843,0.05788574432464999,0.0,5.563099269631057,-3.198840267587956,0.0,-12.004600124748425,-20.87718566721606,128.98428567189197,22.43385136471258,151.41813703660455
13.220000000001084,9.81,3.93,1,1,0.01,0.01,-6.511133009486104,13.021481394577705,9.767694445216094,-13.854462741717445,138.6377422976515,-311.6003064241761,0.0,-0.0007646127093358657,0.051556978983451573,0.0,5.533234860671995,-3.1276918528847717,0.0,-12.782510702555868,-22.613683557432196,129.29819104113858,22.11433409968118,151.41252514081975
13.222000000001085,9.81,3.93,1,1,0.01,0.01,-6.491312527514682,12.993133128179363,10.056789860508438,-14.502062794722177,150.64102686396896,-336.3699512506104,0.0,0.010269492732367436,0.045384424610618646,0.0,5.50029201346883,-3.042185766434919,0.0,-13.523787677065453,-24.4510976853269,129.602428125739,21.80402617527334,151.40645430101236
13.224000000001086,9.81,3.93,1,1,0.01,0.01,-6.470889171395542,12.963438763263435,10.370895044176951,-15.201214273532745,163.62258825987522,-363.09636142992554,0.0,0.021234316060804115,0.03939983797673485,0.0,5.463870928245973,-2.9391778129798167,0.0,-14.197712076131776,-26.393253894951027,129.89532102556166,21.504552415089066,151.3998734406507
13.226000000001086,9.81,3.93,1,1,0.01,0.01,-6.449811109705624,12.932291600441639,10.711730230545843,-15.95531420572787,177.30713472264517,-391.1802933450376,0.0,0.03212248926012359,0.03364203390822962,0.0,5.423552095685997,-2.8147334496620053,0.0,-14.759963109348359,-28.440145500657234,130.17484230818334,21.217887060939795,151.39272936912315
13.228000000001087,9.81,3.93,1,1,0.01,0.01,-6.428023804654458,12.899579734118607,11.080176285602867,-16.765948600110953,191.10347658618153,-419.3527824128068,0.0,0.04292581622432681,0.028158631987034166,0.0,5.378931202959581,-2.6639642191328488,0.0,-15.147516881120909,-30.58503962404574,130.43853170473986,20.94643834943496,151.38497005417483
13.230000000001088,9.81,3.93,1,1,0.01,0.01,-6.40547244407678,12.865191270133545,11.475454446068097,-17.63115558551479,203.90349769738037,-445.25134043083915,0.0,0.05363536613437503,0.023008106330190903,0.0,5.329687271820878,-2.4808972228375077,0.0,-15.272653273197085,-32.81009185216995,130.68340247819333,20.693146879409117,151.37654935760244
13.232000000001088,9.81,3.93,1,1,0.01,0.01,-6.382106466392567,12.82902397048585,11.89382937396666,-18.542684377281553,213.8084193691649,-464.84373929679305,0.0,0.06424175279576737,0.018261987483370934,0.0,5.275703929326513,-2.258471660479905,0.0,-15.017406926565927,-35.08009160227582,130.90584191817945,20.461589756313042,151.36743167449248
13.234000000001089,9.81,3.93,1,1,0.01,0.01,-6.357887258723317,12.791001598649295,12.326725189075844,-19.48201991608787,217.83180203269936,-471.8043921161088,0.0,0.07473572791191123,0.014006791892736903,0.0,5.217266354829281,-1.9888467490089388,0.0,-14.232055977385599,-37.33441344732144,131.10152232966817,20.256068913817714,151.3575912434859
13.23600000000109,9.81,3.93,1,1,0.01,0.01,-6.332800157532053,12.75109933602196,12.758360409665976,-20.415400747199868,211.76300601099948,-457.2316288283171,0.0,0.0851092508098674,0.010344766158075891,0.0,5.155343919660411,-1.6643256706892307,0.0,-12.745068922993823,-39.47857966439899,131.2653573201361,20.081638097980832,151.34699541811693
13.23800000000109,9.81,3.93,1,1,0.01,0.01,-6.306871161377553,12.709379112244076,13.163591509251757,-21.289290215197216,190.60231121494732,-410.5734269893496,0.0,0.09535717161348516,0.007391837225068976,0.0,5.09191774755068,-1.2792702196955985,0.0,-10.39600584665956,-41.37953487797319,131.39157203851744,19.94398948981141,151.33556152832884
13.240000000001091,9.81,3.93,1,1,0.01,0.01,-6.280186416045853,12.666030726599772,13.507676471102432,-22.02991503880343,150.13405815665888,-322.95477010199613,0.0,0.10547948051195961,0.005270570152560494,0.0,5.0302012442558315,-0.8331667676187638,0.0,-7.101059383509178,-42.872278557810745,131.47401340892742,19.84909381493795,151.32310722386538
13.242000000001092,9.81,3.93,1,1,0.01,0.01,-6.252908113052725,12.62140531217337,13.750516288712054,-22.55226567538047,89.75470942597687,-193.14934508418335,0.0,0.11548364183372761,0.004096366202004709,0.0,4.974466867151921,-0.33416567186731705,0.0,-2.9414004875485027,-43.78636257450238,131.50688412326627,19.802512012345627,151.3093961356119
13.244000000001092,9.81,3.93,1,1,0.01,0.01,-6.225275950352547,12.576018230063141,13.856793715515552,-22.78154206404618,15.129819538562122,-33.183009950929105,0.0,0.1253859677198507,0.0039578386990483105,0.0,4.929214621481891,0.19895485288723194,0.0,1.7756358035809001,-43.99234217422508,131.48598857087188,19.808431910654125,151.294420481526
13.246000000001093,9.81,3.93,1,1,0.01,0.01,-6.1975845438679364,12.53050112430778,13.808866755910621,-22.680399148890647,-62.19482925395246,132.49624322194404,0.0,0.1352108271962333,0.004897101177464003,0.0,4.8978222098319435,0.7389607689890934,0.0,6.555472843848162,-43.449587363715096,131.41007592118928,19.868717095961266,151.27879301715055
13.248000000001094,9.81,3.93,1,1,0.01,0.01,-6.170138826970023,12.485507472614351,13.614470661500894,-22.265215654199,-129.4297000202966,276.8136305729848,0.0,0.14498731965995174,0.006898927787760689,0.0,4.881407586674358,1.2568146838671896,0.0,10.87164618028677,-42.224949171344235,131.28127324782943,19.982405292859987,151.26367854068943
13.250000000001094,9.81,3.93,1,1,0.01,0.01,-6.143204864003599,12.441608451065697,13.303265724990506,-21.598801994474368,-178.197228780902,382.0137481653458,0.0,0.15474453404769878,0.009894743371346104,0.0,4.87867126582872,1.729370883448989,0.0,14.344858275659204,-40.46780742732921,131.10412383237568,20.14593691639452,151.25006074877018
13.252000000001095,9.81,3.93,1,1,0.01,0.01,-6.116977112771975,12.399223546892477,12.914986965145252,-20.765363843212555,-206.75950591396065,444.37207742472646,0.0,0.16450736974752633,0.01377923752838961,0.0,4.886728831685353,2.1437046050162896,0.0,16.827378806538484,-38.35922028771209,130.88416701490493,20.353992364458865,151.2381593793638
13.254000000001096,9.81,3.93,1,1,0.01,0.01,-6.091570859883386,12.358604369739838,12.487448858240544,-19.84514237255979,-218.25648141731813,470.4834620764893,0.0,0.17429434419986276,0.018431188929563636,0.0,4.902251787563639,2.4967477691193873,0.0,18.368646890971373,-36.06601082020787,130.62709717822423,20.600519615764544,151.22761679398877
13.256000000001096,9.81,3.93,1,1,0.01,0.01,-6.0670337381945565,12.319858831860202,12.049884250738344,-18.900305899452206,-217.65387603219565,470.82038221452785,0.0,0.18411748939003986,0.023730540313116943,0.0,4.922288266579784,2.792160067915259,0.0,19.12580841951759,-33.716814252176846,130.33843413037184,20.879565201073465,151.2179993314453
13.258000000001097,9.81,3.93,1,1,0.01,0.01,-6.043364869665001,12.28299151672905,11.621676401222745,-17.97223089774793,-209.60102308555543,455.2057897673858,0.0,0.19398350958276334,0.029568502056983137,0.0,4.944598246910404,3.0369148360585827,0.0,19.284527058574966,-31.398390746472227,130.0232925806804,21.185757929838353,151.20905051051875
13.260000000001098,9.81,3.93,1,1,0.01,0.01,-6.020533187028681,12.2479423864634,11.214014866487062,-17.084968358796214,-197.59373213014632,431.0385166402647,0.0,0.20389529032484996,0.035851558110969406,0.0,4.967651843726866,3.23886670109917,0.0,19.013833697662278,-29.162702494811924,129.68618249324314,21.51449401272968,151.2006765059728
13.262000000001098,9.81,3.93,1,1,0.01,0.01,-5.998491410741097,12.214616361591652,10.832316678820815,-16.250339730340617,-183.94304352637627,403.22092762033384,0.0,0.21385322973005133,0.042501687030297775,0.0,4.99048532995825,3.4054297140791783,0.0,18.449484752343242,-27.036788520756016,129.33091764292644,21.861939430557708,151.19285707348413
13.264000000001099,9.81,3.93,1,1,0.01,0.01,-5.977185384486826,12.18290312178811,10.478347226175329,-15.472409504749235,-170.0423047563476,374.71851302112094,0.0,0.22385622706791744,0.04945478792519764,0.0,5.0125363888467405,3.5430357424833043,0.0,17.69311794607017,-25.03147130959319,128.9606376376616,22.224947268772546,151.18558490643414
13.2660000000011,9.81,3.93,1,1,0.01,0.01,-5.956559747948458,12.15268917676158,10.151752289092883,-14.750721094566284,-156.66316036030443,347.1824817769575,0.0,0.23390235092043318,0.0566585271789829,0.0,5.033507772600064,3.6570237271750186,0.0,16.817686758298294,-23.147773525779026,128.5778939518897,22.600948920873304,151.178842872763
13.2680000000011,9.81,3.93,1,1,0.01,0.01,-5.936561100770362,12.123864634073021,9.851055785375493,-14.082407867748211,-144.18823274050558,321.44003476878265,0.0,0.2439892653516565,0.06407020701451194,0.0,5.053268879243524,3.7517247016618556,0.0,15.87416563435982,-21.381213591854173,128.18475383354465,22.987847850941627,151.17260168448627
13.270000000001101,9.81,3.93,1,1,0.01,0.01,-5.917139585521603,12.096326618611364,9.574267539120413,-13.463481948860636,-132.77011796931,297.8298422408248,0.0,0.2541144904932449,0.0716548955280546,0.0,5.071789657782485,3.830614027974967,0.0,14.897501609009593,-19.72451258090223,127.78289717891695,23.383927071203228,151.1668242501202
13.272000000001102,9.81,3.93,1,1,0.01,0.01,-5.898249531109953,12.069980697042055,9.319234435820754,-12.889581222764273,-122.43222517743749,276.41512023109254,0.0,0.26427555564627314,0.07938387782967704,0.0,5.089098085045985,3.8964702393718254,0.0,13.911275138552615,-18.169224790375758,127.37369760177307,23.787772870246272,151.16147047201935
13.274000000001102,9.81,3.93,1,1,0.01,0.01,-5.879849566256412,12.04474117264974,9.083832466342836,-12.356379879205477,-113.12984233138317,257.1128884102349,0.0,0.2744700847906071,0.08723341032630316,0.0,5.10525357736814,3.9515163542617606,0.0,12.931133558016956,-16.70667914237313,126.95828698549377,24.198213675176707,151.15650066067047
13.276000000001103,9.81,3.93,1,1,0.01,0.01,-5.861902452144593,12.02053077780417,8.866063953319763,-11.859798063258669,-104.78587593994332,239.7697920625004,0.0,0.2846958405372074,0.09518373341894137,0.0,5.120330738787804,3.997536972070439,0.0,11.967239689532997,-15.328494937976899,126.53760577916145,24.614271718035106,151.15187749719655
13.278000000001104,9.81,3.93,1,1,0.01,0.01,-5.844374780482003,11.997280074237137,8.66410007518237,-11.396095319867507,-97.31110989094232,224.20521808273583,0.0,0.2949507430523223,0.10321829389990522,0.0,5.134409653314211,4.035971889148348,0.0,11.025987957047192,-14.026841751847616,126.1124419027753,25.035125041819438,151.14756694459473
13.280000000001104,9.81,3.93,1,1,0.01,0.01,-5.8272366200801615,11.974926737959395,8.476292896080656,-10.961899011091354,-90.61524829130984,210.2349101844299,0.0,0.30523287427477197,0.11132313326247834,0.0,5.14757025553016,4.067989583378156,0.0,10.111196364344229,-12.79454939255303,125.68346085240273,25.46007765837401,151.14353851077675
13.282000000001105,9.81,3.93,1,1,0.01,0.01,-5.810461157386648,11.953414825939891,8.301171175919263,-10.554197935605881,-84.6125827969345,197.68318704080914,0.0,0.3155404737966772,0.11948640562395696,0.0,5.159889212221701,4.094544400377702,0.0,9.224930965476176,-11.625132644271634,125.25122909711023,25.88853605770069,151.1397651548109
13.284000000001106,9.81,3.93,1,1,0.01,0.01,-5.79402435438993,11.932694075007058,8.137428211535966,-10.170318663954067,-79.22458705783082,186.38862790182245,0.0,0.3258719302981158,0.12769799636000045,0.0,5.171438331541326,4.11642092716101,0.0,8.368075268270882,-10.512769701956756,124.81623237797685,26.319990642112277,151.13622302008912
13.286000000001106,9.81,3.93,1,1,0.01,0.01,-5.777904634715585,11.912719256647053,7.98390637458946,-9.807894523693264,-74.3807985633779,176.2061035389603,0.0,0.33622577088191735,0.13594921891702616,0.0,5.182283887388636,4.134268445126259,0.0,7.54072337835411,-9.452257341674839,124.37889012400383,26.754000976952717,151.13289110095656
13.288000000001107,9.81,3.93,1,1,0.01,0.01,-5.762082601696506,11.893449596363508,7.839580905491525,-9.464832709174138,-70.01878186323061,167.0068352711248,0.0,0.34660064969835547,0.14423257241934961,0.0,5.19248647996649,4.148627755689138,0.0,6.742451451226392,-8.43895621975558,123.9395668951482,27.190184005241846,151.12975090039004
13.290000000001108,9.81,3.93,1,1,0.01,0.01,-5.746540788415607,11.874848258144247,7.70354430031642,-9.139282397352694,-66.08363073687389,158.67745411292486,0.0,0.3569953366596623,0.1525415467194895,0.0,5.202101199214055,4.159952154686105,0.0,5.972505034658696,-7.468733881496861,123.49858153449449,27.628204572786125,151.12678610728062
13.292000000001108,9.81,3.93,1,1,0.01,0.01,-5.7312634378111635,11.856881890445198,7.574991928226347,-8.829605263284229,-62.52726861476088,151.1186126516174,0.0,0.36740870668303616,0.1608704646428033,0.0,5.211177948606578,4.168623914370661,0.0,5.22992815288938,-6.537909589104402,123.05621454248454,28.067767763050483,151.12398230553504
13.294000000001109,9.81,3.93,1,1,0.01,0.01,-5.716236310090654,11.839520228233642,7.453209124832655,-8.534348951683516,-59.307690487287246,144.24345632338915,0.0,0.37783972968126467,0.16921435354495595,0.0,5.219761843267421,4.174967306756741,0.0,4.513651936491359,-5.6432030291011,122.6127140611159,28.508612657316213,151.1213267184321
13.29600000000111,9.81,3.93,1,1,0.01,0.01,-5.701446514443456,11.822735745025025,7.337559794039704,-8.252223603817296,-56.38822212707763,137.97611762554408,0.0,0.38828746138883197,0.17756884010088825,0.0,5.227893631378445,4.179258953562304,0.0,3.8225550922121645,-4.7816877691044715,122.1683007634052,28.950507223838954,151.11880798724417
13.29800000000111,9.81,3.93,1,1,0.01,0.01,-5.686882362099826,11.806503348913306,7.22747644164816,-7.982081302115092,-53.73683373597928,132.25031437286836,0.0,0.3987510350345852,0.1859300636124679,0.0,5.235610109555718,4.181736099878477,0.0,3.1555047320206095,-3.9507496602184236,121.72317187448328,29.393244106640918,151.1164159811242
13.300000000001111,9.81,3.93,1,1,0.01,0.01,-5.67253323799453,11.79080011699656,7.122451513784176,-7.722898183954903,-51.325523281549934,127.00808641357584,0.0,0.40922965382906884,0.19429460416445066,0.0,5.242944516197435,4.182603266881046,0.0,2.5113834872533487,-3.1480500163197065,121.27750449908523,29.836637135469104,151.11414163455433
13.302000000001112,9.81,3.93,1,1,0.01,0.01,-5.658389488568592,11.775605063145564,7.022029895943232,-7.473758935703114,-49.12977280955035,122.19867947359505,0.0,0.419722584212097,0.20265942275495386,0.0,5.24992689494111,4.182037632101824,0.0,1.8891070456821,-2.37149321909969,120.83145839131065,30.280518417292548,151.1119768086032
13.304000000001112,9.81,3.93,1,1,0.01,0.01,-5.644442323532755,11.760898934647631,6.92580242885512,-7.233843375887621,-47.12807477127853,117.77757124441024,0.0,0.43022914979636717,0.2110218111379536,0.0,5.256584425243209,4.180193405240312,0.0,1.2876350112130686,-1.6191983215071766,120.38517827302297,30.724735899486035,151.109914172509
13.306000000001113,9.81,3.93,1,1,0.01,0.01,-5.630683729695462,11.746664033825196,6.833400306687246,-7.002414853604361,-45.30152244428437,113.70562829349828,0.0,0.44074872594015,0.21937934958659255,0.0,5.262941719943675,4.177205406594082,0.0,0.705977124741106,-0.8894742061907182,119.93879578471797,31.1691513177787,151.10794710249667
13.308000000001114,9.81,3.93,1,1,0.01,0.01,-5.617106395214331,11.732884061251289,6.744490236299802,-6.778810214191054,-43.633457412924265,109.94837980368843,0.0,0.45128073488402465,0.22772987115126486,0.0,5.269021091269343,4.173192008961789,0.0,0.143196282929019,-0.18079787206629863,119.49243113536036,31.613638459799475,151.10606959515985
13.310000000001114,9.81,3.93,1,1,0.01,0.01,-5.603703642858387,11.719543977651513,6.658770250572344,-6.56243111287727,-42.109166967665786,106.47539374431747,0.0,0.46182464139035057,0.23607143127096786,0.0,5.274842787548265,4.168257568634997,0.0,-0.40159063065106515,0.5082045451261379,119.04619450425476,32.058081688873045,151.10427619312782
13.312000000001115,9.81,3.93,1,1,0.01,0.01,-5.590469371068192,11.70662988199218,6.575966082763929,-6.352736485341426,-40.71562468866828,103.25974179706773,0.0,0.47237994882941875,0.24440228181912782,0.0,5.280425203256257,4.16249444410551,0.0,-0.9292133852188695,1.1787743730111298,118.60018723757457,32.50237468353215,151.1025619211067
13.314000000001116,9.81,3.93,1,1,0.01,0.01,-5.577398001774027,11.694128903609858,6.495828021728116,-6.149236010285348,-39.44126811896776,100.27754060133213,0.0,0.48294619566141006,0.25272084884057533,0.0,5.285785065087953,4.155984680339505,0.0,-1.4404500070858381,1.8320349375874445,118.15450287395234,32.94641935672506,151.10092223067738
13.316000000001116,9.81,3.93,1,1,0.01,0.01,-5.564484434080902,11.682029106543373,6.418128179286921,-5.951484422604763,-38.275808148402504,97.50755830945889,0.0,0.49352295226890464,0.26102571337510794,0.0,5.290937596657573,4.148801420396398,0.0,-1.936028991740798,2.469004308150698,117.70922802708606,33.39012492542608,151.09935295251213
13.318000000001117,9.81,3.93,1,1,0.01,0.01,-5.551724003056292,11.670319404491119,6.342658111116246,-5.759076556326259,-37.210065436741274,94.93087686783988,0.0,0.504109818099486,0.26931559487359535,0.0,5.295896664263007,4.141010093669971,0.0,-2.416631873243286,3.090606491354466,117.26444314816715,33.833407106713146,151.09785025488029
13.320000000001118,9.81,3.93,1,1,0.01,0.01,-5.539112442964868,11.658989485039896,6.269226741174093,-5.571643014302643,-36.23582986117583,92.5306017725892,0.0,0.5147064190828669,0.27758933680087283,0.0,5.3006749059363605,4.1326694202584,0.0,-2.882895976261874,3.697681281470789,116.82022318684977,34.27618742065395,151.0964106075037
13.322000000001118,9.81,3.93,1,1,0.01,0.01,-5.526645854386838,11.648029742001842,6.197658547134589,-5.388846376942974,-35.34573956138079,90.29161224739089,0.0,0.525312405291148,0.28584589409070604,0.0,5.305283845781955,4.123832263292939,0.0,-3.3354172302110108,4.290992945540246,116.37663816619369,34.71839258378213,151.09503074997582
13.324000000001119,9.81,3.93,1,1,0.01,0.01,-5.514320674735055,11.63743121485807,6.1277919706191,-5.21037787528453,-34.53317667018125,88.20034584401313,0.0,0.5359274488144932,0.2940843221754015,0.0,5.309733995385127,4.114546354993185,0.0,-3.7747529635709984,4.8712378973518415,115.93375368436497,35.15995397971824,151.0937076640832
13.32600000000112,9.81,3.93,1,1,0.01,0.01,-5.502133651752961,11.627185534445674,6.059478021385335,-5.035954464782157,-33.792177262045875,86.24461237650989,0.0,0.5465512418280642,0.3023037673592258,0.0,5.314034943869582,4.104854917407403,0.0,-4.201424624023608,5.439051492761855,115.49163135373044,35.60080719574431,151.09243854947476
13.32800000000112,9.81,3.93,1,1,0.01,0.01,-5.490081819632439,11.61728487414233,5.992579049182165,-4.865316245570314,-33.11735343109808,84.41343287943036,0.0,0.5571834948288782,0.31050345834266935,0.0,5.318195437993284,4.094797194961344,0.0,-4.6159203896282985,5.995014060395522,115.05032918623908,36.04089161597312,151.0912208022122
13.330000000001121,9.81,3.93,1,1,0.01,0.01,-5.478162477439291,11.607721905903077,5.926967660824185,-4.698224182893319,-32.503825732456974,82.6968999428097,0.0,0.5678239350239163,0.3186826987356951,0.0,5.3222234535029935,4.084408912867419,0.0,-5.01869765013701,6.53965626591673,114.60990193255003,36.48015006325669,151.09005199580673
13.332000000001122,9.81,3.93,1,1,0.01,0.01,-5.466373169575566,11.598489760589553,5.862525763292971,-4.534458088118598,-31.94716449297194,81.08605633727561,0.0,0.5784723048530863,0.3268408604236137,0.0,5.3261262588165925,4.073722672974467,0.0,-5.410185347299981,7.073463894457844,114.17040138119603,36.91852848321098,151.08892986440702
13.334000000001122,9.81,3.93,1,1,0.01,0.01,-5.4547116680435765,11.589581992105298,5.7991437164242345,-4.373814826435455,-31.44333872691897,79.57278931561613,0.0,0.589128360632671,0.3349773776703554,0.0,5.329910471968574,4.062768296640829,0.0,-5.79078616980289,7.596882124162098,113.73187662310104,37.355975664754915,151.08785228785595
13.336000000001123,9.81,3.93,1,1,0.01,0.01,-5.443175956306882,11.580992544913556,5.736719581070519,-4.216106722159985,-30.98867158539609,78.14973837561999,0.0,0.5997918713066007,0.34309174186136726,0.0,5.333582111636698,4.051573122592052,0.0,-6.160878603128177,8.11031935382851,113.29437428596839,37.79244299240395,151.08681727837234
13.338000000001124,9.81,3.93,1,1,0.01,0.01,-5.431764214569728,11.572715724567994,5.67515845060467,-4.0611601366525925,-30.57980143064122,76.8102146044302,0.0,0.6104626172944608,0.35118349680293803,0.0,5.337146642964994,4.040162266403187,0.0,-6.520818837750894,8.61415063911989,112.85793874239056,38.22788422626243,151.085822968653
13.340000000001124,9.81,3.93,1,1,0.01,0.01,-5.420474806318979,11.564746170933171,5.614371855306479,-3.9088141973240718,-30.21364776316234,75.54813000697905,0.0,0.6211403894264458,0.35925223450690913,0.0,5.340609018808286,4.028558847164312,0.0,-6.870942541097617,9.108720784488217,112.42261229497126,38.66225530624465,151.0848676012159
13.342000000001125,9.81,3.93,1,1,0.01,0.01,-5.409306265992032,11.557078833811609,5.5542772306009365,-3.7589196591568492,-29.887381344585094,74.35793545882552,0.0,0.6318249879567068,0.3672975913999348,0.0,5.3439737169451496,4.016784185999637,0.0,-7.211566499931342,9.594347131707886,111.98843534128804,39.09551417754666,151.0839495188347
13.344000000001126,9.81,3.93,1,1,0.01,0.01,-5.398257287650995,11.549708950728862,5.494797441331227,-3.6113378826815348,-29.598397955980158,73.234566124069,0.0,0.6425162216474585,0.3753192449050383,0.0,5.347244773737715,4.004857980377958,0.0,-7.542990140504883,10.071322080530633,111.55544652112735,39.52762063480401,151.08306715593136
13.346000000001126,9.81,3.93,1,1,0.01,0.01,-5.387326714558026,11.542632026657946,5.435860355286174,-3.465939914493961,-29.344295313110425,72.17339334806584,0.0,0.6532139069172209,0.38331691035045967,0.0,5.350425814657193,3.9927984575461926,0.0,-7.86549693411749,10.539915372355695,111.12368284809554,39.95853618271946,151.082219030815
13.348000000001127,9.81,3.93,1,1,0.01,0.01,-5.376513529559332,11.535843815490399,5.377398460088158,-3.3226056582317955,-29.122852728985887,71.17018217747972,0.0,0.6639178670472672,0.39129033816694514,0.0,5.353520082041918,3.9806225099139847,0.0,-8.179355695733111,11.000376163832062,110.69317982742791,40.38822391124066,151.08140373866857
13.350000000001128,9.81,3.93,1,1,0.01,0.01,-5.365816846196368,11.52934030308379,5.319348518306869,-3.181223125500673,-28.932013172420294,70.22105378103636,0.0,0.6746279314410952,0.39923931133983936,0.0,5.356530460409406,3.968345814797952,0.0,-8.484821783163525,11.452934913882933,110.26397156157984,40.81664838361773,151.08061994519755
13.352000000001128,9.81,3.93,1,1,0.01,0.01,-5.355235900472371,11.52311769173518,5.2616512563161955,-3.041687757587956,-28.7698674206574,69.32245214675457,0.0,0.6853439349323105,0.4071636430868132,0.0,5.359459499604036,3.9559829405830564,0.0,-8.782138204045808,11.89780510468322,109.83609084498184,41.24377553588568,151.07986638086751
13.354000000001129,9.81,3.93,1,1,0.01,0.01,-5.344770043210746,11.517172385947113,5.2042510829724185,-2.9039018099614493,-28.634640046024142,68.47111451836932,0.0,0.6960657171368376,0.41506317473584997,0.0,5.362309436027496,3.9435474410642257,0.0,-9.071536637498708,12.335184814564078,109.40956924916736,41.669572586497736,151.0791418356651
13.35600000000113,9.81,3.93,1,1,0.01,0.01,-5.334418732949171,11.51150097936774,5.147095834675426,-2.767773792549107,-28.524677012168073,67.66404510760913,0.0,0.7067931218458563,0.4229377737814255,0.0,5.365082212168313,3.9310519394835732,0.0,-9.353238376957007,12.765258158602297,108.98443719933073,42.09400795499462,151.07844515432535
13.35800000000113,9.81,3.93,1,1,0.01,0.01,-5.324181529319755,11.506100242799786,5.090136543792464,-2.6332179596577983,-28.438434685749005,66.89849168200814,0.0,0.7175259964562689,0.43078733209957465,0.0,5.3677794946203825,3.9185082035693837,0.0,-9.627455200280266,13.188196610732383,108.56072404325103,42.517051188726406,151.07777523197743
13.360000000001131,9.81,3.93,1,1,0.01,0.01,-5.314058086871221,11.500967113184586,5.03332722778568,-2.5001538441346876,-28.37447009530978,66.17192468173276,0.0,0.7282641914358001,0.4386117643050279,0.0,5.370402690756534,3.905927212705715,0.0,-9.894390172827231,13.604160219549351,108.13845811339931,42.938672896762725,151.07713101016202
13.362000000001132,9.81,3.93,1,1,0.01,0.01,-5.304048149294105,11.496098683477584,4.976624696698596,-2.3685058310206086,-28.33143229115477,65.48201856493706,0.0,0.7390075598202432,0.44641100623566554,0.0,5.372952964202612,3.8933192182112553,0.0,-10.154238388791802,14.013298728519127,107.71766678296,43.35884469022554,151.07651147318552
13.364000000001132,9.81,3.93,1,1,0.01,0.01,-5.294151544014385,11.49149219334054,4.9199883769296,-2.2382027665053723,-28.308054678992995,64.82663512062223,0.0,0.7497559567405652,0.4541850135513754,0.0,5.375431249239034,3.8806937975777114,0.0,-10.407187655715695,14.41575261004823,107.29837651640742,43.77753912836644,151.07591564477386
13.366000000001133,9.81,3.93,1,1,0.01,0.01,-5.284368177124807,11.487145020583664,4.863380149458388,-2.1091775984822543,-28.303148216341896,64.20380852186497,0.0,0.7605092389778129,0.461933760435994,0.0,5.3778382642405855,3.8680599034084926,0.0,-10.653419126732375,14.811654021761266,106.88061291521122,44.19472966978623,151.07534258499743
13.368000000001134,9.81,3.93,1,1,0.01,0.01,-5.274698028626682,11.483054673297811,4.8067642008989795,-1.9813670454232972,-28.315595374661566,63.61173192146646,0.0,0.7712672645440288,0.4696572383923798,0.0,5.380174524250802,3.8554259077048023,0.0,-10.893107884759177,15.201127692371207,106.46440075918024,44.61039062826009,151.0747913874403
13.370000000001134,9.81,3.93,1,1,0.01,0.01,-5.265141147957972,11.479218782623034,4.750106885934666,-1.8547112906671996,-28.344344782221693,63.04874541723302,0.0,0.7820298922875263,0.47735545512191346,0.0,5.382440352774188,3.842799642065583,0.0,-11.126423482539506,15.584291743684119,106.04976404389825,45.02449713269079,151.07426117658903
13.372000000001135,9.81,3.93,1,1,0.01,0.01,-5.2556976497862,11.47563509610535,4.693376599849613,-1.7291536995348555,-28.388406473103874,62.513325235864116,0.0,0.7927969815210156,0.48502843348072866,0.0,5.384635892858467,3.830188434298317,0.0,-11.353530442145775,15.961258454543673,105.63672601466054,45.4370250907607,151.07375110542125
13.374000000001136,9.81,3.93,1,1,0.01,0.01,-5.24636771004717,11.472301471598374,4.636543660011813,-1.6046405569703897,-28.44684767673949,62.00407400326567,0.0,0.8035683916712398,0.4926762105059622,0.0,5.38676111752838,3.817599141877819,0.0,-11.574588717285842,16.33213497187378,105.2253091972733,45.847951155900205,151.0732603531735
13.376000000001136,9.81,3.93,1,1,0.01,0.01,-5.237151562212632,11.469215871670885,4.579580195285289,-1.4811208236531461,-28.51878909019408,61.51971198547456,0.0,0.8143439819488809,0.5002988365061094,0.0,5.388815839623605,3.8050381826382798,0.0,-11.789754121509876,16.69702397341219,104.81553542604442,46.2572526972288,151.07278812327323
13.378000000001137,9.81,3.93,1,1,0.01,0.01,-5.228049493771958,11.466376358485235,4.5224600424581105,-1.3585459087431628,-28.603401582202945,61.059069198619014,0.0,0.8251236110375735,0.5078963742102859,0.0,5.390799721085095,3.7925115630386457,0.0,-11.9991787251894,17.05602428623158,104.40742586925813,46.664907772158756,151.0723336414169
13.380000000001138,9.81,3.93,1,1,0.01,0.01,-5.2190618429146385,11.463781089115027,4.465158648868673,-1.236869457613113,-28.69990328388915,60.62107829876315,0.0,0.835907136800981,0.5154688979718587,0.0,5.392712281726651,3.7800249043023753,0.0,-12.203011223935786,17.40923146470957,104.00100105240044,47.07089510138405,151.0718961537845
13.382000000001138,9.81,3.93,1,1,0.01,0.01,-5.2101889954019445,11.461428311273593,4.407652980497579,-1.116047153086907,-28.807557026277863,60.20476817334122,0.0,0.8466944160069116,0.5230164930224639,0.0,5.394552907521893,3.767583466698278,0.0,-12.401397280938447,17.75673833122758,103.59628087937008,47.47519404600328,151.07147492537337
13.384000000001139,9.81,3.93,1,1,0.01,0.01,-5.201431381617493,11.459316359427598,4.349921434867546,-0.9960365288520105,-28.92566808927146,59.80925816541139,0.0,0.8574853040675613,0.5305392547729351,0.0,5.396320858430757,3.7551921721994743,0.0,-12.594479845534522,18.098635482544758,103.19328465189365,47.87778458655079,151.07106923844444
13.38600000000114,9.81,3.93,1,1,0.01,0.01,-5.192789473787704,11.45744365127267,4.291943758160381,-0.8767967938415309,-29.053582230753815,59.43375287032576,0.0,0.8682796547949561,0.5380372881581055,0.0,5.398015275784161,3.7428556257310897,0.0,-12.782399450167471,18.43501176450038,102.7920310873366,48.2786473037312,151.0706783910678
13.38800000000114,9.81,3.93,1,1,0.01,0.01,-5.184263783364251,11.4558086845502,4.233700966019105,-0.7582886664954077,-29.190683968029166,59.07753745178732,0.0,0.879077320170733,0.545510707022867,0.0,5.399635189240486,3.7305781351945764,0.0,-12.96529448775443,18.765954717443044,102.39253833508539,48.67776336067389,151.07030169575927
13.390000000001141,9.81,3.93,1,1,0.01,0.01,-5.175854858561632,11.454410034186601,4.175175267555687,-0.6404742179094468,-29.33639508694242,58.73997343079132,0.0,0.8898781501294176,0.5529596335471938,0.0,5.401179523323059,3.7183637304362858,0.0,-13.143301471356663,19.09155099456181,101.99482399166023,49.07511448653992,151.06993847820013
13.392000000001142,9.81,3.93,1,1,0.01,0.01,-5.167563282043872,11.453246349738103,4.116349992131333,-0.5233167229680428,-29.49017335682256,58.42049490673252,0.0,0.900681992354371,0.5603841977081858,0.0,5.402647103543599,3.70621618131026,0.0,-13.3165552779356,19.411886755100824,101.59890511469979,49.47068296133165,151.06958807603144
13.394000000001142,9.81,3.93,1,1,0.01,0.01,-5.15938966875524,11.452316353126028,4.05720951851742,-0.40678051863262793,-29.651511431893475,58.118605175111675,0.0,0.9114886920855482,0.5677845367774372,0.0,5.404036662112955,3.6941390149694673,0.0,-13.485189377875807,19.72704803427095,101.20479823594714,49.86445160176825,151.0692498377154
13.396000000001143,9.81,3.93,1,1,0.01,0.01,-5.151334663890543,11.451618836648953,3.997739206081598,-0.2908308686243241,-29.81993592205072,57.83387371088496,0.0,0.9222980919382892,0.575160794852338,0.0,5.405346843236709,3.6821355325062597,0.0,-13.649336051867701,20.03712109152643,100.81251937335253,50.25640374810587,151.0689231214584
13.398000000001144,9.81,3.93,1,1,0.01,0.01,-5.14339894100131,11.451152661259714,3.9379253276757145,-0.1754338337969788,-29.99500661793859,57.565933490635366,0.0,0.9331100317322704,0.5825131224200819,0.0,5.406576207990301,3.6702088250505125,0.0,-13.809126596662535,20.342192738750825,100.42208404239865,50.646523251790285,151.06860729418895
13.400000000001144,9.81,3.93,1,1,0.01,0.01,-5.135583200234739,11.450916755096516,3.877755003930462,-0.06055614754661229,-30.176315857118905,57.314478630482796,0.0,0.9439243483297786,0.5898416759534361,0.0,5.407723238765031,3.6583617894234592,0.0,-13.964691521143266,20.642350649789776,100.03350726673976,51.034794463844634,151.06830173058438
13.402000000001145,9.81,3.93,1,1,0.01,0.01,-5.127888166702873,11.450910112258704,3.817216138686342,0.053834904353978044,-30.363488019824715,57.07926232004495,0.0,0.954740875482449,0.5971466175374278,0.0,5.408786343273668,3.6465971434360056,0.0,-14.116160734094391,20.93768365267893,99.64680358824133,51.42120222390058,151.0680058121419
13.404000000001146,9.81,3.93,1,1,0.01,0.01,-5.120314588979996,11.451131791818918,3.756297355311967,0.1677716000704752,-30.556179144359632,56.86009503585605,0.0,0.9655594436855474,0.6044281145263656,0.0,5.409763858101488,3.6349174409121088,0.0,-14.263663725002058,21.228282005840242,99.2619870764916,51.80573184979557,151.06771892628717
13.406000000001146,9.81,3.93,1,1,0.01,0.01,-5.112863237726687,11.451580917064492,3.694987933679109,0.2812858947168954,-30.754076653670595,56.65684302051641,0.0,0.9763798800389017,0.6116863392306789,0.0,5.410654051786185,3.6233250865110582,0.0,-14.407329739173543,21.51423765945905,98.87907133785548,52.188369127662824,151.0674404655183
13.408000000001147,9.81,3.93,1,1,0.01,0.01,-5.105534904439458,11.45225667496199,3.6332777475794833,0.3944095305799879,-30.956899185989048,56.46942701648805,0.0,0.9872020081135093,0.6189214686332748,0.0,5.411455127407313,3.6118223504163502,0.0,-14.547287948430032,21.79564450320423,98.49806952412636,52.56910030245223,151.0671698265786
13.410000000001148,9.81,3.93,1,1,0.01,0.01,-5.098330400325279,11.453158315839838,3.5711572023811384,0.5071741450584817,-31.16439652373782,56.29782124594268,0.0,0.9980256478227904,0.6261336841351817,0.0,5.41216522466363,3.6004113829537783,0.0,-14.6836676186004,22.07259860141619,98.11899434082791,52.94791206882522,151.06690640965314
13.412000000001148,9.81,3.93,1,1,0.01,0.01,-5.091250555300716,11.454285153284939,3.5086171727326825,0.6196113768026605,-31.376349616143585,56.142052630420906,0.0,1.0088506152974988,0.6333231713304202,0.0,5.41278242141397,3.5890942291975123,0.0,-14.816598275027124,22.34519841685826,97.74185805521232,53.32479156237551,151.0666496175878
13.414000000001149,9.81,3.93,1,1,0.01,0.01,-5.084296217115759,11.455636564250183,3.4456489401314974,0.7317529705295296,-31.592570692192595,56.00220024631095,0.0,1.0196767227631327,0.6404901198101156,0.0,5.41330473465483,3.5778728436191316,0.0,-14.9462098672843,22.61354502410808,97.36667250399111,53.69972635113248,151.0663988551236
13.41600000000115,9.81,3.93,1,1,0.01,0.01,-5.07746825060281,11.457211989370636,3.382244130177634,0.8436308809830481,-31.812903461739438,55.878395014340974,0.0,1.030503778418721,0.6476347229960004,0.0,5.413730120905024,3.56674910483241,0.0,-15.072632934308832,22.877742313654238,96.9934491008322,54.072704427310896,151.0661535281431
13.41800000000115,9.81,3.93,1,1,0.01,0.01,-5.070767537051612,11.459010933487198,3.318394649338316,0.9552773765074339,-32.037223403731176,55.770819623418156,0.0,1.0413315863157682,0.6547571780035437,0.0,5.414056475964957,3.555724830484719,0.0,-15.195998771153604,23.137897187759695,96.62219884365105,54.44371419927587,151.06591304292692
13.420000000001151,9.81,3.93,1,1,0.01,0.01,-5.064194973711291,11.461032966377404,3.2540926210488967,1.0667251427043387,-32.26543814165856,55.6797086912754,0.0,1.0521599462360447,0.6618576855350569,0.0,5.4142816340149515,3.5448017923447668,0.0,-15.31643959858912,23.39411974915716,96.25293232171461,54.81274448369763,151.06567680541224
13.422000000001152,9.81,3.93,1,1,0.01,0.01,-5.0577514734210025,11.463277723694024,3.189330320974742,1.1780073866517542,-32.49748790750363,55.60534916653087,0.0,1.0629886535669097,0.6689364498032149,0.0,5.414403366013673,3.533981731636454,0.0,-15.43408873680957,23.64652348365112,95.88565972257848,55.17978449787525,151.06544422045374
13.424000000001152,9.81,3.93,1,1,0.01,0.01,-5.051437964371043,11.465744908113068,3.124100111254802,1.2891579421738937,-32.73334609663032,55.54808097895016,0.0,1.0738174991726586,0.6759936784855229,0.0,5.4144193773541,3.5232663746685717,0.0,-15.549080784535892,23.89522543771757,95.52039083886591,55.54482385221279,151.0652146910787
13.426000000001153,9.81,3.93,1,1,0.01,0.01,-5.045255389996648,11.468434290693809,3.0583943735415304,1.4002113766671196,-32.973019917276154,55.508297946962294,0.0,1.0846462692604457,0.6830295827103985,0.0,5.4143273047301665,3.5126574488119973,0.0,-15.661551804861952,24.14034639221336,95.1571350748986,55.90785254283778,151.0649876177364
13.428000000001154,9.81,3.93,1,1,0.01,0.01,-5.03920470900707,11.47134571245443,2.9922054406432474,1.5112031000074286,-33.216551139558746,55.48644895383919,0.0,1.0954747452390772,0.6900443770755915,0.0,5.414124712162828,3.5021566988773642,0.0,-15.771639519249991,24.38201103333479,94.79590145317974,56.268860944353506,151.06476239753323
13.430000000001154,9.81,3.93,1,1,0.01,0.01,-5.033286895552943,11.474479086168046,2.9255255265639173,1.6221694760903036,-33.464016950232924,55.483039406453244,0.0,1.10630270356898,0.6970382796998056,0.0,5.413809086128964,3.4917659039495677,0.0,-15.879483511160732,24.620348121996756,94.43669862072979,56.62783980272257,151.06453842345235
13.432000000001155,9.81,3.93,1,1,0.01,0.01,-5.027502939535353,11.47783439838491,2.858346654721444,1.7331479375842018,-33.715530920826225,55.498632993192594,0.0,1.1171299156014902,0.7040115123085031,0.0,5.413377829730621,3.481486894739037,0.0,-15.985225440895196,24.85549066284057,94.07953485526872,56.98478022828307,151.06431508355178
13.434000000001156,9.81,3.93,1,1,0.01,0.01,-5.02185384706048,11.48141171168785,2.7906605841088696,1.8441771045149566,-33.97124409827202,55.53385376049652,0.0,1.1279561474054467,0.7109643003549759,0.0,5.41282825583557,3.4713215715142427,0.0,-16.089009273333602,25.087576074120943,93.72441807123454,57.33967368890169,151.06409176013622
13.436000000001156,9.81,3.93,1,1,0.01,0.01,-5.016340641044197,11.485211167189247,2.722458733143044,1.9552969073403763,-34.23134622876242,55.58938853060849,0.0,1.1387811595789996,0.7178968731779335,0.0,5.412157579112316,3.4612719226858637,0.0,-16.190981520386202,25.316746359768317,93.37135582562513,57.6925120032733,151.06386782889842
13.438000000001157,9.81,3.93,1,1,0.01,0.01,-5.010964361971504,11.489232987279253,2.6537321009221624,2.066548715222899,-34.49606712727912,55.665989686573866,0.0,1.1496047070442852,0.7248094641969528,0.0,5.411362906874244,3.451340044119422,0.0,-16.291291500117868,25.54314828497469,93.02035532364465,58.04328733437826,151.0636426580229
13.440000000001158,9.81,3.93,1,1,0.01,0.01,-5.005726068816296,11.493477478636366,2.584471185586801,2.1779754702639424,-34.76567820715847,55.76447835430106,0.0,1.1604265388225519,0.7317023111473787,0.0,5.410441228637316,3.4415281592615754,0.0,-16.39009161468302,25.76693355670543,92.67142342413277,58.39199218311608,151.06341560724886
13.442000000001158,9.81,3.93,1,1,0.01,0.01,-5.000626840127581,11.497945035513132,2.514665899448309,2.289621828527337,-35.040494186128406,55.88574801570107,0.0,1.1712463977870011,0.7385756563563514,0.0,5.409389404284618,3.4318386401740324,0.0,-16.487537649404075,25.988259010600604,92.32456664474904,58.73861938213399,151.06318602688305
13.444000000001159,9.81,3.93,1,1,0.01,0.01,-4.995667775288981,11.502636143311415,2.444305480513281,2.40153430875188,-35.32087498755702,56.03076859160699,0.0,1.1820640203904895,0.7454297470618972,0.0,5.4082041507177365,3.4222740295802154,0.0,-16.58378909555822,26.207286805792968,91.97979116688326,59.083162089875806,151.06295325675907
13.44600000000116,9.81,3.93,1,1,0.01,0.01,-4.990849995959124,11.507551382463607,2.373378399992847,2.5137614497355614,-35.60722785820584,56.20059103841308,0.0,1.1928791363649036,0.7522648357772349,0.0,5.406882026859925,3.412837064041775,0.0,-16.679009499698655,26.424184629238056,91.63710284025365,59.42561378488048,151.06271662513413
13.44800000000116,9.81,3.93,1,1,0.01,0.01,-4.9861746477014135,11.512691432638151,2.3018722653401373,2.6263539774676876,-35.90000972663143,56.39635250826714,0.0,1.2036914683887614,0.7590811807026512,0.0,5.405419416858791,3.4035306983963527,0.0,-16.77336684263945,26.639125911224625,91.29650718715303,59.7659682603622,151.06247544751523
13.450000000001161,9.81,3.93,1,1,0.01,0.01,-4.981642901812611,11.518057077290067,2.2297737183078565,2.73936498319129,-36.1997298295709,56.619282129289786,0.0,1.2145007317193044,0.7658790461876631,0.0,5.403812511316089,3.3943581316043407,0.0,-16.867033951580655,26.852290053808957,90.95800940629567,60.10421961911244,151.0622290254081
13.452000000001162,9.81,3.93,1,1,0.01,0.01,-4.977255957360749,11.52364920857959,2.1570683274597213,2.8528501136985103,-36.50695263723643,56.870707469805915,0.0,1.2253066337848895,0.7726587032463869,0.0,5.402057286349442,3.3853228341705623,0.0,-16.960188949245637,27.06386267399619,90.62161437621306,60.44036226876494,151.06197664497802
13.454000000001162,9.81,3.93,1,1,0.01,0.01,-4.973015043444092,11.529468832684836,2.0837404745036894,2.9668677752979544,-36.82230111249411,57.15206175908823,0.0,1.2361088737331816,0.7794204301295122,0.0,5.400149480263979,3.3764285773285088,0.0,-17.053015744361556,27.27403586357211,90.2873266581368,60.77439091747566,151.06171757561248
13.456000000001163,9.81,3.93,1,1,0.01,0.01,-4.9689214216841835,11.53551707553738,2.0097732337404826,3.0814793530474707,-37.146460343486474,57.46489194679017,0.0,1.2469071419300792,0.7861645129565503,0.0,5.3980845675814635,3.3676794641985746,0.0,-17.145704568334715,27.483008467572255,89.95515049830514,61.10630057007075,151.0614510683759
13.458000000001164,9.81,3.93,1,1,0.01,0.01,-4.964976388967542,11.54179518901302,1.9351482438366847,3.1967494470209448,-37.480181594461136,57.81086769426681,0.0,1.2577011194038448,0.7928912464125982,0.0,5.395857730138648,3.359079963159946,0.0,-17.23845256357637,27.690986383456,89.62508982961455,61.43608652472824,151.0611763543428
13.460000000001164,9.81,3.93,1,1,0.01,0.01,-4.961181280452209,11.548304557613742,1.8598455710363944,3.3127461275763856,-37.82428682548762,58.19179140355657,0.0,1.2684904772282106,0.7996009345142601,0.0,5.393463824925744,3.3506349437071705,0.0,-17.331464429623722,27.89818288313424,89.29714827253348,61.76374437026196,151.06089264279544
13.462000000001165,9.81,3.93,1,1,0.01,0.01,-4.957537472857255,11.555046705681008,1.7838435628174374,3.429541211818173,-38.17967373849575,58.60960940417264,0.0,1.2792748758376133,0.8062938914500278,0.0,5.3908973482877505,3.3423497150993784,0.0,-17.424953133999352,28.10481896007175,88.9713291351822,62.08926998408984,151.06059911927204
13.464000000001166,9.81,3.93,1,1,0.01,0.01,-4.95404638805545,11.562023305185207,1.7071186908757494,3.54721056370271,-38.547321414783646,59.06642443430958,0.0,1.2900539642668487,0.8129704425010471,0.0,5.388152396055889,3.3342300681518346,0.0,-17.519140695669552,28.311123703750823,88.647635412471,62.412659530976995,151.060294943448
13.466000000001166,9.81,3.93,1,1,0.01,0.01,-4.950709496991667,11.569236184141198,1.6296453821826056,3.6658344205283644,-38.92829661797628,59.56450957194412,0.0,1.3008273793065095,0.8196309250489251,0.0,5.385222619111613,3.3262823205677243,0.0,-17.614259050022085,28.51733470383247,88.3260697841742,62.73390946265637,151.05997924683055
13.468000000001167,9.81,3.93,1,1,0.01,0.01,-4.947528323952264,11.576687335705758,1.5513958367015288,3.7854977488827,-39.323760846544005,60.106323792975516,0.0,1.3115947445645189,0.826275689678115,0.0,5.382101173809835,3.318513366263831,0.0,-17.71055100551142,28.723698486379327,88.00663461180255,63.053016518444146,151.0596511302467
13.470000000001168,9.81,3.93,1,1,0.01,0.01,-4.9445044512136835,11.584378928019213,1.4723398301721264,3.906290633498608,-39.73497823162407,60.69452935846741,0.0,1.3223556694228542,0.8329051013813848,0.0,5.378780666599369,3.3109307292081054,0.0,-17.80827130354149,28.93047098450024,87.689331934116,63.36997772698431,151.05930966110031
13.472000000001168,9.81,3.93,1,1,0.01,0.01,-4.941639524101895,11.592313314860903,1.3924445001635672,4.028308702903048,-40.16332438926416,61.33201126172049,0.0,1.3331097478770677,0.8395195408779385,0.0,5.375253092074877,3.3035426223612436,0.0,-17.907687794805547,29.137918045730657,87.37416346109787,63.684790409273035,151.05895387037089
13.474000000001169,9.81,3.93,1,1,0.01,0.01,-4.938935256498131,11.600493047196327,1.311674113367141,4.151653596235803,-40.61029635160708,62.021898998940344,0.0,1.3438565572446375,0.8461194060550978,0.0,5.3715097635721785,3.296358012401077,0.0,-18.00908274722529,29.346315978353683,87.06113056618517,63.99745218313962,151.05858274932478
13.47600000000117,9.81,3.93,1,1,0.01,0.01,-4.936393436830695,11.608920885703169,1.2299898118309958,4.276433476180346,-41.07752371927987,62.76759096534951,0.0,1.354595656726227,0.8527051135458587,0.0,5.367541235274926,3.2893866910088665,0.0,-18.11275430287043,29.555952138677373,86.75023427652049,64.30796096938387,151.05819524590436
13.47800000000117,9.81,3.93,1,1,0.01,0.01,-4.934015934597488,11.61759981437389,1.1473493355356608,4.402763593595439,-41.56678119770793,63.57278182252763,0.0,1.3653265858016757,0.859277100456297,0.0,5.363337214630685,3.2826393536134333,0.0,-18.219018103855774,29.767125560984432,86.44147526095495,64.61631499980058,151.05779026075552
13.480000000001171,9.81,3.93,1,1,0.01,0.01,-4.931804707469476,11.626533055304494,1.0637067183605051,4.530766910177168,-42.08000270367244,64.44149323347342,0.0,1.3760488624400207,0.8658358262588011,0.0,5.358886463672583,3.2761276866263245,0.0,-18.328209110279772,29.980147631419726,86.13485381549006,64.92251282736134,151.0573666428514
13.482000000001172,9.81,3.93,1,1,0.01,0.01,-4.9297618090315884,11.635724084792557,0.9790119540920946,4.66057478633113,-42.619297255647396,65.37810842040602,0.0,1.3867619810997065,0.872381774869214,0.0,5.3541766876038075,3.2698644643609134,0.0,-18.440683636862843,30.195342806438145,85.8303698457978,65.22655333886121,151.056923184659
13.484000000001172,9.81,3.93,1,1,0.01,0.01,-4.927889397224682,11.645176650882917,0.8932106286677177,4.792327742410439,-43.18696689284238,66.387411067859,0.0,1.397465410491701,0.878915456928666,0.0,5.349194408716587,3.2638636570172226,0.0,-18.55682163917875,30.413049375524864,85.52802284640103,65.5284357703951,151.05645861679614
13.486000000001173,9.81,3.93,1,1,0.01,0.01,-4.926189743560353,11.654894792516822,0.8062435143222231,4.92617630259625,-43.78552690403761,67.47462917147999,0.0,1.4081585910739196,0.8854374123137414,0.0,5.343924823377041,3.2581405513352766,0.0,-18.677029285359545,30.63362026664825,85.22781187602487,65.82815972608347,151.05597160210834
13.488000000001174,9.81,3.93,1,1,0.01,0.01,-4.924665243189603,11.664882860460189,0.7180461207035236,5.062281931985835,-44.41772868891526,68.64548452262729,0.0,1.4188409322405113,0.8919482129021611,0.0,5.338351639398704,3.2527118857819595,0.0,-18.801741855055997,30.85742389119108,84.92973552855015,66.12572520054331,151.05546072909345
13.490000000001174,9.81,3.93,1,1,0.01,0.01,-4.923318425916932,11.675145540209124,0.628548197330084,5.200818078934002,-45.086585622365476,69.90624862190694,0.0,1.4295118091637204,0.8984484656251637,0.0,5.332456890636842,3.24759600244613,0.0,-18.931427014425854,31.084845022787942,84.63379189890242,66.42113260568543,151.05492450458786
13.492000000001175,9.81,3.93,1,1,0.01,0.01,-4.922151968263454,11.685687877096699,0.5376731809693414,5.341971336395257,-45.795402346929535,71.26380593288597,0.0,1.4401705592390983,0.9049388158424875,0.0,5.326220725043662,3.242813018184457,0.0,-19.06658852422554,31.316285701377193,84.33997854308976,66.71438280252367,151.05436134561342
13.494000000001176,9.81,3.93,1,1,0.01,0.01,-4.92116870669636,11.696515303854312,0.445337580604779,5.48594273796824,-46.547807980852866,72.72572552197444,0.0,1.4508164780766273,0.911419951081333,0.0,5.319621161708424,3.2383850179981017,0.0,-19.20777044796879,31.552166149600307,84.04829243146548,67.0054771388061,151.05376957027158
13.496000000001176,9.81,3.93,1,1,0.01,0.01,-4.920371652157743,11.70763367091458,0.35145029161539193,5.632949206585543,-47.34779379977844,74.30034228334168,0.0,1.4614488149705844,0.9178926051872238,0.0,5.3126338115365535,3.2343362741432635,0.0,-19.355561938921507,31.79292568310405,83.75872989412017,67.29441749343226,151.05314738755243
13.498000000001177,9.81,3.93,1,1,0.01,0.01,-4.91976400604372,11.719049279781121,0.25591182959759906,5.783225176358172,-48.19975602931124,75.99684911972379,0.0,1.4720667677691495,0.9243575629421978,0.0,5.305231555162754,3.230693495103082,0.0,-19.510602698821412,32.039023588874464,83.4712865571029,67.58120632880102,151.05249288590392
13.500000000001178,9.81,3.93,1,1,0.01,0.01,-4.9193491778052465,11.730768919834441,0.15861347289894082,5.937024411013477,-49.10854447350346,77.82540164127046,0.0,1.482669477050807,0.9308156652148563,0.0,5.297384170397391,3.227486109299258,0.0,-19.67358921815355,32.29093993584221,83.18595726792297,67.8658467524615,151.05180402038445
13.502000000001178,9.81,3.93,1,1,0.01,0.01,-4.919130804365414,11.742799908993296,0.05943630138853524,6.09462204569568,-50.07951779996685,79.7972371538054,0.0,1.4932560194975748,0.9372678147173316,0.0,5.2890578999161875,3.2247465893236322,0.0,-19.84528192816956,32.549176268844235,82.9027360084806,68.14834258970966,151.05107859819026
13.504000000001179,9.81,3.93,1,1,0.01,0.01,-4.919112771574658,11.755150138708121,-0.04174988275265039,6.2563168826617845,-51.11860640379577,81.92480993115011,0.0,1.503825400334657,0.9437149824569185,0.0,5.280214947945506,3.222510823558702,0.0,-20.026513419364587,32.814256119513665,82.6216157932066,68.42869846911046,151.05031426231704
13.50600000000118,9.81,3.93,1,1,0.01,0.01,-4.919299237955653,11.767828123828316,-0.1450877683861438,6.4224339756235045,-52.2323838757601,84.22194499547876,0.0,1.5143765446812556,0.9501582149850948,0.0,5.270812892275558,3.2208185433717738,0.0,-20.218197910720733,33.08672524433638,82.34258854973439,68.7069199233377,151.04950847307208
13.50800000000118,9.81,3.93,1,1,0.01,0.01,-4.919694661024145,11.780843057959313,-0.25073390122942807,6.593327542156776,-53.42814819807429,86.70401285040037,0.0,1.5249082876270692,0.9565986425645954,0.0,5.2608039949311,3.2197138156624465,0.0,-20.42134218980388,33.36715146897965,82.0656449788759,68.98301350823434,151.04865848711023
13.510000000001181,9.81,3.93,1,1,0.01,0.01,-4.920303826510859,11.794204875009154,-0.3588602227735841,6.769384248684183,-54.714013871246706,89.38812779863237,0.0,1.5354193628120378,0.963037488396635,0.0,5.250134391088845,3.2192456124797473,0.0,-20.637058287103454,33.65612397637725,81.7907743899784,69.25698694362808,151.04776133360647
13.512000000001182,9.81,3.93,1,1,0.01,0.01,-4.9211318808533875,11.807924317718733,-0.4696558054074917,6.9510269179273285,-56.0990162180362,92.29337258853228,0.0,1.545908389241508,0.9694760790760695,0.0,5.2387431311549575,3.2194684717810764,0.0,-20.866578200457678,33.95425182029514,81.51796450688896,69.52884928022576,151.04681378711473
13.514000000001182,9.81,3.93,1,1,0.01,0.01,-4.922184367375653,11.8220130140751,-0.5833288093300203,7.138718714214936,-57.593229083337896,95.44105210516,0.0,1.5563738560132296,0.9759158564732725,0.0,5.2265610450473385,3.2204432662763107,0.0,-21.111271048962934,34.2621613711975,81.24720123868902,69.79861109789798,151.045812336587
13.516000000001183,9.81,3.93,1,1,0.01,0.01,-4.92346726662605,11.836483562623341,-0.7001086891460534,7.332967867239109,-59.20789700120871,98.85497854684608,0.0,1.566814104563479,0.9823583912787271,0.0,5.213509390336474,3.222238100800433,0.0,-21.3726631127042,34.58049230033682,80.97846840803447,70.06628474190374,151.04475314993823
13.518000000001184,9.81,3.93,1,1,0.01,0.01,-4.924987041403121,11.851349627818184,-0.8202486798776287,7.534332999131606,-60.95558255294314,102.56178984259527,0.0,1.5772273079538954,0.9888053984914054,0.0,5.199498236556246,3.2249293629276465,0.0,-21.65246130761671,34.90989157165651,80.71174742826625,70.33188460517087,151.04363203343712
13.520000000001184,9.81,3.93,1,1,0.01,0.01,-4.926750687058163,11.866626046689026,-0.9440285929641098,7.743429122023947,-62.85032896977547,106.59130171201296,0.0,1.5876114466138267,0.9952587551864752,0.0,5.184424526149603,3.2286029567428747,0.0,-21.95258075672448,35.25100472628543,80.44701691836215,70.59542746673367,151.04244438509582
13.522000000001185,9.81,3.93,1,1,0.01,0.01,-4.92876578772471,11.882328948225766,-1.0717579518515725,7.960934371853255,-64.90783684919113,110.97689134863757,0.0,1.5979642798192888,1.0017205209638365,0.0,5.168169737446977,3.2333557560130255,0.0,-22.275177252954087,35.6044634930425,80.18425224214036,70.85693289895485,151.0411851410952
13.524000000001186,9.81,3.93,1,1,0.01,0.01,-4.93104057918061,11.898475887017927,-1.2037794926785264,8.187597536371936,-67.14565185933935,115.75590660150692,0.0,1.6082833120219293,1.0081929615589686,0.0,5.1505970558653456,3.2392973206623368,0.0,-22.622685567496717,35.97086841534237,79.92342495475832,71.11642375939603,151.03984871415435
13.526000000001186,9.81,3.93,1,1,0.01,0.01,-4.933584019091286,11.915085992779272,-1.3404730463088002,8.424246416855688,-69.5833570448298,120.9700877822595,0.0,1.6185657529299795,1.0146785761943276,0.0,5.131547934980402,3.2465519296702654,0.0,-22.99786474306707,36.350764715237595,79.66450213525627,71.37392678735469,151.03842892261096
13.528000000001187,9.81,3.93,1,1,0.01,0.01,-4.936405865399366,11.932180137436907,-1.4822598003548442,8.671797027226306,-72.24275811406935,126.66597835827649,0.0,1.628808469976164,1.0211801293664784,0.0,5.110837897761467,3.255260994470272,0.0,-23.4038517227399,36.74460897032735,79.40744557841195,71.62947333044923,151.0369189088612
13.530000000001188,9.81,3.93,1,1,0.01,0.01,-4.939516763595045,11.949781121413654,-1.629606908921676,8.931263570855942,-75.14804179484256,132.89528352328125,0.0,1.6390079314692545,1.0277006879048898,0.0,5.088251388192451,3.2655859297359213,0.0,-23.844224896638853,37.15272329107166,79.15221081214432,71.88310023358025,151.03531104572457
13.532000000001188,9.81,3.93,1,1,0.01,0.01,-4.942928343489409,11.967913880514821,-1.783032365904289,9.20376902812241,-78.3258743125278,139.71510844148685,0.0,1.6491601382968808,1.0342436643064032,0.0,5.063535432449447,3.2777115729892987,0.0,-24.32307938525369,37.57523246049046,78.8987458976857,72.13485093162454,151.03359682931023
13.534000000001189,9.81,3.93,1,1,0.01,0.01,-4.94665332586668,11.986605714335035,-1.943109972911968,9.490556011946602,-81.80538668979361,147.18796540974566,0.0,1.6592605415026331,1.0408128675479937,0.0,5.036391804112757,3.291850260211594,0.0,-24.84511608638941,38.011977805356956,78.64698995814939,72.38477679898733,151.03176675713672
13.53600000000119,9.81,3.93,1,1,0.01,0.01,-4.95070563892805,12.005886536154335,-2.110474096939911,9.792997265602553,-85.61796192205516,155.3813729352919,0.0,1.669303942370211,1.0474125628105388,0.0,5.006467306730659,3.3082466801927994,0.0,-25.415746627519688,38.462399230583316,78.39687136622908,72.63293882449753,151.0298101907266
13.53800000000119,9.81,3.93,1,1,0.01,0.01,-4.955100543630999,12.025789142626328,-2.28582369755606,10.112604727817253,-89.79669010109568,164.3667670572251,0.0,1.6792843707759155,1.0540475418051145,0.0,4.97334168695464,3.3271836427895023,0.0,-26.041216264970892,38.92537362951163,78.14830550267621,72.87940970019247,151.02771520286868
13.540000000001191,9.81,3.93,1,1,0.01,0.01,-4.95985476567473,12.046349498757554,-2.4699247654339054,10.451035383805616,-94.3752821145548,174.2172869303382,0.0,1.6891949364787542,1.0607232056691855,0.0,4.936512571544394,3.3489888998238806,0.0,-26.72874623588814,39.39899347591764,77.90119197284277,73.12427643867429,151.02546841151707
13.542000000001192,9.81,3.93,1,1,0.01,0.01,-4.964986629678396,12.067607029093956,-2.663609787955895,10.810091019460167,-99.3861171219432,185.00375424533905,0.0,1.699027646667486,1.0674456626654902,0.0,4.89537668505188,3.374043141350126,0.0,-27.486695709067725,39.88026343653753,77.65541113776185,73.36764366759624,151.02305480535807
13.544000000001192,9.81,3.93,1,1,0.01,0.01,-4.970516187575953,12.089604898683886,-2.8677720450694246,11.19170729255669,-104.85692418566278,196.78779852208572,0.0,1.7087731814535294,1.0742218431145858,0.0,4.849206464458528,3.402789235105522,0.0,-28.32474061965309,40.364684917863705,77.41081977780149,73.60963779328966,151.02045757109116
13.546000000001193,9.81,3.93,1,1,0.01,0.01,-4.976465327701768,12.112390255788961,-3.08335129563274,11.597924926186291,-110.80533785378056,209.61053197879312,0.0,1.7184206171073604,1.0810596340134513,0.0,4.797121074127817,3.435742649076864,0.0,-29.254061152905088,40.84568828172594,77.16724566006043,73.85041228023724,151.01765794029768
13.548000000001194,9.81,3.93,1,1,0.01,0.01,-4.982857842411419,12.136014390248103,-3.311305538174039,12.03083188751936,-117.2301890839388,223.47438063385317,0.0,1.7279570848015666,1.0879680354371541,0.0,4.738050808443148,3.4735027375548375,0.0,-30.287519522133827,41.31386015794619,76.92448072562426,74.09015435974464,151.01463508536892
13.550000000001194,9.81,3.93,1,1,0.01,0.01,-4.98971941884864,12.160532733656405,-3.5525607534352757,12.492459575593907,-124.09786723475435,238.31456978785747,0.0,1.7373673507674536,1.0949573397330017,0.0,4.670694090791791,3.516764081327563,0.0,-31.439791792787606,41.75590012477144,76.68227255218645,74.32909355765067,151.01136610983713
13.552000000001195,9.81,3.93,1,1,0.01,0.01,-4.997077497528312,12.186004585662157,-3.8079265558230877,12.984607662014136,-131.3214156680524,253.95534004068998,0.0,1.7466333028163274,1.1020393320872788,0.0,4.5934670053696545,3.566326193293488,0.0,-32.72738685984446,42.15323096226169,76.44031368871002,74.56751250867791,151.00782619738794
13.554000000001196,9.81,3.93,1,1,0.01,0.01,-5.004960914093559,12.212492389085813,-4.077960273586732,13.508560829840073,-138.72929998400903,270.0444365370843,0.0,1.7557333295907114,1.1092275062633559,0.0,4.504447023890692,3.623098387335966,0.0,-34.16843499515338,42.4801892940285,76.1982284180504,74.80576058183439,151.0039889998848
13.556000000001196,9.81,3.93,1,1,0.01,0.01,-5.013399198138529,12.240060289320533,-4.362755329695713,14.064646616272883,-146.02036304458727,285.95849966984633,0.0,1.7646415854841475,1.1165372805816902,0.0,4.401316157527722,3.688094120894948,0.0,-35.78204830626065,42.70175928199105,75.95555651328023,75.04427082819257,150.99982734147278
13.558000000001197,9.81,3.93,1,1,0.01,0.01,-5.022421347958864,12.268771597538104,-4.661623282439032,14.651569754154686,-152.7022627803159,300.6735953518209,0.0,1.7733271508591097,1.1239861842072856,0.0,4.281315506793706,3.7624052770490533,0.0,-37.586937634899535,42.7709210198105,75.71173367567174,75.28358058197011,150.99531425764184
13.560000000001198,9.81,3.93,1,1,0.01,0.01,-5.032053835268281,12.298684640384062,-4.972636664100132,15.265453538343476,-158.0146513200761,312.60340529220315,0.0,1.7817531321144693,1.1315939595785731,0.0,4.141234889559658,3.8471414602392384,0.0,-39.59881789824607,42.62593615555231,75.46606869373406,75.52435552061283,150.9904242143469
13.562000000001198,9.81,3.93,1,1,0.01,0.01,-5.0423175363375,12.32984635672447,-5.292011470926779,15.898543063829436,-160.84907330413267,319.4300764147234,0.0,1.7898758109644317,1.1393824907649317,0.0,3.9774794946295513,3.9433131119728047,0.0,-41.82598745558237,42.18838391049862,75.21771816961142,75.76741583019214,150.98513399980357
13.564000000001199,9.81,3.93,1,1,0.01,0.01,-5.053223280199752,12.362282987998766,-5.6133520626242275,16.53761707396632,-159.6998255974892,317.9994956671211,0.0,1.7976440597601715,1.147375420501549,0.0,3.7862794196815948,4.0516330904779565,0.0,-44.26245820237198,41.363576319391704,74.96566137015793,76.01376093594192,150.97942230609985
13.5660000000012,9.81,3.93,1,1,0.01,0.01,-5.064765840460315,12.395987491771923,-5.92688352582921,17.162369790528583,-152.71576690540414,304.42794487638383,0.0,1.8049993936106592,1.1555972716782494,0.0,3.5641285966497254,4.172216890243014,0.0,-46.87843658957232,40.046042861734776,74.70868122206019,76.26458570344514,150.97326692550533
13.5680000000012,9.81,3.93,1,1,0.01,0.01,-5.076916613935678,12.430904180762283,-6.218975161876197,17.74439939217976,-137.9591325027762,274.64312780311593,0.0,1.811877200675109,1.1640718744138312,0.0,3.3085313442482294,4.304190605910259,0.0,-49.609280863434684,38.133501912510255,74.44536391190493,76.52127630394969,150.96664021585462
13.570000000001201,9.81,3.93,1,1,0.01,0.01,-5.089616055502242,12.466912823340984,-6.472473778706929,18.247892330717228,-113.96598395290785,225.55900701488022,0.0,1.8182097768369536,1.1728199791892884,0.0,3.019051104072262,4.4452826497215145,0.0,-52.34663245069369,35.55165575458566,74.17413921807417,76.78536981546571,150.9595090335399
13.572000000001202,9.81,3.93,1,1,0.01,0.01,-5.102768100101638,12.503816882401546,-6.668442989524897,18.633257258063036,-80.56299163281811,156.79032316710882,0.0,1.8239315933296605,1.1818561831654988,0.0,2.698454616956905,4.591573736644529,0.0,-54.938530924113984,32.287215870640445,73.89339089291784,77.05846239112554,150.95185328404338
13.574000000001202,9.81,3.93,1,1,0.01,0.01,-5.116239727545821,12.5413425167846,-6.789539082085889,18.864196315366744,-39.601710805618474,72.19591094371394,0.0,1.8289865401610221,1.1911857191676456,0.0,2.3534703717693435,4.737646923929935,0.0,-57.20603604299036,28.4176328618992,73.60165266122104,77.34206236376467,150.9437150249857
13.576000000001203,9.81,3.93,1,1,0.01,0.01,-5.12986840579002,12.579154095374633,-6.824292138513522,18.916681985501107,4.9707803969078865,-19.96990557573249,0.0,1.8333357696365478,1.2008020806597677,0.0,1.994553385536712,4.877298043640989,0.0,-58.977998990358195,24.11883926424625,73.29784973943856,77.63740891137424,150.93525865081278
13.578000000001204,9.81,3.93,1,1,0.01,0.01,-5.1434775598414175,12.616886544736735,-6.770506975339974,18.786092466536413,48.07158276567671,-109.06904839106244,0.0,1.8369638055684445,1.2106865192214986,0.0,1.634362371079417,5.004681554104026,0.0,-60.13328638438159,19.63752927204381,72.98147438420585,77.94530378581771,150.92677817002357
13.580000000001204,9.81,3.93,1,1,0.01,0.01,-5.156896349466737,12.654186739256357,-6.635951847825102,18.48865850341164,85.10040468550224,-185.4749578501411,0.0,1.8398806803618841,1.2208098885974756,0.0,1.2853796918432816,5.11544640598363,0.0,-60.63048941798921,15.234877588247713,72.65259337989983,78.26601210378078,150.9186054836806
13.582000000001205,9.81,3.93,1,1,0.01,0.01,-5.169977612533253,12.690751046941074,-6.435933013592923,18.056377159648108,113.26730626757899,-243.35767541858317,0.0,1.8421193188453298,1.231136340697836,0.0,0.9576763205580978,5.207369458561896,0.0,-60.51027090009734,11.128316139792899,72.3117115709299,78.59926497770135,150.91097654863125
13.584000000001206,9.81,3.93,1,1,0.01,0.01,-5.1826089030846125,12.72634839471682,-6.1891403166701195,17.528300750603098,131.94465033395494,-281.42021041479404,0.0,1.8437293425667498,1.2416276474799284,0.0,0.6576926669344272,5.28030114500825,0.0,-59.87240889439091,7.457461837904123,71.95961425398748,78.94435427287554,150.90396852686303
13.586000000001206,9.81,3.93,1,1,0.01,0.01,-5.1947151812507615,12.760825833720654,-5.9137453076895525,16.942360415888086,142.1415171968152,-301.7933436141546,0.0,1.844769604049381,1.2522469028679672,0.0,0.3882247623189441,5.335618552527611,0.0,-58.842738596737824,4.281454526971844,71.5972631017914,79.30027702824866,150.89754013004006
13.588000000001207,9.81,3.93,1,1,0.01,0.01,-5.20625506145304,12.794100613725593,-5.624965079567843,16.33026876220974,145.6653378965678,-308.275430882194,0.0,1.8453015481326676,1.2629609259778174,0.0,0.1492089311978435,5.375534935839147,0.0,-57.54509995157573,1.5972815658219395,71.22572772753166,79.66588186916186,150.8916095966935
13.590000000001208,9.81,3.93,1,1,0.01,0.01,-5.217213813284616,12.82614547345226,-5.334199803002587,15.715724874082822,144.43732161676024,-304.89667900202045,0.0,1.8453844778091493,1.2737413422433257,0.0,-0.06124926216744542,5.402524594929876,0.0,-56.08497051359137,-0.6358440396299561,70.84611958227424,80.03998626671114,150.88610584898538
13.592000000001208,9.81,3.93,1,1,0.01,0.01,-5.227595802549552,12.856972783275564,-5.049233102077875,15.114846779398292,140.11540366003774,-295.1298141940236,0.0,1.845072815358689,1.284564696767128,0.0,-0.2459760608114866,5.418955677126316,0.0,-54.543822659162046,-2.475841368463779,70.45952696206113,80.42145470917619,150.88098167123732
13.59400000000121,9.81,3.93,1,1,0.01,0.01,-5.237417900550971,12.886620739702922,-4.774916146935173,14.537614879115425,133.9691363615109,-281.62963258449986,0.0,1.8444149204359714,1.2954120209765465,0.0,-0.4080978503705336,5.426909319919538,0.0,-52.98017328989077,-3.9840530875469558,70.06696520637925,80.8092420598956,150.87620726627483
13.59600000000121,9.81,3.93,1,1,0.01,0.01,-5.2467043997290705,12.915142732673303,-4.513942810391608,13.989502619262575,126.89606159278627,-266.26907753764675,0.0,1.843452914498152,1.3062681753285044,0.0,-0.5506641557929943,5.428123881374054,0.0,-51.433577911310216,-5.217756333294178,69.66934905404402,81.2024117426019,150.8717607966459
13.59800000000121,9.81,3.93,1,1,0.01,0.01,-5.255483399161564,12.942599802301288,-4.267525920746915,13.472896719824616,119.49340156284303,-250.29085907488883,0.0,1.842223058992487,1.317121161557116,0.0,-0.6764575120556238,5.424007456382197,0.0,-49.9292195683222,-6.226944914746497,69.26748416439092,81.60013818432778,150.8676223487187
13.600000000001211,9.81,3.93,1,1,0.01,0.01,-5.263784388988755,12.969055611784528,-4.035917294592873,12.98818773366843,112.1375866964656,-234.47503036159094,0.0,1.8407563825499038,1.3279614984518864,0.0,-0.7879209945201254,5.415680064181327,0.0,-48.48198540148229,-7.053587675257311,68.86207091900441,82.00170062672413,150.86377154572853
13.602000000001212,9.81,3.93,1,1,0.01,0.01,-5.271636722092237,12.994573279639948,-3.8187788534776272,12.534547110702325,105.05204236414905,-219.28156834658387,0.0,1.8390793774016019,1.3387816947258109,0.0,-0.8871515037255423,5.404023672635098,0.0,-47.09968315544863,-7.732119114862788,68.45371433476956,82.40647295350797,150.86018728827753
13.604000000001212,9.81,3.93,1,1,0.01,0.01,-5.279068703370666,13.019213504029024,-3.6154345827602197,12.110453795429182,98.35851577499113,-204.9581854766258,0.0,1.8372146707294683,1.3495758214546347,0.0,-0.9759253832379227,5.389729545096678,0.0,-45.78541455304055,-8.290424940715974,68.04293604417501,82.8139122793745,150.8568483235495
13.606000000001213,9.81,3.93,1,1,0.01,0.01,-5.286107090746105,13.043033546718101,-3.4250352846810816,11.714037761260442,92.11345118132756,-191.6166353743471,0.0,1.8351816285214948,1.3603391731962031,0.0,-1.0557369180209402,5.373338860966201,0.0,-44.539254513899074,-8.75093429022991,67.63018615923826,83.22354777723588,150.85373393647416
13.608000000001214,9.81,3.93,1,1,0.01,0.01,-5.292776861265402,13.066086769046914,-3.2466628009156997,11.343296649519752,86.33272275359926,-179.28452231078904,0.0,1.8329968782871284,1.3710680028363809,0.0,-1.1278393312070099,5.355275813086607,0.0,-43.35940577634995,-9.131638578321164,67.2158540382517,83.6349704476283,150.85082448588003
13.610000000001214,9.81,3.93,1,1,0.01,0.01,-5.2991011422659575,13.088422510346827,-3.079393651266328,10.996227457916419,81.00797823075726,-167.9394805705445,0.0,1.8306747516126198,1.3817593154657373,0.0,-1.193283274730969,5.335873804851442,0.0,-42.242975947866974,-9.44696942188191,66.80027763559977,84.04782409433622,150.848101729936
13.612000000001215,9.81,3.93,1,1,0.01,0.01,-5.305101241356475,13.110086170247731,-2.922336137101838,10.670902785982882,76.11720249146308,-157.53122100810663,0.0,1.8282276540948152,1.3924107085249458,0.0,-1.252950787227331,5.315395848942231,0.0,-41.18649086381302,-9.708523620346202,66.38375143570721,84.4617975365784,150.8455489722856
13.614000000001216,9.81,3.93,1,1,0.01,0.01,-5.310796732322177,13.131119405348123,-2.7746504532800738,10.365511659230389,71.6314092874998,-147.99546036179447,0.0,1.8256663724336752,1.4030202477913345,0.0,-1.3075842363395007,5.294050312798972,0.0,-40.18622738790597,-9.925647537452086,65.96653310661299,84.87661797475326,150.84315108136624
13.616000000001216,9.81,3.93,1,1,0.01,0.01,-5.3162055697470985,13.151560383605064,-2.6355581416139127,10.078378200865606,67.5187884136275,-139.26252336556723,0.0,1.8230003285537433,1.4135863709664265,0.0,-1.35781049710705,5.2720030248982415,0.0,-39.23842429119992,-10.105901711533988,65.54884905006944,85.29204538038273,150.84089443045218
13.618000000001217,9.81,3.93,1,1,0.01,0.01,-5.321344215468708,13.171444061413677,-2.5043450192563075,9.807966798202948,63.74720436420206,-131.262499274677,0.0,1.8202377897522277,1.42410781247492,0.0,-1.4041609178394785,5.249386575936208,0.0,-38.33941170619916,-10.255427515585675,65.1308990240268,85.70786776994078,150.83876679396758
13.620000000001218,9.81,3.93,1,1,0.01,0.01,-5.326227766674895,13.190802462340264,-2.3803602442489287,9.552879323212833,60.28564017421582,-123.92819815057527,0.0,1.817386042659097,1.4345835445717543,0.0,-1.4470877032081315,5.226307474406528,0.0,-37.485686752405144,-10.37923555232028,64.71285999534517,86.12389722868198,150.83675722402717
13.622000000001218,9.81,3.93,1,1,0.01,0.01,-5.330870079740713,13.209664945417236,-2.263013211756924,9.311847935751267,57.10497494300907,-117.19672083875294,0.0,1.8144515375496555,1.4450127310138217,0.0,-1.486977318103936,5.2028516665059215,0.0,-36.673953971620925,-10.481432340663101,64.29488935767034,86.53996656451613,150.83485592218648
13.62400000000122,9.81,3.93,1,1,0.01,0.01,-5.33528388661261,13.228058456548068,-2.151769343396814,9.083725676601828,54.17834697917496,-111.01016973791971,0.0,1.8114400084097078,1.455394690443367,0.0,-1.5241614468003741,5.179088809738868,0.0,-35.90114307997504,-10.565398700185828,63.87712762696042,86.95592648817147,150.8330541151319
13.62600000000122,9.81,3.93,1,1,0.01,0.01,-5.339480902235023,13.246007760069311,-2.0461454242515926,8.867476204871599,51.481264724304665,-105.31583906404512,0.0,1.8083565731667877,1.4657288673073967,0.0,-1.5589259612084447,5.155075595580174,0.0,-35.16441238377703,-10.633930455396204,63.45970070716884,87.37164323174926,150.8313439389181
13.62800000000122,9.81,3.93,1,1,0.01,0.01,-5.343471922542197,13.263535649639035,-1.9457048805893753,8.662163488403218,48.99156904615451,-100.06610054758495,0.0,1.8052058176744303,1.4760148086506393,0.0,-1.5915182741135652,5.130858344620338,0.0,-34.46114339933739,-10.689349770179994,63.04272180166215,87.78699653215185,150.829718333814
13.630000000001221,9.81,3.93,1,1,0.01,0.01,-5.347266913145116,13.280663138865247,-1.8500532248646961,8.466941909306682,46.689312490781,-95.21812094219663,0.0,1.8019918663571075,1.4862521455076367,0.0,-1.6221533842359412,5.106475043163416,0.0,-33.78893032938286,-10.733593568992756,62.62629303193823,88.20187791834638,150.82817095028463
13.632000000001222,9.81,3.93,1,1,0.01,0.01,-5.350875089183491,13.297409632777306,-1.758833789749668,8.281047029054314,44.55659653020589,-90.73349638993878,0.0,1.7987184418713427,1.49644057791342,0.0,-1.6510188614451307,5.081956949251463,0.0,-33.14556678268742,-10.768284044508992,62.21050681378021,88.61618925200563,150.82669606578582
13.634000000001222,9.81,3.93,1,1,0.01,0.01,-5.354304986985934,13.313793081586589,-1.6717238078381567,8.103787122920712,42.57739204310124,-86.57785571104482,0.0,1.795388915692779,1.5065798627749656,0.0,-1.678278972154692,5.05732986529544,0.0,-32.52903127637653,-10.794785119778977,61.79544703171568,89.0298414798844,150.8252885116001
13.636000000001223,9.81,3.93,1,1,0.01,0.01,-5.357564528251737,13.32983011831372,-1.5884308540693146,7.93453551208096,40.737358149321516,-82.72046361245896,0.0,1.7920063511803017,1.5166698040153372,0.0,-1.7040781056676473,5.032615151359803,0.0,-31.937472495063062,-10.814247859682736,61.38119004516531,89.44275356358897,150.8239436087543
13.638000000001224,9.81,3.93,1,1,0.01,0.01,-5.360661077476318,13.345536181864283,-1.5086896446052542,7.77272367409809,39.0236680839468,-79.13384143778505,0.0,1.7885735403800704,1.5267102445317486,0.0,-1.7285436306405144,5.007830535744716,0.0,-31.369194905247184,-10.827647154741904,60.96780555362777,89.85485155838415,150.82265711201194
13.640000000001224,9.81,3.93,1,1,0.01,0.01,-5.363601493315527,13.360925627067386,-1.4322591729019243,7.617835086353408,37.424846742096726,-75.79341468378101,0.0,1.7850930356006014,1.5367010596081427,0.0,-1.7517882855307765,4.982990766382002,0.0,-30.82264507512851,-10.835811484131435,60.55535734336185,90.26606781759874,150.8214251609606
13.642000000001225,9.81,3.93,1,1,0.01,0.01,-5.366392174538087,13.376011823086088,-1.3589201571760454,7.469399744149919,35.93062200745997,-72.67719131497904,0.0,1.7815671766035828,1.5466421514993245,0.0,-1.7739121866887335,4.958108136626089,0.0,-30.296398887330255,-10.839447167763762,60.14390393408735,90.67634030320983,150.82024423729717
13.644000000001226,9.81,3.93,1,1,0.01,0.01,-5.369039101160819,13.390807241486343,-1.28847277090993,7.326989290572548,34.53179044685883,-69.7654717704659,0.0,1.7779981141046657,1.5565334449628332,0.0,-1.7950045216371575,4.933192911473485,0.0,-29.789149726854525,-10.839158211524072,59.733499141017056,91.08561198647982,150.81911112749688
13.646000000001226,9.81,3.93,1,1,0.01,0.01,-5.371547871304057,13.405323535125007,-1.2207346278563973,7.190212695405166,33.2200970543113,-67.04058973116489,0.0,1.7743878301569247,1.5663748835606728,0.0,-1.8151449822192949,4.908253674487073,0.0,-29.299697659895493,-10.835462613586191,59.32419256493445,91.49383032521446,150.8180228901489
13.648000000001227,9.81,3.93,1,1,0.01,0.01,-5.373923734248645,13.419571608894632,-1.1555389941918992,7.058712423376934,31.988128230088538,-64.48668172009698,0.0,1.7707381558910311,1.5761664265889839,0.0,-1.8344049820177282,4.883297611290221,0.0,-28.8269395781178,-10.828805816824211,58.91603002090441,91.90094680642875,150.81697682733315
13.650000000001228,9.81,3.93,1,1,0.01,0.01,-5.3761716201230065,13.433561683247573,-1.0927332023761,6.932161036414326,30.82921693363043,-62.089483130320815,0.0,1.767050787006033,1.58590804652178,0.0,-1.8528486942165572,4.85833074210154,0.0,-28.36986025902044,-10.819571850164829,58.509053914468936,92.30691654502296,150.8159704594919
13.652000000001228,9.81,3.93,1,1,0.01,0.01,-5.378296166600115,13.447303351316261,-1.0321772435116703,6.810258179589979,29.737358857232582,-59.83614811452125,0.0,1.7633272973391578,1.59559972687718,0.0,-1.870533939474975,4.8333581131569545,0.0,-27.927524280209585,-10.808092590830766,58.10330357275191,92.7116979305778,150.8150015033297
13.65400000000123,9.81,3.93,1,1,0.01,0.01,-5.380301742940083,13.460805630351006,-0.9737425173164072,6.6927279055901545,28.70713846797944,-57.71509079752006,0.0,1.7595691507894697,1.6052414604319927,0.0,-1.887512948063962,4.808383954828328,0.0,-27.49906871986538,-10.79465549258529,57.69881553672144,93.11525231561339,150.81406785233483
13.65600000000123,9.81,3.93,1,1,0.01,0.01,-5.382192471674611,13.474077008111346,-0.9173107210787708,6.579316297481364,27.733663818746425,-55.71584540613462,0.0,1.755777711826191,1.6148332477245526,0.0,-1.9038330162271222,4.783411812658829,0.0,-27.083696574761156,-10.77951005682842,57.2956238198882,93.51754373968794,150.81316755957613
13.65800000000123,9.81,3.93,1,1,0.01,0.01,-5.383972248194402,13.487125484771207,-0.8627728610890792,6.46978935418804,26.812509110094148,-53.828943098032035,0.0,1.7519542547761768,1.6243750957968135,0.0,-1.919537073251883,4.758444656290052,0.0,-26.68067082910054,-10.762873269522952,56.89376013791084,93.91853868456688,150.81229882247771
13.660000000001231,9.81,3.93,1,1,0.01,0.01,-5.385644758469631,13.49995861083128,-0.8100283719835437,6.363931107323474,25.93966407791386,-52.04580348050983,0.0,1.748099972055008,1.6338670171356147,0.0,-1.9346641729142664,4.733484970276542,0.0,-26.289309111005153,-10.74493418424414,56.49325411291025,94.31820585640386,150.81145996931411
13.662000000001232,9.81,3.93,1,1,0.01,0.01,-5.387213495106213,13.512583521473152,-0.7589843311933538,6.261541941822622,25.111489377241718,-50.35863902213565,0.0,1.7442159814812106,1.6433090287802448,0.0,-1.9492499206598037,4.70853483000925,0.0,-25.90897887792708,-10.725857797695568,56.094133455733825,94.7165159914725,150.81064944720634
13.664000000001232,9.81,3.93,1,1,0.01,0.01,-5.388681771916576,13.525006967738117,-0.7095547572571723,6.16243709621462,24.324677225204507,-48.76037076377881,0.0,1.7403033327923616,1.6527011515692016,0.0,-1.963326846001325,4.683595965355423,0.0,-25.5390930770757,-10.705788336920355,55.69642412894255,95.11344168248587,150.80986581142844
13.666000000001233,9.81,3.93,1,1,0.01,0.01,-5.3900527371626135,13.537235344868304,-0.6616599821420754,6.066445321368408,23.576216652557353,-47.244553924791035,0.0,1.7363630134644508,1.6620434095038048,0.0,-1.9769247280707338,4.658669814133074,0.0,-25.179106231812433,-10.684852055704852,55.30015049289979,95.50895722296342,150.8091077158632
13.668000000001234,9.81,3.93,1,1,0.01,0.01,-5.391329385609995,13.549274718108125,-0.6152260889389555,5.973407679178717,22.86336279227518,-45.805312172225364,0.0,1.7323959539213432,1.6713358292100882,0.0,-1.9900708809905725,4.633757567147043,0.0,-24.82851090968376,-10.663159620182705,54.90533543700795,95.90303846745701,150.80837390446496
13.670000000001234,9.81,3.93,1,1,0.01,0.01,-5.39251456951686,13.561130846229338,-0.5701844073692812,5.883176464966982,22.183609704691165,-44.43727947527789,0.0,1.7284030322089015,1.6805784394835448,0.0,-2.002790404681713,4.608860206199418,0.0,-24.486834532215877,-10.64080814952555,54.512000497859184,96.29566270574747,150.80766320360667
13.672000000001235,9.81,3.93,1,1,0.01,0.01,-5.393611008665742,13.57280920301264,-0.5264710604768106,5.7956142393879375,21.534666301840257,-43.135548604023924,0.0,1.7243850781980345,1.689771270903905,0.0,-2.0151064058536274,4.583978536233984,0.0,-24.15363649072345,-10.617882966158884,54.12016596582793,96.68680854938107,150.806974515209
13.674000000001236,9.81,3.93,1,1,0.01,0.01,-5.394621299535162,13.584314996892067,-0.4840265566957155,5.7105929573915635,20.91443498939728,-41.89562545206914,0.0,1.7203428773721519,1.6989143555091504,0.0,-2.027040193200614,4.559113212569658,0.0,-23.828505536165927,-10.594459100630132,53.72985098143009,97.07645582912622,150.8063068105563
13.676000000001237,9.81,3.93,1,1,0.01,0.01,-5.395547923696431,13.595653188945144,-0.4427954221999023,5.627993183323021,20.32099269349523,-40.71338846833794,0.0,1.7162771742471188,1.7080077265198037,0.0,-2.0386114502247126,4.534264764011731,0.0,-23.511057414514404,-10.570602588657236,53.34107362260238,97.46458550212088,150.80565912472326
13.678000000001237,9.81,3.93,1,1,0.01,0.01,-5.396393255511661,13.606828509391322,-0.4027258690601084,5.547703382578632,19.75257398243705,-39.58505257538373,0.0,1.7121886754654514,1.7170514181058711,0.0,-2.049838388601574,4.509433612494436,0.0,-23.200932722182525,-10.546371591660911,52.95385098390562,97.85117956763463,150.80503055154026
13.680000000001238,9.81,3.93,1,1,0.01,0.01,-5.397159569200578,13.617845472743143,-0.36376949527729047,5.469619281399222,19.207556030543817,-38.50713703182128,0.0,1.7080780526011103,1.7260454651900923,0.0,-2.060737884582884,4.484620089797865,0.0,-22.89779495884615,-10.521817366971673,52.56819924853131,98.23622099050732,150.80442023903862
13.682000000001239,9.81,3.93,1,1,0.01,0.01,-5.397849045336358,13.628708391738904,-0.32588101323324264,5.393643287395675,18.684445203761676,-37.47643676618333,0.0,1.7039459447066356,1.7349899032821114,0.0,-2.0713256005729814,4.459824451791629,0.0,-22.601328757451782,-10.496985109687333,52.18413375388049,98.6196936314428,150.8038273853233
13.68400000000124,9.81,3.93,1,1,0.01,0.01,-5.398463776824218,13.639421390171597,-0.2890180035113839,5.319683964285127,18.181865074773217,-36.489996769995095,0.0,1.6997929606303854,1.7438847683389747,0.0,-2.0816160937169443,4.4350468905833305,0.0,-22.31123827342028,-10.47191468467124,51.801669051390775,99.00158218343395,150.80325123482473
13.68600000000124,9.81,3.93,1,1,0.01,0.01,-5.399005774410745,13.649988414716676,-0.2531406914002078,5.247655555086942,17.698545699768463,-35.54508919032729,0.0,1.6956196811282291,1.7527300966481405,0.0,-2.0916229130838015,4.410287544888298,0.0,-22.027245717012853,-10.446641264293804,51.42081896120571,99.381872113686,150.8026910748917
13.68800000000124,9.81,3.93,1,1,0.01,0.01,-5.3994769717669175,13.6604132458504,-0.21821174370591304,5.177477548700596,17.233314010214766,-34.6391928075947,0.0,1.6914266607911208,1.761525924729657,0.0,-2.101358686812512,4.38554650888657,0.0,-21.749090014569916,-10.421195885113764,51.041596622211344,99.76054961047538,150.8021462326867
13.690000000001241,9.81,3.93,1,1,0.01,0.01,-5.399879230183287,13.670699507940926,-0.18419608377526392,5.1090742853756765,16.78508519134118,-33.76997462382143,0.0,1.6872144298074008,1.7702722892547702,0.0,-2.1108352004056057,4.360823839790721,0.0,-21.476525585878072,-10.395605934693897,50.66401453790319,100.1376015344521,150.8016160723553
13.692000000001242,9.81,3.93,1,1,0.01,0.01,-5.400214342911851,13.680850678585877,-0.15106072286997757,5.042374597098758,16.35285493501291,-32.93527332084235,0.0,1.6829834955764782,1.77896922697853,0.0,-2.1200634671986465,4.336119564313368,0.0,-21.20932122629273,-10.369895578067235,50.288084618493755,100.51301537394508,150.80109999243882
13.694000000001243,9.81,3.93,1,1,0.01,0.01,-5.400484039185639,13.690870097262637,-0.11877460624442032,4.977311479372572,15.935692468523035,-32.13308437762459,0.0,1.6787343441886469,1.7876167746843832,0.0,-2.129053791900224,4.3114336841939185,0.0,-20.947259083459585,-10.34408613196476,49.9138182196254,100.88677920388292,150.80059742350832
13.696000000001243,9.81,3.93,1,1,0.01,0.01,-5.4006899879439185,13.700760973350956,-0.08730847246302326,4.913821791258142,15.532734272875015,-31.361546661720443,0.0,1.6744674417840661,1.7962149691390041,0.0,-2.137815827982644,4.286766180919734,0.0,-20.69013371955642,-10.318196393733594,49.54122617801132,101.25888164798452,150.80010782599584
13.698000000001244,9.81,3.93,1,1,0.01,0.01,-5.400833801288182,13.710526393581553,-0.05663472465597405,4.851845980897527,15.14317841460216,-30.618930332312974,0.0,1.6701832358025428,1.8047638470558582,0.0,-2.146358629604977,4.26211701975657,0.0,-20.43775125093414,-10.29224293087754,49.170318844293746,101.62931184391117,150.7996306882049
13.700000000001245,9.81,3.93,1,1,0.01,0.01,-5.400917037691607,13.720169328959164,-0.02672731255432644,4.791327834039974,14.766279424290152,-29.90362591185624,0.0,1.6658821561344102,1.8132634450662282,0.0,-2.154690698665551,4.237486153185898,0.0,-20.189928557884347,-10.26624033631076,48.801106113376385,101.99805941110625,150.79916552448265
13.702000000001245,9.81,3.93,1,1,0.01,0.01,-5.400941204982492,13.729692641203782,0.0024383757287877485,4.732214243362831,14.401343662917327,-29.214134400340374,0.0,1.6615646161817312,1.821713799696602,0.0,-2.1628200275077045,4.212873523832357,0.0,-19.94649255801498,-10.240201453701385,48.43359745246069,102.36511442107744,150.79871187353814
13.704000000001246,9.81,3.93,1,1,0.01,0.01,-5.4009077631202285,13.739099088749667,0.03088561309347358,4.674454996615352,14.047725124060541,-28.54905832105929,0.0,1.6572310138380408,1.8301149473514733,0.0,-2.1707541377394692,4.188279066952385,0.0,-19.70727953738551,-10.214137576676984,48.067801926992395,102.73046736990152,150.79826929689392
13.706000000001247,9.81,3.93,1,1,0.01,0.01,-5.4008181267806075,13.748391332337993,0.05863642484983035,4.618002581822512,13.704821626072299,-27.90709359972975,0.0,1.6528817323939844,1.8384669243007168,0.0,-2.1785001155728696,4.163702712544886,0.0,-19.47213453414901,-10.188058625147768,47.703728224702346,103.0941091527541,150.79783737745646
13.708000000001247,9.81,3.93,1,1,0.01,0.01,-5.400673667765708,13.757571940235621,0.0857116728546885,4.562812007970682,13.372071353631092,-27.287022190147134,0.0,1.6485171413754567,1.846769766670881,0.0,-2.186064644041199,4.139144387135923,0.0,-19.24091076997784,-10.161973301565533,47.34138467790841,103.45603104028937,150.79741571819778
13.710000000001248,9.81,3.93,1,1,0.01,0.01,-5.400475717252219,13.766643393109545,0.11213113305040517,4.508840639760479,13.048949712704907,-26.687705369490782,0.0,1.6441375973201513,1.8550235104397506,0.0,-2.1934540324107923,4.114604015282181,0.0,-19.01346912502262,-10.135889229559023,46.980779284226294,103.81622465670921,150.7970039409355
13.712000000001249,9.81,3.93,1,1,0.01,0.01,-5.400225567890776,13.775608088583828,0.13791356700002927,4.456048045157021,12.734966467033967,-26.10807763509071,0.0,1.6397434444978523,1.863228191433676,0.0,-2.200674243068012,4.09008152083161,0.0,-18.789677652574472,-10.109813077066455,46.62191972582526,104.17468195937896,150.79660168520422
13.71400000000125,9.81,3.93,1,1,0.01,0.01,-5.399924475767787,13.784468345503493,0.16307678795300354,4.404395854596374,12.429663127807316,-25.547141142103882,0.0,1.635335015579264,1.8713838453272054,0.0,-2.2077309161303043,4.0655768279743265,0.0,-18.56941112997648,-10.083750665808873,46.26481338734895,104.53139521986029,150.79620860720922
13.71600000000125,9.81,3.93,1,1,0.01,0.01,-5.399573662240186,13.793226407927602,0.18763772192212205,4.353847630821254,12.13261057134493,-25.003960628257495,0.0,1.6309126322577057,1.879490507644646,0.0,-2.2146293920027276,4.041089862112225,0.0,-18.3525506426652,-10.057707068711599,45.90946737261154,104.8863570062451,150.79582437885665
13.71800000000125,9.81,3.93,1,1,0.01,0.01,-5.39917431565266,13.801884448871867,0.21161246420490332,4.304368748420684,11.843406862357343,-24.477658777720663,0.0,1.6264766058275741,1.887548213763202,0.0,-2.2213747320769794,4.016620550571959,0.0,-18.138983198523565,-10.031686696676239,45.555888520168345,105.23956016668392,150.79544868685227
13.720000000001251,9.81,3.93,1,1,0.01,0.01,-5.3987275929460585,13.810444573819334,0.23501633174016456,4.255926282238891,11.561675262787128,-23.967411981367967,0.0,1.6220272377231244,1.8955569989173924,0.0,-2.227971737748604,3.9921688231825425,0.0,-17.92860136999449,-10.005693375929198,45.204083417850796,105.59099781401297,150.79508123186378
13.722000000001252,9.81,3.93,1,1,0.01,0.01,-5.39823462116496,13.818908824016127,0.25786391165278155,4.208488903899511,11.287062408382535,-23.472446455285763,0.0,1.6175648200207493,1.9035168982045192,0.0,-2.234424967909472,3.967734612735911,0.0,-17.721302961644852,-9.979730417020928,44.8540584163473,105.94066331139399,150.7947217277413
13.724000000001253,9.81,3.93,1,1,0.01,0.01,-5.39769649887169,13.82727917956778,0.2801691063058527,4.162026785763336,11.019236637049788,-22.99203468342691,0.0,1.6130896359076896,1.9114279465909567,0.0,-2.240738755055922,3.943317855346458,0.0,-17.516990701085465,-9.953800676417407,44.50581964190475,106.28855025888744,150.7943699007922
13.726000000001253,9.81,3.93,1,1,0.01,0.01,-5.397114297473482,13.835557562350392,0.3019451751492893,4.116511511702369,10.7578864547065,-22.525492153902565,0.0,1.6086019601197967,1.9192901789190557,0.0,-2.2469172201383016,3.9189184907233225,0.0,-17.3155719513459,-9.927906611510512,44.15937300821697,106.63465248088607,150.79402548910303
13.728000000001254,9.81,3.93,1,1,0.01,0.01,-5.39648906246893,13.843745838749687,0.3232047736268138,4.071915994130738,10.502719125845129,-22.072174361575765,0.0,1.6041020593507678,1.9271036299145292,0.0,-2.252964286264937,3.8945364623674683,0.0,-17.116958442977104,-9.9020503297755,43.81472422756303,106.97896401434558,150.79368824190863
13.730000000001255,9.81,3.93,1,1,0.01,0.01,-5.395821814619366,13.851845822239955,0.3439599893791069,4.02821439678482,10.253459377330856,-21.631474052434097,0.0,1.599590192635015,1.9348683341941753,0.0,-2.258883691361957,3.870171717703895,0.0,-16.921066024310754,-9.87623363271626,43.47187882125032,107.32147909775152,150.79335791900183
13.732000000001255,9.81,3.93,1,1,0.01,0.01,-5.3951135510503505,13.859859275813923,0.364222375959087,3.985382062791435,10.009848205128808,-21.202818687720285,0.0,1.5950666117061965,1.9425843262737799,0.0,-2.264678999880122,3.845824208158202,0.0,-16.72781442844605,-9.850458055163166,43.13084212941427,107.66219216076718,150.79303429018145
13.734000000001256,9.81,3.93,1,1,0.01,0.01,-5.394365246288058,13.867787914273693,0.38400298425575335,3.943395447604725,9.771641774693776,-20.78566810801744,0.0,1.5905315613332112,1.950251640576154,0.0,-2.2703536136311016,3.82149388918526,0.0,-16.53712705566046,-9.824724900423687,42.79161932022126,108.00109781451484,150.7927171347361
13.736000000001257,9.81,3.93,1,1,0.01,0.01,-5.393577853234957,13.875633406392101,0.4033123918054321,3.902232056429953,9.538610406681215,-20.37951237946426,0.0,1.5859852796353198,1.957870311439176,0.0,-2.275910781827311,3.797180720256934,0.0,-16.348930770056263,-9.799035271726975,42.454215398517604,108.33819084244303,150.79240624096064
13.738000000001257,9.81,3.93,1,1,0.01,0.01,-5.392752304088842,13.88339737695312,0.4221607301534248,3.86187038578629,9.31053764046265,-19.9838698060367,0.0,1.5814279983779382,1.9654403731237693,0.0,-2.2813536103923147,3.772884664814889,0.0,-16.163155709358016,-9.773390100353419,42.118635213963834,108.67346619173878,150.79210140570262
13.740000000001258,9.81,3.93,1,1,0.01,0.01,-5.391889511208963,13.891081408679261,0.4405577104147707,3.8222898688912035,9.087219368663344,-19.59828509340185,0.0,1.5768599432504748,1.9729618598217629,0.0,-2.2866850706025508,3.7486056901936458,0.0,-15.979735106869287,-9.7477901707965,41.78488346869044,109.00691896524646,150.79180243393688
13.742000000001259,9.81,3.93,1,1,0.01,0.01,-5.3909903679327265,13.89868704405332,0.4585126471699413,3.783470824576597,8.868463036597339,-19.22232765125493,0.0,1.5722813341275175,1.98043480566357,0.0,-2.2919080071152322,3.7243437675185187,0.0,-15.798605124682034,-9.722236143264519,41.452964724508035,109.3385444138582,150.79150913836622
13.74400000000126,9.81,3.93,1,1,0.01,0.01,-5.390055749346162,13.906215787041265,0.476034480819632,3.7453944094717824,8.654086901062046,-18.85559002230331,0.0,1.5676923853145244,1.9878592447256467,0.0,-2.2970251454322845,3.7000988715823806,0.0,-15.619704697308224,-9.69672857379615,41.1228834097023,109.66833792934374,150.79122133904605
13.74600000000126,9.81,3.93,1,1,0.01,0.01,-5.389086513011125,13.913669104722555,0.4931317985122771,3.708042573210862,8.443919343480273,-18.497686427185613,0.0,1.563093305779121,1.9952352110376734,0.0,-2.3020390988454746,3.675870980704793,0.0,-15.442975384973254,-9.671267932233148,40.794643825441625,109.99629503758925,150.79093886303087
13.74800000000126,9.81,3.93,1,1,0.01,0.01,-5.388083499651984,13.921048428833705,0.5098128537483675,3.6713980164425264,8.23779823284865,-18.148251415619235,0.0,1.5584842993689858,2.0025627385894547,0.0,-2.3069523749039647,3.6516600765765106,0.0,-15.26836123587329,-9.645854618267755,40.468250151823625,110.3224113922189,150.7906615440425
13.750000000001261,9.81,3.93,1,1,0.01,0.01,-5.387047533804343,13.928355157230515,0.5260855847570003,3.635444151438742,8.035570334374107,-17.80693861497346,0.0,1.5538655650172468,2.009841861337488,0.0,-2.3117673814415864,3.6274661440920495,0.0,-15.095808656756317,-9.620488975757956,40.14370645358376,110.64668276857304,150.79038922215682
13.752000000001262,9.81,3.93,1,1,0.01,0.01,-5.385979424428167,13.93559065527394,0.5419576317322385,3.6001650651156103,7.837090760059619,-17.473419568275546,0.0,1.5492372969362327,2.017072613211197,0.0,-2.3164864321980043,3.603289171172632,0.0,-14.92526629123844,-9.595171305483781,39.821016685488,110.96910505802056,150.79012174350856
13.754000000001263,9.81,3.93,1,1,0.01,0.01,-5.384879965487502,13.942756257144286,0.5574363530097289,3.5655454842948964,7.642222457841979,-17.147382654386856,0.0,1.544599684800368,2.0242550281187794,0.0,-2.321111752064762,3.57912914858162,0.0,-14.756684905314934,-9.569901876498905,39.5001846974305,111.28967426258231,150.7898589600128
13.756000000001263,9.81,3.93,1,1,0.01,0.01,-5.383749936498845,13.949853267088034,0.5725288402575426,3.531570743048607,7.45083573619103,-16.82853208374128,0.0,1.5399529139189183,2.0313891399527173,0.0,-2.3256454819847576,3.554986069734097,0.0,-14.590017279567657,-9.544680936216446,39.18121423925408,111.60838648984856,150.78960072910263
13.758000000001264,9.81,3.93,1,1,0.01,0.01,-5.382590103050054,13.956882960601305,0.5872419327493059,3.498226751981595,7.262807821356958,-16.51658696363038,0.0,1.5352971653992653,2.038474982594865,0.0,-2.3300896835309026,3.5308599305022867,0.0,-14.425218107611032,-9.519508719352148,38.86410896531143,111.92523794816874,150.7893469134802
13.760000000001265,9.81,3.93,1,1,0.01,0.01,-5.3814012172915895,13.963846585553725,0.601582230782314,3.465499969318667,7.078022444701794,-16.211280427552282,0.0,1.5306326163013217,2.045512589921182,0.0,-2.3344463431878952,3.5067507290180737,0.0,-14.26224390035366,-9.494385455836849,38.54887243878286,112.24022494209984,150.7890973808827
13.762000000001265,9.81,3.93,1,1,0.01,0.01,-5.380184018401709,13.970745363256162,0.615556108298422,3.4333773736731406,6.896369457776349,-15.912358823622995,0.0,1.5259594397836684,2.0525019958060278,0.0,-2.338717376358643,3.4826584654739214,0.0,-14.101052895686214,-9.469311377797132,38.23550813576557,112.55334386809399,150.78885200385957
13.764000000001266,9.81,3.93,1,1,0.01,0.01,-5.378939233027188,13.977580489475592,0.6291697247610369,3.4018464383833638,6.717744473007574,-15.619580957483159,0.0,1.5212778052419251,2.059443234126094,0.0,-2.342904631115502,3.4585831419231075,0.0,-13.941604973235382,-9.444286725694763,37.92401944914818,112.86459121041449,150.78861065956266
13.766000000001267,9.81,3.93,1,1,0.01,0.01,-5.377667575700976,13.984353135400106,0.6424290363374524,3.3708951073124402,6.542048528045512,-15.332717385527602,0.0,1.51658787843987,2.066336338763918,0.0,-2.3470098917144497,3.4345247620803008,0.0,-13.7838615738519,-9.419311753704786,37.61440969228351,113.1739635372634,150.78837322954692
13.768000000001267,9.81,3.93,1,1,0.01,0.01,-5.37636974923816,13.99106444855691,0.6553398064320344,3.3405117720143838,6.369187771985574,-15.051549754640384,0.0,1.5118898216337449,2.073181343611011,0.0,-2.3510348818891114,3.4104833311231806,0.0,-13.627785623525076,-9.394386734405417,37.30668210247128,113.48145749711065,150.78813959958194
13.770000000001268,9.81,3.93,1,1,0.01,0.01,-5.3750464451114555,13.997715553685945,0.6679076156123519,3.3106852501772415,6.199073171833182,-14.775870184941713,0.0,1.5071837936901806,2.079978282570573,0.0,-2.3549812679400124,3.3864588554958535,0.0,-13.473341461439668,-9.369511962844747,37.000839844261904,113.78706981521026,150.78790965947218
13.772000000001269,9.81,3.93,1,1,0.01,0.01,-5.3736983438074395,14.004307553571595,0.6801378709672202,3.281404765260404,6.031620237714603,-14.505480692345246,0.0,1.5024699501981462,2.086727189559837,0.0,-2.35885066163336,3.3624513427146336,0.0,-13.320494771911742,-9.344687760043636,36.69688601259206,114.0907972902956,150.78768330288767
13.77400000000127,9.81,3.93,1,1,0.01,0.01,-5.372326115164591,14.010841529834808,0.6920358149327573,3.2526599272494643,5.866748765462444,-14.240192647990444,0.0,1.4977484435752593,2.0934280985120197,0.0,-2.362644622922444,3.3384608011766774,0.0,-13.16921251995952,-9.319914475988082,36.39482363576091,114.39263679144142,150.78746042720232
13.77600000000127,9.81,3.93,1,1,0.01,0.01,-5.370930418694192,14.017318543687784,0.7036065336199265,3.2244407144575997,5.704382595317088,-13.979826271856588,0.0,1.4930194231688456,2.1000810433778856,0.0,-2.3663646625036736,3.3144872399720176,0.0,-13.019462890283325,-9.295192492158911,36.094655678256814,114.6925852550836,150.7872409333404
13.77800000000127,9.81,3.93,1,1,0.01,0.01,-5.369511903885038,14.023739636653247,0.7148549646746255,3.19673745630763,5.544449385588244,-13.724210158084043,0.0,1.4882830353520182,2.1066860581269515,0.0,-2.3700122442185254,3.2905306686992324,0.0,-12.871215229444227,-9.270522223642903,35.7963850434421,114.99063968218861,150.78702472563072
13.780000000001271,9.81,3.93,1,1,0.01,0.01,-5.3680712104928805,14.030105831250221,0.7257859046991646,3.1695408170336377,5.3868804002145465,-13.473180829729579,0.0,1.4835394236151187,2.11324317674832,0.0,-2.3735887873115935,3.266591097285241,0.0,-12.724439991047051,-9.245904120864383,35.50001457610447,115.28679713556346,150.78681171166792
13.782000000001272,9.81,3.93,1,1,0.01,0.01,-5.3666089688154335,14.03641813164808,0.7364040162619405,3.142841780245402,5.231610309243844,-13.226582320863283,0.0,1.4787887286527606,2.1197524332511577,0.0,-2.3770956685543543,3.242668535809374,0.0,-12.579108683746233,-9.221338670973388,35.205547064881785,115.58105473729857,150.78660180218037
13.784000000001273,9.81,3.93,1,1,0.01,0.01,-5.36512579995376,14.042677524290538,0.7467138345202343,3.116631634302919,5.078577001335161,-12.984265784082666,0.0,1.4740310884467667,2.1262138616648247,0.0,-2.380534224243383,3.2187629943320433,0.0,-12.43519382190638,-9.196826398922575,34.91298524456724,115.87340966633687,150.7863949109041
13.786000000001273,9.81,3.93,1,1,0.01,0.01,-5.363622316060773,14.048884978491166,0.7567197734793385,3.090901958451969,4.927721407453695,-12.746089121669385,0.0,1.469266638345221,2.1326274960386646,0.0,-2.3839057520812554,3.1948744827281876,0.0,-12.292668878760809,-9.1723678682626,34.62233179830161,116.16385915616121,150.78619095446282
13.788000000001274,9.81,3.93,1,1,0.01,0.01,-5.362099120577571,14.055041447001898,0.7664261319096244,3.065644609675101,4.778987334995117,-12.511916638753721,0.0,1.4644955111378626,2.1389933704414825,0.0,-2.3872115129476983,3.171003010525588,0.0,-12.151508241921924,-9.147963681682787,34.33358935965799,116.45240049259598,150.78598985225398
13.790000000001275,9.81,3.93,1,1,0.01,0.01,-5.360556808458255,14.061147866555919,0.7758370989416956,3.040851710215551,4.6323213116349296,-12.281618716978826,0.0,1.4597178371280606,2.145311518960677,0.0,-2.3904527325679115,3.1471485867483593,0.0,-12.011687171108123,-9.12361448132103,34.04676051462537,116.73903101171365,150.785791526339
13.792000000001275,9.81,3.93,1,1,0.01,0.01,-5.358995966383873,14.067205158386239,0.7849567593584174,3.016515635734502,4.487672438251952,-12.055071507270945,0.0,1.4549337442015262,2.1515819757010877,0.0,-2.3936306030847243,3.1233112197655215,0.0,-11.873181757959754,-9.09932094886572,33.76184780349564,117.02374809784385,150.7855959013395
13.794000000001276,9.81,3.93,1,1,0.01,0.01,-5.357417172966058,14.073214228721193,0.7937890986013623,2.9926290040647823,4.344992250325494,-11.832156640430185,0.0,1.4501433578919944,2.157804774783534,0.0,-2.3967462845405167,3.099490917144914,0.0,-11.735968887826568,-9.075083805469438,33.478853722659665,117.30654918167784,150.7854029043375
13.796000000001277,9.81,3.93,1,1,0.01,0.01,-5.355820998940935,14.079175969258003,0.8023380075080565,2.9691846645265576,4.2042345872502445,-11.612760954351387,0.0,1.4453468014440043,2.1639799503430726,0.0,-2.3998009062746255,3.0756876855123734,0.0,-11.600026203415768,-9.050903811493175,33.19778072631628,117.58743173846429,150.78521246478056
13.798000000001277,9.81,3.93,1,1,0.01,0.01,-5.354208007353797,14.085091257615513,0.8106072867953419,2.9461756877728793,4.065355469055162,-11.396776236775601,0.0,1.4405441958729863,2.1701075365269724,0.0,-2.4027955682413897,3.0519015304163504,0.0,-11.465332070198038,-9.026781766097617,32.918631228099514,117.86639328629118,150.7850245143907
13.800000000001278,9.81,3.93,1,1,0.01,0.01,-5.352578753735074,14.090960957767123,0.8186006513031792,2.9235953561350554,3.9283129800501664,-11.18409898255269,0.0,1.4357356600227704,2.176187567492434,0.0,-2.405731342253807,3.0281324561978717,0.0,-11.331865543474722,-9.002718506697226,32.64140760262734,118.14343138445011,150.78483898707745
13.802000000001279,9.81,3.93,1,1,0.01,0.01,-5.350933786268021,14.09678592045488,0.8263217340123025,2.901437154439777,3.793067158960096,-10.974630164472469,0.0,1.4309213106206888,2.18222007740404,0.0,-2.4086092731572437,3.0043804658659665,0.0,-11.199606337016435,-8.9787149082908,32.3661121869763,118.4185436318781,150.7846558188544
13.80400000000128,9.81,3.93,1,1,0.01,0.01,-5.349273645948608,14.102566983585668,0.8337740898482848,2.8796947612717507,3.659579895136832,-10.768275016788976,0.0,1.4261012623303984,2.1882051004309746,0.0,-2.4114303799375345,2.980645560978501,0.0,-11.068534793188487,-8.95477188268171,32.092747282085945,118.69172766567391,150.78447494775986
13.80600000000128,9.81,3.93,1,1,0.01,0.01,-5.347598866737988,14.108304972610327,0.8409611992837874,2.858362040657269,3.527814830470484,-10.564942830627057,0.0,1.4212756278025345,2.19414267074401,0.0,-2.414195656767383,2.956927741528374,0.0,-10.938631854484036,-8.930890377599475,31.821315154095373,118.96298115968486,150.78429631378023
13.80800000000128,9.81,3.93,1,1,0.01,0.01,-5.345909975707965,14.114000700886567,0.8478864717500348,2.8374330341457217,3.3977372666476757,-10.364546760518728,0.0,1.4164445177233507,2.200032822512258,0.0,-2.41690607399472,2.933227005835169,0.0,-10.809879036391324,-8.90707137573332,31.551818035616684,119.23230182316021,150.7841198587769
13.810000000001281,9.81,3.93,1,1,0.01,0.01,-5.344207493179814,14.119654970026403,0.8545532488678789,2.816901953267486,3.269314077429743,-10.167003641369734,0.0,1.4116080408614207,2.2058755898997258,0.0,-2.419562579076565,2.909543350442098,0.0,-10.68225840152511,-8.883315893687955,31.284258126947247,119.4996873994688,150.78394552641603
13.812000000001282,9.81,3.93,1,1,0.01,0.01,-5.342491932856816,14.125268570228872,0.860964807508183,2.796763172348006,3.1425136256467736,-9.972233815207085,0.0,1.406766304112534,2.211671007061661,0.0,-2.4221660974615253,2.885876770018288,0.0,-10.55575253495745,-8.85962498087036,31.01863759722429,119.76513566487715,150.78377326210145
13.814000000001283,9.81,3.93,1,1,0.01,0.01,-5.34076380195083,14.130842280598728,0.8671243626906738,2.7770112216590994,3.0173056846248083,-9.780160967103523,0.0,1.401919412542869,2.217419108140711,0.0,-2.4247175334240274,2.8622272572663077,0.0,-10.430344520686557,-8.83599971831616,30.754958585524285,120.02864442738542,150.7836030129097
13.816000000001283,9.81,3.93,1,1,0.01,0.01,-5.339023601303228,14.136376869451743,0.8730350703298582,2.7576407808897114,2.893661363782836,-9.590711969717276,0.0,1.3970674694305507,2.2231199272628936,0.0,-2.427217770853028,2.8385948028349395,0.0,-10.306017919186363,-8.812441217463002,30.493223201909913,120.29021152561826,150.78343472752817
13.818000000001284,9.81,3.93,1,1,0.01,0.01,-5.337271825500476,14.141873094607273,0.8787000298360982,2.7386466729194137,2.771553038154314,-9.403816735923641,0.0,1.3922105763056636,2.228773498533422,0.0,-2.429667673997989,2.8149793952370237,0.0,-10.182756745982514,-8.788950618878502,30.233433528427,120.54983482776892,150.78326835619592
13.820000000001285,9.81,3.93,1,1,0.01,0.01,-5.3355089629846635,14.147331703668652,0.8841222865794626,2.7200238578789557,2.6509542816047356,-9.219408079052085,0.0,1.3873488329888262,2.2343798560323376,0.0,-2.432068088174412,2.7913810207724628,0.0,-10.060545451204419,-8.765529090948487,29.97559162005369,120.80751223059214,150.78310385064583
13.822000000001285,9.81,3.93,1,1,0.01,0.01,-5.33373549615922,14.15275343429198,0.8893048342235292,2.7017674274831203,2.531839803532092,-9.037421580274438,0.0,1.3824823376283815,2.2399390338100202,0.0,-2.434419840431441,2.767799663456169,0.0,-9.939368900065107,-8.742177828532316,29.71969950560425,121.06324165844578,150.78294116405002
13.824000000001286,9.81,3.93,1,1,0.01,0.01,-5.331951901490107,14.158139014443847,0.8942506169359048,2.6838725996220054,2.4141853888511022,-8.857795462721077,0.0,1.3776111867362923,2.245451065882551,0.0,-2.4367237401836315,2.744235304950956,0.0,-9.819212354224085,-8.718898051590312,29.465759188589473,121.3170210623775,150.782780250967
13.826000000001287,9.81,3.93,1,1,0.01,0.01,-5.330158649602688,14.163489162648471,0.898962531481841,2.666334713197677,2.2979678410756508,-8.68047047193075,0.0,1.3727354752228111,2.2509159862269392,0.0,-2.438980579808917,2.720687924505293,0.0,-9.700061453990738,-8.695691003788417,29.213772648035665,121.56884841925488,150.78262106729053
13.828000000001287,9.81,3.93,1,1,0.01,0.01,-5.328356205374542,14.16880458822476,0.9034434292069674,2.6491492231938993,2.1831649283255907,-8.505389762265041,0.0,1.3678552964299837,2.256333828776233,0.0,-2.4411911352147655,2.697157498895813,0.0,-9.581902201328196,-8.672557951084935,28.963741839264305,121.8187217309364,150.78246357020072
13.830000000001288,9.81,3.93,1,1,0.01,0.01,-5.326545028024399,14.17408599151373,0.9076961179148265,2.632311695967359,2.069755332095676,-8.332498788943596,0.0,1.3629707421640478,2.261704627414531,0.0,-2.443356166374329,2.673644002374478,0.0,-9.464720943619856,-8.649500180303656,28.71566869463402,122.06663902348323,150.78230771811724
13.832000000001289,9.81,3.93,1,1,0.01,0.01,-5.324725571197438,14.179334064096718,0.9117233636445808,2.61581780474947,1.9577185986345564,-8.161745205378459,0.0,1.358081902726783,2.2670284159718777,0.0,-2.445476417834249,2.6501474066203157,0.0,-9.34850435816288,-8.626518997697167,28.469555124246263,122.31259834640737,150.78215347065364
13.83400000000129,9.81,3.93,1,1,0.01,0.01,-5.322898283047111,14.184549489004802,0.915527892353969,2.5996633253484602,1.8470350927918278,-7.993078765507355,0.0,1.3531888669458927,2.2723052282190723,0.0,-2.447552619195749,2.6266676806957117,0.0,-9.233239437355332,-8.603615727504168,28.22540301661745,122.5565977719563,150.78200078857375
13.83600000000129,9.81,3.93,1,1,0.01,0.01,-5.321063606313704,14.189732940919813,0.9191123915123122,2.583844132042032,1.7376859541996161,-7.82645123084415,0.0,1.3482917222044275,2.2775350978623985,0.0,-2.4495854855705397,2.6032047910070237,0.0,-9.118913474544524,-8.580791710504199,27.98321423931766,122.79863539443215,150.7818496337498
13.83800000000129,9.81,3.93,1,1,0.01,0.01,-5.319221978399787,14.194885086367321,0.9224795116081125,2.568356193651423,1.6296530556637727,-7.661816281983663,0.0,1.3433905544693254,2.2827180585382725,0.0,-2.4515757180129363,2.5797587012695096,0.0,-9.005514050506864,-8.558048302572805,27.742990639578267,123.03870932954317,150.78169996912143
13.840000000001291,9.81,3.93,1,1,0.01,0.01,-5.31737383144274,14.200006583901944,0.9256318675755463,2.55319556978821,1.5229189636476763,-7.499129434314736,0.0,1.3384854483191226,2.2878541438078317,0.0,-2.45352400392954,2.5563293724764824,0.0,-8.893029020530655,-8.535386873240137,27.504734044869984,123.27681771378704,150.78155175865703
13.842000000001292,9.81,3.93,1,1,0.01,0.01,-5.315519592384499,14.205098084285302,0.9285720401439244,2.538358407265675,1.4174669007383087,-7.338347957710324,0.0,1.3335764869708515,2.2929433871514604,0.0,-2.4554310174677405,2.532916762872526,0.0,-8.781446502074639,-8.512808804255531,27.268446263452155,123.51295870386345,150.7814049673156
13.844000000001293,9.81,3.93,1,1,0.01,0.01,-5.313659683038674,14.210160230656978,0.9313025771139805,2.523840936666991,1.3132807099914068,-7.179430799978659,0.0,1.3286637523061924,2.2979858219632727,0.0,-2.457297419884242,2.5095208279307197,0.0,-8.670754862976892,-8.490315488160624,27.034129084894975,123.74713047611597,150.78125956101096
13.846000000001293,9.81,3.93,1,1,0.01,0.01,-5.311794520155194,14.215193658698741,0.9338259945646471,2.5096394690629173,1.2103448210584922,-7.02233851387254,0.0,1.323747324896895,2.302981481545547,0.0,-2.4591238598947283,2.4861415203337303,0.0,-8.560942710189652,-8.467908326873207,26.801784280575532,123.97933122600048,150.78111550657601
13.848000000001294,9.81,3.93,1,1,0.01,0.01,-5.309924515482595,14.220198996792362,0.936144777993791,2.49575039287208,1.1086442180044331,-6.867033187466725,0.0,1.3188272840295356,2.3079303991031264,0.0,-2.460910974005712,2.4627787899587372,0.0,-8.451998879017273,-8.44558873028384,26.571413604149512,124.20955916757983,150.78097277172935
13.850000000001295,9.81,3.93,1,1,0.01,0.01,-5.308050075828093,14.225176866171282,0.9382613833962019,2.482170170857273,1.0081644087293966,-6.713478377724421,0.0,1.3139037077296076,2.312832607737805,0.0,-2.462659386829629,2.439432583865969,0.0,-8.343912422835109,-8.423358114867348,26.343018791998695,124.43781253304375,150.78083132504244
13.852000000001295,9.81,3.93,1,1,0.01,0.01,-5.3061716031155655,14.230127881066407,0.940178238281962,2.468895337251585,0.9088913959143772,-6.5616390470858175,0.0,1.3089766727850212,2.317688140442674,0.0,-2.4643697113840157,2.4161028462908924,0.0,-8.23667260326897,-8.401217902310576,26.116601563656403,124.66408957225163,150.78069113590803
13.854000000001296,9.81,3.93,1,1,0.01,0.01,-5.30428949444155,14.235052648846278,0.9418977426381655,2.4559224950084544,0.8108116494138061,-6.4114815029205126,0.0,1.304046254768994,2.322497030096476,0.0,-2.466042549375786,2.3927895186397903,0.0,-8.130268880814969,-8.37916951815845,25.892163622210887,124.8883885522989,150.7805521745098
13.856000000001297,9.81,3.93,1,1,0.01,0.01,-5.30240414212937,14.23995177015186,0.9434222698368105,2.4432483131700806,0.7139120800233922,-6.262973339696304,0.0,1.2991125280624072,2.327259309457937,0.0,-2.4676784914713505,2.369492539488763,0.0,-8.024690905881394,-8.357214390479482,25.669706654688547,125.11070775710404,150.78041441179258
13.858000000001297,9.81,3.93,1,1,0.01,0.01,-5.300515933781503,14.244825839026184,0.9447541674915448,2.4308695243489016,0.6181800145551383,-6.116083383724743,0.0,1.294175565875628,2.3319750111601136,0.0,-2.469278117553428,2.346211844585956,0.0,-7.919928510234449,-8.33535394855218,25.44923233241733,125.33104548701711,150.78027781943445
13.860000000001298,9.81,3.93,1,1,0.01,0.01,-5.298625252330279,14.249675443039058,0.9458957582658148,2.4187829223171087,0.5236031721556149,-5.970781640352792,0.0,1.289235440269831,2.33664416770474,0.0,-2.470841996965298,2.3229473668569445,0.0,-7.815971698830995,-8.313589621573692,25.230742311371607,125.5494000584473,150.78014236981892
13.862000000001299,9.81,3.93,1,1,0.01,0.01,-5.296732476087014,14.254501163407063,0.9468493406348438,2.406985359699439,0.43016964180659045,-5.827039243476902,0.0,1.2842922221778372,2.341266811456591,0.0,-2.472370688743181,2.299699036413135,0.0,-7.712810642021922,-8.291922837391576,25.014238232498812,125.76576980350964,150.78000803600844
13.8640000000013,9.81,3.93,1,1,0.01,0.01,-5.2948379787896585,14.259303575109035,0.9476171896037459,2.3954737457647113,0.3378678609511302,-5.684828407264001,0.0,1.2793459814245143,2.345842974637863,0.0,-2.4738647418374384,2.2764667805631524,0.0,-7.610435668110994,-8.270355021259904,24.79972172202958,125.98015306968948,150.77987479171907
13.8660000000013,9.81,3.93,1,1,0.01,0.01,-5.292942129649057,14.264083246997222,0.9482015573839714,2.384245044311809,0.24668659519067987,-5.544122379969511,0.0,1.274396786746729,2.350372689322583,0.0,-2.475324695323223,2.2532505238270093,0.0,-7.508837256254058,-8.248887594620491,24.587194391771206,126.19254821952383,150.77974261129503
13.8680000000013,9.81,3.93,1,1,0.01,0.01,-5.29104529339389,14.268840741904304,0.9486046740301759,2.3732962716460126,0.15661491900196753,-5.404895399749549,0.0,1.2694447058128984,2.3548559874310495,0.0,-2.4767510786011964,2.230050187953022,0.0,-7.408006029684789,-8.227521973910159,24.376657839386105,126.40295363029935,150.77961146968545
13.870000000001301,9.81,3.93,1,1,0.01,0.01,-5.289147830314384,14.27357661674646,0.9488287480395007,2.362624494641798,0.06764219742527237,-5.267122652370375,0.0,1.2644898052421496,2.3592929007243013,0.0,-2.4781444115888336,2.206865691937362,0.0,-7.307932749253544,-8.206259569394634,24.168113648655186,126.61136769376546,150.77948134242064
13.872000000001302,9.81,3.93,1,1,0.01,0.01,-5.287250096304856,14.278291422622631,0.9488759669151632,2.3522268288883925,-0.02024193132226541,-5.130780230722751,0.0,1.2595321506230963,2.3636834607986446,0.0,-2.479505204902934,2.183696952046073,0.0,-7.208608307266186,-8.185101784029932,23.96156338972738,126.81778881586268,150.77935220559007
13.874000000001303,9.81,3.93,1,1,0.01,0.01,-5.285352442905165,14.282985704910171,0.9487484976961628,2.3421004369145724,-0.10704757235156169,-4.9958450960555325,0.0,1.2545718065322686,2.368027699080209,0.0,-2.480833960033757,2.160543881839554,0.0,-7.110023721611053,-8.164050012351561,23.757008619355886,127.02221541646459,150.77922403582048
13.876000000001303,9.81,3.93,1,1,0.01,0.01,-5.28345521734114,14.287660003357002,0.9484484874548232,2.3322425264893423,-0.19278458976647594,-4.862295040846046,0.0,1.249608836552194,2.3723256468195677,0.0,-2.482131169511341,2.137406392199308,0.0,-7.0121701301619055,-8.143105639392266,23.55445088112163,127.22464592913342,150.77909681025506
13.878000000001304,9.81,3.93,1,1,0.01,0.01,-5.281558762564041,14.29231485217047,0.9479780637638129,2.3226503489952997,-0.27746262152766976,-4.730108653230835,0.0,1.244643303289171,2.376577335086403,0.0,-2.4833973170643886,2.114284391356961,0.0,-6.915038785446035,-8.122270039628523,23.353891705644962,127.42507880088813,150.77897050653308
13.880000000001305,9.81,3.93,1,1,0.01,0.01,-5.279663417289114,14.296950780102991,0.9473393351342065,2.3133211978716415,-0.3610910935531518,-4.599265282922948,0.0,1.239675268390699,2.38078279476424,0.0,-2.4846328777722286,2.0911777849252875,0.0,-6.818621049566222,-8.101544575956416,23.155332610785276,127.62351249198497,150.77884510277025
13.882000000001305,9.81,3.93,1,1,0.01,0.01,-5.2777695160333,14.301568310534671,0.9465343914260803,2.3042524071239043,-0.44367923309055834,-4.469745008547847,0.0,1.2347047925626482,2.3849420565452437,0.0,-2.4858383182101864,2.068086475931353,0.0,-6.722908389366892,-8.080930598696918,22.95877510183062,127.81994547570929,150.7787205775399
13.884000000001306,9.81,3.93,1,1,0.01,0.01,-5.275877389152149,14.306167961553,0.9455653042330613,2.2954413498976725,-0.5252360813953283,-4.34152860633187,0.0,1.2297319355861163,2.389055150925079,0.0,-2.4870140965887977,2.0450103648514837,0.0,-6.627892371834024,-8.060429444631046,22.764220671676288,128.01437623817833,150.77859690985463
13.886000000001307,9.81,3.93,1,1,0.01,0.01,-5.273987362875988,14.310750246029755,0.9444341272421886,2.2868854371136047,-0.6057705057465319,-4.2145975200822505,0.0,1.2247567563340365,2.3931221081978435,0.0,-2.4881606628871937,2.021949349648122,0.0,-6.5335646597198025,-8.04004243606492,22.571670800994156,128.2068032781542,150.77847407914837
13.888000000001307,9.81,3.93,1,1,0.01,0.01,-5.272099759345394,14.31531567169524,0.9431428965703789,2.2785821161612607,-0.6852912108313265,-4.088933832399449,0.0,1.2197793127874907,2.3971429584510884,0.0,-2.4892784589810564,1.998903325808283,0.0,-6.439917007382332,-8.019770879925042,22.38112695839214,128.39722510686738,150.77835206525953
13.890000000001308,9.81,3.93,1,1,0.01,0.01,-5.270214896646018,14.319864741209956,0.9416936310787309,2.2705288696493158,-0.7638067495266281,-3.9645202370676675,0.0,1.2147996620518164,2.4011177315608916,0.0,-2.490367918765373,1.9758721863837965,0.0,-6.346941256832598,-7.9996160668836165,22.192590600565687,128.5856402478483,150.77823084841398
13.892000000001309,9.81,3.93,1,1,0.01,0.01,-5.268333088842796,14.324397952233843,0.9400883326658455,2.2627232142098612,-0.8413255331062753,-3.841340012569856,0.0,1.2098178603724348,2.4050464571870425,0.0,-2.4914294682724183,1.9528558220329266,0.0,-6.254629333979289,-7.979579270514293,22.006063172440307,128.77204723676908,150.77811040920938
13.89400000000131,9.81,3.93,1,1,0.01,0.01,-5.266454646013602,14.32891579749317,0.9383289865412833,2.255162699354591,-0.9178558408997803,-3.719376996678495,0.0,1.2048339631504694,2.408929164768289,0.0,-2.492463525785143,1.9298541210635287,0.0,-6.162973245064243,-7.959661746478017,21.82154610730667,128.95644462129286,150.77799072859952
13.89600000000131,9.81,3.93,1,1,0.01,0.01,-5.264579874282365,14.333418764845195,0.9364175614802334,2.2478449063807706,-0.9934058294280858,-3.598615562074428,0.0,1.1998480249581238,2.4127658835176886,0.0,-2.4934705019463346,1.9068669694774711,0.0,-6.071965073280216,-7.939864731739227,21.63904082694795,129.13883096093122,150.77787178787918
13.89800000000131,9.81,3.93,1,1,0.01,0.01,-5.262709075851699,14.337907337340678,0.9343560100604121,2.240767447324978,-1.0679835410402856,-3.4790405929496346,0.0,1.194860099553873,2.4165566424180325,0.0,-2.4944507998637095,1.8838942510164234,0.0,-5.981596975564139,-7.920189443811958,21.458548741760673,129.31920482690887,150.77775356866954
13.900000000001311,9.81,3.93,1,1,0.01,0.01,-5.260842549035076,14.342381993284352,0.9321462688821692,2.233927963962691,-1.1415969120743923,-3.3606374625508844,0.0,1.1898702398974204,2.42030147021738,0.0,-2.4954048152113,1.8609358472087152,0.0,-5.891861179558081,-7.900637080036205,21.280071250868666,129.49756480203592,150.7776360529046
13.902000000001312,9.81,3.93,1,1,0.01,0.01,-5.258980588288574,14.346843206293446,0.9297902587727289,2.2273241268518795,-1.2142537805640967,-3.2433920116244495,0.0,1.184878498164467,2.424000395424674,0.0,-2.4963329363272573,1.8379916374173315,0.0,-5.802749980731514,-7.881208816883947,21.103609742230805,129.6739094805859,150.77751922281672
13.904000000001313,9.81,3.93,1,1,0.01,0.01,-5.2571234842422285,14.351291445354317,0.9272898849754548,2.220953634418839,-1.2859618935124384,-3.1272905277235195,0.0,1.179884925761295,2.427653446305464,0.0,-2.4972355443083583,1.8150614988889193,0.0,-5.714255739658136,-7.861905809294923,20.929165592743338,129.84823746818114,150.77740306092448
13.906000000001313,9.81,3.93,1,1,0.01,0.01,-5.255271523731027,14.355727174877313,0.9246470373249833,2.2148142120845784,-1.356728913752579,-3.012319725341782,0.0,1.1748895733391516,2.4312606508777175,0.0,-2.4981130131013733,1.7921453068036879,0.0,-5.626370879440801,-7.84272919004179,20.756740168336222,130.02054738168283,150.77728755001905
13.908000000001314,9.81,3.93,1,1,0.01,0.01,-5.253424989825559,14.36015085474992,0.9218635904090325,2.208903611430142,-1.426562426414679,-2.8984667268388784,0.0,1.1698924908084654,2.4348220369077422,0.0,-2.4989657095915376,1.7692429343261797,0.0,-5.539087883278587,-7.8236800691245465,20.586334824064902,130.19083784908753,150.77717267315242
13.910000000001315,9.81,3.93,1,1,0.01,0.01,-5.251584161862362,14.364562940388279,0.9189414037176559,2.203219609399317,-1.4954699450174374,-2.7857190441245328,0.0,1.1648937273528766,2.438337631906207,0.0,-2.4997939936882703,1.746354252656776,0.0,-5.452399292169935,-7.804759533193842,20.417950904197017,130.35910750942855,150.77705841362558
13.912000000001315,9.81,3.93,1,1,0.01,0.01,-5.249749315473974,14.368963882787144,0.9158823217806731,2.197760007537241,-1.5634589172016589,-2.6740645610705185,0.0,1.159893331443117,2.441807463124258,0.0,-2.500598218408299,1.7234791310839501,0.0,-5.36629770274647,-7.785968645002838,20.25158974229486,130.5253550126816,150.77694475497645
13.914000000001316,9.81,3.93,1,1,0.01,0.01,-5.247920722618727,14.373354128568351,0.9126881742939782,2.1925226312634813,-1.6305367301228566,-2.563491516620047,0.0,1.1548913508506988,2.4452315575497576,0.0,-2.5013787299564254,1.7006174370370446,0.0,-5.280775765231544,-7.767308442887508,20.08725266129349,130.689579019676,150.77683168096948
13.916000000001317,9.81,3.93,1,1,0.01,0.01,-5.246098651610301,14.37773412002787,0.9093607762353897,2.1875053291782214,-1.6967107155188257,-2.4539884885669414,0.0,1.1498878326614745,2.4486099419036114,0.0,-2.502135867803973,1.6777690361396929,0.0,-5.19582618151884,-7.748779940274687,19.924940973575303,130.85177820200897,150.77671917558428
13.918000000001317,9.81,3.93,1,1,0.01,0.01,-5.244283367147045,14.382104295181499,0.9059019279706776,2.1827059724002438,-1.7619881544677167,-2.345544377976972,0.0,1.14488282328902,2.451942642636212,0.0,-2.5028699647651638,1.654933792263643,0.0,-5.1114417033654265,-7.730384125217834,19.76465598104086,131.01195124196482,150.77660722300567
13.920000000001318,9.81,3.93,1,1,0.01,0.01,-5.242475130341109,14.386465087809258,0.9023134153503719,2.1781224539354493,-1.826376281851398,-2.2381483942258535,0.0,1.1398763684878719,2.4552296859239955,0.0,-2.503581347071492,1.6321115675829962,0.0,-5.027615130694607,-7.712121959959911,19.606398975176482,131.17009683243714,150.77649580761363
13.922000000001319,9.81,3.93,1,1,0.01,0.01,-5.240674198747385,14.390816927498566,0.8985970097979263,2.173752688074703,-1.8898822905381907,-2.131790040629445,0.0,1.1348685133666248,2.458471097666094,0.0,-2.5042703344442425,1.6093022226288123,0.0,-4.944339310003902,-7.69399438052302,19.450171237118965,131.3262136768544,150.77638491397335
13.92400000000132,9.81,3.93,1,1,0.01,0.01,-5.238880826392275,14.395160239686229,0.8947544683897869,2.169594609819846,-1.952513335298619,-2.026459100642562,0.0,1.1298593024008792,2.461666903481106,0.0,-2.50493724016526,1.5865056163439655,0.0,-4.861607132873455,-7.676002296324361,19.2959740377173,131.48030048910886,150.77627452682617
13.92600000000132,9.81,3.93,1,1,0.01,0.01,-5.237095263802314,14.399495445699307,0.890787533927884,2.165646174336766,-2.014276536467267,-1.9221456246040645,0.0,1.124848779446053,2.4648171287039724,0.0,-2.5055823711460885,1.5637216061382213,0.0,-4.779411534570548,-7.65814658981806,19.143808637592116,131.63235599348795,150.77616463108006
13.92800000000132,9.81,3.93,1,1,0.01,0.01,-5.2353177580326555,14.403822962794921,0.8866979350050451,2.1619053564344397,-2.0751789833630756,-1.8188399170068683,0.0,1.1198369877500476,2.4679217983829753,0.0,-2.506206027995612,1.5409500479434344,0.0,-4.697745492745918,-7.6404281161625445,18.993676287192724,131.7823789246091,150.77605521180183
13.930000000001321,9.81,3.93,1,1,0.01,0.01,-5.2335485526954235,14.408143204199039,0.882487386063798,2.1583701500689356,-2.1352277374802435,-1.7165325242727338,0.0,1.114823969965796,2.470980937276824,0.0,-2.5068085050861986,1.5181907962688972,0.0,-4.616602026218002,-7.622847702912633,18.84557822685213,131.93036802735554,150.77594625420767
13.932000000001322,9.81,3.93,1,1,0.01,0.01,-5.231787887987965,14.412456579144289,0.8781575874490116,2.155038567871375,-2.194429835461131,-1.6152142230119002,0.0,1.1098097681636632,2.4739945698518757,0.0,-2.5073900906185638,1.495443704256655,0.0,-4.535974193840826,-7.605406149736311,18.69951568684015,132.0763220568155,150.77583774365567
13.934000000001323,9.81,3.93,1,1,0.01,0.01,-5.230036000720994,14.416763492906863,0.8737102254548009,2.1519086406989043,-2.2527922918622165,-1.5148760087494948,0.0,1.1047944238437333,2.47696272027945,0.0,-2.507951066685333,1.4727086237368672,0.0,-4.455855093452125,-7.588104228155324,18.555489887415,132.2202397782229,150.7757296656379
13.936000000001323,9.81,3.93,1,1,0.01,0.01,-5.228293124346655,14.421064346842536,0.8691469723660966,2.148978417207764,-2.310322101723831,-1.4155090851003396,0.0,1.0997779779479546,2.4798854124332648,0.0,-2.508491709333437,1.4499854052830279,0.0,-4.3762378608976205,-7.570942681309256,18.413502038873236,132.36211996689943,150.77562200577268
13.938000000001324,9.81,3.93,1,1,0.01,0.01,-5.226559488986496,14.425359538421855,0.8644694864952639,2.1462459634475732,-2.367026242953605,-1.3171048533757295,0.0,1.0947604708721759,2.482762669886973,0.0,-2.5090122886253963,1.427273898267126,0.0,-4.297115669128324,-7.553922223742551,18.273553341598664,132.5019614081987,150.77551474979737
13.940000000001325,9.81,3.93,1,1,0.01,0.01,-5.2248353214593894,14.429649461264534,0.8596794122141322,2.143709362475983,-2.422911678533727,-1.2196549026053272,0.0,1.0897419424780517,2.485594515911821,0.0,-2.50951306869955,1.4045739509145856,0.0,-4.218481727367116,-7.537043541213873,18.135644986109916,132.63976289745162,150.77540788356154
13.942000000001325,9.81,3.93,1,1,0.01,0.01,-5.223120845309381,14.433934505173106,0.8547783799817792,2.141366713992881,-2.477985358561085,-1.1231509999590887,0.0,1.0847224321048348,2.4883809734744013,0.0,-2.50999430782931,1.3818854103590288,0.0,-4.140329280341572,-7.520307290527339,17.999778153107286,132.7755232399124,150.77530139301967
13.944000000001326,9.81,3.93,1,1,0.01,0.01,-5.221416280833489,14.438215056165856,0.8497680063683928,2.1392161339933695,-2.5322542221295348,-1.0275850815538061,0.0,1.0797019785810438,2.491122065234534,0.0,-2.5104562584815038,1.359208122696733,0.0,-4.062651607579638,-7.503714099385112,17.865954013518845,132.90924125070669,150.77519526422554
13.946000000001327,9.81,3.93,1,1,0.01,0.01,-5.219721845109465,14.442491496509078,0.8446498940755209,2.1372557544387543,-2.5857251990629053,-0.932949243630325,0.0,1.074680620236021,2.4938178135432394,0.0,-2.510899167373815,1.33654193304081,0.0,-3.9854420227652705,-7.48726456626062,17.734173728545674,133.04091575477938,150.77508948332505
13.948000000001327,9.81,3.93,1,1,0.01,0.01,-5.21803775202351,14.446764204748693,0.8394256319529964,2.13548372294482,-2.6384052115069925,-0.8392357340875483,0.0,1.0696583949113703,2.496468240440825,0.0,-2.511323275531425,1.313886685575019,0.0,-3.908693873150987,-7.470959260292075,17.604438449706887,133.17054558684373,150.77498403655062
13.950000000001328,9.81,3.93,1,1,0.01,0.01,-5.216364212297965,14.45103355574126,0.8340967950128123,2.133898202486693,-2.6903011753886377,-0.7464369443601668,0.0,1.0646353399722954,2.499073367655085,0.0,-2.5117288183428688,1.2912422236072263,0.0,-3.8324005390246074,-7.454798721195551,17.476749318884394,133.298129591331,150.7748789102154
13.952000000001329,9.81,3.93,1,1,0.01,0.01,-5.214701433518979,14.455299920684418,0.8286649444402064,2.1324973711196162,-2.741420001749571,-0.6545454016273107,0.0,1.0596114923188058,2.5016332165995983,0.0,-2.5121160256151516,1.2686083896223779,0.0,-3.7565554332271853,-7.438783459197152,17.351107468367136,133.4236666223404,150.77477409070752
13.95400000000133,9.81,3.93,1,1,0.01,0.01,-5.213049620164145,14.459563667146769,0.8231316276021959,2.131279421714983,-2.7917685979623545,-0.5635537613403545,0.0,1.0545868883968348,2.504147808372134,0.0,-2.5124851216281634,1.2459850253350782,0.0,-3.6811520007198504,-7.422913954983619,17.227514020895633,133.5471555435892,150.77466956448484
13.95600000000133,9.81,3.93,1,1,0.01,0.01,-5.211408973630138,14.46382515909727,0.8174983780537929,2.130242561711009,-2.8413538688355877,-0.4734548000579608,0.0,1.0495615642092369,2.506617163753168,0.0,-2.512836325188445,1.2233719717416354,0.0,-3.606183718196713,-7.407190659670914,17.10597008970646,133.66859522836342,150.77456531806988
13.95800000000133,9.81,3.93,1,1,0.01,0.01,-5.209779692260331,14.468084756934124,0.8117667155421142,2.1293850128774334,-2.8901827176152777,-0.3842414085773058,0.0,1.044535555326676,2.5090413032044916,0.0,-2.513169849682285,1.2007690691715727,0.0,-3.531644093741466,-7.39161399479001,16.986476778576666,133.78798455946776,150.77446133804443
13.960000000001331,9.81,3.93,1,1,0.01,0.01,-5.208161971372409,14.472342817513214,0.8059381460085873,2.128705011093673,-2.938262046888694,-0.2959065853509897,0.0,1.0395088968984234,2.5114202468679334,0.0,-2.5134859031282533,1.1781761573386311,0.0,-3.4575266665255038,-7.376184352289578,16.869035181868934,133.9053224291763,150.77435761104522
13.962000000001332,9.81,3.93,1,1,0.01,0.01,-5.206556003285977,14.476599694176121,0.8000141615894394,2.1282008061398643,-2.9855987593974462,-0.20844343017894484,0.0,1.0344816236630363,2.5137540145641752,0.0,-2.5137846882291077,1.1555930753911419,0.0,-3.3838250065449778,-7.360902094554667,16.753646384576726,134.02060773918245,150.7742541237592
13.964000000001333,9.81,3.93,1,1,0.01,0.01,-5.204961977350176,14.480855736777723,0.7939962406146481,2.1278706615002534,-3.0321997587654304,-0.12184513816577525,0.0,1.029453769958933,2.5160426257916764,0.0,-2.5140664024231976,1.1330196619617838,0.0,-3.31053271439477,-7.34576755444116,16.64031146237017,134.13383940054908,150.77415086291924
13.966000000001333,9.81,3.93,1,1,0.01,0.01,-5.203380079971294,14.48511129171341,0.7878858476055146,2.127712854178417,-3.0780719501478333,-0.03610499393398037,0.0,1.0244253697348782,2.5182860997256844,0.0,-2.5143312379352674,1.1104557552167482,0.0,-3.2376434210773852,-7.330781035325034,16.52903148164228,134.2450163336575,150.77404781529978
13.968000000001334,9.81,3.93,1,1,0.01,0.01,-5.201810494640387,14.48936670194596,0.7816844332710139,2.1277256745238073,-3.123222240806636,0.04878363391617446,0.0,1.0193964565603608,2.5204844552173538,0.0,-2.514579381826779,1.087901192904217,0.0,-3.1651507878445435,-7.31594281116614,16.419807499556093,134.3541374681567,150.7739449677128
13.970000000001335,9.81,3.93,1,1,0.01,0.01,-5.2002534019609135,14.493622307032053,0.7753934345030628,2.127907426069135,-3.1676575406181127,0.13282729810896332,0.0,1.0143670636358628,2.522637710792963,0.0,-2.5148110160457353,1.0653558124021336,0.0,-3.093048506069541,-7.301253126585849,16.31264056409239,134.4612017429119,150.7738423070043
13.972000000001335,9.81,3.93,1,1,0.01,0.01,-5.198708979676365,14.497878443148496,0.7690142743708366,2.1282564253781313,-3.211384762517604,0.2160324777659468,0.0,1.009337223803038,2.524745884653211,0.0,-2.5150263174759715,1.04281945076531,0.0,-3.0213302971486833,-7.286712196957818,16.20753171409813,134.56620810595183,150.77373982004997
13.974000000001336,9.81,3.93,1,1,0.01,0.01,-5.197177402697925,14.502135443118128,0.7625483621142551,2.1287710019032287,-3.2544108228863755,0.29840558325735844,0.0,1.004306969554805,2.5268089946726238,0.0,-2.515225457986009,1.0202919447718293,0.0,-2.949989912429948,-7.272320208511549,16.104481979336185,134.66915551441605,150.77363749375223
13.976000000001337,9.81,3.93,1,1,0.01,0.01,-5.195658843132132,14.506393636435478,0.7559970931367481,2.1294494978527325,-3.296742641885746,0.37995296084027474,0.0,0.99927633304531,2.5288270583990484,0.0,-2.515408604477421,0.9977731309686357,0.0,-2.8790211331668787,-7.2580773184480005,16.00349238053552,134.77004293450125,150.77353531503678
13.978000000001337,9.81,3.93,1,1,0.01,0.01,-5.194153470308561,14.510653349292136,0.7493618489974018,2.1302902680670592,-3.33838714374283,0.4606808970906153,0.0,0.9942453460998231,2.530800093053231,0.0,-2.5155759189327336,0.9752628457164412,0.0,-2.8084177704964923,-7.243983655066696,15.904563929442673,134.8688693414063,150.77343327084898
13.980000000001338,9.81,3.93,1,1,0.01,0.01,-5.1926614508075195,14.514914904601914,0.742643997402578,2.13129167990364,-3.3793512569925865,0.5405956231365381,0.0,0.9892140402245336,2.5327281155284895,0.0,-2.5157275584628755,0.9527609252338627,0.0,-2.7381736654394007,-7.230039317903775,15.807697628874362,134.9656337192769,150.77333134815126
13.982000000001339,9.81,3.93,1,1,0.01,0.01,-5.1911829484877625,14.519178622025766,0.7358448921970905,2.1324521131300993,-3.419641914680468,0.6197033187003618,0.0,0.9841824466162324,2.5346111423904767,0.0,-2.5158636753541908,0.930267205640716,0.0,-2.668282688920461,-7.216244377880472,15.712894472771026,135.06033506114886,150.7732295339199
13.98400000000134,9.81,3.93,1,1,0.01,0.01,-5.189718124514225,14.523444817996504,0.72896587335501,2.133769959825329,-3.459266054529879,0.6980101159553849,0.0,0.9791505961719259,2.536449189877019,0.0,-2.5159844171149732,0.9077815230006013,0.0,-2.5987387418089285,-7.202598877461296,15.620155446251632,135.1529723688906,150.77312781514223
13.98600000000134,9.81,3.93,1,1,0.01,0.01,-5.188267137385772,14.527713805743335,0.7220082669701677,2.1352436242881,-3.4982306190783667,0.7755221032044157,0.0,0.9741185194983433,2.538242273898053,0.0,-2.516089926521599,0.8853037133626406,0.0,-2.5295357549763473,-7.1891028308215565,15.529481525669889,135.24354465314428,150.77302617881418
13.98800000000134,9.81,3.93,1,1,0.01,0.01,-5.186830142962969,14.531985895316215,0.7149733852464142,2.1368715229528528,-3.5365425557866876,0.8522453283862119,0.0,0.9690862469213534,2.53999041003563,0.0,-2.516180341664178,0.8628336128024188,0.0,-2.460667689371037,-7.175756224023477,15.44087367867138,135.33205093326606,150.77292461193744
13.990000000001341,9.81,3.93,1,1,0.01,0.01,-5.185407294495874,14.536261393610033,0.707862526487683,2.1386520843123407,-3.574208817124299,0.9281858024158891,0.0,0.9640538084952882,2.541693613544017,0.0,-2.5162557959917966,0.8403710574620976,0.0,-2.392128536107835,-7.162559015200484,15.35433286425234,135.4184902372651,150.77282310151745
13.992000000001342,9.81,3.93,1,1,0.01,0.01,-5.183998742651842,14.54054060438867,0.700676975087905,2.1405837488467854,-3.611236360635026,1.0033495023649426,0.0,0.959021234012192,2.54335189934986,0.0,-2.516316418357284,0.8179158835897609,0.0,-2.3239123165720907,-7.149511134749,15.26986003281957,135.5028616017409,150.77272163456047
13.994000000001343,9.81,3.93,1,1,0.01,0.01,-5.1826046355433615,14.544823828308896,0.6934180015208082,2.1426649689592425,-3.647632148986489,1.0777423744870187,0.0,0.9539885530109536,2.544965282052446,0.0,-2.516362333061575,0.7954679275778449,0.0,-2.256013082536342,-7.136612485527315,15.187456126251886,135.58516407182043,150.7726201980723
13.996000000001343,9.81,3.93,1,1,0.01,0.01,-5.1812251187559015,14.54911136294416,0.6860868623296311,2.1448942089168663,-3.683403150006619,1.1513703370941843,0.0,0.9489557947863806,2.5465337759240194,0.0,-2.516393659897579,0.7730270260008437,0.0,-2.1884249162891583,-7.123862943060826,15.107122077962806,135.66539670109265,150.77251877905545
13.998000000001344,9.81,3.93,1,1,0.01,0.01,-5.179860335375783,14.553403502808267,0.678684800116774,2.1472699447977828,-3.7185563367106376,1.2242392832895561,0.0,0.9439229883981622,2.5480573949101863,0.0,-2.516410514193642,0.7505930156521092,0.0,-2.121141930774591,-7.111262355753287,15.028858812964891,135.74355855154252,150.77241736450742
14.000000000001345,9.81,3.93,1,1,0.01,0.01,-5.178510426018072,14.55770053937895,0.6712130435334033,2.1497906644432874,-3.753098687321734,1.2963550835610054,0.0,0.9388901626797607,2.5495361526303912,0.0,-2.5164130068565296,0.7281657335798616,0.0,-2.0541582697415963,-7.098810545103376,14.9526672479354,135.81964869348366,150.77231594141907
14.002000000001345,9.81,3.93,1,1,0.01,0.01,-5.177175528854492,14.562002761121345,0.6636728072690173,2.1524548674150976,-3.78703718528858,1.3677235882409602,0.0,0.9338573462472062,2.5509700623784584,0.0,-2.5164012444139594,0.705745017122355,0.0,-1.987468107902344,-7.0865073059261094,14.878548291283453,135.89366620548918,150.77221449677265
14.004000000001346,9.81,3.93,1,1,0.01,0.01,-5.175855779641359,14.56631045351141,0.6560652920409786,2.155261064957392,-3.82037881930263,1.4383506298369086,0.0,0.9288245675078216,2.552359137123209,0.0,-2.5163753290566744,0.683330703942242,0.0,-1.9210656510986506,-7.07435240657859,14.80650284321886,135.96561017432145,150.7721130175403
14.006000000001347,9.81,3.93,1,1,0.01,0.01,-5.174551311747534,14.570623899059237,0.6483916845840085,2.1582077799633876,-3.853130583318436,1.508242025237398,0.0,0.9237918546688484,2.5537033895091406,0.0,-2.516335358680031,0.6609226320600906,0.0,-1.8549451364755876,-7.062345589189471,14.736531795822177,136.03547969486024,150.77201149068242
14.008000000001347,9.81,3.93,1,1,0.01,0.01,-5.1732622561824,14.574943377332334,0.6406531576396365,2.1612935469462085,-3.8852994765795543,1.5774035777977224,0.0,0.9187592357459933,2.555002831857178,0.0,-2.5162814269251346,0.6385206398870784,0.0,-1.7891008326615414,-7.050486569891746,14.66863603311657,136.1032738700295,150.77190990314608
14.010000000001348,9.81,3.93,1,1,0.01,0.01,-5.171988741623859,14.57926916497883,0.6328508699455889,2.1645169120138057,-3.916892503653104,1.6458410793095277,0.0,0.9137267385719081,2.5562574761654853,0.0,-2.5162136232194787,0.6161245662569312,0.0,-1.723527039954183,-7.038775039058217,14.602816431141202,136.16899181072267,150.77180824186388
14.012000000001349,9.81,3.93,1,1,0.01,0.01,-5.1707308944463515,14.58360153575065,0.6249859662250986,2.1678764328477076,-3.94791667447569,1.7135603118587535,0.0,0.9086943908045616,2.557467334110347,0.0,-2.516132032817113,0.5937342504569697,0.0,-1.6582180905112662,-7.027210661539234,14.539073858026072,136.23263263572676,150.77170649375284
14.01400000000135,9.81,3.93,1,1,0.01,0.01,-5.169488838748893,14.58794076052664,0.6170595771761079,2.1713706786853755,-3.978379004413437,1.7805670495754211,0.0,0.9036622199355613,2.558632417047093,0.0,-2.5160367368382826,0.5713495322584575,0.0,-1.5931683485461503,-7.015793076902017,14.477409174068484,136.29419547164392,150.7716046457124
14.01600000000135,9.81,3.93,1,1,0.01,0.01,-5.168262696383139,14.592287107335663,0.6090728194603362,2.1749982303059543,-4.008286514338744,1.8468670602796626,0.0,0.8986302532983672,2.559752736011115,0.0,-2.5159278123086173,0.5489702519460589,0.0,-1.528372210526911,-7.00452189967133,14.417823231811173,136.3536794528133,150.7715026846245
14.01800000000135,9.81,3.93,1,1,0.01,0.01,-5.167052586981466,14.596640841379672,0.6010267956921747,2.1787576800192157,-4.037646230726452,1.9124661070270106,0.0,0.8935985180764574,2.5608283017189026,0.0,-2.515805332197758,0.5265962503466313,0.0,-1.4638241053790981,-6.993396719570673,14.3603168761219,136.41108372122943,150.77140059735132
14.020000000001351,9.81,3.93,1,1,0.01,0.01,-5.16585862798508,14.601002225056767,0.5929225944273667,2.1826476316574923,-4.0664651857720235,1.9773699495573325,0.0,0.8885670413113876,2.561859124569172,0.0,-2.5156693654575166,0.5042273688571396,0.0,-1.3995184946910355,-6.982417101763802,14.304890944274772,136.4664074264606,150.77129837073537
14.022000000001352,9.81,3.93,1,1,0.01,0.01,-5.164680934672142,14.605371517984228,0.5847612901514289,2.186666700570418,-4.0947504175342875,2.0415843456500626,0.0,0.8835358499108023,2.562845214644021,0.0,-2.5155199770594705,0.4818634494719271,0.0,-1.33544987292183,-6.971582587095781,14.251546266033037,136.5196497255646,150.77119599159764
14.024000000001353,9.81,3.93,1,1,0.01,0.01,-5.163519620185923,14.60974897702155,0.5765439432677584,2.1908135136222864,-4.1225089701052955,2.105115052389798,0.0,0.8785049706563456,2.563786581710157,0.0,-2.5153572280320535,0.45950433480914676,0.0,-1.271612767611117,-6.960892692333307,14.200283663733519,136.57080978300385,150.77109344673738
14.026000000001353,9.81,3.93,1,1,0.01,0.01,-5.162374795562979,14.61413485629347,0.5682716000853727,2.195086709191855,-4.149747893809769,2.1679678273449228,0.0,0.8734744302115182,2.564683235220172,0.0,-2.5151811754971085,0.4371498681365417,0.0,-1.208001739590667,-6.950346910403718,14.151103952372765,136.61988677055857,150.77099072293134
14.028000000001354,9.81,3.93,1,1,0.01,0.01,-5.161246569761354,14.618529407212998,0.5599452928062182,2.19948493717442,-4.176474245436797,2.2301484296626986,0.0,0.868444255129455,2.5655351843138616,0.0,-2.514991872705877,0.41479989339649365,0.0,-1.1446113831972666,-6.9399447106321075,14.104007939694608,136.66687986723807,150.77088780693268
14.030000000001355,9.81,3.93,1,1,0.01,0.01,-5.1601350496888045,14.622932878504457,0.5515660395119806,2.2040068589860033,-4.202695088506128,2.2916626210837587,0.0,0.8634144718606301,2.5663424378196025,0.0,-2.514789369074454,0.39245425523037536,0.0,-1.0814363264866704,-6.929685538976206,14.05899642627947,136.71178825919114,150.7707846854706
14.032000000001355,9.81,3.93,1,1,0.01,0.01,-5.159040340231057,14.627345516226526,0.5431348441503272,2.2086511475694888,-4.2284174935716585,2.352516166878904,0.0,0.8583851067604884,2.5671050042557706,0.0,-2.5145737102186736,0.3701127990022237,0.0,-1.0184712314483828,-6.919568818258442,14.0160702056351,136.7546111396145,150.77068134524959
14.034000000001356,9.81,3.93,1,1,0.01,0.01,-5.157962544280087,14.631767563795304,0.5346526965205016,2.2134164874025544,-4.253648538564632,2.412714836710992,0.0,0.8533561860970152,2.5678228918322157,0.0,-2.5143449379884464,0.34777537082177956,0.0,-0.9557107942211652,-6.90959394839474,13.975230064289143,136.7953477086599,150.77057777294905
14.036000000001357,9.81,3.93,1,1,0.01,0.01,-5.156901762762434,14.636199262007384,0.5261205722581913,2.2183015745072607,-4.278395309179066,2.4722644054246645,0.0,0.8483277360582334,2.568496108451768,0.0,-2.514103090501495,0.32544181756687685,0.0,-0.8931497453090206,-6.899760306619471,13.936476781882991,136.8339971733397,150.77047395522268
14.038000000001357,9.81,3.93,1,1,0.01,0.01,-5.155858094667542,14.640640849062963,0.5175394328195794,2.2233051164611446,-4.302664899301939,2.5311706537665013,0.0,0.8432997827596354,2.569124661711803,0.0,-2.5138482021765474,0.3031119869052341,0.0,-0.8307828497976458,-6.890067247706255,13.899811131267477,136.8705587474306,150.7703698786981
14.040000000001358,9.81,3.93,1,1,0.01,0.01,-5.154831637076136,14.645092560588955,0.5089102254644889,2.2284258324096866,-4.326464411490747,2.589439369038109,0.0,0.838272352251549,2.5697085589058357,0.0,-2.51358030376592,0.28078572731565044,0.0,-0.7686049075712321,-6.880514104183925,13.865233878599952,136.9050316513763,150.77026552997626
14.042000000001359,9.81,3.93,1,1,0.01,0.01,-5.153822485188632,14.649554629662145,0.5002338832385236,2.2336624530800218,-4.34980095750106,2.647076345684754,0.0,0.8332454705264304,2.57024780702517,0.0,-2.5132994223875262,0.2584628881086075,0.0,-0.7066107535295391,-6.871100186547293,13.832745783442991,136.93741511218843,150.77016089563142
14.04400000000136,9.81,3.93,1,1,0.01,0.01,-5.152830732353587,14.654027286832365,0.4915113249540997,2.2390137207957617,-4.372681658866611,2.7040873858214356,0.0,0.8282191635261157,2.570742412760578,0.0,-2.5130055815562935,0.23614331944641084,0.0,-0.6447952578055659,-6.861824783462213,13.802347598864715,136.96770836334593,150.77005596221065
14.04600000000136,9.81,3.93,1,1,0.01,0.01,-5.151856470096181,14.658510760145706,0.4827434551702642,2.2444783894928113,-4.395113647534825,2.7604782996993036,0.0,0.8231934571489832,2.571192382504024,0.0,-2.512698801214969,0.21382687236272033,0.0,-0.5831533259833984,-6.852687161964369,13.77404007154045,136.99591064469297,150.7699507162334
14.04800000000136,9.81,3.93,1,1,0.01,0.01,-5.150899788146748,14.663005275167755,0.4739311641711835,2.2500552247360583,-4.41710406656026,2.816254906113964,0.0,0.8181683772570756,2.57159772235043,0.0,-2.512379097764349,0.19151339878166962,0.0,-0.5216798993168205,-6.843686567651461,13.747823941856218,137.0220212023355,150.76984514419172
14.050000000001361,9.81,3.93,1,1,0.01,0.01,-5.1499607744693465,14.667511055006875,0.46507532794318546,2.255743003736824,-4.438660070859074,2.8714230327582158,0.0,0.8131439496831502,2.571958438099467,0.0,-2.5120464840928745,0.16920275153648912,0.0,-0.46036995494852145,-6.834822224868085,13.72369994401337,137.04603928853595,150.7697392325493
14.052000000001362,9.81,3.93,1,1,0.01,0.01,-5.149039515290381,14.67202832033751,0.4561768081502285,2.2615405153709656,-4.459788828027103,2.9259885165209845,0.0,0.808120200237674,2.5722745352574004,0.0,-2.5117009696056525,0.14689478438771367,0.0,-0.3992185061302396,-6.826093336883039,13.701668806135118,137.06796416160705,150.76963296774215
14.054000000001363,9.81,3.93,1,1,0.01,0.01,-5.148136095127273,14.676557289423538,0.447236452107669,2.2674465601975236,-4.4804975192247385,2.9799572037345134,0.0,0.8030971547157602,2.572546019038959,0.0,-2.5113425602528467,0.12458935204098887,0.0,-0.3382206024440279,-6.817499086058364,13.681731250374252,137.08779508580363,150.76952633617788
14.056000000001363,9.81,3.93,1,1,0.01,0.01,-5.147250596817185,14.681098178141653,0.4382550927541896,2.2734599504778146,-4.500793340131466,3.033334950371442,0.0,0.7980748389040633,2.5727728943692405,0.0,-2.510971258557477,0.10228631016456555,0.0,-0.27737133002507797,-6.809038634009752,13.66388799302258,137.10553133121326,150.76941932423583
14.058000000001364,9.81,3.93,1,1,0.01,0.01,-5.146383101545802,14.68565120000479,0.4292335486217458,2.2795795101948686,-4.520683501973346,3.0861276221940277,0.0,0.7930532785875869,2.572955165885658,0.0,-2.51058706364259,0.07998551540636828,0.0,-0.2166658117860244,-6.800711121757731,13.648139744621531,137.12117217364533,150.76931191826685
14.060000000001365,9.81,3.93,1,1,0.01,0.01,-5.1455336888761805,14.690216566185587,0.4201726238033822,2.285804075073118,-4.540175232626477,3.1383410948565533,0.0,0.7880324995564695,2.573092837939911,0.0,-2.5101899712578537,0.0576868254108753,0.0,-0.15609920764364665,-6.792515669869198,13.634487210074571,137.1347168945186,150.76920410459317
14.062000000001365,9.81,3.93,1,1,0.01,0.01,-5.144702436777657,14.69479448553989,0.41107310791876317,2.2921324925982476,-4.559275777799961,3.189981253963125,0.0,0.7830125276127032,2.5731859146000025,0.0,-2.509779973805524,0.0353900988356923,0.0,-0.09566671474796323,-6.784451378588721,13.622931088760868,137.14616478074788,150.76909586950876
14.064000000001366,9.81,3.93,1,1,0.01,0.01,-5.143889421654833,14.699385164630298,0.40193577607725495,2.298563622037115,-4.577992402301706,3.2410539950820896,0.0,0.7779933885768013,2.5732343996522737,0.0,-2.509357060365816,0.01309519536792679,0.0,-0.0353635677143647,-6.7765173279591036,13.613472074650293,137.15551512462844,150.76898719927874
14.066000000001367,9.81,3.93,1,1,0.01,0.01,-5.143094718376635,14.703988807749734,0.39276138883839073,2.305096334457658,-4.5963323913906295,3.291565223718653,0.0,0.7729751082944166,2.5732382966034852,0.0,-2.508921216721686,-0.009198024259613191,0.0,0.024814961140751587,-6.768712577930732,13.606110856420068,137.16276722371973,150.76887808013979
14.068000000001367,9.81,3.93,1,1,0.01,0.01,-5.142318400305454,14.708605616945082,0.3835506921695414,2.311729512748709,-4.614303052219065,3.3415208552470848,0.0,0.7679577126429133,2.5731976086829214,0.0,-2.50847242538301,-0.0314896982523305,0.0,0.0848735615602242,-6.7610361684591,13.600848117572593,137.16792038072742,150.7687684983
14.070000000001368,9.81,3.93,1,1,0.01,0.01,-5.141560539326377,14.713235792040834,0.37430441740060844,2.3184620516396315,-4.6319117153690925,3.3909268148038296,0.0,0.7629412275378902,2.5731123388445303,0.0,-2.508010665610199,-0.05377996373784395,0.0,0.14481688510171556,-6.753487119590055,13.597684536554826,137.17097390338392,150.76865843993875
14.072000000001369,9.81,3.93,1,1,0.01,0.01,-5.140821205876507,14.717879530662803,0.36502328117554667,2.3252928577197056,-4.6491657364869265,3.4397890371428517,0.0,0.7579256789396556,2.5729824897690956,0.0,-2.507535913437218,-0.07606895675002096,0.0,0.20464954488793274,-6.746064431532145,13.596620786878903,137.17192710432806,150.76854789120696
14.07400000000137,9.81,3.93,1,1,0.01,0.01,-5.14010046897439,14.722537028261852,0.35570798540051696,2.3322208494571885,-4.666072498019394,3.488113466454324,0.0,0.7529110928596578,2.5728080638664426,0.0,-2.5070481416940575,-0.09835681221299805,0.0,0.26437611535079325,-6.738767084715554,13.59765753724421,137.170779300983,150.76843683822722
14.07600000000137,9.81,3.93,1,1,0.01,0.01,-5.139398396249544,14.72720847813768,0.34635921718845997,2.3392449572179754,-4.682639411057008,3.5359060561478524,0.0,0.7478974953668698,2.5725890632776673,0.0,-2.506547320028635,-0.12064366392513112,0.0,0.3240011319687494,-6.731594039837018,13.60079545166063,137.16752981543277,150.76832526709342
14.07800000000137,9.81,3.93,1,1,0.01,0.01,-5.138715053972101,14.731894071462627,0.3369776487998738,2.3463641232837933,-4.698873917287936,3.5831727686011923,0.0,0.7428849125941336,2.57232548987741,0.0,-2.5060334149281775,-0.14292964454281393,0.0,0.3835290909964278,-6.7245442378902265,13.606035189573301,137.16217797429772,150.76821316387102
14.080000000001371,9.81,3.93,1,1,0.01,0.01,-5.1380505070825775,14.736593997305526,0.32756393757956836,2.3535773018698576,-4.714783491067829,3.6299195748755695,0.0,0.7378733707444618,2.572017345276156,0.0,-2.5055063897400656,-0.16521488556412292,0.0,0.4429644491857392,-6.71761660018101,13.61337740598856,137.15472310860895,150.7681005145975
14.082000000001372,9.81,3.93,1,1,0.01,0.01,-5.137404819221772,14.741308442655592,0.3181187258891608,2.360883459141927,-4.730375641610266,3.6761524543983524,0.0,0.7328628960972946,2.571664630822561,0.0,-2.5049662046921752,-0.1874995173122157,0.0,0.502311623497482,-6.710810028326804,13.622822751601081,137.14516455368062,150.7679873052817
14.084000000001373,9.81,3.93,1,1,0.01,0.01,-5.136778052760803,14.746037592446335,0.3086426410350645,2.368281573232693,-4.745657915303021,3.721877394614098,0.0,0.7278535150147167,2.5712673476058274,0.0,-2.5044128169127404,-0.20978366891843964,0.0,0.5615749908024826,-6.7041234042397395,13.634371872922506,137.13350164898188,150.7678735219044
14.086000000001373,9.81,3.93,1,1,0.01,0.01,-5.136170268831296,14.750781629579507,0.2991362951917157,2.375770634257438,-4.760637898155526,3.7671003906045266,0.0,0.7228452539476443,2.5708254964581014,0.0,-2.503846180449745,-0.23206746830503863,0.0,0.6207588875710794,-6.697555590092735,13.648025412411084,137.11973373800726,150.76775915041833
14.088000000001374,9.81,3.93,1,1,0.01,0.01,-5.135581527355725,14.755540734949088,0.28960028531976917,2.3833496443289053,-4.775323218383197,3.811827444678271,0.0,0.7178381394419623,2.5703390779569046,0.0,-2.503266246289875,-0.25435104216744314,0.0,0.6798676095499555,-6.691105428267944,13.663784008602583,137.1038601681454,150.76764417674798
14.090000000001375,9.81,3.93,1,1,0.01,0.01,-5.13501188707793,14.760315087465294,0.28003519307898356,2.391017617571318,-4.789721549134393,3.8560645659310073,0.0,0.7128321981446236,2.5698080924276105,0.0,-2.5026729623770723,-0.27663451595606015,0.0,0.7389054114250837,-6.684771741286945,13.6816482962425,137.08588029054724,150.76752858678975
14.092000000001375,9.81,3.93,1,1,0.01,0.01,-5.134461405593808,14.76510486407861,0.270441584735505,2.398773580133488,-4.803840611366293,3.8998177697763885,0.0,0.7078274568097274,2.5692325399459555,0.0,-2.502066273630696,-0.2989180138574284,0.0,0.7978765064693449,-6.678553331721934,13.701618906419348,137.065793459993,150.76741236641234
14.094000000001376,9.81,3.93,1,1,0.01,0.01,-5.133930139382202,14.769910239803854,0.26082001106324465,2.4066165702009608,-4.817688176876085,3.9430930774484088,0.0,0.7028239423045407,2.5686124203405787,0.0,-2.501446121963339,-0.32120165877474793,0.0,0.8567850661737016,-6.672448982087268,13.72369646669902,137.04359903475734,150.76729550145635
14.096000000001377,9.81,3.93,1,1,0.01,0.01,-5.133418143835983,14.774731387744263,0.25117100723903324,2.414545638007132,-4.8312720714941335,3.985896515475475,0.0,0.697821681615497,2.5679477331956133,0.0,-2.5008124462983465,-0.3434855723076393,0.0,0.9156352198603264,-6.666457454710682,13.747881601260435,137.01929637647402,150.76717797773446
14.098000000001377,9.81,3.93,1,1,0.01,0.01,-5.1329254732933585,14.779568479115591,0.2414950927312212,2.42255984584329,-4.8446001784463215,4.028234115126538,0.0,0.692820701854161,2.5672384778533157,0.0,-2.500165182587055,-0.3657698747310416,0.0,0.9744310542761595,-6.660577491583386,13.774174931032174,136.9928848499994,150.76705978103158
14.100000000001378,9.81,3.93,1,1,0.01,0.01,-5.1324521810694055,14.784421683270248,0.2317927711813788,2.4306582680675186,-4.857680441892825,4.070111911829548,0.0,0.6878210302631531,2.566484653416736,0.0,-2.499504263825819,-0.3880546849732011,0.0,1.0331766131654119,-6.654807814188371,13.802577073830182,136.9643638232747,150.7669408971049
14.102000000001379,9.81,3.93,1,1,0.01,0.01,-5.131998319487851,14.789291167721428,0.22206453027873607,2.4388399911124097,-4.870520870651183,4.11153594456235,0.0,0.6828226942220393,2.5656862587524305,0.0,-2.4988296200728537,-0.4103401205926127,0.0,1.091875896819203,-6.649147123306067,13.833088644496515,136.93373266718712,150.76682131168363
14.10400000000138,9.81,3.93,1,1,0.01,0.01,-5.131563939913103,14.794177098167273,0.2123108416269853,2.447104113491533,-4.883129542111689,4.152512255216119,0.0,0.6778257212531952,2.5648432924932285,0.0,-2.4981411784649676,-0.4326262977538117,0.0,1.1505328616005515,-6.643594098796668,13.865710255039051,136.9009907554301,150.76670101046915
14.10600000000138,9.81,3.93,1,1,0.01,0.01,-5.131149092782566,14.799079638515035,0.2025321606030538,2.4554497458046023,-4.895514606353529,4.1930468879312555,0.0,0.6728301390276348,2.5639557530410473,0.0,-2.4974388632342395,-0.45491333120191574,0.0,1.2091514194428439,-6.638147399358267,13.900442514772266,136.86613746436288,150.76657997913514
14.10800000000138,9.81,3.93,1,1,0.01,0.01,-5.130753827639243,14.803998950905259,0.1927289262074358,2.4638760107412865,-4.907684290470772,4.233145888405833,0.0,0.6678359753707959,2.563023638569752,0.0,-2.496722595724681,-0.4772013342358278,0.0,1.2677354373198524,-6.6328056622599165,13.937286030458786,136.82917217286843,150.7664582033272
14.110000000001381,9.81,3.93,1,1,0.01,0.01,-5.130378193164641,14.808935195735955,0.1829015609056553,2.472382043083611,-4.919646903117247,4.272815303176211,0.0,0.6628432582682996,2.562046947028082,0.0,-2.4959922944089925,-0.4994904186799337,0.0,1.3262887366850784,-6.627567503048851,13.976241406451953,136.79009426221126,150.7663356686632
14.112000000001382,9.81,3.93,1,1,0.01,0.01,-5.130022237212012,14.813888531686796,0.1730504704604116,2.4809669897068907,-4.93141083928024,4.312061178869557,0.0,0.6578520158716872,2.561025676142626,0.0,-2.495247874905465,-0.5217806948541545,0.0,1.3848150928781635,-6.622431515230941,14.017309244839163,136.7489031158938,150.76621236073296
14.114000000001383,9.81,3.93,1,1,0.01,0.01,-5.129686006839932,14.818859115743297,0.1631760437539409,2.489630009579142,-4.942984585293155,4.350889561428125,0.0,0.6528622765041014,2.5599598234208627,0.0,-2.4944892499951017,-0.5440722715422976,0.0,1.443318234496237,-6.6173962699234385,14.060490145585959,136.70559811951202,150.76608826509798
14.116000000001383,9.81,3.93,1,1,0.01,0.01,-5.129369548346247,14.823847103221,0.15327865260010415,2.4983702737589115,-4.9543767240977035,4.389306495304633,0.0,0.6478740686659408,2.558849386154267,0.0,-2.493716329639087,-0.5663652559585055,0.0,1.5018018427275739,-6.612460315479176,14.105784706681034,136.66017866061077,150.7659633672918
14.118000000001384,9.81,3.93,1,1,0.01,0.01,-5.129072907302412,14.82885264778965,0.143358651545692,2.507186965391469,-4.96559594076699,4.427318022628143,0.0,0.6428874210404949,2.557694361421484,0.0,-2.49292902099665,-0.5886597537115953,0.0,1.5602695506448059,-6.607622177081105,14.153193524281626,136.6126441285378,150.7658376528194
14.120000000001385,9.81,3.93,1,1,0.01,0.01,-5.128796128588227,14.833875901497366,0.1334163776604131,2.516079279703301,-4.976651028300938,4.464930182340046,0.0,0.6379023624995181,2.5564947460915795,0.0,-2.492127228443482,-0.6109558687672766,0.0,1.6187249424553347,-6.602880356306378,14.202717192859964,136.56299391429758,150.76571110715753
14.122000000001385,9.81,3.93,1,1,0.01,0.01,-5.128539256427013,14.838917014794797,0.12345215031500885,2.525046423994845,-4.987550893706475,4.502149009299117,0.0,0.6329189221087863,2.5552505368273613,0.0,-2.4913108535907664,-0.63325370340792,0.0,1.677171552705631,-6.598233330658732,14.254356305349772,136.51122741040416,150.76558371575393
14.124000000001386,9.81,3.93,1,1,0.01,0.01,-5.128302334421244,14.843976136559256,0.11346627094691274,2.5340876176314047,-4.998304564375043,4.538980533355018,0.0,0.627937129133594,2.5539617300887913,0.0,-2.490479795305001,-0.6555533581898353,0.0,1.735612865436732,-6.593679553068334,14.308111453293755,136.45734401073372,150.76545546402747
14.126000000001387,9.81,3.93,1,1,0.01,0.01,-5.128085405588658,14.849053414118845,0.10345902281284601,2.543202092032176,-5.008921194770878,4.575430778388995,0.0,0.6229570130442399,2.5526283221364845,0.0,-2.4896339497287094,-0.6778549318977207,0.0,1.7940523132873263,-6.589217451357859,14.363983226991147,136.40134311037684,150.76532633736798
14.128000000001387,9.81,3.93,1,1,0.01,0.01,-5.127888512398876,14.854148993276548,0.0934306707277146,2.552389090657325,-5.019410073443998,4.611505761321052,0.0,0.6179786035214381,2.5512503090352943,0.0,-2.4887732103021927,-0.7001585214962436,0.0,1.8524932765414692,-6.5848454276737325,14.421972215645763,136.34322410548998,150.76519632113573
14.130000000001388,9.81,3.93,1,1,0.01,0.01,-5.127711696810557,14.859263018334294,0.08338146078914344,2.5616478689930418,-5.029780630382272,4.647211491082053,0.0,0.6130019304617089,2.5498276866580096,0.0,-2.487897467786504,-0.7224642220784022,0.0,1.9109390821169916,-6.580561857881453,14.482079007514306,136.28298639314693,150.76506540066123
14.132000000001389,9.81,3.93,1,1,0.01,0.01,-5.127555000309128,14.864395632117004,0.07331162008695477,2.5709776945345055,-5.040042444717894,4.682553967549682,0.0,0.608027023982711,2.548360450689151,0.0,-2.4870066102877857,-0.7447721268105231,0.0,1.9693930024910475,-6.576365090923729,14.544304190054751,136.22062937119023,150.764933561245
14.13400000000139,9.81,3.93,1,1,0.01,0.01,-5.1274184639450935,14.869546975996574,0.06322135639686621,2.5803778467666825,-5.050205252803976,4.717539180446701,0.0,0.6030539144285249,2.546848596628877,0.0,-2.4861005232831674,-0.7670823268736237,0.0,2.0278582545587636,-6.572253448140268,14.608648350074793,136.15615243808202,150.7648007881568
14.13600000000139,9.81,3.93,1,1,0.01,0.01,-5.12730212837299,14.874717189915847,0.05311085785765183,2.589847617142882,-5.060278956677636,4.752173108200003,0.0,0.5980826323748829,2.545292119797025,0.0,-2.4851790896484394,-0.7893949114009018,0.0,2.086337998420845,-6.56822522254802,14.67511207388036,136.0895549927555,150.76466706663587
14.13800000000139,9.81,3.93,1,1,0.01,0.01,-5.127206033890995,14.87990641241252,0.042980292630976254,2.5993863090609897,-5.070273632926859,4.786461716758749,0.0,0.5931132086343476,2.5436910153372674,0.0,-2.4842421896876825,-0.8117099674110532,0.0,2.144835336095666,-6.564278678080525,14.743695947423667,136.02083643446622,150.7645323818899
14.140000000001391,9.81,3.93,1,1,0.01,0.01,-5.127130220481237,14.885114780643011,0.03282980854307666,2.6089932378372946,-5.080199541978826,4.820410958369808,0.0,0.5881456742614117,2.5420452782214116,0.0,-2.483289701165126,-0.8340275797371935,0.0,2.203353310151374,-6.5604120487851425,14.814400556451258,135.94999616264357,150.76439671909483
14.142000000001392,9.81,3.93,1,1,0.01,0.01,-5.127074727850841,14.890342430406262,0.02265953270743125,2.6186677306778234,-5.090067137828213,4.854026770308356,0.0,0.5831800605575603,2.5403549032538475,0.0,-2.482321499339467,-0.8563478309509669,0.0,2.2618949022528105,-6.556623537976808,14.887226486651336,135.87703357674292,150.76426006339426
14.144000000001393,9.81,3.93,1,1,0.01,0.01,-5.127039595473746,14.895589496167492,0.012469571127515214,2.6284091266470884,-5.09988707822471,4.887315073561897,0.0,0.5782163990762331,2.5386198850761477,0.0,-2.4813374570009143,-0.8786708012816699,0.0,2.3204630316185297,-6.552911317346935,14.96217432380055,135.8019480760982,150.76412239989875
14.146000000001393,9.81,3.93,1,1,0.01,0.01,-5.12702486263334,14.900856111081879,0.002260008278706019,2.638216776634156,-5.109670235339608,4.9202817714651275,0.0,0.5732547216277282,2.5368402181718435,0.0,-2.4803374445112807,-0.9009965685299224,0.0,2.379060553382125,-6.549273526026135,15.039244653910007,135.7247390597756,150.7639837136856
14.148000000001394,9.81,3.93,1,1,0.01,0.01,-5.1270305684659565,14.906142407018175,-0.007969093331640769,2.648090043315934,-5.119427706932115,4.952932748283392,0.0,0.5682950602840154,2.535015896871367,0.0,-2.479321329847416,-0.9233252079755834,0.0,2.437690256852366,-6.54570826959933,15.118438063370276,135.64540592642751,150.76384398979778
14.150000000001395,9.81,3.93,1,1,0.01,0.01,-5.127056752005262,14.91144851458224,-0.018217693626965514,2.658028301117569,-5.129170828036651,4.985273867742346,0.0,0.56333744738345,2.5331469153571904,0.0,-2.4782889786483215,-0.9456567922795509,0.0,2.4963548636661606,-6.542213619071746,15.199755139095062,135.5639480741482,150.76370321324325
14.152000000001395,9.81,3.93,1,1,0.01,0.01,-5.127103452227606,14.916774563140498,-0.028485775448192505,2.6680309361698535,-5.13891118319314,5.017310971500726,0.0,0.558381915535415,2.5312332676691742,0.0,-2.4772402542663676,-0.9679913913789149,0.0,2.555057025827728,-6.538787609784544,15.283196468663775,135.48036490033093,150.76356136899471
14.154000000001396,9.81,3.93,1,1,0.01,0.01,-5.127170708098363,14.922120680843301,-0.03877334506544023,2.678097346263513,-5.148660619242984,5.049049877563962,0.0,0.5534284976248258,2.529274947710116,0.0,-2.476175017822925,-0.990329072375212,0.0,2.6137993236278025,-6.535428240278351,15.368762640461977,135.39465580152603,150.763418441988
14.156000000001397,9.81,3.93,1,1,0.01,0.01,-5.127258558619319,14.927486994648202,-0.04908043271590863,2.688226940800262,-5.158431258713955,5.080496378635132,0.0,0.5484772268165392,2.527271949251548,0.0,-2.475093128268945,-1.0126698994151566,0.0,2.6725842634354224,-6.532133471103475,15.45645424382035,135.3068201733018,150.76327441712215
14.158000000001397,9.81,3.93,1,1,0.01,0.01,-5.127367042877174,14.932873630343126,-0.05940709316914496,2.698419140740496,-5.168235513818042,5.111656240400416,0.0,0.5435281365596301,2.525224265939766,0.0,-2.4739944424508677,-1.0350139335634454,0.0,2.7314142753551733,-6.528901223575107,15.546271869151106,135.2168574101065,150.7631292792576
14.160000000001398,9.81,3.93,1,1,0.01,0.01,-5.127496200093191,14.938280712569432,-0.06975340632093849,2.7086733785474864,-5.178086101086601,5.142535199745704,0.0,0.5385812605915219,2.5231318913021314,0.0,-2.4728788151824164,-1.0573612326671193,0.0,2.790291710742146,-6.525729378472158,15.638216108082073,135.12476690513392,150.762983013216
14.162000000001399,9.81,3.93,1,1,0.01,0.01,-5.127646069674066,14.943708364844857,-0.08011947781714372,2.7189890981279357,-5.187996056667932,5.173138962900746,0.0,0.533636632941983,2.5209948187536497,0.0,-2.471746099322806,-1.0797118512108532,0.0,2.8492188395662437,-6.522615774678201,15.7322875535878,135.03054805019087,150.76283560377868
14.1640000000014,9.81,3.93,1,1,0.01,0.01,-5.127816691264083,14.949156709586346,-0.09050543970878222,2.7293657547687475,-5.197978752312713,5.203473203507449,0.0,0.5286942879369478,2.5188130416038437,0.0,-2.4705961458619456,-1.1020658401626724,0.0,2.9081978476175028,-6.519558207763028,15.828486800117435,134.93420023556834,150.7626870356858
14.1660000000014,9.81,3.93,1,1,0.01,0.01,-5.128008104798601,14.954625868132736,-0.10091145113982453,2.7398028150698526,-5.208047912072979,5.233543560608375,0.0,0.5237542602021686,2.5165865530639566,0.0,-2.4694288040132917,-1.124423246809405,0.0,2.967230833543236,-6.516554428503431,15.926814443719008,134.83572284991618,150.76253729363518
14.1680000000014,9.81,3.93,1,1,0.01,0.01,-5.128220350558961,14.960115960767324,-0.11133769906910539,2.7502997568729297,-5.218217629740923,5.263355636551697,0.0,0.5188165846666615,2.514315346254482,0.0,-2.468243921314995,-1.146784114581267,0.0,3.0263198057076846,-6.513602141341686,16.02727108215961,134.73511528012162,150.76238636228123
14.170000000001401,9.81,3.93,1,1,0.01,0.01,-5.128453469228863,14.965627106740266,-0.1217843990278781,2.760856069185848,-5.228502387053598,5.29291499480846,0.0,0.5138812965659543,2.511999414213064,0.0,-2.4670413437401164,-1.1691484828648055,0.0,3.085466678864063,-6.510699002780439,16.129857315040894,134.63237691119252,150.76223422623343
14.172000000001402,9.81,3.93,1,1,0.01,0.01,-5.128707501952301,14.971159424290837,-0.13225179591456593,2.7714712521026565,-5.238917072689734,5.322227157697918,0.0,0.5089484314450963,2.509638749902784,0.0,-2.4658209158167015,-1.1915163868034953,0.0,3.1446732706286493,-6.507842619712673,16.23457374390978,134.52750712614548,150.76208087005526
14.174000000001403,9.81,3.93,1,1,0.01,0.01,-5.128982490393125,14.976713030669513,-0.14274016482832103,2.7821448167189233,-5.249477002084818,5.351297604016854,0.0,0.5040180251614162,2.5072333462208527,0.0,-2.4645824807585415,-1.2138878570851885,0.0,3.203941297745977,-6.505030547685401,16.341420972363203,134.42050530589938,150.7619262782626
14.176000000001403,9.81,3.93,1,1,0.01,0.01,-5.129278476796308,14.98228804215989,-0.1532498119430529,2.7928762850422384,-5.260197938089943,5.380131766568168,0.0,0.4990901138870169,2.5047831960077507,0.0,-2.463325880607595,-1.236262919715529,0.0,3.2632723721335077,-6.502260289096038,16.45039960614688,134.3113708291756,150.76177043532246
14.178000000001404,9.81,3.93,1,1,0.01,0.01,-5.129595504051008,14.987884574100413,-0.16378107542363954,2.803665189897667,-5.271096112499704,5.40873502958447,0.0,0.49416473411096146,2.5022882920568272,0.0,-2.462050956389026,-1.258641595776481,0.0,3.322667996693867,-6.499529291320285,16.561510253247068,134.20010307240423,150.7616133256513
14.180000000001405,9.81,3.93,1,1,0.01,0.01,-5.1299336157554976,14.99350274090591,-0.17433432638608332,2.8145110748279416,-5.282188248473152,5.4371127260419945,0.0,0.48924192264114286,2.499748627124405,0.0,-2.4607575482799535,-1.2810239011689795,0.0,3.382129560881934,-6.496834944770599,16.674753523974662,134.0867014096388,150.76145493361346
14.182000000001405,9.81,3.93,1,1,0.01,0.01,-5.130292856284067,14.999142656088926,-0.18490996990342115,2.8254134939881683,-5.293491583870971,5.46527013486021,0.0,0.48432171660579515,2.4971641939404132,0.0,-2.4594454957930663,-1.3034098463387096,0.0,3.441658336013616,-6.494174580884444,16.79013003104098,133.97116521247852,150.7612952435195
14.184000000001406,9.81,3.93,1,1,0.01,0.01,-5.130673270855984,15.004804432280839,-0.1955084460592431,2.836372012034815,-5.305023895530272,5.493212477982355,0.0,0.47940415345463255,2.4945349852195875,0.0,-2.4581146379763803,-1.325799435983884,0.0,3.5012554703023695,-6.491545470041781,16.90764038962435,133.85349385000006,150.76113423962443
14.186000000001407,9.81,3.93,1,1,0.01,0.01,-5.131074905606609,15.01048818125274,-0.2061302310507147,2.847386204008735,-5.316803524496623,5.5209449173325025,0.0,0.47448927095955534,2.4918609936732707,0.0,-2.456764813630428,-1.3481926687439567,0.0,3.56092198360923,-6.4889448194111745,17.027285217426392,133.73368668869932,150.76097190612572
14.188000000001407,9.81,3.93,1,1,0.01,0.01,-5.131497807660769,15.016194013936087,-0.21677583834303474,2.858455655211983,-5.328849402230353,5.548472551644192,0.0,0.4695771072149211,2.4891422120218616,0.0,-2.4553958615444094,-1.3705895368679355,0.0,3.62065876189096,-6.486369770724572,17.149065134717347,133.61174309244413,150.76080822716148
14.190000000001408,9.81,3.93,1,1,0.01,0.01,-5.131942025208489,15.021922040443092,-0.22744581987729198,2.869579961078149,-5.3411810778013065,5.575800413156447,0.0,0.4646677006373069,2.4863786330079436,0.0,-2.4540076207528045,-1.3929900258611245,0.0,3.6804665513309187,-6.483817397980645,17.272980764369052,133.48766242243943,150.76064318680847
14.192000000001409,9.81,3.93,1,1,0.01,0.01,-5.132407607583202,15.02767237008686,-0.23814076733370892,2.8807587270359534,-5.353818746082673,5.602933464172564,0.0,0.45976108996474885,2.4835702494101457,0.0,-2.452599930814174,-1.4153941141088102,0.0,3.74034595213595,-6.481284705077187,17.399032731874534,133.36144403720522,150.76047676907976
14.19400000000141,9.81,3.93,1,1,0.01,0.01,-5.132894605342536,15.033445111401223,-0.24886131345227747,2.891991568365817,-5.366783276950008,5.629876593477595,0.0,0.45485731425539,2.480717054057778,0.0,-2.4511726321139546,-1.437801772475523,0.0,3.800297411982505,-6.47876862337335,17.527221665353142,133.23308729256968,150.76030895792283
14.19600000000141,9.81,3.93,1,1,0.01,0.01,-5.133403070351803,15.039240372160302,-0.2596081334127995,2.903278110049121,-5.38009624548686,5.656634612610591,0.0,0.4499564128855108,2.4778190398462963,0.0,-2.4497255661932194,-1.4602129638782257,0.0,3.8603212190939855,-6.47626600918286,17.657548195539363,133.10259154167727,150.76013973721663
14.19800000000141,9.81,3.93,1,1,0.01,0.01,-5.133933055870311,15.045058259397752,-0.2703819462763414,2.9146179866098643,-5.39377996319202,5.683212251988198,0.0,0.445058425546856,2.4748761997536466,0.0,-2.448258576105476,-1.4826276428319252,0.0,3.9204174949313244,-6.473773641199836,17.790012955754438,132.96995613501554,150.75996909076997
14.200000000001411,9.81,3.93,1,1,0.01,0.01,-5.134484616640619,15.050898879425679,-0.2811835164900954,2.9260108419484157,-5.4078575101766635,5.7096141568763334,0.0,0.440163392243233,2.4718885268575486,0.0,-2.4467715068038203,-1.5050457549658194,0.0,3.9805861864773875,-6.471288217859492,17.924616581858672,132.83518042045952,150.75979700231818
14.202000000001412,9.81,3.93,1,1,0.01,0.01,-5.135057808980871,15.056762337853224,-0.29201365545760904,2.937456329167057,-5.422352768331318,5.735844883207548,0.0,0.4352713532863003,2.4688560143537766,0.0,-2.445264205560863,-1.5274672365082456,0.0,4.040827058095825,-6.468806354636457,18.061359712182966,132.69826374333803,150.759623455521
14.204000000001413,9.81,3.93,1,1,0.01,0.01,-5.135652690880333,15.062648739604779,-0.30287322317629434,2.9489541103870023,-5.437290455433224,5.761908893242275,0.0,0.43038234929047325,2.465778655575505,0.0,-2.443736522424053,-1.549892013738446,0.0,4.101139682944052,-6.4663245812842,18.200242987437644,132.5592054465219,150.75944843395953
14.206000000001413,9.81,3.93,1,1,0.01,0.01,-5.136269322098275,15.06855818893784,-0.31376312994405914,2.960503856556586,-5.452696160153561,5.787810551072835,0.0,0.42549642116689107,2.4626564440137804,0.0,-2.4421883107092506,-1.5723200024030581,0.0,4.161523433919447,-6.463839339019864,18.341267050596453,132.4180048705369,150.75927192113335
14.208000000001414,9.81,3.93,1,1,0.01,0.01,-5.136907764266338,15.074490789460462,-0.3246843381368094,2.9721052472503002,-5.468596377911414,5.8135541179703365,0.0,0.42061361011635456,2.459489373339208,0.0,-2.440619427535565,-1.5947511070951927,0.0,4.221977474117563,-6.46134697765962,18.484432546753567,132.2746613537039,150.75909390045746
14.210000000001415,9.81,3.93,1,1,0.01,0.01,-5.137568080994532,15.0804466441483,-0.335637864058451,2.9837579704583668,-5.485018547506849,5.8391437475756,0.0,0.4157339576211408,2.456277437424907,0.0,-2.439029734404743,-1.6171852205937898,0.0,4.282500746780526,-6.458843752710666,18.629740122951304,132.12917423230792,150.7589143552592
14.212000000001416,9.81,3.93,1,1,0.01,0.01,-5.138250337980995,15.086425855361218,-0.3466247798648674,2.995461722366543,-5.501991088448946,5.864583480936576,0.0,0.41085750543562516,2.453020630370836,0.0,-2.4374190978286134,-1.6396222231607753,0.0,4.343091964713326,-6.456325822427108,18.77719042797579,131.98154284079916,150.75873326877496
14.214000000001416,9.81,3.93,1,1,0.01,0.01,-5.1389546031256925,15.092428524859463,-0.3576462155631643,3.0072162071258477,-5.51954343887542,5.889877241396651,0.0,0.40598429557558413,2.4497189465295675,0.0,-2.4357873900083558,-1.6620619817935263,0.0,4.403749599145707,-6.4537892448381635,18.92678411211786,131.8317665120285,150.75855062414638
14.216000000001417,9.81,3.93,1,1,0.01,0.01,-5.139680946648176,15.098454753819343,-0.3687033610872422,3.0190211366119195,-5.537706093939133,5.915028829339603,0.0,0.4011143703060992,2.4463723805336075,0.0,-2.434134489569676,-1.6845043494298524,0.0,4.464471868016757,-6.451229974758629,19.07852182689629,131.67984457752104,150.75836640441733
14.218000000001418,9.81,3.93,1,1,0.01,0.01,-5.140429441209581,15.104504642848438,-0.379797468450487,3.0308762301737326,-5.5565106445123345,5.94004191679988,0.0,0.39624777212791673,2.442980927324345,0.0,-2.4324602823581536,-1.7069491641027468,0.0,4.525256723659742,-6.448643860792758,19.232404224739685,131.5257763677899,150.75818059252958
14.220000000001418,9.81,3.93,1,1,0.01,0.01,-5.1412001620389995,15.11057829200028,-0.3909298539760403,3.042781214371403,-5.575989816031131,5.9649200419486545,0.0,0.3913845437621575,2.4395445821827546,0.0,-2.430764662299513,-1.7293962480418574,0.0,4.58610183986442,-6.446026642344952,19.38843195862413,131.3695612126949,150.75799317131901
14.222000000001419,9.81,3.93,1,1,0.01,0.01,-5.141993187064397,15.116675800788506,-0.40210190060472856,3.054735822702855,-5.59617750727203,5.989666603469543,0.0,0.38652472813324235,2.4360633407619527,0.0,-2.4290475323297525,-1.751845406718539,0.0,4.647004598294538,-6.443373946652086,19.546605681662182,131.21119844184983,150.75780412351202
14.22400000000142,9.81,3.93,1,1,0.01,0.01,-5.142808597048221,15.12279726820045,-0.41331506028027626,3.066739795319144,-5.617108828816293,6.014284854841073,0.0,0.38166836834987516,2.4325371991217093,0.0,-2.427308805400473,-1.7742964278312376,0.0,4.707962074238817,-6.440681285854621,19.706926046639218,131.05068738508095,150.75761343172016
14.22600000000142,9.81,3.93,1,1,0.01,0.01,-5.143646475727852,15.128942792710156,-0.42457085641090214,3.078792878728266,-5.638820140918044,6.03877789854668,0.0,0.37681550768394356,2.4289661537650726,0.0,-2.425548405565161,-1.7967490802277366,0.0,4.768971021674363,-6.437944054126107,19.869393705493092,130.88802737294375,150.75742107843683
14.22800000000142,9.81,3.93,1,1,0.01,0.01,-5.144506909961061,15.135112472290784,-0.43587088640578475,3.090894825487338,-5.661349090447328,6.063148680237663,0.0,0.37196618954715155,2.4253502016771944,0.0,-2.4237662691524826,-1.8192031127607076,0.0,4.8300278576227,-6.4351575248830475,20.034009308731587,130.72321773730027,150.75722704603186
14.230000000001422,9.81,3.93,1,1,0.01,0.01,-5.145389989876605,15.141306404426393,-0.4472168242841771,3.1030453938830793,-5.684734646528481,6.0873999828791066,0.0,0.3671204574652174,2.4216893403665263,0.0,-2.4219623460331645,-1.8416582530728025,0.0,4.891128645779889,-6.432316848100258,20.20077350478312,130.55625781196363,150.75703131674675
14.232000000001422,9.81,3.93,1,1,0.01,0.01,-5.146295809030118,15.147524686123072,-0.4586104233541341,3.1152443476005987,-5.709017134437969,6.111534420914724,0.0,0.36227835504944317,2.4179835679085198,0.0,-2.420136600987406,-1.8641142063074079,0.0,4.952269079404161,-6.429417047759874,20.369686939274725,130.38714693341507,150.75683387268978
14.234000000001423,9.81,3.93,1,1,0.01,0.01,-5.147224464565419,15.15376741391939,-0.47005351895688524,3.1274914553805644,-5.7342382672626995,6.135554434492862,0.0,0.35743992596543317,2.414232882991975,0.0,-2.41828901518019,-1.8865706537410687,0.0,5.013444463446868,-6.426453019465612,20.5407502542312,130.21588444159943,150.75663469583063
14.236000000001424,9.81,3.93,1,1,0.01,0.01,-5.1481760573813755,15.16003468389616,-0.4815480312718145,3.1397864906649278,-5.760441174749061,6.159462283802772,0.0,0.3526052138987583,2.410437284968215,0.0,-2.416419587752508,-1.9090272513333655,0.0,5.074649695915207,-6.4234195282582,20.71396408718943,130.0424696808053,150.75643376799474
14.238000000001424,9.81,3.93,1,1,0.01,0.01,-5.149150692304432,15.166326591685479,-0.49309596817579604,3.1521292312314775,-5.78767042869491,6.183260043578925,0.0,0.3477742625173059,2.4065967739032392,0.0,-2.4145283375367277,-1.9314836281900472,0.0,5.135879248458968,-6.420311206671459,20.88932907022014,129.86690200063737,150.7562310708575
14.240000000001425,9.81,3.93,1,1,0.01,0.01,-5.150148478266901,15.17264323247902,-0.5046994281492512,3.1645194588176233,-5.815972064149204,6.206949597839673,0.0,0.3429471154300652,2.4027113506330444,0.0,-2.4126153049051284,-1.9539393849349933,0.0,5.197127146177496,-6.417122553073925,21.066845828850184,129.68918075708825,150.75602658593843
14.242000000001426,9.81,3.93,1,1,0.01,0.01,-5.151169528491112,15.178984701035569,-0.516360603219727,3.1769569587339572,-5.845393595587582,6.230532634936748,0.0,0.3381238161420894,2.3987810168222987,0.0,-2.4106805537609906,-1.9763940919865022,0.0,5.258386946647988,-6.413847930345619,21.246514980876853,129.5093053137179,150.75582029459474
14.244000000001426,9.81,3.93,1,1,0.01,0.01,-5.152213960679467,15.18535109168778,-0.5280817819320289,3.1894415194682946,-5.87598402712524,6.25401064300393,0.0,0.3333044080053086,2.394805775026557,0.0,-2.4087241736821676,-1.998847287733458,0.0,5.319651718182515,-6.410481564945227,21.428337135065576,129.32727504294905,150.75561217801464
14.246000000001427,9.81,3.93,1,1,0.01,0.01,-5.153281897210464,15.19174249834812,-0.5398653523319454,3.201972932281095,-5.907793855710455,6.277384905905125,0.0,0.3284889341649021,2.3907856287582323,0.0,-2.406746282227722,-2.0212984766067286,0.0,5.380914017327595,-6.40701754642935,21.612312889721842,129.14308932748872,150.75540221721056
14.248000000001428,9.81,3.93,1,1,0.01,0.01,-5.154373465340678,15.198159014514008,-0.5517138049483624,3.2145509907933745,-5.940875066112415,6.300656499796779,0.0,0.3236774375008843,2.386720582556535,0.0,-2.404747027418611,-2.0437471270412755,0.0,5.44216586562858,-6.40344982749182,21.798442831126845,128.95674756188546,150.7551903930123
14.250000000001428,9.81,3.93,1,1,0.01,0.01,-5.155488797412696,15.20460073327212,-0.5636297357560525,3.227175490568462,-5.975281116374456,6.323826290434518,0.0,0.3188699605645423,2.3826106420615907,0.0,-2.402726590404104,-2.0661926693244204,0.0,5.503398725690227,-6.399772224598747,21.986727531826677,128.76824915423236,150.75497668605905
14.252000000001429,9.81,3.93,1,1,0.01,0.01,-5.1566280310689425,15.211067747301843,-0.5756158490986116,3.239846228689236,-6.011066912247872,6.346894931371613,0.0,0.3140665455093523,2.378455814092994,0.0,-2.4006851883260274,-2.0886344933258396,0.0,5.5646034765757575,-6.395978419302527,22.17716754876273,128.57759352802915,150.75476107679188
14.25400000000143,9.81,3.93,1,1,0.01,0.01,-5.157791309471287,15.217560148877903,-0.5876749605478793,3.2525630033327855,-6.0482887689514175,6.369862863215427,0.0,0.3092672340159506,2.374256106733012,0.0,-2.398623077393536,-2.111071946105038,0.0,5.625770388599204,-6.392061960326881,22.369763421231834,128.38478012421388,150.7545435454457
14.25600000000143,9.81,3.93,1,1,0.01,0.01,-5.1589787815262875,15.224078029872112,-0.5998099996726853,3.2653256133447988,-6.087004358416597,6.3927303141289755,0.0,0.30447206721073017,2.3700115294147004,0.0,-2.3965405561815345,-2.133504329392241,0.0,5.686889097579939,-6.3880162665239615,22.56451566866219,128.18980840337844,150.75432407204062
14.25800000000143,9.81,3.93,1,1,0.01,0.01,-5.160190602115853,15.230621481754294,-0.6120240126858908,3.2781338578163703,-6.127272639978753,6.415497301787187,0.0,0.29968108557762696,2.365722093015198,0.0,-2.3944379691664337,-2.1559308969388984,0.0,5.747948578644407,-6.383834630814917,22.76142478819121,127.99267784818198,150.7541026363732
14.260000000001432,9.81,3.93,1,1,0.01,0.01,-5.161426932333054,15.23719059559235,-0.6243201649343945,3.2909875356663694,-6.169153772257856,6.438163637022712,0.0,0.2948943288625552,2.361387809954438,0.0,-2.392315710513139,-2.1783508517346064,0.0,5.808937119679072,-6.37951022523541,22.960491252030472,127.7933879659767,150.75387921800717
14.262000000001432,9.81,3.93,1,1,0.01,0.01,-5.162687939722718,15.243785462051505,-0.6367017431920374,3.3038864452330046,-6.212709003741321,6.460728929422389,0.0,0.2901118359700279,2.357008694299573,0.0,-2.390174228127682,-2.2007633430875027,0.0,5.86984229455871,-6.375036107219573,23.161715504601382,127.59193829166277,150.75365379626416
14.264000000001433,9.81,3.93,1,1,0.01,0.01,-5.16397379852638,15.250406171392749,-0.6491721577101176,3.316830383878774,-6.258000539333902,6.483192595164834,0.0,0.2853336448513897,2.352584761875375,0.0,-2.388014027990017,-2.2231674635660323,0.0,5.930650936298329,-6.370405227267705,23.36509795942474,127.38832839078862,150.75342635021335
14.266000000001434,9.81,3.93,1,1,0.01,0.01,-5.165284689931044,15.257052813470505,-0.6617349439744953,3.329819147613593,-6.30509137987721,6.505553867420894,0.0,0.28055979238408035,2.3481160303808877,0.0,-2.3858356787815884,-2.2455622458007682,0.0,5.991349110303378,-6.365610438155877,23.570638995746155,127.18255786291532,150.75319685866148
14.268000000001434,9.81,3.93,1,1,0.01,0.01,-5.166620802321126,15.263725477729569,-0.6743937641120032,3.3428525307415824,-6.354045131365229,6.527811809671526,0.0,0.2757903142413488,2.3436025195126162,0.0,-2.383639816822341,-2.2679466591458373,0.0,6.051922087922324,-6.360644505859442,23.77833895487804,126.97462634526362,150.75296530014165
14.270000000001435,9.81,3.93,1,1,0.01,0.01,-5.167982331532803,15.270424253201366,-0.68715240788204,3.355930325537728,-6.404925780293471,6.5499653323333265,0.0,0.2710252447517659,2.3390442510945393,0.0,-2.381427151331536,-2.2903196062007716,0.0,6.112354320539075,-6.355500122376533,23.988198136238164,126.76453351666429,150.75273165290244
14.272000000001436,9.81,3.93,1,1,0.01,0.01,-5.169369481109869,15.277149228499598,-0.7000147931818037,3.369052321961456,-6.457797431280858,6.572013213118918,0.0,0.26626461674788227,2.3344412492152125,0.0,-2.379198470026337,-2.3126799191949723,0.0,6.172629414479455,-6.350169920652551,24.20021679306343,126.5522791018329,150.75249589489633
14.274000000001436,9.81,3.93,1,1,0.01,0.01,-5.170782462560048,15.283900491815366,-0.7129849659855961,3.382218307415045,-6.512724002798028,6.593954121598151,0.0,0.26150846140333783,2.3297935403722327,0.0,-2.3769546450713848,-2.3350263562386173,0.0,6.232730107046734,-6.344646491821894,24.414395127776416,126.33786287599088,150.75225800376728
14.276000000001437,9.81,3.93,1,1,0.01,0.01,-5.172221495610558,15.290678130911859,-0.7260670996299893,3.39542806655578,-6.569768876528209,6.615786648465979,0.0,0.2567568080577086,2.325101153624336,0.0,-2.374696639391669,-2.357357597445755,0.0,6.2926382440462225,-6.3389224049992325,24.63073328698147,126.12128466985725,150.75201795683873
14.278000000001438,9.81,3.93,1,1,0.01,0.01,-5.173686808461497,15.297482233118721,-0.73926549334739,3.408681381171804,-6.628994495582352,6.637509340063413,0.0,0.2520096840283609,2.3203641207513646,0.0,-2.3724255133595737,-2.3796722409375524,0.0,6.352334759208218,-6.332990229868342,24.84923135606567,125.90254437503444,150.7517757311001
14.280000000001438,9.81,3.93,1,1,0.01,0.01,-5.1751786380354625,15.30431288532626,-0.7525845699406878,3.4219780301327454,-6.690461906496102,6.659120738738932,0.0,0.2472671144085492,2.315582476422348,0.0,-2.3701424318652005,-2.401968798736315,0.0,6.411799655972854,-6.326842562332655,25.06988935337947,125.68164194981463,150.7515313031941
14.282000000001439,9.81,3.93,1,1,0.01,0.01,-5.176697230221567,15.311170173979626,-0.7660288724812474,3.435317789427432,-6.754230239661649,6.680619429677456,0.0,0.2425291218509703,2.3107562583718764,0.0,-2.3678486717768106,-2.4242456925638414,0.0,6.471011992159024,-6.320472053507444,25.292707223970677,125.45857742543153,150.7512846494022
14.28400000000144,9.81,3.93,1,1,0.01,0.01,-5.17824284011176,15.318054185073173,-0.7796030599015602,3.4487004323022767,-6.820356122602079,6.702004094861896,0.0,0.23779572633602641,2.305885507584983,0.0,-2.3655456297954647,-2.4465012495609804,0.0,6.529949868102845,-6.313871442348974,25.517684832844505,125.23335091278656,150.75103574563107
14.28600000000144,9.81,3.93,1,1,0.01,0.01,-5.179815732227118,15.324965004145206,-0.7933119013424781,3.462125729515306,-6.888893020294978,6.7232735748677666,0.0,0.23306694492396296,2.300970268490624,0.0,-2.363234830704301,-2.4687336979493466,0.0,6.588590418920033,-6.307033592229897,25.74482195772227,125.00596260967507,150.75078456739735
14.28800000000144,9.81,3.93,1,1,0.01,0.01,-5.181416180731459,15.331902716273367,-0.8071602691032083,3.475593449722208,-6.959890496608598,6.7444269392208716,0.0,0.22834279149012537,2.296010589163892,0.0,-2.3609179360088794,-2.4909411626602957,0.0,6.646909811618928,-6.299951531783591,25.974118281270552,124.77641280854266,150.75053108981322
14.290000000001442,9.81,3.93,1,1,0.01,0.01,-5.183044469629321,15.338867406070941,-0.8211531300302995,3.4891033600122934,-7.033393390849421,6.765463566071944,0.0,0.2236232764425552,2.291006521536967,0.0,-2.358596752959846,-2.5131216609612936,0.0,6.7048832478685,-6.292618500350857,26.205573382772027,124.54470190479863,150.75027528757064
14.292000000001442,9.81,3.93,1,1,0.01,0.01,-5.184700892945014,15.345859157684396,-0.8352955351698591,3.502655226613755,-7.109440903453767,6.786383231956526,0.0,0.2189084064211564,2.2859581216187914,0.0,-2.356273243943263,-2.5352730981153515,0.0,6.762484973307036,-6.285027998370987,26.439186729210313,124.31083040571554,150.75001713492586
14.294000000001443,9.81,3.93,1,1,0.01,0.01,-5.186385754879085,15.352878054792527,-0.8495926074954443,3.5162488157891776,-7.188065585015637,6.807186212410995,0.0,0.21419818397774848,2.2808654497233616,0.0,-2.353949536216958,-2.5573932631151637,0.0,6.819688294361198,-6.277173843064455,26.674957665740283,124.07479893994307,150.74975660568336
14.296000000001444,9.81,3.93,1,1,0.01,0.01,-5.188099369938146,15.35992418060759,-0.8640495275127409,3.529883894943768,-7.269292223155653,6.8278733942038095,0.0,0.20949260723631202,2.2757285707064305,0.0,-2.3516279319630824,-2.579479824540501,0.0,6.87646560363244,-6.269050229755546,26.912885405517155,123.8366082676627,150.74949367317984
14.298000000001444,9.81,3.93,1,1,0.01,0.01,-5.1898420630336215,15.366997617878898,-0.8786715165316153,3.5435602339702728,-7.353136622235671,6.8484463999105465,0.0,0.20479166953284766,2.2705475542103235,0.0,-2.34931091861762,-2.6015303265947662,0.0,6.932788414995396,-6.260651799179067,27.152969018858162,123.59625929140945,150.74922831026763
14.300000000001445,9.81,3.93,1,1,0.01,0.01,-5.191614169544517,15.374098448899348,-0.8934638173868206,3.5572776068559584,-7.43960427164669,6.86890772550809,0.0,0.2000953590343505,2.265322474916461,0.0,-2.3470011794269694,-2.623542185384608,0.0,6.988627409640032,-6.251973711105484,27.395207421712854,123.35375306758559,150.74896048929844
14.302000000001446,9.81,3.93,1,1,0.01,0.01,-5.193416035338895,15.381226755515463,-0.908431672381029,3.5710357935782984,-7.528688899385082,6.889260891583755,0.0,0.1954036583364832,2.2600534128050054,0.0,-2.344701604169216,-2.6455126855154676,0.0,7.043952494374939,-6.243011724600596,27.63959936342055,123.10909081868655,150.7486901821071
14.304000000001446,9.81,3.93,1,1,0.01,0.01,-5.195248016748271,15.388382619141527,-0.9235802982185385,3.5848345823171095,-7.620370908927317,6.909510608642478,0.0,0.1907165440397106,2.2547404534209363,0.0,-2.34241529996418,-2.6674389770850673,0.0,7.098732873588529,-6.23376228521016,27.886143413736388,122.86227394625855,150.74841735999493
14.306000000001447,9.81,3.93,1,1,0.01,0.01,-5.197110480488656,15.395566120778485,-0.9389148576956022,3.598673772011689,-7.714615699063421,6.9296629568457675,0.0,0.1860339863038064,2.2493836881456684,0.0,-2.340145602080653,-2.6893180731670103,0.0,7.152937136337663,-6.224222619322892,28.13483794911187,122.61330404460236,150.74814199371423
14.308000000001448,9.81,3.93,1,1,0.01,0.01,-5.199003803521566,15.40277734103833,-0.9544404279146387,3.6125531752919953,-7.811371868404753,6.949725580323107,0.0,0.18135594838082691,2.243983214473116,0.0,-2.337896084632162,-2.7111468478870764,0.0,7.206533360094014,-6.214390835917054,28.385681138220413,122.36218291523167,150.74786405345208
14.310000000001448,9.81,3.93,1,1,0.01,0.01,-5.200928372847771,15.410016360174751,-0.9701619647954367,3.6264726218129595,-7.9105693087882285,6.969707895953786,0.0,0.17668238612692455,2.2385391362889306,0.0,-2.335670571033721,-2.732922035205695,0.0,7.259489232723949,-6.204266035834172,28.63867092672484,122.10891258209097,150.7475835088158
14.312000000001449,9.81,3.93,1,1,0.01,0.01,-5.2028845852261965,15.417283258120872,-0.9860842636678369,3.640431962020524,-8.012117194810543,6.9896213162195995,0.0,0.17201324749360325,2.233051564151353,0.0,-2.3334731440714176,-2.754640228531261,0.0,7.311772194303164,-6.193848428646422,28.893805021291072,121.85349530752738,150.74730032881845
14.31400000000145,9.81,3.93,1,1,0.01,0.01,-5.204872846809923,15.424578114534977,-1.002211915748301,3.654431071376855,-8.115901880281827,7.00947948536966,0.0,0.1673484719993663,2.2275206155718976,0.0,-2.331308155414435,-2.77629788130013,0.0,7.3633496003669405,-6.183139457090312,29.151080872860515,121.59593360900499,150.7470144818655
14.31600000000145,9.81,3.93,1,1,0.01,0.01,-5.206893572690872,15.431901008855181,-1.018549260328399,3.668469855070244,-8.221784716530701,7.029298527713037,0.0,0.16268799018306002,2.2219464152937918,0.0,-2.329180234375457,-2.797891308670194,0.0,7.414188908165009,-6.172141928926981,29.41049565920427,121.33623027653869,150.74672593574294
14.318000000001451,9.81,3.93,1,1,0.01,0.01,-5.208947186344468,15.439252020364,-1.0351003325377635,3.6825482532323677,-8.329599812247745,7.049097306358229,0.0,0.15803172304063107,2.2163290955657735,0.0,-2.3270942957003924,-2.8194166904853617,0.0,7.464257887419434,-6.16086015595665,29.672046266793654,121.07438839081283,150.74643465760647
14.320000000001452,9.81,3.93,1,1,0.01,0.01,-5.211034118965316,15.446631228263902,-1.0518688065887025,3.6966662466816422,-8.439151759935122,7.068897690148285,0.0,0.15337958144748232,2.2106687964085574,0.0,-2.3250555461424307,-2.8408700756779877,0.0,7.513524856968113,-6.149300099760309,29.935729272034635,120.81041134193813,150.74614061397278
14.322000000001452,9.81,3.93,1,1,0.01,0.01,-5.213154808684816,15.454038711764866,-1.0688579344657063,3.710823863206284,-8.5502133600297,7.08872482589479,0.0,0.14873146556912376,2.20496566587091,0.0,-2.3230694895490167,-2.86224738828454,0.0,7.56195894850683,-6.137469523564476,30.201540921929453,120.5443028487833,150.74584377071275
14.324000000001453,9.81,3.93,1,1,0.01,0.01,-5.21530969966162,15.461474550185065,-1.0860704800916965,3.725021184394188,-8.662523380350564,7.1086074122956715,0.0,0.14408726426337992,2.1992198602719264,0.0,-2.321141930163968,-2.883544435256246,0.0,7.609530398412095,-6.125378149423952,30.469477114245322,120.27606697880246,150.74554409304778
14.326000000001454,9.81,3.93,1,1,0.01,0.01,-5.217499241035983,15.468938823065747,-1.1035086490852,3.739258353008718,-8.775784395623294,7.1285779711350346,0.0,0.13944685447806648,2.1934315444257395,0.0,-2.3192789738213415,-2.904756916250416,0.0,7.656210868326617,-6.11303781969257,30.739533377288144,120.00570816825969,150.74524154554783
14.328000000001454,9.81,3.93,1,1,0.01,0.01,-5.219723885739398,15.476431610301415,-1.1211740143195796,3.7535355808998827,-8.88966075934359,7.148673110518716,0.0,0.13481010064865662,2.1876008918445047,0.0,-2.3174870266836,-2.925880435589182,0.0,7.701973794812566,-6.100462661503424,31.011704849401628,119.73323124273222,150.74493609213386
14.330000000001455,9.81,3.93,1,1,0.01,0.01,-5.221984089151394,15.483952992286333,-1.139067437607721,3.7678531574289735,-9.003776768008729,7.1689337740095675,0.0,0.13017685410124946,2.1817280849151475,0.0,-2.315772791155525,-2.9469105165691407,0.0,7.746794767915795,-6.087669252709891,31.285986258332663,119.45864143775069,150.74462769608334
14.332000000001456,9.81,3.93,1,1,0.01,0.01,-5.224280307596204,15.491503050078386,-1.157188987963448,3.782211458371578,-9.117715085553506,7.189405468614904,0.0,0.12554695246686554,2.1758133150450054,0.0,-2.314143258587719,-2.9678426182979516,0.0,7.790651937933777,-6.0746767874477765,31.562371900628893,119.18194441941183,150.74431632004072
14.334000000001456,9.81,3.93,1,1,0.01,0.01,-5.2266129966730155,15.499081865581163,-1.1755378570342636,3.796610955248859,-9.23101550341025,7.210138463670153,0.0,0.12092021911386264,2.1698567827711135,0.0,-2.3126056983715038,-2.9886721552207907,0.0,7.833526449035206,-6.061507239172035,31.84085562125999,118.90314630477152,150.7440019260315
14.336000000001457,9.81,3.93,1,1,0.01,0.01,-5.2289826094148655,15.506689521745095,-1.1941122724579856,3.8110522250202195,-9.343174118629696,7.231187951793498,0.0,0.1162964626061258,2.1638586978276457,0.0,-2.311167643021784,-3.009394519479993,0.0,7.875402897639034,-6.048185518703089,32.12143079368081,118.62225368180201,150.7436844754828
14.338000000001458,9.81,3.93,1,1,0.01,0.01,-5.231389594272933,15.51432610278826,-1.2129094100669746,3.825535960051991,-9.453643018550016,7.252614162299172,0.0,0.11167547619543161,2.157819279165699,0.0,-2.3098368688475537,-3.030005106224699,0.0,7.916269812627558,-6.034739624493573,32.40409030058143,118.33927362866739,150.7433639292488
14.340000000001458,9.81,3.93,1,1,0.01,0.01,-5.23383439292499,15.521991694437318,-1.231925306045513,3.8400629782569036,-9.561830565114127,7.274482416801516,0.0,0.10705703735721261,2.151738754919439,0.0,-2.308621371823383,-3.050499341952718,0.0,7.956120153546971,-6.021200782005599,32.68882651559805,118.05421373204467,150.74304024764274
14.342000000001459,9.81,3.93,1,1,0.01,0.01,-5.2363174379091815,15.529686384188789,-1.2511547703351158,3.8546342332780403,-9.667102374581027,7.296863116276926,0.0,0.1024409073796797,2.145617362312504,0.0,-2.307529338300762,-3.0708727159237252,0.0,7.994951821950516,-6.007603568779818,32.97563128628521,117.76708210419059,150.74271339047579
14.34400000000146,9.81,3.93,1,1,0.01,0.01,-5.238839150087093,15.537410261590631,-1.2705913027746212,3.8692508245692636,-9.768783088482587,7.319831648639498,0.0,0.09782683101695688,2.139455347498516,0.0,-2.3065691102378763,-3.0911208146306866,0.0,8.032768179980067,-5.9939860214934395,33.26449591867622,117.47788739842676,150.74238331710296
14.34600000000146,9.81,3.93,1,1,0.01,0.01,-5.241399935943212,15.545163418543723,-1.2902270136511473,3.8839140072022587,-9.86615902863798,7.343468205997577,0.0,0.09321453621745535,2.133252965329661,0.0,-2.3057491446815357,-3.1112393592549963,0.0,8.069578569184094,-5.980389721057041,33.55541116378403,117.18663882269283,150.74204998647684
14.348000000001461,9.81,3.93,1,1,0.01,0.01,-5.24400018473143,15.552945949622542,-1.3100525505175102,3.8986252012091094,-9.95848182225348,7.3678575012613265,0.0,0.08860373393920518,2.12701047904749,0.0,-2.305077967307267,-3.1312242459600155,0.0,8.105398821462243,-5.966859851604984,33.84836720641433,116.89334615079446,150.7417133572088
14.350000000001462,9.81,3.93,1,1,0.01,0.01,-5.246640265483119,15.560757952413882,-1.3300570332934234,3.9133860002495435,-10.04497307203935,7.393088374735026,0.0,0.08399411806412571,2.1207281598904943,0.0,-2.304564119913966,-3.1510715887984,0.0,8.140251752946126,-5.953445229106987,34.14335365668235,116.59801973095688,150.74137338763921
14.352000000001462,9.81,3.93,1,1,0.01,0.01,-5.249320523895482,15.56859952787204,-1.3502279998025992,3.928198179374641,-10.124830130381298,7.419253282810086,0.0,0.07938536542335528,2.114406286613502,0.0,-2.3042161018786818,-3.1707777649211217,0.0,8.1741676306135,-5.94019829528598,34.44035954463419,116.30067049128118,150.74103003591537
14.354000000001463,9.81,3.93,1,1,0.01,0.01,-5.252041279123272,15.576470780688433,-1.370551363995784,3.9430637016449848,-10.197233015556012,7.446447662926486,0.0,0.07477713594559976,2.108045144914707,0.0,-2.3040423057048667,-3.190339461682565,0.0,8.207184600539993,-5.927175072586409,34.73937331838192,116.00130994169615,150.74068326007807
14.356000000001464,9.81,3.93,1,1,0.01,0.01,-5.254802820501572,15.58437181967309,-1.3910113891602556,3.9579847233521224,-10.261352481609654,7.474769171618897,0.0,0.07016907294005448,2.1016450267670037,0.0,-2.3040509469428345,-3.2097537251379635,0.0,8.239349065970957,-5.914435076113812,35.04038284615665,115.69995017199969,150.74033301815635
14.358000000001464,9.81,3.93,1,1,0.01,0.01,-5.257605404231883,15.592302758144976,-1.4115906784087886,3.972963597588977,-10.316359221897718,7.504316795713086,0.0,0.06556080352474813,2.09520622965145,0.0,-2.304249988922809,-3.2290180093295975,0.0,8.27071600290426,-5.902041178777007,35.343375422674356,115.39660384559583,150.7399792682702
14.360000000001465,9.81,3.93,1,1,0.01,0.01,-5.260449250068341,15.600263714327616,-1.4322701846653634,3.988002875918723,-10.361434149790448,7.535189840561752,0.0,0.060951939210086015,2.0887290556919442,0.0,-2.3046470629151146,-3.248130225659919,0.0,8.301349200671265,-5.8900594263189685,35.64833778018682,115.09128418855325,150.73962196874007
14.362000000001466,9.81,3.93,1,1,0.01,0.01,-5.263334538045122,15.608254811745919,-1.4530292422118718,4.003105307903664,-10.39577965939705,7.567486803539074,0.0,0.056342076645982675,2.08221381069174,0.0,-2.3052493845155975,-3.2670887915565787,0.0,8.331321415143185,-5.878558799532963,35.95525610455734,114.78400497364606,150.7392610782034
14.364000000001466,9.81,3.93,1,1,0.01,0.01,-5.26626140529007,15.616276179619776,-1.473845621622477,4.018273838276763,-10.418631725455317,7.601304145744471,0.0,0.051730798539170064,2.07566080307408,0.0,-2.3060636672413937,-3.285892677550795,0.0,8.360714422725247,-5.867610921729427,36.26411605665622,114.4747804990806,150.7388965557368
14.366000000001467,9.81,3.93,1,1,0.01,0.01,-5.269229942972846,15.624327953249454,-1.4946956095854276,4.033511601569337,-10.429272656257847,7.636734979845433,0.0,0.04711767474512063,2.0690703427310337,0.0,-2.307096034506555,-3.3045414518208878,0.0,8.389618964271559,-5.8572897104457375,36.5749027993136,114.16362556166779,150.73852836098138
14.368000000001468,9.81,3.93,1,1,0.01,0.01,-5.272240193438554,15.632410274387594,-1.5155541146946776,4.048821914049316,-10.427044268505913,7.673867697022576,0.0,0.042502263536516205,2.062442739786628,0.0,-2.3083519313217153,-3.3230353212020978,0.0,8.418134569487663,-5.847670973468158,36.88760102999795,113.85055542427365,150.7381564542716
14.370000000001468,9.81,3.93,1,1,0.01,0.01,-5.275292147579456,15.640523291592308,-1.5363947997883445,4.064208262875305,-10.411361210485783,7.712784560833985,0.0,0.03788411304733019,2.0557783032823442,0.0,-2.3098360372183238,-3.3413751676364507,0.0,8.44636925429427,-5.83883195044576,37.20219501930633,113.53558577745838,150.7377807967647
14.372000000001469,9.81,3.93,1,1,0.01,0.01,-5.278385742497943,15.64866716055576,-1.5571902408252247,4.079674292431839,-10.381724122374605,7.753560300225366,0.0,0.033262762888468966,2.049077339795121,0.0,-2.311552182028164,-3.3595625790367634,0.0,8.47443908599349,-5.830850802698695,37.518668655259944,113.21873269530836,150.7374013505683
14.37400000000147,9.81,3.93,1,1,0.01,0.01,-5.281520859513315,15.65684204440263,-1.5779121116366206,4.095223787879464,-10.337732292353055,7.796260737596912,0.0,0.028637745927562186,2.0423401520000515,0.0,-2.313503266243643,-3.377599873570603,0.0,8.50246761387211,-5.823806055223889,37.837005493295756,112.9000125855697,150.73701807886545
14.37600000000147,9.81,3.93,1,1,0.01,0.01,-5.2846973225628515,15.665048113952968,-1.5985313931860616,4.110860656028006,-10.27909544703139,7.840941490513877,0.0,0.02400859022195434,2.0355670371918553,0.0,-2.3156911877361313,-3.3954901164356155,0.0,8.530585166033449,-5.817775996342174,38.157188811734635,112.57944213429809,150.73663094603273
14.378000000001471,9.81,3.93,1,1,0.01,0.01,-5.2879148970442245,15.673285547944277,-1.619018605236393,4.1265889037201875,-10.205644306775334,7.88764678704997,0.0,0.01937482109041133,2.0287582857809867,0.0,-2.318116776611226,-3.4132371282985368,0.0,8.558928016683105,-5.812838041865342,38.479201672392016,112.25703824535805,150.73623991775005
14.380000000001472,9.81,3.93,1,1,0.01,0.01,-5.291173289141353,15.681554533208075,-1.6393440575885947,4.142412613992874,-10.117339542722116,7.936408434658376,0.0,0.014735963305542166,2.021914179781781,0.0,-2.3207797399254506,-3.4308454847062526,0.0,8.587637431692853,-5.809068072036651,38.80302698587894,111.93281797522101,150.73584496109996
14.382000000001472,9.81,3.93,1,1,0.01,0.01,-5.294472145669404,15.68985526479686,-1.659478117349244,4.158335920361588,-10.014278793874846,7.987244980709524,0.0,0.010091543385578272,2.015034991311227,0.0,-2.3236786178754967,-3.448320505946497,0.0,8.616858603899843,-5.806539750759826,39.12864758102668,111.60679846362554,150.7354460446522
14.384000000001473,9.81,3.93,1,1,0.01,0.01,-5.29781105446692,15.698187946058082,-1.6793914880351506,4.174362979646983,-9.89670144015363,8.040161099338443,0.0,0.005441091961099875,2.0081209811178344,0.0,-2.32681075289726,-3.465668237034738,0.0,8.646739493119028,-5.80532383772114,39.45604627775775,111.27899686077555,150.73504313853329
14.386000000001474,9.81,3.93,1,1,0.01,0.01,-5.301189545354069,15.70655278865274,-1.6990554957659212,4.190497943826318,-9.764990880259672,8.095147234020969,0.0,0.0007841461896520574,2.001172397160471,0.0,-2.3301722728801386,-3.4828954177264473,0.0,8.677429589100614,-5.805487504873467,39.785205962625554,110.94943025185106,150.7346362144766
14.388000000001474,9.81,3.93,1,1,0.01,0.01,-5.304607091666082,15.714950012517122,-1.7184423773578172,4.206744931445235,-9.619674130296769,8.152179518472277,0.0,-0.0038797478109504624,1.9941894732570256,0.0,-2.33375808941662,-3.5000094426939494,0.0,8.709078618500985,-5.807093669338212,40.11610966615713,110.61811557969541,150.73422524585254
14.390000000001475,9.81,3.93,1,1,0.01,0.01,-5.308063112360222,15.72337984576742,-1.737525564841278,4.223107999162348,-9.461418637947668,8.211219990261455,0.0,-0.008551032541341597,1.987172427822217,0.0,-2.337561911676825,-3.5170183122550074,0.0,8.741835219210845,-5.810200355050258,40.44874064106333,110.28506956661309,150.7338102076764
14.392000000001476,9.81,3.93,1,1,0.01,0.01,-5.311556974683551,15.731842524548055,-1.7562799608003374,4.239591114018821,-9.29102629439365,8.272217102295386,0.0,-0.013230136742866438,1.9801214627128767,0.0,-2.34157627613241,-3.533930574287481,0.0,8.77584560697833,-5.814860095389533,40.78308244032951,109.95030863626405,150.73339107659356
14.394000000001476,9.81,3.93,1,1,0.01,0.01,-5.315087997377557,15.740338292825763,-1.7746821989880952,4.25619812702564,-9.109424718140131,8.33510652746024,0.0,-0.0179174730950169,1.973036762197455,0.0,-2.345792591967616,-3.5507552582004585,0.0,8.811252260083346,-5.821119388593618,41.119118994172226,109.61384883666727,150.7329678308395
14.396000000001477,9.81,3.93,1,1,0.01,0.01,-5.318655454384834,15.748867402132644,-1.7927108849131934,4.272932748641825,-8.91765597704414,8.399812241693988,0.0,-0.02261343601889121,1.9659184920646378,0.0,-2.3502012016221743,-3.56750180204721,0.0,8.848192647804154,-5.829018216927203,41.45683468484349,109.27570576533277,150.73254045017626
14.398000000001478,9.81,3.93,1,1,0.01,0.01,-5.322258579012805,15.757430111262526,-1.8103468115136245,4.2897985266776155,-8.716863002501471,8.466247861106213,0.0,-0.027318399616078737,1.958766798883542,0.0,-2.3547914555260956,-3.58417997405047,0.0,8.886798027552137,-5.838589639408341,41.79621441828562,108.93589449752,150.7321089158056
14.400000000001478,9.81,3.93,1,1,0.01,0.01,-5.325896568500227,15.766026685925942,-1.8275731456226365,4.306798827098918,-8.508274028449065,8.534318199959385,0.0,-0.03203271577012656,1.9515818094252415,0.0,-2.3595517997267508,-3.6007997899573456,0.0,8.927192333859175,-5.84985946639199,42.13724369168608,108.5944295185718,150.7316732102579
14.402000000001479,9.81,3.93,1,1,0.01,0.01,-5.3295685889243885,15.77465739836998,-1.8443755816649683,4.323936818135183,-8.293185453530329,8.603921008834895,0.0,-0.03675671243477796,1.944363630252517,0.0,-2.364469874788001,-3.6173714277437368,0.0,8.969491179951579,-5.862846022533083,42.47990865605211,108.25132466120832,150.73123331726043
14.40400000000148,9.81,3.93,1,1,0.01,0.01,-5.333273780380604,15.783322526969906,-1.8607424598706515,4.341215458005437,-8.072943574145633,8.674948846512265,0.0,-0.04149069212971279,1.9371123474815202,0.0,-2.3695326240725474,-3.6339051412423164,0.0,9.013800989539243,-5.877560002655671,42.82419617301689,107.90659304856904,150.73078922158592
14.40600000000148,9.81,3.93,1,1,0.01,0.01,-5.337011262361072,15.792022355800054,-1.8766648472230383,4.3586374864800606,-7.848925666846686,8.747291035266825,0.0,-0.04623493066047679,1.9298280267159658,0.0,-2.3747264093127676,-3.650411174272061,0.0,9.060218272823834,-5.89400442291363,43.17009386519994,107.56024704368389,150.73034090888382
14.408000000001481,9.81,3.93,1,1,0.01,0.01,-5.340780139257615,15.800757174191776,-1.8921365803288657,4.376205420393286,-7.622520909421904,8.820835647601987,0.0,-0.050989676074977286,1.9225107131512915,0.0,-2.3800371312386113,-3.6668996768017452,0.0,9.108829056744025,-5.91217466741948,43.517590159569814,107.21229820592718,150.729888365497
14.410000000001482,9.81,3.93,1,1,0.01,0.01,-5.344579505912131,15.809527276286397,-1.9071542703711455,4.3939215531175275,-7.3951116210540615,8.89547147290341,0.0,-0.05575514786438063,1.9151604318432676,0.0,-2.3854503529678888,-3.6833806245879064,0.0,9.15970847530038,-5.932058628324033,43.86667432339482,106.86275725487246,150.72943157826728
14.412000000001482,9.81,3.93,1,1,0.01,0.01,-5.348408453139878,15.818332960590997,-1.9217172712417245,4.411787957909827,-7.168055274246622,8.971089915035853,0.0,-0.06053153641164588,1.9077771881327803,0.0,-2.390951423874223,-3.6998637435944106,0.0,9.212920521610345,-5.953636935230617,44.21733649250888,106.51163404182338,150.72897053433226
14.414000000001483,9.81,3.93,1,1,0.01,0.01,-5.3522660731537615,15.827174529544623,-1.935827612814062,4.429806494946846,-6.942667686980047,9.047586776284684,0.0,-0.06531900268644075,1.9003609682160572,0.0,-2.396525601727802,-3.716358440333044,0.0,9.268517959301455,-5.976883267898479,44.56956769176593,106.15893752915106,150.728505220917
14.416000000001484,9.81,3.93,1,1,0.01,0.01,-5.356151464822531,15.836052289102042,-1.9494899020778829,4.447978821781326,-6.720207745767415,9.124863888963233,0.0,-0.07011767818088877,1.8929117398475253,0.0,-2.4021581710470445,-3.732873739070579,0.0,9.326542387106922,-6.0017647444951265,44.923359847696794,105.80467577742738,150.72803562512416
14.418000000001484,9.81,3.93,1,1,0.01,0.01,-5.360063738701853,15.844966548341553,-1.9627111954922933,4.466306406882499,-6.501863942495234,9.20283056308667,0.0,-0.07492766507669191,1.8854294531607814,0.0,-2.4078345557967276,-3.749418226636382,0.0,9.387024447207448,-6.028242376250321,45.27870579351749,105.44885594020747,150.72756173372494
14.420000000001485,9.81,3.93,1,1,0.01,0.01,-5.364002021784478,15.85391761910263,-1.9755008464065107,4.48479054586747,-6.288742934031144,9.281404826336278,0.0,-0.07974903663064048,1.877914041591935,0.0,-2.41354042480875,-3.7660000053447917,0.0,9.449984165061899,-6.056271578281983,45.63559926676229,105.0914842661914,150.72708353295369
14.422000000001486,9.81,3.93,1,1,0.01,0.01,-5.367965461923805,15.862905815658378,-1.98787033173926,4.503432379991148,-6.081860257438009,9.360514440682202,0.0,-0.08458183776257677,1.870365422888755,0.0,-2.4192617885734737,-3.7826266543272506,0.0,9.515431406251809,-6.085802725627748,45.99403489992512,104.73256610838396,150.72660100830907
14.424000000001486,9.81,3.93,1,1,0.01,0.01,-5.371953231893688,15.871931454426834,-1.9998330622983347,4.522232916439169,-5.882133258912697,9.44009768809418,0.0,-0.08942608582742484,1.8627835001886863,0.0,-2.4249850863401705,-3.799305199358122,0.0,9.583366434261597,-6.116781743131239,46.35400820458722,104.3721059397773,150.72611414436452
14.426000000001487,9.81,3.93,1,1,0.01,0.01,-5.375964533056228,15.880994853724276,-2.0114041811669714,4.541193049960808,-5.690376224482791,9.520103925390247,0.0,-0.0942817715511094,1.8551681631488162,0.0,-2.4306972627621874,-3.816042091062443,0.0,9.653780552128927,-6.1491507177882045,46.71551554958614,104.01010737500195,150.7256229245881
14.428000000001488,9.81,3.93,1,1,0.01,0.01,-5.37999859861803,15.890096333562765,-2.0226003544955518,4.5603135853860195,-5.5072976376729414,9.600493915155829,0.0,-0.09914886010891655,1.8475192891112902,0.0,-2.4363858336148696,-3.8328431912189647,0.0,9.726656810501344,-6.182848522431306,47.07855413384012,103.64657319733516,150.7251273311753
14.430000000001488,9.81,3.93,1,1,0.01,0.01,-5.384054696463915,15.89923621549322,-2.0334395588322907,4.579595260590694,-5.333499435733039,9.681239945586771,0.0,-0.10402729232421071,1.839836744288394,0.0,-2.4420389403923095,-3.8497137667215817,0.0,9.801970764776524,-6.2178114401881475,47.44312195448204,103.28150539041225,150.7246273448943
14.432000000001489,9.81,3.93,1,1,0.01,0.01,-5.388132131565055,15.90841482249455,-2.043940868824772,4.59903876950494,-5.169478092835131,9.76232575692412,0.0,-0.10891698596528243,1.8321203849525138,0.0,-2.447645393844282,-3.8666584906396206,0.0,9.879691264618858,-6.25397377994139,47.80921777098116,102.91490517396423,150.72412294494538
14.43400000000149,9.81,3.93,1,1,0.01,0.01,-5.392230247965799,15.917632478908528,-2.054124248746963,4.618644784798363,-5.015627326431312,9.843746295784399,0.0,-0.1138178371184464,1.824370058617434,0.0,-2.4531947067415483,-3.883681449722756,0.0,9.959781260154832,-6.291268474004148,48.17684106593534,102.54677304289892,150.72361410883425
14.43600000000149,9.81,3.93,1,1,0.01,0.01,-5.39634843035993,15.926889510419445,-2.064010350875594,4.638413979921581,-4.872242201637111,9.925507321147633,0.0,-0.11872972161630924,1.8165856051987617,0.0,-2.458677116351231,-3.900786157630347,0.0,10.042198610472147,-6.3296276503454925,48.54599200321074,102.17710880904883,150.7231008122596
14.438000000001491,9.81,3.93,1,1,0.01,0.01,-5.400486105272706,15.936186244076964,-2.0736203232768657,4.658347050232246,-4.739524397459204,10.007624887101944,0.0,-0.12365249650123111,1.8087668581428091,0.0,-2.464083597262784,-3.9179755731251307,0.0,10.12689688159507,-6.368983172910938,48.91667138408182,101.80591164493272,150.72258302901454
14.440000000001492,9.81,3.93,1,1,0.01,0.01,-5.404642741869655,15.945523008360139,-2.082975629088825,4.67844473298452,-4.617588396908011,10.090124727763866,0.0,-0.12858600150542066,1.800913645514758,0.0,-2.4694058653275306,-3.9352521224565447,0.0,10.2138261228019,-6.409267144829824,49.28888060199371,101.43318012890788,150.7220607309016
14.442000000001492,9.81,3.93,1,1,0.01,0.01,-5.408817852416818,15.954900133280107,-2.0920978789138314,4.698707826011385,-4.506468369230248,10.173041569233094,0.0,-0.13353006053074146,1.793025791038493,0.0,-2.4746363735628054,-3.95261772516551,0.0,10.302933611912302,-6.450412370544482,49.662621596527615,101.05891229113213,150.72153388765975
14.444000000001493,9.81,3.93,1,1,0.01,0.01,-5.413010992419888,15.964317950518756,-2.101008677483754,4.719137204977672,-4.406125525208962,10.256418392154778,0.0,-0.13848448311302886,1.785103115082036,0.0,-2.4797683009269056,-3.9700738225676924,0.0,10.394164561938055,-6.492352774095626,50.03789680710119,100.68310565980312,150.7210024669043
14.446000000001494,9.81,3.93,1,1,0.01,0.01,-5.417221760471613,15.973776793600386,-2.1097294853394186,4.739733839127105,-4.316455744192339,10.34030566661778,0.0,-0.1434490658576152,1.777145435583889,0.0,-2.4847955348962696,-3.9876214082124495,0.0,10.487462783203938,-6.53502377192263,50.414709126884325,100.30575730719224,150.72046643407657
14.448000000001494,9.81,3.93,1,1,0.01,0.01,-5.4214497978378855,15.983276998093325,-2.1182814958839327,4.76049880548791,-4.237297292757137,10.424760578870083,0.0,-0.14842359383457648,1.7691525689170344,0.0,-2.489712648776005,-4.00526105966613,0.0,10.58277129666169,-6.578362599565126,50.79306185735513,99.92686389504871,150.71992575240384
14.450000000001495,9.81,3.93,1,1,0.01,0.01,-5.425694787813371,15.99281890183843,-2.1266855278324654,4.781433301538036,-4.168438478313013,10.509846266838226,0.0,-0.15340784192408252,1.761124330688528,0.0,-2.4945148746519323,-4.022992971028333,0.0,10.6800328956062,-6.622308592563034,51.17295866386448,99.54642171900366,150.71938038286814
14.452000000001496,9.81,3.93,1,1,0.01,0.01,-5.4299564548772254,16.002402845201377,-2.1349619327919394,4.802538656362399,-4.109625105296895,10.595631078826221,0.0,-0.15840157610402406,1.7530605364737444,0.0,-2.49919807285204,-4.040816985654503,0.0,10.779190654335682,-6.666803422639299,51.55440353252214,99.16442675165942,150.71883028418156
14.454000000001496,9.81,3.93,1,1,0.01,0.01,-5.434234563678696,16.012029171345834,-2.1431305174637414,4.823816340360721,-4.060567625866748,10.68218786715693,0.0,-0.16340455467372883,1.7449610024853728,0.0,-2.5037586987305613,-4.058732628625734,0.0,10.880188383463887,-6.711791290905679,51.93740072866349,98.78087468410605,150.71827541276954
14.456000000001497,9.81,3.93,1,1,0.01,0.01,-5.438528917881184,16.02169822652463,-2.1512104797699285,4.845267973585475,-4.020947900346435,10.769593325998482,0.0,-0.16841652940920837,1.7368255461780087,0.0,-2.5081937675234767,-4.076739138574121,0.0,10.982971032586814,-6.757219080360415,52.32195475710349,98.39576096565366,150.71771572275716
14.458000000001498,9.81,3.93,1,1,0.01,0.01,-5.442839358891788,16.03141036038635,-2.1592203580559954,4.866895332805586,-3.9904255044721992,10.85792738025824,0.0,-0.173437246646727,1.7286539867900501,0.0,-2.5125008179531654,-4.094835498537717,0.0,11.087485041829897,-6.803036470351269,52.70807032433788,98.00908084162434,150.7171511659622
14.460000000001498,9.81,3.93,1,1,0.01,0.01,-5.447165764501536,16.041165926294827,-2.1671779924175514,4.888700357403081,-3.9686435402985643,10.947272630281581,0.0,-0.17846644829284408,1.720446145825032,0.0,-2.5166778751850973,-4.113020465581705,0.0,11.193678644462663,-6.849196015966549,53.09575230280619,97.62082938908318,150.71658169188936
14.462000000001499,9.81,3.93,1,1,0.01,0.01,-5.451508047459556,16.050965281659394,-2.175100497129882,4.910685154217446,-3.9552339251621054,11.037713855189851,0.0,-0.18350387276014835,1.7122018474751428,0.0,-2.5207234136638985,-4.131292598980611,0.0,11.301502123275773,-6.89565319550178,53.48500569729212,97.2310015504359,150.71600724772802
14.4640000000015,9.81,3.93,1,1,0.01,0.01,-5.455866154002324,16.060808788273857,-2.1830042431237326,4.932852001456392,-3.9498221482407403,11.129337576051093,0.0,-0.18854925582892434,1.7039209189899258,0.0,-2.524636320281552,-4.149650286809359,0.0,11.410908023784982,-6.942366429242006,53.875835613500755,96.83959216484982,150.71542777835057
14.4660000000015,9.81,3.93,1,1,0.01,0.01,-5.460240062357025,16.070696812662437,-2.1909048494428247,4.955203351792745,-3.9520314969693193,11.222231678698254,0.0,-0.19360233143580097,1.695603190993479,0.0,-2.5284158582589575,-4.168091770838561,0.0,11.521851327572666,-6.989297072812722,54.26824722882169,96.44659599749016,150.71484322631187
14.468000000001501,9.81,3.93,1,1,0.01,0.01,-5.46462978123593,16.080629726431223,-2.1988171826339196,4.9777418347655935,-3.9614867659570923,11.316485094887298,0.0,-0.19866283239113125,1.6872484977536228,0.0,-2.532061632054449,-4.186615169671204,0.0,11.634289589217044,-7.036409388298408,54.66224576526012,96.05200776658904,150.71425353184915
14.470000000001502,9.81,3.93,1,1,0.01,0.01,-5.46903534833664,16.09060790662381,-2.2067553630540657,5.000470258600318,-3.977817469243649,11.412187539605453,0.0,-0.20373049102743113,1.6788566774065514,0.0,-2.535573553550427,-4.205218500093915,0.0,11.748183040307392,-7.083670496219831,55.05783646449489,95.65582216838504,150.71365863287994
14.472000000001502,9.81,3.93,1,1,0.01,0.01,-5.473456828861053,16.100631736080082,-2.214732777127852,5.023391611557056,-4.000660582920662,11.509429301676507,0.0,-0.20880503978162845,1.6704275721405795,0.0,-2.5389518097124832,-4.223899696646522,0.0,11.863494664016775,-7.131050311311511,55.45502456500556,95.25803389999405,150.71305846499962
14.474000000001503,9.81,3.93,1,1,0.01,0.01,-5.477894314064023,16.110701603797324,-2.2227620946462245,5.046509062910921,-4.029662849557708,11.608301084343381,0.0,-0.21388621171421596,1.6619610283425117,0.0,-2.542196831864431,-4.242656629438838,0.0,11.980190243616352,-7.178521464859382,55.85381528119361,94.85863768028406,150.71245296147768
14.476000000001504,9.81,3.93,1,1,0.01,0.01,-5.4823479198409615,16.120817905292995,-2.230855290264416,5.069825963660373,-4.064482678734876,11.708893892211995,0.0,-0.21897374096866196,1.653456896710071,0.0,-2.545309266677513,-4.261487120264126,0.0,12.098238388180988,-7.226059216155064,56.254213784412116,94.45762826883822,150.71184205325034
14.478000000001504,9.81,3.93,1,1,0.01,0.01,-5.48681778536198,16.13098104296872,-2.239023668426883,5.0933458470526825,-4.1047916795361274,11.811298960787422,0.0,-0.22406736317455456,1.644915032333762,0.0,-2.548289948933314,-4.280388957074524,0.0,12.217610538565493,-7.273641355407814,56.65622518580988,94.05500048310152,150.7112256689114
14.480000000001505,9.81,3.93,1,1,0.01,0.01,-5.49130407175872,16.141191426475224,-2.2472778910194875,5.117072429007905,-4.150275861323363,11.91560772480192,0.0,-0.22916681579806808,1.6363352947513794,0.0,-2.5511398760862796,-4.2993599068960044,0.0,12.338280956537021,-7.321248100232363,57.05985452088968,93.65074921381203,150.71060373470172
14.482000000001506,9.81,3.93,1,1,0.01,0.01,-5.495806960868685,16.151449473078078,-2.25562800712152,5.141009608515162,-4.200636538699534,12.021911821600032,0.0,-0.23427183844335986,1.6277175479781232,0.0,-2.5538601846233373,-4.318397727268983,0.0,12.460226699738408,-7.368861987607394,57.46510673567481,93.24486943881733,150.70997617449214
14.484000000001506,9.81,3.93,1,1,0.01,0.01,-5.50032665404071,16.16175560802425,-2.2640834843009805,5.165161468067744,-4.255590975472941,12.130303125985016,0.0,-0.2393821731084559,1.6190616605152808,0.0,-2.556452128195477,-4.337500176306321,0.0,12.583427584938647,-7.416467762983269,57.871986674378604,92.83735623538718,150.70934290976578
14.486000000001507,9.81,3.93,1,1,0.01,0.01,-5.504863371004149,16.17211026490964,-2.272653240964617,5.189532274196513,-4.314872800823289,12.240873813130152,0.0,-0.2444975643991344,1.610367505340083,0.0,-2.558917057476727,-4.356665021463687,0.0,12.707866141806146,-7.4640522680060615,58.28049906847019,92.42820479112586,150.70870385959606
14.488000000001508,9.81,3.93,1,1,0.01,0.01,-5.509417348803459,16.182513886047797,-2.2813456793386986,5.214126478154543,-4.378232228891331,12.353716446397481,0.0,-0.24961775970421407,1.6016349598792137,0.0,-2.5612564016912778,-4.3758900471183235,0.0,12.83352755922294,-7.511604328126848,58.69064852702978,92.01741041359011,150.70805894061988
14.490000000001508,9.81,3.93,1,1,0.01,0.01,-5.5139888407990725,16.192966922840217,-2.29016871871675,5.238948716799864,-4.445436110790997,12.468924087171676,0.0,-0.2547425093354977,1.5928639059682959,0.0,-2.5634716517383223,-4.395173061051411,0.0,12.960399625946293,-7.559114641179918,59.102439528290574,91.6049685387174,150.70740806700798
14.492000000001509,9.81,3.93,1,1,0.01,0.01,-5.518578115734766,16.20346983614863,-2.299129828666131,5.2640038137176965,-4.51626784568192,12.586590424100217,0.0,-0.2598715666355039,1.5840542297994222,0.0,-2.5655643448356176,-4.414511899927363,0.0,13.088472667223316,-7.6065756678413745,59.515876412266806,91.1908747381639,150.7067511504307
14.49400000000151,9.81,3.93,1,1,0.01,0.01,-5.523185456871186,16.214023096669806,-2.3082360619362032,5.289296780618614,-4.590527175126013,12.706809919419234,0.0,-0.26500468805593835,1.5752058218586518,0.0,-2.567536050597183,-4.433904433860112,0.0,13.21773947877405,-7.653981524723293,59.93096337437005,90.77512472564887,150.70608810001892
14.49600000000151,9.81,3.93,1,1,0.01,0.01,-5.527811161184708,16.224627185313448,-2.3174940868568688,5.314832819044721,-4.6680298825483275,12.829677970332364,0.0,-0.2701416332096688,1.5663185768552408,0.0,-2.5693883584571315,-4.453348570152583,0.0,13.34819525938184,-7.701327880717246,60.34770445992269,90.35771436239969,150.70541882232237
14.498000000001511,9.81,3.93,1,1,0.01,0.01,-5.5324555386304475,16.235282593583857,-2.3269102190575537,5.340617322412163,-4.748607417286225,12.95529108369305,0.0,-0.27528216489883406,1.5573923936441227,0.0,-2.571122866349845,-4.47284225629098,0.0,13.479837543166896,-7.7486118570739135,60.766103559478246,89.93863966178307,150.7047432212613
14.500000000001512,9.81,3.93,1,1,0.01,0.01,-5.537118911467905,16.24598982396601,-2.3364904523734262,5.366655878415054,-4.832106460475315,13.083747062511385,0.0,-0.28042604912149527,1.5484271751430885,0.0,-2.5727411705568213,-4.492383482270616,0.0,13.612666132470062,-7.7958319315938915,61.18616440486701,89.51789679320706,150.70406119807407
14.502000000001512,9.81,3.93,1,1,0.01,0.01,-5.541801613647533,16.256749390316838,-2.3462404888379984,5.392954271813202,-4.9183884479166196,13.21514520306564,0.0,-0.2855730550590596,1.5394228282459588,0.0,-2.5742448566315894,-4.511970282324869,0.0,13.746683032139268,-7.842987847206151,61.60789056588791,89.09548208537413,150.70337265126204
14.504000000001513,9.81,3.93,1,1,0.01,0.01,-5.546503990256306,16.26756181826248,-2.3561657676895837,5.4195184876238285,-5.00732906311328,13.349586501643575,0.0,-0.29072295504657975,1.5303792637327904,0.0,-2.575635491316034,-4.5316007361236235,0.0,13.881892385890355,-7.890080525124537,62.03128544757217,88.67139202895461,150.7026774765268
14.506000000001514,9.81,3.93,1,1,0.01,0.01,-5.551226397020277,16.278427645602346,-2.366271493343619,5.446354714735768,-5.0988177118656965,13.487173870165261,0.0,-0.29587552452779453,1.5212963961782036,0.0,-2.5769146153646596,-4.551272969502268,0.0,14.018300415306188,-7.937111982699984,62.45635228795087,88.24562327875316,150.70197556670402
14.508000000001514,9.81,3.93,1,1,0.01,0.01,-5.555969199862023,16.28934742272084,-2.376562662303981,5.473469349963319,-5.192756988178269,13.628012360152647,0.0,-0.30103054199666857,1.5121741438586571,0.0,-2.5780837371964953,-4.570985154777279,0.0,14.155915361943448,-7.984085256022815,62.88309415626258,87.81817265542993,150.7012668116925
14.510000000001515,9.81,3.93,1,1,0.01,0.01,-5.560732774510841,16.300321713007634,-2.3870440890044318,5.500869002556101,-5.289062139755401,13.772209394707676,0.0,-0.30618778892699716,1.5030124286594602,0.0,-2.579144327298206,-4.590735510699288,0.0,14.294747432932779,-8.031004327276783,63.311513951540256,87.38903714683613,150.7005510983764
14.512000000001516,9.81,3.93,1,1,0.01,0.01,-5.565517506163561,16.311351093287442,-2.397720430586541,5.528560499180713,-5.387660540046616,13.919875008341709,0.0,-0.31134704969150373,1.4938111759822346,0.0,-2.5800978133062764,-4.6105223020898825,0.0,14.434808750386518,-8.077874056803664,63.74161440152448,86.95821390902064,150.69982831054512
14.514000000001516,9.81,3.93,1,1,0.01,0.01,-5.570323789193865,16.322436154260252,-2.4085962106331538,5.556550889389918,-5.488491172633824,14.071122094669029,0.0,-0.31650811147173386,1.4845703146533398,0.0,-2.5809455756998654,-4.630343839203775,0.0,14.576113304865721,-8.12470011979979,64.1733980618497,86.52570026695474,150.69909832880444
14.516000000001517,9.81,3.93,1,1,0.01,0.01,-5.575152026908062,16.333577500952973,-2.4196758418870177,5.58484745159519,-5.5915041327278265,14.226066662130757,0.0,-0.32167076415988916,1.4752897768338427,0.0,-2.5816889440407222,-4.650198476853709,0.0,14.718676913105908,-8.171488947539038,64.60686731545886,86.0914937150252,150.69836103048405
14.518000000001518,9.81,3.93,1,1,0.01,0.01,-5.580002631345297,16.344775753183566,-2.430963647992803,5.613457699558999,-5.696660149647549,14.384828098061245,0.0,-0.3268348002536372,1.4659694979314528,0.0,-2.582329193700512,-4.67008461333135,0.0,14.862517180156031,-8.218247672993332,65.04202437220171,85.65559191733746,150.69761628953916
14.520000000001518,9.81,3.93,1,1,0.01,0.01,-5.58487602312033,16.356031546038675,-2.4424638843077022,5.642389389423926,-5.803930133385652,14.547529441543807,0.0,-0.33200001474481755,1.4566094165147723,0.0,-2.582867543019943,-4.690000689153903,0.0,15.007653466049513,-8.264984080704478,65.47887126857738,85.21799270786761,150.696863976445
14.522000000001519,9.81,3.93,1,1,0.01,0.01,-5.589772631307022,16.36734553036589,-2.454180757831321,5.671650527296752,-5.913294747702458,14.71429766562898,0.0,-0.33716620500285965,1.4472094742302377,0.0,-2.5833051508484814,-4.709945185662393,0.0,15.15410685709511,-8.311706560749808,65.91740986758546,84.77869409050172,150.69610395808718
14.52400000000152,9.81,3.93,1,1,0.01,0.01,-5.594692893360861,16.378718373281714,-2.4661184463098946,5.70124937740691,-6.024744011633292,14.885263969610087,0.0,-0.34233317065361557,1.4377696157219593,0.0,-2.5836431144167573,-4.729916623494699,0.0,15.30190014185305,-8.358424066634235,66.35764185865027,84.3376942389931,150.69533609764335
14.52600000000152,9.81,3.93,1,1,0.01,0.01,-5.599637255078919,16.390150758696493,-2.478281116573142,5.731194470860214,-6.138276930824586,15.060564082165051,0.0,-0.3475007134542383,1.4282897885547523,0.0,-2.5838824674979937,-4.749913560953141,0.0,15.45105779184239,-8.405146076937982,66.7995687575892,83.89499149687097,150.69456025446016
14.528000000001521,9.81,3.93,1,1,0.01,0.01,-5.604606170595756,16.401643387857405,-2.4906729421645015,5.761494615010497,-6.253901159729978,15.240338576287442,0.0,-0.35266863716463714,1.4187699431405083,0.0,-2.584024178817697,-4.769934592284046,0.0,15.60160594701347,-8.451882560545613,67.24319190659553,83.45058437732672,150.69377628392226
14.530000000001522,9.81,3.93,1,1,0.01,0.01,-5.609600102413937,16.41319697991088,-2.5032981203272313,5.792158903473747,-6.371632695382479,15.424733197039403,0.0,-0.35783674741596927,1.4092100326680757,0.0,-2.5840691506743663,-4.789978345883998,0.0,15.753572406009544,-8.498643945283103,67.68851247420912,83.0044715631044,150.69298403731352
14.532000000001522,9.81,3.93,1,1,0.01,0.01,-5.614619521467931,16.42481227248568,-2.516160888410038,5.823196726811522,-6.491495603209968,15.613899203269476,0.0,-0.3630048515765544,1.3996100130368272,0.0,-2.58401821773708,-4.810043482445332,0.0,15.906986621236863,-8.545441089792314,68.13553145525248,82.55665190642101,150.69218336167347
14.534000000001523,9.81,3.93,1,1,0.01,0.01,-5.619664907220291,16.43649002229807,-2.5292655397566137,5.854617783912798,-6.613521775170071,15.807993724551997,0.0,-0.36817275861554144,1.389969842793927,0.0,-2.5838721459879865,-4.830128693051448,0.0,16.061879698761185,-8.592285258474144,68.5842496707069,82.10712442893478,150.69137409964168
14.536000000001524,9.81,3.93,1,1,0.01,0.01,-5.624736747789149,16.448231005780446,-2.542616439143881,5.886432094106041,-6.737750720336491,16.007180134716787,0.0,-0.3733402789645698,1.3802894830755263,0.0,-2.5836316317811807,-4.850232697230506,0.0,16.218284403049662,-8.63918809933978,69.03466776751046,81.65588832178793,150.69055608929838
14.538000000001524,9.81,3.93,1,1,0.01,0.01,-5.629835540106199,16.460036019734968,-2.5562180378338937,5.918650010036175,-6.86422938797324,16.211628443460285,0.0,-0.3785072243776557,1.3705688975518058,0.0,-2.583297300990642,-4.870354240974531,0.0,16.376235166581612,-8.686161624611804,69.48678621825601,81.2029429457364,150.6897291639924
14.540000000001525,9.81,3.93,1,1,0.01,0.01,-5.634961790104441,16.471905882013733,-2.5700748883043536,5.951282231344173,-6.99301202307178,16.421515707651285,0.0,-0.38367340778943293,1.3608080523760762,0.0,-2.5828697082231273,-4.890492094729242,0.0,16.535768104358112,-8.733218193927645,69.94060532077226,80.74828783139084,150.6888931521631
14.542000000001526,9.81,3.93,1,1,0.01,0.01,-5.640116012935126,16.48384143222714,-2.584191658722622,5.9843398191904065,-7.124160054303336,16.637026464079497,0.0,-0.388838643171871,1.3510069161378873,0.0,-2.582349336072835,-4.9106450513587045,0.0,16.696921033349575,-8.780370500002011,70.39612519756935,80.29192267958155,150.6880478771509
14.544000000001526,9.81,3.93,1,1,0.01,0.01,-5.645298733213443,16.4958435324822,-2.598573147228008,6.017834211666488,-7.257742014342497,16.858353185535226,0.0,-0.3940027453895235,1.3411654598202585,0.0,-2.5817365943969217,-4.930811924087437,0.0,16.859733496931035,-8.827631556614726,70.85334579513355,79.83384736186628,150.68719315699983
14.546000000001527,9.81,3.93,1,1,0.01,0.01,-5.650510485292636,16.507913068152583,-2.6132242960870635,6.051777240144297,-7.393833492551541,17.085696762262064,0.0,-0.3991655300533362,1.3312836567610091,0.0,-2.5810318195920674,-4.950991544421556,0.0,17.02424679436826,-8.87501468879734,71.31226688305296,79.37406192119352,150.68632880424647
14.548000000001528,9.81,3.93,1,1,0.01,0.01,-5.655751813566354,16.52005094868234,-2.6281502057866324,6.086181146615106,-7.5325171200698,17.319267010987907,0.0,-0.40432681337298815,1.3213614826182936,0.0,-2.5802352738538206,-4.97118276004941,0.0,17.190504015432044,-8.922533525100702,71.77288805296091,78.91256657273928,150.68545462570017
14.550000000001528,9.81,3.93,1,1,0.01,0.01,-5.661023272799183,16.532258108425363,-2.6433561491295783,6.121058602076308,-7.673882587431409,17.55928321391988,0.0,-0.40948641200773006,1.3113989153403565,0.0,-2.579347144401469,-4.991384432721076,0.0,17.358550080234547,-8.97020199183381,72.23520871728036,78.44936170493028,150.68457042221064
14.552000000001529,9.81,3.93,1,1,0.01,0.01,-5.6663254284854245,16.544535507522692,-2.6588475853984486,6.156422726028241,-7.818026694931897,17.80597469028376,0.0,-0.41464414291561147,1.3013959351395283,0.0,-2.5783675426518586,-5.011595436105339,0.0,17.528431784400023,-9.018034309171295,72.69922810775479,77.98444788066764,150.68367598842244
14.55400000000153,9.81,3.93,1,1,0.01,0.01,-5.6716588572363245,16.55688413282,-2.6746301746528873,6.192287107148936,-7.9650534360797876,18.059581403201868,0.0,-0.4197998232010035,1.2913525244705688,0.0,-2.5772965033269317,-5.031814653621631,0.0,17.700197849701198,-9.066044989037087,73.16494527375114,77.51782583876708,150.68277111251822
14.55600000000153,9.81,3.93,1,1,0.01,0.01,-5.677024147196086,16.569304998827647,-2.6907097922274144,6.22866582522046,-8.115074114604603,18.32035460493896,0.0,-0.4249532699602486,1.2812686680133303,0.0,-2.5761339834795414,-5.052040976243809,0.0,17.873898980314866,-9.114248834676774,73.63235908031787,77.04949649562721,150.68185557594506
14.558000000001531,9.81,3.93,1,1,0.01,0.01,-5.682421898487135,16.581799148725942,-2.707092543497279,6.265573474386835,-8.268207495641631,18.588557523802113,0.0,-0.43010430012527556,1.2711443526598805,0.0,-2.57487986142336,-5.072273300271651,0.0,18.04958792487273,-9.1626609418416,74.10146820598521,76.57946094714336,150.68092915312857
14.560000000001532,9.81,3.93,1,1,0.01,0.01,-5.687852723685243,16.594367655418278,-2.723784778981501,6.303025187830357,-8.424579991883016,18.864466096265996,0.0,-0.4352527303049657,1.2609795675060853,0.0,-2.5735339355523354,-5.092510525065256,0.0,18.227319544508717,-9.211296701512154,74.57227114028947,76.10772047087892,150.6799916111684
14.562000000001532,9.81,3.93,1,1,0.01,0.01,-5.69331724832525,16.607011622635138,-2.74079310985397,6.341036663960591,-8.584325885668855,19.14836974820625,0.0,-0.4403983766240288,1.2507743038478003,0.0,-2.5720959230357656,-5.112751550736711,0.0,18.407150887130936,-9.260171804098634,75.04476618100753,75.63427652851254,150.67904270952008
14.564000000001533,9.81,3.93,1,1,0.01,0.01,-5.698816111438282,16.619732186092087,-2.758124423935633,6.379624194218439,-8.747587588194769,19.440572229471528,0.0,-0.4455410545591417,1.2405285551817038,0.0,-2.5705654583747246,-5.132995275792565,0.0,18.58914126817475,-9.309302245060007,75.5189514310826,75.1591307685742,150.67808219965679
14.566000000001534,9.81,3.93,1,1,0.01,0.01,-5.704349966121494,16.63253051470506,-2.7757859022433506,6.4188046926064874,-8.914515937234821,19.74139250640591,0.0,-0.4506805787720477,1.2302423172108847,0.0,-2.5689420918055013,-5.153240594719943,0.0,18.773352358125315,-9.358704331891408,75.99482479522382,74.6822850294875,150.67710982471132
14.568000000001534,9.81,3.93,1,1,0.01,0.01,-5.709919480141533,16.645407811866544,-2.7937850361740604,6.458595727066507,-9.085270535018145,20.051165717355737,0.0,-0.4558167629392962,1.2199155878553685,0.0,-2.5672252875357175,-5.1734863955081565,0.0,18.95984827713037,-9.408394692436154,76.47238397616317,74.203741342938,150.67612531910117
14.570000000001535,9.81,3.93,1,1,0.01,0.01,-5.715525336573074,16.658365316786472,-2.8121296454064053,6.499015552835492,-9.260020128163891,20.370244196666746,0.0,-0.4609494195782726,1.209548367267617,0.0,-2.565414421797729,-5.193731557096944,0.0,19.148695697060806,-9.458390284482501,76.95162647054558,73.72350193758166,150.67512840812725
14.572000000001536,9.81,3.93,1,1,0.01,0.01,-5.721168234473946,16.67140430590193,-2.830827896606089,6.540083147923144,-9.438943031864103,20.698998573194082,0.0,-0.46607835986914614,1.1991406578532495,0.0,-2.563508780703982,-5.21397494674148,0.0,19.33996395141504,-9.508708406613126,77.43254956443612,73.2415692431171,150.6741188075532
14.574000000001536,9.81,3.93,1,1,0.01,0.01,-5.72684888959855,16.684526094360052,-2.8498883230259,6.58181825086634,-9.622227600819794,21.037818949928194,0.0,-0.471203393472312,1.1886924642971022,0.0,-2.5615075578877597,-5.234215417283287,0.0,19.533725153505,-9.559366710278681,77.91515032841731,72.75794589474017,150.67309622315747
14.576000000001537,9.81,3.93,1,1,0.01,0.01,-5.732568035151451,16.697732037578866,-2.869319845096699,6.624241400929934,-9.810072749778234,21.387116171979663,0.0,-0.4763243283408908,1.1782037935948777,0.0,-2.5594098519121573,-5.254451804315234,0.0,19.73005432340736,-9.61038321307273,78.39942561225592,72.27263473800502,150.67206035026095
14.578000000001538,9.81,3.93,1,1,0.01,0.01,-5.738326422583228,16.71102353289112,-2.8891317921117357,6.667373980938447,-10.00268852689733,21.74732319088245,0.0,-0.4814409705277909,1.1676746550905373,0.0,-2.5572146634286392,-5.274682923227595,0.0,19.92902952421273,-9.661776313188277,78.88537203910977,71.78563883411336,150.6710108732231
14.580000000001538,9.81,3.93,1,1,0.01,0.01,-5.744124822430871,16.724402021276568,-2.9093339251135104,6.7112382629399,-10.200296743575969,22.118896533968204,0.0,-0.4865531239868349,1.1571050605197664,0.0,-2.554920892065813,-5.294907566120891,0.0,20.130732008158887,-9.71356480504212,79.37298599924982,71.2969614656609,150.6699474649107
14.582000000001539,9.81,3.93,1,1,0.01,0.01,-5.749964025205264,16.737868989188623,-2.92993646110013,6.755857456921403,-10.403131664846212,22.502317888453994,0.0,-0.4916605903673623,1.1464950240597505,0.0,-2.5525273330270606,-5.315124498569918,0.0,20.33524637329262,-9.765767896054864,79.86226364326484,70.80660614286742,150.66886978613226
14.58400000000154,9.81,3.93,1,1,0.01,0.01,-5.755844842328488,16.751425970481655,-2.9509500986767936,6.8012557628164005,-10.611440764926883,22.898095810875244,0.0,-0.4967631688017311,1.1358445623855704,0.0,-2.550032673374254,-5.335332456221854,0.0,20.54266073136816,-9.818405224578342,80.35320087471624,70.31457661032061,150.66777748503685
14.58600000000154,9.81,3.93,1,1,0.01,0.01,-5.761768107123994,16.76507454844584,-2.9723860452877853,6.84745842606579,-10.825485553095112,23.306767573602542,0.0,-0.5018606556850427,1.125153694733601,0.0,-2.5474354879728143,-5.355530141209632,0.0,20.753066887759545,-9.871496878964686,80.84579334220827,69.82087685426833,150.66667019647662
14.588000000001541,9.81,3.93,1,1,0.01,0.01,-5.767734675862945,16.7788163579569,-2.994256046175282,6.89449179701985,-11.045542475651452,23.72890116142066,0.0,-0.5069528444464021,1.1144224429722702,0.0,-2.5447342350711906,-5.375716218359984,0.0,20.96656053424029,-9.925063417773016,81.34003643083373,69.32551111049358,150.66554754132733
14.590000000001542,9.81,3.93,1,1,0.01,0.01,-5.773745428870319,16.792653087748775,-3.0165724152234983,6.942383394495216,-11.271903900441476,24.165097432535436,0.0,-0.5120395253109502,1.1036508316806268,0.0,-2.541927251485362,-5.395889311173457,0.0,21.18324145556682,-9.979125891110927,81.83592525295344,68.82848387281224,150.6644091257657
14.592000000001542,9.81,3.93,1,1,0.01,0.01,-5.779801271694742,16.806586482817817,-3.0393480678603795,6.9911619738314075,-11.504879191163498,24.615992459931228,0.0,-0.5171204850518338,1.0928388882351991,0.0,-2.5390127473562316,-5.416047997551429,0.0,21.403213750893578,-10.033705863108528,82.3334546382633,68.32979990223626,150.66325454049957
14.594000000001543,9.81,3.93,1,1,0.01,0.01,-5.785903136346331,16.820618346967933,-3.0625965562043462,7.040857599824969,-11.744795879547826,25.082260070750745,0.0,-0.5221955067312507,1.081986642905661,0.0,-2.5359888004447066,-5.436190805242559,0.0,21.626586071148164,-10.088825435522603,82.83261912309841,67.82946423684777,150.66208335994617
14.596000000001544,9.81,3.93,1,1,0.01,0.01,-5.7920519826072425,16.8347505455068,-3.0863321066607075,7.091501724956553,-11.992000944451503,25.564614603335578,0.0,-0.5272643694295756,1.071094128959921,0.0,-2.532853349925676,-5.456316206978282,0.0,21.853471873605642,-10.144507272466607,83.3334129389201,67.32748220243647,150.66089514135658
14.598000000001544,9.81,3.93,1,1,0.01,0.01,-5.798248799420054,16.848985008104215,-3.110569660191502,7.143127273367726,-12.24686220798694,26.063813903781277,0.0,-0.5323268479615517,1.0601613827792795,0.0,-2.529604189638369,-5.476422615263609,0.0,22.083989695022975,-10.20077462626059,83.83582999992542,66.8238594239552,150.65968942388062
14.600000000001545,9.81,3.93,1,1,0.01,0.01,-5.804494606359555,16.863323731824558,-3.1353249155039453,7.1957687310904435,-12.50976986001161,26.580662586360653,0.0,-0.5373827125783921,1.0491884439843564,0.0,-2.526238960745814,-5.496508376786028,0.0,22.318263444829945,-10.25765136438968,84.33986388971263,66.31860183785366,150.6584657275663
14.602000000001546,9.81,3.93,1,1,0.01,0.01,-5.81079045519406,16.877768784346426,-3.1606143754266505,7.249462243083587,-12.781138123665542,27.116015584989448,0.0,-0.5424317286545756,1.0381753555726339,0.0,-2.52275514375168,-5.516571766400944,0.0,22.556422720021523,-10.315161997556393,84.84550784693145,65.81171570535885,150.6572235522903
14.604000000001546,9.81,3.93,1,1,0.01,0.01,-5.817137431542904,16.89232230738365,-3.1864553967696647,7.304245717688452,-13.061407076179695,27.67078202610378,0.0,-0.5474736563579825,1.0271221640684731,0.0,-2.5191500498167403,-5.536610980647718,0.0,22.798603143562705,-10.373331708802679,85.35275474983824,65.30320762677404,150.65596237661228
14.606000000001547,9.81,3.93,1,1,0.01,0.01,-5.823536656637412,16.90698652032321,-3.2128662439945144,7.36015893917935,-13.351044640913374,28.245929456934554,0.0,-0.5525082503019108,1.016028919686616,0.0,-2.5154208113112717,-5.556624130744924,0.0,23.04494672830006,-10.432186383669322,85.86159709966982,64.79308455687777,150.6546816565476
14.608000000001548,9.81,3.93,1,1,0.01,0.01,-5.829989289193311,16.921763724096934,-3.239866147054288,7.417243689157474,-13.65054876854613,28.842488467271238,0.0,-0.5575352591773814,1.0048956765102475,0.0,-2.511564371532481,-5.576609235007541,0.0,23.295602268578207,-10.491752641347327,86.37202700273883,64.2813538215108,150.65338082424964
14.610000000001548,9.81,3.93,1,1,0.01,0.01,-5.836496527403332,16.936656305305554,-3.267475363801822,7.475543877616929,-13.96044982758075,29.46155774747192,0.0,-0.5625544253639743,0.9937224926848662,0.0,-2.5075774735082157,-5.596564210622089,0.0,23.55072576198658,-10.55205786676087,86.88403615114683,63.768023135449624,150.65205928659645
14.612000000001549,9.81,3.93,1,1,0.01,0.01,-5.8430596110595445,16.95166674061529,-3.295715247406857,7.535105684602526,-14.281313226853161,30.104309630792194,0.0,-0.567565484517296,0.9825094306292789,0.0,-2.5034566477990885,-5.616486864707973,0.0,23.810480863915103,-10.613130243501526,87.3976158019961,63.25310062167279,150.65071642366888
14.61400000000155,9.81,3.93,1,1,0.01,0.01,-5.849679823815951,16.9667976014492,-3.324608319271237,7.595977713481039,-14.613742295635689,30.771996174161913,0.0,-0.5725681651309625,0.9712565572652634,0.0,-2.49919819920124,-5.636374884584556,0.0,24.07503937787922,-10.674998787510487,87.91275675497475,62.73659483214088,150.64935158711563
14.61600000000155,9.81,3.93,1,1,0.01,0.01,-5.856358495602849,16.98205155899761,-3.3541783479856417,7.658211156962611,-14.958381450223065,31.46595583846571,0.0,-0.5775621880708071,0.9599639442675585,0.0,-2.494798192240234,-5.656225827153535,0.0,24.344581784891144,-10.737693381375372,88.42944932817039,62.21851477022048,150.64796409839087
14.618000000001551,9.81,3.93,1,1,0.01,0.01,-5.863097005205652,16.997431389574402,-3.3844504349328006,7.721859977138881,-15.31591967966586,32.187620837306504,0.0,-0.5825472660787663,0.9486316683360305,0.0,-2.490252435333611,-5.676037107294683,0.0,24.619297815506684,-10.80124480907239,88.94768333195469,61.69886991489756,150.64655324685225
14.620000000001552,9.81,3.93,1,1,0.01,0.01,-5.869896783022116,17.012939980348534,-3.415451107211693,7.786981100951229,-15.687094387644677,32.93852523231878,0.0,-0.5875231032436508,0.9372598114921415,0.0,-2.4855564634849405,-5.69580598516008,0.0,24.899387068573912,-10.865684790941463,89.46744804076599,61.1776702469433,150.6451182877093
14.622000000001552,9.81,3.93,1,1,0.01,0.01,-5.876759314013358,17.02858033548325,-3.447208418636087,7.853634632668842,-16.072695632448415,33.720313863541975,0.0,-0.5924893944357106,0.9258484614020203,0.0,-2.480705519355212,-5.715529552236771,0.0,25.18505968115349,-10.931046018627903,89.98873216259426,60.65492627721075,150.643658439805
14.624000000001553,9.81,3.93,1,1,0.01,0.01,-5.883686140865638,17.044355582718705,-3.4797520596502753,7.921884085145116,-16.47357081274098,34.53475221538498,0.0,-0.5974458247015865,0.9143977117287416,0.0,-2.47569453253814,-5.735204716030662,0.0,25.476537054580756,-10.997362189659231,90.51152380595154,60.13064907726196,150.6421728832135
14.626000000001554,9.81,3.93,1,1,0.01,0.01,-5.890678867381671,17.060268980437495,-3.51311347710667,7.99179663183543,-16.890629853395918,35.38373733257971,0.0,-0.6023920686158521,0.9029076625167527,0.0,-2.4705180968441702,-5.754828183204525,0.0,25.77405264220205,-11.064668041247664,91.03581044408966,59.604850312548734,150.6406607566384
14.628000000001554,9.81,3.93,1,1,0.01,0.01,-5.897739162122223,17.07632392525686,-3.547326004965915,8.063443381803824,-17.32485095330295,36.26930991655383,0.0,-0.6073277895849664,0.8913784206117115,0.0,-2.4651704453726144,-5.774396440980033,0.0,26.0778528049517,-11.132999382812303,91.56157887619506,59.0775422783949,150.63912115458996
14.630000000001555,9.81,3.93,1,1,0.01,0.01,-5.904868762321022,17.092523960195912,-3.5824250071125996,8.136899680225037,-17.777286965879487,37.193667751224076,0.0,-0.6122526390989478,0.8798101001194012,0.0,-2.459645423122494,-5.793905736587076,0.0,26.38819774165188,-11.202393126598965,92.0888151852581,58.54873793905648,150.6375531243146
14.632000000001556,9.81,3.93,1,1,0.01,0.01,-5.9120694780985135,17.1088727834717,-3.618448033631088,8.2122454372074,-18.24907249326888,38.15918062877229,0.0,-0.6171662559255913,0.8682028229078997,0.0,-2.4539364568596396,-5.8133520545129524,0.0,26.705362501727404,-11.272887315635257,92.61750469228534,58.01845097017199,150.63595566245732
14.634000000001556,9.81,3.93,1,1,0.01,0.01,-5.919343197002879,17.125374257983882,-3.655434992059598,8.289565488127634,-18.74143178713326,39.1684069710591,0.0,-0.6220682652414145,0.8565567191576783,0.0,-2.4480365219191977,-5.832731091268059,0.0,27.029638088943944,-11.344521148086647,93.14763190647449,57.4866958049512,150.63432771142567
14.636000000001557,9.81,3.93,1,1,0.01,0.01,-5.92669188890996,17.142032421554536,-3.6934283353399864,8.368949989088438,-19.255687562856785,40.22411237159915,0.0,-0.6269582776928544,0.8448719279648493,0.0,-2.441938105578292,-5.852038227342909,0.0,27.361332665816953,-11.417334996869865,93.6791804709252,56.95348768449111,150.6326681554163
14.638000000001558,9.81,3.93,1,1,0.01,0.01,-5.934117611317367,17.158851497997375,-3.732473268410176,8.450494851592872,-19.793270850232616,41.32929031723611,0.0,-0.6318358883804455,0.8331485980036332,0.0,-2.4356331665829414,-5.8712684959826875,0.0,27.700772869520403,-11.491370423129045,94.21213310341368,56.41884271266393,150.6309758160776
14.640000000001558,9.81,3.93,1,1,0.01,0.01,-5.941622515072249,17.175835909099362,-3.7726179756508462,8.534302221086872,-20.355732022764368,42.48718538877044,0.0,-0.6367006757578257,0.8213868882547628,0.0,-2.4291130903534346,-5.890416548348172,0.0,28.048305251465575,-11.566670181868574,94.74647153168732,55.882777916071674,150.62924944775898
14.642000000001559,9.81,3.93,1,1,0.01,0.01,-5.949208850576865,17.192990287607614,-3.813913871704038,8.620481004665569,-20.944753170104484,43.70131928692582,0.0,-0.6415522004363932,0.8095869688075475,0.0,-2.4223686393233836,-5.909476614564914,0.0,28.404297854251027,-11.643278217660566,95.28217642266992,55.345311309630084,150.6274877323
14.64400000000156,9.81,3.93,1,1,0.01,0.01,-5.956878974521545,17.210319491325873,-3.8564158785360174,8.70914745398583,-21.562162004528634,44.97552008557079,0.0,-0.6463900038852808,0.7977490217444162,0.0,-2.415389897787381,-5.928442460083434,0.0,28.769141941428487,-11.721239647885469,95.81922730489141,54.80646196842051,150.62568927331193
14.64600000000156,9.81,3.93,1,1,0.01,0.01,-5.964635357200695,17.22782861843767,-3.9001827320288194,8.800425810295021,-22.209947523514405,46.31395517973123,0.0,-0.6512136070149502,0.785873242117885,0.0,-2.4081662105370296,-5.947307336679735,0.0,29.143253897522936,-11.800600730396665,96.35760248334674,54.266250106529704,150.62385258987644
14.648000000001561,9.81,3.93,1,1,0.01,0.01,-5.972480590474631,17.245523024188174,-3.945277321864879,8.894449019496564,-22.890277687405103,47.721168473651616,0.0,-0.6560225086311886,0.7739598390315162,0.0,-2.400686114455486,-5.966063927315102,0.0,29.527077318025896,-11.881408811812491,96.89727894590212,53.724697163704505,150.62197610960663
14.650000000001562,9.81,3.93,1,1,0.01,0.01,-5.9804173964480105,17.263408339073685,-3.99176706902969,8.991359526352989,-23.605519415008505,49.20212244653102,0.0,-0.6608161837444793,0.7620090368379613,0.0,-2.3929372621094602,-5.98470428394238,0.0,29.921085311691765,-11.963712251783605,97.4382322602188,53.18182590075785,150.62005816097664
14.652000000001562,9.81,3.93,1,1,0.01,0.01,-5.9884486369449865,17.281490488707274,-4.03972434591384,9.091310158309229,-24.358261252247285,50.76224584362306,0.0,-0.6655940817176638,0.7500210764692578,0.0,-2.3849063362245357,-6.003219757189631,0.0,30.325783040464948,-12.047560317537586,97.98043646003326,52.63766050480127,150.61809696483454
14.654000000001563,9.81,3.93,1,1,0.01,0.01,-5.9965773238718825,17.299775715551633,-4.089226944766585,9.194465111041835,-25.151339131459583,52.407487871965074,0.0,-0.6703556242324018,0.7379962169168465,0.0,-2.3765789537474964,-6.0216009166644815,0.0,30.741710525805154,-12.133003041705438,98.5238639194525,52.09222670553619,150.6160906249887
14.656000000001564,9.81,3.93,1,1,0.01,0.01,-6.004806630570593,17.318270602736245,-4.1403586011609,9.301001049751212,-25.987865713871905,54.14437993778972,0.0,-0.6751002030521251,0.7259347368814547,0.0,-2.3679395579830937,-6.039837460397748,0.0,31.169445754135822,-12.22009103482826,99.06848521372325,51.54555190401821,150.61403711774147
14.658000000001564,9.81,3.93,1,1,0.01,0.01,-6.01313990428027,17.336982100206246,-4.193209580202306,9.41110834247191,-26.871263897903283,55.980106152508,0.0,-0.6798271775559321,0.7138369366162917,0.0,-2.358971297035458,-6.057918111674199,0.0,31.60960811869364,-12.308875241948389,99.61426896470091,50.997665315528764,150.61193428022966
14.660000000001565,9.81,3.93,1,1,0.01,0.01,-6.021580679841552,17.355917553485448,-4.247877334484373,9.524992444351591,-27.8053051847726,57.92258406333258,0.0,-0.684535872013995,0.7017031399907891,0.0,-2.34965588647617,-6.075830501171035,0.0,32.06286224030253,-12.399406630201618,100.16118166896293,50.44859812844243,150.60977979740534
14.662000000001566,9.81,3.93,1,1,0.01,0.01,-6.030132694797072,17.375084735377047,-4.304467244304238,9.642875455029923,-28.794153724696404,59.980557342254826,0.0,-0.6892255725705793,0.6895336968066141,0.0,-2.3399734537912806,-6.093561031927491,0.0,32.52992221564023,-12.491735791216923,100.70918750617913,49.8983836812779,150.60757118745704
14.664000000001566,9.81,3.93,1,1,0.01,0.01,-6.038799906064751,17.394491880973437,-4.363093452452942,9.76499787504239,-29.84241702721908,62.163702504650274,0.0,-0.6938955238954075,0.6773289854031743,0.0,-2.3299023617144154,-6.111094724185169,0.0,33.011556348534505,-12.585912438229213,101.25824812496509,49.3470576604821,150.6053057854472
14.666000000001567,9.81,3.93,1,1,0.01,0.01,-6.047586508387098,17.414147726402803,-4.423879808051372,9.891620591714402,-30.955204514785468,64.48275214075645,0.0,-0.6985449254578425,0.6650894155962892,0.0,-2.31941900701449,-6.128415036546912,0.0,33.50859242786053,-12.681984772897096,101.80832240297507,48.79465832192176,150.60298072489684
14.668000000001568,9.81,3.93,1,1,0.01,0.01,-6.0564969547912035,17.434061551806433,-4.486960936492032,10.023027130464735,-32.138195338239875,66.94963764796188,0.0,-0.7031729273708045,0.6528154320014647,0.0,-2.308497590652084,-6.145503659174616,0.0,34.021923624866275,-12.779998690603891,102.35936617743259,48.24122673956499,150.60059291699758
14.670000000001568,9.81,3.93,1,1,0.01,0.01,-6.065535979331248,17.454243229118813,-4.5524834556684395,10.159526214011906,-33.3977171675925,69.57765507261479,0.0,-0.7077786257424762,0.6405075178027088,0.0,-2.297109854421441,-6.162340273848951,0.0,34.552515093405276,-12.879996785138962,102.91133194162916,47.68680708545054,150.5981390270797
14.67200000000157,9.81,3.93,1,1,0.01,0.01,-6.0747086224293545,17.47470327531533,-4.620607362451305,10.301454679933363,-34.740838035288526,72.38165843673707,0.0,-0.7123610574630668,0.6281661990391757,0.0,-2.2852247782171933,-6.178902274600753,0.0,35.10141136878824,-12.982017103601564,103.4641685021125,47.13144694577675,150.59561544788926
14.67400000000157,9.81,3.93,1,1,0.01,0.01,-6.084020259183005,17.495452911902635,-4.691507617959754,10.44918081669385,-36.17547376052471,75.37828587593563,0.0,-0.7169191943410733,0.6157920494958425,0.0,-2.2728082308627453,-6.195164441236651,0.0,35.66974467496848,-13.086091589500732,104.01782059030356,46.57519767883484,150.59301826913838
14.67600000000157,9.81,3.93,1,1,0.01,0.01,-6.093476631069705,17.516504131558307,-4.765375965773826,10.603108190051667,-37.710514045320934,78.58622509934705,0.0,-0.721451936487908,0.6033856963014921,0.0,-2.259822565950117,-6.211098556344012,0.0,36.258744265731494,-13.192244135463392,104.57222842109815,46.01811482159847,150.59034324269663
14.678000000001571,9.81,3.93,1,1,0.01,0.01,-6.103083881554538,17.537869772984315,-4.842423024092171,10.763680046198202,-39.35597103646914,82.02652616472092,0.0,-0.7259581048308683,0.5909478263581069,0.0,-2.246226152292558,-6.226672954171779,0.0,36.86974694361206,-13.300488145545419,105.12732718954426,45.46025855310306,150.58758574264732
14.680000000001572,9.81,3.93,1,1,0.01,0.01,-6.112848596196361,17.559563605228536,-4.922880701276453,10.931384395762237,-41.12315503169208,85.7229714251252,0.0,-0.7304364326114361,0.5784791937517062,0.0,-2.231972826282672,-6.241851987012236,0.0,37.50420892048343,-13.410823479301305,105.6830464949033,44.90169422437834,150.58474071928163
14.682000000001572,9.81,3.93,1,1,0.01,0.01,-6.122777847957372,17.581600422958136,-5.007004994652392,11.10675990478225,-43.02488312512287,89.7025148574005,0.0,-0.7348855556976578,0.5659806283267179,0.0,-2.217011250547683,-6.2565953911777505,0.0,38.163719206080245,-13.523232613367954,106.23930967918884,44.342492966703674,150.5818026458925
14.684000000001573,9.81,3.93,1,1,0.01,0.01,-6.132879248552958,17.603996154447028,-5.095079245386597,11.290402746034465,-45.07572800456907,93.9958059698292,0.0,-0.7393040015046723,0.553453045646155,0.0,-2.2012841596289903,-6.270857530139947,0.0,38.85001473479757,-13.637675808455848,106.79603306453728,43.782732392448935,150.57876545698622
14.686000000001574,9.81,3.93,1,1,0.01,0.01,-6.1431610068399625,17.626767984379256,-5.187417938414971,11.48297459814949,-47.29231592078645,98.63781729697055,0.0,-0.743690176274391,0.5408974586102315,0.0,-2.1847274687543976,-6.284586486558565,0.0,39.56499746618874,-13.75408500630158,107.35312507033348,43.2224974058706,150.57562247620407
14.688000000001574,9.81,3.93,1,1,0.01,0.01,-6.15363199543891,17.64993449398601,-5.284371156656526,11.685212022640982,-49.69368516628094,103.66859937452472,0.0,-0.748042350411809,0.5283149910698617,0.0,-2.1672692158129756,-6.297722967339629,0.0,40.3107537191674,-13.872356096774377,107.91048518670267,42.661881145138715,150.57236633184138
14.690000000001575,9.81,3.93,1,1,0.01,0.01,-6.164301827028758,17.67351582154595,-5.3863298242758795,11.897937502773102,-52.30171938667238,109.13419338118271,0.0,-0.7523586415082562,0.5157068938525873,0.0,-2.1488282989700247,-6.310198975935459,0.0,41.08957602132652,-13.992339082178834,108.46800277554085,42.100986081799284,150.56898885734014
14.692000000001576,9.81,3.93,1,1,0.01,0.01,-6.175180942053305,17.697533846911853,-5.493731906096125,12.122072496352338,-55.14167391355351,115.0877397853456,0.0,-0.7566369945973345,0.5030745637225491,0.0,-2.129312962412481,-6.3219361930107985,0.0,41.903987768388674,-14.11382551292568,109.02555566331758,41.53992531015372,150.5654809734713
14.694000000001576,9.81,3.93,1,1,0.01,0.01,-6.186280709952086,17.72201240451393,-5.607069771442099,12.358652941327371,-58.24281833867348,121.59083194294641,0.0,-0.7608751590817875,0.4904195659302971,0.0,-2.108618969723783,-6.33284398920709,0.0,42.756770986830915,-14.236532360598295,109.58300848099134,40.97882406706779,150.56183254805913
14.696000000001577,9.81,3.93,1,1,0.01,0.01,-6.197613546495684,17.746977530274563,-5.726898983404795,12.608847764197854,-61.63922512777591,128.71517746594412,0.0,-0.7650706616322888,0.4777436611828979,0.0,-2.0866273872916725,-6.342816970430734,0.0,43.65099746231664,-14.360081208725754,110.14021069490913,40.41782153309313,150.55803222800228
14.698000000001578,9.81,3.93,1,1,0.01,0.01,-6.209193050392277,17.77245774910596,-5.853848842344018,12.873981084229646,-65.37074271340671,136.54464840637903,0.0,-0.7692207741823157,0.4650488380937572,0.0,-2.063201877474821,-6.351731924582748,0.0,44.59006341655714,-14.483971245969341,110.69699425761388,39.85707297926623,150.55406723688012
14.700000000001578,9.81,3.93,1,1,0.01,0.01,-6.221034163073828,17.79848441122531,-5.988635100168926,13.15555899143851,-69.48420290143915,145.17782533946848,0.0,-0.7733224759138572,0.45233735247445306,0.0,-2.038185370919842,-6.3594439956520805,0.0,45.57772775094296,-14.607543993665434,111.253170787907,39.296752341633606,150.54992312954062
14.70200000000158,9.81,3.93,1,1,0.01,0.01,-6.233153356512357,17.825092087507656,-6.132075375941685,13.455302016717708,-74.03492750176848,154.73117223698,0.0,-0.7773724078285659,0.4396117752349805,0.0,-2.0113959464856395,-6.365781851844767,0.0,46.618153569853405,-14.729936919826253,111.80852816358293,38.73705532893716,150.5455834925201
14.70400000000158,9.81,3.93,1,1,0.01,0.01,-6.245568855119992,17.852319036633304,-6.285107952163465,13.775184726347666,-79.08861907626608,165.3430211918022,0.0,-0.7813668181029114,0.42687505120340463,0.0,-1.9826216914857067,-6.370541531920152,0.0,47.71595215639309,-14.850021980257747,112.36282637567341,38.17820320012103,150.54102957579443
14.70600000000158,9.81,3.93,1,1,0.01,0.01,-6.258300899331303,17.88020776004359,-6.4488148260582845,14.117484284376374,-84.72374718191188,177.17860196053883,0.0,-0.7853014958986758,0.4141305719171955,0.0,-1.95161423831197,-6.373478537762823,0.0,48.87622764356403,-14.966323526310795,112.9157924464631,37.620447390418896,150.536239836882
14.708000000001581,9.81,3.93,1,1,0.01,0.01,-6.271372060459434,17.908805664921417,-6.624450146194515,14.484840366537796,-91.0345764774443,190.43642517539044,0.0,-0.7891716905913017,0.401382266458323,0.0,-1.9180805670657644,-6.3742975758176375,0.0,50.104619046443275,-15.076907685924684,113.46711415019247,37.064075222119634,150.5311893723121
14.710000000001582,9.81,3.93,1,1,0.01,0.01,-6.284807618999285,17.93816586085777,-6.813475501170625,14.880329519282114,-98.13502890608078,205.35642492196143,0.0,-0.7929720124165904,0.3886347158235546,0.0,-1.8816725144913042,-6.372639111578577,0.0,51.40733366157274,-15.179231885030356,114.01643218839178,36.50941701507533,150.5258492034671
14.712000000001582,9.81,3.93,1,1,0.01,0.01,-6.298636021905555,17.96834812294157,-7.017603967913908,15.30755798808488,-106.16363121246397,222.23039119011082,0.0,-0.7966963092166743,0.3758932983207961,0.0,-1.8419732177836137,-6.368061553178842,0.0,52.79116136025231,-15.269938041465254,114.56333035119272,35.95685502201858,150.5201853732113
14.714000000001583,9.81,3.93,1,1,0.01,0.01,-6.312889438737215,17.999420063217144,-7.238855400365753,15.770778249798047,-115.28987260100935,241.41537832169118,0.0,-0.8003375121366918,0.36316437633462095,0.0,-1.7984794184492823,-6.360017364952975,0.0,54.26345173258619,-15.344565197707427,115.10732302696337,35.406834768846196,150.51415779580958
14.716000000001584,9.81,3.93,1,1,0.01,0.01,-6.327604442225984,18.03145856441146,-7.479626172407788,16.275036032897127,-125.72238294789223,263.35095701342505,0.0,-0.8038874405595143,0.35045553892930004,0.0,-1.750578112061624,-6.347820638818935,0.0,55.83202316486589,-15.397145456005955,115.64783918363028,34.859879601507934,150.50771878513822
14.718000000001584,9.81,3.93,1,1,0.01,0.01,-6.342822846132335,18.064551545258315,-7.742777495606157,16.826356527211516,-137.71942688436954,288.58135810306504,0.0,-0.8073365529314993,0.3377759208075385,0.0,-1.6975153871742732,-6.3306024746853335,0.0,57.50495084002482,-15.41962858669219,116.18420160383025,34.31660956157967,150.5008111654099
14.720000000001585,9.81,3.93,1,1,0.01,0.01,-6.358592742524791,18.098800146333055,-8.031747478858039,17.431980701653963,-151.6022547444034,317.78365561188616,0.0,-0.8106736249250781,0.3251366271481697,0.0,-1.6383543485193828,-6.307248703990809,0.0,59.29014231803685,-15.401051559870485,116.7155996652191,33.77776618256054,150.49336584777964
14.722000000001586,9.81,3.93,1,1,0.01,0.01,-6.374969792005383,18.134321449385332,-8.350693119099164,18.10066482191103,-167.77175743455965,351.80294378462,0.0,-0.8138853288464931,0.3125513074529952,0.0,-1.5719176115136868,-6.276311644211157,0.0,61.194541997499165,-15.32632280666059,117.241053247477,33.24424549758779,150.4852987450648
14.724000000001586,9.81,3.93,1,1,0.01,0.01,-6.392018833448586,18.17125187077563,-8.704668919089961,18.843057361880618,-186.72839248233473,391.69446104718935,0.0,-0.8169556771926967,0.3000369424068635,0.0,-1.4967077593946674,-6.235883054785436,0.0,63.22268578192287,-15.174416124907712,117.7593643203512,32.71714260166822,150.4765069220194
14.726000000001587,9.81,3.93,1,1,0.01,0.01,-6.409815892409968,18.209751396369914,-9.099847541645696,19.672164850291498,-209.0938943718874,438.76956624847384,0.0,-0.8198652771086155,0.28761494024407797,0.0,-1.41079605404378,-6.183408217800135,0.0,65.37411059113421,-14.915647489210446,118.26905129093338,32.19781271570127,150.46686400663464
14.728000000001588,9.81,3.93,1,1,0.01,0.01,-6.42845067322395,18.25000883798169,-9.54378168293237,20.603905177573733,-235.62946265843433,494.6344543763246,0.0,-0.8225903188042301,0.2753126903255614,0.0,-1.3116652063826222,-6.115409372939676,0.0,67.63872706789004,-14.507510370694034,118.76825911217074,31.687956166750563,150.4562152789213
14.730000000001588,9.81,3.93,1,1,0.01,0.01,-6.448029602608752,18.29224825586952,-10.045687632130548,21.65770764045285,-267.2356645820327,561.1906284906407,0.0,-0.825101186686507,0.2631658030504799,0.0,-1.1959858913028567,-6.027067946614517,0.0,69.98853261913585,-13.888228622425705,119.25463537644347,31.189738504737463,150.44437388118092
14.73200000000159,9.81,3.93,1,1,0.01,0.01,-6.468679412038907,18.336736523232638,-10.616681922382725,22.857015965332675,-304.89656085045283,640.5183587293783,0.0,-0.8273605341732104,0.2512213946865398,0.0,-1.0592995654106594,-5.91158557862695,0.0,72.36269239630349,-12.966702010453417,119.72515930391623,30.705962792254688,150.43112209617092
14.73400000000159,9.81,3.93,1,1,0.01,0.01,-6.490551005695609,18.383791504118427,-11.269781424439246,24.229296111752447,-349.4771537874964,734.4520129061264,0.0,-0.8293206030916347,0.23954297791570545,0.0,-0.8955760116646627,-5.759201190174018,0.0,74.64057111350732,-11.606870949439381,120.17590767271162,30.240319682845968,150.4162273555576
14.73600000000159,9.81,3.93,1,1,0.01,0.01,-6.513822734686603,18.43378900072162,-12.019189988099857,25.804546553866068,-401.16194308407455,843.4008605199859,0.0,-0.8309195148000322,0.22821781653919582,0.0,-0.6966278662610952,-5.555692301594627,0.0,76.59314174158392,-9.604008646475691,120.60174218174534,29.79775232668341,150.39949450842875
14.738000000001591,9.81,3.93,1,1,0.01,0.01,-6.538700678933393,18.487163431711256,-12.877744256079247,27.609940110837755,-458.0674225882945,963.4322426609865,0.0,-0.832076289463167,0.2173679685986275,0.0,-0.45144373495619305,-5.280183972014737,0.0,77.79738649123384,-6.651499817729278,120.99591160960296,29.384983868850433,150.3808954784534
14.740000000001592,9.81,3.93,1,1,0.01,0.01,-6.565410086347148,18.544389941943056,-13.850050637814583,29.65540447526957,-513.1306541110332,1079.726783930092,0.0,-0.8326847105416753,0.20716641566050709,0.0,-0.14578019274799647,-4.902332265414072,0.0,77.49569648924209,-2.30448222594878,121.34957750039648,29.011248347486635,150.36082584788312
14.742000000001592,9.81,3.93,1,1,0.01,0.01,-6.5941651145542615,18.605920902579708,-14.91670571440062,31.9004419040276,-548.1627323041389,1154.063891654836,0.0,-0.832607523621567,0.1978585879946404,0.0,0.23685971393079885,-4.380089145407862,0.0,74.4076042826295,4.023699810570544,121.65122700468592,28.68918321409793,150.34041021878386
14.744000000001593,9.81,3.93,1,1,0.01,0.01,-6.6250933573309005,18.672027305442494,-16.004363112800526,34.19115309782704,-526.4137094476475,1109.1631477704516,0.0,-0.8316762621397066,0.18978404796844617,0.0,0.710058030200325,-3.662760678086939,0.0,66.6341296580595,12.91760587367312,121.88553346224508,28.43553154652194,150.32106500876702
14.746000000001594,9.81,3.93,1,1,0.01,0.01,-6.658089462494285,18.742490930048273,-16.948577787079806,36.182017282199624,-396.6041802906737,837.1353853049676,0.0,-0.8297092495570801,0.18337716043839702,0.0,1.2708992768765306,-2.7105951263068504,0.0,52.1499547569362,24.451213368791077,122.03029750713385,28.270538737464886,150.30083624459874
14.748000000001595,9.81,3.93,1,1,0.01,0.01,-6.692624539850265,18.816203339539697,-17.500051270022535,37.34892572740894,-136.83294848538142,291.8408564558222,0.0,-0.826563971779386,0.1791019166911263,0.0,1.8801211518197825,-1.540548960134414,0.0,30.582348613864077,37.32339704168537,122.05370261964134,28.21404313494442,150.26774575458575
14.750000000001595,9.81,3.93,1,1,0.01,0.01,-6.727683417561038,18.891033638848032,-17.453276864201634,37.25974237850771,180.47601413914742,-374.43909020379243,0.0,-0.8222148646889258,0.17729296190888078,0.0,2.460362274044069,-0.266857546634379,0.0,5.284868480849258,48.7252138736817,121.93376363255996,28.277675347487957,150.21143898004792
14.752000000001596,9.81,3.93,1,1,0.01,0.01,-6.762042474084917,18.964412650178264,-16.824169968141376,35.94799617147136,426.2659506161352,-890.274888603253,0.0,-0.8167943774415161,0.17799099100325821,0.0,2.9368764377306134,0.9399164178171895,0.0,-17.970324169769235,56.15033489375762,121.69886963841594,28.458148123146717,150.15701776156266
14.754000000001597,9.81,3.93,1,1,0.01,0.01,-6.794739184419627,19.034320410991153,-15.834725018568708,33.880589111092284,540.5598587789402,-1129.580600822036,0.0,-0.8105459704291516,0.18092965553230655,0.0,3.2816620506136633,1.9564529544164544,0.0,-35.296655168781975,59.20494715679847,121.394859078741,28.738457814516387,150.1333168932574
14.756000000001597,9.81,3.93,1,1,0.01,0.01,-6.825306046076196,19.09977794387174,-14.728303403072726,31.569198909025914,552.5511872996985,-1153.845934287124,0.0,-0.803727185879044,0.1856817305781454,0.0,3.511076037366051,2.751668357116628,0.0,-46.329067704132854,59.11500164210952,121.0313206908859,29.09594024476788,150.1272609356538
14.758000000001598,9.81,3.93,1,1,0.01,0.01,-6.853678139771872,19.160652510917963,-13.656994275199361,29.3334013671377,513.2339837160118,-1070.3642727056176,0.0,-0.7965411685191224,0.19182283480138218,0.0,3.657183692920168,3.353982403211721,0.0,-52.566884208444954,57.31895060947699,120.60944127818584,29.50991442344033,150.11935570162618
14.760000000001599,9.81,3.93,1,1,0.01,0.01,-6.880001691451853,19.217254813972094,-12.685370175528728,27.30867989365214,457.0090370037175,-951.4774218093936,0.0,-0.7891250608872431,0.19900994176412234,0.0,3.74836192829813,3.8078985352915975,0.0,-55.674142592049165,54.80367571472012,120.14123756072563,29.964608296453985,150.10584585717962
14.7620000000016,9.81,3.93,1,1,0.01,0.01,-6.904496529408037,19.270049743211565,-11.828414837578634,25.526269010357336,400.32610802494446,-831.7507193482097,0.0,-0.7815663525292276,0.20698789452227306,0.0,3.8044683219374393,4.1529201304387175,0.0,-56.87824906180078,52.10586526257831,119.64086192216189,30.448796234491134,150.08965815665303
14.7640000000016,9.81,3.93,1,1,0.01,0.01,-6.927387626999283,19.319512517401346,-11.079711202128482,23.97245953225661,349.35322587632135,-724.1239015081948,0.0,-0.7739204660070662,0.2155712316175905,0.0,3.8382533129790257,4.418825230449759,0.0,-56.964884875675594,49.4804946325692,119.11880192405997,30.954602465718793,150.07340438977877
14.7660000000016,9.81,3.93,1,1,0.01,0.01,-6.948878571081743,19.366073011412638,-10.425847775490912,22.618891407567666,305.5859346432615,-631.7157255891451,0.0,-0.7662228523418142,0.22462486577153007,0.0,3.85770138410666,4.626840892318937,0.0,-56.41089357643853,47.033469983760945,118.58183334282316,31.47646036609602,150.05829370891917
14.768000000001601,9.81,3.93,1,1,0.01,0.01,-6.969144662618698,19.410101351725665,-9.852558933793945,21.435454380677328,268.6930303952569,-553.8098638058998,0.0,-0.7584965000649083,0.23404920470040858,0.0,3.86781910996439,4.791889523975943,0.0,-55.50072514663366,44.7979370694917,118.03429225768114,32.010374321582894,150.04466657926403
14.770000000001602,9.81,3.93,1,1,0.01,0.01,-6.988333851590914,19.451909962047555,-9.346951078820032,20.394957365922007,237.76573859114103,-488.4809012237588,0.0,-0.7507565187621656,0.24376965013947538,0.0,3.87178541405343,4.924506067896687,0.0,-54.403579890517925,42.77362728123597,117.4790610077741,32.5534237988869,150.032484806661
14.772000000001603,9.81,3.93,1,1,0.01,0.01,-7.0065702235975555,19.49176095311453,-8.89807885520017,19.474330577447393,211.8165955920623,-433.64207778667554,0.0,-0.7430129544719728,0.25372937312227895,0.0,3.871652878052757,5.032219440352665,0.0,-53.22022902993091,40.94619786292917,116.9181497719303,33.10343390974553,150.02158368167585
14.774000000001603,9.81,3.93,1,1,0.01,0.01,-7.023957902021097,19.52987436981626,-8.496892315445852,18.654507395646426,189.95553339302384,-387.41439846397026,0.0,-0.7352725427147381,0.2638843562351044,0.0,3.8687703914427845,5.120494015434265,0.0,-52.01065344782968,39.29645762538597,116.35302201543277,33.65875555902151,150.01177757445427
14.776000000001604,9.81,3.93,1,1,0.01,0.01,-7.040584599830709,19.566435689647236,-8.1359830186963,17.919885469942866,171.435124465054,-348.2208950777931,0.0,-0.7275398182337416,0.27419996563119353,0.0,3.8640394566298824,5.193361187990345,0.0,-50.81030375565384,37.80461466250726,115.78478044662356,34.21811698157738,150.00289742820092
14.778000000001605,9.81,3.93,1,1,0.01,0.01,-7.056524614535942,19.601602141805127,-7.809297401101403,17.257720494338525,155.6467323162677,-314.7779054736927,0.0,-0.7198178299847506,0.2846485512643143,0.0,3.8580718315198186,5.253843603416328,0.0,-49.63973600503396,36.45210662163017,115.21427842008016,34.78052195703489,149.99480037711504
14.780000000001605,9.81,3.93,1,1,0.01,0.01,-7.071841271594135,19.635507860612258,-7.51187699641181,16.657577494187855,142.10110882401514,-286.05383806782856,0.0,-0.7121086099660651,0.2952077424196038,0.0,3.851288191248909,5.304242781755544,0.0,-48.510388983505216,35.222273174914996,114.64219026705027,35.34517886843209,149.98736913548237
14.782000000001606,9.81,3.93,1,1,0.01,0.01,-7.086588890159474,19.66826803039143,-7.239641341499572,16.110872598491124,130.40653296024206,-261.222901213791,0.0,-0.7044134858782508,0.30585921861293164,0.0,3.8439810210547414,5.34633666913775,0.0,-47.4280933557338,34.100488242102486,114.06905787070485,35.91145042812523,149.98050829883007
14.784000000001607,9.81,3.93,1,1,0.01,0.01,-7.100814357454246,19.699982204443106,-6.989212951077226,15.610503777897476,120.24910513187814,-239.62345816719053,0.0,-0.6967332929632487,0.3165878098633522,0.0,3.8363554426561586,5.381517300507214,0.0,-46.395230042520076,33.074053904858914,113.49532277002753,36.47881746742769,149.97414023745523
14.786000000001607,9.81,3.93,1,1,0.01,0.01,-7.114558390399725,19.73073696432397,-6.757778466282304,15.150557997570619,111.37640556214161,-220.72351925536637,0.0,-0.6890685196400399,0.3273808284622092,0.0,3.8285561804880026,5.410888162145914,0.0,-45.4120726156718,32.13200237584429,112.92134901624148,37.046852449224545,149.96820146546602
14.788000000001608,9.81,3.93,1,1,0.01,0.01,-7.127856550025206,19.76060805778436,-6.542979177438675,14.726080381393633,103.58444481682196,-204.09319996933954,0.0,-0.6814194089586882,0.3382275658066288,0.0,3.8206856655653634,5.435334063848545,0.0,-44.477629719292324,31.264875407952363,112.34743987332332,37.61519980844168,149.962639681765
14.790000000001609,9.81,3.93,1,1,0.01,0.01,-7.1407400610896525,19.78966212603391,-6.342824770606544,14.332892382573176,96.70742641553721,-189.38312193689032,0.0,-0.6737860301179077,0.34911890859718764,0.0,3.8128163743694583,5.455571991941947,0.0,-43.59017702908195,30.464512425760624,111.77385028005074,38.183561160108525,149.95741144015926
14.79200000000161,9.81,3.93,1,1,0.01,0.01,-7.153236478093899,19.81795810721474,-6.155625212410098,13.967448217346275,90.60977578223735,-176.30760002827338,0.0,-0.6661683294102697,0.36004704252653763,0.0,3.804999356030048,5.472188617591764,0.0,-42.74759409315423,29.72385993300571,111.2007963123879,38.751684027662,149.9524803400499
14.79400000000161,9.81,3.93,1,1,0.01,0.01,-7.1653702297597315,19.84554838373972,-5.9799367375924115,13.626721041498278,85.17994549174698,-164.6315789313814,0.0,-0.658566166845339,0.3710052209252127,0.0,3.797270200480606,5.485668312994452,0.0,-41.9475772610716,29.03680573222185,110.62846247455326,39.31935315178418,149.94781562633744
14.79600000000161,9.81,3.93,1,1,0.01,0.01,-7.177163066907125,19.872479726071074,-5.814518800164983,13.308112244679288,80.32559426739999,-154.16046849656183,0.0,-0.6509793426827791,0.38198758222241147,0.0,3.7896532639510476,5.496414326752148,0.0,-41.18777324728977,28.398037346231128,110.0570073886938,39.88638371512608,149.9433911038199
14.798000000001611,9.81,3.93,1,1,0.01,0.01,-7.188634433130975,19.898794073845494,-5.6582995685471005,13.009378757574746,75.96982254808589,-144.73220797396692,0.0,-0.6434076167798298,0.3929890045112949,0.0,3.782164691949146,5.5047649673495265,0.0,-40.46586153614419,27.802922311685634,109.48656828465171,40.452616006508904,149.93918429116061
14.800000000001612,9.81,3.93,1,1,0.01,0.01,-7.199801773424166,19.924529186277024,-5.510348105518074,12.7285744503185,72.04821984034467,-136.21104239345033,0.0,-0.6358507227712024,0.4040049886207231,0.0,3.774814602252064,5.511006100711742,0.0,-39.77960368351371,27.24740748099234,108.91726457831543,41.01791117878339,149.93517575709882
14.802000000001613,9.81,3.93,1,1,0.01,0.01,-7.210680792624929,19.949719186874095,-5.369851803840183,12.464002608204543,68.50653682507031,-128.48261638643658,0.0,-0.62830837850011,0.4150315633083431,0.0,3.767608674479962,5.5153808956899875,0.0,-39.12687118107906,26.72793448994452,108.34920074935478,41.582147846317916,149.9313485956727
14.804000000001613,9.81,3.93,1,1,0.01,0.01,-7.221285673050824,19.974395022202636,-5.236097976166751,12.214177162345326,65.29883987787841,-121.45008513632621,0.0,-0.6207802937084582,0.4260652077821261,0.0,3.760549316061488,5.518097493063553,0.0,-38.505659480251346,26.241368806001997,107.78246867461418,42.145219333409514,149.9276880080237
14.806000000001614,9.81,3.93,1,1,0.01,0.01,-7.231629258739661,19.998584850332342,-5.1084587471517695,11.977790878850522,62.38603970788706,-115.0310140214957,0.0,-0.6132661757094415,0.43710278791597845,0.0,3.7536365229015995,5.519335092254227,0.0,-37.91409315373232,25.784940108866994,107.21714953450939,42.70703143195202,149.9241809664614
14.808000000001615,9.81,3.93,1,1,0.01,0.01,-7.241723212211884,20.022314371428887,-4.986378585470025,11.753689110409384,59.734711564077365,-109.15489284996711,0.0,-0.6057657335664579,0.44814150337706926,0.0,3.746868518078377,5.519248821069345,0.0,-37.35042547046965,25.35619209590572,106.65331538150738,43.26750056094947,149.92081594245684
14.810000000001615,9.81,3.93,1,1,0.01,0.01,-7.251578148495732,20.04560711048178,-4.869363958330825,11.540848019678307,57.31614387360399,-103.76113155165669,0.0,-0.5982786811607009,0.4591788435155969,0.0,3.7402422278490373,5.517973661216005,0.0,-36.81303454415518,24.952940117327714,106.09103043904895,43.82655224567337,149.91758268472233
14.812000000001616,9.81,3.93,1,1,0.01,0.01,-7.261203750237561,20.068484660220843,-4.7569747020752455,11.338356417939744,55.10556682237215,-98.7974350914274,0.0,-0.5908047394289326,0.4702125503425236,0.0,3.7337536375353277,5.515627635132205,0.0,-36.30041747894433,24.573235318270484,105.53035218381338,44.384119852997685,149.91447203681105
14.814000000001617,9.81,3.93,1,1,0.01,0.01,-7.270608866996043,20.09096689074911,-4.648816787886516,11.145400542631089,53.08152345993495,-94.21847871933242,0.0,-0.5833436379799697,0.48124058728031127,0.0,3.727398058125239,5.512314410422212,0.0,-35.81118344706244,24.215334195627502,104.9713322526431,44.94014353350681,149.9114757861499
14.816000000001617,9.81,3.93,1,1,0.01,0.01,-7.279801601245874,20.113072131212334,-4.544536227728268,10.961251236653565,51.22535430839057,-89.9848223846253,0.0,-0.5758951162453596,0.4922611126461358,0.0,3.721170326109571,5.508125441731575,0.0,-35.344046306817006,23.877672669746616,104.41401720664125,45.49456933161426,149.90858653825552
14.818000000001618,9.81,3.93,1,1,0.01,0.01,-7.288789383160409,20.134817327863995,-4.4438139170039195,10.785253100669443,49.520772850396234,-86.06201662606841,0.0,-0.5684589242809002,0.5032724570383401,0.0,3.7150649531207174,5.503141742680314,0.0,-34.89781715140587,23.558843929841775,103.85844917821044,46.047348433056015,149.90579761126645
14.820000000001619,9.81,3.93,1,1,0.01,0.01,-7.297579035877379,20.156218182115154,-4.346361250585734,10.61681527422901,47.95351416429957,-82.41986256744494,0.0,-0.5610348233068667,0.5142731039608034,0.0,3.7090762376470496,5.497435359979351,0.0,-34.471397032906346,23.257579442231076,103.3046664216154,46.598436525376314,149.9031029469917
14.82200000000162,9.81,3.93,1,1,0.01,0.01,-7.306176832657988,20.177289271539294,-4.25191638041165,10.45540356805814,46.51104273593073,-79.03179657737915,0.0,-0.5536225860536108,0.5252616731479538,0.0,3.703198347973438,5.491070606297182,0.0,-34.06377000822638,22.97273261712344,102.75270378358084,47.14779325187087,149.9004970354517
14.82400000000162,9.81,3.93,1,1,0.01,0.01,-7.314588547111921,20.19804415630155,-4.1602410077662135,10.300533722347103,45.18230838287842,-75.87437627911164,0.0,-0.5462219969630204,0.5362369061540072,0.0,3.6974253832097546,5.4841050965453855,0.0,-33.6739965888559,22.703264716824176,102.20259310730151,47.69538174324215,149.89797485054368
14.82600000000162,9.81,3.93,1,1,0.01,0.01,-7.322819497467618,20.218495473074658,-4.071117623144501,10.151765607565165,43.9575414839766,-72.92684935310922,0.0,-0.5388328522845671,0.5471976538497755,0.0,3.691751417581014,5.476590623080781,0.0,-33.30120763337393,22.44823265948438,101.65436358070394,48.241168214194715,149.89553179489866
14.828000000001621,9.81,3.93,1,1,0.01,0.01,-7.3308745857093,20.238655018171503,-3.9843471223827107,10.008698217583198,42.82808046822032,-70.17079028807977,0.0,-0.5314549600954077,0.5581428655340912,0.0,3.686170531898422,5.4685738982092085,0.0,-32.944598693761804,22.20677843083216,101.10804203784559,48.785121614558186,149.89316365240379
14.830000000001622,9.81,3.93,1,1,0.01,0.01,-7.338758332272729,20.25853382135135,-3.899746740396305,9.870965331552323,41.78622589909823,-67.58979314810222,0.0,-0.524088140267231,0.5690715794179009,0.0,3.6806768351935983,5.4600971868190715,0.0,-32.60342480879339,21.978119864128818,100.5636532207377,49.32721332639974,149.89086654713745
14.832000000001623,9.81,3.93,1,1,0.01,0.01,-7.3464749068849375,20.278142211531993,-3.817148254064628,9.738231742469782,40.82511657957926,-65.16921071908243,0.0,-0.5167322243972267,0.5799829142802231,0.0,3.6752644787937414,5.4511988476062765,0.0,-32.276995726853265,21.761542587860706,100.0212200076105,49.8674169000903,149.8886369077008
14.834000000001623,9.81,3.93,1,1,0.01,0.01,-7.354028156044778,20.297489875453888,-3.7363964140559074,9.610189967751802,39.93862396582631,-62.89593221598287,0.0,-0.5093870557165692,0.5908760621285605,0.0,3.6699276645834873,5.4419137978994305,0.0,-31.964671534225463,21.55639297301237,99.48076361261371,50.4057078234996,149.8864714361133
14.836000000001624,9.81,3.93,1,1,0.01,0.01,-7.361421627567662,20.31658591018765,-3.657347572098936,9.486557371271049,39.12126186442577,-60.75819317930835,0.0,-0.5020524889867117,0.6017502817235149,0.0,3.6646606487950333,5.432273914348604,0.0,-31.665858661668057,21.36207193845737,98.94230376111118,50.94206331947363,149.8843670805848
14.838000000001625,9.81,3.93,1,1,0.01,0.01,-7.368658592556543,20.33543887024708,-3.5798684756896284,9.367073637861397,38.36810893699319,-58.745412346263734,0.0,-0.4947283903914204,0.6126048928496459,0.0,3.6594577423599723,5.422308379545686,0.0,-31.380006240892495,21.1780294950985,98.40585884404688,51.47646216754564,149.88232101159252
14.840000000001625,9.81,3.93,1,1,0.01,0.01,-7.375742065109836,20.354056809961694,-3.5038352067166096,9.251498550760452,37.67474197699728,-56.84805121114778,0.0,-0.4874146374306066,0.6234392712329379,0.0,3.654313308620006,5.412043982880069,0.0,-31.106602782682103,21.003759927726797,97.87144605431213,52.008884546483635,149.88033060079576
14.842000000001626,9.81,3.93,1,1,0.01,0.01,-7.3826748200337144,20.37244732167174,-3.429132244192443,9.139610030256033,37.03717827936533,-55.057492739025264,0.0,-0.48011111882068075,0.6342528440203606,0.0,3.649221759012373,5.401505382507668,0.0,-30.845173149319397,20.838797528836995,97.33908150757097,52.53931189481172,149.8783934023827
14.844000000001627,9.81,3.93,1,1,0.01,0.01,-7.389459408789797,20.39061757023184,-3.355651634338172,9.031202398247318,36.45182571157664,-53.365936303805896,0.0,-0.4728177344049766,0.645045085749619,0.0,3.644177547205588,5.390715334154796,0.0,-30.59527579541712,20.682712811379186,96.80878034964036,53.067726786885736,149.8765071365261
14.846000000001627,9.81,3.93,1,1,0.01,0.01,-7.396098173878325,20.408574324244306,-3.2832922538093476,8.92608483877902,35.915439329324016,-51.766306415651016,0.0,-0.4655343950770185,0.6558155147476069,0.0,3.6391751620526533,5.379694891534518,0.0,-30.35650025293278,20.53510913809585,96.28055685219044,53.59411282246679,149.87466967465724
14.848000000001628,9.81,3.93,1,1,0.01,0.01,-7.402593261830702,20.426323984387942,-3.2119591539679697,8.824080029060879,35.42508357120222,-50.25217320584069,0.0,-0.45826102271868757,0.6665636899049154,0.0,3.634209119644701,5.368463582380889,0.0,-30.1284648379477,20.39561971404946,95.7544244982836,54.11845452804419,149.87287902632778
14.850000000001629,9.81,3.93,1,1,0.01,0.01,-7.408946634962881,20.44387260916096,-3.14156297587401,8.725022919207424,34.97809922376123,-48.817682967765364,0.0,-0.45099755015491455,0.6772892077810431,0.0,3.629273954682634,5.357039563470407,0.0,-29.910814558603025,20.26390489648654,95.23039605904263,54.64073726841012,149.87113332745275
14.85200000000163,9.81,3.93,1,1,0.01,0.01,-7.415160082021978,20.46122593831632,-3.072019427154378,8.628759642055233,34.57207447733319,-47.457497324660395,0.0,-0.4437439211260646,0.6879917000011804,0.0,3.6243642113330132,5.34543975747539,0.0,-29.703219205352415,20.139649782547263,94.70848366255962,55.160947167202295,149.8694308297619
14.85400000000163,9.81,3.93,1,1,0.01,0.01,-7.421235227842088,20.478389414233252,-3.0032488131565533,8.535146537042163,34.20481949961423,-46.16673981926503,0.0,-0.4365000902789755,0.6986708309107048,0.0,3.619474433694962,5.3336799740582865,0.0,-29.505371606369252,20.022562040719038,94.18869885600019,55.67907103531137,149.86776989131155
14.85600000000163,9.81,3.93,1,1,0.01,0.01,-7.427173542111156,20.495368201438918,-2.935175615849159,8.44404927435101,33.87434404228312,-44.940948906670904,0.0,-0.4292660231772847,0.7093262954579332,0.0,3.6145991559732558,5.321775017254101,0.0,-29.316986032520795,19.912369956501234,93.67105266173179,56.19509630619834,149.86614896793014
14.858000000001631,9.81,3.93,1,1,0.01,0.01,-7.432976347338633,20.512167204468586,-2.8677281148256184,8.355342067398212,33.57883766934541,-43.776036486338825,0.0,-0.42204169633159805,0.719957817279514,0.0,3.609732892428749,5.309738780884762,0.0,-29.137796737773574,19.808820666638947,93.15555562818855,56.70901097729853,149.86456660548708
14.860000000001632,9.81,3.93,1,1,0.01,0.01,-7.438644826103117,20.528791084230367,-2.8008380455266413,8.26890696334342,33.31665225711193,-42.668251238320074,0.0,-0.4148270972498841,0.7305651469659887,0.0,3.604870127158189,5.297584333495884,0.0,-28.96755662223099,19.711678559600035,92.6422178760957,57.22080355679249,149.8630214328882
14.862000000001633,9.81,3.93,1,1,0.01,0.01,-7.4441800276500665,20.54524427302144,-2.7344402904447795,8.184633202654613,33.086286466936656,-41.61414613670844,0.0,-0.40762222450843333,0.7411480604879236,0.0,3.6000053037406667,5.285323994092322,0.0,-28.806036006217408,19.620723822804464,92.13104914059369,57.73046301512278,149.86151215571647
14.864000000001633,9.81,3.93,1,1,0.01,0.01,-7.449582873901815,20.56153098832587,-2.6684725996278615,8.102416639924162,32.88637193481605,-40.610549603997086,0.0,-0.4004270878435765,0.7517063577652751,0.0,3.5951328147763446,5.272969399769051,0.0,-28.6530215049283,19.5357511195441,91.62205880973563,58.23797874070884,149.86003755044447
14.866000000001634,9.81,3.93,1,1,0.01,0.01,-7.4548541649351625,20.57765524550956,-2.602875337272726,8.022159219125502,32.71566095811534,-39.65453984632005,0.0,-0.39324170826439275,0.7622398613647873,0.0,3.5902469913343658,5.260531566180737,0.0,-28.508314994158802,19.45656838061724,91.1152559597751,58.743340499385,149.85859645916008
14.868000000001635,9.81,3.93,1,1,0.01,0.01,-7.45999458397589,20.593620869515124,-2.537591251608796,7.943768497353887,32.57301549020789,-38.74342197399053,0.0,-0.38606611818659575,0.7727484153118696,0.0,3.58534209232005,5.2480209416635075,0.0,-28.37173265851964,19.38299569749776,90.61064938760275,59.24653839713956,149.8571877847423
14.870000000001635,9.81,3.93,1,1,0.01,0.01,-7.465004701954263,20.609431505648313,-2.472565265622947,7.867157211829882,32.45739727963377,-37.87470756628581,0.0,-0.3789003615877181,0.7832318840050271,0.0,3.5804122937661784,5.235447455711987,0.0,-28.24310411435502,19.314864305404992,90.10824764065893,59.747562845788416,149.85581048644735
14.872000000001636,9.81,3.93,1,1,0.01,0.01,-7.469884981661015,20.625090629537866,-2.407744286481409,7.7922428855788315,32.36785901228951,-37.04609638573868,0.0,-0.37174449418379596,0.7936901512221322,0.0,3.5754516780496073,5.222820562419501,0.0,-28.122271600295445,19.2520156459794,89.60805904459967,60.24640453125524,149.8544635758549
14.874000000001637,9.81,3.93,1,1,0.01,0.01,-7.474635781539285,20.640601556341956,-2.3430770317683205,7.718947467748563,32.303536333786774,-36.25545998660082,0.0,-0.3645985836276464,0.804123119209025,0.0,3.57045422303148,5.210149279408564,0.0,-28.00908922902585,19.194300500425026,89.11009172897303,60.7430543841707,149.85314611314374
14.876000000001637,9.81,3.93,1,1,0.01,0.01,-7.479257359144456,20.655967449266935,-2.278513870889974,7.647197005003776,32.26364064499489,-35.50082699577537,0.0,-0.3574627097289619,0.8145307078418688,0.0,3.5654137911178037,5.197442222708153,0.0,-27.90342229442061,19.141578184985175,88.61435365112334,61.23750355253382,149.85185720365718
14.878000000001638,9.81,3.93,1,1,0.01,0.01,-7.483749874300743,20.671191327457272,-2.2140066801938665,7.576921340849465,32.247452577344724,-34.780369873278005,0.0,-0.35033696469633635,0.8249128538555711,0.0,3.5603241182357213,5.18470763797441,0.0,-27.805146628713228,19.093715801488162,88.12085261852542,61.72974337620799,149.8505959947334
14.880000000001639,9.81,3.93,1,1,0.01,0.01,-7.48811339198066,20.68627607330972,-2.149508710526595,7.508053840096353,32.25431606608249,-34.09239298394976,0.0,-0.3432214534014081,0.8352695101313028,0.0,3.555178802720498,5.171953428398705,0.0,-27.714148004821684,19.050587536459357,87.62959630972563,62.219765363047514,149.84936167277314
14.88200000000164,9.81,3.93,1,1,0.01,0.01,-7.492347884931085,20.70122443925948,-2.0849744661080694,7.440531135996119,32.2836329496222,-33.435321833339785,0.0,-0.33611629366534446,0.8456006450367773,0.0,3.549971294108432,5.159187179601295,0.0,-27.63032157935475,19.012074002958414,87.14059229404613,62.7075611664723,149.84815346051843
14.88400000000164,9.81,3.93,1,1,0.01,0.01,-7.496453236067573,20.716039054081445,-2.02035959373443,7.3742928978497,32.334858031706915,-32.807693338929205,0.0,-0.3290216165677877,0.8559062418135541,0.0,3.5446948818309494,5.146416181769701,0.0,-27.553571372185626,18.978061619875575,86.65384805019919,63.19312256432787,149.84697061452707
14.88600000000164,9.81,3.93,1,1,0.01,0.01,-7.500429240656653,20.73072242874549,-1.9556207814410937,7.309281617133441,32.407494550458956,-32.20814702362464,0.0,-0.3219375667785499,0.8661862980060504,0.0,3.5393426838066016,5.133647449265315,0.0,-27.483809778791084,18.948442023929342,86.16937098393592,63.67644143888228,149.8458124228182
14.888000000001641,9.81,3.93,1,1,0.01,0.01,-7.5042756083042805,20.745276961861062,-1.8907156658626825,7.245442410400098,32.501090004758865,-31.6354170320757,0.0,-0.31486430291218226,0.8764408249274288,0.0,3.53390763492842,5.120887737892077,0.0,-27.420957111837925,18.923111510047917,85.6871684448492,64.1575097578285,149.8446782026777
14.890000000001642,9.81,3.93,1,1,0.01,0.01,-7.5079919647671325,20.75970494474303,-1.8256027476200793,7.182722837398469,32.61523229388547,-31.08832488218318,0.0,-0.3078019979057012,0.8866698471578183,0.0,3.528382475446146,5.108143559993411,0.0,-27.364941168738486,18.901970496208257,85.20724774243324,64.63631955617012,149.84356729860338
14.892000000001643,9.81,3.93,1,1,0.01,0.01,-7.511577853602215,20.77400856612784,-1.7602413141481303,7.121072733020232,32.74954613110413,-30.565772874417053,0.0,-0.3007508394196309,0.8968734020706971,0.0,3.5227597392444707,5.095421197520391,0.0,-27.315696822114006,18.88492300914762,84.72961616149762,65.1128629188825,149.84247908038012
14.894000000001643,9.81,3.93,1,1,0.01,0.01,-7.515032737669128,20.788189916566317,-1.694591369451916,7.060444051828182,32.903689696011526,-30.066738090486712,0.0,-0.2937110302625946,0.9070515393834925,0.0,3.5170317420208903,5.082726713192604,0.0,-27.273165630287334,18.87187618766607,84.25428097702132,65.58713196424901,149.84141294127033
14.896000000001644,9.81,3.93,1,1,0.01,0.01,-7.518356000498403,20.80225099251718,-1.6286135703462414,7.000790724049058,33.07735149402222,-29.59026692067782,0.0,-0.2866827888396253,0.9172043207286984,0.0,3.5111905693692576,5.070065959854721,0.0,-27.237295465088703,18.86273980050624,83.78124946852952,66.05911882778226,149.8403682963118
14.898000000001645,9.81,3.93,1,1,0.01,0.01,-7.521546947538467,20.816193700163158,-1.5622691687930417,6.942068522028546,33.2702473944956,-29.135470065960277,0.0,-0.2796663496244204,0.9273318192419641,0.0,3.505228064778292,5.057444588114479,0.0,-27.20804015439156,18.857425776036838,83.31052893406165,66.52881564664547,149.83934458070712
14.900000000001645,9.81,3.93,1,1,0.01,0.01,-7.52460480729311,20.83001985896972,-1.495519960005626,6.884234936247803,33.482117821710915,-28.701517966901704,0.0,-0.27266196365564965,0.9374341191638196,0.0,3.4991358175572547,5.04486805233338,0.0,-27.185359136914556,18.855847741178728,82.84212670380316,66.9962145444992,149.83834124830236
14.902000000001646,9.81,3.93,1,1,0.01,0.01,-7.52752873236068,20.843731205004726,-1.428328236037854,6.8272490600914635,33.7127250752676,-28.2876366166209,0.0,-0.26566989905747873,0.947511315451784,0.0,3.4929051507049893,5.032341615027299,0.0,-27.169217126918646,18.85792056720727,82.37605015344059,67.4613076167017,149.8373577701423
14.904000000001647,9.81,3.93,1,1,0.01,0.01,-7.530317800385745,20.857329394035727,-1.360656744621064,6.77107148263794,33.961850758558576,-27.893103719571247,0.0,-0.2586904415843776,0.9575635133997462,0.0,3.4865271087423033,5.019870349722389,0.0,-27.159583786508346,18.86355992023898,81.91230671729785,67.9240869157992,149.83639363309703
14.906000000001647,9.81,3.93,1,1,0.01,0.01,-7.53297101493351,20.870816004420348,-1.2924686530524188,6.715664188815199,34.22929329578465,-27.517245161949173,0.0,-0.2517238951903087,0.967590828261506,0.0,3.4799924455325315,5.0074591423002355,0.0,-27.156433403306057,18.872681814374378,81.45090390130699,68.38454443724287,149.83544833854984
14.908000000001648,9.81,3.93,1,1,0.01,0.01,-7.535487306296922,20.884192539803827,-1.2237275169757622,6.660990466329984,34.51486551958214,-27.159431763038626,0.0,-0.24477058262222262,0.9775933848755659,0.0,3.473291612119371,4.995112690856848,0.0,-27.159744571318736,18.885202165616057,80.99184929586445,68.8426721052808,149.83452140114525
14.910000000001649,9.81,3.93,1,1,0.01,0.01,-7.537865532246128,20.89746043163674,-1.1543972539304912,6.60701481883668,34.81839231275639,-26.81907627990696,0.0,-0.23783084603786087,0.9875713172881352,0.0,3.466414744617214,4.982835504090386,0.0,-27.169499872846192,18.901036344827563,80.53515058861723,69.29846175896911,149.83361234758632
14.91200000000165,9.81,3.93,1,1,0.01,0.01,-7.540104478729719,20.91062104152491,-1.0844421215756632,6.553702884864392,35.13970828888128,-26.495630640595145,0.0,-0.2309050476476655,0.9975247683714793,0.0,3.459351652194323,4.970631898224984,0.0,-27.185685559304677,18.920098728131418,80.0808155772238,69.7519051382568,149.8327207154806
14.91400000000165,9.81,3.93,1,1,0.01,0.01,-7.542202860537038,20.92367566342254,-1.0138267005258934,6.501021362068076,35.47865549766287,-26.188583383360772,0.0,-0.22399357038062195,1.0074538894346168,0.0,3.45209180519626,4.958505992470159,0.0,-27.208291228847195,18.94230224328239,79.62885218212799,70.20299387009682,149.83184605222482
14.91600000000165,9.81,3.93,1,1,0.01,0.01,-7.544159321930739,20.936625525678867,-0.9425158817627385,6.448937936412238,35.835081141999986,-25.897457281657317,0.0,-0.2170968185736215,1.0173588398235178,0.0,3.4446243234630822,4.946461703009432,0.0,-27.237309498665578,18.967557910680664,79.17926845938588,70.6517194545446,149.83098791393047
14.918000000001651,9.81,3.93,1,1,0.01,0.01,-7.545972437258742,20.949471792947808,-0.8704748586104453,6.397421215934478,36.20883529462385,-25.621807136423435,0.0,-0.21021521868399573,1.027239786507745,0.0,3.43693796490234,4.934502735505028,0.0,-27.272735669846288,18.99577437783051,78.7320726135778,71.09807325080153,149.83014586437935
14.920000000001652,9.81,3.93,1,1,0.01,0.01,-7.5476407115547,20.962215567969448,-0.7976691232882782,6.346440668771249,36.599768603086275,-25.361217718916436,0.0,-0.20334922002455214,1.0370969036506579,0.0,3.4290211143869773,4.92263257610148,0.0,-27.314567382641656,19.02685744618394,78.28727301084011,71.54204646317156,149.82931947401167
14.922000000001653,9.81,3.93,1,1,0.01,0.01,-7.549162581136183,20.974857893231587,-0.724064468073255,6.295966565160291,37.0077299727058,-25.115301848807952,0.0,-0.19649929552043177,1.0469303721600791,0.0,3.4208617730567044,4.910854480905768,0.0,-27.362804259991403,19.06070958945889,77.84487819204496,71.98363012689447,149.82850831893944
14.924000000001653,9.81,3.93,1,1,0.01,0.01,-7.550536414209834,20.98739975251908,-0.6496269911270854,6.245969923163352,37.43256421789494,-24.88369859356765,0.0,-0.18966594248690816,1.0567403792163734,0.0,3.4124475481107304,4.89917146391833,0.0,-27.417447537104387,19.097229462676776,77.4048968861558,72.42281509382686,149.82771197998267
14.926000000001654,9.81,3.93,1,1,0.01,0.01,-7.551760511492907,20.999842072358135,-0.5743231070594609,6.196422457879649,37.87410967309183,-24.666071576324427,0.0,-0.18284968342699393,1.0665271177748414,0.0,3.4037656431893213,4.887586283386669,0.0,-27.478499674880847,19.136311401328353,76.96733802378411,72.85959201794446,149.8269300417286
14.928000000001655,9.81,3.93,1,1,0.01,0.01,-7.552833106860743,21.012185723362332,-0.49811956231659005,6.147296533945022,38.332195755326445,-24.462107380433416,0.0,-0.1760510668476295,1.0762907860391966,0.0,3.3948028494532356,4.876101426550756,0.0,-27.545963954920836,19.177844910262756,76.53221075096823,73.2939513406395,149.82616209160773
14.930000000001655,9.81,3.93,1,1,0.01,0.01,-7.5537523680299214,21.024431521486825,-0.4209834554990001,6.098565121134373,38.80664047127503,-24.271514039896324,0.0,-0.16927066809290792,1.0860315869029074,0.0,3.385545537480943,4.8647190927486905,0.0,-27.61984405383384,19.221714142088764,76.09952444319457,73.72588327579263,149.8254077189872
14.932000000001656,9.81,3.93,1,1,0.01,0.01,-7.554516397287089,21.036580229196673,-0.3428822627260559,6.050201752905836,39.297247862518915,-24.094019605609077,0.0,-0.1625090901925681,1.095749727355082,0.0,3.375979650116042,4.853441174850744,0.0,-27.700143594533987,19.267797365096282,75.66928871967629,74.15537779460162,149.8246665142779
14.934000000001657,9.81,3.93,1,1,0.01,0.01,-7.55512323227366,21.048632556555088,-0.26378386817632116,6.002180487744432,39.80380538363365,-23.929370778146954,0.0,-0.1557669647237322,1.1054454178475392,0.0,3.366090696410235,4.8422692389906645,0.0,-27.78686567217778,19.315966420944996,75.24151345790392,74.58242461015234,149.82393806805626
14.936000000001657,9.81,3.93,1,1,0.01,0.01,-7.555570846836893,21.060589162237083,-0.1836565999426707,5.95447587318086,40.32608120870867,-23.777331598462567,0.0,-0.14904495268352513,1.1151188716195828,0.0,3.3558637468208077,4.8312045025651456,0.0,-27.880012352382373,19.366086172630343,74.81620880847603,75.00701316171975,149.8232219701958
14.938000000001658,9.81,3.93,1,1,0.01,0.01,-7.555857151958115,21.072450654473727,-0.10246927134881768,5.907062912377719,40.863821462955244,-23.637682188468162,0.0,-0.14234374536989958,1.1247703039770516,0.0,3.3452834298357184,4.8202478104755295,0.0,-27.979584139351314,19.418013943526358,74.39338521021615,75.42913259879464,149.82251780901078
14.940000000001659,9.81,3.93,1,1,0.01,0.01,-7.55597999676916,21.084217591932056,-0.020191227879477844,5.859917033190961,41.416747377206654,-23.5102175340198,0.0,-0.13566406526761454,1.1343999315220756,0.0,3.3343339302144193,4.809399609590372,0.0,-28.08557941153681,19.471598948625278,73.97305340557628,75.84877176483323,149.8218251704095
14.94200000000166,9.81,3.93,1,1,0.01,0.01,-7.555937169668422,21.095890484535534,0.06320760012045526,5.8130140596288316,41.98455236437274,-23.39474630331943,0.0,-0.1290066669359703,1.1440079713299354,0.0,3.3229989890482723,4.7986599214132255,0.0,-28.19799382248318,19.52668171944667,73.55522445632508,76.26591918073109,149.82114363705617
14.94400000000166,9.81,3.93,1,1,0.01,0.01,-7.555726399548191,21.107469794229765,0.1477566388218313,5.766330185644069,42.56689901828915,-23.29108969420807,0.0,-0.12237233789439872,1.153594640069485,0.0,3.3112619058596406,4.788028312948068,0.0,-28.31681966453562,19.583093524470343,73.13990975950941,76.68056302803299,149.8204727875424
14.94600000000166,9.81,3.93,1,1,0.01,0.01,-7.555345357145307,21.118955935698075,0.23348460620873668,5.719841951207736,43.16341603691471,-23.199080304256263,0.0,-0.1157618995016233,1.1631601530634943,0.0,3.2991055429757505,4.7775038657638005,0.0,-28.44204519315655,19.640655787372772,72.72712106367642,77.09269113189168,149.8198121955681
14.948000000001661,9.81,3.93,1,1,0.01,0.01,-7.554791656527408,21.130349277031495,0.3204194411495793,5.673526220624845,43.773695073491254,-23.11856101796392,0.0,-0.10917620782358461,1.172704723285333,0.0,3.2865123324295613,4.767085143270702,0.0,-28.573653909681166,19.699179505804075,72.31687048533365,77.50229094379782,149.81916142913147
14.950000000001662,9.81,3.93,1,1,0.01,0.01,-7.554062856727384,21.14165014035759,0.40858822610280215,5.627360163062915,44.397287521098114,-23.049383905773514,0.0,-0.10261615448482264,1.1822285602884204,0.0,3.2734642856567233,4.756770156235008,0.0,-28.71162380046473,19.75846467394239,71.90917052561844,77.90934952410987,149.8185200497283
14.952000000001663,9.81,3.93,1,1,0.01,0.01,-7.553156463538892,21.152858802432544,0.4980171033310883,5.581321235274816,45.03370123802309,-22.991409129981392,0.0,-0.09608266749740924,1.1917318690650034,0.0,3.259943006273713,4.74655632657375,0.0,-28.85592653053628,19.818299712598645,71.50403408714014,78.31385352442308,149.8178876115632
14.954000000001663,9.81,3.93,1,1,0.01,0.01,-7.5520699314860265,21.16397549520087,0.5887311845148955,5.535387166506699,45.682397223533414,-22.944503853013806,0.0,-0.0895767120610047,1.2012148488308412,0.0,3.245929706238957,4.736440449489642,0.0,-29.00652659007531,19.878460911227286,71.10147449094889,78.71578916982384,149.8172636607727
14.956000000001664,9.81,3.93,1,1,0.01,0.01,-7.550800665980436,21.17500040632713,0.6807544536776406,5.4895359455904975,46.34278625597796,-22.908541143917187,0.0,-0.0830992913269405,1.2106776917325492,0.0,3.2314052257138437,4.726418654026788,0.0,-29.163380392284807,19.93871188681536,70.70150549357561,79.11514224108561,149.81664773466122
14.958000000001665,9.81,3.93,1,1,0.01,0.01,-7.549346025679335,21.185933679704025,0.7741096633612212,5.44374581022839,47.01422550768429,-22.883398879303737,0.0,-0.07665144711859273,1.220120581474593,0.0,3.21635005695489,4.7164863621514375,0.0,-29.326435321546683,19.99880306527896,70.30414130407559,79.51189805687798,149.81603936095357
14.960000000001665,9.81,3.93,1,1,0.01,0.01,-7.547703325057941,21.196775415941254,0.8688182240221691,5.397995238483742,47.69601515383052,-22.86895863540671,0.0,-0.07023426059965532,1.2295436918630533,0.0,3.2007443725820206,4.706638246488156,0.0,-29.49562873112061,20.05847119169294,69.90939660099781,79.90604145606717,149.81543805706497
14.962000000001666,9.81,3.93,1,1,0.01,0.01,-7.545869837209893,21.20752567283958,0.9649000866559662,5.352262942499287,48.38739499537165,-22.86510456832893,0.0,-0.0638488528812049,1.2389471852636424,0.0,3.1845680585789946,4.696868186871339,0.0,-29.67088689009572,20.117438876403664,69.51728654918793,80.29755678020318,149.81484332939112
14.964000000001667,9.81,3.93,1,1,0.01,0.01,-7.543842796889161,21.218184465854584,1.0623736187002508,5.306527864468702,49.087541119170105,-22.8717222800264,0.0,-0.057496385557711416,1.248331210971827,0.0,3.167800752391158,4.687169225904614,0.0,-29.852123879831485,20.17541418482779,69.12782681631744,80.68642785630468,149.8142546726221
14.966000000001667,9.81,3.93,1,1,0.01,0.01,-7.541619403806781,21.22875176855464,1.1612554733171474,5.260769174892153,49.795562621709294,-22.888697668064815,0.0,-0.051178061161459065,1.2576959034932247,0.0,3.1504218864928304,4.677533523756129,0.0,-30.03924044073343,20.232090279518253,68.74103358901893,81.07263798006393,149.81367156908286
14.968000000001668,9.81,3.93,1,1,0.01,0.01,-7.539196826195534,21.239227513077715,1.261560452211057,5.2149662731497965,50.51049842613513,-22.915915757712,0.0,-0.04489512352401992,1.2670413807330942,0.0,3.1324107377989194,4.667952312457239,0.0,-30.23212277091692,20.28714512385946,68.35692358848617,81.45616989961843,149.81309348810458
14.970000000001669,9.81,3.93,1,1,0.01,0.01,-7.536572204655266,21.249611590591652,1.3633013622011905,5.16909879042952,51.231314225844,-22.953259515506684,0.0,-0.03864885803276952,1.2763677420941437,0.0,3.113746483295808,4.658415850013791,0.0,-30.430641279112116,20.340241257549195,67.97551408538352,81.83700580004705,149.81251988543056
14.97200000000167,9.81,3.93,1,1,0.01,0.01,-7.533742656291079,21.25990385176271,1.4664888658381103,5.123146595046325,51.956899591386566,-23.000608644061252,0.0,-0.03244059176959191,1.285675066482673,0.0,3.0944082622602913,4.648913374685127,0.0,-30.63464929507538,20.391025654795783,67.59682291388725,82.21512728877404,149.8119502026613
14.97400000000167,9.81,3.93,1,1,0.01,0.01,-7.530705279155946,21.270104107237163,1.57113132643066,5.077089800190568,52.68606528103494,-23.057838358525025,0.0,-0.026271693518252204,1.294963410223809,0.0,3.074375245425076,4.639433059834188,0.0,-30.843981741790184,20.439129676911822,67.22086848465891,82.59051538208566,149.81138386674456
14.97600000000167,9.81,3.93,1,1,0.01,0.01,-7.527457157008488,21.280212128140835,1.6772346479339157,5.030908774140716,53.41754079891214,-23.124818145861568,0.0,-0.020143573626210887,1.3042328048873344,0.0,3.0536267114330764,4.629961969803151,0.0,-31.05845377487327,20.484169131694784,66.84766979653347,82.96315049298082,149.81082028951428
14.978000000001671,9.81,3.93,1,1,0.01,0.01,-7.523995364395683,21.290227646601583,1.7848021102400902,4.984584152973198,54.14997224805477,-23.201410508864726,0.0,-0.014057683705953283,1.3134832550267719,0.0,3.0321421308981957,4.620486017323108,0.0,-31.27785939585383,20.52574445262007,66.47724644667471,83.33301242061106,149.81025886728577
14.980000000001672,9.81,3.93,1,1,0.01,0.01,-7.520316972069049,21.300150356299692,1.893834200512386,4.938096855797253,54.88192052907752,-23.287469697675895,0.0,-0.00801551616035856,1.322714735835242,0.0,3.0099012583600366,4.61098992302148,0.0,-31.50197004735636,20.563441011431678,66.10961863893147,83.70008034158039,149.80969898051185
14.982000000001673,9.81,3.93,1,1,0.01,0.01,-7.516419052741519,21.30997991305131,2.004328441306254,4.891428102536295,55.611859938172294,-23.382840432446443,0.0,-0.002018603516039108,1.3319271907229757,0.0,2.986884232379212,4.601457177648461,0.0,-31.73053319970105,20.596829578148203,65.74480719009834,84.06433280340931,149.80913999350764
14.984000000001673,9.81,3.93,1,1,0.01,0.01,-7.512298687190576,21.319715935429986,2.11627921633275,4.844559434269061,56.3381772208861,-23.48735662172823,0.0,0.003931482451820623,1.3411205288225658,0.0,2.963071683971222,4.59187000770124,0.0,-31.96327094002091,20.625466942799886,65.38283353375814,84.42574772049149,149.80858125424965
14.986000000001674,9.81,3.93,1,1,0.01,0.01,-7.507952970711424,21.32935800543144,2.229677594833931,4.7974727361337095,57.059171140392294,-23.600840082159557,0.0,0.009833131819956598,1.3502946224294692,0.0,2.938444853517474,4.582209345182673,0.0,-32.19987857668349,20.648896713332327,65.0237197213584,84.7843023728985,149.8080220942569
14.988000000001675,9.81,3.93,1,1,0.01,0.01,-7.503379019921895,21.338905669186747,2.3445111556594664,4.750150262785855,57.77305262067296,-23.723099266037675,0.0,0.015684697859880137,1.3594493043868054,0.0,2.9129857162217343,4.572454802287624,0.0,-32.44002327357749,20.666650304023634,64.6674884201437,85.13997340841787,149.80746182856157
14.990000000001675,9.81,3.93,1,1,0.01,0.01,-7.498573979918507,21.348358437728912,2.4607638122556272,4.702574666387302,58.477945526050654,-23.853928004421675,0.0,0.021484498640197303,1.368584365425209,0.0,2.8866771160981863,4.562584651864554,0.0,-32.68334273066572,20.678248128426734,64.31416290753515,85.49273684824047,149.80689975577562
14.992000000001676,9.81,3.93,1,1,0.01,0.01,-7.493535031780525,21.357715787817973,2.5784156399010354,4.654729027085872,59.1718881387052,-23.99310427449202,0.0,0.02723081890535095,1.3776995514700756,0.0,2.8595029083844685,4.5525758145504795,0.0,-32.92944392909037,20.68320101024275,63.963767061527534,85.8425680967342,149.80633515826173
14.994000000001677,9.81,3.93,1,1,0.01,0.01,-7.488259400416108,21.366977162829475,2.697442706646253,4.606596885928198,59.85283539506567,-24.14038900096699,0.0,0.032921912247448226,1.3867945609305872,0.0,2.8314481101657956,4.542403853523077,0.0,-33.17790196101784,20.681011824593533,63.616325346637794,86.18944195577792,149.80576730241572
14.996000000001677,9.81,3.93,1,1,0.01,0.01,-7.482744362741553,21.37614197371115,2.817816909534426,4.558162280126675,60.51866194012401,-24.295524902454186,0.0,0.038556003587279175,1.3958690419866464,0.0,2.8024990588785554,4.532042977852331,0.0,-33.42825896629186,20.671177380885386,63.271862794921134,86.53333264414707,149.8051954390682
14.998000000001678,9.81,3.93,1,1,0.01,0.01,-7.4769872561814354,21.38520960001241,2.9395058177954496,4.509409780578944,61.167166055663394,-24.4582353946522,0.0,0.044131291979846,1.4049225898919724,0.0,2.772643578229974,4.521466055464239,0.0,-33.680023199784,20.653190556780515,62.93040498153982,86.87421382247244,149.80461880401225
15.000000000001679,9.81,3.93,1,1,0.01,0.01,-7.470985487473881,21.394179390991013,3.062472524813936,4.460324531513482,61.79607451398473,-24.62822356330673,0.0,0.04964595375865266,1.41395474431362,0.0,2.7418711509273272,4.510644636748582,0.0,-33.932668255043176,20.626542690704166,62.591977994350145,87.21205862431431,149.80403661866444
